# Epidemic |  7 days incidence [ x-unit: transmission cycles | y-unit: ]
  0.0000e+00     5.000000e-06
  1.4286e-01     5.849645e-06
  2.8571e-01     6.843668e-06
  4.2857e-01     8.006600e-06
  5.7143e-01     2.547339e-05
  7.1429e-01     1.664230e-05
  8.5714e-01     2.118211e-05
  1.0000e+00     3.423565e-05
  1.1428e+00     3.270019e-05
  1.2857e+00     2.805256e-05
  1.4285e+00     3.103205e-05
  1.5714e+00     3.004541e-05
  1.7142e+00     4.081890e-05
  1.8571e+00     5.583641e-05
  2.0000e+00     6.597149e-05
  2.1428e+00     7.867645e-05
  2.2857e+00     8.554978e-05
  2.4285e+00     1.035505e-04
  2.5714e+00     1.079164e-04
  2.7142e+00     1.323123e-04
  2.8571e+00     1.705583e-04
  3.0000e+00     2.293679e-04
  3.1428e+00     2.598540e-04
  3.2857e+00     2.828355e-04
  3.4285e+00     3.323781e-04
  3.5714e+00     4.257136e-04
  3.7142e+00     4.930756e-04
  3.8571e+00     5.998047e-04
  4.0000e+00     7.239503e-04
  4.1428e+00     7.701039e-04
  4.2857e+00     9.653399e-04
  4.4285e+00     1.106311e-03
  4.5714e+00     1.224227e-03
  4.7142e+00     1.458738e-03
  4.8571e+00     1.617219e-03
  5.0000e+00     1.861067e-03
  5.1428e+00     2.148681e-03
  5.2857e+00     2.576728e-03
  5.4285e+00     2.916188e-03
  5.5714e+00     3.223372e-03
  5.7142e+00     3.743361e-03
  5.8571e+00     4.819106e-03
  6.0000e+00     6.060967e-03
  6.1428e+00     6.961646e-03
  6.2857e+00     6.521599e-03
  6.4285e+00     6.200856e-03
  6.5714e+00     6.195225e-03
  6.7142e+00     8.639288e-03
  6.8571e+00     1.237326e-02
  7.0000e+00     1.532476e-02
  7.1428e+00     1.847989e-02
  7.2857e+00     1.985141e-02
  7.4285e+00     2.326529e-02
  7.5714e+00     3.029928e-02
  7.7142e+00     3.594769e-02
  7.8571e+00     4.320359e-02
  8.0000e+00     4.834084e-02
  8.1428e+00     5.320142e-02
  8.2857e+00     6.373436e-02
  8.4285e+00     6.945732e-02
  8.5714e+00     8.547473e-02
  8.7142e+00     1.068944e-01
  8.8571e+00     1.287428e-01
  9.0000e+00     1.555356e-01
  9.1428e+00     1.538675e-01
  9.2857e+00     1.668847e-01
  9.4285e+00     1.596430e-01
  9.5714e+00     1.534147e-01
  9.7142e+00     1.536384e-01
  9.8571e+00     1.511623e-01
  1.0000e+01     1.784928e-01
  1.0142e+01     1.771423e-01
  1.0285e+01     1.915201e-01
  1.0428e+01     1.713484e-01
  1.0571e+01     1.601445e-01
  1.0714e+01     1.386796e-01
  1.0857e+01     1.185757e-01
  1.1000e+01     9.213413e-02
  1.1142e+01     7.474449e-02
  1.1285e+01     5.309340e-02
  1.1428e+01     3.576094e-02
  1.1571e+01     2.621155e-02
  1.1714e+01     1.900766e-02
  1.1857e+01     1.345785e-02
  1.2000e+01     1.062687e-02
  1.2142e+01     8.049105e-03
  1.2285e+01     7.501427e-03
  1.2428e+01     6.255977e-03
  1.2571e+01     4.587488e-03
  1.2714e+01     3.966531e-03
  1.2857e+01     2.950643e-03
  1.3000e+01     2.782382e-03
  1.3142e+01     2.442278e-03
  1.3285e+01     2.183376e-03
  1.3428e+01     2.160358e-03
  1.3571e+01     1.978183e-03
  1.3714e+01     1.981688e-03
  1.3857e+01     1.685845e-03
  1.4000e+01     1.400730e-03
  1.4142e+01     1.377672e-03
  1.4285e+01     1.339437e-03
  1.4428e+01     1.385327e-03
  1.4571e+01     1.356067e-03
  1.4714e+01     1.448958e-03
  1.4857e+01     1.357900e-03
  1.5000e+01     1.192284e-03
  1.5142e+01     1.126334e-03
  1.5285e+01     1.058072e-03
  1.5428e+01     1.158999e-03
  1.5571e+01     1.203795e-03
  1.5714e+01     1.205775e-03
  1.5857e+01     1.192093e-03
  1.6000e+01     1.167078e-03
  1.6142e+01     1.200196e-03
  1.6285e+01     1.051281e-03
  1.6428e+01     1.125218e-03
  1.6571e+01     1.100498e-03
  1.6714e+01     1.290737e-03
  1.6857e+01     1.375131e-03
  1.7000e+01     1.336293e-03
  1.7142e+01     1.405653e-03
  1.7285e+01     1.298797e-03
  1.7428e+01     1.390068e-03
  1.7571e+01     1.477635e-03
  1.7714e+01     1.546778e-03
  1.7857e+01     1.855488e-03
  1.8000e+01     2.101092e-03
  1.8142e+01     2.396636e-03
  1.8285e+01     2.448353e-03
  1.8428e+01     2.601936e-03
  1.8571e+01     2.393411e-03
  1.8714e+01     2.503093e-03
  1.8857e+01     2.437527e-03
  1.9000e+01     2.424202e-03
  1.9142e+01     3.009743e-03
  1.9285e+01     3.547634e-03
  1.9428e+01     4.401188e-03
  1.9571e+01     5.066066e-03
  1.9714e+01     5.067040e-03
  1.9857e+01     5.052744e-03
  2.0000e+01     5.094148e-03
  2.0142e+01     5.660896e-03
  2.0285e+01     6.922559e-03
  2.0428e+01     8.053054e-03
  2.0571e+01     9.110352e-03
  2.0714e+01     9.618845e-03
  2.0857e+01     9.323595e-03
  2.1000e+01     9.585553e-03
  2.1142e+01     1.043724e-02
  2.1285e+01     1.130864e-02
  2.1428e+01     1.289845e-02
  2.1571e+01     1.246633e-02
  2.1714e+01     1.366041e-02
  2.1857e+01     1.308185e-02
  2.2000e+01     1.352432e-02
  2.2142e+01     1.581368e-02
  2.2285e+01     1.621961e-02
  2.2428e+01     1.737886e-02
  2.2571e+01     2.032226e-02
  2.2714e+01     2.395279e-02
  2.2857e+01     3.202566e-02
  2.3000e+01     3.590000e-02
  2.3142e+01     3.565140e-02
  2.3285e+01     3.904480e-02
  2.3428e+01     3.534322e-02
  2.3571e+01     4.422378e-02
  2.3714e+01     4.663492e-02
  2.3857e+01     4.961824e-02
  2.4000e+01     5.375722e-02
  2.4142e+01     4.881556e-02
  2.4285e+01     5.812029e-02
  2.4428e+01     5.988467e-02
  2.4571e+01     6.122591e-02
  2.4714e+01     6.112242e-02
  2.4857e+01     6.675856e-02
  2.5000e+01     7.057602e-02
  2.5142e+01     7.815915e-02
  2.5285e+01     7.519701e-02
  2.5428e+01     7.415685e-02
  2.5571e+01     8.280473e-02
  2.5714e+01     8.834926e-02
  2.5857e+01     8.825825e-02
  2.6000e+01     8.116200e-02
  2.6142e+01     8.110188e-02
  2.6285e+01     7.808109e-02
  2.6428e+01     7.965569e-02
  2.6571e+01     7.418630e-02
  2.6714e+01     6.123027e-02
  2.6857e+01     5.396452e-02
  2.7000e+01     5.226377e-02
  2.7142e+01     5.285703e-02
  2.7285e+01     6.073945e-02
  2.7428e+01     5.927199e-02
  2.7571e+01     5.194498e-02
  2.7714e+01     4.240771e-02
  2.7857e+01     3.451892e-02
  2.8000e+01     3.194607e-02
  2.8142e+01     3.456380e-02
  2.8285e+01     3.188550e-02
  2.8428e+01     2.681511e-02
  2.8571e+01     2.441802e-02
  2.8714e+01     2.085742e-02
  2.8857e+01     1.754132e-02
  2.9000e+01     1.734716e-02
  2.9142e+01     1.601246e-02
  2.9285e+01     1.561912e-02
  2.9428e+01     1.529606e-02
  2.9571e+01     1.523525e-02
  2.9714e+01     1.506187e-02
  2.9857e+01     1.414449e-02
  3.0000e+01     1.357353e-02
  3.0142e+01     1.215127e-02
  3.0285e+01     1.196687e-02
  3.0428e+01     1.276239e-02
  3.0571e+01     1.288328e-02
  3.0714e+01     1.230101e-02
  3.0857e+01     1.156216e-02
  3.1000e+01     1.140173e-02
  3.1142e+01     1.071490e-02
  3.1285e+01     1.132744e-02
  3.1428e+01     1.029307e-02
  3.1571e+01     1.008176e-02
  3.1714e+01     8.416219e-03
  3.1857e+01     9.029779e-03
  3.2000e+01     8.887448e-03
  3.2142e+01     9.927321e-03
  3.2285e+01     9.774929e-03
  3.2428e+01     8.707837e-03
  3.2571e+01     8.396987e-03
  3.2714e+01     9.669459e-03
  3.2857e+01     1.021140e-02
  3.3000e+01     1.154438e-02
  3.3142e+01     1.140458e-02
  3.3285e+01     1.304728e-02
  3.3428e+01     1.404099e-02
  3.3571e+01     1.522582e-02
  3.3714e+01     1.474802e-02
  3.3857e+01     1.484180e-02
  3.4000e+01     1.363484e-02
  3.4142e+01     1.408881e-02
  3.4285e+01     1.333392e-02
  3.4428e+01     1.300997e-02
  3.4571e+01     1.342548e-02
  3.4714e+01     1.404182e-02
  3.4857e+01     1.414382e-02
  3.5000e+01     1.651706e-02
  3.5142e+01     1.963864e-02
  3.5285e+01     2.248624e-02
  3.5428e+01     2.225581e-02
  3.5571e+01     2.148174e-02
  3.5714e+01     2.125814e-02
  3.5857e+01     2.148295e-02
  3.6000e+01     2.385170e-02
  3.6142e+01     2.515466e-02
  3.6285e+01     2.396243e-02
  3.6428e+01     2.536326e-02
  3.6571e+01     2.362621e-02
  3.6714e+01     2.546163e-02
  3.6857e+01     2.635442e-02
  3.7000e+01     2.488606e-02
  3.7142e+01     2.589306e-02
  3.7285e+01     2.679392e-02
  3.7428e+01     3.287816e-02
  3.7571e+01     3.819573e-02
  3.7714e+01     4.056731e-02
  3.7857e+01     4.342523e-02
  3.8000e+01     4.147334e-02
  3.8142e+01     3.905561e-02
  3.8285e+01     4.034099e-02
  3.8428e+01     4.350429e-02
  3.8571e+01     4.555055e-02
  3.8714e+01     4.972026e-02
  3.8857e+01     4.818151e-02
  3.9000e+01     4.441806e-02
  3.9142e+01     4.135380e-02
  3.9285e+01     3.697840e-02
  3.9428e+01     3.997889e-02
  3.9571e+01     5.237442e-02
  3.9714e+01     5.298976e-02
  3.9857e+01     5.209818e-02
  4.0000e+01     4.343897e-02
  4.0142e+01     4.184105e-02
  4.0285e+01     4.703599e-02
  4.0428e+01     4.771207e-02
  4.0571e+01     4.805707e-02
  4.0714e+01     5.036272e-02
  4.0857e+01     5.156053e-02
  4.1000e+01     5.562183e-02
  4.1142e+01     5.074001e-02
  4.1285e+01     5.341533e-02
  4.1428e+01     5.284691e-02
  4.1571e+01     4.802572e-02
  4.1714e+01     4.350029e-02
  4.1857e+01     3.429735e-02
  4.2000e+01     2.882914e-02
  4.2142e+01     2.717457e-02
  4.2285e+01     2.521190e-02
  4.2428e+01     2.344832e-02
  4.2571e+01     2.456140e-02
  4.2714e+01     2.546193e-02
  4.2857e+01     2.510398e-02
  4.3000e+01     2.410651e-02
  4.3142e+01     2.530513e-02
  4.3285e+01     2.544327e-02
  4.3428e+01     2.490823e-02
  4.3571e+01     2.272317e-02
  4.3714e+01     2.210682e-02
  4.3857e+01     2.236296e-02
  4.4000e+01     2.162025e-02
  4.4142e+01     2.010867e-02
  4.4285e+01     2.333648e-02
  4.4428e+01     2.196756e-02
  4.4571e+01     2.236894e-02
  4.4714e+01     2.181934e-02
  4.4857e+01     2.034996e-02
  4.5000e+01     2.035951e-02
  4.5142e+01     2.113988e-02
  4.5285e+01     2.018101e-02
  4.5428e+01     2.081834e-02
  4.5571e+01     2.292503e-02
  4.5714e+01     2.298166e-02
  4.5857e+01     2.476482e-02
  4.6000e+01     2.461141e-02
  4.6142e+01     2.382182e-02
  4.6285e+01     2.409495e-02
  4.6428e+01     2.377545e-02
  4.6571e+01     2.113747e-02
  4.6714e+01     1.979433e-02
  4.6857e+01     1.714049e-02
  4.7000e+01     1.956177e-02
  4.7142e+01     2.046579e-02
  4.7285e+01     1.977397e-02
  4.7428e+01     1.931193e-02
  4.7571e+01     1.942695e-02
  4.7714e+01     2.067650e-02
  4.7857e+01     2.364844e-02
  4.8000e+01     2.388958e-02
  4.8142e+01     2.111163e-02
  4.8285e+01     1.949629e-02
  4.8428e+01     1.822725e-02
  4.8571e+01     1.739149e-02
  4.8714e+01     1.870835e-02
  4.8857e+01     1.721748e-02
  4.9000e+01     1.976487e-02
  4.9142e+01     2.185449e-02
  4.9285e+01     2.530299e-02
  4.9428e+01     2.862764e-02
  4.9571e+01     2.642510e-02
  4.9714e+01     2.507285e-02
  4.9857e+01     2.217103e-02
  5.0000e+01     2.310202e-02
  5.0142e+01     2.626215e-02
  5.0285e+01     2.837079e-02
  5.0428e+01     3.196481e-02
  5.0571e+01     3.190314e-02
  5.0714e+01     3.094687e-02
  5.0857e+01     3.043657e-02
  5.1000e+01     2.842471e-02
  5.1142e+01     3.068028e-02
  5.1285e+01     3.328285e-02
  5.1428e+01     3.323604e-02
  5.1571e+01     3.284693e-02
  5.1714e+01     3.013696e-02
  5.1857e+01     2.747384e-02
  5.2000e+01     2.426789e-02
