# Epidemic | total  7 days incidence [ x-unit: transmission cycles | y-unit: ]
  5.7143e-01     0.000000e+00
  7.1429e-01     0.000000e+00
  8.5714e-01     0.000000e+00
  1.0000e+00     0.000000e+00
  1.1428e+00     4.113926e-05
  1.2857e+00     8.926894e-05
  1.4285e+00     1.455764e-04
  1.5714e+00     1.896245e-04
  1.7142e+00     2.218417e-04
  1.8571e+00     2.595296e-04
  2.0000e+00     3.036164e-04
  2.1428e+00     2.733774e-04
  2.2857e+00     2.379993e-04
  2.4285e+00     1.966097e-04
  2.5714e+00     1.915925e-04
  2.7142e+00     2.241270e-04
  2.8571e+00     2.621836e-04
  3.0000e+00     3.066988e-04
  3.1428e+00     3.587672e-04
  3.2857e+00     4.196687e-04
  3.4285e+00     4.908991e-04
  3.5714e+00     5.742068e-04
  3.7142e+00     6.979792e-04
  3.8571e+00     8.854696e-04
  4.0000e+00     1.104718e-03
  4.1428e+00     1.361081e-03
  4.2857e+00     1.595435e-03
  4.4285e+00     1.865643e-03
  4.5714e+00     2.181422e-03
  4.7142e+00     3.059367e-03
  4.8571e+00     4.451867e-03
  5.0000e+00     6.078248e-03
  5.1428e+00     7.854013e-03
  5.2857e+00     9.398335e-03
  5.4285e+00     1.257893e-02
  5.5714e+00     1.628093e-02
  5.7142e+00     1.990457e-02
  5.8571e+00     2.191027e-02
  6.0000e+00     2.371258e-02
  6.1428e+00     2.577716e-02
  6.2857e+00     2.981682e-02
  6.4285e+00     3.454849e-02
  6.5714e+00     3.996189e-02
  6.7142e+00     4.613019e-02
  6.8571e+00     5.312487e-02
  7.0000e+00     6.006520e-02
  7.1428e+00     4.862697e-02
  7.2857e+00     3.544318e-02
  7.4285e+00     4.992418e-02
  7.5714e+00     7.790035e-02
  7.7142e+00     8.528703e-02
  7.8571e+00     8.175678e-02
  8.0000e+00     6.444693e-02
  8.1428e+00     8.833512e-02
  8.2857e+00     1.273014e-01
  8.4285e+00     1.662959e-01
  8.5714e+00     1.930716e-01
  8.7142e+00     2.071075e-01
  8.8571e+00     2.182073e-01
  9.0000e+00     2.250489e-01
  9.1428e+00     2.262952e-01
  9.2857e+00     2.200841e-01
  9.4285e+00     2.006084e-01
  9.5714e+00     1.753296e-01
  9.7142e+00     1.401840e-01
  9.8571e+00     1.043743e-01
  1.0000e+01     7.411160e-02
  1.0142e+01     4.905380e-02
  1.0285e+01     3.935793e-02
  1.0428e+01     3.191125e-02
  1.0571e+01     2.625385e-02
  1.0714e+01     2.195715e-02
  1.0857e+01     2.212287e-02
  1.1000e+01     2.434964e-02
  1.1142e+01     2.656043e-02
  1.1285e+01     2.761305e-02
  1.1428e+01     2.462137e-02
  1.1571e+01     2.215382e-02
  1.1714e+01     1.839667e-02
  1.1857e+01     1.401502e-02
  1.2000e+01     1.010698e-02
  1.2142e+01     7.031690e-03
  1.2285e+01     6.639426e-03
  1.2428e+01     6.327023e-03
  1.2571e+01     7.473897e-03
  1.2714e+01     1.002191e-02
  1.2857e+01     1.256470e-02
  1.3000e+01     1.496783e-02
  1.3142e+01     1.345082e-02
  1.3285e+01     1.168818e-02
  1.3428e+01     1.050637e-02
  1.3571e+01     8.768175e-03
  1.3714e+01     6.872916e-03
  1.3857e+01     4.735755e-03
  1.4000e+01     2.413954e-03
  1.4142e+01     2.462006e-03
  1.4285e+01     2.522798e-03
  1.4428e+01     2.596558e-03
  1.4571e+01     2.683693e-03
  1.4714e+01     2.784219e-03
  1.4857e+01     2.894216e-03
  1.5000e+01     7.770067e-03
  1.5142e+01     1.290318e-02
  1.5285e+01     1.831557e-02
  1.5428e+01     2.144077e-02
  1.5571e+01     2.206820e-02
  1.5714e+01     2.063483e-02
  1.5857e+01     1.914536e-02
  1.6000e+01     1.759857e-02
  1.6142e+01     1.795467e-02
  1.6285e+01     1.903032e-02
  1.6428e+01     2.019402e-02
  1.6571e+01     2.142145e-02
  1.6714e+01     2.247324e-02
  1.6857e+01     2.360883e-02
  1.7000e+01     2.483221e-02
  1.7142e+01     2.634052e-02
  1.7285e+01     2.806304e-02
  1.7428e+01     2.990191e-02
  1.7571e+01     3.185935e-02
  1.7714e+01     2.614083e-02
  1.7857e+01     1.962643e-02
  1.8000e+01     1.269516e-02
  1.8142e+01     9.375530e-03
  1.8285e+01     1.003659e-02
  1.8428e+01     1.076292e-02
  1.8571e+01     1.156041e-02
  1.8714e+01     1.243539e-02
  1.8857e+01     3.395378e-02
  1.9000e+01     6.410978e-02
  1.9142e+01     9.613599e-02
  1.9285e+01     1.216864e-01
  1.9428e+01     1.283349e-01
  1.9571e+01     1.339176e-01
  1.9714e+01     1.346408e-01
  1.9857e+01     1.294884e-01
  2.0000e+01     1.226566e-01
  2.0142e+01     1.142299e-01
  2.0285e+01     1.120572e-01
  2.0428e+01     1.085687e-01
  2.0571e+01     1.038754e-01
  2.0714e+01     9.658380e-02
  2.0857e+01     8.867019e-02
  2.1000e+01     8.043891e-02
  2.1142e+01     7.307292e-02
  2.1285e+01     6.656244e-02
  2.1428e+01     6.033697e-02
  2.1571e+01     5.790128e-02
  2.1714e+01     5.459960e-02
  2.1857e+01     4.318545e-02
  2.2000e+01     3.102403e-02
  2.2142e+01     1.867641e-02
  2.2285e+01     1.388483e-02
  2.2428e+01     1.284768e-02
  2.2571e+01     1.200066e-02
  2.2714e+01     1.130922e-02
  2.2857e+01     1.155431e-02
  2.3000e+01     1.505652e-02
  2.3142e+01     1.852420e-02
  2.3285e+01     2.195786e-02
  2.3428e+01     2.235958e-02
  2.3571e+01     2.184833e-02
  2.3714e+01     2.143305e-02
  2.3857e+01     2.110620e-02
  2.4000e+01     2.074986e-02
  2.4142e+01     2.035946e-02
  2.4285e+01     2.004206e-02
  2.4428e+01     1.980493e-02
  2.4571e+01     1.984506e-02
  2.4714e+01     1.994725e-02
  2.4857e+01     2.010949e-02
  2.5000e+01     2.180873e-02
  2.5142e+01     2.422404e-02
  2.5285e+01     2.672303e-02
  2.5428e+01     2.877604e-02
  2.5571e+01     2.930810e-02
  2.5714e+01     2.988511e-02
  2.5857e+01     3.050589e-02
  2.6000e+01     3.116916e-02
  2.6142e+01     3.164866e-02
  2.6285e+01     3.011620e-02
  2.6428e+01     2.857378e-02
  2.6571e+01     2.702529e-02
  2.6714e+01     2.694554e-02
  2.6857e+01     2.770138e-02
  2.7000e+01     2.850990e-02
  2.7142e+01     2.803621e-02
  2.7285e+01     2.350684e-02
  2.7428e+01     1.886150e-02
  2.7571e+01     1.410025e-02
  2.7714e+01     1.353047e-02
  2.7857e+01     1.407432e-02
  2.8000e+01     1.467445e-02
  2.8142e+01     1.533373e-02
  2.8285e+01     1.520061e-02
  2.8428e+01     1.487144e-02
  2.8571e+01     1.455557e-02
  2.8714e+01     1.462389e-02
  2.8857e+01     1.543014e-02
  2.9000e+01     1.630833e-02
  2.9142e+01     1.726304e-02
  2.9285e+01     1.829906e-02
  2.9428e+01     1.942134e-02
  2.9571e+01     2.512190e-02
  2.9714e+01     3.427239e-02
  2.9857e+01     4.396834e-02
  3.0000e+01     5.309013e-02
  3.0142e+01     5.618947e-02
  3.0285e+01     5.931191e-02
  3.0428e+01     6.242147e-02
  3.0571e+01     6.547658e-02
  3.0714e+01     6.843026e-02
  3.0857e+01     7.123089e-02
  3.1000e+01     8.859564e-02
  3.1142e+01     1.058122e-01
  3.1285e+01     1.224536e-01
  3.1428e+01     1.299712e-01
  3.1571e+01     1.292019e-01
  3.1714e+01     1.265825e-01
  3.1857e+01     1.010971e-01
  3.2000e+01     7.559195e-02
  3.2142e+01     5.067032e-02
  3.2285e+01     3.865423e-02
  3.2428e+01     3.869676e-02
  3.2571e+01     4.655762e-02
  3.2714e+01     6.222804e-02
  3.2857e+01     7.823662e-02
  3.3000e+01     8.553931e-02
  3.3142e+01     8.188323e-02
  3.3285e+01     6.708766e-02
  3.3428e+01     6.048937e-02
  3.3571e+01     5.499824e-02
  3.3714e+01     5.816084e-02
  3.3857e+01     5.758883e-02
  3.4000e+01     5.254576e-02
  3.4142e+01     4.790941e-02
  3.4285e+01     4.371018e-02
  3.4428e+01     3.995272e-02
  3.4571e+01     3.578635e-02
  3.4714e+01     3.128372e-02
  3.4857e+01     2.727398e-02
  3.5000e+01     2.379671e-02
  3.5142e+01     2.226890e-02
  3.5285e+01     2.097004e-02
  3.5428e+01     1.986910e-02
  3.5571e+01     1.705362e-02
  3.5714e+01     1.321715e-02
  3.5857e+01     9.606473e-03
  3.6000e+01     6.666954e-03
  3.6142e+01     6.080331e-03
  3.6285e+01     5.542062e-03
  3.6428e+01     5.045450e-03
  3.6571e+01     4.830696e-03
  3.6714e+01     4.845400e-03
  3.6857e+01     7.628768e-03
  3.7000e+01     1.140759e-02
  3.7142e+01     1.528339e-02
  3.7285e+01     1.817192e-02
  3.7428e+01     1.858482e-02
  3.7571e+01     1.812503e-02
  3.7714e+01     1.392242e-02
  3.7857e+01     9.627572e-03
  3.8000e+01     5.230127e-03
  3.8142e+01     4.231050e-03
  3.8285e+01     5.283451e-03
  3.8428e+01     9.095591e-03
  3.8571e+01     1.311237e-02
  3.8714e+01     1.734862e-02
  3.8857e+01     1.897720e-02
  3.9000e+01     1.998843e-02
  3.9142e+01     2.108008e-02
  3.9285e+01     2.288222e-02
  3.9428e+01     2.738218e-02
  3.9571e+01     3.214728e-02
  3.9714e+01     3.917943e-02
  3.9857e+01     4.441694e-02
  4.0000e+01     4.906263e-02
  4.0142e+01     5.287655e-02
  4.0285e+01     5.552613e-02
  4.0428e+01     5.815995e-02
  4.0571e+01     6.074621e-02
  4.0714e+01     6.324949e-02
  4.0857e+01     5.260336e-02
  4.1000e+01     3.813798e-02
  4.1142e+01     2.310756e-02
  4.1285e+01     1.323321e-02
  4.1428e+01     1.375703e-02
  4.1571e+01     1.433603e-02
  4.1714e+01     1.497301e-02
  4.1857e+01     1.567105e-02
  4.2000e+01     1.643346e-02
  4.2142e+01     1.694752e-02
  4.2285e+01     2.136170e-02
  4.2428e+01     3.356794e-02
  4.2571e+01     5.363764e-02
  4.2714e+01     7.728242e-02
  4.2857e+01     9.139424e-02
  4.3000e+01     1.015320e-01
  4.3142e+01     1.045486e-01
  4.3285e+01     1.067133e-01
  4.3428e+01     1.101376e-01
  4.3571e+01     1.111973e-01
  4.3714e+01     8.780992e-02
  4.3857e+01     8.338870e-02
  4.4000e+01     7.753222e-02
  4.4142e+01     9.424760e-02
  4.4285e+01     1.079640e-01
  4.4428e+01     1.022609e-01
  4.4571e+01     9.563487e-02
  4.4714e+01     8.837842e-02
  4.4857e+01     8.123818e-02
  4.5000e+01     6.240811e-02
  4.5142e+01     4.303544e-02
  4.5285e+01     2.551271e-02
  4.5428e+01     1.475856e-02
  4.5571e+01     1.796562e-02
  4.5714e+01     2.534909e-02
  4.5857e+01     3.236378e-02
  4.6000e+01     3.856923e-02
  4.6142e+01     3.626610e-02
  4.6285e+01     3.419281e-02
  4.6428e+01     3.233730e-02
  4.6571e+01     3.068549e-02
  4.6714e+01     2.797963e-02
  4.6857e+01     2.468852e-02
  4.7000e+01     2.164010e-02
  4.7142e+01     1.913002e-02
  4.7285e+01     1.855434e-02
  4.7428e+01     1.629135e-02
  4.7571e+01     1.237080e-02
  4.7714e+01     8.579914e-03
  4.7857e+01     5.079270e-03
  4.8000e+01     5.061420e-03
  4.8142e+01     5.072128e-03
  4.8285e+01     5.109861e-03
  4.8428e+01     5.173630e-03
  4.8571e+01     6.069364e-03
  4.8714e+01     7.829235e-03
  4.8857e+01     9.662310e-03
  4.9000e+01     1.149450e-02
  4.9142e+01     1.186718e-02
  4.9285e+01     1.228761e-02
  4.9428e+01     1.275780e-02
  4.9571e+01     1.328007e-02
  4.9714e+01     1.538507e-02
  4.9857e+01     2.230975e-02
  5.0000e+01     2.957925e-02
  5.0142e+01     3.719353e-02
  5.0285e+01     4.019709e-02
  5.0428e+01     4.204104e-02
  5.0571e+01     4.392570e-02
  5.0714e+01     4.583990e-02
  5.0857e+01     4.777054e-02
  5.1000e+01     4.184561e-02
  5.1142e+01     3.029944e-02
  5.1285e+01     1.828367e-02
  5.1428e+01     7.760705e-03
  5.1571e+01     8.111410e-03
  5.1714e+01     8.501996e-03
  5.1857e+01     8.935231e-03
  5.2000e+01     9.414221e-03
