# Epidemic | immune members [ x-unit: transmission cycles | y-unit: ]
  0.0000e+00     1.000000e-05
  1.4286e-01     1.177408e-05
  2.8571e-01     1.384849e-05
  4.2857e-01     1.627428e-05
  5.7143e-01     1.911116e-05
  7.1429e-01     2.242902e-05
  8.5714e-01     2.630959e-05
  1.0000e+00     3.084852e-05
  1.1428e+00     3.615768e-05
  1.2857e+00     4.236798e-05
  1.4285e+00     4.963254e-05
  1.5714e+00     5.813051e-05
  1.7142e+00     6.807149e-05
  1.8571e+00     7.970065e-05
  2.0000e+00     9.330486e-05
  2.1428e+00     1.092197e-04
  2.2857e+00     1.278377e-04
  2.4285e+00     1.496182e-04
  2.5714e+00     1.750983e-04
  2.7142e+00     2.049067e-04
  2.8571e+00     2.397785e-04
  3.0000e+00     2.805738e-04
  3.1428e+00     3.282986e-04
  3.2857e+00     3.841297e-04
  3.4285e+00     4.494437e-04
  3.5714e+00     5.258505e-04
  3.7142e+00     6.152334e-04
  3.8571e+00     7.197948e-04
  4.0000e+00     8.421103e-04
  4.1428e+00     9.851922e-04
  4.2857e+00     1.152563e-03
  4.4285e+00     1.348340e-03
  4.5714e+00     1.577338e-03
  4.7142e+00     1.845186e-03
  4.8571e+00     2.158463e-03
  5.0000e+00     2.524855e-03
  5.1428e+00     2.953345e-03
  5.2857e+00     3.454425e-03
  5.4285e+00     4.040349e-03
  5.5714e+00     4.725422e-03
  5.7142e+00     5.526339e-03
  5.8571e+00     6.462577e-03
  6.0000e+00     7.556843e-03
  6.1428e+00     8.835601e-03
  6.2857e+00     1.032966e-02
  6.4285e+00     1.207489e-02
  6.5714e+00     1.411296e-02
  6.7142e+00     1.649228e-02
  6.8571e+00     1.926896e-02
  7.0000e+00     2.250801e-02
  7.1428e+00     2.628452e-02
  7.2857e+00     3.068514e-02
  7.4285e+00     3.580948e-02
  7.5714e+00     4.177184e-02
  7.7142e+00     4.870277e-02
  7.8571e+00     5.675082e-02
  8.0000e+00     6.608409e-02
  8.1428e+00     7.689162e-02
  8.2857e+00     8.938431e-02
  8.4285e+00     1.037953e-01
  8.5714e+00     1.203790e-01
  8.7142e+00     1.394094e-01
  8.8571e+00     1.611751e-01
  9.0000e+00     1.859727e-01
  9.1428e+00     2.140961e-01
  9.2857e+00     2.458211e-01
  9.4285e+00     2.813845e-01
  9.5714e+00     3.209567e-01
  9.7142e+00     3.646078e-01
  9.8571e+00     4.122660e-01
  1.0000e+01     4.636719e-01
  1.0142e+01     5.183298e-01
  1.0285e+01     5.754633e-01
  1.0428e+01     6.339846e-01
  1.0571e+01     6.924885e-01
  1.0714e+01     7.492877e-01
  1.0857e+01     8.025035e-01
  1.1000e+01     8.502226e-01
  1.1142e+01     8.907181e-01
  1.1285e+01     9.227130e-01
  1.1428e+01     9.456360e-01
  1.1571e+01     9.597856e-01
  1.1714e+01     9.662928e-01
  1.1857e+01     9.668089e-01
  1.2000e+01     9.630286e-01
  1.2142e+01     9.563352e-01
  1.2285e+01     9.477140e-01
  1.2428e+01     9.378245e-01
  1.2571e+01     9.271015e-01
  1.2714e+01     9.158344e-01
  1.2857e+01     9.042190e-01
  1.3000e+01     8.923908e-01
  1.3142e+01     8.804450e-01
  1.3285e+01     8.684501e-01
  1.3428e+01     8.564560e-01
  1.3571e+01     8.444995e-01
  1.3714e+01     8.326082e-01
  1.3857e+01     8.208031e-01
  1.4000e+01     8.091000e-01
  1.4142e+01     7.975110e-01
  1.4285e+01     7.860455e-01
  1.4428e+01     7.747106e-01
  1.4571e+01     7.635118e-01
  1.4714e+01     7.524533e-01
  1.4857e+01     7.415382e-01
  1.5000e+01     7.307690e-01
  1.5142e+01     7.201473e-01
  1.5285e+01     7.096743e-01
  1.5428e+01     6.993509e-01
  1.5571e+01     6.891776e-01
  1.5714e+01     6.791545e-01
  1.5857e+01     6.692818e-01
  1.6000e+01     6.595594e-01
  1.6142e+01     6.499871e-01
  1.6285e+01     6.405646e-01
  1.6428e+01     6.312916e-01
  1.6571e+01     6.221679e-01
  1.6714e+01     6.131930e-01
  1.6857e+01     6.043668e-01
  1.7000e+01     5.956889e-01
  1.7142e+01     5.871593e-01
  1.7285e+01     5.787780e-01
  1.7428e+01     5.705448e-01
  1.7571e+01     5.624601e-01
  1.7714e+01     5.545241e-01
  1.7857e+01     5.467373e-01
  1.8000e+01     5.391004e-01
  1.8142e+01     5.316144e-01
  1.8285e+01     5.242802e-01
  1.8428e+01     5.170994e-01
  1.8571e+01     5.100735e-01
  1.8714e+01     5.032047e-01
  1.8857e+01     4.964952e-01
  1.9000e+01     4.899478e-01
  1.9142e+01     4.835657e-01
  1.9285e+01     4.773525e-01
  1.9428e+01     4.713123e-01
  1.9571e+01     4.654500e-01
  1.9714e+01     4.597708e-01
  1.9857e+01     4.542809e-01
  2.0000e+01     4.489870e-01
  2.0142e+01     4.438967e-01
  2.0285e+01     4.390186e-01
  2.0428e+01     4.343621e-01
  2.0571e+01     4.299378e-01
  2.0714e+01     4.257575e-01
  2.0857e+01     4.218342e-01
  2.1000e+01     4.181821e-01
  2.1142e+01     4.148173e-01
  2.1285e+01     4.117572e-01
  2.1428e+01     4.090209e-01
  2.1571e+01     4.066294e-01
  2.1714e+01     4.046057e-01
  2.1857e+01     4.029748e-01
  2.2000e+01     4.017638e-01
  2.2142e+01     4.010022e-01
  2.2285e+01     4.007217e-01
  2.2428e+01     4.009562e-01
  2.2571e+01     4.017421e-01
  2.2714e+01     4.031180e-01
  2.2857e+01     4.051245e-01
  2.3000e+01     4.078043e-01
  2.3142e+01     4.112014e-01
  2.3285e+01     4.153611e-01
  2.3428e+01     4.203291e-01
  2.3571e+01     4.261508e-01
  2.3714e+01     4.328704e-01
  2.3857e+01     4.405296e-01
  2.4000e+01     4.491662e-01
  2.4142e+01     4.588122e-01
  2.4285e+01     4.694922e-01
  2.4428e+01     4.812210e-01
  2.4571e+01     4.940010e-01
  2.4714e+01     5.078197e-01
  2.4857e+01     5.226473e-01
  2.5000e+01     5.384338e-01
  2.5142e+01     5.551064e-01
  2.5285e+01     5.725684e-01
  2.5428e+01     5.906971e-01
  2.5571e+01     6.093438e-01
  2.5714e+01     6.283349e-01
  2.5857e+01     6.474739e-01
  2.6000e+01     6.665456e-01
  2.6142e+01     6.853218e-01
  2.6285e+01     7.035683e-01
  2.6428e+01     7.210531e-01
  2.6571e+01     7.375561e-01
  2.6714e+01     7.528776e-01
  2.6857e+01     7.668474e-01
  2.7000e+01     7.793311e-01
  2.7142e+01     7.902348e-01
  2.7285e+01     7.995073e-01
  2.7428e+01     8.071389e-01
  2.7571e+01     8.131576e-01
  2.7714e+01     8.176240e-01
  2.7857e+01     8.206241e-01
  2.8000e+01     8.222621e-01
  2.8142e+01     8.226535e-01
  2.8285e+01     8.219185e-01
  2.8428e+01     8.201775e-01
  2.8571e+01     8.175469e-01
  2.8714e+01     8.141367e-01
  2.8857e+01     8.100485e-01
  2.9000e+01     8.053753e-01
  2.9142e+01     8.002010e-01
  2.9285e+01     7.946006e-01
  2.9428e+01     7.886406e-01
  2.9571e+01     7.823803e-01
  2.9714e+01     7.758716e-01
  2.9857e+01     7.691604e-01
  3.0000e+01     7.622871e-01
  3.0142e+01     7.552873e-01
  3.0285e+01     7.481924e-01
  3.0428e+01     7.410300e-01
  3.0571e+01     7.338247e-01
  3.0714e+01     7.265981e-01
  3.0857e+01     7.193696e-01
  3.1000e+01     7.121566e-01
  3.1142e+01     7.049744e-01
  3.1285e+01     6.978372e-01
  3.1428e+01     6.907577e-01
  3.1571e+01     6.837473e-01
  3.1714e+01     6.768168e-01
  3.1857e+01     6.699760e-01
  3.2000e+01     6.632340e-01
  3.2142e+01     6.565996e-01
  3.2285e+01     6.500808e-01
  3.2428e+01     6.436854e-01
  3.2571e+01     6.374211e-01
  3.2714e+01     6.312950e-01
  3.2857e+01     6.253144e-01
  3.3000e+01     6.194864e-01
  3.3142e+01     6.138180e-01
  3.3285e+01     6.083163e-01
  3.3428e+01     6.029886e-01
  3.3571e+01     5.978420e-01
  3.3714e+01     5.928840e-01
  3.3857e+01     5.881222e-01
  3.4000e+01     5.835644e-01
  3.4142e+01     5.792188e-01
  3.4285e+01     5.750936e-01
  3.4428e+01     5.711976e-01
  3.4571e+01     5.675396e-01
  3.4714e+01     5.641289e-01
  3.4857e+01     5.609751e-01
  3.5000e+01     5.580881e-01
  3.5142e+01     5.554781e-01
  3.5285e+01     5.531556e-01
  3.5428e+01     5.511313e-01
  3.5571e+01     5.494161e-01
  3.5714e+01     5.480213e-01
  3.5857e+01     5.469579e-01
  3.6000e+01     5.462373e-01
  3.6142e+01     5.458706e-01
  3.6285e+01     5.458688e-01
  3.6428e+01     5.462423e-01
  3.6571e+01     5.470013e-01
  3.6714e+01     5.481551e-01
  3.6857e+01     5.497123e-01
  3.7000e+01     5.516800e-01
  3.7142e+01     5.540643e-01
  3.7285e+01     5.568694e-01
  3.7428e+01     5.600976e-01
  3.7571e+01     5.637488e-01
  3.7714e+01     5.678205e-01
  3.7857e+01     5.723070e-01
  3.8000e+01     5.771997e-01
  3.8142e+01     5.824862e-01
  3.8285e+01     5.881502e-01
  3.8428e+01     5.941716e-01
  3.8571e+01     6.005258e-01
  3.8714e+01     6.071839e-01
  3.8857e+01     6.141128e-01
  3.9000e+01     6.212748e-01
  3.9142e+01     6.286282e-01
  3.9285e+01     6.361275e-01
  3.9428e+01     6.437238e-01
  3.9571e+01     6.513655e-01
  3.9714e+01     6.589987e-01
  3.9857e+01     6.665683e-01
  4.0000e+01     6.740186e-01
  4.0142e+01     6.812946e-01
  4.0285e+01     6.883426e-01
  4.0428e+01     6.951116e-01
  4.0571e+01     7.015537e-01
  4.0714e+01     7.076256e-01
  4.0857e+01     7.132885e-01
  4.1000e+01     7.185097e-01
  4.1142e+01     7.232619e-01
  4.1285e+01     7.275244e-01
  4.1428e+01     7.312827e-01
  4.1571e+01     7.345283e-01
  4.1714e+01     7.372587e-01
  4.1857e+01     7.394768e-01
  4.2000e+01     7.411904e-01
  4.2142e+01     7.424118e-01
  4.2285e+01     7.431570e-01
  4.2428e+01     7.434451e-01
  4.2571e+01     7.432976e-01
  4.2714e+01     7.427380e-01
  4.2857e+01     7.417912e-01
  4.3000e+01     7.404828e-01
  4.3142e+01     7.388389e-01
  4.3285e+01     7.368857e-01
  4.3428e+01     7.346490e-01
  4.3571e+01     7.321543e-01
  4.3714e+01     7.294262e-01
  4.3857e+01     7.264887e-01
  4.4000e+01     7.233647e-01
  4.4142e+01     7.200762e-01
  4.4285e+01     7.166441e-01
  4.4428e+01     7.130884e-01
  4.4571e+01     7.094280e-01
  4.4714e+01     7.056807e-01
  4.4857e+01     7.018635e-01
  4.5000e+01     6.979923e-01
  4.5142e+01     6.940822e-01
  4.5285e+01     6.901476e-01
  4.5428e+01     6.862018e-01
  4.5571e+01     6.822577e-01
  4.5714e+01     6.783273e-01
  4.5857e+01     6.744222e-01
  4.6000e+01     6.705532e-01
  4.6142e+01     6.667308e-01
  4.6285e+01     6.629648e-01
  4.6428e+01     6.592648e-01
  4.6571e+01     6.556397e-01
  4.6714e+01     6.520984e-01
  4.6857e+01     6.486491e-01
  4.7000e+01     6.453000e-01
  4.7142e+01     6.420589e-01
  4.7285e+01     6.389332e-01
  4.7428e+01     6.359304e-01
  4.7571e+01     6.330574e-01
  4.7714e+01     6.303211e-01
  4.7857e+01     6.277282e-01
  4.8000e+01     6.252851e-01
  4.8142e+01     6.229980e-01
  4.8285e+01     6.208730e-01
  4.8428e+01     6.189159e-01
  4.8571e+01     6.171321e-01
  4.8714e+01     6.155271e-01
  4.8857e+01     6.141058e-01
  4.9000e+01     6.128730e-01
  4.9142e+01     6.118331e-01
  4.9285e+01     6.109900e-01
  4.9428e+01     6.103475e-01
  4.9571e+01     6.099086e-01
  4.9714e+01     6.096761e-01
  4.9857e+01     6.096520e-01
  5.0000e+01     6.098379e-01
  5.0142e+01     6.102345e-01
  5.0285e+01     6.108421e-01
  5.0428e+01     6.116600e-01
  5.0571e+01     6.126866e-01
  5.0714e+01     6.139196e-01
  5.0857e+01     6.153556e-01
  5.1000e+01     6.169903e-01
  5.1142e+01     6.188182e-01
  5.1285e+01     6.208329e-01
  5.1428e+01     6.230267e-01
  5.1571e+01     6.253908e-01
  5.1714e+01     6.279152e-01
  5.1857e+01     6.305890e-01
  5.2000e+01     6.333998e-01
