# Epidemic | immune members [ x-unit: transmission cycles | y-unit: ]
  0.0000e+00     1.000000e-05
  1.4286e-01     1.177408e-05
  2.8571e-01     1.384849e-05
  4.2857e-01     1.627428e-05
  5.7143e-01     2.923823e-05
  7.1429e-01     3.871636e-05
  8.5714e-01     4.931682e-05
  1.0000e+00     6.676884e-05
  1.1428e+00     8.656487e-05
  1.2857e+00     9.493218e-05
  1.4285e+00     1.045115e-04
  1.5714e+00     1.191963e-04
  1.7142e+00     1.552585e-04
  1.8571e+00     1.938224e-04
  2.0000e+00     2.235716e-04
  2.1428e+00     2.718655e-04
  2.2857e+00     3.169622e-04
  2.4285e+00     3.824099e-04
  2.5714e+00     4.175414e-04
  2.7142e+00     5.098949e-04
  2.8571e+00     6.289703e-04
  3.0000e+00     8.095618e-04
  3.1428e+00     9.230448e-04
  3.2857e+00     1.073880e-03
  3.4285e+00     1.277835e-03
  3.5714e+00     1.631398e-03
  3.7142e+00     1.860080e-03
  3.8571e+00     2.246113e-03
  4.0000e+00     2.747924e-03
  4.1428e+00     3.082006e-03
  4.2857e+00     3.767710e-03
  4.4285e+00     4.426043e-03
  4.5714e+00     5.025758e-03
  4.7142e+00     5.877319e-03
  4.8571e+00     6.875080e-03
  5.0000e+00     7.867494e-03
  5.1428e+00     8.964548e-03
  5.2857e+00     1.079201e-02
  5.4285e+00     1.242110e-02
  5.5714e+00     1.342458e-02
  5.7142e+00     1.592787e-02
  5.8571e+00     1.991811e-02
  6.0000e+00     2.365017e-02
  6.1428e+00     2.612317e-02
  6.2857e+00     2.828063e-02
  6.4285e+00     3.038465e-02
  6.5714e+00     3.260642e-02
  6.7142e+00     3.931415e-02
  6.8571e+00     4.927452e-02
  7.0000e+00     5.679245e-02
  7.1428e+00     6.544740e-02
  7.2857e+00     7.604061e-02
  7.4285e+00     9.215555e-02
  7.5714e+00     1.111550e-01
  7.7142e+00     1.331500e-01
  7.8571e+00     1.534251e-01
  8.0000e+00     1.818964e-01
  8.1428e+00     2.065833e-01
  8.2857e+00     2.456857e-01
  8.4285e+00     2.774819e-01
  8.5714e+00     3.288604e-01
  8.7142e+00     3.984937e-01
  8.8571e+00     4.789703e-01
  9.0000e+00     5.504197e-01
  9.1428e+00     5.947133e-01
  9.2857e+00     6.754443e-01
  9.4285e+00     7.204733e-01
  9.5714e+00     7.531852e-01
  9.7142e+00     7.889750e-01
  9.8571e+00     8.321971e-01
  1.0000e+01     8.817923e-01
  1.0142e+01     9.051673e-01
  1.0285e+01     9.367526e-01
  1.0428e+01     9.530032e-01
  1.0571e+01     9.615976e-01
  1.0714e+01     9.629950e-01
  1.0857e+01     9.634467e-01
  1.1000e+01     9.578108e-01
  1.1142e+01     9.502802e-01
  1.1285e+01     9.412113e-01
  1.1428e+01     9.307771e-01
  1.1571e+01     9.204128e-01
  1.1714e+01     9.086471e-01
  1.1857e+01     8.962843e-01
  1.2000e+01     8.851516e-01
  1.2142e+01     8.736286e-01
  1.2285e+01     8.616547e-01
  1.2428e+01     8.498359e-01
  1.2571e+01     8.375748e-01
  1.2714e+01     8.257280e-01
  1.2857e+01     8.138198e-01
  1.3000e+01     8.023380e-01
  1.3142e+01     7.906118e-01
  1.3285e+01     7.791217e-01
  1.3428e+01     7.681193e-01
  1.3571e+01     7.570450e-01
  1.3714e+01     7.460178e-01
  1.3857e+01     7.350297e-01
  1.4000e+01     7.242407e-01
  1.4142e+01     7.137293e-01
  1.4285e+01     7.033413e-01
  1.4428e+01     6.930986e-01
  1.4571e+01     6.830136e-01
  1.4714e+01     6.733051e-01
  1.4857e+01     6.634100e-01
  1.5000e+01     6.535434e-01
  1.5142e+01     6.440533e-01
  1.5285e+01     6.347047e-01
  1.5428e+01     6.255608e-01
  1.5571e+01     6.165506e-01
  1.5714e+01     6.075506e-01
  1.5857e+01     5.987483e-01
  1.6000e+01     5.901110e-01
  1.6142e+01     5.815964e-01
  1.6285e+01     5.729647e-01
  1.6428e+01     5.648061e-01
  1.6571e+01     5.566924e-01
  1.6714e+01     5.489051e-01
  1.6857e+01     5.411280e-01
  1.7000e+01     5.332605e-01
  1.7142e+01     5.258989e-01
  1.7285e+01     5.183416e-01
  1.7428e+01     5.110622e-01
  1.7571e+01     5.039027e-01
  1.7714e+01     4.970034e-01
  1.7857e+01     4.905568e-01
  1.8000e+01     4.842941e-01
  1.8142e+01     4.781082e-01
  1.8285e+01     4.719008e-01
  1.8428e+01     4.661739e-01
  1.8571e+01     4.597452e-01
  1.8714e+01     4.540876e-01
  1.8857e+01     4.481306e-01
  1.9000e+01     4.422946e-01
  1.9142e+01     4.375877e-01
  1.9285e+01     4.331868e-01
  1.9428e+01     4.294860e-01
  1.9571e+01     4.258689e-01
  1.9714e+01     4.215249e-01
  1.9857e+01     4.173342e-01
  2.0000e+01     4.137041e-01
  2.0142e+01     4.114658e-01
  2.0285e+01     4.094730e-01
  2.0428e+01     4.082876e-01
  2.0571e+01     4.073125e-01
  2.0714e+01     4.064543e-01
  2.0857e+01     4.035885e-01
  2.1000e+01     4.032351e-01
  2.1142e+01     4.035454e-01
  2.1285e+01     4.033344e-01
  2.1428e+01     4.042473e-01
  2.1571e+01     4.038359e-01
  2.1714e+01     4.051049e-01
  2.1857e+01     4.032641e-01
  2.2000e+01     4.049706e-01
  2.2142e+01     4.088970e-01
  2.2285e+01     4.084321e-01
  2.2428e+01     4.089963e-01
  2.2571e+01     4.179796e-01
  2.2714e+01     4.271200e-01
  2.2857e+01     4.424618e-01
  2.3000e+01     4.534110e-01
  2.3142e+01     4.589744e-01
  2.3285e+01     4.768700e-01
  2.3428e+01     4.816955e-01
  2.3571e+01     5.031133e-01
  2.3714e+01     5.180343e-01
  2.3857e+01     5.304797e-01
  2.4000e+01     5.483163e-01
  2.4142e+01     5.566695e-01
  2.4285e+01     5.797717e-01
  2.4428e+01     5.960911e-01
  2.4571e+01     6.084075e-01
  2.4714e+01     6.192652e-01
  2.4857e+01     6.468557e-01
  2.5000e+01     6.591919e-01
  2.5142e+01     6.761543e-01
  2.5285e+01     6.888312e-01
  2.5428e+01     7.079274e-01
  2.5571e+01     7.271475e-01
  2.5714e+01     7.521821e-01
  2.5857e+01     7.551871e-01
  2.6000e+01     7.665934e-01
  2.6142e+01     7.860727e-01
  2.6285e+01     7.925153e-01
  2.6428e+01     7.993998e-01
  2.6571e+01     8.073864e-01
  2.6714e+01     8.034698e-01
  2.6857e+01     8.019357e-01
  2.7000e+01     8.086447e-01
  2.7142e+01     8.103712e-01
  2.7285e+01     8.157762e-01
  2.7428e+01     8.189035e-01
  2.7571e+01     8.136418e-01
  2.7714e+01     8.078293e-01
  2.7857e+01     8.050211e-01
  2.8000e+01     8.028292e-01
  2.8142e+01     7.998136e-01
  2.8285e+01     7.945099e-01
  2.8428e+01     7.880280e-01
  2.8571e+01     7.825265e-01
  2.8714e+01     7.749920e-01
  2.8857e+01     7.656808e-01
  2.9000e+01     7.612349e-01
  2.9142e+01     7.541497e-01
  2.9285e+01     7.462199e-01
  2.9428e+01     7.399476e-01
  2.9571e+01     7.344752e-01
  2.9714e+01     7.281349e-01
  2.9857e+01     7.194676e-01
  3.0000e+01     7.137768e-01
  3.0142e+01     7.078051e-01
  3.0285e+01     6.998167e-01
  3.0428e+01     6.948299e-01
  3.0571e+01     6.892026e-01
  3.0714e+01     6.828944e-01
  3.0857e+01     6.754957e-01
  3.1000e+01     6.704033e-01
  3.1142e+01     6.643479e-01
  3.1285e+01     6.580064e-01
  3.1428e+01     6.514939e-01
  3.1571e+01     6.451883e-01
  3.1714e+01     6.373400e-01
  3.1857e+01     6.319732e-01
  3.2000e+01     6.262943e-01
  3.2142e+01     6.210663e-01
  3.2285e+01     6.145303e-01
  3.2428e+01     6.070553e-01
  3.2571e+01     6.022788e-01
  3.2714e+01     5.989639e-01
  3.2857e+01     5.928685e-01
  3.3000e+01     5.888854e-01
  3.3142e+01     5.858210e-01
  3.3285e+01     5.835813e-01
  3.3428e+01     5.811496e-01
  3.3571e+01     5.795864e-01
  3.3714e+01     5.769452e-01
  3.3857e+01     5.739998e-01
  3.4000e+01     5.700795e-01
  3.4142e+01     5.690734e-01
  3.4285e+01     5.642461e-01
  3.4428e+01     5.611833e-01
  3.4571e+01     5.579736e-01
  3.4714e+01     5.565950e-01
  3.4857e+01     5.527270e-01
  3.5000e+01     5.548267e-01
  3.5142e+01     5.575417e-01
  3.5285e+01     5.601083e-01
  3.5428e+01     5.587229e-01
  3.5571e+01     5.590549e-01
  3.5714e+01     5.606541e-01
  3.5857e+01     5.616002e-01
  3.6000e+01     5.641565e-01
  3.6142e+01     5.671317e-01
  3.6285e+01     5.661524e-01
  3.6428e+01     5.681575e-01
  3.6571e+01     5.687033e-01
  3.6714e+01     5.716461e-01
  3.6857e+01     5.727456e-01
  3.7000e+01     5.712075e-01
  3.7142e+01     5.718793e-01
  3.7285e+01     5.774755e-01
  3.7428e+01     5.865484e-01
  3.7571e+01     5.938931e-01
  3.7714e+01     6.007365e-01
  3.7857e+01     6.096152e-01
  3.8000e+01     6.164310e-01
  3.8142e+01     6.176582e-01
  3.8285e+01     6.237854e-01
  3.8428e+01     6.373122e-01
  3.8571e+01     6.428477e-01
  3.8714e+01     6.523231e-01
  3.8857e+01     6.591810e-01
  3.9000e+01     6.609247e-01
  3.9142e+01     6.599114e-01
  3.9285e+01     6.619302e-01
  3.9428e+01     6.709195e-01
  3.9571e+01     6.884284e-01
  3.9714e+01     6.886860e-01
  3.9857e+01     6.906117e-01
  4.0000e+01     6.908330e-01
  4.0142e+01     6.987869e-01
  4.0285e+01     7.036126e-01
  4.0428e+01     7.055509e-01
  4.0571e+01     7.116096e-01
  4.0714e+01     7.228114e-01
  4.0857e+01     7.245001e-01
  4.1000e+01     7.349075e-01
  4.1142e+01     7.382545e-01
  4.1285e+01     7.456401e-01
  4.1428e+01     7.537234e-01
  4.1571e+01     7.525512e-01
  4.1714e+01     7.510697e-01
  4.1857e+01     7.456034e-01
  4.2000e+01     7.444178e-01
  4.2142e+01     7.389476e-01
  4.2285e+01     7.330407e-01
  4.2428e+01     7.287102e-01
  4.2571e+01     7.284348e-01
  4.2714e+01     7.234770e-01
  4.2857e+01     7.181264e-01
  4.3000e+01     7.164319e-01
  4.3142e+01     7.159966e-01
  4.3285e+01     7.113151e-01
  4.3428e+01     7.075174e-01
  4.3571e+01     7.048184e-01
  4.3714e+01     7.015429e-01
  4.3857e+01     6.966125e-01
  4.4000e+01     6.942473e-01
  4.4142e+01     6.895423e-01
  4.4285e+01     6.893957e-01
  4.4428e+01     6.856795e-01
  4.4571e+01     6.827109e-01
  4.4714e+01     6.800867e-01
  4.4857e+01     6.768772e-01
  4.5000e+01     6.731381e-01
  4.5142e+01     6.723887e-01
  4.5285e+01     6.693873e-01
  4.5428e+01     6.668445e-01
  4.5571e+01     6.678641e-01
  4.5714e+01     6.672746e-01
  4.5857e+01     6.661635e-01
  4.6000e+01     6.664412e-01
  4.6142e+01     6.648416e-01
  4.6285e+01     6.656711e-01
  4.6428e+01     6.638705e-01
  4.6571e+01     6.587516e-01
  4.6714e+01     6.565458e-01
  4.6857e+01     6.516214e-01
  4.7000e+01     6.516798e-01
  4.7142e+01     6.504727e-01
  4.7285e+01     6.454061e-01
  4.7428e+01     6.416258e-01
  4.7571e+01     6.427353e-01
  4.7714e+01     6.417400e-01
  4.7857e+01     6.423307e-01
  4.8000e+01     6.406959e-01
  4.8142e+01     6.363989e-01
  4.8285e+01     6.336099e-01
  4.8428e+01     6.301753e-01
  4.8571e+01     6.259106e-01
  4.8714e+01     6.232771e-01
  4.8857e+01     6.189051e-01
  4.9000e+01     6.195865e-01
  4.9142e+01     6.202019e-01
  4.9285e+01     6.223253e-01
  4.9428e+01     6.249538e-01
  4.9571e+01     6.229174e-01
  4.9714e+01     6.202395e-01
  4.9857e+01     6.184083e-01
  5.0000e+01     6.195433e-01
  5.0142e+01     6.208881e-01
  5.0285e+01     6.250356e-01
  5.0428e+01     6.276228e-01
  5.0571e+01     6.304055e-01
  5.0714e+01     6.300029e-01
  5.0857e+01     6.330175e-01
  5.1000e+01     6.318712e-01
  5.1142e+01     6.351743e-01
  5.1285e+01     6.402815e-01
  5.1428e+01     6.422018e-01
  5.1571e+01     6.408845e-01
  5.1714e+01     6.388068e-01
  5.1857e+01     6.384194e-01
  5.2000e+01     6.340953e-01
