# Epidemic | immune members [ x-unit: transmission cycles | y-unit: ]
  0.0000e+00     1.000000e-05
  1.4286e-01     1.177408e-05
  2.8571e-01     1.384849e-05
  4.2857e-01     1.627428e-05
  5.7143e-01     2.417469e-05
  7.1429e-01     3.057269e-05
  8.5714e-01     3.781322e-05
  1.0000e+00     4.880872e-05
  1.1428e+00     6.136136e-05
  1.2857e+00     6.865017e-05
  1.4285e+00     7.707213e-05
  1.5714e+00     8.866356e-05
  1.7142e+00     1.116654e-04
  1.8571e+00     1.367624e-04
  2.0000e+00     1.584394e-04
  2.1428e+00     1.905445e-04
  2.2857e+00     2.224027e-04
  2.4285e+00     2.660184e-04
  2.5714e+00     2.963248e-04
  2.7142e+00     3.574091e-04
  2.8571e+00     4.343880e-04
  3.0000e+00     5.450927e-04
  3.1428e+00     6.257032e-04
  3.2857e+00     7.290483e-04
  3.4285e+00     8.637035e-04
  3.5714e+00     1.078738e-03
  3.7142e+00     1.237802e-03
  3.8571e+00     1.483174e-03
  4.0000e+00     1.795361e-03
  4.1428e+00     2.034021e-03
  4.2857e+00     2.460806e-03
  4.4285e+00     2.888124e-03
  4.5714e+00     3.302741e-03
  4.7142e+00     3.862932e-03
  4.8571e+00     4.519114e-03
  5.0000e+00     5.199235e-03
  5.1428e+00     5.962954e-03
  5.2857e+00     7.129311e-03
  5.4285e+00     8.238769e-03
  5.5714e+00     9.083840e-03
  5.7142e+00     1.074033e-02
  5.8571e+00     1.321224e-02
  6.0000e+00     1.563428e-02
  6.1428e+00     1.751516e-02
  6.2857e+00     1.934463e-02
  6.4285e+00     2.127197e-02
  6.5714e+00     2.340412e-02
  6.7142e+00     2.797771e-02
  6.8571e+00     3.440096e-02
  7.0000e+00     3.981710e-02
  7.1428e+00     4.608503e-02
  7.2857e+00     5.365478e-02
  7.4285e+00     6.442886e-02
  7.5714e+00     7.711783e-02
  7.7142e+00     9.186716e-02
  7.8571e+00     1.063153e-01
  8.0000e+00     1.257350e-01
  8.1428e+00     1.439615e-01
  8.2857e+00     1.708058e-01
  8.4285e+00     1.947424e-01
  8.5714e+00     2.307509e-01
  8.7142e+00     2.785576e-01
  8.8571e+00     3.347044e-01
  9.0000e+00     3.881345e-01
  9.1428e+00     4.274924e-01
  9.2857e+00     4.935108e-01
  9.4285e+00     5.388264e-01
  9.5714e+00     5.786217e-01
  9.7142e+00     6.235580e-01
  9.8571e+00     6.788355e-01
  1.0000e+01     7.442497e-01
  1.0142e+01     7.878275e-01
  1.0285e+01     8.450355e-01
  1.0428e+01     8.869936e-01
  1.0571e+01     9.202467e-01
  1.0714e+01     9.429802e-01
  1.0857e+01     9.633299e-01
  1.1000e+01     9.704065e-01
  1.1142e+01     9.716320e-01
  1.1285e+01     9.681187e-01
  1.1428e+01     9.609998e-01
  1.1571e+01     9.528984e-01
  1.1714e+01     9.422695e-01
  1.1857e+01     9.304423e-01
  1.2000e+01     9.197154e-01
  1.2142e+01     9.082981e-01
  1.2285e+01     8.962290e-01
  1.2428e+01     8.842045e-01
  1.2571e+01     8.716780e-01
  1.2714e+01     8.594882e-01
  1.2857e+01     8.472128e-01
  1.3000e+01     8.352919e-01
  1.3142e+01     8.231626e-01
  1.3285e+01     8.112363e-01
  1.3428e+01     7.997173e-01
  1.3571e+01     7.881614e-01
  1.3714e+01     7.766685e-01
  1.3857e+01     7.652391e-01
  1.4000e+01     7.539953e-01
  1.4142e+01     7.429947e-01
  1.4285e+01     7.321249e-01
  1.4428e+01     7.214029e-01
  1.4571e+01     7.108380e-01
  1.4714e+01     7.005803e-01
  1.4857e+01     6.902447e-01
  1.5000e+01     6.799807e-01
  1.5142e+01     6.700205e-01
  1.5285e+01     6.602061e-01
  1.5428e+01     6.505786e-01
  1.5571e+01     6.410915e-01
  1.5714e+01     6.316660e-01
  1.5857e+01     6.224217e-01
  1.6000e+01     6.133369e-01
  1.6142e+01     6.043850e-01
  1.6285e+01     5.954181e-01
  1.6428e+01     5.867982e-01
  1.6571e+01     5.782625e-01
  1.6714e+01     5.699809e-01
  1.6857e+01     5.617626e-01
  1.7000e+01     5.535485e-01
  1.7142e+01     5.456910e-01
  1.7285e+01     5.377767e-01
  1.7428e+01     5.300831e-01
  1.7571e+01     5.225179e-01
  1.7714e+01     5.151611e-01
  1.7857e+01     5.081226e-01
  1.8000e+01     5.012472e-01
  1.8142e+01     4.944738e-01
  1.8285e+01     4.877475e-01
  1.8428e+01     4.813513e-01
  1.8571e+01     4.746222e-01
  1.8714e+01     4.683853e-01
  1.8857e+01     4.620440e-01
  1.9000e+01     4.558337e-01
  1.9142e+01     4.503108e-01
  1.9285e+01     4.450205e-01
  1.9428e+01     4.401794e-01
  1.9571e+01     4.354504e-01
  1.9714e+01     4.303940e-01
  1.9857e+01     4.254925e-01
  2.0000e+01     4.209697e-01
  2.0142e+01     4.172775e-01
  2.0285e+01     4.137970e-01
  2.0428e+01     4.108352e-01
  2.0571e+01     4.080735e-01
  2.0714e+01     4.054661e-01
  2.0857e+01     4.018702e-01
  2.1000e+01     3.997336e-01
  2.1142e+01     3.980637e-01
  2.1285e+01     3.962270e-01
  2.1428e+01     3.951224e-01
  2.1571e+01     3.934281e-01
  2.1714e+01     3.927887e-01
  2.1857e+01     3.905991e-01
  2.2000e+01     3.905102e-01
  2.2142e+01     3.918131e-01
  2.2285e+01     3.908772e-01
  2.2428e+01     3.907048e-01
  2.2571e+01     3.954310e-01
  2.2714e+01     4.004931e-01
  2.2857e+01     4.093193e-01
  2.3000e+01     4.159636e-01
  2.3142e+01     4.198518e-01
  2.3285e+01     4.311999e-01
  2.3428e+01     4.353100e-01
  2.3571e+01     4.496280e-01
  2.3714e+01     4.605251e-01
  2.3857e+01     4.704208e-01
  2.4000e+01     4.841563e-01
  2.4142e+01     4.924333e-01
  2.4285e+01     5.107529e-01
  2.4428e+01     5.252559e-01
  2.4571e+01     5.377244e-01
  2.4714e+01     5.497795e-01
  2.4857e+01     5.742519e-01
  2.5000e+01     5.883943e-01
  2.5142e+01     6.066612e-01
  2.5285e+01     6.222011e-01
  2.5428e+01     6.434919e-01
  2.5571e+01     6.654633e-01
  2.5714e+01     6.929400e-01
  2.5857e+01     7.021361e-01
  2.6000e+01     7.189856e-01
  2.6142e+01     7.434531e-01
  2.6285e+01     7.560910e-01
  2.6428e+01     7.691433e-01
  2.6571e+01     7.832144e-01
  2.6714e+01     7.853281e-01
  2.6857e+01     7.895329e-01
  2.7000e+01     8.017752e-01
  2.7142e+01     8.085845e-01
  2.7285e+01     8.187452e-01
  2.7428e+01     8.261092e-01
  2.7571e+01     8.244483e-01
  2.7714e+01     8.217903e-01
  2.7857e+01     8.217296e-01
  2.8000e+01     8.218637e-01
  2.8142e+01     8.207769e-01
  2.8285e+01     8.171256e-01
  2.8428e+01     8.120490e-01
  2.8571e+01     8.076124e-01
  2.8714e+01     8.010751e-01
  2.8857e+01     7.927540e-01
  2.9000e+01     7.885457e-01
  2.9142e+01     7.818590e-01
  2.9285e+01     7.743209e-01
  2.9428e+01     7.680421e-01
  2.9571e+01     7.623027e-01
  2.9714e+01     7.557609e-01
  2.9857e+01     7.472796e-01
  3.0000e+01     7.410781e-01
  3.0142e+01     7.345872e-01
  3.0285e+01     7.265140e-01
  3.0428e+01     7.206647e-01
  3.0571e+01     7.142947e-01
  3.0714e+01     7.073994e-01
  3.0857e+01     6.996924e-01
  3.1000e+01     6.936381e-01
  3.1142e+01     6.868867e-01
  3.1285e+01     6.799398e-01
  3.1428e+01     6.728804e-01
  3.1571e+01     6.659803e-01
  3.1714e+01     6.580447e-01
  3.1857e+01     6.518185e-01
  3.2000e+01     6.454042e-01
  3.2142e+01     6.393204e-01
  3.2285e+01     6.324014e-01
  3.2428e+01     6.249040e-01
  3.2571e+01     6.192120e-01
  3.2714e+01     6.145092e-01
  3.2857e+01     6.080491e-01
  3.3000e+01     6.029951e-01
  3.3142e+01     5.985734e-01
  3.3285e+01     5.947248e-01
  3.3428e+01     5.908033e-01
  3.3571e+01     5.874843e-01
  3.3714e+01     5.835447e-01
  3.3857e+01     5.794764e-01
  3.4000e+01     5.748647e-01
  3.4142e+01     5.721446e-01
  3.4285e+01     5.671107e-01
  3.4428e+01     5.632552e-01
  3.4571e+01     5.593884e-01
  3.4714e+01     5.567461e-01
  3.4857e+01     5.526397e-01
  3.5000e+01     5.523430e-01
  3.5142e+01     5.525274e-01
  3.5285e+01     5.527241e-01
  3.5428e+01     5.505565e-01
  3.5571e+01     5.495778e-01
  3.5714e+01     5.495138e-01
  3.5857e+01     5.491605e-01
  3.6000e+01     5.499598e-01
  3.6142e+01     5.511601e-01
  3.6285e+01     5.499733e-01
  3.6428e+01     5.508450e-01
  3.6571e+01     5.509180e-01
  3.6714e+01     5.527059e-01
  3.6857e+01     5.534403e-01
  3.7000e+01     5.525943e-01
  3.7142e+01     5.533665e-01
  3.7285e+01     5.575847e-01
  3.7428e+01     5.643289e-01
  3.7571e+01     5.700985e-01
  3.7714e+01     5.757306e-01
  3.7857e+01     5.829749e-01
  3.8000e+01     5.889948e-01
  3.8142e+01     5.912989e-01
  3.8285e+01     5.972398e-01
  3.8428e+01     6.086637e-01
  3.8571e+01     6.145508e-01
  3.8714e+01     6.235127e-01
  3.8857e+01     6.307304e-01
  3.9000e+01     6.342911e-01
  3.9142e+01     6.358933e-01
  3.9285e+01     6.399008e-01
  3.9428e+01     6.493844e-01
  3.9571e+01     6.656223e-01
  3.9714e+01     6.684657e-01
  3.9857e+01     6.726825e-01
  4.0000e+01     6.755613e-01
  4.0142e+01     6.846600e-01
  4.0285e+01     6.912380e-01
  4.0428e+01     6.954560e-01
  4.0571e+01     7.030000e-01
  4.0714e+01     7.147148e-01
  4.0857e+01     7.185210e-01
  4.1000e+01     7.294392e-01
  4.1142e+01     7.343880e-01
  4.1285e+01     7.425642e-01
  4.1428e+01     7.511778e-01
  4.1571e+01     7.519007e-01
  4.1714e+01     7.521949e-01
  4.1857e+01     7.489900e-01
  4.2000e+01     7.491929e-01
  4.2142e+01     7.456674e-01
  4.2285e+01     7.416288e-01
  4.2428e+01     7.387504e-01
  4.2571e+01     7.390645e-01
  4.2714e+01     7.354069e-01
  4.2857e+01     7.313075e-01
  4.3000e+01     7.300375e-01
  4.3142e+01     7.296507e-01
  4.3285e+01     7.257645e-01
  4.3428e+01     7.224708e-01
  4.3571e+01     7.199473e-01
  4.3714e+01     7.168820e-01
  4.3857e+01     7.124506e-01
  4.4000e+01     7.099173e-01
  4.4142e+01     7.055301e-01
  4.4285e+01     7.045192e-01
  4.4428e+01     7.007670e-01
  4.4571e+01     6.975159e-01
  4.4714e+01     6.944709e-01
  4.4857e+01     6.909575e-01
  4.5000e+01     6.870210e-01
  4.5142e+01     6.852164e-01
  4.5285e+01     6.817598e-01
  4.5428e+01     6.786067e-01
  4.5571e+01     6.779735e-01
  4.5714e+01     6.761757e-01
  4.5857e+01     6.739983e-01
  4.6000e+01     6.727898e-01
  4.6142e+01     6.702613e-01
  4.6285e+01     6.694370e-01
  4.6428e+01     6.667821e-01
  4.6571e+01     6.618251e-01
  4.6714e+01     6.589179e-01
  4.6857e+01     6.541392e-01
  4.7000e+01     6.528504e-01
  4.7142e+01     6.507090e-01
  4.7285e+01     6.459165e-01
  4.7428e+01     6.420512e-01
  4.7571e+01     6.416185e-01
  4.7714e+01     6.397628e-01
  4.7857e+01     6.390524e-01
  4.8000e+01     6.368397e-01
  4.8142e+01     6.328177e-01
  4.8285e+01     6.298961e-01
  4.8428e+01     6.265723e-01
  4.8571e+01     6.227184e-01
  4.8714e+01     6.200605e-01
  4.8857e+01     6.162376e-01
  4.9000e+01     6.160228e-01
  4.9142e+01     6.158223e-01
  4.9285e+01     6.167505e-01
  4.9428e+01     6.181031e-01
  4.9571e+01     6.162251e-01
  4.9714e+01     6.139582e-01
  4.9857e+01     6.123561e-01
  5.0000e+01     6.129395e-01
  5.0142e+01     6.137435e-01
  5.0285e+01     6.166330e-01
  5.0428e+01     6.184806e-01
  5.0571e+01     6.205483e-01
  5.0714e+01     6.203914e-01
  5.0857e+01     6.227910e-01
  5.1000e+01     6.222302e-01
  5.1142e+01     6.250002e-01
  5.1285e+01     6.291780e-01
  5.1428e+01     6.310831e-01
  5.1571e+01     6.306556e-01
  5.1714e+01     6.297193e-01
  5.1857e+01     6.301050e-01
  5.2000e+01     6.275937e-01
