# Epidemic | immune members [ x-unit: transmission cycles | y-unit: ]
  0.0000e+00     1.000000e-05
  1.4286e-01     9.780229e-06
  2.8571e-01     9.565287e-06
  4.2857e-01     9.355070e-06
  5.7143e-01     9.149472e-06
  7.1429e-01     8.948393e-06
  8.5714e-01     8.751733e-06
  1.0000e+00     8.559395e-06
  1.1428e+00     5.926102e-05
  1.2857e+00     1.174956e-04
  1.4285e+00     1.845663e-04
  1.5714e+00     2.619970e-04
  1.7142e+00     3.515695e-04
  1.8571e+00     4.553674e-04
  2.0000e+00     5.758271e-04
  2.1428e+00     6.145977e-04
  2.2857e+00     6.612497e-04
  2.4285e+00     7.170926e-04
  2.5714e+00     7.836588e-04
  2.7142e+00     8.627409e-04
  2.8571e+00     9.564362e-04
  3.0000e+00     1.067198e-03
  3.1428e+00     1.197896e-03
  3.2857e+00     1.351885e-03
  3.4285e+00     1.533091e-03
  3.5714e+00     1.746101e-03
  3.7142e+00     2.029077e-03
  3.8571e+00     2.412963e-03
  4.0000e+00     2.861050e-03
  4.1428e+00     3.384204e-03
  4.2857e+00     3.995111e-03
  4.4285e+00     4.708583e-03
  4.5714e+00     5.541900e-03
  4.7142e+00     7.147511e-03
  4.8571e+00     9.459799e-03
  5.0000e+00     1.213694e-02
  5.1428e+00     1.523958e-02
  5.2857e+00     1.911970e-02
  5.4285e+00     2.532399e-02
  5.5714e+00     3.248908e-02
  5.7142e+00     3.992099e-02
  5.8571e+00     4.716637e-02
  6.0000e+00     5.556713e-02
  6.1428e+00     6.529672e-02
  6.2857e+00     7.654979e-02
  6.4285e+00     8.954295e-02
  6.5714e+00     1.045148e-01
  6.7142e+00     1.217246e-01
  6.8571e+00     1.414500e-01
  7.0000e+00     1.627987e-01
  7.1428e+00     1.633845e-01
  7.2857e+00     1.645423e-01
  7.4285e+00     2.029764e-01
  7.5714e+00     2.461331e-01
  7.7142e+00     2.543363e-01
  7.8571e+00     2.690627e-01
  8.0000e+00     2.868051e-01
  8.1428e+00     3.394790e-01
  8.2857e+00     3.970280e-01
  8.4285e+00     4.590318e-01
  8.5714e+00     5.247081e-01
  8.7142e+00     5.928435e-01
  8.8571e+00     6.617490e-01
  9.0000e+00     7.292654e-01
  9.1428e+00     7.928477e-01
  9.2857e+00     8.488664e-01
  9.4285e+00     8.884106e-01
  9.5714e+00     9.186656e-01
  9.7142e+00     9.320298e-01
  9.8571e+00     9.319816e-01
  1.0000e+01     9.277858e-01
  1.0142e+01     9.204825e-01
  1.0285e+01     9.109119e-01
  1.0428e+01     8.997154e-01
  1.0571e+01     8.873694e-01
  1.0714e+01     8.742248e-01
  1.0857e+01     8.648211e-01
  1.1000e+01     8.565774e-01
  1.1142e+01     8.472906e-01
  1.1285e+01     8.371989e-01
  1.1428e+01     8.264968e-01
  1.1571e+01     8.153424e-01
  1.1714e+01     8.017281e-01
  1.1857e+01     7.867429e-01
  1.2000e+01     7.719235e-01
  1.2142e+01     7.572989e-01
  1.2285e+01     7.428914e-01
  1.2428e+01     7.287187e-01
  1.2571e+01     7.165269e-01
  1.2714e+01     7.062104e-01
  1.2857e+01     6.960227e-01
  1.3000e+01     6.859884e-01
  1.3142e+01     6.745173e-01
  1.3285e+01     6.628871e-01
  1.3428e+01     6.521489e-01
  1.3571e+01     6.401882e-01
  1.3714e+01     6.269717e-01
  1.3857e+01     6.140594e-01
  1.4000e+01     6.014491e-01
  1.4142e+01     5.891388e-01
  1.4285e+01     5.771264e-01
  1.4428e+01     5.654103e-01
  1.4571e+01     5.539889e-01
  1.4714e+01     5.428604e-01
  1.4857e+01     5.320183e-01
  1.5000e+01     5.273437e-01
  1.5142e+01     5.231302e-01
  1.5285e+01     5.193957e-01
  1.5428e+01     5.161592e-01
  1.5571e+01     5.127972e-01
  1.5714e+01     5.073396e-01
  1.5857e+01     5.023351e-01
  1.6000e+01     4.978022e-01
  1.6142e+01     4.937606e-01
  1.6285e+01     4.902316e-01
  1.6428e+01     4.872376e-01
  1.6571e+01     4.847658e-01
  1.6714e+01     4.825406e-01
  1.6857e+01     4.809100e-01
  1.7000e+01     4.799006e-01
  1.7142e+01     4.795397e-01
  1.7285e+01     4.798551e-01
  1.7428e+01     4.808748e-01
  1.7571e+01     4.826264e-01
  1.7714e+01     4.754901e-01
  1.7857e+01     4.682234e-01
  1.8000e+01     4.613357e-01
  1.8142e+01     4.548406e-01
  1.8285e+01     4.487532e-01
  1.8428e+01     4.430906e-01
  1.8571e+01     4.378715e-01
  1.8714e+01     4.331170e-01
  1.8857e+01     4.543471e-01
  1.9000e+01     4.860303e-01
  1.9142e+01     5.196653e-01
  1.9285e+01     5.549232e-01
  1.9428e+01     5.913608e-01
  1.9571e+01     6.284188e-01
  1.9714e+01     6.611314e-01
  1.9857e+01     6.880381e-01
  2.0000e+01     7.139535e-01
  2.0142e+01     7.384031e-01
  2.0285e+01     7.609412e-01
  2.0428e+01     7.811788e-01
  2.0571e+01     7.988086e-01
  2.0714e+01     8.116755e-01
  2.0857e+01     8.218722e-01
  2.1000e+01     8.294401e-01
  2.1142e+01     8.344980e-01
  2.1285e+01     8.372240e-01
  2.1428e+01     8.378356e-01
  2.1571e+01     8.407397e-01
  2.1714e+01     8.402146e-01
  2.1857e+01     8.275498e-01
  2.2000e+01     8.146396e-01
  2.2142e+01     8.015865e-01
  2.2285e+01     7.884719e-01
  2.2428e+01     7.753607e-01
  2.2571e+01     7.623050e-01
  2.2714e+01     7.493471e-01
  2.2857e+01     7.375291e-01
  2.3000e+01     7.297346e-01
  2.3142e+01     7.218610e-01
  2.3285e+01     7.139500e-01
  2.3428e+01     7.060390e-01
  2.3571e+01     6.981616e-01
  2.3714e+01     6.903481e-01
  2.3857e+01     6.826257e-01
  2.4000e+01     6.748808e-01
  2.4142e+01     6.671418e-01
  2.4285e+01     6.595699e-01
  2.4428e+01     6.521843e-01
  2.4571e+01     6.450029e-01
  2.4714e+01     6.380425e-01
  2.4857e+01     6.313191e-01
  2.5000e+01     6.266823e-01
  2.5142e+01     6.230806e-01
  2.5285e+01     6.197363e-01
  2.5428e+01     6.166600e-01
  2.5571e+01     6.138619e-01
  2.5714e+01     6.113516e-01
  2.5857e+01     6.091378e-01
  2.6000e+01     6.072286e-01
  2.6142e+01     6.053506e-01
  2.6285e+01     6.012631e-01
  2.6428e+01     5.975026e-01
  2.6571e+01     5.940810e-01
  2.6714e+01     5.910099e-01
  2.6857e+01     5.883004e-01
  2.7000e+01     5.859633e-01
  2.7142e+01     5.823450e-01
  2.7285e+01     5.740897e-01
  2.7428e+01     5.661770e-01
  2.7571e+01     5.586177e-01
  2.7714e+01     5.514236e-01
  2.7857e+01     5.446069e-01
  2.8000e+01     5.381808e-01
  2.8142e+01     5.321593e-01
  2.8285e+01     5.254978e-01
  2.8428e+01     5.189736e-01
  2.8571e+01     5.128622e-01
  2.8714e+01     5.071791e-01
  2.8857e+01     5.019411e-01
  2.9000e+01     4.971660e-01
  2.9142e+01     4.928733e-01
  2.9285e+01     4.890836e-01
  2.9428e+01     4.858191e-01
  2.9571e+01     4.886768e-01
  2.9714e+01     4.961087e-01
  2.9857e+01     5.044785e-01
  3.0000e+01     5.137833e-01
  3.0142e+01     5.240091e-01
  3.0285e+01     5.351288e-01
  3.0428e+01     5.471003e-01
  3.0571e+01     5.598653e-01
  3.0714e+01     5.733478e-01
  3.0857e+01     5.874529e-01
  3.1000e+01     6.203360e-01
  3.1142e+01     6.533391e-01
  3.1285e+01     6.858615e-01
  3.1428e+01     7.172562e-01
  3.1571e+01     7.468640e-01
  3.1714e+01     7.740559e-01
  3.1857e+01     7.722648e-01
  3.2000e+01     7.697017e-01
  3.2142e+01     7.664484e-01
  3.2285e+01     7.625848e-01
  3.2428e+01     7.606664e-01
  3.2571e+01     7.676599e-01
  3.2714e+01     7.834625e-01
  3.2857e+01     7.986711e-01
  3.3000e+01     8.112817e-01
  3.3142e+01     8.167964e-01
  3.3285e+01     8.139386e-01
  3.3428e+01     8.191015e-01
  3.3571e+01     8.231797e-01
  3.3714e+01     8.252480e-01
  3.3857e+01     8.254862e-01
  3.4000e+01     8.240888e-01
  3.4142e+01     8.212535e-01
  3.4285e+01     8.171723e-01
  3.4428e+01     8.120259e-01
  3.4571e+01     8.049393e-01
  3.4714e+01     7.962189e-01
  3.4857e+01     7.870767e-01
  3.5000e+01     7.776132e-01
  3.5142e+01     7.679140e-01
  3.5285e+01     7.580521e-01
  3.5428e+01     7.480900e-01
  3.5571e+01     7.357386e-01
  3.5714e+01     7.220013e-01
  3.5857e+01     7.085027e-01
  3.6000e+01     6.952548e-01
  3.6142e+01     6.817167e-01
  3.6285e+01     6.684640e-01
  3.6428e+01     6.555007e-01
  3.6571e+01     6.428299e-01
  3.6714e+01     6.304542e-01
  3.6857e+01     6.217775e-01
  3.7000e+01     6.145166e-01
  3.7142e+01     6.075478e-01
  3.7285e+01     6.008846e-01
  3.7428e+01     5.945404e-01
  3.7571e+01     5.873698e-01
  3.7714e+01     5.758816e-01
  3.7857e+01     5.646953e-01
  3.8000e+01     5.538116e-01
  3.8142e+01     5.432316e-01
  3.8285e+01     5.340503e-01
  3.8428e+01     5.285283e-01
  3.8571e+01     5.234418e-01
  3.8714e+01     5.188076e-01
  3.8857e+01     5.146435e-01
  3.9000e+01     5.109683e-01
  3.9142e+01     5.078019e-01
  3.9285e+01     5.059461e-01
  3.9428e+01     5.078451e-01
  3.9571e+01     5.104442e-01
  3.9714e+01     5.162379e-01
  3.9857e+01     5.231090e-01
  4.0000e+01     5.307803e-01
  4.0142e+01     5.392371e-01
  4.0285e+01     5.484546e-01
  4.0428e+01     5.583970e-01
  4.0571e+01     5.690159e-01
  4.0714e+01     5.802502e-01
  4.0857e+01     5.758774e-01
  4.1000e+01     5.678243e-01
  4.1142e+01     5.601208e-01
  4.1285e+01     5.527784e-01
  4.1428e+01     5.458091e-01
  4.1571e+01     5.392256e-01
  4.1714e+01     5.330416e-01
  4.1857e+01     5.272716e-01
  4.2000e+01     5.219312e-01
  4.2142e+01     5.166445e-01
  4.2285e+01     5.166011e-01
  4.2428e+01     5.264521e-01
  4.2571e+01     5.459980e-01
  4.2714e+01     5.694763e-01
  4.2857e+01     5.937459e-01
  4.3000e+01     6.185220e-01
  4.3142e+01     6.434742e-01
  4.3285e+01     6.682341e-01
  4.3428e+01     6.951970e-01
  4.3571e+01     7.194086e-01
  4.3714e+01     7.134640e-01
  4.3857e+01     7.313106e-01
  4.4000e+01     7.554544e-01
  4.4142e+01     7.773081e-01
  4.4285e+01     7.965105e-01
  4.4428e+01     8.128037e-01
  4.4571e+01     8.260488e-01
  4.4714e+01     8.362275e-01
  4.4857e+01     8.439724e-01
  4.5000e+01     8.344515e-01
  4.5142e+01     8.217444e-01
  4.5285e+01     8.088305e-01
  4.5428e+01     7.958038e-01
  4.5571e+01     7.881963e-01
  4.5714e+01     7.853562e-01
  4.5857e+01     7.816878e-01
  4.6000e+01     7.772953e-01
  4.6142e+01     7.722764e-01
  4.6285e+01     7.667221e-01
  4.6428e+01     7.607161e-01
  4.6571e+01     7.543347e-01
  4.6714e+01     7.461035e-01
  4.6857e+01     7.367309e-01
  4.7000e+01     7.273278e-01
  4.7142e+01     7.179359e-01
  4.7285e+01     7.085918e-01
  4.7428e+01     6.970976e-01
  4.7571e+01     6.836052e-01
  4.7714e+01     6.703949e-01
  4.7857e+01     6.574713e-01
  4.8000e+01     6.448380e-01
  4.8142e+01     6.324981e-01
  4.8285e+01     6.204544e-01
  4.8428e+01     6.087095e-01
  4.8571e+01     5.982687e-01
  4.8714e+01     5.891415e-01
  4.8857e+01     5.803353e-01
  4.9000e+01     5.718599e-01
  4.9142e+01     5.637250e-01
  4.9285e+01     5.559412e-01
  4.9428e+01     5.485196e-01
  4.9571e+01     5.414721e-01
  4.9714e+01     5.367166e-01
  4.9857e+01     5.381934e-01
  5.0000e+01     5.402659e-01
  5.0142e+01     5.429416e-01
  5.0285e+01     5.462247e-01
  5.0428e+01     5.501158e-01
  5.0571e+01     5.546115e-01
  5.0714e+01     5.597036e-01
  5.0857e+01     5.653785e-01
  5.1000e+01     5.618568e-01
  5.1142e+01     5.521969e-01
  5.1285e+01     5.428641e-01
  5.1428e+01     5.338650e-01
  5.1571e+01     5.252065e-01
  5.1714e+01     5.168967e-01
  5.1857e+01     5.089446e-01
  5.2000e+01     5.013601e-01
