# Epidemic | daily incidence [ x-unit: days | y-unit: ]
# ==============================================================================
  0.0000e+00     7.142857e-07
  2.0000e+00     8.356636e-07
  4.0000e+00     9.776668e-07
  6.0000e+00     1.143800e-06
  8.0000e+00     1.338164e-06
  1.0000e+01     1.565554e-06
  1.2000e+01     1.831584e-06
  1.4000e+01     2.142818e-06
  1.6000e+01     2.506936e-06
  1.8000e+01     2.932926e-06
  2.0000e+01     3.431298e-06
  2.2000e+01     4.014350e-06
  2.4000e+01     4.696470e-06
  2.6000e+01     5.494487e-06
  2.8000e+01     6.428091e-06
  3.0000e+01     7.520313e-06
  3.2000e+01     8.798098e-06
  3.4000e+01     1.029296e-05
  3.6000e+01     1.204178e-05
  3.8000e+01     1.408767e-05
  4.0000e+01     1.648107e-05
  4.2000e+01     1.928100e-05
  4.4000e+01     2.255647e-05
  4.6000e+01     2.638817e-05
  4.8000e+01     3.087050e-05
  5.0000e+01     3.611385e-05
  5.2000e+01     4.224728e-05
  5.4000e+01     4.942171e-05
  5.6000e+01     5.781357e-05
  5.8000e+01     6.762909e-05
  6.0000e+01     7.910934e-05
  6.2000e+01     9.253601e-05
  6.4000e+01     1.082382e-04
  6.6000e+01     1.266004e-04
  6.8000e+01     1.480716e-04
  7.0000e+01     1.731758e-04
  7.2000e+01     2.025248e-04
  7.4000e+01     2.368321e-04
  7.6000e+01     2.769294e-04
  7.8000e+01     3.237862e-04
  8.0000e+01     3.785310e-04
  8.2000e+01     4.424770e-04
  8.4000e+01     5.171506e-04
  8.6000e+01     6.043235e-04
  8.8000e+01     7.060504e-04
  9.0000e+01     8.247093e-04
  9.2000e+01     9.630482e-04
  9.4000e+01     1.124234e-03
  9.6000e+01     1.311910e-03
  9.8000e+01     1.530249e-03
  1.0000e+02     1.784015e-03
  1.0200e+02     2.078624e-03
  1.0400e+02     2.420194e-03
  1.0600e+02     2.815591e-03
  1.0800e+02     3.272455e-03
  1.1000e+02     3.799198e-03
  1.1200e+02     4.404955e-03
  1.1400e+02     5.099473e-03
  1.1600e+02     5.892911e-03
  1.1800e+02     6.795512e-03
  1.2000e+02     7.817114e-03
  1.2200e+02     8.966440e-03
  1.2400e+02     1.025012e-02
  1.2600e+02     1.167138e-02
  1.2800e+02     1.322836e-02
  1.3000e+02     1.491194e-02
  1.3200e+02     1.670329e-02
  1.3400e+02     1.857091e-02
  1.3600e+02     2.046766e-02
  1.3800e+02     2.232798e-02
  1.4000e+02     2.406596e-02
  1.4200e+02     2.557518e-02
  1.4400e+02     2.673159e-02
  1.4600e+02     2.740064e-02
  1.4800e+02     2.745032e-02
  1.5000e+02     2.677054e-02
  1.5200e+02     2.538804e-02
  1.5400e+02     3.320308e-02
  1.5600e+02     2.089547e-02
  1.5800e+02     7.345609e-03
  1.6000e+02     2.421223e-03
  1.6200e+02     1.093321e-03
  1.6400e+02     7.207417e-04
  1.6600e+02     7.623599e-04
  1.6800e+02     3.666177e-04
  1.7000e+02     2.875880e-04
  1.7200e+02     2.322065e-04
  1.7400e+02     1.920240e-04
  1.7600e+02     1.620529e-04
  1.7800e+02     1.391896e-04
  1.8000e+02     1.214210e-04
  1.8200e+02     1.073958e-04
  1.8400e+02     9.618119e-05
  1.8600e+02     8.711757e-05
  1.8800e+02     7.972854e-05
  1.9000e+02     7.366389e-05
  1.9200e+02     6.866212e-05
  1.9400e+02     6.452525e-05
  1.9600e+02     6.110161e-05
  1.9800e+02     5.827384e-05
  2.0000e+02     5.595036e-05
  2.0200e+02     5.405925e-05
  2.0400e+02     5.254375e-05
  2.0600e+02     5.135897e-05
  2.0800e+02     5.046943e-05
  2.1000e+02     4.984721e-05
  2.1200e+02     4.947054e-05
  2.1400e+02     4.932273e-05
  2.1600e+02     4.939137e-05
  2.1800e+02     4.966770e-05
  2.2000e+02     5.014614e-05
  2.2200e+02     5.082391e-05
  2.2400e+02     5.170082e-05
  2.2600e+02     5.277904e-05
  2.2800e+02     5.406301e-05
  2.3000e+02     5.555934e-05
  2.3200e+02     5.727680e-05
  2.3400e+02     5.922638e-05
  2.3600e+02     6.142128e-05
  2.3800e+02     6.387705e-05
  2.4000e+02     6.661169e-05
  2.4200e+02     6.964586e-05
  2.4400e+02     7.300303e-05
  2.4600e+02     7.670974e-05
  2.4800e+02     8.079586e-05
  2.5000e+02     8.529496e-05
  2.5200e+02     9.024460e-05
  2.5400e+02     9.568680e-05
  2.5600e+02     1.016685e-04
  2.5800e+02     1.082421e-04
  2.6000e+02     1.154659e-04
  2.6200e+02     1.234052e-04
  2.6400e+02     1.321324e-04
  2.6600e+02     1.417285e-04
  2.6800e+02     1.522838e-04
  2.7000e+02     1.638985e-04
  2.7200e+02     1.766847e-04
  2.7400e+02     1.907673e-04
  2.7600e+02     2.062853e-04
  2.7800e+02     2.233937e-04
  2.8000e+02     2.422655e-04
  2.8200e+02     2.630933e-04
  2.8400e+02     2.860919e-04
  2.8600e+02     3.115005e-04
  2.8800e+02     3.395861e-04
  2.9000e+02     3.706458e-04
  2.9200e+02     4.050106e-04
  2.9400e+02     4.430492e-04
  2.9600e+02     4.851718e-04
  2.9800e+02     5.318347e-04
  3.0000e+02     5.835450e-04
  3.0200e+02     6.408658e-04
  3.0400e+02     7.044217e-04
  3.0600e+02     7.749048e-04
  3.0800e+02     8.530806e-04
  3.1000e+02     9.397943e-04
  3.1200e+02     1.035977e-03
  3.1400e+02     1.142654e-03
  3.1600e+02     1.260947e-03
  3.1800e+02     1.392083e-03
  3.2000e+02     1.537395e-03
  3.2200e+02     1.698331e-03
  3.2400e+02     1.876448e-03
  3.2600e+02     2.073413e-03
  3.2800e+02     2.290995e-03
  3.3000e+02     2.531057e-03
  3.3200e+02     2.795533e-03
  3.3400e+02     3.086403e-03
  3.3600e+02     3.405655e-03
  3.3800e+02     3.755234e-03
  3.4000e+02     4.136975e-03
  3.4200e+02     4.552519e-03
  3.4400e+02     5.003202e-03
  3.4600e+02     5.489929e-03
  3.4800e+02     6.013010e-03
  3.5000e+02     6.571980e-03
  3.5200e+02     7.165380e-03
  3.5400e+02     7.790524e-03
  3.5600e+02     8.443242e-03
  3.5800e+02     9.117619e-03
  3.6000e+02     9.805745e-03
  3.6200e+02     1.049751e-02
  3.6400e+02     1.118044e-02
  3.6600e+02     1.183970e-02
  3.6800e+02     1.245821e-02
  3.7000e+02     1.301698e-02
  3.7200e+02     1.349575e-02
  3.7400e+02     1.387385e-02
  3.7600e+02     1.413145e-02
  3.7800e+02     1.425099e-02
  3.8000e+02     1.421889e-02
  3.8200e+02     1.402718e-02
  3.8400e+02     1.367502e-02
  3.8600e+02     1.316966e-02
  3.8800e+02     1.252674e-02
  3.9000e+02     1.176959e-02
  3.9200e+02     1.092760e-02
  3.9400e+02     1.003364e-02
  3.9600e+02     9.121089e-03
  3.9800e+02     8.220743e-03
  4.0000e+02     7.358404e-03
  4.0200e+02     6.553330e-03
  4.0400e+02     5.817826e-03
  4.0600e+02     5.157782e-03
  4.0800e+02     4.573854e-03
  4.1000e+02     4.062913e-03
  4.1200e+02     3.619442e-03
  4.1400e+02     3.236691e-03
  4.1600e+02     2.907537e-03
  4.1800e+02     2.625047e-03
  4.2000e+02     2.382804e-03
  4.2200e+02     2.175069e-03
  4.2400e+02     1.996822e-03
  4.2600e+02     1.843743e-03
  4.2800e+02     1.712155e-03
  4.3000e+02     1.598053e-03
  4.3200e+02     1.499187e-03
  4.3400e+02     1.414130e-03
  4.3600e+02     1.340997e-03
  4.3800e+02     1.278209e-03
  4.4000e+02     1.224451e-03
  4.4200e+02     1.178621e-03
  4.4400e+02     1.139798e-03
  4.4600e+02     1.107215e-03
  4.4800e+02     1.080228e-03
  4.5000e+02     1.058305e-03
  4.5200e+02     1.041002e-03
  4.5400e+02     1.027951e-03
  4.5600e+02     1.018852e-03
  4.5800e+02     1.013462e-03
  4.6000e+02     1.011585e-03
  4.6200e+02     1.013070e-03
  4.6400e+02     1.017804e-03
  4.6600e+02     1.025707e-03
  4.6800e+02     1.036729e-03
  4.7000e+02     1.050851e-03
  4.7200e+02     1.068077e-03
  4.7400e+02     1.088435e-03
  4.7600e+02     1.111976e-03
  4.7800e+02     1.138772e-03
  4.8000e+02     1.168916e-03
  4.8200e+02     1.202521e-03
  4.8400e+02     1.239719e-03
  4.8600e+02     1.280661e-03
  4.8800e+02     1.325515e-03
  4.9000e+02     1.374470e-03
  4.9200e+02     1.427730e-03
  4.9400e+02     1.485519e-03
  4.9600e+02     1.548076e-03
  4.9800e+02     1.615658e-03
  5.0000e+02     1.688536e-03
  5.0200e+02     1.766995e-03
  5.0400e+02     1.851335e-03
  5.0600e+02     1.941865e-03
  5.0800e+02     2.038903e-03
  5.1000e+02     2.142773e-03
  5.1200e+02     2.253799e-03
  5.1400e+02     2.372306e-03
  5.1600e+02     2.498607e-03
  5.1800e+02     2.633003e-03
  5.2000e+02     2.775771e-03
  5.2200e+02     2.927157e-03
  5.2400e+02     3.087367e-03
  5.2600e+02     3.256553e-03
  5.2800e+02     3.434798e-03
  5.3000e+02     3.622106e-03
  5.3200e+02     3.818383e-03
  5.3400e+02     4.023417e-03
  5.3600e+02     4.236864e-03
  5.3800e+02     4.458223e-03
  5.4000e+02     4.686818e-03
  5.4200e+02     4.921780e-03
  5.4400e+02     5.162025e-03
  5.4600e+02     5.406238e-03
  5.4800e+02     5.652859e-03
  5.5000e+02     5.900078e-03
  5.5200e+02     6.145828e-03
  5.5400e+02     6.387793e-03
  5.5600e+02     6.623422e-03
  5.5800e+02     6.849958e-03
  5.6000e+02     7.064478e-03
  5.6200e+02     7.263940e-03
  5.6400e+02     7.445261e-03
  5.6600e+02     7.605385e-03
  5.6800e+02     7.741386e-03
  5.7000e+02     7.850563e-03
  5.7200e+02     7.930544e-03
  5.7400e+02     7.979397e-03
  5.7600e+02     7.995721e-03
  5.7800e+02     7.978734e-03
  5.8000e+02     7.928332e-03
  5.8200e+02     7.845127e-03
  5.8400e+02     7.730448e-03
  5.8600e+02     7.586313e-03
  5.8800e+02     7.415358e-03
  5.9000e+02     7.220747e-03
  5.9200e+02     7.006044e-03
  5.9400e+02     6.775076e-03
  5.9600e+02     6.531790e-03
  5.9800e+02     6.280105e-03
  6.0000e+02     6.023785e-03
  6.0200e+02     5.766329e-03
  6.0400e+02     5.510882e-03
  6.0600e+02     5.260184e-03
  6.0800e+02     5.016536e-03
  6.1000e+02     4.781797e-03
  6.1200e+02     4.557397e-03
  6.1400e+02     4.344373e-03
  6.1600e+02     4.143405e-03
  6.1800e+02     3.954873e-03
  6.2000e+02     3.778898e-03
  6.2200e+02     3.615395e-03
  6.2400e+02     3.464121e-03
  6.2600e+02     3.324710e-03
  6.2800e+02     3.196712e-03
  6.3000e+02     3.079623e-03
  6.3200e+02     2.972904e-03
  6.3400e+02     2.876009e-03
  6.3600e+02     2.788389e-03
  6.3800e+02     2.709514e-03
  6.4000e+02     2.638873e-03
  6.4200e+02     2.575982e-03
  6.4400e+02     2.520391e-03
  6.4600e+02     2.471680e-03
  6.4800e+02     2.429464e-03
  6.5000e+02     2.393391e-03
  6.5200e+02     2.363143e-03
  6.5400e+02     2.338434e-03
  6.5600e+02     2.319007e-03
  6.5800e+02     4.560477e-03
  6.6000e+02     2.802339e-03
  6.6200e+02     3.817484e-03
  6.6400e+02     2.269186e-03
  6.6600e+02     2.264334e-03
  6.6800e+02     2.264022e-03
  6.7000e+02     2.268118e-03
  6.7200e+02     2.276510e-03
  6.7400e+02     2.289105e-03
  6.7600e+02     2.305827e-03
  6.7800e+02     2.326616e-03
  6.8000e+02     2.351422e-03
  6.8200e+02     2.380212e-03
  6.8400e+02     2.412960e-03
  6.8600e+02     2.449648e-03
  6.8800e+02     2.490268e-03
  6.9000e+02     2.534814e-03
  6.9200e+02     2.583286e-03
  6.9400e+02     2.635684e-03
  6.9600e+02     2.692009e-03
  6.9800e+02     2.752258e-03
  7.0000e+02     2.816425e-03
  7.0200e+02     2.884496e-03
  7.0400e+02     2.956450e-03
  7.0600e+02     3.032252e-03
  7.0800e+02     3.111853e-03
  7.1000e+02     3.195189e-03
  7.1200e+02     3.282173e-03
  7.1400e+02     3.372695e-03
  7.1600e+02     3.466622e-03
  7.1800e+02     3.563788e-03
  7.2000e+02     3.663996e-03
  7.2200e+02     3.767013e-03
  7.2400e+02     3.872569e-03
  7.2600e+02     3.980352e-03
  7.2800e+02     4.090007e-03
