# Epidemic | total incidence [ x-unit: transmission cycles | y-unit: ]
  0.0000e+00     0.000000e+00
  1.4286e-01     1.169929e-05
  2.8571e-01     1.368734e-05
  4.2857e-01     1.601320e-05
  5.7143e-01     8.705051e-05
  7.1429e-01     4.627044e-05
  8.5714e-01     6.305732e-05
  1.0000e+00     1.442636e-04
  1.1428e+00     1.243418e-04
  1.2857e+00     4.373727e-05
  1.4285e+00     7.814220e-05
  1.5714e+00     2.807524e-04
  1.7142e+00     2.268657e-04
  1.8571e+00     2.287802e-04
  2.0000e+00     1.952764e-04
  2.1428e+00     2.738092e-04
  2.2857e+00     2.627291e-04
  2.4285e+00     1.842815e-04
  2.5714e+00     5.231903e-04
  2.7142e+00     8.993455e-04
  2.8571e+00     2.898845e-04
  3.0000e+00     1.243676e-03
  3.1428e+00     6.523697e-04
  3.2857e+00     1.126277e-03
  3.4285e+00     1.350403e-03
  3.5714e+00     2.386323e-03
  3.7142e+00     2.103705e-03
  3.8571e+00     2.592876e-03
  4.0000e+00     3.489456e-03
  4.1428e+00     2.270141e-03
  4.2857e+00     5.334775e-03
  4.4285e+00     3.565218e-03
  4.5714e+00     3.919759e-03
  4.7142e+00     6.602038e-03
  4.8571e+00     6.050757e-03
  5.0000e+00     3.839147e-03
  5.1428e+00     1.005322e-02
  5.2857e+00     1.365594e-02
  5.4285e+00     1.241650e-02
  5.5714e+00     6.350304e-03
  5.7142e+00     2.592375e-02
  5.8571e+00     2.289564e-02
  6.0000e+00     1.555133e-02
  6.1428e+00     1.251037e-02
  6.2857e+00     1.608131e-02
  6.4285e+00     1.368912e-02
  6.5714e+00     2.246492e-02
  6.7142e+00     5.563236e-02
  6.8571e+00     6.346630e-02
  7.0000e+00     2.845716e-02
  7.1428e+00     7.912839e-02
  7.2857e+00     3.360670e-02
  7.4285e+00     1.606095e-01
  7.5714e+00     1.252318e-01
  7.7142e+00     1.038866e-01
  7.8571e+00     1.620620e-01
  8.0000e+00     1.235525e-01
  8.1428e+00     2.094248e-01
  8.2857e+00     2.855054e-01
  8.4285e+00     9.158025e-02
  8.5714e+00     4.016859e-01
  8.7142e+00     4.836074e-01
  8.8571e+00     4.904120e-01
  9.0000e+00     4.128808e-01
  9.1428e+00     1.938715e-01
  9.2857e+00     4.199725e-01
  9.4285e+00     1.536403e-01
  9.5714e+00     3.530053e-01
  9.7142e+00     2.360921e-01
  9.8571e+00     3.023611e-01
  1.0000e+01     2.220071e-01
  1.0142e+01     2.267449e-01
  1.0285e+01     2.046518e-01
  1.0428e+01     1.979162e-01
  1.0571e+01     1.067339e-01
  1.0714e+01     1.370280e-01
  1.0857e+01     9.801591e-02
  1.1000e+01     7.932640e-02
  1.1142e+01     5.568114e-02
  1.1285e+01     5.606018e-02
  1.1428e+01     1.982333e-02
  1.1571e+01     3.876209e-02
  1.1714e+01     1.217525e-02
  1.1857e+01     3.425579e-02
  1.2000e+01     2.836611e-02
  1.2142e+01     1.256461e-02
  1.2285e+01     2.426684e-02
  1.2428e+01     1.443279e-02
  1.2571e+01     2.004453e-02
  1.2714e+01     1.263609e-02
  1.2857e+01     1.574432e-02
  1.3000e+01     1.680757e-02
  1.3142e+01     6.393540e-03
  1.3285e+01     1.685109e-02
  1.3428e+01     1.550526e-02
  1.3571e+01     1.050451e-02
  1.3714e+01     1.200817e-02
  1.3857e+01     8.568540e-03
  1.4000e+01     1.169195e-02
  1.4142e+01     1.286846e-02
  1.4285e+01     1.627568e-02
  1.4428e+01     1.580730e-02
  1.4571e+01     1.466893e-02
  1.4714e+01     1.765695e-02
  1.4857e+01     8.625077e-03
  1.5000e+01     4.912327e-03
  1.5142e+01     7.860990e-03
  1.5285e+01     9.808218e-03
  1.5428e+01     5.602906e-03
  1.5571e+01     7.190872e-03
  1.5714e+01     1.697199e-02
  1.5857e+01     1.568709e-02
  1.6000e+01     1.961632e-02
  1.6142e+01     1.168955e-02
  1.6285e+01     8.215414e-03
  1.6428e+01     1.623364e-02
  1.6571e+01     2.648806e-02
  1.6714e+01     2.726610e-02
  1.6857e+01     1.859015e-02
  1.7000e+01     1.284355e-02
  1.7142e+01     1.726525e-02
  1.7285e+01     2.331692e-02
  1.7428e+01     3.474982e-02
  1.7571e+01     2.442747e-02
  1.7714e+01     4.144209e-02
  1.7857e+01     5.220724e-02
  1.8000e+01     5.396307e-02
  1.8142e+01     5.648662e-02
  1.8285e+01     4.299499e-02
  1.8428e+01     3.055159e-02
  1.8571e+01     3.583276e-02
  1.8714e+01     8.405947e-02
  1.8857e+01     8.650490e-02
  1.9000e+01     9.468883e-02
  1.9142e+01     1.006379e-01
  1.9285e+01     1.294574e-01
  1.9428e+01     8.302484e-02
  1.9571e+01     1.362731e-01
  1.9714e+01     7.095656e-02
  1.9857e+01     1.252961e-01
  2.0000e+01     1.235186e-01
  2.0142e+01     1.866434e-01
  2.0285e+01     1.670696e-01
  2.0428e+01     2.277824e-01
  2.0571e+01     1.763079e-01
  2.0714e+01     2.089664e-01
  2.0857e+01     1.498251e-01
  2.1000e+01     2.372093e-01
  2.1142e+01     1.407747e-01
  2.1285e+01     1.674835e-01
  2.1428e+01     2.282233e-01
  2.1571e+01     1.578608e-01
  2.1714e+01     8.021056e-02
  2.1857e+01     5.324419e-02
  2.2000e+01     1.602407e-01
  2.2142e+01     1.374174e-01
  2.2285e+01     5.644999e-02
  2.2428e+01     8.378903e-02
  2.2571e+01     1.692944e-01
  2.2714e+01     1.979306e-01
  2.2857e+01     1.800712e-01
  2.3000e+01     8.632609e-02
  2.3142e+01     1.675247e-01
  2.3285e+01     5.699472e-02
  2.3428e+01     1.273754e-01
  2.3571e+01     1.343394e-01
  2.3714e+01     6.349923e-02
  2.3857e+01     8.954938e-02
  2.4000e+01     8.746320e-02
  2.4142e+01     4.213883e-02
  2.4285e+01     7.779265e-02
  2.4428e+01     2.546974e-02
  2.4571e+01     2.117981e-02
  2.4714e+01     6.438956e-02
  2.4857e+01     8.284125e-02
  2.5000e+01     2.976012e-02
  2.5142e+01     6.069337e-02
  2.5285e+01     2.694976e-02
  2.5428e+01     7.477846e-02
  2.5571e+01     7.636727e-02
  2.5714e+01     6.078498e-02
  2.5857e+01     2.583059e-02
  2.6000e+01     2.521269e-02
  2.6142e+01     3.924937e-02
  2.6285e+01     4.956529e-02
  2.6428e+01     1.727616e-02
  2.6571e+01     3.686406e-02
  2.6714e+01     1.746052e-02
  2.6857e+01     5.861869e-02
  2.7000e+01     3.694108e-02
  2.7142e+01     6.007700e-02
  2.7285e+01     7.420559e-02
  2.7428e+01     5.493569e-02
  2.7571e+01     2.034216e-02
  2.7714e+01     4.880193e-02
  2.7857e+01     7.398407e-02
  2.8000e+01     5.520350e-02
  2.8142e+01     7.135921e-02
  2.8285e+01     3.406434e-02
  2.8428e+01     7.142323e-02
  2.8571e+01     7.530662e-02
  2.8714e+01     4.134008e-02
  2.8857e+01     2.235166e-02
  2.9000e+01     4.957657e-02
  2.9142e+01     6.963511e-02
  2.9285e+01     4.636685e-02
  2.9428e+01     7.494049e-02
  2.9571e+01     1.199566e-01
  2.9714e+01     6.083124e-02
  2.9857e+01     5.744223e-02
  3.0000e+01     7.842016e-02
  3.0142e+01     1.322882e-01
  3.0285e+01     1.297907e-01
  3.0428e+01     8.676759e-02
  3.0571e+01     1.016148e-01
  3.0714e+01     4.345886e-02
  3.0857e+01     1.535998e-01
  3.1000e+01     1.305724e-01
  3.1142e+01     1.348089e-01
  3.1285e+01     8.006883e-02
  3.1428e+01     1.241011e-01
  3.1571e+01     5.376277e-02
  3.1714e+01     1.171399e-01
  3.1857e+01     1.308123e-01
  3.2000e+01     1.465051e-01
  3.2142e+01     9.405815e-02
  3.2285e+01     3.720799e-02
  3.2428e+01     4.902935e-02
  3.2571e+01     1.531825e-01
  3.2714e+01     4.635855e-02
  3.2857e+01     1.749159e-01
  3.3000e+01     1.171881e-01
  3.3142e+01     1.732835e-01
  3.3285e+01     9.257708e-02
  3.3428e+01     1.589041e-01
  3.3571e+01     1.367805e-01
  3.3714e+01     1.061401e-01
  3.3857e+01     1.245224e-01
  3.4000e+01     5.115226e-02
  3.4142e+01     1.401017e-01
  3.4285e+01     7.012536e-02
  3.4428e+01     5.459491e-02
  3.4571e+01     5.588291e-02
  3.4714e+01     4.535749e-02
  3.4857e+01     9.178514e-02
  3.5000e+01     1.023157e-01
  3.5142e+01     1.105910e-01
  3.5285e+01     1.067153e-01
  3.5428e+01     5.477463e-02
  3.5571e+01     8.981691e-02
  3.5714e+01     8.385339e-02
  3.5857e+01     6.202663e-02
  3.6000e+01     1.059543e-01
  3.6142e+01     6.521642e-02
  3.6285e+01     4.968185e-02
  3.6428e+01     6.533884e-02
  3.6571e+01     4.721332e-02
  3.6714e+01     7.812166e-02
  3.6857e+01     3.659457e-02
  3.7000e+01     3.914005e-02
  3.7142e+01     6.720588e-02
  3.7285e+01     6.124041e-02
  3.7428e+01     9.790706e-02
  3.7571e+01     5.625535e-02
  3.7714e+01     6.088716e-02
  3.7857e+01     8.359434e-02
  3.8000e+01     4.223104e-02
  3.8142e+01     6.681335e-02
  3.8285e+01     9.956064e-02
  3.8428e+01     6.861722e-02
  3.8571e+01     3.862052e-02
  3.8714e+01     8.466305e-02
  3.8857e+01     5.835506e-02
  3.9000e+01     3.335059e-02
  3.9142e+01     3.857853e-02
  3.9285e+01     5.402050e-02
  3.9428e+01     9.724105e-02
  3.9571e+01     1.201696e-01
  3.9714e+01     2.927378e-02
  3.9857e+01     3.332121e-02
  4.0000e+01     6.924269e-02
  4.0142e+01     8.724468e-02
  4.0285e+01     3.516044e-02
  4.0428e+01     8.103573e-02
  4.0571e+01     1.331564e-01
  4.0714e+01     5.135155e-02
  4.0857e+01     1.394848e-01
  4.1000e+01     9.120097e-02
  4.1142e+01     1.069086e-01
  4.1285e+01     9.894174e-02
  4.1428e+01     1.103239e-01
  4.1571e+01     3.230499e-02
  4.1714e+01     7.717576e-02
  4.1857e+01     1.332115e-01
  4.2000e+01     8.061610e-02
  4.2142e+01     3.375171e-02
  4.2285e+01     5.568052e-02
  4.2428e+01     1.224182e-01
  4.2571e+01     7.038777e-02
  4.2714e+01     5.486804e-02
  4.2857e+01     6.487422e-02
  4.3000e+01     1.105383e-01
  4.3142e+01     8.929001e-02
  4.3285e+01     5.997626e-02
  4.3428e+01     1.665913e-01
  4.3571e+01     1.102773e-01
  4.3714e+01     3.871902e-02
  4.3857e+01     1.263623e-01
  4.4000e+01     7.169963e-02
  4.4142e+01     1.425579e-01
  4.4285e+01     1.520494e-01
  4.4428e+01     6.749786e-02
  4.4571e+01     1.447614e-01
  4.4714e+01     1.658773e-01
  4.4857e+01     6.958253e-02
  4.5000e+01     4.863139e-02
  4.5142e+01     1.249831e-01
  4.5285e+01     9.664547e-02
  4.5428e+01     1.534838e-01
  4.5571e+01     1.195917e-01
  4.5714e+01     1.369278e-01
  4.5857e+01     1.126443e-01
  4.6000e+01     1.373676e-01
  4.6142e+01     9.859563e-02
  4.6285e+01     1.190538e-01
  4.6428e+01     8.565978e-02
  4.6571e+01     1.097665e-01
  4.6714e+01     5.151015e-02
  4.6857e+01     4.628884e-02
  4.7000e+01     9.457109e-02
  4.7142e+01     5.250474e-02
  4.7285e+01     3.712150e-02
  4.7428e+01     5.136301e-02
  4.7571e+01     1.037605e-01
  4.7714e+01     6.927887e-02
  4.7857e+01     2.100538e-02
  4.8000e+01     4.259348e-02
  4.8142e+01     2.675808e-02
  4.8285e+01     4.618522e-02
  4.8428e+01     3.929529e-02
  4.8571e+01     2.970007e-02
  4.8714e+01     3.968730e-02
  4.8857e+01     3.090550e-02
  4.9000e+01     6.671836e-02
  4.9142e+01     2.250274e-02
  4.9285e+01     8.454358e-02
  4.9428e+01     5.010463e-02
  4.9571e+01     4.724761e-02
  4.9714e+01     6.607574e-02
  4.9857e+01     2.957587e-02
  5.0000e+01     7.597781e-02
  5.0142e+01     5.077648e-02
  5.0285e+01     8.220023e-02
  5.0428e+01     5.391378e-02
  5.0571e+01     2.243531e-02
  5.0714e+01     7.001646e-02
  5.0857e+01     8.911887e-02
  5.1000e+01     3.070362e-02
  5.1142e+01     7.261925e-02
  5.1285e+01     1.179381e-01
  5.1428e+01     8.031819e-02
  5.1571e+01     6.850996e-02
  5.1714e+01     2.816530e-02
  5.1857e+01     6.543580e-02
  5.2000e+01     3.009896e-02
