# Epidemic | incidence [ x-unit: transmission cycles | y-unit: ]
  0.0000e+00     1.000000e-05
  1.4286e-01     1.169929e-05
  2.8571e-01     1.368734e-05
  4.2857e-01     1.601320e-05
  5.7143e-01     1.873429e-05
  7.1429e-01     2.191776e-05
  8.5714e-01     2.564217e-05
  1.0000e+00     2.999945e-05
  1.1428e+00     3.509711e-05
  1.2857e+00     4.106096e-05
  1.4285e+00     4.803817e-05
  1.5714e+00     5.620090e-05
  1.7142e+00     6.575058e-05
  1.8571e+00     7.692282e-05
  2.0000e+00     8.999327e-05
  2.1428e+00     1.052844e-04
  2.2857e+00     1.231734e-04
  2.4285e+00     1.441015e-04
  2.5714e+00     1.685849e-04
  2.7142e+00     1.972273e-04
  2.8571e+00     2.307350e-04
  3.0000e+00     2.699341e-04
  3.1428e+00     3.157905e-04
  3.2857e+00     3.694344e-04
  3.4285e+00     4.321870e-04
  3.5714e+00     5.055939e-04
  3.7142e+00     5.914619e-04
  3.8571e+00     6.919039e-04
  4.0000e+00     8.093899e-04
  4.1428e+00     9.468073e-04
  4.2857e+00     1.107531e-03
  4.4285e+00     1.295504e-03
  4.5714e+00     1.515335e-03
  4.7142e+00     1.772406e-03
  4.8571e+00     2.073002e-03
  5.0000e+00     2.424462e-03
  5.1428e+00     2.835348e-03
  5.2857e+00     3.315649e-03
  5.4285e+00     3.877012e-03
  5.5714e+00     4.533006e-03
  5.7142e+00     5.299434e-03
  5.8571e+00     6.194679e-03
  6.0000e+00     7.240108e-03
  6.1428e+00     8.460529e-03
  6.2857e+00     9.884705e-03
  6.4285e+00     1.154593e-02
  6.5714e+00     1.348267e-02
  6.7142e+00     1.573928e-02
  6.8571e+00     1.836674e-02
  7.0000e+00     2.142348e-02
  7.1428e+00     2.497621e-02
  7.2857e+00     2.910073e-02
  7.4285e+00     3.388271e-02
  7.5714e+00     3.941827e-02
  7.7142e+00     4.581437e-02
  7.8571e+00     5.318878e-02
  8.0000e+00     6.166937e-02
  8.1428e+00     7.139262e-02
  8.2857e+00     8.250075e-02
  8.4285e+00     9.513717e-02
  8.5714e+00     1.094396e-01
  8.7142e+00     1.255302e-01
  8.8571e+00     1.435017e-01
  9.0000e+00     1.633994e-01
  9.1428e+00     1.851970e-01
  9.2857e+00     2.087672e-01
  9.4285e+00     2.338460e-01
  9.5714e+00     2.599927e-01
  9.7142e+00     2.865472e-01
  9.8571e+00     3.125917e-01
  1.0000e+01     3.369234e-01
  1.0142e+01     3.580526e-01
  1.0285e+01     3.742422e-01
  1.0428e+01     3.836090e-01
  1.0571e+01     3.843045e-01
  1.0714e+01     3.747875e-01
  1.0857e+01     3.541778e-01
  1.1000e+01     3.226495e-01
  1.1142e+01     2.817755e-01
  1.1285e+01     2.346828e-01
  1.1428e+01     1.858394e-01
  1.1571e+01     1.402780e-01
  1.1714e+01     1.021817e-01
  1.1857e+01     7.337026e-02
  1.2000e+01     5.305049e-02
  1.2142e+01     3.914093e-02
  1.2285e+01     2.961561e-02
  1.2428e+01     2.298778e-02
  1.2571e+01     1.827517e-02
  1.2714e+01     1.484819e-02
  1.2857e+01     1.230250e-02
  1.3000e+01     1.037447e-02
  1.3142e+01     8.888760e-03
  1.3285e+01     7.726239e-03
  1.3428e+01     6.804324e-03
  1.3571e+01     6.064644e-03
  1.3714e+01     5.465204e-03
  1.3857e+01     4.975292e-03
  1.4000e+01     4.572118e-03
  1.4142e+01     4.238536e-03
  1.4285e+01     3.961496e-03
  1.4428e+01     3.730953e-03
  1.4571e+01     3.539102e-03
  1.4714e+01     3.379831e-03
  1.4857e+01     3.248318e-03
  1.5000e+01     3.140739e-03
  1.5142e+01     3.054052e-03
  1.5285e+01     2.985831e-03
  1.5428e+01     2.934145e-03
  1.5571e+01     2.897462e-03
  1.5714e+01     2.874578e-03
  1.5857e+01     2.864563e-03
  1.6000e+01     2.866715e-03
  1.6142e+01     2.880531e-03
  1.6285e+01     2.905676e-03
  1.6428e+01     2.941973e-03
  1.6571e+01     2.989378e-03
  1.6714e+01     3.047977e-03
  1.6857e+01     3.117975e-03
  1.7000e+01     3.199695e-03
  1.7142e+01     3.293570e-03
  1.7285e+01     3.400151e-03
  1.7428e+01     3.520101e-03
  1.7571e+01     3.654203e-03
  1.7714e+01     3.803364e-03
  1.7857e+01     3.968623e-03
  1.8000e+01     4.151155e-03
  1.8142e+01     4.352286e-03
  1.8285e+01     4.573504e-03
  1.8428e+01     4.816468e-03
  1.8571e+01     5.083026e-03
  1.8714e+01     5.375230e-03
  1.8857e+01     5.695358e-03
  1.9000e+01     6.045928e-03
  1.9142e+01     6.429727e-03
  1.9285e+01     6.849831e-03
  1.9428e+01     7.309634e-03
  1.9571e+01     7.812876e-03
  1.9714e+01     8.363675e-03
  1.9857e+01     8.966559e-03
  2.0000e+01     9.626503e-03
  2.0142e+01     1.034897e-02
  2.0285e+01     1.113993e-02
  2.0428e+01     1.200595e-02
  2.0571e+01     1.295416e-02
  2.0714e+01     1.399238e-02
  2.0857e+01     1.512909e-02
  2.1000e+01     1.637350e-02
  2.1142e+01     1.773558e-02
  2.1285e+01     1.922610e-02
  2.1428e+01     2.085660e-02
  2.1571e+01     2.263948e-02
  2.1714e+01     2.458790e-02
  2.1857e+01     2.671579e-02
  2.2000e+01     2.903780e-02
  2.2142e+01     3.156916e-02
  2.2285e+01     3.432557e-02
  2.2428e+01     3.732299e-02
  2.2571e+01     4.057736e-02
  2.2714e+01     4.410427e-02
  2.2857e+01     4.791853e-02
  2.3000e+01     5.203359e-02
  2.3142e+01     5.646087e-02
  2.3285e+01     6.120899e-02
  2.3428e+01     6.628275e-02
  2.3571e+01     7.168207e-02
  2.3714e+01     7.740066e-02
  2.3857e+01     8.342467e-02
  2.4000e+01     8.973107e-02
  2.4142e+01     9.628614e-02
  2.4285e+01     1.030437e-01
  2.4428e+01     1.099439e-01
  2.4571e+01     1.169114e-01
  2.4714e+01     1.238550e-01
  2.4857e+01     1.306669e-01
  2.5000e+01     1.372237e-01
  2.5142e+01     1.433876e-01
  2.5285e+01     1.490094e-01
  2.5428e+01     1.539330e-01
  2.5571e+01     1.580012e-01
  2.5714e+01     1.610638e-01
  2.5857e+01     1.629855e-01
  2.6000e+01     1.636563e-01
  2.6142e+01     1.630008e-01
  2.6285e+01     1.609867e-01
  2.6428e+01     1.576315e-01
  2.6571e+01     1.530056e-01
  2.6714e+01     1.472314e-01
  2.6857e+01     1.404773e-01
  2.7000e+01     1.329478e-01
  2.7142e+01     1.248698e-01
  2.7285e+01     1.164765e-01
  2.7428e+01     1.079921e-01
  2.7571e+01     9.961820e-02
  2.7714e+01     9.152364e-02
  2.7857e+01     8.383923e-02
  2.8000e+01     7.665658e-02
  2.8142e+01     7.003076e-02
  2.8285e+01     6.398544e-02
  2.8428e+01     5.851931e-02
  2.8571e+01     5.361266e-02
  2.8714e+01     4.923342e-02
  2.8857e+01     4.534226e-02
  2.9000e+01     4.189646e-02
  2.9142e+01     3.885280e-02
  2.9285e+01     3.616949e-02
  2.9428e+01     3.380736e-02
  2.9571e+01     3.173052e-02
  2.9714e+01     2.990660e-02
  2.9857e+01     2.830680e-02
  3.0000e+01     2.690570e-02
  3.0142e+01     2.568103e-02
  3.0285e+01     2.461341e-02
  3.0428e+01     2.368601e-02
  3.0571e+01     2.288429e-02
  3.0714e+01     2.219571e-02
  3.0857e+01     2.160951e-02
  3.1000e+01     2.111646e-02
  3.1142e+01     2.070869e-02
  3.1285e+01     2.037950e-02
  3.1428e+01     2.012322e-02
  3.1571e+01     1.993509e-02
  3.1714e+01     1.981116e-02
  3.1857e+01     1.974816e-02
  3.2000e+01     1.974345e-02
  3.2142e+01     1.979495e-02
  3.2285e+01     1.990110e-02
  3.2428e+01     2.006075e-02
  3.2571e+01     2.027319e-02
  3.2714e+01     2.053807e-02
  3.2857e+01     2.085539e-02
  3.3000e+01     2.122544e-02
  3.3142e+01     2.164885e-02
  3.3285e+01     2.212647e-02
  3.3428e+01     2.265945e-02
  3.3571e+01     2.324915e-02
  3.3714e+01     2.389715e-02
  3.3857e+01     2.460524e-02
  3.4000e+01     2.537540e-02
  3.4142e+01     2.620976e-02
  3.4285e+01     2.711063e-02
  3.4428e+01     2.808040e-02
  3.4571e+01     2.912159e-02
  3.4714e+01     3.023679e-02
  3.4857e+01     3.142859e-02
  3.5000e+01     3.269960e-02
  3.5142e+01     3.405237e-02
  3.5285e+01     3.548933e-02
  3.5428e+01     3.701277e-02
  3.5571e+01     3.862469e-02
  3.5714e+01     4.032682e-02
  3.5857e+01     4.212044e-02
  3.6000e+01     4.400634e-02
  3.6142e+01     4.598468e-02
  3.6285e+01     4.805487e-02
  3.6428e+01     5.021545e-02
  3.6571e+01     5.246395e-02
  3.6714e+01     5.479674e-02
  3.6857e+01     5.720886e-02
  3.7000e+01     5.969390e-02
  3.7142e+01     6.224382e-02
  3.7285e+01     6.484886e-02
  3.7428e+01     6.749736e-02
  3.7571e+01     7.017568e-02
  3.7714e+01     7.286816e-02
  3.7857e+01     7.555704e-02
  3.8000e+01     7.822255e-02
  3.8142e+01     8.084295e-02
  3.8285e+01     8.339471e-02
  3.8428e+01     8.585277e-02
  3.8571e+01     8.819085e-02
  3.8714e+01     9.038189e-02
  3.8857e+01     9.239856e-02
  3.9000e+01     9.421388e-02
  3.9142e+01     9.580185e-02
  3.9285e+01     9.713826e-02
  3.9428e+01     9.820134e-02
  3.9571e+01     9.897264e-02
  3.9714e+01     9.943763e-02
  3.9857e+01     9.958641e-02
  4.0000e+01     9.941420e-02
  4.0142e+01     9.892168e-02
  4.0285e+01     9.811516e-02
  4.0428e+01     9.700655e-02
  4.0571e+01     9.561304e-02
  4.0714e+01     9.395668e-02
  4.0857e+01     9.206363e-02
  4.1000e+01     8.996340e-02
  4.1142e+01     8.768785e-02
  4.1285e+01     8.527022e-02
  4.1428e+01     8.274412e-02
  4.1571e+01     8.014260e-02
  4.1714e+01     7.749733e-02
  4.1857e+01     7.483785e-02
  4.2000e+01     7.219107e-02
  4.2142e+01     6.958089e-02
  4.2285e+01     6.702798e-02
  4.2428e+01     6.454971e-02
  4.2571e+01     6.216024e-02
  4.2714e+01     5.987068e-02
  4.2857e+01     5.768931e-02
  4.3000e+01     5.562190e-02
  4.3142e+01     5.367203e-02
  4.3285e+01     5.184140e-02
  4.3428e+01     5.013014e-02
  4.3571e+01     4.853713e-02
  4.3714e+01     4.706026e-02
  4.3857e+01     4.569666e-02
  4.4000e+01     4.444294e-02
  4.4142e+01     4.329534e-02
  4.4285e+01     4.224986e-02
  4.4428e+01     4.130243e-02
  4.4571e+01     4.044897e-02
  4.4714e+01     3.968549e-02
  4.4857e+01     3.900810e-02
  4.5000e+01     3.841312e-02
  4.5142e+01     3.789704e-02
  4.5285e+01     3.745659e-02
  4.5428e+01     3.708873e-02
  4.5571e+01     3.679065e-02
  4.5714e+01     3.655978e-02
  4.5857e+01     3.639378e-02
  4.6000e+01     3.629053e-02
  4.6142e+01     3.624812e-02
  4.6285e+01     3.626484e-02
  4.6428e+01     3.633917e-02
  4.6571e+01     3.646976e-02
  4.6714e+01     3.665541e-02
  4.6857e+01     3.689507e-02
  4.7000e+01     3.718779e-02
  4.7142e+01     3.753275e-02
  4.7285e+01     3.792921e-02
  4.7428e+01     3.837649e-02
  4.7571e+01     3.887397e-02
  4.7714e+01     3.942104e-02
  4.7857e+01     4.001713e-02
  4.8000e+01     4.066162e-02
  4.8142e+01     4.135389e-02
  4.8285e+01     4.209324e-02
  4.8428e+01     4.287889e-02
  4.8571e+01     4.370996e-02
  4.8714e+01     4.458542e-02
  4.8857e+01     4.550410e-02
  4.9000e+01     4.646464e-02
  4.9142e+01     4.746546e-02
  4.9285e+01     4.850473e-02
  4.9428e+01     4.958037e-02
  4.9571e+01     5.069000e-02
  4.9714e+01     5.183091e-02
  4.9857e+01     5.300006e-02
  5.0000e+01     5.419405e-02
  5.0142e+01     5.540908e-02
  5.0285e+01     5.664098e-02
  5.0428e+01     5.788516e-02
  5.0571e+01     5.913663e-02
  5.0714e+01     6.039000e-02
  5.0857e+01     6.163949e-02
  5.1000e+01     6.287896e-02
  5.1142e+01     6.410192e-02
  5.1285e+01     6.530158e-02
  5.1428e+01     6.647092e-02
  5.1571e+01     6.760270e-02
  5.1714e+01     6.868960e-02
  5.1857e+01     6.972424e-02
  5.2000e+01     7.069930e-02
