# Epidemic | daily incidence [ x-unit: days | y-unit: ]
# ==============================================================================
  0.0000e+00     7.142857e-07
  2.0000e+00     8.356636e-07
  4.0000e+00     9.776668e-07
  6.0000e+00     1.143800e-06
  8.0000e+00     1.338164e-06
  1.0000e+01     1.565554e-06
  1.2000e+01     1.831584e-06
  1.4000e+01     2.142818e-06
  1.6000e+01     2.506936e-06
  1.8000e+01     2.932926e-06
  2.0000e+01     3.431298e-06
  2.2000e+01     4.014350e-06
  2.4000e+01     4.696470e-06
  2.6000e+01     5.494487e-06
  2.8000e+01     6.428091e-06
  3.0000e+01     7.520313e-06
  3.2000e+01     8.798098e-06
  3.4000e+01     1.029296e-05
  3.6000e+01     1.204178e-05
  3.8000e+01     1.408767e-05
  4.0000e+01     1.648107e-05
  4.2000e+01     1.928100e-05
  4.4000e+01     2.255647e-05
  4.6000e+01     2.638817e-05
  4.8000e+01     3.087050e-05
  5.0000e+01     3.611385e-05
  5.2000e+01     4.224728e-05
  5.4000e+01     4.942171e-05
  5.6000e+01     5.781357e-05
  5.8000e+01     6.762909e-05
  6.0000e+01     7.910934e-05
  6.2000e+01     9.253601e-05
  6.4000e+01     1.082382e-04
  6.6000e+01     1.266004e-04
  6.8000e+01     1.480716e-04
  7.0000e+01     1.731758e-04
  7.2000e+01     2.025248e-04
  7.4000e+01     2.368321e-04
  7.6000e+01     2.769294e-04
  7.8000e+01     3.237862e-04
  8.0000e+01     3.785310e-04
  8.2000e+01     4.424770e-04
  8.4000e+01     5.171506e-04
  8.6000e+01     6.043235e-04
  8.8000e+01     7.060504e-04
  9.0000e+01     8.247093e-04
  9.2000e+01     9.630482e-04
  9.4000e+01     1.124234e-03
  9.6000e+01     1.311910e-03
  9.8000e+01     1.530249e-03
  1.0000e+02     1.784015e-03
  1.0200e+02     2.078624e-03
  1.0400e+02     2.420194e-03
  1.0600e+02     2.815591e-03
  1.0800e+02     3.272455e-03
  1.1000e+02     3.799198e-03
  1.1200e+02     4.404955e-03
  1.1400e+02     5.099473e-03
  1.1600e+02     5.892911e-03
  1.1800e+02     6.795512e-03
  1.2000e+02     7.817114e-03
  1.2200e+02     8.966440e-03
  1.2400e+02     1.025012e-02
  1.2600e+02     1.167138e-02
  1.2800e+02     1.322836e-02
  1.3000e+02     1.491194e-02
  1.3200e+02     1.670329e-02
  1.3400e+02     1.857091e-02
  1.3600e+02     2.046766e-02
  1.3800e+02     2.232798e-02
  1.4000e+02     2.406596e-02
  1.4200e+02     2.557518e-02
  1.4400e+02     2.673159e-02
  1.4600e+02     2.740064e-02
  1.4800e+02     2.745032e-02
  1.5000e+02     2.677054e-02
  1.5200e+02     4.567935e-02
  1.5400e+02     3.817381e-02
  1.5600e+02     1.046696e-02
  1.5800e+02     1.226399e-03
  1.6000e+02     7.645772e-04
  1.6200e+02     5.299468e-04
  1.6400e+02     3.904245e-04
  1.6600e+02     3.002403e-04
  1.6800e+02     2.386203e-04
  1.7000e+02     1.947662e-04
  1.7200e+02     1.625539e-04
  1.7400e+02     1.382851e-04
  1.7600e+02     1.196170e-04
  1.7800e+02     1.050073e-04
  1.8000e+02     9.340816e-05
  1.8200e+02     8.408845e-05
  1.8400e+02     7.652645e-05
  1.8600e+02     7.034245e-05
  1.8800e+02     6.525536e-05
  1.9000e+02     6.105401e-05
  1.9200e+02     5.757769e-05
  1.9400e+02     5.470272e-05
  1.9600e+02     5.233306e-05
  1.9800e+02     5.039353e-05
  2.0000e+02     4.882495e-05
  2.0200e+02     4.758057e-05
  2.0400e+02     4.662344e-05
  2.0600e+02     4.592438e-05
  2.0800e+02     4.546051e-05
  2.1000e+02     4.521413e-05
  2.1200e+02     4.517182e-05
  2.1400e+02     4.532382e-05
  2.1600e+02     4.566349e-05
  2.1800e+02     4.618694e-05
  2.2000e+02     4.689276e-05
  2.2200e+02     4.778178e-05
  2.2400e+02     4.885700e-05
  2.2600e+02     5.012341e-05
  2.2800e+02     5.158801e-05
  2.3000e+02     5.325981e-05
  2.3200e+02     5.514982e-05
  2.3400e+02     5.727115e-05
  2.3600e+02     5.963913e-05
  2.3800e+02     6.227141e-05
  2.4000e+02     6.518812e-05
  2.4200e+02     6.841213e-05
  2.4400e+02     7.196920e-05
  2.4600e+02     7.588833e-05
  2.4800e+02     8.020203e-05
  2.5000e+02     8.494670e-05
  2.5200e+02     9.016301e-05
  2.5400e+02     9.589638e-05
  2.5600e+02     1.021975e-04
  2.5800e+02     1.091229e-04
  2.6000e+02     1.167356e-04
  2.6200e+02     1.251060e-04
  2.6400e+02     1.343123e-04
  2.6600e+02     1.444419e-04
  2.6800e+02     1.555922e-04
  2.7000e+02     1.678717e-04
  2.7200e+02     1.814016e-04
  2.7400e+02     1.963167e-04
  2.7600e+02     2.127676e-04
  2.7800e+02     2.309223e-04
  2.8000e+02     2.509680e-04
  2.8200e+02     2.731136e-04
  2.8400e+02     2.975920e-04
  2.8600e+02     3.246630e-04
  2.8800e+02     3.546162e-04
  2.9000e+02     3.877744e-04
  2.9200e+02     4.244975e-04
  2.9400e+02     4.651860e-04
  2.9600e+02     5.102861e-04
  2.9800e+02     5.602939e-04
  3.0000e+02     6.157609e-04
  3.0200e+02     6.772996e-04
  3.0400e+02     7.455891e-04
  3.0600e+02     8.213818e-04
  3.0800e+02     9.055095e-04
  3.1000e+02     9.988900e-04
  3.1200e+02     1.102534e-03
  3.1400e+02     1.217552e-03
  3.1600e+02     1.345158e-03
  3.1800e+02     1.486677e-03
  3.2000e+02     1.643548e-03
  3.2200e+02     1.817325e-03
  3.2400e+02     2.009676e-03
  3.2600e+02     2.222379e-03
  3.2800e+02     2.457311e-03
  3.3000e+02     2.716434e-03
  3.3200e+02     3.001766e-03
  3.3400e+02     3.315352e-03
  3.3600e+02     3.659213e-03
  3.3800e+02     4.035281e-03
  3.4000e+02     4.445322e-03
  3.4200e+02     4.890832e-03
  3.4400e+02     5.372907e-03
  3.4600e+02     5.892093e-03
  3.4800e+02     6.448196e-03
  3.5000e+02     7.040078e-03
  3.5200e+02     7.665413e-03
  3.5400e+02     8.320428e-03
  3.5600e+02     8.999632e-03
  3.5800e+02     9.695549e-03
  3.6000e+02     1.039848e-02
  3.6200e+02     1.109635e-02
  3.6400e+02     1.177459e-02
  3.6600e+02     1.241628e-02
  3.6800e+02     1.300237e-02
  3.7000e+02     1.351229e-02
  3.7200e+02     1.392476e-02
  3.7400e+02     1.421898e-02
  3.7600e+02     1.437610e-02
  3.7800e+02     1.438089e-02
  3.8000e+02     1.422352e-02
  3.8200e+02     1.390120e-02
  3.8400e+02     1.341934e-02
  3.8600e+02     1.279210e-02
  3.8800e+02     1.204190e-02
  3.9000e+02     1.119792e-02
  3.9200e+02     1.029366e-02
  3.9400e+02     1.680156e-02
  3.9600e+02     1.487721e-02
  3.9800e+02     1.283409e-02
  4.0000e+02     1.080898e-02
  4.0200e+02     8.923657e-03
  4.0400e+02     7.263786e-03
  4.0600e+02     5.869017e-03
  4.0800e+02     4.737704e-03
  4.1000e+02     3.841343e-03
  4.1200e+02     1.746804e-03
  4.1400e+02     1.449861e-03
  4.1600e+02     1.222050e-03
  4.1800e+02     1.044991e-03
  4.2000e+02     9.056581e-04
  4.2200e+02     7.947434e-04
  4.2400e+02     7.055241e-04
  4.2600e+02     6.330858e-04
  4.2800e+02     5.737934e-04
  4.3000e+02     5.249255e-04
  4.3200e+02     4.844223e-04
  4.3400e+02     4.507082e-04
  4.3600e+02     4.225660e-04
  4.3800e+02     3.990471e-04
  4.4000e+02     3.794068e-04
  4.4200e+02     3.630559e-04
  4.4400e+02     3.495258e-04
  4.4600e+02     3.384426e-04
  4.4800e+02     3.295064e-04
  4.5000e+02     3.224770e-04
  4.5200e+02     3.171624e-04
  4.5400e+02     3.134096e-04
  4.5600e+02     3.110977e-04
  4.5800e+02     3.101332e-04
  4.6000e+02     3.104455e-04
  4.6200e+02     3.119836e-04
  4.6400e+02     3.147139e-04
  4.6600e+02     3.186180e-04
  4.6800e+02     3.236917e-04
  4.7000e+02     3.299435e-04
  4.7200e+02     4.504843e-04
  4.7400e+02     4.620197e-04
  4.7600e+02     4.752083e-04
  4.7800e+02     4.901202e-04
  4.8000e+02     5.068393e-04
  4.8200e+02     5.254643e-04
  4.8400e+02     5.461086e-04
  4.8600e+02     4.260719e-04
  4.8800e+02     4.448861e-04
  4.9000e+02     4.655947e-04
  4.9200e+02     4.883410e-04
  4.9400e+02     5.132843e-04
  4.9600e+02     5.406015e-04
  4.9800e+02     5.704883e-04
  5.0000e+02     6.031603e-04
  5.0200e+02     6.388552e-04
  5.0400e+02     6.778339e-04
  5.0600e+02     7.203827e-04
  5.0800e+02     7.668152e-04
  5.1000e+02     8.174741e-04
  5.1200e+02     8.727333e-04
  5.1400e+02     9.330003e-04
  5.1600e+02     9.987179e-04
  5.1800e+02     1.070366e-03
  5.2000e+02     1.148466e-03
  5.2200e+02     1.233578e-03
  5.2400e+02     1.326305e-03
  5.2600e+02     1.427295e-03
  5.2800e+02     1.537239e-03
  5.3000e+02     1.656871e-03
  5.3200e+02     1.786968e-03
  5.3400e+02     1.928345e-03
  5.3600e+02     2.081852e-03
  5.3800e+02     2.248366e-03
  5.4000e+02     2.428784e-03
  5.4200e+02     2.624007e-03
  5.4400e+02     2.834927e-03
  5.4600e+02     3.062407e-03
  5.4800e+02     3.307255e-03
  5.5000e+02     3.570190e-03
  5.5200e+02     3.851810e-03
  5.5400e+02     4.152543e-03
  5.5600e+02     4.472600e-03
  5.5800e+02     4.811910e-03
  5.6000e+02     5.170058e-03
  5.6200e+02     5.546209e-03
  5.6400e+02     5.939028e-03
  5.6600e+02     6.346602e-03
  5.6800e+02     6.766352e-03
  5.7000e+02     1.117913e-02
  5.7200e+02     1.182442e-02
  5.7400e+02     1.242722e-02
  5.7600e+02     1.296881e-02
  5.7800e+02     1.342933e-02
  5.8000e+02     8.878562e-03
  5.8200e+02     9.074891e-03
  5.8400e+02     9.229949e-03
  5.8600e+02     9.339176e-03
  5.8800e+02     9.398811e-03
  5.9000e+02     9.406131e-03
  5.9200e+02     9.359661e-03
  5.9400e+02     9.259338e-03
  5.9600e+02     9.106600e-03
  5.9800e+02     8.904394e-03
  6.0000e+02     8.657085e-03
  6.0200e+02     8.370278e-03
  6.0400e+02     8.050545e-03
  6.0600e+02     7.705102e-03
  6.0800e+02     7.341444e-03
  6.1000e+02     6.966986e-03
  6.1200e+02     6.588734e-03
  6.1400e+02     6.213020e-03
  6.1600e+02     5.845304e-03
  6.1800e+02     5.490073e-03
  6.2000e+02     5.150804e-03
  6.2200e+02     4.830005e-03
  6.2400e+02     4.529299e-03
  6.2600e+02     4.249544e-03
  6.2800e+02     3.990968e-03
  6.3000e+02     3.753298e-03
  6.3200e+02     3.535892e-03
  6.3400e+02     3.337847e-03
  6.3600e+02     3.158091e-03
  6.3800e+02     2.995462e-03
  6.4000e+02     2.848761e-03
  6.4200e+02     2.716801e-03
  6.4400e+02     2.598433e-03
  6.4600e+02     2.492567e-03
  6.4800e+02     2.398188e-03
  6.5000e+02     2.314358e-03
  6.5200e+02     2.240222e-03
  6.5400e+02     2.175004e-03
  6.5600e+02     2.118007e-03
  6.5800e+02     2.068610e-03
  6.6000e+02     2.026259e-03
  6.6200e+02     1.990464e-03
  6.6400e+02     1.960797e-03
  6.6600e+02     1.936880e-03
  6.6800e+02     1.918390e-03
  6.7000e+02     1.905043e-03
  6.7200e+02     1.896600e-03
  6.7400e+02     1.892859e-03
  6.7600e+02     1.893650e-03
  6.7800e+02     1.898834e-03
  6.8000e+02     1.908301e-03
  6.8200e+02     1.921967e-03
  6.8400e+02     1.939767e-03
  6.8600e+02     1.961663e-03
  6.8800e+02     1.987630e-03
  6.9000e+02     2.017663e-03
  6.9200e+02     2.051772e-03
  6.9400e+02     2.089981e-03
  6.9600e+02     2.132325e-03
  6.9800e+02     2.178849e-03
  7.0000e+02     2.229607e-03
  7.0200e+02     2.284659e-03
  7.0400e+02     2.344071e-03
  7.0600e+02     2.407909e-03
  7.0800e+02     2.476242e-03
  7.1000e+02     2.549136e-03
  7.1200e+02     2.626652e-03
  7.1400e+02     2.708843e-03
  7.1600e+02     2.795753e-03
  7.1800e+02     2.887410e-03
  7.2000e+02     2.983824e-03
  7.2200e+02     3.084985e-03
  7.2400e+02     3.190854e-03
  7.2600e+02     3.301364e-03
  7.2800e+02     3.416408e-03
