# Epidemic | daily incidence [ x-unit: days | y-unit: ]
# ==============================================================================
  0.0000e+00     7.142857e-07
  2.0000e+00     8.356636e-07
  4.0000e+00     9.776668e-07
  6.0000e+00     1.143800e-06
  8.0000e+00     1.338164e-06
  1.0000e+01     1.565554e-06
  1.2000e+01     1.831584e-06
  1.4000e+01     2.142818e-06
  1.6000e+01     2.506936e-06
  1.8000e+01     2.932926e-06
  2.0000e+01     3.431298e-06
  2.2000e+01     4.014350e-06
  2.4000e+01     4.696470e-06
  2.6000e+01     5.494487e-06
  2.8000e+01     6.428091e-06
  3.0000e+01     7.520313e-06
  3.2000e+01     8.798098e-06
  3.4000e+01     1.029296e-05
  3.6000e+01     1.204178e-05
  3.8000e+01     1.408767e-05
  4.0000e+01     1.648107e-05
  4.2000e+01     1.928100e-05
  4.4000e+01     2.255647e-05
  4.6000e+01     2.638817e-05
  4.8000e+01     3.087050e-05
  5.0000e+01     3.611385e-05
  5.2000e+01     4.224728e-05
  5.4000e+01     4.942171e-05
  5.6000e+01     5.781357e-05
  5.8000e+01     6.762909e-05
  6.0000e+01     7.910934e-05
  6.2000e+01     9.253601e-05
  6.4000e+01     1.082382e-04
  6.6000e+01     1.266004e-04
  6.8000e+01     1.480716e-04
  7.0000e+01     1.731758e-04
  7.2000e+01     2.025248e-04
  7.4000e+01     2.368321e-04
  7.6000e+01     2.769294e-04
  7.8000e+01     3.237862e-04
  8.0000e+01     3.785310e-04
  8.2000e+01     4.424770e-04
  8.4000e+01     5.171506e-04
  8.6000e+01     6.043235e-04
  8.8000e+01     7.060504e-04
  9.0000e+01     8.247093e-04
  9.2000e+01     9.630482e-04
  9.4000e+01     1.124234e-03
  9.6000e+01     1.311910e-03
  9.8000e+01     1.530249e-03
  1.0000e+02     1.784015e-03
  1.0200e+02     2.078624e-03
  1.0400e+02     2.420194e-03
  1.0600e+02     2.815591e-03
  1.0800e+02     3.272455e-03
  1.1000e+02     3.799198e-03
  1.1200e+02     4.404955e-03
  1.1400e+02     5.099473e-03
  1.1600e+02     5.892911e-03
  1.1800e+02     6.795512e-03
  1.2000e+02     7.817114e-03
  1.2200e+02     8.966440e-03
  1.2400e+02     1.025012e-02
  1.2600e+02     1.167138e-02
  1.2800e+02     1.322836e-02
  1.3000e+02     1.491194e-02
  1.3200e+02     1.670329e-02
  1.3400e+02     1.857091e-02
  1.3600e+02     2.046766e-02
  1.3800e+02     2.232798e-02
  1.4000e+02     2.406596e-02
  1.4200e+02     2.557518e-02
  1.4400e+02     2.673159e-02
  1.4600e+02     2.740064e-02
  1.4800e+02     2.745032e-02
  1.5000e+02     2.677054e-02
  1.5200e+02     2.541828e-02
  1.5400e+02     4.331324e-02
  1.5600e+02     2.211362e-03
  1.5800e+02     2.176998e-03
  1.6000e+02     1.158993e-03
  1.6200e+02     4.666746e-04
  1.6400e+02     3.274276e-04
  1.6600e+02     5.194818e-04
  1.6800e+02     1.703338e-04
  1.7000e+02     1.394974e-04
  1.7200e+02     1.167805e-04
  1.7400e+02     9.962129e-05
  1.7600e+02     8.639219e-05
  1.7800e+02     7.601877e-05
  1.8000e+02     6.776918e-05
  1.8200e+02     6.113160e-05
  1.8400e+02     5.573995e-05
  1.8600e+02     5.132728e-05
  1.8800e+02     4.769559e-05
  1.9000e+02     4.469590e-05
  1.9200e+02     4.221467e-05
  1.9400e+02     4.016442e-05
  1.9600e+02     3.847713e-05
  1.9800e+02     3.709954e-05
  2.0000e+02     3.598970e-05
  2.0200e+02     3.511450e-05
  2.0400e+02     3.444775e-05
  2.0600e+02     3.396883e-05
  2.0800e+02     3.366161e-05
  2.1000e+02     3.351365e-05
  2.1200e+02     3.351562e-05
  2.1400e+02     3.366080e-05
  2.1600e+02     3.394471e-05
  2.1800e+02     3.436493e-05
  2.2000e+02     3.492079e-05
  2.2200e+02     3.561331e-05
  2.2400e+02     3.644506e-05
  2.2600e+02     3.742016e-05
  2.2800e+02     3.854416e-05
  2.3000e+02     3.982414e-05
  2.3200e+02     4.126870e-05
  2.3400e+02     4.288801e-05
  2.3600e+02     4.469393e-05
  2.3800e+02     4.670008e-05
  2.4000e+02     4.892199e-05
  2.4200e+02     5.137725e-05
  2.4400e+02     5.408570e-05
  2.4600e+02     5.706965e-05
  2.4800e+02     6.035410e-05
  2.5000e+02     6.396707e-05
  2.5200e+02     6.793987e-05
  2.5400e+02     7.230746e-05
  2.5600e+02     7.710890e-05
  2.5800e+02     8.238777e-05
  2.6000e+02     8.819270e-05
  2.6200e+02     9.457795e-05
  2.6400e+02     1.016040e-04
  2.6600e+02     1.093386e-04
  2.6800e+02     1.178568e-04
  2.7000e+02     1.272431e-04
  2.7200e+02     1.375912e-04
  2.7400e+02     1.490060e-04
  2.7600e+02     1.616048e-04
  2.7800e+02     1.755182e-04
  2.8000e+02     1.908926e-04
  2.8200e+02     2.078912e-04
  2.8400e+02     2.266965e-04
  2.8600e+02     2.475124e-04
  2.8800e+02     2.705669e-04
  2.9000e+02     2.961145e-04
  2.9200e+02     3.244398e-04
  2.9400e+02     3.558606e-04
  2.9600e+02     3.907318e-04
  2.9800e+02     4.294496e-04
  3.0000e+02     4.724562e-04
  3.0200e+02     5.202445e-04
  3.0400e+02     5.733641e-04
  3.0600e+02     6.324264e-04
  3.0800e+02     6.981119e-04
  3.1000e+02     7.711760e-04
  3.1200e+02     8.524567e-04
  3.1400e+02     9.428817e-04
  3.1600e+02     1.043476e-03
  3.1800e+02     1.155369e-03
  3.2000e+02     1.279801e-03
  3.2200e+02     1.418132e-03
  3.2400e+02     1.571843e-03
  3.2600e+02     1.742544e-03
  3.2800e+02     1.931971e-03
  3.3000e+02     2.141985e-03
  3.3200e+02     2.374566e-03
  3.3400e+02     2.631797e-03
  3.3600e+02     2.915842e-03
  3.3800e+02     3.228919e-03
  3.4000e+02     3.573246e-03
  3.4200e+02     3.950989e-03
  3.4400e+02     4.364177e-03
  3.4600e+02     4.814600e-03
  3.4800e+02     5.303680e-03
  3.5000e+02     5.832313e-03
  3.5200e+02     6.400676e-03
  3.5400e+02     7.008007e-03
  3.5600e+02     7.652342e-03
  3.5800e+02     8.330235e-03
  3.6000e+02     9.036453e-03
  3.6200e+02     9.763669e-03
  3.6400e+02     1.050218e-02
  3.6600e+02     1.123966e-02
  3.6800e+02     1.196108e-02
  3.7000e+02     1.264866e-02
  3.7200e+02     1.328216e-02
  3.7400e+02     1.383941e-02
  3.7600e+02     1.429712e-02
  3.7800e+02     1.463216e-02
  3.8000e+02     1.482314e-02
  3.8200e+02     1.485226e-02
  3.8400e+02     1.470739e-02
  3.8600e+02     1.438398e-02
  3.8800e+02     1.388654e-02
  3.9000e+02     1.322945e-02
  3.9200e+02     1.243663e-02
  3.9400e+02     1.153993e-02
  3.9600e+02     1.057647e-02
  3.9800e+02     9.584986e-03
  4.0000e+02     8.602065e-03
  4.0200e+02     7.658861e-03
  4.0400e+02     6.778898e-03
  4.0600e+02     5.977290e-03
  4.0800e+02     5.261265e-03
  4.1000e+02     4.631594e-03
  4.1200e+02     4.084410e-03
  4.1400e+02     3.612980e-03
  4.1600e+02     3.209172e-03
  4.1800e+02     2.864510e-03
  4.2000e+02     2.570852e-03
  4.2200e+02     2.320763e-03
  4.2400e+02     2.107675e-03
  4.2600e+02     1.925918e-03
  4.2800e+02     1.770668e-03
  4.3000e+02     1.635330e-03
  4.3200e+02     1.517616e-03
  4.3400e+02     1.416863e-03
  4.3600e+02     1.330556e-03
  4.3800e+02     1.256611e-03
  4.4000e+02     1.193303e-03
  4.4200e+02     1.139202e-03
  4.4400e+02     1.093122e-03
  4.4600e+02     1.054080e-03
  4.4800e+02     1.021258e-03
  4.5000e+02     9.939782e-04
  4.5200e+02     9.716781e-04
  4.5400e+02     9.538924e-04
  4.5600e+02     9.402375e-04
  4.5800e+02     9.303990e-04
  4.6000e+02     9.241221e-04
  4.6200e+02     9.212028e-04
  4.6400e+02     9.214816e-04
  4.6600e+02     9.248379e-04
  4.6800e+02     9.311856e-04
  4.7000e+02     9.404694e-04
  4.7200e+02     9.526622e-04
  4.7400e+02     9.677626e-04
  4.7600e+02     9.857930e-04
  4.7800e+02     1.006798e-03
  4.8000e+02     1.030845e-03
  4.8200e+02     1.058020e-03
  4.8400e+02     1.088431e-03
  4.8600e+02     1.122203e-03
  4.8800e+02     1.159482e-03
  4.9000e+02     1.200434e-03
  4.9200e+02     1.245242e-03
  4.9400e+02     1.294109e-03
  4.9600e+02     1.347256e-03
  4.9800e+02     1.404923e-03
  5.0000e+02     1.467370e-03
  5.0200e+02     1.534872e-03
  5.0400e+02     1.607723e-03
  5.0600e+02     1.686235e-03
  5.0800e+02     1.770733e-03
  5.1000e+02     1.861555e-03
  5.1200e+02     1.959055e-03
  5.1400e+02     2.063590e-03
  5.1600e+02     2.175528e-03
  5.1800e+02     2.295232e-03
  5.2000e+02     2.423067e-03
  5.2200e+02     2.559381e-03
  5.2400e+02     2.704508e-03
  5.2600e+02     2.858753e-03
  5.2800e+02     3.022381e-03
  5.3000e+02     3.195609e-03
  5.3200e+02     3.378587e-03
  5.3400e+02     3.571386e-03
  5.3600e+02     3.773976e-03
  5.3800e+02     3.986211e-03
  5.4000e+02     4.207805e-03
  5.4200e+02     4.438309e-03
  5.4400e+02     4.677089e-03
  5.4600e+02     4.923304e-03
  5.4800e+02     5.175879e-03
  5.5000e+02     5.433488e-03
  5.5200e+02     5.694532e-03
  5.5400e+02     5.957131e-03
  5.5600e+02     6.219111e-03
  5.5800e+02     6.478012e-03
  5.6000e+02     6.731095e-03
  5.6200e+02     6.975372e-03
  5.6400e+02     7.207641e-03
  5.6600e+02     7.424546e-03
  5.6800e+02     7.622647e-03
  5.7000e+02     7.798509e-03
  5.7200e+02     7.948806e-03
  5.7400e+02     8.070435e-03
  5.7600e+02     8.160642e-03
  5.7800e+02     8.217143e-03
  5.8000e+02     8.238242e-03
  5.8200e+02     8.222935e-03
  5.8400e+02     8.170990e-03
  5.8600e+02     8.082991e-03
  5.8800e+02     7.960354e-03
  5.9000e+02     7.805291e-03
  5.9200e+02     7.620742e-03
  5.9400e+02     7.410257e-03
  5.9600e+02     7.177856e-03
  5.9800e+02     6.927867e-03
  6.0000e+02     6.664745e-03
  6.0200e+02     6.392912e-03
  6.0400e+02     6.116593e-03
  6.0600e+02     5.839693e-03
  6.0800e+02     5.565695e-03
  6.1000e+02     5.297600e-03
  6.1200e+02     5.037893e-03
  6.1400e+02     4.788543e-03
  6.1600e+02     4.551031e-03
  6.1800e+02     4.326385e-03
  6.2000e+02     4.115240e-03
  6.2200e+02     3.917892e-03
  6.2400e+02     3.734362e-03
  6.2600e+02     3.564452e-03
  6.2800e+02     3.407800e-03
  6.3000e+02     3.263922e-03
  6.3200e+02     3.132253e-03
  6.3400e+02     3.012182e-03
  6.3600e+02     2.903073e-03
  6.3800e+02     2.804290e-03
  6.4000e+02     2.715208e-03
  6.4200e+02     2.635224e-03
  6.4400e+02     2.563769e-03
  6.4600e+02     2.500307e-03
  6.4800e+02     2.444344e-03
  6.5000e+02     2.395422e-03
  6.5200e+02     2.353125e-03
  6.5400e+02     2.317075e-03
  6.5600e+02     2.286934e-03
  6.5800e+02     7.795983e-03
  6.6000e+02     3.478091e-03
  6.6200e+02     5.914433e-03
  6.6400e+02     2.168667e-03
  6.6600e+02     2.142665e-03
  6.6800e+02     2.122143e-03
  6.7000e+02     2.106836e-03
  6.7200e+02     2.096510e-03
  6.7400e+02     2.090967e-03
  6.7600e+02     2.090036e-03
  6.7800e+02     2.093575e-03
  6.8000e+02     2.101465e-03
  6.8200e+02     2.113611e-03
  6.8400e+02     2.129937e-03
  6.8600e+02     2.150385e-03
  6.8800e+02     2.174917e-03
  6.9000e+02     2.203506e-03
  6.9200e+02     2.236140e-03
  6.9400e+02     2.272817e-03
  6.9600e+02     2.313548e-03
  6.9800e+02     2.358348e-03
  7.0000e+02     2.407240e-03
  7.0200e+02     2.460252e-03
  7.0400e+02     2.517413e-03
  7.0600e+02     2.578752e-03
  7.0800e+02     2.644297e-03
  7.1000e+02     2.714073e-03
  7.1200e+02     2.788095e-03
  7.1400e+02     2.866371e-03
  7.1600e+02     2.948895e-03
  7.1800e+02     3.035647e-03
  7.2000e+02     3.126586e-03
  7.2200e+02     3.221650e-03
  7.2400e+02     3.320752e-03
  7.2600e+02     3.423771e-03
  7.2800e+02     3.530556e-03
