# Epidemic | daily incidence [ x-unit: days | y-unit: ]
# ==============================================================================
  0.0000e+00     7.142857e-07
  2.0000e+00     8.356636e-07
  4.0000e+00     9.776668e-07
  6.0000e+00     1.143800e-06
  8.0000e+00     1.338164e-06
  1.0000e+01     1.565554e-06
  1.2000e+01     1.831584e-06
  1.4000e+01     2.142818e-06
  1.6000e+01     2.506936e-06
  1.8000e+01     2.932926e-06
  2.0000e+01     3.431298e-06
  2.2000e+01     4.014350e-06
  2.4000e+01     4.696470e-06
  2.6000e+01     5.494487e-06
  2.8000e+01     6.428091e-06
  3.0000e+01     7.520313e-06
  3.2000e+01     8.798098e-06
  3.4000e+01     1.029296e-05
  3.6000e+01     1.204178e-05
  3.8000e+01     1.408767e-05
  4.0000e+01     1.648107e-05
  4.2000e+01     1.928100e-05
  4.4000e+01     2.255647e-05
  4.6000e+01     2.638817e-05
  4.8000e+01     3.087050e-05
  5.0000e+01     3.611385e-05
  5.2000e+01     4.224728e-05
  5.4000e+01     4.942171e-05
  5.6000e+01     5.781357e-05
  5.8000e+01     6.762909e-05
  6.0000e+01     7.910934e-05
  6.2000e+01     9.253601e-05
  6.4000e+01     1.082382e-04
  6.6000e+01     1.266004e-04
  6.8000e+01     1.480716e-04
  7.0000e+01     1.731758e-04
  7.2000e+01     2.025248e-04
  7.4000e+01     2.368321e-04
  7.6000e+01     2.769294e-04
  7.8000e+01     3.237862e-04
  8.0000e+01     3.785310e-04
  8.2000e+01     4.424770e-04
  8.4000e+01     5.171506e-04
  8.6000e+01     6.043235e-04
  8.8000e+01     7.060504e-04
  9.0000e+01     8.247093e-04
  9.2000e+01     9.630482e-04
  9.4000e+01     1.124234e-03
  9.6000e+01     1.311910e-03
  9.8000e+01     1.530249e-03
  1.0000e+02     1.784015e-03
  1.0200e+02     2.709222e-03
  1.0400e+02     3.352431e-03
  1.0600e+02     2.901926e-03
  1.0800e+02     3.845538e-03
  1.1000e+02     5.514623e-03
  1.1200e+02     6.374938e-03
  1.1400e+02     6.956022e-03
  1.1600e+02     8.237229e-03
  1.1800e+02     9.471628e-03
  1.2000e+02     1.090029e-02
  1.2200e+02     8.794910e-03
  1.2400e+02     1.001112e-02
  1.2600e+02     1.135120e-02
  1.2800e+02     1.281216e-02
  1.3000e+02     1.438441e-02
  1.3200e+02     1.604953e-02
  1.3400e+02     1.777787e-02
  1.3600e+02     1.952609e-02
  1.3800e+02     2.123496e-02
  1.4000e+02     2.282805e-02
  1.4200e+02     2.421187e-02
  1.4400e+02     2.527869e-02
  1.4600e+02     2.591286e-02
  1.4800e+02     2.600187e-02
  1.5000e+02     2.545240e-02
  1.5200e+02     2.421076e-02
  1.5400e+02     2.228512e-02
  1.5600e+02     1.976444e-02
  1.5800e+02     1.682626e-02
  1.6000e+02     1.372412e-02
  1.6200e+02     1.074601e-02
  1.6400e+02     8.144326e-03
  1.6600e+02     6.061646e-03
  1.6800e+02     4.503797e-03
  1.7000e+02     3.383611e-03
  1.7200e+02     2.588682e-03
  1.7400e+02     2.022149e-03
  1.7600e+02     1.612971e-03
  1.7800e+02     1.312387e-03
  1.8000e+02     1.087632e-03
  1.8200e+02     9.166872e-04
  1.8400e+02     7.846002e-04
  1.8600e+02     6.810672e-04
  1.8800e+02     5.988718e-04
  1.9000e+02     5.328768e-04
  1.9200e+02     4.793671e-04
  1.9400e+02     4.356158e-04
  1.9600e+02     3.995937e-04
  1.9800e+02     3.697715e-04
  2.0000e+02     3.449831e-04
  2.0200e+02     3.243301e-04
  2.0400e+02     3.071141e-04
  2.0600e+02     2.927871e-04
  2.0800e+02     2.809170e-04
  2.1000e+02     2.711604e-04
  2.1200e+02     2.632440e-04
  2.1400e+02     2.569492e-04
  2.1600e+02     2.521016e-04
  2.1800e+02     2.485625e-04
  2.2000e+02     2.462222e-04
  2.2200e+02     2.449951e-04
  2.2400e+02     2.448159e-04
  2.2600e+02     2.456368e-04
  2.2800e+02     2.474247e-04
  2.3000e+02     2.501599e-04
  2.3200e+02     2.538347e-04
  2.3400e+02     2.584521e-04
  2.3600e+02     2.640256e-04
  2.3800e+02     2.705782e-04
  2.4000e+02     2.781426e-04
  2.4200e+02     2.867607e-04
  2.4400e+02     2.964842e-04
  2.4600e+02     3.073742e-04
  2.4800e+02     3.195020e-04
  2.5000e+02     3.329497e-04
  2.5200e+02     3.478100e-04
  2.5400e+02     3.641880e-04
  2.5600e+02     3.822013e-04
  2.5800e+02     4.019813e-04
  2.6000e+02     4.236740e-04
  2.6200e+02     4.474417e-04
  2.6400e+02     4.734640e-04
  2.6600e+02     5.019394e-04
  2.6800e+02     5.330869e-04
  2.7000e+02     5.671479e-04
  2.7200e+02     6.043881e-04
  2.7400e+02     6.450995e-04
  2.7600e+02     6.896026e-04
  2.7800e+02     7.382488e-04
  2.8000e+02     7.914230e-04
  2.8200e+02     8.495456e-04
  2.8400e+02     9.130760e-04
  2.8600e+02     9.825140e-04
  2.8800e+02     1.058404e-03
  2.9000e+02     1.141334e-03
  2.9200e+02     1.231944e-03
  2.9400e+02     1.330921e-03
  2.9600e+02     1.439003e-03
  2.9800e+02     1.556983e-03
  3.0000e+02     1.685703e-03
  3.0200e+02     1.826053e-03
  3.0400e+02     1.978974e-03
  3.0600e+02     2.145443e-03
  3.0800e+02     2.326474e-03
  3.1000e+02     2.523099e-03
  3.1200e+02     2.736357e-03
  3.1400e+02     2.967277e-03
  3.1600e+02     3.216845e-03
  3.1800e+02     3.885182e-03
  3.2000e+02     5.373008e-03
  3.2200e+02     4.456436e-03
  3.2400e+02     5.710431e-03
  3.2600e+02     6.583180e-03
  3.2800e+02     5.845323e-03
  3.3000e+02     7.712452e-03
  3.3200e+02     8.086187e-03
  3.3400e+02     6.246959e-03
  3.3600e+02     6.648003e-03
  3.3800e+02     7.056810e-03
  3.4000e+02     7.469490e-03
  3.4200e+02     7.881384e-03
  3.4400e+02     8.287051e-03
  3.4600e+02     8.680297e-03
  3.4800e+02     9.054238e-03
  3.5000e+02     9.401428e-03
  3.5200e+02     9.714040e-03
  3.5400e+02     9.984114e-03
  3.5600e+02     1.020387e-02
  3.5800e+02     1.036607e-02
  3.6000e+02     1.046443e-02
  3.6200e+02     1.049405e-02
  3.6400e+02     1.045177e-02
  3.6600e+02     1.033657e-02
  3.6800e+02     1.014972e-02
  3.7000e+02     9.894968e-03
  3.7200e+02     9.578362e-03
  3.7400e+02     9.208039e-03
  3.7600e+02     8.793771e-03
  3.7800e+02     8.346399e-03
  3.8000e+02     7.877195e-03
  3.8200e+02     7.397215e-03
  3.8400e+02     6.916718e-03
  3.8600e+02     6.444713e-03
  3.8800e+02     5.988654e-03
  3.9000e+02     5.554309e-03
  3.9200e+02     5.145774e-03
  3.9400e+02     4.765608e-03
  3.9600e+02     4.415046e-03
  3.9800e+02     4.094244e-03
  4.0000e+02     3.802539e-03
  4.0200e+02     3.538682e-03
  4.0400e+02     3.301042e-03
  4.0600e+02     3.087769e-03
  4.0800e+02     2.896926e-03
  4.1000e+02     2.726578e-03
  4.1200e+02     2.574858e-03
  4.1400e+02     2.440006e-03
  4.1600e+02     2.320394e-03
  4.1800e+02     2.214538e-03
  4.2000e+02     2.121096e-03
  4.2200e+02     2.038871e-03
  4.2400e+02     1.966797e-03
  4.2600e+02     1.903931e-03
  4.2800e+02     1.849446e-03
  4.3000e+02     1.802618e-03
  4.3200e+02     1.762816e-03
  4.3400e+02     1.729490e-03
  4.3600e+02     1.702168e-03
  4.3800e+02     1.680443e-03
  4.4000e+02     1.663967e-03
  4.4200e+02     1.652448e-03
  4.4400e+02     1.645637e-03
  4.4600e+02     1.643332e-03
  4.4800e+02     1.645366e-03
  4.5000e+02     1.651608e-03
  4.5200e+02     1.661958e-03
  4.5400e+02     1.676344e-03
  4.5600e+02     1.694721e-03
  4.5800e+02     1.717065e-03
  4.6000e+02     1.743375e-03
  4.6200e+02     1.773670e-03
  4.6400e+02     1.807986e-03
  4.6600e+02     1.846376e-03
  4.6800e+02     1.888906e-03
  4.7000e+02     1.935657e-03
  4.7200e+02     1.986722e-03
  4.7400e+02     2.042204e-03
  4.7600e+02     2.102211e-03
  4.7800e+02     2.166863e-03
  4.8000e+02     2.564532e-03
  4.8200e+02     2.838022e-03
  4.8400e+02     2.470357e-03
  4.8600e+02     2.712156e-03
  4.8800e+02     2.885262e-03
  4.9000e+02     2.843507e-03
  4.9200e+02     3.943990e-03
  4.9400e+02     4.158994e-03
  4.9600e+02     2.929388e-03
  4.9800e+02     3.033617e-03
  5.0000e+02     3.142861e-03
  5.0200e+02     3.257072e-03
  5.0400e+02     3.376167e-03
  5.0600e+02     3.500020e-03
  5.0800e+02     3.628458e-03
  5.1000e+02     3.761251e-03
  5.1200e+02     3.898109e-03
  5.1400e+02     4.038677e-03
  5.1600e+02     4.182526e-03
  5.1800e+02     4.329150e-03
  5.2000e+02     4.477964e-03
  5.2200e+02     4.628293e-03
  5.2400e+02     4.779379e-03
  5.2600e+02     4.930373e-03
  5.2800e+02     5.080344e-03
  5.3000e+02     5.228275e-03
  5.3200e+02     5.373075e-03
  5.3400e+02     5.513587e-03
  5.3600e+02     5.648602e-03
  5.3800e+02     5.776870e-03
  5.4000e+02     5.897126e-03
  5.4200e+02     6.008108e-03
  5.4400e+02     6.108580e-03
  5.4600e+02     6.197367e-03
  5.4800e+02     6.273373e-03
  5.5000e+02     6.335618e-03
  5.5200e+02     6.383265e-03
  5.5400e+02     6.415643e-03
  5.5600e+02     6.432273e-03
  5.5800e+02     6.432890e-03
  5.6000e+02     6.417452e-03
  5.6200e+02     6.386148e-03
  5.6400e+02     6.339402e-03
  5.6600e+02     6.277861e-03
  5.6800e+02     6.202384e-03
  5.7000e+02     6.114016e-03
  5.7200e+02     6.013966e-03
  5.7400e+02     5.903569e-03
  5.7600e+02     5.784257e-03
  5.7800e+02     5.657517e-03
  5.8000e+02     5.524856e-03
  5.8200e+02     5.387769e-03
  5.8400e+02     5.247705e-03
  5.8600e+02     5.106041e-03
  5.8800e+02     4.964058e-03
  5.9000e+02     4.822930e-03
  5.9200e+02     4.683705e-03
  5.9400e+02     4.547305e-03
  5.9600e+02     4.414521e-03
  5.9800e+02     4.286019e-03
  6.0000e+02     4.162342e-03
  6.0200e+02     4.043921e-03
  6.0400e+02     3.931082e-03
  6.0600e+02     3.824059e-03
  6.0800e+02     3.723007e-03
  6.1000e+02     3.628009e-03
  6.1200e+02     3.539089e-03
  6.1400e+02     3.456223e-03
  6.1600e+02     3.379347e-03
  6.1800e+02     3.308367e-03
  6.2000e+02     3.243164e-03
  6.2200e+02     3.183603e-03
  6.2400e+02     3.129537e-03
  6.2600e+02     3.080812e-03
  6.2800e+02     3.037271e-03
  6.3000e+02     2.998755e-03
  6.3200e+02     2.965110e-03
  6.3400e+02     2.936184e-03
  6.3600e+02     2.911833e-03
  6.3800e+02     2.891918e-03
  6.4000e+02     2.876306e-03
  6.4200e+02     2.864875e-03
  6.4400e+02     2.857508e-03
  6.4600e+02     2.854097e-03
  6.4800e+02     2.854541e-03
  6.5000e+02     2.858746e-03
  6.5200e+02     2.866625e-03
  6.5400e+02     2.878097e-03
  6.5600e+02     2.893085e-03
  6.5800e+02     2.911517e-03
  6.6000e+02     2.933325e-03
  6.6200e+02     2.958443e-03
  6.6400e+02     2.986807e-03
  6.6600e+02     3.018354e-03
  6.6800e+02     3.053019e-03
  6.7000e+02     3.090737e-03
  6.7200e+02     3.131439e-03
  6.7400e+02     3.175052e-03
  6.7600e+02     3.221499e-03
  6.7800e+02     3.270696e-03
  6.8000e+02     3.322550e-03
  6.8200e+02     4.453781e-03
  6.8400e+02     4.634221e-03
  6.8600e+02     4.501321e-03
  6.8800e+02     4.129476e-03
  6.9000e+02     3.590834e-03
  6.9200e+02     3.642979e-03
  6.9400e+02     3.696734e-03
  6.9600e+02     3.751942e-03
  6.9800e+02     3.808431e-03
  7.0000e+02     3.866018e-03
  7.0200e+02     3.924505e-03
  7.0400e+02     3.983685e-03
  7.0600e+02     4.043335e-03
  7.0800e+02     4.103221e-03
  7.1000e+02     4.163097e-03
  7.1200e+02     4.222707e-03
  7.1400e+02     4.281784e-03
  7.1600e+02     4.340051e-03
  7.1800e+02     4.397227e-03
  7.2000e+02     4.453022e-03
  7.2200e+02     4.507147e-03
  7.2400e+02     4.559309e-03
  7.2600e+02     4.609219e-03
  7.2800e+02     4.656591e-03
