# Epidemic | total  7 days incidence [ x-unit: transmission cycles | y-unit: ]
  5.7143e-01     7.157787e-06
  7.1429e-01     8.374096e-06
  8.5714e-01     9.797087e-06
  1.0000e+00     1.146188e-05
  1.1428e+00     1.340955e-05
  1.2857e+00     1.568818e-05
  1.4285e+00     1.835400e-05
  1.5714e+00     2.147278e-05
  1.7142e+00     2.512149e-05
  1.8571e+00     2.939017e-05
  2.0000e+00     3.438415e-05
  2.1428e+00     4.022663e-05
  2.2857e+00     4.706177e-05
  2.4285e+00     5.505818e-05
  2.5714e+00     6.441312e-05
  2.7142e+00     7.535734e-05
  2.8571e+00     8.816075e-05
  3.0000e+00     1.031391e-04
  3.1428e+00     1.206616e-04
  3.2857e+00     1.411602e-04
  3.4285e+00     1.651402e-04
  3.5714e+00     1.931924e-04
  3.7142e+00     2.260077e-04
  3.8571e+00     2.643943e-04
  4.0000e+00     3.092968e-04
  4.1428e+00     3.618199e-04
  4.2857e+00     4.232551e-04
  4.4285e+00     4.951120e-04
  4.5714e+00     5.791548e-04
  4.7142e+00     6.774451e-04
  4.8571e+00     7.923915e-04
  5.0000e+00     9.268075e-04
  5.1428e+00     1.083978e-03
  5.2857e+00     1.267738e-03
  5.4285e+00     1.482561e-03
  5.5714e+00     1.733668e-03
  5.7142e+00     2.027140e-03
  5.8571e+00     2.370068e-03
  6.0000e+00     2.770700e-03
  6.1428e+00     3.238634e-03
  6.2857e+00     3.785022e-03
  6.4285e+00     4.422805e-03
  6.5714e+00     5.166983e-03
  6.7142e+00     6.034909e-03
  6.8571e+00     7.046623e-03
  7.0000e+00     8.225208e-03
  7.1428e+00     9.597185e-03
  7.2857e+00     1.119291e-02
  7.4285e+00     1.304702e-02
  7.5714e+00     1.519878e-02
  7.7142e+00     1.769253e-02
  7.8571e+00     2.057789e-02
  8.0000e+00     2.390996e-02
  8.1428e+00     2.774918e-02
  8.2857e+00     3.216094e-02
  8.4285e+00     3.721468e-02
  8.5714e+00     4.298223e-02
  8.7142e+00     4.953533e-02
  8.8571e+00     5.694190e-02
  9.0000e+00     6.526065e-02
  9.1428e+00     7.453384e-02
  9.2857e+00     8.477764e-02
  9.4285e+00     9.596979e-02
  9.5714e+00     1.080345e-01
  9.7142e+00     1.208247e-01
  9.8571e+00     1.341024e-01
  1.0000e+01     1.475192e-01
  1.0142e+01     1.605992e-01
  1.0285e+01     1.727303e-01
  1.0428e+01     1.831693e-01
  1.0571e+01     1.910692e-01
  1.0714e+01     1.955387e-01
  1.0857e+01     1.957394e-01
  1.1000e+01     1.910229e-01
  1.1142e+01     1.810979e-01
  1.1285e+01     1.661978e-01
  1.1428e+01     1.471989e-01
  1.1571e+01     1.256140e-01
  1.1714e+01     1.033882e-01
  1.1857e+01     8.248296e-02
  1.2000e+01     6.438848e-02
  1.2142e+01     4.980913e-02
  1.2285e+01     3.867956e-02
  1.2428e+01     3.045176e-02
  1.2571e+01     2.443784e-02
  1.2714e+01     2.002720e-02
  1.2857e+01     1.675541e-02
  1.3000e+01     1.429300e-02
  1.3142e+01     1.241207e-02
  1.3285e+01     1.095547e-02
  1.3428e+01     9.813968e-03
  1.3571e+01     8.910649e-03
  1.3714e+01     8.190580e-03
  1.3857e+01     7.613953e-03
  1.4000e+01     7.151527e-03
  1.4142e+01     6.781555e-03
  1.4285e+01     6.487695e-03
  1.4428e+01     6.257555e-03
  1.4571e+01     6.081687e-03
  1.4714e+01     5.952858e-03
  1.4857e+01     5.865537e-03
  1.5000e+01     5.815515e-03
  1.5142e+01     5.799634e-03
  1.5285e+01     5.815578e-03
  1.5428e+01     5.861726e-03
  1.5571e+01     5.937036e-03
  1.5714e+01     6.040967e-03
  1.5857e+01     6.173409e-03
  1.6000e+01     6.334648e-03
  1.6142e+01     6.525323e-03
  1.6285e+01     6.746416e-03
  1.6428e+01     6.999228e-03
  1.6571e+01     7.285380e-03
  1.6714e+01     7.606806e-03
  1.6857e+01     7.965757e-03
  1.7000e+01     8.364810e-03
  1.7142e+01     8.806872e-03
  1.7285e+01     9.295192e-03
  1.7428e+01     9.833374e-03
  1.7571e+01     1.042539e-02
  1.7714e+01     1.107558e-02
  1.7857e+01     1.178870e-02
  1.8000e+01     1.256985e-02
  1.8142e+01     1.342458e-02
  1.8285e+01     1.435879e-02
  1.8428e+01     1.537879e-02
  1.8571e+01     1.649123e-02
  1.8714e+01     1.770309e-02
  1.8857e+01     1.902161e-02
  1.9000e+01     2.045421e-02
  1.9142e+01     2.200840e-02
  1.9285e+01     2.369163e-02
  1.9428e+01     2.551113e-02
  1.9571e+01     2.747369e-02
  1.9714e+01     2.958537e-02
  1.9857e+01     3.185119e-02
  2.0000e+01     3.427476e-02
  2.0142e+01     3.685779e-02
  2.0285e+01     3.959958e-02
  2.0428e+01     4.249646e-02
  2.0571e+01     4.554111e-02
  2.0714e+01     4.872187e-02
  2.0857e+01     5.202203e-02
  2.1000e+01     5.541917e-02
  2.1142e+01     5.888443e-02
  2.1285e+01     6.238206e-02
  2.1428e+01     6.586907e-02
  2.1571e+01     6.929518e-02
  2.1714e+01     7.260312e-02
  2.1857e+01     7.572952e-02
  2.2000e+01     7.860619e-02
  2.2142e+01     8.116222e-02
  2.2285e+01     8.332657e-02
  2.2428e+01     8.503141e-02
  2.2571e+01     8.621584e-02
  2.2714e+01     8.682990e-02
  2.2857e+01     8.683859e-02
  2.3000e+01     8.622530e-02
  2.3142e+01     8.499446e-02
  2.3285e+01     8.317276e-02
  2.3428e+01     8.080876e-02
  2.3571e+01     7.797072e-02
  2.3714e+01     7.474265e-02
  2.3857e+01     7.121905e-02
  2.4000e+01     6.749887e-02
  2.4142e+01     6.367937e-02
  2.4285e+01     5.985067e-02
  2.4428e+01     5.609149e-02
  2.4571e+01     5.246641e-02
  2.4714e+01     4.902478e-02
  2.4857e+01     4.580104e-02
  2.5000e+01     4.281613e-02
  2.5142e+01     4.007956e-02
  2.5285e+01     3.759176e-02
  2.5428e+01     3.534640e-02
  2.5571e+01     3.333254e-02
  2.5714e+01     3.153632e-02
  2.5857e+01     2.994241e-02
  2.6000e+01     2.853500e-02
  2.6142e+01     2.729857e-02
  2.6285e+01     2.621834e-02
  2.6428e+01     2.528057e-02
  2.6571e+01     2.447273e-02
  2.6714e+01     2.378355e-02
  2.6857e+01     2.320298e-02
  2.7000e+01     2.272217e-02
  2.7142e+01     2.233339e-02
  2.7285e+01     2.202993e-02
  2.7428e+01     2.180600e-02
  2.7571e+01     2.165666e-02
  2.7714e+01     2.157774e-02
  2.7857e+01     2.156570e-02
  2.8000e+01     2.161762e-02
  2.8142e+01     2.173112e-02
  2.8285e+01     2.190424e-02
  2.8428e+01     2.213547e-02
  2.8571e+01     2.242361e-02
  2.8714e+01     2.276779e-02
  2.8857e+01     2.316737e-02
  2.9000e+01     2.362193e-02
  2.9142e+01     2.413120e-02
  2.9285e+01     2.469502e-02
  2.9428e+01     2.531332e-02
  2.9571e+01     2.598603e-02
  2.9714e+01     2.671307e-02
  2.9857e+01     2.749427e-02
  3.0000e+01     2.832934e-02
  3.0142e+01     2.921779e-02
  3.0285e+01     3.015890e-02
  3.0428e+01     3.115162e-02
  3.0571e+01     3.219452e-02
  3.0714e+01     3.328573e-02
  3.0857e+01     3.442288e-02
  3.1000e+01     3.560298e-02
  3.1142e+01     3.682239e-02
  3.1285e+01     3.807678e-02
  3.1428e+01     3.936100e-02
  3.1571e+01     4.066907e-02
  3.1714e+01     4.199417e-02
  3.1857e+01     4.332854e-02
  3.2000e+01     4.466357e-02
  3.2142e+01     4.598975e-02
  3.2285e+01     4.729673e-02
  3.2428e+01     4.857346e-02
  3.2571e+01     4.980824e-02
  3.2714e+01     5.098891e-02
  3.2857e+01     5.210302e-02
  3.3000e+01     5.313810e-02
  3.3142e+01     5.408189e-02
  3.3285e+01     5.492264e-02
  3.3428e+01     5.564940e-02
  3.3571e+01     5.625239e-02
  3.3714e+01     5.672327e-02
  3.3857e+01     5.705543e-02
  3.4000e+01     5.724426e-02
  3.4142e+01     5.728738e-02
  3.4285e+01     5.718473e-02
  3.4428e+01     5.693866e-02
  3.4571e+01     5.655391e-02
  3.4714e+01     5.603751e-02
  3.4857e+01     5.539856e-02
  3.5000e+01     5.464801e-02
  3.5142e+01     5.379827e-02
  3.5285e+01     5.286292e-02
  3.5428e+01     5.185624e-02
  3.5571e+01     5.079286e-02
  3.5714e+01     4.968735e-02
  3.5857e+01     4.855389e-02
  3.6000e+01     4.740597e-02
  3.6142e+01     4.625614e-02
  3.6285e+01     4.511584e-02
  3.6428e+01     4.399525e-02
  3.6571e+01     4.290327e-02
  3.6714e+01     4.184750e-02
  3.6857e+01     4.083424e-02
  3.7000e+01     3.986860e-02
  3.7142e+01     3.895459e-02
  3.7285e+01     3.809520e-02
  3.7428e+01     3.729253e-02
  3.7571e+01     3.654792e-02
  3.7714e+01     3.586207e-02
  3.7857e+01     3.523513e-02
  3.8000e+01     3.466681e-02
  3.8142e+01     3.415647e-02
  3.8285e+01     3.370322e-02
  3.8428e+01     3.330593e-02
  3.8571e+01     3.296335e-02
  3.8714e+01     3.267414e-02
  3.8857e+01     3.243686e-02
  3.9000e+01     3.225007e-02
  3.9142e+01     3.211231e-02
  3.9285e+01     3.202212e-02
  3.9428e+01     3.197806e-02
  3.9571e+01     3.197870e-02
  3.9714e+01     3.202263e-02
  3.9857e+01     3.210848e-02
  4.0000e+01     3.223486e-02
  4.0142e+01     3.240042e-02
  4.0285e+01     3.260377e-02
  4.0428e+01     3.284355e-02
  4.0571e+01     3.311833e-02
  4.0714e+01     3.342667e-02
  4.0857e+01     3.376708e-02
  4.1000e+01     3.413799e-02
  4.1142e+01     3.453775e-02
  4.1285e+01     3.496464e-02
  4.1428e+01     3.541681e-02
  4.1571e+01     3.589230e-02
  4.1714e+01     3.638902e-02
  4.1857e+01     3.690475e-02
  4.2000e+01     3.743710e-02
  4.2142e+01     3.798355e-02
  4.2285e+01     3.854143e-02
  4.2428e+01     3.910787e-02
  4.2571e+01     3.967991e-02
  4.2714e+01     4.025439e-02
  4.2857e+01     4.082804e-02
  4.3000e+01     4.139748e-02
  4.3142e+01     4.195922e-02
  4.3285e+01     4.250969e-02
  4.3428e+01     4.304529e-02
  4.3571e+01     4.356240e-02
  4.3714e+01     4.405743e-02
  4.3857e+01     4.452685e-02
  4.4000e+01     4.496726e-02
  4.4142e+01     4.537540e-02
  4.4285e+01     4.574823e-02
  4.4428e+01     4.608296e-02
  4.4571e+01     4.637709e-02
  4.4714e+01     4.662847e-02
  4.4857e+01     4.683534e-02
  4.5000e+01     4.699634e-02
  4.5142e+01     4.711057e-02
  4.5285e+01     4.717758e-02
  4.5428e+01     4.719742e-02
  4.5571e+01     4.717058e-02
  4.5714e+01     4.709805e-02
  4.5857e+01     4.698128e-02
  4.6000e+01     4.682213e-02
  4.6142e+01     4.662289e-02
  4.6285e+01     4.638616e-02
  4.6428e+01     4.611491e-02
  4.6571e+01     4.581232e-02
  4.6714e+01     4.548182e-02
  4.6857e+01     4.512697e-02
  4.7000e+01     4.475143e-02
  4.7142e+01     4.435889e-02
  4.7285e+01     4.395308e-02
  4.7428e+01     4.353761e-02
  4.7571e+01     4.311605e-02
  4.7714e+01     4.269180e-02
  4.7857e+01     4.226812e-02
  4.8000e+01     4.184807e-02
  4.8142e+01     4.143449e-02
  4.8285e+01     4.103001e-02
  4.8428e+01     4.063705e-02
  4.8571e+01     4.025775e-02
  4.8714e+01     3.989406e-02
  4.8857e+01     3.954767e-02
  4.9000e+01     3.922007e-02
  4.9142e+01     3.891252e-02
  4.9285e+01     3.862608e-02
  4.9428e+01     3.836164e-02
  4.9571e+01     3.811987e-02
  4.9714e+01     3.790132e-02
  4.9857e+01     3.770634e-02
  5.0000e+01     3.753519e-02
  5.0142e+01     3.738795e-02
  5.0285e+01     3.726462e-02
  5.0428e+01     3.716507e-02
  5.0571e+01     3.708907e-02
  5.0714e+01     3.703631e-02
  5.0857e+01     3.700639e-02
  5.1000e+01     3.699883e-02
  5.1142e+01     3.701307e-02
  5.1285e+01     3.704849e-02
  5.1428e+01     3.710440e-02
  5.1571e+01     3.718005e-02
  5.1714e+01     3.727464e-02
  5.1857e+01     3.738728e-02
  5.2000e+01     3.751706e-02
