# Epidemic | 7 days incidence [ x-unit: days | y-unit: ]
# ==============================================================================
  0.0000e+00     5.000000e-06
  2.0000e+00     5.849645e-06
  4.0000e+00     6.843668e-06
  6.0000e+00     8.006600e-06
  8.0000e+00     9.230121e-06
  1.0000e+01     1.044233e-05
  1.2000e+01     1.179999e-05
  1.4000e+01     1.331752e-05
  1.6000e+01     1.501007e-05
  1.8000e+01     1.689328e-05
  2.0000e+01     1.898308e-05
  2.2000e+01     2.170636e-05
  2.4000e+01     2.539476e-05
  2.6000e+01     2.970987e-05
  2.8000e+01     3.475816e-05
  3.0000e+01     4.066418e-05
  3.2000e+01     4.757364e-05
  3.4000e+01     5.565700e-05
  3.6000e+01     6.511365e-05
  3.8000e+01     7.617684e-05
  4.0000e+01     8.911940e-05
  4.2000e+01     1.042605e-04
  4.4000e+01     1.219734e-04
  4.6000e+01     1.426947e-04
  4.8000e+01     1.669351e-04
  5.0000e+01     1.952918e-04
  5.2000e+01     2.284632e-04
  5.4000e+01     2.672661e-04
  5.6000e+01     3.126554e-04
  5.8000e+01     3.657476e-04
  6.0000e+01     4.278479e-04
  6.2000e+01     5.004820e-04
  6.4000e+01     5.854329e-04
  6.6000e+01     6.847841e-04
  6.8000e+01     8.009696e-04
  7.0000e+01     9.368320e-04
  7.2000e+01     1.095691e-03
  7.4000e+01     1.281420e-03
  7.6000e+01     1.498540e-03
  7.8000e+01     1.752322e-03
  8.0000e+01     2.048911e-03
  8.2000e+01     2.395464e-03
  8.4000e+01     2.800311e-03
  8.6000e+01     3.273140e-03
  8.8000e+01     3.825204e-03
  9.0000e+01     4.469559e-03
  9.2000e+01     5.221331e-03
  9.4000e+01     6.098015e-03
  9.6000e+01     7.119799e-03
  9.8000e+01     8.309929e-03
  1.0000e+02     9.695087e-03
  1.0200e+02     1.285584e-02
  1.0400e+02     1.661833e-02
  1.0600e+02     2.098565e-02
  1.0800e+02     2.533931e-02
  1.1000e+02     2.880650e-02
  1.1200e+02     3.008049e-02
  1.1400e+02     3.151178e-02
  1.1600e+02     3.311319e-02
  1.1800e+02     3.717918e-02
  1.2000e+02     4.284068e-02
  1.2200e+02     4.925386e-02
  1.2400e+02     5.647895e-02
  1.2600e+02     6.456580e-02
  1.2800e+02     7.354670e-02
  1.3000e+02     8.342685e-02
  1.3200e+02     9.417250e-02
  1.3400e+02     1.056964e-01
  1.3600e+02     1.178412e-01
  1.3800e+02     1.303612e-01
  1.4000e+02     1.429046e-01
  1.4200e+02     1.549996e-01
  1.4400e+02     1.660476e-01
  1.4600e+02     1.753314e-01
  1.4800e+02     1.820447e-01
  1.5000e+02     1.853514e-01
  1.5200e+02     1.844796e-01
  1.5400e+02     1.788517e-01
  1.5600e+02     1.682389e-01
  1.5800e+02     1.529136e-01
  1.6000e+02     1.337555e-01
  1.6200e+02     1.122475e-01
  1.6400e+02     9.029515e-02
  1.6600e+02     6.984180e-02
  1.6800e+02     5.238113e-02
  1.7000e+02     3.861048e-02
  1.7200e+02     2.841643e-02
  1.7400e+02     2.116465e-02
  1.7600e+02     1.608065e-02
  1.7800e+02     1.250006e-02
  1.8000e+02     9.940013e-03
  1.8200e+02     8.074280e-03
  1.8400e+02     6.687543e-03
  1.8600e+02     5.637441e-03
  1.8800e+02     4.828627e-03
  1.9000e+02     4.196124e-03
  1.9200e+02     3.694829e-03
  1.9400e+02     3.292852e-03
  1.9600e+02     2.967259e-03
  1.9800e+02     2.701286e-03
  2.0000e+02     2.482500e-03
  2.0200e+02     2.301556e-03
  2.0400e+02     2.151343e-03
  2.0600e+02     2.026394e-03
  2.0800e+02     1.922461e-03
  2.1000e+02     1.836220e-03
  2.1200e+02     1.765051e-03
  2.1400e+02     1.706876e-03
  2.1600e+02     1.660043e-03
  2.1800e+02     1.623235e-03
  2.2000e+02     1.595404e-03
  2.2200e+02     1.575719e-03
  2.2400e+02     1.563529e-03
  2.2600e+02     1.558328e-03
  2.2800e+02     1.559737e-03
  2.3000e+02     1.567483e-03
  2.3200e+02     1.581386e-03
  2.3400e+02     1.601350e-03
  2.3600e+02     1.627353e-03
  2.3800e+02     1.659442e-03
  2.4000e+02     1.697729e-03
  2.4200e+02     1.742389e-03
  2.4400e+02     1.793658e-03
  2.4600e+02     1.851834e-03
  2.4800e+02     1.917278e-03
  2.5000e+02     1.990414e-03
  2.5200e+02     2.071733e-03
  2.5400e+02     2.161797e-03
  2.5600e+02     2.261242e-03
  2.5800e+02     2.370785e-03
  2.6000e+02     2.491230e-03
  2.6200e+02     2.623471e-03
  2.6400e+02     2.768506e-03
  2.6600e+02     2.927440e-03
  2.6800e+02     3.426167e-03
  2.7000e+02     4.021026e-03
  2.7200e+02     4.659986e-03
  2.7400e+02     5.215256e-03
  2.7600e+02     5.562318e-03
  2.7800e+02     5.941040e-03
  2.8000e+02     6.354248e-03
  2.8200e+02     6.805016e-03
  2.8400e+02     7.296682e-03
  2.8600e+02     7.832860e-03
  2.8800e+02     8.417458e-03
  2.9000e+02     8.325549e-03
  2.9200e+02     8.150463e-03
  2.9400e+02     7.970218e-03
  2.9600e+02     8.102894e-03
  2.9800e+02     8.750214e-03
  3.0000e+02     9.457354e-03
  3.0200e+02     1.022958e-02
  3.0400e+02     1.107253e-02
  3.0600e+02     1.199220e-02
  3.0800e+02     1.299491e-02
  3.1000e+02     1.408731e-02
  3.1200e+02     1.527633e-02
  3.1400e+02     1.656909e-02
  3.1600e+02     1.797285e-02
  3.1800e+02     1.949487e-02
  3.2000e+02     2.114228e-02
  3.2200e+02     2.292187e-02
  3.2400e+02     2.483989e-02
  3.2600e+02     2.690172e-02
  3.2800e+02     2.927026e-02
  3.3000e+02     3.328469e-02
  3.3200e+02     3.757230e-02
  3.3400e+02     4.212923e-02
  3.3600e+02     4.597510e-02
  3.3800e+02     4.931835e-02
  3.4000e+02     5.275619e-02
  3.4200e+02     5.625589e-02
  3.4400e+02     5.977688e-02
  3.4600e+02     6.327032e-02
  3.4800e+02     6.420348e-02
  3.5000e+02     6.445434e-02
  3.5200e+02     6.441658e-02
  3.5400e+02     6.506766e-02
  3.5600e+02     6.732275e-02
  3.5800e+02     6.929700e-02
  3.6000e+02     7.093610e-02
  3.6200e+02     7.218887e-02
  3.6400e+02     7.300997e-02
  3.6600e+02     7.336272e-02
  3.6800e+02     7.322190e-02
  3.7000e+02     7.257612e-02
  3.7200e+02     7.142963e-02
  3.7400e+02     6.980310e-02
  3.7600e+02     6.773346e-02
  3.7800e+02     6.527239e-02
  3.8000e+02     6.248371e-02
  3.8200e+02     5.943984e-02
  3.8400e+02     5.621756e-02
  3.8600e+02     5.289368e-02
  3.8800e+02     4.954098e-02
  3.9000e+02     4.622478e-02
  3.9200e+02     4.300051e-02
  3.9400e+02     3.991242e-02
  3.9600e+02     3.699326e-02
  3.9800e+02     3.426485e-02
  4.0000e+02     3.173936e-02
  4.0200e+02     2.952292e-02
  4.0400e+02     2.937294e-02
  4.0600e+02     2.927296e-02
  4.0800e+02     2.921640e-02
  4.1000e+02     2.809445e-02
  4.1200e+02     2.621687e-02
  4.1400e+02     2.410216e-02
  4.1600e+02     2.124919e-02
  4.1800e+02     1.862975e-02
  4.2000e+02     1.622788e-02
  4.2200e+02     1.510325e-02
  4.2400e+02     1.435837e-02
  4.2600e+02     1.370475e-02
  4.2800e+02     1.313274e-02
  4.3000e+02     1.263387e-02
  4.3200e+02     1.220076e-02
  4.3400e+02     1.182699e-02
  4.3600e+02     1.150702e-02
  4.3800e+02     1.123605e-02
  4.4000e+02     1.100998e-02
  4.4200e+02     1.082527e-02
  4.4400e+02     1.067894e-02
  4.4600e+02     1.056843e-02
  4.4800e+02     1.049163e-02
  4.5000e+02     1.044675e-02
  4.5200e+02     1.043236e-02
  4.5400e+02     1.044728e-02
  4.5600e+02     1.049061e-02
  4.5800e+02     1.056167e-02
  4.6000e+02     1.066000e-02
  4.6200e+02     1.078533e-02
  4.6400e+02     1.093754e-02
  4.6600e+02     1.111671e-02
  4.6800e+02     1.132303e-02
  4.7000e+02     1.155685e-02
  4.7200e+02     1.181864e-02
  4.7400e+02     1.210898e-02
  4.7600e+02     1.242855e-02
  4.7800e+02     1.277815e-02
  4.8000e+02     1.315866e-02
  4.8200e+02     1.357101e-02
  4.8400e+02     1.401624e-02
  4.8600e+02     1.449541e-02
  4.8800e+02     1.500964e-02
  4.9000e+02     1.556005e-02
  4.9200e+02     1.614780e-02
  4.9400e+02     1.677401e-02
  4.9600e+02     1.743976e-02
  4.9800e+02     1.814609e-02
  5.0000e+02     1.889391e-02
  5.0200e+02     1.968403e-02
  5.0400e+02     2.051707e-02
  5.0600e+02     2.139346e-02
  5.0800e+02     2.231333e-02
  5.1000e+02     2.327655e-02
  5.1200e+02     2.428258e-02
  5.1400e+02     2.533048e-02
  5.1600e+02     2.641879e-02
  5.1800e+02     2.754552e-02
  5.2000e+02     2.870804e-02
  5.2200e+02     2.990302e-02
  5.2400e+02     3.112641e-02
  5.2600e+02     3.237332e-02
  5.2800e+02     3.363800e-02
  5.3000e+02     3.491383e-02
  5.3200e+02     3.619324e-02
  5.3400e+02     3.746776e-02
  5.3600e+02     3.872802e-02
  5.3800e+02     3.996381e-02
  5.4000e+02     4.205953e-02
  5.4200e+02     4.548397e-02
  5.4400e+02     4.887995e-02
  5.4600e+02     5.221320e-02
  5.4800e+02     5.342182e-02
  5.5000e+02     5.423109e-02
  5.5200e+02     5.435750e-02
  5.5400e+02     5.232191e-02
  5.5600e+02     5.009340e-02
  5.5800e+02     4.769316e-02
  5.6000e+02     4.685887e-02
  5.6200e+02     4.662825e-02
  5.6400e+02     4.627102e-02
  5.6600e+02     4.579228e-02
  5.6800e+02     4.519899e-02
  5.7000e+02     4.449982e-02
  5.7200e+02     4.370487e-02
  5.7400e+02     4.282542e-02
  5.7600e+02     4.187361e-02
  5.7800e+02     4.086205e-02
  5.8000e+02     3.980355e-02
  5.8200e+02     3.871077e-02
  5.8400e+02     3.759595e-02
  5.8600e+02     3.647063e-02
  5.8800e+02     3.534551e-02
  5.9000e+02     3.423025e-02
  5.9200e+02     3.313340e-02
  5.9400e+02     3.206238e-02
  5.9600e+02     3.102342e-02
  5.9800e+02     3.002166e-02
  6.0000e+02     2.906117e-02
  6.0200e+02     2.814504e-02
  6.0400e+02     2.727550e-02
  6.0600e+02     2.645399e-02
  6.0800e+02     2.568132e-02
  6.1000e+02     2.495772e-02
  6.1200e+02     2.428295e-02
  6.1400e+02     2.365642e-02
  6.1600e+02     2.307724e-02
  6.1800e+02     2.254432e-02
  6.2000e+02     2.205639e-02
  6.2200e+02     2.161210e-02
  6.2400e+02     2.121003e-02
  6.2600e+02     2.084874e-02
  6.2800e+02     2.052680e-02
  6.3000e+02     2.024281e-02
  6.3200e+02     1.999541e-02
  6.3400e+02     1.978329e-02
  6.3600e+02     1.960525e-02
  6.3800e+02     1.946011e-02
  6.4000e+02     1.934680e-02
  6.4200e+02     1.926431e-02
  6.4400e+02     1.921174e-02
  6.4600e+02     1.918822e-02
  6.4800e+02     1.919298e-02
  6.5000e+02     1.922531e-02
  6.5200e+02     1.928456e-02
  6.5400e+02     1.937015e-02
  6.5600e+02     1.948154e-02
  6.5800e+02     1.961822e-02
  6.6000e+02     1.977973e-02
  6.6200e+02     1.996566e-02
  6.6400e+02     2.017557e-02
  6.6600e+02     2.040908e-02
  6.6800e+02     2.066579e-02
  6.7000e+02     2.094529e-02
  6.7200e+02     2.124718e-02
  6.7400e+02     2.157101e-02
  6.7600e+02     2.191631e-02
  6.7800e+02     2.228256e-02
  6.8000e+02     2.266918e-02
  6.8200e+02     2.307553e-02
  6.8400e+02     2.350090e-02
  6.8600e+02     2.394449e-02
  6.8800e+02     2.440537e-02
  6.9000e+02     2.488255e-02
  6.9200e+02     2.537489e-02
  6.9400e+02     2.588113e-02
  6.9600e+02     2.639988e-02
  6.9800e+02     2.692959e-02
  7.0000e+02     2.746856e-02
  7.0200e+02     2.801496e-02
  7.0400e+02     2.856678e-02
  7.0600e+02     2.912185e-02
  7.0800e+02     2.967786e-02
  7.1000e+02     3.023235e-02
  7.1200e+02     3.078271e-02
  7.1400e+02     3.132620e-02
  7.1600e+02     3.185999e-02
  7.1800e+02     3.238112e-02
  7.2000e+02     3.288660e-02
  7.2200e+02     3.337337e-02
  7.2400e+02     3.383839e-02
  7.2600e+02     3.427861e-02
  7.2800e+02     3.469107e-02
