# Epidemic | 7 days incidence [ x-unit: days | y-unit: ]
# ==============================================================================
  0.0000e+00     5.000000e-06
  2.0000e+00     5.849645e-06
  4.0000e+00     6.843668e-06
  6.0000e+00     8.006600e-06
  8.0000e+00     9.230121e-06
  1.0000e+01     1.044233e-05
  1.2000e+01     1.179999e-05
  1.4000e+01     1.331752e-05
  1.6000e+01     1.501007e-05
  1.8000e+01     1.689328e-05
  2.0000e+01     1.898308e-05
  2.2000e+01     2.170636e-05
  2.4000e+01     2.539476e-05
  2.6000e+01     3.977789e-05
  2.8000e+01     6.991602e-05
  3.0000e+01     1.051748e-04
  3.2000e+01     1.464237e-04
  3.4000e+01     1.361251e-04
  3.6000e+01     1.184428e-04
  3.8000e+01     9.775570e-05
  4.0000e+01     8.911321e-05
  4.2000e+01     1.042515e-04
  4.4000e+01     1.219608e-04
  4.6000e+01     1.426776e-04
  4.8000e+01     1.669123e-04
  5.0000e+01     1.952620e-04
  5.2000e+01     2.284248e-04
  5.4000e+01     2.672169e-04
  5.6000e+01     3.125931e-04
  5.8000e+01     3.656691e-04
  6.0000e+01     4.277497e-04
  6.2000e+01     5.003599e-04
  6.4000e+01     5.852816e-04
  6.6000e+01     6.845974e-04
  6.8000e+01     8.007399e-04
  7.0000e+01     9.365505e-04
  7.2000e+01     1.333144e-03
  7.4000e+01     2.397074e-03
  7.6000e+01     3.640791e-03
  7.8000e+01     5.094215e-03
  8.0000e+01     6.132293e-03
  8.2000e+01     7.165228e-03
  8.4000e+01     8.369166e-03
  8.6000e+01     9.771333e-03
  8.8000e+01     1.126306e-02
  9.0000e+01     1.012635e-02
  9.2000e+01     8.796578e-03
  9.4000e+01     7.242321e-03
  9.6000e+01     7.026098e-03
  9.8000e+01     8.433673e-03
  1.0000e+02     1.250493e-02
  1.0200e+02     1.723290e-02
  1.0400e+02     2.271467e-02
  1.0600e+02     2.749532e-02
  1.0800e+02     3.188018e-02
  1.1000e+02     3.690417e-02
  1.1200e+02     4.159174e-02
  1.1400e+02     4.054673e-02
  1.1600e+02     3.926359e-02
  1.1800e+02     3.770048e-02
  1.2000e+02     4.050904e-02
  1.2200e+02     4.633453e-02
  1.2400e+02     5.286806e-02
  1.2600e+02     6.596406e-02
  1.2800e+02     1.051783e-01
  1.3000e+02     1.484863e-01
  1.3200e+02     1.953793e-01
  1.3400e+02     2.239443e-01
  1.3600e+02     2.027347e-01
  1.3800e+02     1.725976e-01
  1.4000e+02     1.379682e-01
  1.4200e+02     1.166530e-01
  1.4400e+02     1.192106e-01
  1.4600e+02     1.203046e-01
  1.4800e+02     1.197591e-01
  1.5000e+02     1.174700e-01
  1.5200e+02     1.134278e-01
  1.5400e+02     1.077348e-01
  1.5600e+02     1.006094e-01
  1.5800e+02     9.237512e-02
  1.6000e+02     8.343126e-02
  1.6200e+02     7.420933e-02
  1.6400e+02     6.512265e-02
  1.6600e+02     5.821413e-02
  1.6800e+02     6.057626e-02
  1.7000e+02     6.195816e-02
  1.7200e+02     6.252238e-02
  1.7400e+02     5.542197e-02
  1.7600e+02     4.338235e-02
  1.7800e+02     3.127312e-02
  1.8000e+02     2.137778e-02
  1.8200e+02     1.338696e-02
  1.8400e+02     1.126225e-02
  1.8600e+02     9.602305e-03
  1.8800e+02     8.292594e-03
  1.9000e+02     7.248923e-03
  1.9200e+02     6.409322e-03
  1.9400e+02     5.727929e-03
  1.9600e+02     5.170540e-03
  1.9800e+02     4.711423e-03
  2.0000e+02     4.331038e-03
  2.0200e+02     4.014410e-03
  2.0400e+02     3.749963e-03
  2.0600e+02     3.528673e-03
  2.0800e+02     3.343450e-03
  2.1000e+02     3.188690e-03
  2.1200e+02     3.059932e-03
  2.1400e+02     2.953613e-03
  2.1600e+02     2.866875e-03
  2.1800e+02     2.797422e-03
  2.2000e+02     2.743411e-03
  2.2200e+02     2.703363e-03
  2.2400e+02     3.804201e-03
  2.2600e+02     5.522850e-03
  2.2800e+02     7.254914e-03
  2.3000e+02     8.743853e-03
  2.3200e+02     8.780000e-03
  2.3400e+02     8.841577e-03
  2.3600e+02     7.305469e-03
  2.3800e+02     5.587421e-03
  2.4000e+02     3.862195e-03
  2.4200e+02     2.844258e-03
  2.4400e+02     2.907347e-03
  2.4600e+02     2.980861e-03
  2.4800e+02     3.065154e-03
  2.5000e+02     3.160676e-03
  2.5200e+02     3.267968e-03
  2.5400e+02     3.387670e-03
  2.5600e+02     3.520519e-03
  2.5800e+02     3.667358e-03
  2.6000e+02     3.829135e-03
  2.6200e+02     4.006914e-03
  2.6400e+02     4.201881e-03
  2.6600e+02     4.415349e-03
  2.6800e+02     4.648771e-03
  2.7000e+02     4.903747e-03
  2.7200e+02     5.716270e-03
  2.7400e+02     6.614989e-03
  2.7600e+02     7.577196e-03
  2.7800e+02     8.358429e-03
  2.8000e+02     8.884715e-03
  2.8200e+02     9.106145e-03
  2.8400e+02     1.030709e-02
  2.8600e+02     1.047186e-02
  2.8800e+02     1.026915e-02
  2.9000e+02     1.012548e-02
  2.9200e+02     9.683066e-03
  2.9400e+02     1.036741e-02
  2.9600e+02     1.111003e-02
  2.9800e+02     1.191544e-02
  3.0000e+02     1.278834e-02
  3.0200e+02     1.373366e-02
  3.0400e+02     1.475650e-02
  3.0600e+02     1.586206e-02
  3.0800e+02     1.705564e-02
  3.1000e+02     1.834248e-02
  3.1200e+02     1.972776e-02
  3.1400e+02     2.121635e-02
  3.1600e+02     2.281278e-02
  3.1800e+02     2.452096e-02
  3.2000e+02     2.634400e-02
  3.2200e+02     2.828396e-02
  3.2400e+02     3.034153e-02
  3.2600e+02     3.491999e-02
  3.2800e+02     4.142108e-02
  3.3000e+02     4.827552e-02
  3.3200e+02     5.505928e-02
  3.3400e+02     5.364433e-02
  3.3600e+02     5.171815e-02
  3.3800e+02     4.951662e-02
  3.4000e+02     5.213691e-02
  3.4200e+02     5.875477e-02
  3.4400e+02     6.543239e-02
  3.4600e+02     7.127276e-02
  3.4800e+02     7.364782e-02
  3.5000e+02     7.564813e-02
  3.5200e+02     7.720699e-02
  3.5400e+02     7.826377e-02
  3.5600e+02     7.876777e-02
  3.5800e+02     7.535590e-02
  3.6000e+02     7.002255e-02
  3.6200e+02     6.428993e-02
  3.6400e+02     5.921333e-02
  3.6600e+02     5.770654e-02
  3.6800e+02     5.982717e-02
  3.7000e+02     7.659049e-02
  3.7200e+02     9.181979e-02
  3.7400e+02     1.051422e-01
  3.7600e+02     1.029389e-01
  3.7800e+02     9.372836e-02
  3.8000e+02     8.383776e-02
  3.8200e+02     7.376935e-02
  3.8400e+02     5.912487e-02
  3.8600e+02     4.295036e-02
  3.8800e+02     2.888185e-02
  3.9000e+02     1.772495e-02
  3.9200e+02     1.534741e-02
  3.9400e+02     1.340875e-02
  3.9600e+02     1.182196e-02
  3.9800e+02     1.051716e-02
  4.0000e+02     9.438946e-03
  4.0200e+02     8.543558e-03
  4.0400e+02     7.796535e-03
  4.0600e+02     7.170694e-03
  4.0800e+02     6.644542e-03
  4.1000e+02     6.201016e-03
  4.1200e+02     5.826518e-03
  4.1400e+02     5.778639e-03
  4.1600e+02     6.558169e-03
  4.1800e+02     7.340361e-03
  4.2000e+02     8.124642e-03
  4.2200e+02     8.113985e-03
  4.2400e+02     7.876890e-03
  4.2600e+02     7.228281e-03
  4.2800e+02     6.174883e-03
  4.3000e+02     5.166324e-03
  4.3200e+02     4.197106e-03
  4.3400e+02     4.162330e-03
  4.3600e+02     4.144584e-03
  4.3800e+02     4.142951e-03
  4.4000e+02     4.156747e-03
  4.4200e+02     4.185490e-03
  4.4400e+02     4.228878e-03
  4.4600e+02     4.286775e-03
  4.4800e+02     4.359191e-03
  4.5000e+02     4.446277e-03
  4.5200e+02     5.132231e-03
  4.5400e+02     6.950551e-03
  4.5600e+02     8.835824e-03
  4.5800e+02     1.079232e-02
  4.6000e+02     1.139629e-02
  4.6200e+02     1.178281e-02
  4.6400e+02     1.220166e-02
  4.6600e+02     1.265418e-02
  4.6800e+02     1.314178e-02
  4.7000e+02     1.240837e-02
  4.7200e+02     1.060956e-02
  4.7400e+02     8.750251e-03
  4.7600e+02     6.940568e-03
  4.7800e+02     7.264011e-03
  4.8000e+02     7.615959e-03
  4.8200e+02     7.998374e-03
  4.8400e+02     9.422269e-03
  4.8600e+02     1.507973e-02
  4.8800e+02     2.105074e-02
  4.9000e+02     2.734244e-02
  4.9200e+02     3.038156e-02
  4.9400e+02     2.906216e-02
  4.9600e+02     2.399296e-02
  4.9800e+02     1.865286e-02
  5.0000e+02     1.304052e-02
  5.0200e+02     1.339882e-02
  5.0400e+02     1.412725e-02
  5.0600e+02     1.490793e-02
  5.0800e+02     1.574354e-02
  5.1000e+02     1.663675e-02
  5.1200e+02     1.759016e-02
  5.1400e+02     1.860626e-02
  5.1600e+02     1.968737e-02
  5.1800e+02     2.083556e-02
  5.2000e+02     2.205253e-02
  5.2200e+02     2.333957e-02
  5.2400e+02     2.469741e-02
  5.2600e+02     2.612610e-02
  5.2800e+02     2.762486e-02
  5.3000e+02     2.919195e-02
  5.3200e+02     3.274680e-02
  5.3400e+02     4.433706e-02
  5.3600e+02     5.640641e-02
  5.3800e+02     6.886170e-02
  5.4000e+02     7.477426e-02
  5.4200e+02     7.751446e-02
  5.4400e+02     7.984444e-02
  5.4600e+02     8.168221e-02
  5.4800e+02     8.115136e-02
  5.5000e+02     6.983852e-02
  5.5200e+02     5.806894e-02
  5.5400e+02     4.599770e-02
  5.5600e+02     4.158838e-02
  5.5800e+02     4.130048e-02
  5.6000e+02     4.093648e-02
  5.6200e+02     4.099979e-02
  5.6400e+02     5.037135e-02
  5.6600e+02     5.939392e-02
  5.6800e+02     6.794560e-02
  5.7000e+02     7.045532e-02
  5.7200e+02     6.801392e-02
  5.7400e+02     6.518945e-02
  5.7600e+02     6.205804e-02
  5.7800e+02     5.329709e-02
  5.8000e+02     4.304930e-02
  5.8200e+02     3.329110e-02
  5.8400e+02     2.594225e-02
  5.8600e+02     2.441356e-02
  5.8800e+02     2.302365e-02
  5.9000e+02     2.176445e-02
  5.9200e+02     2.062729e-02
  5.9400e+02     1.960332e-02
  5.9600e+02     1.868384e-02
  5.9800e+02     1.786048e-02
  6.0000e+02     1.712532e-02
  6.0200e+02     1.647104e-02
  6.0400e+02     1.589089e-02
  6.0600e+02     1.537874e-02
  6.0800e+02     1.492905e-02
  6.1000e+02     1.453686e-02
  6.1200e+02     1.419775e-02
  6.1400e+02     1.390779e-02
  6.1600e+02     1.366355e-02
  6.1800e+02     1.346198e-02
  6.2000e+02     1.330046e-02
  6.2200e+02     1.317670e-02
  6.2400e+02     1.357470e-02
  6.2600e+02     1.416730e-02
  6.2800e+02     1.479095e-02
  6.3000e+02     1.528250e-02
  6.3200e+02     1.531799e-02
  6.3400e+02     1.538366e-02
  6.3600e+02     1.547888e-02
  6.3800e+02     1.560315e-02
  6.4000e+02     1.561983e-02
  6.4200e+02     1.511460e-02
  6.4400e+02     1.462874e-02
  6.4600e+02     1.416231e-02
  6.4800e+02     1.419386e-02
  6.5000e+02     1.445782e-02
  6.5200e+02     1.475075e-02
  6.5400e+02     1.507298e-02
  6.5600e+02     1.542489e-02
  6.5800e+02     1.580692e-02
  6.6000e+02     1.621955e-02
  6.6200e+02     1.666325e-02
  6.6400e+02     1.713854e-02
  6.6600e+02     1.770301e-02
  6.6800e+02     1.940351e-02
  6.7000e+02     2.080772e-02
  6.7200e+02     2.140554e-02
  6.7400e+02     2.139858e-02
  6.7600e+02     2.087493e-02
  6.7800e+02     2.132245e-02
  6.8000e+02     2.204303e-02
  6.8200e+02     2.279585e-02
  6.8400e+02     2.358027e-02
  6.8600e+02     2.439537e-02
  6.8800e+02     2.523993e-02
  6.9000e+02     2.611240e-02
  6.9200e+02     2.701083e-02
  6.9400e+02     2.793289e-02
  6.9600e+02     2.887579e-02
  6.9800e+02     2.983626e-02
  7.0000e+02     3.081054e-02
  7.0200e+02     3.179436e-02
  7.0400e+02     4.797485e-02
  7.0600e+02     7.098012e-02
  7.0800e+02     9.402189e-02
  7.1000e+02     1.001692e-01
  7.1200e+02     7.836314e-02
  7.1400e+02     5.639293e-02
  7.1600e+02     3.535273e-02
  7.1800e+02     3.546570e-02
  7.2000e+02     3.534798e-02
  7.2200e+02     3.455659e-02
  7.2400e+02     3.445111e-02
  7.2600e+02     3.891536e-02
  7.2800e+02     4.336308e-02
