# Epidemic | 7 days incidence [ x-unit: days | y-unit: ]
# ==============================================================================
  0.0000e+00     5.000000e-06
  2.0000e+00     5.849645e-06
  4.0000e+00     6.843668e-06
  6.0000e+00     8.006600e-06
  8.0000e+00     9.230121e-06
  1.0000e+01     1.044233e-05
  1.2000e+01     1.179999e-05
  1.4000e+01     1.331752e-05
  1.6000e+01     1.501007e-05
  1.8000e+01     1.689328e-05
  2.0000e+01     1.898308e-05
  2.2000e+01     2.170636e-05
  2.4000e+01     2.539476e-05
  2.6000e+01     2.970987e-05
  2.8000e+01     3.475816e-05
  3.0000e+01     4.066418e-05
  3.2000e+01     4.757364e-05
  3.4000e+01     5.565700e-05
  3.6000e+01     6.511365e-05
  3.8000e+01     7.617684e-05
  4.0000e+01     8.911940e-05
  4.2000e+01     1.042605e-04
  4.4000e+01     1.219734e-04
  4.6000e+01     1.426947e-04
  4.8000e+01     1.669351e-04
  5.0000e+01     1.952918e-04
  5.2000e+01     2.284632e-04
  5.4000e+01     2.672661e-04
  5.6000e+01     3.126554e-04
  5.8000e+01     3.657476e-04
  6.0000e+01     4.278479e-04
  6.2000e+01     5.004820e-04
  6.4000e+01     5.854329e-04
  6.6000e+01     6.847841e-04
  6.8000e+01     8.009696e-04
  7.0000e+01     9.368320e-04
  7.2000e+01     1.095691e-03
  7.4000e+01     1.281420e-03
  7.6000e+01     1.498540e-03
  7.8000e+01     1.752322e-03
  8.0000e+01     2.048911e-03
  8.2000e+01     2.395464e-03
  8.4000e+01     2.800311e-03
  8.6000e+01     3.273140e-03
  8.8000e+01     3.825204e-03
  9.0000e+01     4.469559e-03
  9.2000e+01     6.701219e-03
  9.4000e+01     9.034712e-03
  9.6000e+01     1.173091e-02
  9.8000e+01     1.475688e-02
  1.0000e+02     1.799176e-02
  1.0200e+02     2.039529e-02
  1.0400e+02     2.360154e-02
  1.0600e+02     2.665049e-02
  1.0800e+02     3.008975e-02
  1.1000e+02     3.631715e-02
  1.1200e+02     4.255087e-02
  1.1400e+02     4.957157e-02
  1.1600e+02     5.371591e-02
  1.1800e+02     5.063703e-02
  1.2000e+02     4.995433e-02
  1.2200e+02     4.868434e-02
  1.2400e+02     5.375587e-02
  1.2600e+02     6.103724e-02
  1.2800e+02     6.906892e-02
  1.3000e+02     7.784764e-02
  1.3200e+02     8.733767e-02
  1.3400e+02     9.745978e-02
  1.3600e+02     1.080789e-01
  1.3800e+02     1.189912e-01
  1.4000e+02     1.299113e-01
  1.4200e+02     1.404634e-01
  1.4400e+02     1.501776e-01
  1.4600e+02     1.584966e-01
  1.4800e+02     1.647983e-01
  1.5000e+02     1.684373e-01
  1.5200e+02     1.688105e-01
  1.5400e+02     1.654462e-01
  1.5600e+02     1.581073e-01
  1.5800e+02     1.468959e-01
  1.6000e+02     1.323278e-01
  1.6200e+02     1.153431e-01
  1.6400e+02     9.721696e-02
  1.6600e+02     7.935621e-02
  1.6800e+02     6.301973e-02
  1.7000e+02     4.906221e-02
  1.7200e+02     3.781506e-02
  1.7400e+02     2.914844e-02
  1.7600e+02     2.265640e-02
  1.7800e+02     1.785328e-02
  1.8000e+02     1.430018e-02
  1.8200e+02     1.165160e-02
  1.8400e+02     9.654023e-03
  1.8600e+02     8.127223e-03
  1.8800e+02     6.944384e-03
  1.9000e+02     6.016098e-03
  1.9200e+02     5.278819e-03
  1.9400e+02     4.686881e-03
  1.9600e+02     4.207056e-03
  1.9800e+02     3.814860e-03
  2.0000e+02     3.492032e-03
  2.0200e+02     3.224788e-03
  2.0400e+02     3.002611e-03
  2.0600e+02     2.817397e-03
  2.0800e+02     2.662842e-03
  2.1000e+02     2.534003e-03
  2.1200e+02     2.426980e-03
  2.1400e+02     2.338673e-03
  2.1600e+02     2.266611e-03
  2.1800e+02     2.208821e-03
  2.2000e+02     2.163721e-03
  2.2200e+02     2.130051e-03
  2.2400e+02     2.106808e-03
  2.2600e+02     2.318895e-03
  2.2800e+02     2.696097e-03
  2.3000e+02     3.308398e-03
  2.3200e+02     3.764487e-03
  2.3400e+02     3.787412e-03
  2.3600e+02     3.778597e-03
  2.3800e+02     3.792735e-03
  2.4000e+02     3.771889e-03
  2.4200e+02     3.883633e-03
  2.4400e+02     3.967134e-03
  2.4600e+02     3.595504e-03
  2.4800e+02     3.192248e-03
  2.5000e+02     2.775298e-03
  2.5200e+02     2.647760e-03
  2.5400e+02     2.751222e-03
  2.5600e+02     2.865853e-03
  2.5800e+02     2.992422e-03
  2.6000e+02     3.131798e-03
  2.6200e+02     3.284949e-03
  2.6400e+02     3.452957e-03
  2.6600e+02     3.637022e-03
  2.6800e+02     3.838473e-03
  2.7000e+02     4.058775e-03
  2.7200e+02     4.299545e-03
  2.7400e+02     4.562558e-03
  2.7600e+02     4.849765e-03
  2.7800e+02     5.163304e-03
  2.8000e+02     5.505513e-03
  2.8200e+02     5.878948e-03
  2.8400e+02     6.286394e-03
  2.8600e+02     6.730884e-03
  2.8800e+02     7.215711e-03
  2.9000e+02     7.744443e-03
  2.9200e+02     8.320940e-03
  2.9400e+02     8.949358e-03
  2.9600e+02     9.634162e-03
  2.9800e+02     1.038013e-02
  3.0000e+02     1.119236e-02
  3.0200e+02     1.207623e-02
  3.0400e+02     1.303744e-02
  3.0600e+02     1.408192e-02
  3.0800e+02     1.521585e-02
  3.1000e+02     1.644555e-02
  3.1200e+02     1.777743e-02
  3.1400e+02     1.921787e-02
  3.1600e+02     2.077312e-02
  3.1800e+02     2.244910e-02
  3.2000e+02     2.425121e-02
  3.2200e+02     2.618408e-02
  3.2400e+02     3.425681e-02
  3.2600e+02     4.293925e-02
  3.2800e+02     5.275299e-02
  3.3000e+02     6.009294e-02
  3.3200e+02     5.439816e-02
  3.3400e+02     5.048980e-02
  3.3600e+02     4.344410e-02
  3.3800e+02     4.469148e-02
  3.4000e+02     4.718942e-02
  3.4200e+02     4.969533e-02
  3.4400e+02     5.218160e-02
  3.4600e+02     5.461669e-02
  3.4800e+02     5.696541e-02
  3.5000e+02     5.918940e-02
  3.5200e+02     6.124783e-02
  3.5400e+02     6.309849e-02
  3.5600e+02     6.469905e-02
  3.5800e+02     6.600867e-02
  3.6000e+02     6.698977e-02
  3.6200e+02     6.761000e-02
  3.6400e+02     6.784415e-02
  3.6600e+02     6.767599e-02
  3.6800e+02     6.709970e-02
  3.7000e+02     6.612095e-02
  3.7200e+02     6.475725e-02
  3.7400e+02     6.303760e-02
  3.7600e+02     6.100138e-02
  3.7800e+02     5.869649e-02
  3.8000e+02     5.617696e-02
  3.8200e+02     5.350012e-02
  3.8400e+02     5.072374e-02
  3.8600e+02     4.790328e-02
  3.8800e+02     4.508955e-02
  3.9000e+02     4.232698e-02
  3.9200e+02     3.965246e-02
  3.9400e+02     3.709499e-02
  3.9600e+02     3.467571e-02
  3.9800e+02     3.240858e-02
  4.0000e+02     3.030125e-02
  4.0200e+02     2.835608e-02
  4.0400e+02     2.657130e-02
  4.0600e+02     2.494202e-02
  4.0800e+02     2.346115e-02
  4.1000e+02     2.212021e-02
  4.1200e+02     2.090993e-02
  4.1400e+02     1.982079e-02
  4.1600e+02     1.884331e-02
  4.1800e+02     1.796836e-02
  4.2000e+02     1.718733e-02
  4.2200e+02     1.649218e-02
  4.2400e+02     1.587554e-02
  4.2600e+02     1.533070e-02
  4.2800e+02     1.485159e-02
  4.3000e+02     1.443280e-02
  4.3200e+02     1.406951e-02
  4.3400e+02     1.375741e-02
  4.3600e+02     1.349276e-02
  4.3800e+02     1.327225e-02
  4.4000e+02     1.309300e-02
  4.4200e+02     1.295251e-02
  4.4400e+02     1.284864e-02
  4.4600e+02     1.277956e-02
  4.4800e+02     1.274373e-02
  4.5000e+02     1.273986e-02
  4.5200e+02     1.276690e-02
  4.5400e+02     1.282401e-02
  4.5600e+02     1.291055e-02
  4.5800e+02     1.302603e-02
  4.6000e+02     1.317015e-02
  4.6200e+02     1.334274e-02
  4.6400e+02     1.354375e-02
  4.6600e+02     1.377327e-02
  4.6800e+02     1.403147e-02
  4.7000e+02     1.431865e-02
  4.7200e+02     1.463515e-02
  4.7400e+02     1.685135e-02
  4.7600e+02     2.105604e-02
  4.7800e+02     2.466200e-02
  4.8000e+02     2.924072e-02
  4.8200e+02     3.003881e-02
  4.8400e+02     3.042166e-02
  4.8600e+02     3.227535e-02
  4.8800e+02     3.109653e-02
  4.9000e+02     3.119967e-02
  4.9200e+02     3.247044e-02
  4.9400e+02     3.222885e-02
  4.9600e+02     3.355856e-02
  4.9800e+02     3.369083e-02
  5.0000e+02     3.023408e-02
  5.0200e+02     2.630147e-02
  5.0400e+02     2.236055e-02
  5.0600e+02     2.125837e-02
  5.0800e+02     2.167574e-02
  5.1000e+02     2.211576e-02
  5.1200e+02     2.257788e-02
  5.1400e+02     2.306144e-02
  5.1600e+02     2.356569e-02
  5.1800e+02     2.408973e-02
  5.2000e+02     2.463256e-02
  5.2200e+02     2.519302e-02
  5.2400e+02     2.576977e-02
  5.2600e+02     2.636132e-02
  5.2800e+02     2.696600e-02
  5.3000e+02     2.758191e-02
  5.3200e+02     2.820698e-02
  5.3400e+02     2.883892e-02
  5.3600e+02     2.947524e-02
  5.3800e+02     3.011324e-02
  5.4000e+02     3.074999e-02
  5.4200e+02     3.138241e-02
  5.4400e+02     3.200721e-02
  5.4600e+02     3.262096e-02
  5.4800e+02     3.322007e-02
  5.5000e+02     3.380086e-02
  5.5200e+02     3.435958e-02
  5.5400e+02     3.489245e-02
  5.5600e+02     3.539570e-02
  5.5800e+02     3.586564e-02
  5.6000e+02     3.629870e-02
  5.6200e+02     3.669147e-02
  5.6400e+02     3.704080e-02
  5.6600e+02     3.734381e-02
  5.6800e+02     3.759798e-02
  5.7000e+02     3.780120e-02
  5.7200e+02     3.795179e-02
  5.7400e+02     3.804855e-02
  5.7600e+02     3.809083e-02
  5.7800e+02     3.807848e-02
  5.8000e+02     3.801193e-02
  5.8200e+02     3.789215e-02
  5.8400e+02     3.772064e-02
  5.8600e+02     3.749942e-02
  5.8800e+02     3.723098e-02
  5.9000e+02     3.691825e-02
  5.9200e+02     3.656452e-02
  5.9400e+02     3.805629e-02
  5.9600e+02     4.455641e-02
  5.9800e+02     5.198972e-02
  6.0000e+02     5.802744e-02
  6.0200e+02     5.726094e-02
  6.0400e+02     5.579719e-02
  6.0600e+02     5.484343e-02
  6.0800e+02     5.370372e-02
  6.1000e+02     5.340733e-02
  6.1200e+02     4.884207e-02
  6.1400e+02     4.551912e-02
  6.1600e+02     4.399338e-02
  6.1800e+02     4.114329e-02
  6.2000e+02     3.474954e-02
  6.2200e+02     2.885937e-02
  6.2400e+02     2.204539e-02
  6.2600e+02     1.924081e-02
  6.2800e+02     1.829836e-02
  6.3000e+02     1.745663e-02
  6.3200e+02     1.670688e-02
  6.3400e+02     1.604108e-02
  6.3600e+02     1.545186e-02
  6.3800e+02     1.493258e-02
  6.4000e+02     1.447729e-02
  6.4200e+02     1.408067e-02
  6.4400e+02     1.373802e-02
  6.4600e+02     1.344516e-02
  6.4800e+02     1.319846e-02
  6.5000e+02     1.299473e-02
  6.5200e+02     1.283122e-02
  6.5400e+02     1.270553e-02
  6.5600e+02     1.261562e-02
  6.5800e+02     1.255977e-02
  6.6000e+02     1.253652e-02
  6.6200e+02     1.254468e-02
  6.6400e+02     1.258327e-02
  6.6600e+02     1.265154e-02
  6.6800e+02     1.274891e-02
  6.7000e+02     1.287498e-02
  6.7200e+02     1.302951e-02
  6.7400e+02     1.321238e-02
  6.7600e+02     1.342362e-02
  6.7800e+02     1.366337e-02
  6.8000e+02     1.393187e-02
  6.8200e+02     1.578470e-02
  6.8400e+02     1.955709e-02
  6.8600e+02     2.279221e-02
  6.8800e+02     2.701921e-02
  6.9000e+02     2.788695e-02
  6.9200e+02     2.865051e-02
  6.9400e+02     2.916919e-02
  6.9600e+02     2.964690e-02
  6.9800e+02     2.666934e-02
  7.0000e+02     2.328507e-02
  7.0200e+02     1.991656e-02
  7.0400e+02     1.834923e-02
  7.0600e+02     1.880616e-02
  7.0800e+02     1.929217e-02
  7.1000e+02     1.980731e-02
  7.1200e+02     2.035153e-02
  7.1400e+02     2.092474e-02
  7.1600e+02     2.152668e-02
  7.1800e+02     2.215699e-02
  7.2000e+02     2.281514e-02
  7.2200e+02     2.350042e-02
  7.2400e+02     2.421189e-02
  7.2600e+02     2.494841e-02
  7.2800e+02     2.570854e-02
