# Epidemic | 7 days incidence [ x-unit: days | y-unit: ]
# ==============================================================================
  0.0000e+00     5.000000e-06
  2.0000e+00     5.849645e-06
  4.0000e+00     6.843668e-06
  6.0000e+00     8.006600e-06
  8.0000e+00     9.230121e-06
  1.0000e+01     1.044233e-05
  1.2000e+01     1.179999e-05
  1.4000e+01     1.331752e-05
  1.6000e+01     1.501007e-05
  1.8000e+01     1.689328e-05
  2.0000e+01     1.898308e-05
  2.2000e+01     2.170636e-05
  2.4000e+01     2.539476e-05
  2.6000e+01     2.970987e-05
  2.8000e+01     3.475816e-05
  3.0000e+01     4.066418e-05
  3.2000e+01     4.757364e-05
  3.4000e+01     5.565700e-05
  3.6000e+01     6.511365e-05
  3.8000e+01     7.617684e-05
  4.0000e+01     8.911940e-05
  4.2000e+01     1.042605e-04
  4.4000e+01     1.219734e-04
  4.6000e+01     1.426947e-04
  4.8000e+01     1.669351e-04
  5.0000e+01     1.952918e-04
  5.2000e+01     2.284632e-04
  5.4000e+01     2.672661e-04
  5.6000e+01     3.126554e-04
  5.8000e+01     3.657476e-04
  6.0000e+01     4.278479e-04
  6.2000e+01     5.004820e-04
  6.4000e+01     5.854329e-04
  6.6000e+01     6.847841e-04
  6.8000e+01     8.009696e-04
  7.0000e+01     9.368320e-04
  7.2000e+01     1.510394e-03
  7.4000e+01     2.105269e-03
  7.6000e+01     2.793829e-03
  7.8000e+01     3.567977e-03
  8.0000e+01     4.394175e-03
  8.2000e+01     4.976766e-03
  8.4000e+01     5.777488e-03
  8.6000e+01     6.526194e-03
  8.8000e+01     6.710709e-03
  9.0000e+01     6.465812e-03
  9.2000e+01     6.241109e-03
  9.4000e+01     6.063183e-03
  9.6000e+01     7.071837e-03
  9.8000e+01     8.245578e-03
  1.0000e+02     9.610410e-03
  1.0200e+02     1.119606e-02
  1.0400e+02     1.303635e-02
  1.0600e+02     1.516961e-02
  1.0800e+02     1.763897e-02
  1.1000e+02     2.049261e-02
  1.1200e+02     2.378384e-02
  1.1400e+02     2.757099e-02
  1.1600e+02     3.191687e-02
  1.1800e+02     3.688784e-02
  1.2000e+02     4.255209e-02
  1.2200e+02     4.897711e-02
  1.2400e+02     5.622581e-02
  1.2600e+02     6.435127e-02
  1.2800e+02     7.338938e-02
  1.3000e+02     8.334934e-02
  1.3200e+02     9.420154e-02
  1.3400e+02     1.058628e-01
  1.3600e+02     1.181790e-01
  1.3800e+02     1.309066e-01
  1.4000e+02     1.436934e-01
  1.4200e+02     1.560639e-01
  1.4400e+02     1.674107e-01
  1.4600e+02     1.770016e-01
  1.4800e+02     1.840081e-01
  1.5000e+02     1.875644e-01
  1.5200e+02     1.868633e-01
  1.5400e+02     1.812897e-01
  1.5600e+02     1.705820e-01
  1.5800e+02     1.549949e-01
  1.6000e+02     1.354158e-01
  1.6200e+02     1.133718e-01
  1.6400e+02     9.084892e-02
  1.6600e+02     6.988897e-02
  1.6800e+02     5.206422e-02
  1.7000e+02     3.809826e-02
  1.7200e+02     2.784938e-02
  1.7400e+02     2.062715e-02
  1.7600e+02     1.560692e-02
  1.7800e+02     1.209525e-02
  1.8000e+02     9.597257e-03
  1.8200e+02     7.783582e-03
  1.8400e+02     6.439289e-03
  1.8600e+02     5.423460e-03
  1.8800e+02     4.642299e-03
  1.9000e+02     4.032187e-03
  1.9200e+02     3.549118e-03
  1.9400e+02     3.162067e-03
  1.9600e+02     2.848770e-03
  1.9800e+02     2.592982e-03
  2.0000e+02     2.382674e-03
  2.0200e+02     2.208813e-03
  2.0400e+02     2.064533e-03
  2.0600e+02     1.944561e-03
  2.0800e+02     1.844801e-03
  2.1000e+02     2.021757e-03
  2.1200e+02     2.036394e-03
  2.1400e+02     1.980455e-03
  2.1600e+02     1.935128e-03
  2.1800e+02     1.557102e-03
  2.2000e+02     1.530195e-03
  2.2200e+02     1.511134e-03
  2.2400e+02     1.499288e-03
  2.2600e+02     1.494168e-03
  2.2800e+02     1.495407e-03
  2.3000e+02     1.502740e-03
  2.3200e+02     1.515993e-03
  2.3400e+02     1.535072e-03
  2.3600e+02     1.559955e-03
  2.3800e+02     1.590686e-03
  2.4000e+02     1.627372e-03
  2.4200e+02     1.670183e-03
  2.4400e+02     1.719344e-03
  2.4600e+02     1.775143e-03
  2.4800e+02     1.837926e-03
  2.5000e+02     1.908103e-03
  2.5200e+02     1.986146e-03
  2.5400e+02     2.072597e-03
  2.5600e+02     2.168070e-03
  2.5800e+02     2.273256e-03
  2.6000e+02     2.388930e-03
  2.6200e+02     2.515957e-03
  2.6400e+02     2.655299e-03
  2.6600e+02     2.808024e-03
  2.6800e+02     2.975317e-03
  2.7000e+02     3.158489e-03
  2.7200e+02     3.358986e-03
  2.7400e+02     3.578406e-03
  2.7600e+02     3.818512e-03
  2.7800e+02     4.081242e-03
  2.8000e+02     4.368729e-03
  2.8200e+02     4.683318e-03
  2.8400e+02     5.027581e-03
  2.8600e+02     5.404339e-03
  2.8800e+02     5.816677e-03
  2.9000e+02     6.267968e-03
  2.9200e+02     6.761891e-03
  2.9400e+02     7.302452e-03
  2.9600e+02     7.893998e-03
  2.9800e+02     8.541243e-03
  3.0000e+02     9.249273e-03
  3.0200e+02     1.002356e-02
  3.0400e+02     1.086998e-02
  3.0600e+02     1.179477e-02
  3.0800e+02     1.280457e-02
  3.1000e+02     1.390636e-02
  3.1200e+02     1.510744e-02
  3.1400e+02     1.641535e-02
  3.1600e+02     1.783779e-02
  3.1800e+02     2.661672e-02
  3.2000e+02     3.459518e-02
  3.2200e+02     4.331479e-02
  3.2400e+02     4.486931e-02
  3.2600e+02     3.873125e-02
  3.2800e+02     3.390035e-02
  3.3000e+02     3.084752e-02
  3.3200e+02     3.314709e-02
  3.3400e+02     3.557208e-02
  3.3600e+02     3.811681e-02
  3.3800e+02     4.077233e-02
  3.4000e+02     4.352593e-02
  3.4200e+02     4.636058e-02
  3.4400e+02     4.925445e-02
  3.4600e+02     5.218054e-02
  3.4800e+02     5.510635e-02
  3.5000e+02     5.799382e-02
  3.5200e+02     6.079945e-02
  3.5400e+02     6.347475e-02
  3.5600e+02     6.596711e-02
  3.5800e+02     6.822105e-02
  3.6000e+02     7.017992e-02
  3.6200e+02     7.178810e-02
  3.6400e+02     7.299358e-02
  3.6600e+02     7.375079e-02
  3.6800e+02     7.402359e-02
  3.7000e+02     7.378811e-02
  3.7200e+02     7.303517e-02
  3.7400e+02     7.177199e-02
  3.7600e+02     7.002292e-02
  3.7800e+02     6.782895e-02
  3.8000e+02     6.524603e-02
  3.8200e+02     6.234206e-02
  3.8400e+02     5.919307e-02
  3.8600e+02     5.587871e-02
  3.8800e+02     5.247775e-02
  3.9000e+02     4.906390e-02
  3.9200e+02     4.570246e-02
  3.9400e+02     4.244804e-02
  3.9600e+02     3.934340e-02
  3.9800e+02     3.641940e-02
  4.0000e+02     3.369580e-02
  4.0200e+02     3.118267e-02
  4.0400e+02     2.888212e-02
  4.0600e+02     2.679010e-02
  4.0800e+02     2.489814e-02
  4.1000e+02     2.319480e-02
  4.1200e+02     2.166694e-02
  4.1400e+02     2.030065e-02
  4.1600e+02     1.908196e-02
  4.1800e+02     2.053362e-02
  4.2000e+02     2.347918e-02
  4.2200e+02     2.801295e-02
  4.2400e+02     3.176254e-02
  4.2600e+02     3.012817e-02
  4.2800e+02     2.815383e-02
  4.3000e+02     2.554052e-02
  4.3200e+02     2.113751e-02
  4.3400e+02     1.727504e-02
  4.3600e+02     1.286475e-02
  4.3800e+02     1.277415e-02
  4.4000e+02     1.520852e-02
  4.4200e+02     1.766305e-02
  4.4400e+02     1.889983e-02
  4.4600e+02     1.871687e-02
  4.4800e+02     1.586827e-02
  4.5000e+02     1.291942e-02
  4.5200e+02     1.011263e-02
  4.5400e+02     9.015202e-03
  4.5600e+02     8.910576e-03
  4.5800e+02     8.837372e-03
  4.6000e+02     8.793778e-03
  4.6200e+02     8.778332e-03
  4.6400e+02     8.789876e-03
  4.6600e+02     8.827524e-03
  4.6800e+02     8.890635e-03
  4.7000e+02     8.978788e-03
  4.7200e+02     9.091760e-03
  4.7400e+02     9.229513e-03
  4.7600e+02     9.392181e-03
  4.7800e+02     9.580051e-03
  4.8000e+02     9.793562e-03
  4.8200e+02     1.003329e-02
  4.8400e+02     1.029995e-02
  4.8600e+02     1.059437e-02
  4.8800e+02     1.091750e-02
  4.9000e+02     1.127041e-02
  4.9200e+02     1.165427e-02
  4.9400e+02     1.207036e-02
  4.9600e+02     1.252002e-02
  4.9800e+02     1.524227e-02
  5.0000e+02     2.041907e-02
  5.0200e+02     2.700301e-02
  5.0400e+02     3.176143e-02
  5.0600e+02     3.271385e-02
  5.0800e+02     3.311642e-02
  5.1000e+02     3.392044e-02
  5.1200e+02     3.249788e-02
  5.1400e+02     2.854622e-02
  5.1600e+02     2.279279e-02
  5.1800e+02     1.875379e-02
  5.2000e+02     1.941603e-02
  5.2200e+02     2.011441e-02
  5.2400e+02     2.084914e-02
  5.2600e+02     2.162025e-02
  5.2800e+02     2.242756e-02
  5.3000e+02     2.327063e-02
  5.3200e+02     2.414873e-02
  5.3400e+02     2.506078e-02
  5.3600e+02     2.600534e-02
  5.3800e+02     2.698051e-02
  5.4000e+02     2.798393e-02
  5.4200e+02     2.901272e-02
  5.4400e+02     3.006345e-02
  5.4600e+02     3.113208e-02
  5.4800e+02     3.221395e-02
  5.5000e+02     3.330377e-02
  5.5200e+02     3.439556e-02
  5.5400e+02     3.548274e-02
  5.5600e+02     3.655806e-02
  5.5800e+02     3.761371e-02
  5.6000e+02     3.864135e-02
  5.6200e+02     3.963220e-02
  5.6400e+02     4.057716e-02
  5.6600e+02     4.146692e-02
  5.6800e+02     4.229215e-02
  5.7000e+02     4.304366e-02
  5.7200e+02     4.371261e-02
  5.7400e+02     4.429070e-02
  5.7600e+02     4.477042e-02
  5.7800e+02     4.514523e-02
  5.8000e+02     4.540979e-02
  5.8200e+02     4.556013e-02
  5.8400e+02     4.559384e-02
  5.8600e+02     4.551012e-02
  5.8800e+02     4.530991e-02
  5.9000e+02     4.499589e-02
  5.9200e+02     4.457241e-02
  5.9400e+02     4.404542e-02
  5.9600e+02     4.342235e-02
  5.9800e+02     4.271184e-02
  6.0000e+02     4.192357e-02
  6.0200e+02     4.384567e-02
  6.0400e+02     5.492875e-02
  6.0600e+02     6.332337e-02
  6.0800e+02     7.111624e-02
  6.1000e+02     7.243919e-02
  6.1200e+02     6.537740e-02
  6.1400e+02     6.192293e-02
  6.1600e+02     5.001582e-02
  6.1800e+02     3.939405e-02
  6.2000e+02     2.801449e-02
  6.2200e+02     2.501800e-02
  6.2400e+02     2.344563e-02
  6.2600e+02     2.202641e-02
  6.2800e+02     2.074955e-02
  6.3000e+02     1.960398e-02
  6.3200e+02     1.857883e-02
  6.3400e+02     1.766367e-02
  6.3600e+02     1.684870e-02
  6.3800e+02     1.612487e-02
  6.4000e+02     1.548391e-02
  6.4200e+02     1.491835e-02
  6.4400e+02     1.442147e-02
  6.4600e+02     1.398730e-02
  6.4800e+02     1.361052e-02
  6.5000e+02     1.328647e-02
  6.5200e+02     1.301105e-02
  6.5400e+02     1.278068e-02
  6.5600e+02     1.259223e-02
  6.5800e+02     1.511306e-02
  6.6000e+02     1.823321e-02
  6.6200e+02     2.135240e-02
  6.6400e+02     2.427792e-02
  6.6600e+02     2.365678e-02
  6.6800e+02     2.388454e-02
  6.7000e+02     2.326222e-02
  6.7200e+02     2.012787e-02
  6.7400e+02     1.721743e-02
  6.7600e+02     1.396744e-02
  6.7800e+02     1.197319e-02
  6.8000e+02     1.203383e-02
  6.8200e+02     1.212331e-02
  6.8400e+02     1.224121e-02
  6.8600e+02     1.238729e-02
  6.8800e+02     1.256144e-02
  6.9000e+02     1.276370e-02
  6.9200e+02     1.299422e-02
  6.9400e+02     1.325329e-02
  6.9600e+02     1.354128e-02
  6.9800e+02     1.385866e-02
  7.0000e+02     1.420598e-02
  7.0200e+02     1.458386e-02
  7.0400e+02     1.499298e-02
  7.0600e+02     1.543404e-02
  7.0800e+02     1.590780e-02
  7.1000e+02     1.641502e-02
  7.1200e+02     1.695645e-02
  7.1400e+02     1.753283e-02
  7.1600e+02     1.814484e-02
  7.1800e+02     1.879309e-02
  7.2000e+02     1.947812e-02
  7.2200e+02     2.020031e-02
  7.2400e+02     2.095990e-02
  7.2600e+02     2.743492e-02
  7.2800e+02     3.502185e-02
