# Epidemic | recovered immune individuals [ x-unit: transmission cycles | y-unit: ]
# ==============================================================================
  0.0000e+00     0.000000e+00
  1.4286e-01     1.813740e-06
  2.8571e-01     3.686229e-06
  4.2857e-01     5.619369e-06
  5.7143e-01     7.615124e-06
  7.1429e-01     9.675521e-06
  8.5714e-01     1.180265e-05
  1.0000e+00     1.399868e-05
  1.1428e+00     1.626584e-05
  1.2857e+00     1.860643e-05
  1.4285e+00     2.102283e-05
  1.5714e+00     2.351748e-05
  1.7142e+00     2.609294e-05
  1.8571e+00     2.875181e-05
  2.0000e+00     3.149679e-05
  2.1428e+00     3.433067e-05
  2.2857e+00     3.725632e-05
  2.4285e+00     4.027673e-05
  2.5714e+00     4.339495e-05
  2.7142e+00     4.661416e-05
  2.8571e+00     4.993762e-05
  3.0000e+00     5.336870e-05
  3.1428e+00     5.691090e-05
  3.2857e+00     6.056780e-05
  3.4285e+00     6.434312e-05
  3.5714e+00     6.824069e-05
  3.7142e+00     7.226447e-05
  3.8571e+00     7.641854e-05
  4.0000e+00     8.070712e-05
  4.1428e+00     8.513456e-05
  4.2857e+00     8.970535e-05
  4.4285e+00     9.442414e-05
  4.5714e+00     9.929570e-05
  4.7142e+00     1.043250e-04
  4.8571e+00     1.095171e-04
  5.0000e+00     1.148773e-04
  5.1428e+00     1.204111e-04
  5.2857e+00     1.261240e-04
  5.4285e+00     1.320218e-04
  5.5714e+00     1.381106e-04
  5.7142e+00     1.443964e-04
  5.8571e+00     1.508857e-04
  6.0000e+00     1.575851e-04
  6.1428e+00     1.645013e-04
  6.2857e+00     1.716414e-04
  6.4285e+00     1.790126e-04
  6.5714e+00     1.866223e-04
  6.7142e+00     1.944784e-04
  6.8571e+00     2.025886e-04
  7.0000e+00     2.109613e-04
  7.1428e+00     2.196050e-04
  7.2857e+00     2.285283e-04
  7.4285e+00     2.377404e-04
  7.5714e+00     2.472506e-04
  7.7142e+00     2.570685e-04
  7.8571e+00     2.672039e-04
  8.0000e+00     2.776673e-04
  8.1428e+00     2.884692e-04
  8.2857e+00     2.996205e-04
  8.4285e+00     3.111326e-04
  8.5714e+00     3.230170e-04
  8.7142e+00     3.352857e-04
  8.8571e+00     3.479513e-04
  9.0000e+00     3.610264e-04
  9.1428e+00     3.745244e-04
  9.2857e+00     3.884589e-04
  9.4285e+00     4.028439e-04
  9.5714e+00     4.176939e-04
  9.7142e+00     4.330241e-04
  9.8571e+00     4.488499e-04
  1.0000e+01     4.651872e-04
  1.0142e+01     4.820526e-04
  1.0285e+01     4.994631e-04
  1.0428e+01     5.174362e-04
  1.0571e+01     5.359902e-04
  1.0714e+01     5.551436e-04
  1.0857e+01     5.749159e-04
  1.1000e+01     5.953270e-04
  1.1142e+01     6.163974e-04
  1.1285e+01     6.381483e-04
  1.1428e+01     6.606018e-04
  1.1571e+01     6.837804e-04
  1.1714e+01     7.077073e-04
  1.1857e+01     7.324069e-04
  1.2000e+01     7.579037e-04
  1.2142e+01     7.842236e-04
  1.2285e+01     8.113930e-04
  1.2428e+01     8.394392e-04
  1.2571e+01     8.683903e-04
  1.2714e+01     8.982755e-04
  1.2857e+01     9.291248e-04
  1.3000e+01     9.609690e-04
  1.3142e+01     9.938402e-04
  1.3285e+01     1.027771e-03
  1.3428e+01     1.062796e-03
  1.3571e+01     1.098950e-03
  1.3714e+01     1.136269e-03
  1.3857e+01     1.174791e-03
  1.4000e+01     1.214554e-03
  1.4142e+01     1.255598e-03
  1.4285e+01     1.297963e-03
  1.4428e+01     1.341693e-03
  1.4571e+01     1.386830e-03
  1.4714e+01     1.433420e-03
  1.4857e+01     1.481510e-03
  1.5000e+01     1.531146e-03
  1.5142e+01     1.582379e-03
  1.5285e+01     1.635260e-03
  1.5428e+01     1.689841e-03
  1.5571e+01     1.746176e-03
  1.5714e+01     1.804321e-03
  1.5857e+01     1.864334e-03
  1.6000e+01     1.926274e-03
  1.6142e+01     1.990203e-03
  1.6285e+01     2.056184e-03
  1.6428e+01     2.124282e-03
  1.6571e+01     2.194565e-03
  1.6714e+01     2.267101e-03
  1.6857e+01     2.341962e-03
  1.7000e+01     2.419223e-03
  1.7142e+01     2.498958e-03
  1.7285e+01     2.581246e-03
  1.7428e+01     2.666169e-03
  1.7571e+01     2.753808e-03
  1.7714e+01     2.844251e-03
  1.7857e+01     2.937585e-03
  1.8000e+01     3.033902e-03
  1.8142e+01     3.133295e-03
  1.8285e+01     3.235862e-03
  1.8428e+01     3.341702e-03
  1.8571e+01     3.450918e-03
  1.8714e+01     3.563615e-03
  1.8857e+01     3.679904e-03
  1.9000e+01     3.799896e-03
  1.9142e+01     3.923707e-03
  1.9285e+01     4.051457e-03
  1.9428e+01     4.183268e-03
  1.9571e+01     4.319267e-03
  1.9714e+01     4.459584e-03
  1.9857e+01     4.604353e-03
  2.0000e+01     4.753713e-03
  2.0142e+01     4.907806e-03
  2.0285e+01     5.066778e-03
  2.0428e+01     5.230779e-03
  2.0571e+01     5.399967e-03
  2.0714e+01     5.574498e-03
  2.0857e+01     5.754539e-03
  2.1000e+01     5.940259e-03
  2.1142e+01     6.131830e-03
  2.1285e+01     6.329433e-03
  2.1428e+01     6.533250e-03
  2.1571e+01     6.743473e-03
  2.1714e+01     6.960294e-03
  2.1857e+01     7.183915e-03
  2.2000e+01     7.414541e-03
  2.2142e+01     7.652384e-03
  2.2285e+01     7.897661e-03
  2.2428e+01     8.150595e-03
  2.2571e+01     8.411417e-03
  2.2714e+01     8.680361e-03
  2.2857e+01     8.957670e-03
  2.3000e+01     9.243594e-03
  2.3142e+01     9.538386e-03
  2.3285e+01     9.842310e-03
  2.3428e+01     1.015563e-02
  2.3571e+01     1.047863e-02
  2.3714e+01     1.081160e-02
  2.3857e+01     1.115481e-02
  2.4000e+01     1.150857e-02
  2.4142e+01     1.187318e-02
  2.4285e+01     1.224896e-02
  2.4428e+01     1.263623e-02
  2.4571e+01     1.303531e-02
  2.4714e+01     1.344655e-02
  2.4857e+01     1.387029e-02
  2.5000e+01     1.430688e-02
  2.5142e+01     1.475668e-02
  2.5285e+01     1.522007e-02
  2.5428e+01     1.569741e-02
  2.5571e+01     1.618910e-02
  2.5714e+01     1.669553e-02
  2.5857e+01     1.721711e-02
  2.6000e+01     1.775425e-02
  2.6142e+01     1.830736e-02
  2.6285e+01     1.887688e-02
  2.6428e+01     1.946325e-02
  2.6571e+01     2.006690e-02
  2.6714e+01     2.068831e-02
  2.6857e+01     2.132793e-02
  2.7000e+01     2.198622e-02
  2.7142e+01     2.266369e-02
  2.7285e+01     2.336080e-02
  2.7428e+01     2.407806e-02
  2.7571e+01     2.481598e-02
  2.7714e+01     2.557507e-02
  2.7857e+01     2.635583e-02
  2.8000e+01     2.715882e-02
  2.8142e+01     2.798455e-02
  2.8285e+01     2.883357e-02
  2.8428e+01     2.970643e-02
  2.8571e+01     3.060367e-02
  2.8714e+01     3.152587e-02
  2.8857e+01     3.247359e-02
  2.9000e+01     3.344738e-02
  2.9142e+01     3.444784e-02
  2.9285e+01     3.547553e-02
  2.9428e+01     3.653103e-02
  2.9571e+01     3.761494e-02
  2.9714e+01     3.872783e-02
  2.9857e+01     3.987028e-02
  3.0000e+01     4.104289e-02
  3.0142e+01     4.224625e-02
  3.0285e+01     4.348092e-02
  3.0428e+01     4.474751e-02
  3.0571e+01     4.604657e-02
  3.0714e+01     4.737870e-02
  3.0857e+01     4.874445e-02
  3.1000e+01     5.014438e-02
  3.1142e+01     5.157906e-02
  3.1285e+01     5.304902e-02
  3.1428e+01     5.455479e-02
  3.1571e+01     5.609691e-02
  3.1714e+01     5.767587e-02
  3.1857e+01     5.929217e-02
  3.2000e+01     6.094628e-02
  3.2142e+01     6.263867e-02
  3.2285e+01     6.436977e-02
  3.2428e+01     6.614000e-02
  3.2571e+01     6.794975e-02
  3.2714e+01     6.979940e-02
  3.2857e+01     7.168927e-02
  3.3000e+01     7.361970e-02
  3.3142e+01     7.559095e-02
  3.3285e+01     7.760328e-02
  3.3428e+01     7.965690e-02
  3.3571e+01     8.175200e-02
  3.3714e+01     8.388870e-02
  3.3857e+01     8.606712e-02
  3.4000e+01     8.828731e-02
  3.4142e+01     9.054928e-02
  3.4285e+01     9.285301e-02
  3.4428e+01     9.519839e-02
  3.4571e+01     9.758532e-02
  3.4714e+01     1.000136e-01
  3.4857e+01     1.024830e-01
  3.5000e+01     1.049932e-01
  3.5142e+01     1.075439e-01
  3.5285e+01     1.101347e-01
  3.5428e+01     1.127651e-01
  3.5571e+01     1.154345e-01
  3.5714e+01     1.181425e-01
  3.5857e+01     1.208883e-01
  3.6000e+01     1.236712e-01
  3.6142e+01     1.264905e-01
  3.6285e+01     1.293452e-01
  3.6428e+01     1.322346e-01
  3.6571e+01     1.351576e-01
  3.6714e+01     1.381132e-01
  3.6857e+01     1.411003e-01
  3.7000e+01     1.441177e-01
  3.7142e+01     1.471642e-01
  3.7285e+01     1.502385e-01
  3.7428e+01     1.533393e-01
  3.7571e+01     1.564651e-01
  3.7714e+01     1.596145e-01
  3.7857e+01     1.627859e-01
  3.8000e+01     1.659779e-01
  3.8142e+01     1.691887e-01
  3.8285e+01     1.724167e-01
  3.8428e+01     1.756602e-01
  3.8571e+01     1.789174e-01
  3.8714e+01     1.821865e-01
  3.8857e+01     1.854657e-01
  3.9000e+01     1.887531e-01
  3.9142e+01     1.920469e-01
  3.9285e+01     1.953451e-01
  3.9428e+01     1.986458e-01
  3.9571e+01     2.019471e-01
  3.9714e+01     2.052469e-01
  3.9857e+01     2.085435e-01
  4.0000e+01     2.118347e-01
  4.0142e+01     2.151187e-01
  4.0285e+01     2.183935e-01
  4.0428e+01     2.216571e-01
  4.0571e+01     2.249078e-01
  4.0714e+01     2.281435e-01
  4.0857e+01     2.313624e-01
  4.1000e+01     2.345627e-01
  4.1142e+01     2.377426e-01
  4.1285e+01     2.409004e-01
  4.1428e+01     2.440342e-01
  4.1571e+01     2.471426e-01
  4.1714e+01     2.502238e-01
  4.1857e+01     2.532763e-01
  4.2000e+01     2.562986e-01
  4.2142e+01     2.592893e-01
  4.2285e+01     2.622470e-01
  4.2428e+01     2.651703e-01
  4.2571e+01     2.680581e-01
  4.2714e+01     2.709091e-01
  4.2857e+01     2.737223e-01
  4.3000e+01     2.764966e-01
  4.3142e+01     2.792310e-01
  4.3285e+01     2.819248e-01
  4.3428e+01     2.845769e-01
  4.3571e+01     2.871868e-01
  4.3714e+01     2.897537e-01
  4.3857e+01     2.922771e-01
  4.4000e+01     2.947563e-01
  4.4142e+01     2.971911e-01
  4.4285e+01     2.995809e-01
  4.4428e+01     3.019254e-01
  4.4571e+01     3.042245e-01
  4.4714e+01     3.064779e-01
  4.4857e+01     3.086855e-01
  4.5000e+01     3.108473e-01
  4.5142e+01     3.129632e-01
  4.5285e+01     3.150334e-01
  4.5428e+01     3.170579e-01
  4.5571e+01     3.190368e-01
  4.5714e+01     3.209705e-01
  4.5857e+01     3.228592e-01
  4.6000e+01     3.247032e-01
  4.6142e+01     3.265028e-01
  4.6285e+01     3.282585e-01
  4.6428e+01     3.299706e-01
  4.6571e+01     3.316397e-01
  4.6714e+01     3.332663e-01
  4.6857e+01     3.348508e-01
  4.7000e+01     3.363939e-01
  4.7142e+01     3.378961e-01
  4.7285e+01     3.393580e-01
  4.7428e+01     3.407803e-01
  4.7571e+01     3.421635e-01
  4.7714e+01     3.435085e-01
  4.7857e+01     3.448158e-01
  4.8000e+01     3.460862e-01
  4.8142e+01     3.473203e-01
  4.8285e+01     3.485188e-01
  4.8428e+01     3.496826e-01
  4.8571e+01     3.508122e-01
  4.8714e+01     3.519084e-01
  4.8857e+01     3.529720e-01
  4.9000e+01     3.540037e-01
  4.9142e+01     3.550042e-01
  4.9285e+01     3.559742e-01
  4.9428e+01     3.569144e-01
  4.9571e+01     3.578257e-01
  4.9714e+01     3.587086e-01
  4.9857e+01     3.595640e-01
  5.0000e+01     3.603925e-01
  5.0142e+01     3.611947e-01
  5.0285e+01     3.619715e-01
  5.0428e+01     3.627235e-01
  5.0571e+01     3.634513e-01
  5.0714e+01     3.641556e-01
  5.0857e+01     3.648370e-01
  5.1000e+01     3.654963e-01
  5.1142e+01     3.661340e-01
  5.1285e+01     3.667507e-01
  5.1428e+01     3.673470e-01
  5.1571e+01     3.679237e-01
  5.1714e+01     3.684811e-01
  5.1857e+01     3.690199e-01
  5.2000e+01     3.695407e-01
  5.2142e+01     3.700440e-01
  5.2285e+01     3.705303e-01
  5.2428e+01     3.710001e-01
  5.2571e+01     3.714540e-01
  5.2714e+01     3.718925e-01
  5.2857e+01     3.723160e-01
  5.3000e+01     3.727250e-01
  5.3142e+01     3.731199e-01
  5.3285e+01     3.735013e-01
  5.3428e+01     3.738695e-01
  5.3571e+01     3.742250e-01
  5.3714e+01     3.745682e-01
  5.3857e+01     3.748995e-01
  5.4000e+01     3.752192e-01
  5.4142e+01     3.755278e-01
  5.4285e+01     3.758256e-01
  5.4428e+01     3.761130e-01
  5.4571e+01     3.763903e-01
  5.4714e+01     3.766579e-01
  5.4857e+01     3.769160e-01
  5.5000e+01     3.771651e-01
  5.5142e+01     3.774054e-01
  5.5285e+01     3.776371e-01
  5.5428e+01     3.778607e-01
  5.5571e+01     3.780764e-01
  5.5714e+01     3.782843e-01
  5.5857e+01     3.784849e-01
  5.6000e+01     3.786784e-01
  5.6142e+01     3.788650e-01
  5.6285e+01     3.790449e-01
  5.6428e+01     3.792183e-01
  5.6571e+01     3.793856e-01
  5.6714e+01     3.795469e-01
  5.6857e+01     3.797024e-01
  5.7000e+01     3.798524e-01
  5.7142e+01     3.799969e-01
  5.7285e+01     3.801363e-01
  5.7428e+01     3.802706e-01
  5.7571e+01     3.804001e-01
  5.7714e+01     3.805250e-01
  5.7857e+01     3.806453e-01
  5.8000e+01     3.807614e-01
  5.8142e+01     3.808732e-01
  5.8285e+01     3.809810e-01
  5.8428e+01     3.810848e-01
  5.8571e+01     3.811850e-01
  5.8714e+01     3.812815e-01
  5.8857e+01     3.813745e-01
  5.9000e+01     3.814641e-01
  5.9142e+01     3.815505e-01
  5.9285e+01     3.816338e-01
  5.9428e+01     3.817140e-01
  5.9571e+01     3.817913e-01
  5.9714e+01     3.818659e-01
  5.9857e+01     3.819377e-01
  6.0000e+01     3.820069e-01
  6.0142e+01     3.820735e-01
  6.0285e+01     3.821378e-01
  6.0428e+01     3.821997e-01
  6.0571e+01     3.822593e-01
  6.0714e+01     3.823168e-01
  6.0857e+01     3.823722e-01
  6.1000e+01     3.824256e-01
  6.1142e+01     3.824770e-01
  6.1285e+01     3.825266e-01
  6.1428e+01     3.825743e-01
  6.1571e+01     3.826203e-01
  6.1714e+01     3.826646e-01
  6.1857e+01     3.827073e-01
  6.2000e+01     3.827485e-01
  6.2142e+01     3.827881e-01
  6.2285e+01     3.828263e-01
  6.2428e+01     3.828631e-01
  6.2571e+01     3.828985e-01
  6.2714e+01     3.829327e-01
  6.2857e+01     3.829656e-01
  6.3000e+01     3.829973e-01
  6.3142e+01     3.830278e-01
  6.3285e+01     3.830572e-01
  6.3428e+01     3.830856e-01
  6.3571e+01     3.831129e-01
  6.3714e+01     3.831392e-01
  6.3857e+01     3.831645e-01
  6.4000e+01     3.831889e-01
  6.4142e+01     3.832124e-01
  6.4285e+01     3.832351e-01
  6.4428e+01     3.832569e-01
  6.4571e+01     3.832779e-01
  6.4714e+01     3.832982e-01
  6.4857e+01     3.833177e-01
  6.5000e+01     3.833365e-01
  6.5142e+01     3.833546e-01
  6.5285e+01     3.833720e-01
  6.5428e+01     3.833888e-01
  6.5571e+01     3.834050e-01
  6.5714e+01     3.834206e-01
  6.5857e+01     3.834356e-01
  6.6000e+01     3.834501e-01
  6.6142e+01     3.834641e-01
  6.6285e+01     3.834775e-01
  6.6428e+01     3.834904e-01
  6.6571e+01     3.835029e-01
  6.6714e+01     3.835149e-01
  6.6857e+01     3.835264e-01
  6.7000e+01     3.835376e-01
  6.7142e+01     3.835483e-01
  6.7285e+01     3.835586e-01
  6.7428e+01     3.835686e-01
  6.7571e+01     3.835782e-01
  6.7714e+01     3.835874e-01
  6.7857e+01     3.835963e-01
  6.8000e+01     3.836049e-01
  6.8142e+01     3.836131e-01
  6.8285e+01     3.836211e-01
  6.8428e+01     3.836288e-01
  6.8571e+01     3.836361e-01
  6.8714e+01     3.836432e-01
  6.8857e+01     3.836501e-01
  6.9000e+01     3.836567e-01
  6.9142e+01     3.836630e-01
  6.9285e+01     3.836692e-01
  6.9428e+01     3.836751e-01
  6.9571e+01     3.836807e-01
  6.9714e+01     3.836862e-01
  6.9857e+01     3.836915e-01
  7.0000e+01     3.836965e-01
  7.0142e+01     3.837014e-01
  7.0285e+01     3.837061e-01
  7.0428e+01     3.837107e-01
  7.0571e+01     3.837150e-01
  7.0714e+01     3.837193e-01
  7.0857e+01     3.837233e-01
  7.1000e+01     3.837272e-01
  7.1142e+01     3.837310e-01
  7.1285e+01     3.837346e-01
  7.1428e+01     3.837381e-01
  7.1571e+01     3.837414e-01
  7.1714e+01     3.837447e-01
  7.1857e+01     3.837478e-01
  7.2000e+01     3.837508e-01
  7.2142e+01     3.837537e-01
  7.2285e+01     3.837565e-01
  7.2428e+01     3.837592e-01
  7.2571e+01     3.837618e-01
  7.2714e+01     3.837642e-01
  7.2857e+01     3.837666e-01
  7.3000e+01     3.837690e-01
  7.3142e+01     3.837712e-01
  7.3285e+01     3.837733e-01
  7.3428e+01     3.837754e-01
  7.3571e+01     3.837774e-01
  7.3714e+01     3.837793e-01
  7.3857e+01     3.837811e-01
  7.4000e+01     3.837829e-01
  7.4142e+01     3.837846e-01
  7.4285e+01     3.837863e-01
  7.4428e+01     3.837879e-01
  7.4571e+01     3.837894e-01
  7.4714e+01     3.837909e-01
  7.4857e+01     3.837923e-01
  7.5000e+01     3.837937e-01
  7.5142e+01     3.837950e-01
  7.5285e+01     3.837963e-01
  7.5428e+01     3.837975e-01
  7.5571e+01     3.837987e-01
  7.5714e+01     3.837998e-01
  7.5857e+01     3.838009e-01
  7.6000e+01     3.838019e-01
  7.6142e+01     3.838029e-01
  7.6285e+01     3.838039e-01
  7.6428e+01     3.838049e-01
  7.6571e+01     3.838058e-01
  7.6714e+01     3.838066e-01
  7.6857e+01     3.838075e-01
  7.7000e+01     3.838083e-01
  7.7142e+01     3.838091e-01
  7.7285e+01     3.838098e-01
  7.7428e+01     3.838105e-01
  7.7571e+01     3.838112e-01
  7.7714e+01     3.838119e-01
  7.7857e+01     3.838126e-01
  7.8000e+01     3.838132e-01
  7.8142e+01     3.838138e-01
  7.8285e+01     3.838144e-01
  7.8428e+01     3.838149e-01
  7.8571e+01     3.838154e-01
  7.8714e+01     3.838160e-01
  7.8857e+01     3.838165e-01
  7.9000e+01     3.838169e-01
  7.9142e+01     3.838174e-01
  7.9285e+01     3.838178e-01
  7.9428e+01     3.838183e-01
  7.9571e+01     3.838187e-01
  7.9714e+01     3.838191e-01
  7.9857e+01     3.838195e-01
  8.0000e+01     3.838198e-01
  8.0142e+01     3.838202e-01
  8.0285e+01     3.838205e-01
  8.0428e+01     3.838209e-01
  8.0571e+01     3.838212e-01
  8.0714e+01     3.838215e-01
  8.0857e+01     3.838218e-01
  8.1000e+01     3.838221e-01
  8.1142e+01     3.838223e-01
  8.1285e+01     3.838226e-01
  8.1428e+01     3.838229e-01
  8.1571e+01     3.838231e-01
  8.1714e+01     3.838233e-01
  8.1857e+01     3.838236e-01
  8.2000e+01     3.838238e-01
  8.2142e+01     3.838240e-01
  8.2285e+01     3.838242e-01
  8.2428e+01     3.838244e-01
  8.2571e+01     3.838246e-01
  8.2714e+01     3.838248e-01
  8.2857e+01     3.838249e-01
  8.3000e+01     3.838251e-01
  8.3142e+01     3.838253e-01
  8.3285e+01     3.838254e-01
  8.3428e+01     3.838256e-01
  8.3571e+01     3.838257e-01
  8.3714e+01     3.838258e-01
  8.3857e+01     3.838260e-01
  8.4000e+01     3.838261e-01
  8.4142e+01     3.838262e-01
  8.4285e+01     3.838264e-01
  8.4428e+01     3.838265e-01
  8.4571e+01     3.838266e-01
  8.4714e+01     3.838267e-01
  8.4857e+01     3.838268e-01
  8.5000e+01     3.838269e-01
  8.5142e+01     3.838270e-01
  8.5285e+01     3.838271e-01
  8.5428e+01     3.838272e-01
  8.5571e+01     3.838272e-01
  8.5714e+01     3.838273e-01
  8.5857e+01     3.838274e-01
  8.6000e+01     3.838275e-01
  8.6142e+01     3.838276e-01
  8.6285e+01     3.838276e-01
  8.6428e+01     3.838277e-01
  8.6571e+01     3.838278e-01
  8.6714e+01     3.838278e-01
  8.6857e+01     3.838279e-01
  8.7000e+01     3.838279e-01
  8.7142e+01     3.838280e-01
  8.7285e+01     3.838281e-01
  8.7428e+01     3.838281e-01
  8.7571e+01     3.838282e-01
  8.7714e+01     3.838282e-01
  8.7857e+01     3.838283e-01
  8.8000e+01     3.838283e-01
  8.8142e+01     3.838283e-01
  8.8285e+01     3.838284e-01
  8.8428e+01     3.838284e-01
  8.8571e+01     3.838285e-01
  8.8714e+01     3.838285e-01
  8.8857e+01     3.838285e-01
  8.9000e+01     3.838286e-01
  8.9142e+01     3.838286e-01
  8.9285e+01     3.838286e-01
  8.9428e+01     3.838287e-01
  8.9571e+01     3.838287e-01
  8.9714e+01     3.838287e-01
  8.9857e+01     3.838288e-01
  9.0000e+01     3.838288e-01
  9.0142e+01     3.838288e-01
  9.0285e+01     3.838288e-01
  9.0428e+01     3.838289e-01
  9.0571e+01     3.838289e-01
  9.0714e+01     3.838289e-01
  9.0857e+01     3.838289e-01
  9.1000e+01     3.838289e-01
  9.1142e+01     3.838290e-01
  9.1285e+01     3.838290e-01
  9.1428e+01     3.838290e-01
  9.1571e+01     3.838290e-01
  9.1714e+01     3.838290e-01
  9.1857e+01     3.838291e-01
  9.2000e+01     3.838291e-01
  9.2142e+01     3.838291e-01
  9.2285e+01     3.838291e-01
  9.2428e+01     3.838291e-01
  9.2571e+01     3.838291e-01
  9.2714e+01     3.838291e-01
  9.2857e+01     3.838292e-01
  9.3000e+01     3.838292e-01
  9.3142e+01     3.838292e-01
  9.3285e+01     3.838292e-01
  9.3428e+01     3.838292e-01
  9.3571e+01     3.838292e-01
  9.3714e+01     3.838292e-01
  9.3857e+01     3.838292e-01
  9.4000e+01     3.838292e-01
  9.4142e+01     3.838293e-01
  9.4285e+01     3.838293e-01
  9.4428e+01     3.838293e-01
  9.4571e+01     3.838293e-01
  9.4714e+01     3.838293e-01
  9.4857e+01     3.838293e-01
  9.5000e+01     3.838293e-01
  9.5142e+01     3.838293e-01
  9.5285e+01     3.838293e-01
  9.5428e+01     3.838293e-01
  9.5571e+01     3.838293e-01
  9.5714e+01     3.838293e-01
  9.5857e+01     3.838293e-01
  9.6000e+01     3.838293e-01
  9.6142e+01     3.838293e-01
  9.6285e+01     3.838294e-01
  9.6428e+01     3.838294e-01
  9.6571e+01     3.838294e-01
  9.6714e+01     3.838294e-01
  9.6857e+01     3.838294e-01
  9.7000e+01     3.838294e-01
  9.7142e+01     3.838294e-01
  9.7285e+01     3.838294e-01
  9.7428e+01     3.838294e-01
  9.7571e+01     3.838294e-01
  9.7714e+01     3.838294e-01
  9.7857e+01     3.838294e-01
  9.8000e+01     3.838294e-01
  9.8142e+01     3.838294e-01
  9.8285e+01     3.838294e-01
  9.8428e+01     3.838294e-01
  9.8571e+01     3.838294e-01
  9.8714e+01     3.838294e-01
  9.8857e+01     3.838294e-01
  9.9000e+01     3.838294e-01
  9.9142e+01     3.838294e-01
  9.9285e+01     3.838294e-01
  9.9428e+01     3.838294e-01
  9.9571e+01     3.838294e-01
  9.9714e+01     3.838294e-01
  9.9857e+01     3.838294e-01
  1.0000e+02     3.838294e-01
  1.0014e+02     3.838294e-01
  1.0028e+02     3.838294e-01
  1.0042e+02     3.838294e-01
  1.0057e+02     3.838294e-01
  1.0071e+02     3.838294e-01
  1.0085e+02     3.838294e-01
  1.0100e+02     3.838294e-01
  1.0114e+02     3.838294e-01
  1.0128e+02     3.838295e-01
  1.0142e+02     3.838295e-01
  1.0157e+02     3.838295e-01
  1.0171e+02     3.838295e-01
  1.0185e+02     3.838295e-01
  1.0200e+02     3.838295e-01
  1.0214e+02     3.838295e-01
  1.0228e+02     3.838295e-01
  1.0242e+02     3.838295e-01
  1.0257e+02     3.838295e-01
  1.0271e+02     3.838295e-01
  1.0285e+02     3.838295e-01
  1.0300e+02     3.838295e-01
  1.0314e+02     3.838295e-01
  1.0328e+02     3.838295e-01
  1.0342e+02     3.838295e-01
  1.0357e+02     3.838295e-01
  1.0371e+02     3.838295e-01
  1.0385e+02     3.838295e-01
  1.0400e+02     3.838295e-01
  1.0414e+02     3.838295e-01
