# Epidemic | recovered immune individuals [ x-unit: transmission cycles | y-unit: ]
# ==============================================================================
  0.0000e+00     0.000000e+00
  1.4286e-01     1.882654e-06
  2.8571e-01     3.961272e-06
  4.2857e-01     6.256251e-06
  5.7143e-01     8.790111e-06
  7.1429e-01     1.158772e-05
  8.5714e-01     1.467652e-05
  1.0000e+00     1.808682e-05
  1.1428e+00     2.185209e-05
  1.2857e+00     2.600928e-05
  1.4285e+00     3.059917e-05
  1.5714e+00     3.566679e-05
  1.7142e+00     4.126187e-05
  1.8571e+00     4.743931e-05
  2.0000e+00     5.425970e-05
  2.1428e+00     6.178997e-05
  2.2857e+00     7.010398e-05
  2.4285e+00     7.928331e-05
  2.5714e+00     8.941799e-05
  2.7142e+00     1.006074e-04
  2.8571e+00     1.129614e-04
  3.0000e+00     1.266011e-04
  3.1428e+00     1.416602e-04
  3.2857e+00     1.582866e-04
  3.4285e+00     1.766431e-04
  3.5714e+00     1.969098e-04
  3.7142e+00     2.192855e-04
  3.8571e+00     2.439894e-04
  4.0000e+00     2.712638e-04
  4.1428e+00     3.013760e-04
  4.2857e+00     3.346212e-04
  4.4285e+00     3.713250e-04
  4.5714e+00     4.118472e-04
  4.7142e+00     4.565847e-04
  4.8571e+00     5.059757e-04
  5.0000e+00     5.605037e-04
  5.1428e+00     6.207028e-04
  5.2857e+00     6.871620e-04
  5.4285e+00     7.605316e-04
  5.5714e+00     8.415295e-04
  5.7142e+00     9.309476e-04
  5.8571e+00     1.029660e-03
  6.0000e+00     1.138631e-03
  6.1428e+00     1.258926e-03
  6.2857e+00     1.391717e-03
  6.4285e+00     1.538302e-03
  6.5714e+00     1.700109e-03
  6.7142e+00     1.878714e-03
  6.8571e+00     2.075858e-03
  7.0000e+00     2.293457e-03
  7.1428e+00     2.533627e-03
  7.2857e+00     2.798700e-03
  7.4285e+00     3.091246e-03
  7.5714e+00     3.414101e-03
  7.7142e+00     3.770386e-03
  7.8571e+00     4.163543e-03
  8.0000e+00     4.597365e-03
  8.1428e+00     5.076026e-03
  8.2857e+00     5.604126e-03
  8.4285e+00     6.186726e-03
  8.5714e+00     6.829396e-03
  8.7142e+00     7.538265e-03
  8.8571e+00     8.320071e-03
  9.0000e+00     9.182221e-03
  9.1428e+00     1.013285e-02
  9.2857e+00     1.118091e-02
  9.4285e+00     1.233619e-02
  9.5714e+00     1.360945e-02
  9.7142e+00     1.501249e-02
  9.8571e+00     1.655821e-02
  1.0000e+01     1.826075e-02
  1.0142e+01     2.013554e-02
  1.0285e+01     2.219945e-02
  1.0428e+01     2.447088e-02
  1.0571e+01     2.696983e-02
  1.0714e+01     2.971812e-02
  1.0857e+01     3.273937e-02
  1.1000e+01     3.605922e-02
  1.1142e+01     3.970538e-02
  1.1285e+01     4.370776e-02
  1.1428e+01     4.809851e-02
  1.1571e+01     5.291216e-02
  1.1714e+01     5.818560e-02
  1.1857e+01     6.395812e-02
  1.2000e+01     7.027139e-02
  1.2142e+01     7.716938e-02
  1.2285e+01     8.469818e-02
  1.2428e+01     9.290586e-02
  1.2571e+01     1.018421e-01
  1.2714e+01     1.115577e-01
  1.2857e+01     1.221042e-01
  1.3000e+01     1.335332e-01
  1.3142e+01     1.458951e-01
  1.3285e+01     1.592387e-01
  1.3428e+01     1.736094e-01
  1.3571e+01     1.890481e-01
  1.3714e+01     2.055894e-01
  1.3857e+01     2.232598e-01
  1.4000e+01     2.420755e-01
  1.4142e+01     2.620405e-01
  1.4285e+01     2.831442e-01
  1.4428e+01     3.053589e-01
  1.4571e+01     3.286378e-01
  1.4714e+01     3.529131e-01
  1.4857e+01     3.780941e-01
  1.5000e+01     4.040665e-01
  1.5142e+01     4.306919e-01
  1.5285e+01     4.578085e-01
  1.5428e+01     4.852330e-01
  1.5571e+01     5.127632e-01
  1.5714e+01     5.401827e-01
  1.5857e+01     5.672662e-01
  1.6000e+01     5.937861e-01
  1.6142e+01     6.195197e-01
  1.6285e+01     6.442570e-01
  1.6428e+01     6.678086e-01
  1.6571e+01     6.900118e-01
  1.6714e+01     7.107372e-01
  1.6857e+01     7.298919e-01
  1.7000e+01     7.474215e-01
  1.7142e+01     7.633098e-01
  1.7285e+01     7.775767e-01
  1.7428e+01     7.902733e-01
  1.7571e+01     8.014773e-01
  1.7714e+01     8.112862e-01
  1.7857e+01     8.198111e-01
  1.8000e+01     8.271707e-01
  1.8142e+01     8.334862e-01
  1.8285e+01     8.388765e-01
  1.8428e+01     8.434553e-01
  1.8571e+01     8.473285e-01
  1.8714e+01     8.505930e-01
  1.8857e+01     8.533358e-01
  1.9000e+01     8.556341e-01
  1.9142e+01     8.575555e-01
  1.9285e+01     8.591587e-01
  1.9428e+01     8.604942e-01
  1.9571e+01     8.616051e-01
  1.9714e+01     8.625281e-01
  1.9857e+01     8.632943e-01
  2.0000e+01     8.639298e-01
  2.0142e+01     8.644566e-01
  2.0285e+01     8.648929e-01
  2.0428e+01     8.652541e-01
  2.0571e+01     8.655531e-01
  2.0714e+01     8.658005e-01
  2.0857e+01     8.660052e-01
  2.1000e+01     8.661744e-01
  2.1142e+01     8.663143e-01
  2.1285e+01     8.664300e-01
  2.1428e+01     8.665256e-01
  2.1571e+01     8.666046e-01
  2.1714e+01     8.666699e-01
  2.1857e+01     8.667239e-01
  2.2000e+01     8.667685e-01
  2.2142e+01     8.668054e-01
  2.2285e+01     8.668358e-01
  2.2428e+01     8.668610e-01
  2.2571e+01     8.668818e-01
  2.2714e+01     8.668989e-01
  2.2857e+01     8.669131e-01
  2.3000e+01     8.669248e-01
  2.3142e+01     8.669345e-01
  2.3285e+01     8.669425e-01
  2.3428e+01     8.669491e-01
  2.3571e+01     8.669546e-01
  2.3714e+01     8.669591e-01
  2.3857e+01     8.669628e-01
  2.4000e+01     8.669659e-01
  2.4142e+01     8.669685e-01
  2.4285e+01     8.669706e-01
  2.4428e+01     8.669723e-01
  2.4571e+01     8.669737e-01
  2.4714e+01     8.669749e-01
  2.4857e+01     8.669759e-01
  2.5000e+01     8.669767e-01
  2.5142e+01     8.669774e-01
  2.5285e+01     8.669779e-01
  2.5428e+01     8.669784e-01
  2.5571e+01     8.669787e-01
  2.5714e+01     8.669791e-01
  2.5857e+01     8.669793e-01
  2.6000e+01     8.669795e-01
  2.6142e+01     8.669797e-01
  2.6285e+01     8.669798e-01
  2.6428e+01     8.669800e-01
  2.6571e+01     8.669801e-01
  2.6714e+01     8.669801e-01
  2.6857e+01     8.669802e-01
  2.7000e+01     8.669803e-01
  2.7142e+01     8.669803e-01
  2.7285e+01     8.669804e-01
  2.7428e+01     8.669804e-01
  2.7571e+01     8.669804e-01
  2.7714e+01     8.669804e-01
  2.7857e+01     8.669805e-01
  2.8000e+01     8.669805e-01
  2.8142e+01     8.669805e-01
  2.8285e+01     8.669805e-01
  2.8428e+01     8.669805e-01
  2.8571e+01     8.669805e-01
  2.8714e+01     8.669805e-01
  2.8857e+01     8.669805e-01
  2.9000e+01     8.669805e-01
  2.9142e+01     8.669805e-01
  2.9285e+01     8.669805e-01
  2.9428e+01     8.669805e-01
  2.9571e+01     8.669805e-01
  2.9714e+01     8.669805e-01
  2.9857e+01     8.669805e-01
  3.0000e+01     8.669805e-01
  3.0142e+01     8.669805e-01
  3.0285e+01     8.669805e-01
  3.0428e+01     8.669805e-01
  3.0571e+01     8.669805e-01
  3.0714e+01     8.669805e-01
  3.0857e+01     8.669805e-01
  3.1000e+01     8.669805e-01
  3.1142e+01     8.669805e-01
  3.1285e+01     8.669805e-01
  3.1428e+01     8.669805e-01
  3.1571e+01     8.669805e-01
  3.1714e+01     8.669805e-01
  3.1857e+01     8.669805e-01
  3.2000e+01     8.669805e-01
  3.2142e+01     8.669805e-01
  3.2285e+01     8.669805e-01
  3.2428e+01     8.669805e-01
  3.2571e+01     8.669805e-01
  3.2714e+01     8.669805e-01
  3.2857e+01     8.669805e-01
  3.3000e+01     8.669805e-01
  3.3142e+01     8.669805e-01
  3.3285e+01     8.669805e-01
  3.3428e+01     8.669805e-01
  3.3571e+01     8.669805e-01
  3.3714e+01     8.669805e-01
  3.3857e+01     8.669805e-01
  3.4000e+01     8.669805e-01
  3.4142e+01     8.669805e-01
  3.4285e+01     8.669805e-01
  3.4428e+01     8.669805e-01
  3.4571e+01     8.669805e-01
  3.4714e+01     8.669805e-01
  3.4857e+01     8.669805e-01
  3.5000e+01     8.669805e-01
  3.5142e+01     8.669805e-01
  3.5285e+01     8.669805e-01
  3.5428e+01     8.669805e-01
  3.5571e+01     8.669805e-01
  3.5714e+01     8.669805e-01
  3.5857e+01     8.669805e-01
  3.6000e+01     8.669805e-01
  3.6142e+01     8.669805e-01
  3.6285e+01     8.669805e-01
  3.6428e+01     8.669805e-01
  3.6571e+01     8.669805e-01
  3.6714e+01     8.669805e-01
  3.6857e+01     8.669805e-01
  3.7000e+01     8.669805e-01
  3.7142e+01     8.669805e-01
  3.7285e+01     8.669805e-01
  3.7428e+01     8.669805e-01
  3.7571e+01     8.669805e-01
  3.7714e+01     8.669805e-01
  3.7857e+01     8.669805e-01
  3.8000e+01     8.669805e-01
  3.8142e+01     8.669805e-01
  3.8285e+01     8.669805e-01
  3.8428e+01     8.669805e-01
  3.8571e+01     8.669805e-01
  3.8714e+01     8.669805e-01
  3.8857e+01     8.669805e-01
  3.9000e+01     8.669805e-01
  3.9142e+01     8.669805e-01
  3.9285e+01     8.669805e-01
  3.9428e+01     8.669805e-01
  3.9571e+01     8.669805e-01
  3.9714e+01     8.669805e-01
  3.9857e+01     8.669805e-01
  4.0000e+01     8.669805e-01
  4.0142e+01     8.669805e-01
  4.0285e+01     8.669805e-01
  4.0428e+01     8.669805e-01
  4.0571e+01     8.669805e-01
  4.0714e+01     8.669805e-01
  4.0857e+01     8.669805e-01
  4.1000e+01     8.669805e-01
  4.1142e+01     8.669805e-01
  4.1285e+01     8.669805e-01
  4.1428e+01     8.669805e-01
  4.1571e+01     8.669805e-01
  4.1714e+01     8.669805e-01
  4.1857e+01     8.669805e-01
  4.2000e+01     8.669805e-01
  4.2142e+01     8.669805e-01
  4.2285e+01     8.669805e-01
  4.2428e+01     8.669805e-01
  4.2571e+01     8.669805e-01
  4.2714e+01     8.669805e-01
  4.2857e+01     8.669805e-01
  4.3000e+01     8.669805e-01
  4.3142e+01     8.669805e-01
  4.3285e+01     8.669805e-01
  4.3428e+01     8.669805e-01
  4.3571e+01     8.669805e-01
  4.3714e+01     8.669805e-01
  4.3857e+01     8.669805e-01
  4.4000e+01     8.669805e-01
  4.4142e+01     8.669805e-01
  4.4285e+01     8.669805e-01
  4.4428e+01     8.669805e-01
  4.4571e+01     8.669805e-01
  4.4714e+01     8.669805e-01
  4.4857e+01     8.669805e-01
  4.5000e+01     8.669805e-01
  4.5142e+01     8.669805e-01
  4.5285e+01     8.669805e-01
  4.5428e+01     8.669805e-01
  4.5571e+01     8.669805e-01
  4.5714e+01     8.669805e-01
  4.5857e+01     8.669805e-01
  4.6000e+01     8.669805e-01
  4.6142e+01     8.669805e-01
  4.6285e+01     8.669805e-01
  4.6428e+01     8.669805e-01
  4.6571e+01     8.669805e-01
  4.6714e+01     8.669805e-01
  4.6857e+01     8.669805e-01
  4.7000e+01     8.669805e-01
  4.7142e+01     8.669805e-01
  4.7285e+01     8.669805e-01
  4.7428e+01     8.669805e-01
  4.7571e+01     8.669805e-01
  4.7714e+01     8.669805e-01
  4.7857e+01     8.669805e-01
  4.8000e+01     8.669805e-01
  4.8142e+01     8.669805e-01
  4.8285e+01     8.669805e-01
  4.8428e+01     8.669805e-01
  4.8571e+01     8.669805e-01
  4.8714e+01     8.669805e-01
  4.8857e+01     8.669805e-01
  4.9000e+01     8.669805e-01
  4.9142e+01     8.669805e-01
  4.9285e+01     8.669805e-01
  4.9428e+01     8.669805e-01
  4.9571e+01     8.669805e-01
  4.9714e+01     8.669805e-01
  4.9857e+01     8.669805e-01
  5.0000e+01     8.669805e-01
  5.0142e+01     8.669805e-01
  5.0285e+01     8.669805e-01
  5.0428e+01     8.669805e-01
  5.0571e+01     8.669805e-01
  5.0714e+01     8.669805e-01
  5.0857e+01     8.669805e-01
  5.1000e+01     8.669805e-01
  5.1142e+01     8.669805e-01
  5.1285e+01     8.669805e-01
  5.1428e+01     8.669805e-01
  5.1571e+01     8.669805e-01
  5.1714e+01     8.669805e-01
  5.1857e+01     8.669805e-01
  5.2000e+01     8.669805e-01
  5.2142e+01     8.669805e-01
  5.2285e+01     8.669805e-01
  5.2428e+01     8.669805e-01
  5.2571e+01     8.669805e-01
  5.2714e+01     8.669805e-01
  5.2857e+01     8.669805e-01
  5.3000e+01     8.669805e-01
  5.3142e+01     8.669805e-01
  5.3285e+01     8.669805e-01
  5.3428e+01     8.669805e-01
  5.3571e+01     8.669805e-01
  5.3714e+01     8.669805e-01
  5.3857e+01     8.669805e-01
  5.4000e+01     8.669805e-01
  5.4142e+01     8.669805e-01
  5.4285e+01     8.669805e-01
  5.4428e+01     8.669805e-01
  5.4571e+01     8.669805e-01
  5.4714e+01     8.669805e-01
  5.4857e+01     8.669805e-01
  5.5000e+01     8.669805e-01
  5.5142e+01     8.669805e-01
  5.5285e+01     8.669805e-01
  5.5428e+01     8.669805e-01
  5.5571e+01     8.669805e-01
  5.5714e+01     8.669805e-01
  5.5857e+01     8.669805e-01
  5.6000e+01     8.669805e-01
  5.6142e+01     8.669805e-01
  5.6285e+01     8.669805e-01
  5.6428e+01     8.669805e-01
  5.6571e+01     8.669805e-01
  5.6714e+01     8.669805e-01
  5.6857e+01     8.669805e-01
  5.7000e+01     8.669805e-01
  5.7142e+01     8.669805e-01
  5.7285e+01     8.669805e-01
  5.7428e+01     8.669805e-01
  5.7571e+01     8.669805e-01
  5.7714e+01     8.669805e-01
  5.7857e+01     8.669805e-01
  5.8000e+01     8.669805e-01
  5.8142e+01     8.669805e-01
  5.8285e+01     8.669805e-01
  5.8428e+01     8.669805e-01
  5.8571e+01     8.669805e-01
  5.8714e+01     8.669805e-01
  5.8857e+01     8.669805e-01
  5.9000e+01     8.669805e-01
  5.9142e+01     8.669805e-01
  5.9285e+01     8.669805e-01
  5.9428e+01     8.669805e-01
  5.9571e+01     8.669805e-01
  5.9714e+01     8.669805e-01
  5.9857e+01     8.669805e-01
  6.0000e+01     8.669805e-01
  6.0142e+01     8.669805e-01
  6.0285e+01     8.669805e-01
  6.0428e+01     8.669805e-01
  6.0571e+01     8.669805e-01
  6.0714e+01     8.669805e-01
  6.0857e+01     8.669805e-01
  6.1000e+01     8.669805e-01
  6.1142e+01     8.669805e-01
  6.1285e+01     8.669805e-01
  6.1428e+01     8.669805e-01
  6.1571e+01     8.669805e-01
  6.1714e+01     8.669805e-01
  6.1857e+01     8.669805e-01
  6.2000e+01     8.669805e-01
  6.2142e+01     8.669805e-01
  6.2285e+01     8.669805e-01
  6.2428e+01     8.669805e-01
  6.2571e+01     8.669805e-01
  6.2714e+01     8.669805e-01
  6.2857e+01     8.669805e-01
  6.3000e+01     8.669805e-01
  6.3142e+01     8.669805e-01
  6.3285e+01     8.669805e-01
  6.3428e+01     8.669805e-01
  6.3571e+01     8.669805e-01
  6.3714e+01     8.669805e-01
  6.3857e+01     8.669805e-01
  6.4000e+01     8.669805e-01
  6.4142e+01     8.669805e-01
  6.4285e+01     8.669805e-01
  6.4428e+01     8.669805e-01
  6.4571e+01     8.669805e-01
  6.4714e+01     8.669805e-01
  6.4857e+01     8.669805e-01
  6.5000e+01     8.669805e-01
  6.5142e+01     8.669805e-01
  6.5285e+01     8.669805e-01
  6.5428e+01     8.669805e-01
  6.5571e+01     8.669805e-01
  6.5714e+01     8.669805e-01
  6.5857e+01     8.669805e-01
  6.6000e+01     8.669805e-01
  6.6142e+01     8.669805e-01
  6.6285e+01     8.669805e-01
  6.6428e+01     8.669805e-01
  6.6571e+01     8.669805e-01
  6.6714e+01     8.669805e-01
  6.6857e+01     8.669805e-01
  6.7000e+01     8.669805e-01
  6.7142e+01     8.669805e-01
  6.7285e+01     8.669805e-01
  6.7428e+01     8.669805e-01
  6.7571e+01     8.669805e-01
  6.7714e+01     8.669805e-01
  6.7857e+01     8.669805e-01
  6.8000e+01     8.669805e-01
  6.8142e+01     8.669805e-01
  6.8285e+01     8.669805e-01
  6.8428e+01     8.669805e-01
  6.8571e+01     8.669805e-01
  6.8714e+01     8.669805e-01
  6.8857e+01     8.669805e-01
  6.9000e+01     8.669805e-01
  6.9142e+01     8.669805e-01
  6.9285e+01     8.669805e-01
  6.9428e+01     8.669805e-01
  6.9571e+01     8.669805e-01
  6.9714e+01     8.669805e-01
  6.9857e+01     8.669805e-01
  7.0000e+01     8.669805e-01
  7.0142e+01     8.669805e-01
  7.0285e+01     8.669805e-01
  7.0428e+01     8.669805e-01
  7.0571e+01     8.669805e-01
  7.0714e+01     8.669805e-01
  7.0857e+01     8.669805e-01
  7.1000e+01     8.669805e-01
  7.1142e+01     8.669805e-01
  7.1285e+01     8.669805e-01
  7.1428e+01     8.669805e-01
  7.1571e+01     8.669805e-01
  7.1714e+01     8.669805e-01
  7.1857e+01     8.669805e-01
  7.2000e+01     8.669805e-01
  7.2142e+01     8.669805e-01
  7.2285e+01     8.669805e-01
  7.2428e+01     8.669805e-01
  7.2571e+01     8.669805e-01
  7.2714e+01     8.669805e-01
  7.2857e+01     8.669805e-01
  7.3000e+01     8.669805e-01
  7.3142e+01     8.669805e-01
  7.3285e+01     8.669805e-01
  7.3428e+01     8.669805e-01
  7.3571e+01     8.669805e-01
  7.3714e+01     8.669805e-01
  7.3857e+01     8.669805e-01
  7.4000e+01     8.669805e-01
  7.4142e+01     8.669805e-01
  7.4285e+01     8.669805e-01
  7.4428e+01     8.669805e-01
  7.4571e+01     8.669805e-01
  7.4714e+01     8.669805e-01
  7.4857e+01     8.669805e-01
  7.5000e+01     8.669805e-01
  7.5142e+01     8.669805e-01
  7.5285e+01     8.669805e-01
  7.5428e+01     8.669805e-01
  7.5571e+01     8.669805e-01
  7.5714e+01     8.669805e-01
  7.5857e+01     8.669805e-01
  7.6000e+01     8.669805e-01
  7.6142e+01     8.669805e-01
  7.6285e+01     8.669805e-01
  7.6428e+01     8.669805e-01
  7.6571e+01     8.669805e-01
  7.6714e+01     8.669805e-01
  7.6857e+01     8.669805e-01
  7.7000e+01     8.669805e-01
  7.7142e+01     8.669805e-01
  7.7285e+01     8.669805e-01
  7.7428e+01     8.669805e-01
  7.7571e+01     8.669805e-01
  7.7714e+01     8.669805e-01
  7.7857e+01     8.669805e-01
  7.8000e+01     8.669805e-01
  7.8142e+01     8.669805e-01
  7.8285e+01     8.669805e-01
  7.8428e+01     8.669805e-01
  7.8571e+01     8.669805e-01
  7.8714e+01     8.669805e-01
  7.8857e+01     8.669805e-01
  7.9000e+01     8.669805e-01
  7.9142e+01     8.669805e-01
  7.9285e+01     8.669805e-01
  7.9428e+01     8.669805e-01
  7.9571e+01     8.669805e-01
  7.9714e+01     8.669805e-01
  7.9857e+01     8.669805e-01
  8.0000e+01     8.669805e-01
  8.0142e+01     8.669805e-01
  8.0285e+01     8.669805e-01
  8.0428e+01     8.669805e-01
  8.0571e+01     8.669805e-01
  8.0714e+01     8.669805e-01
  8.0857e+01     8.669805e-01
  8.1000e+01     8.669805e-01
  8.1142e+01     8.669805e-01
  8.1285e+01     8.669805e-01
  8.1428e+01     8.669805e-01
  8.1571e+01     8.669805e-01
  8.1714e+01     8.669805e-01
  8.1857e+01     8.669805e-01
  8.2000e+01     8.669805e-01
  8.2142e+01     8.669805e-01
  8.2285e+01     8.669805e-01
  8.2428e+01     8.669805e-01
  8.2571e+01     8.669805e-01
  8.2714e+01     8.669805e-01
  8.2857e+01     8.669805e-01
  8.3000e+01     8.669805e-01
  8.3142e+01     8.669805e-01
  8.3285e+01     8.669805e-01
  8.3428e+01     8.669805e-01
  8.3571e+01     8.669805e-01
  8.3714e+01     8.669805e-01
  8.3857e+01     8.669805e-01
  8.4000e+01     8.669805e-01
  8.4142e+01     8.669805e-01
  8.4285e+01     8.669805e-01
  8.4428e+01     8.669805e-01
  8.4571e+01     8.669805e-01
  8.4714e+01     8.669805e-01
  8.4857e+01     8.669805e-01
  8.5000e+01     8.669805e-01
  8.5142e+01     8.669805e-01
  8.5285e+01     8.669805e-01
  8.5428e+01     8.669805e-01
  8.5571e+01     8.669805e-01
  8.5714e+01     8.669805e-01
  8.5857e+01     8.669805e-01
  8.6000e+01     8.669805e-01
  8.6142e+01     8.669805e-01
  8.6285e+01     8.669805e-01
  8.6428e+01     8.669805e-01
  8.6571e+01     8.669805e-01
  8.6714e+01     8.669805e-01
  8.6857e+01     8.669805e-01
  8.7000e+01     8.669805e-01
  8.7142e+01     8.669805e-01
  8.7285e+01     8.669805e-01
  8.7428e+01     8.669805e-01
  8.7571e+01     8.669805e-01
  8.7714e+01     8.669805e-01
  8.7857e+01     8.669805e-01
  8.8000e+01     8.669805e-01
  8.8142e+01     8.669805e-01
  8.8285e+01     8.669805e-01
  8.8428e+01     8.669805e-01
  8.8571e+01     8.669805e-01
  8.8714e+01     8.669805e-01
  8.8857e+01     8.669805e-01
  8.9000e+01     8.669805e-01
  8.9142e+01     8.669805e-01
  8.9285e+01     8.669805e-01
  8.9428e+01     8.669805e-01
  8.9571e+01     8.669805e-01
  8.9714e+01     8.669805e-01
  8.9857e+01     8.669805e-01
  9.0000e+01     8.669805e-01
  9.0142e+01     8.669805e-01
  9.0285e+01     8.669805e-01
  9.0428e+01     8.669805e-01
  9.0571e+01     8.669805e-01
  9.0714e+01     8.669805e-01
  9.0857e+01     8.669805e-01
  9.1000e+01     8.669805e-01
  9.1142e+01     8.669805e-01
  9.1285e+01     8.669805e-01
  9.1428e+01     8.669805e-01
  9.1571e+01     8.669805e-01
  9.1714e+01     8.669805e-01
  9.1857e+01     8.669805e-01
  9.2000e+01     8.669805e-01
  9.2142e+01     8.669805e-01
  9.2285e+01     8.669805e-01
  9.2428e+01     8.669805e-01
  9.2571e+01     8.669805e-01
  9.2714e+01     8.669805e-01
  9.2857e+01     8.669805e-01
  9.3000e+01     8.669805e-01
  9.3142e+01     8.669805e-01
  9.3285e+01     8.669805e-01
  9.3428e+01     8.669805e-01
  9.3571e+01     8.669805e-01
  9.3714e+01     8.669805e-01
  9.3857e+01     8.669805e-01
  9.4000e+01     8.669805e-01
  9.4142e+01     8.669805e-01
  9.4285e+01     8.669805e-01
  9.4428e+01     8.669805e-01
  9.4571e+01     8.669805e-01
  9.4714e+01     8.669805e-01
  9.4857e+01     8.669805e-01
  9.5000e+01     8.669805e-01
  9.5142e+01     8.669805e-01
  9.5285e+01     8.669805e-01
  9.5428e+01     8.669805e-01
  9.5571e+01     8.669805e-01
  9.5714e+01     8.669805e-01
  9.5857e+01     8.669805e-01
  9.6000e+01     8.669805e-01
  9.6142e+01     8.669805e-01
  9.6285e+01     8.669805e-01
  9.6428e+01     8.669805e-01
  9.6571e+01     8.669805e-01
  9.6714e+01     8.669805e-01
  9.6857e+01     8.669805e-01
  9.7000e+01     8.669805e-01
  9.7142e+01     8.669805e-01
  9.7285e+01     8.669805e-01
  9.7428e+01     8.669805e-01
  9.7571e+01     8.669805e-01
  9.7714e+01     8.669805e-01
  9.7857e+01     8.669805e-01
  9.8000e+01     8.669805e-01
  9.8142e+01     8.669805e-01
  9.8285e+01     8.669805e-01
  9.8428e+01     8.669805e-01
  9.8571e+01     8.669805e-01
  9.8714e+01     8.669805e-01
  9.8857e+01     8.669805e-01
  9.9000e+01     8.669805e-01
  9.9142e+01     8.669805e-01
  9.9285e+01     8.669805e-01
  9.9428e+01     8.669805e-01
  9.9571e+01     8.669805e-01
  9.9714e+01     8.669805e-01
  9.9857e+01     8.669805e-01
  1.0000e+02     8.669805e-01
  1.0014e+02     8.669805e-01
  1.0028e+02     8.669805e-01
  1.0042e+02     8.669805e-01
  1.0057e+02     8.669805e-01
  1.0071e+02     8.669805e-01
  1.0085e+02     8.669805e-01
  1.0100e+02     8.669805e-01
  1.0114e+02     8.669805e-01
  1.0128e+02     8.669805e-01
  1.0142e+02     8.669805e-01
  1.0157e+02     8.669805e-01
  1.0171e+02     8.669805e-01
  1.0185e+02     8.669805e-01
  1.0200e+02     8.669805e-01
  1.0214e+02     8.669805e-01
  1.0228e+02     8.669805e-01
  1.0242e+02     8.669805e-01
  1.0257e+02     8.669805e-01
  1.0271e+02     8.669805e-01
  1.0285e+02     8.669805e-01
  1.0300e+02     8.669805e-01
  1.0314e+02     8.669805e-01
  1.0328e+02     8.669805e-01
  1.0342e+02     8.669805e-01
  1.0357e+02     8.669805e-01
  1.0371e+02     8.669805e-01
  1.0385e+02     8.669805e-01
  1.0400e+02     8.669805e-01
  1.0414e+02     8.669805e-01
