# Epidemic | recovered immune individuals [ x-unit: transmission cycles | y-unit: ]
# ==============================================================================
  0.0000e+00     0.000000e+00
  1.4286e-01     1.916532e-06
  2.8571e-01     4.101095e-06
  4.2857e-01     6.591173e-06
  5.7143e-01     9.429491e-06
  7.1429e-01     1.266475e-05
  8.5714e-01     1.635246e-05
  1.0000e+00     2.055590e-05
  1.1428e+00     2.534718e-05
  1.2857e+00     3.080851e-05
  1.4285e+00     3.703359e-05
  1.5714e+00     4.412923e-05
  1.7142e+00     5.221716e-05
  1.8571e+00     6.143614e-05
  2.0000e+00     7.194432e-05
  2.1428e+00     8.392196e-05
  2.2857e+00     9.757455e-05
  2.4285e+00     1.131363e-04
  2.5714e+00     1.308740e-04
  2.7142e+00     1.510921e-04
  2.8571e+00     1.741372e-04
  3.0000e+00     2.004045e-04
  3.1428e+00     2.303445e-04
  3.2857e+00     2.644706e-04
  3.4285e+00     3.033678e-04
  3.5714e+00     3.477030e-04
  3.7142e+00     3.982360e-04
  3.8571e+00     4.558328e-04
  4.0000e+00     5.214804e-04
  4.1428e+00     5.963034e-04
  4.2857e+00     6.815832e-04
  4.4285e+00     7.787801e-04
  4.5714e+00     8.895579e-04
  4.7142e+00     1.015812e-03
  4.8571e+00     1.159702e-03
  5.0000e+00     1.323688e-03
  5.1428e+00     1.510572e-03
  5.2857e+00     1.723547e-03
  5.4285e+00     1.966246e-03
  5.5714e+00     2.242809e-03
  5.7142e+00     2.557948e-03
  5.8571e+00     2.917029e-03
  6.0000e+00     3.326156e-03
  6.1428e+00     3.792277e-03
  6.2857e+00     4.323297e-03
  6.4285e+00     4.928205e-03
  6.5714e+00     5.617221e-03
  6.7142e+00     6.401964e-03
  6.8571e+00     7.295630e-03
  7.0000e+00     8.313207e-03
  7.1428e+00     9.471705e-03
  7.2857e+00     1.079042e-02
  7.4285e+00     1.229122e-02
  7.5714e+00     1.399888e-02
  7.7142e+00     1.594142e-02
  7.8571e+00     1.815053e-02
  8.0000e+00     2.066197e-02
  8.1428e+00     2.351608e-02
  8.2857e+00     2.675825e-02
  8.4285e+00     3.043948e-02
  8.5714e+00     3.461697e-02
  8.7142e+00     3.935466e-02
  8.8571e+00     4.472390e-02
  9.0000e+00     5.080398e-02
  9.1428e+00     5.768269e-02
  9.2857e+00     6.545682e-02
  9.4285e+00     7.423249e-02
  9.5714e+00     8.412532e-02
  9.7142e+00     9.526035e-02
  9.8571e+00     1.077716e-01
  1.0000e+01     1.218010e-01
  1.0142e+01     1.374971e-01
  1.0285e+01     1.550124e-01
  1.0428e+01     1.745005e-01
  1.0571e+01     1.961110e-01
  1.0714e+01     2.199839e-01
  1.0857e+01     2.462424e-01
  1.1000e+01     2.749831e-01
  1.1142e+01     3.062658e-01
  1.1285e+01     3.401005e-01
  1.1428e+01     3.764337e-01
  1.1571e+01     4.151343e-01
  1.1714e+01     4.559792e-01
  1.1857e+01     4.986419e-01
  1.2000e+01     5.426842e-01
  1.2142e+01     5.875548e-01
  1.2285e+01     6.325971e-01
  1.2428e+01     6.770674e-01
  1.2571e+01     7.201676e-01
  1.2714e+01     7.610895e-01
  1.2857e+01     7.990706e-01
  1.3000e+01     8.334558e-01
  1.3142e+01     8.637556e-01
  1.3285e+01     8.896936e-01
  1.3428e+01     9.112301e-01
  1.3571e+01     9.285574e-01
  1.3714e+01     9.420636e-01
  1.3857e+01     9.522725e-01
  1.4000e+01     9.597709e-01
  1.4142e+01     9.651394e-01
  1.4285e+01     9.689006e-01
  1.4428e+01     9.714900e-01
  1.4571e+01     9.732488e-01
  1.4714e+01     9.744317e-01
  1.4857e+01     9.752216e-01
  1.5000e+01     9.757464e-01
  1.5142e+01     9.760939e-01
  1.5285e+01     9.763234e-01
  1.5428e+01     9.764749e-01
  1.5571e+01     9.765747e-01
  1.5714e+01     9.766404e-01
  1.5857e+01     9.766836e-01
  1.6000e+01     9.767121e-01
  1.6142e+01     9.767308e-01
  1.6285e+01     9.767431e-01
  1.6428e+01     9.767512e-01
  1.6571e+01     9.767565e-01
  1.6714e+01     9.767600e-01
  1.6857e+01     9.767623e-01
  1.7000e+01     9.767639e-01
  1.7142e+01     9.767649e-01
  1.7285e+01     9.767655e-01
  1.7428e+01     9.767659e-01
  1.7571e+01     9.767662e-01
  1.7714e+01     9.767664e-01
  1.7857e+01     9.767665e-01
  1.8000e+01     9.767666e-01
  1.8142e+01     9.767667e-01
  1.8285e+01     9.767667e-01
  1.8428e+01     9.767667e-01
  1.8571e+01     9.767667e-01
  1.8714e+01     9.767668e-01
  1.8857e+01     9.767668e-01
  1.9000e+01     9.767668e-01
  1.9142e+01     9.767668e-01
  1.9285e+01     9.767668e-01
  1.9428e+01     9.767668e-01
  1.9571e+01     9.767668e-01
  1.9714e+01     9.767668e-01
  1.9857e+01     9.767668e-01
  2.0000e+01     9.767668e-01
  2.0142e+01     9.767668e-01
  2.0285e+01     9.767668e-01
  2.0428e+01     9.767668e-01
  2.0571e+01     9.767668e-01
  2.0714e+01     9.767668e-01
  2.0857e+01     9.767668e-01
  2.1000e+01     9.767668e-01
  2.1142e+01     9.767668e-01
  2.1285e+01     9.767668e-01
  2.1428e+01     9.767668e-01
  2.1571e+01     9.767668e-01
  2.1714e+01     9.767668e-01
  2.1857e+01     9.767668e-01
  2.2000e+01     9.767668e-01
  2.2142e+01     9.767668e-01
  2.2285e+01     9.767668e-01
  2.2428e+01     9.767668e-01
  2.2571e+01     9.767668e-01
  2.2714e+01     9.767668e-01
  2.2857e+01     9.767668e-01
  2.3000e+01     9.767668e-01
  2.3142e+01     9.767668e-01
  2.3285e+01     9.767668e-01
  2.3428e+01     9.767668e-01
  2.3571e+01     9.767668e-01
  2.3714e+01     9.767668e-01
  2.3857e+01     9.767668e-01
  2.4000e+01     9.767668e-01
  2.4142e+01     9.767668e-01
  2.4285e+01     9.767668e-01
  2.4428e+01     9.767668e-01
  2.4571e+01     9.767668e-01
  2.4714e+01     9.767668e-01
  2.4857e+01     9.767668e-01
  2.5000e+01     9.767668e-01
  2.5142e+01     9.767668e-01
  2.5285e+01     9.767668e-01
  2.5428e+01     9.767668e-01
  2.5571e+01     9.767668e-01
  2.5714e+01     9.767668e-01
  2.5857e+01     9.767668e-01
  2.6000e+01     9.767668e-01
  2.6142e+01     9.767668e-01
  2.6285e+01     9.767668e-01
  2.6428e+01     9.767668e-01
  2.6571e+01     9.767668e-01
  2.6714e+01     9.767668e-01
  2.6857e+01     9.767668e-01
  2.7000e+01     9.767668e-01
  2.7142e+01     9.767668e-01
  2.7285e+01     9.767668e-01
  2.7428e+01     9.767668e-01
  2.7571e+01     9.767668e-01
  2.7714e+01     9.767668e-01
  2.7857e+01     9.767668e-01
  2.8000e+01     9.767668e-01
  2.8142e+01     9.767668e-01
  2.8285e+01     9.767668e-01
  2.8428e+01     9.767668e-01
  2.8571e+01     9.767668e-01
  2.8714e+01     9.767668e-01
  2.8857e+01     9.767668e-01
  2.9000e+01     9.767668e-01
  2.9142e+01     9.767668e-01
  2.9285e+01     9.767668e-01
  2.9428e+01     9.767668e-01
  2.9571e+01     9.767668e-01
  2.9714e+01     9.767668e-01
  2.9857e+01     9.767668e-01
  3.0000e+01     9.767668e-01
  3.0142e+01     9.767668e-01
  3.0285e+01     9.767668e-01
  3.0428e+01     9.767668e-01
  3.0571e+01     9.767668e-01
  3.0714e+01     9.767668e-01
  3.0857e+01     9.767668e-01
  3.1000e+01     9.767668e-01
  3.1142e+01     9.767668e-01
  3.1285e+01     9.767668e-01
  3.1428e+01     9.767668e-01
  3.1571e+01     9.767668e-01
  3.1714e+01     9.767668e-01
  3.1857e+01     9.767668e-01
  3.2000e+01     9.767668e-01
  3.2142e+01     9.767668e-01
  3.2285e+01     9.767668e-01
  3.2428e+01     9.767668e-01
  3.2571e+01     9.767668e-01
  3.2714e+01     9.767668e-01
  3.2857e+01     9.767668e-01
  3.3000e+01     9.767668e-01
  3.3142e+01     9.767668e-01
  3.3285e+01     9.767668e-01
  3.3428e+01     9.767668e-01
  3.3571e+01     9.767668e-01
  3.3714e+01     9.767668e-01
  3.3857e+01     9.767668e-01
  3.4000e+01     9.767668e-01
  3.4142e+01     9.767668e-01
  3.4285e+01     9.767668e-01
  3.4428e+01     9.767668e-01
  3.4571e+01     9.767668e-01
  3.4714e+01     9.767668e-01
  3.4857e+01     9.767668e-01
  3.5000e+01     9.767668e-01
  3.5142e+01     9.767668e-01
  3.5285e+01     9.767668e-01
  3.5428e+01     9.767668e-01
  3.5571e+01     9.767668e-01
  3.5714e+01     9.767668e-01
  3.5857e+01     9.767668e-01
  3.6000e+01     9.767668e-01
  3.6142e+01     9.767668e-01
  3.6285e+01     9.767668e-01
  3.6428e+01     9.767668e-01
  3.6571e+01     9.767668e-01
  3.6714e+01     9.767668e-01
  3.6857e+01     9.767668e-01
  3.7000e+01     9.767668e-01
  3.7142e+01     9.767668e-01
  3.7285e+01     9.767668e-01
  3.7428e+01     9.767668e-01
  3.7571e+01     9.767668e-01
  3.7714e+01     9.767668e-01
  3.7857e+01     9.767668e-01
  3.8000e+01     9.767668e-01
  3.8142e+01     9.767668e-01
  3.8285e+01     9.767668e-01
  3.8428e+01     9.767668e-01
  3.8571e+01     9.767668e-01
  3.8714e+01     9.767668e-01
  3.8857e+01     9.767668e-01
  3.9000e+01     9.767668e-01
  3.9142e+01     9.767668e-01
  3.9285e+01     9.767668e-01
  3.9428e+01     9.767668e-01
  3.9571e+01     9.767668e-01
  3.9714e+01     9.767668e-01
  3.9857e+01     9.767668e-01
  4.0000e+01     9.767668e-01
  4.0142e+01     9.767668e-01
  4.0285e+01     9.767668e-01
  4.0428e+01     9.767668e-01
  4.0571e+01     9.767668e-01
  4.0714e+01     9.767668e-01
  4.0857e+01     9.767668e-01
  4.1000e+01     9.767668e-01
  4.1142e+01     9.767668e-01
  4.1285e+01     9.767668e-01
  4.1428e+01     9.767668e-01
  4.1571e+01     9.767668e-01
  4.1714e+01     9.767668e-01
  4.1857e+01     9.767668e-01
  4.2000e+01     9.767668e-01
  4.2142e+01     9.767668e-01
  4.2285e+01     9.767668e-01
  4.2428e+01     9.767668e-01
  4.2571e+01     9.767668e-01
  4.2714e+01     9.767668e-01
  4.2857e+01     9.767668e-01
  4.3000e+01     9.767668e-01
  4.3142e+01     9.767668e-01
  4.3285e+01     9.767668e-01
  4.3428e+01     9.767668e-01
  4.3571e+01     9.767668e-01
  4.3714e+01     9.767668e-01
  4.3857e+01     9.767668e-01
  4.4000e+01     9.767668e-01
  4.4142e+01     9.767668e-01
  4.4285e+01     9.767668e-01
  4.4428e+01     9.767668e-01
  4.4571e+01     9.767668e-01
  4.4714e+01     9.767668e-01
  4.4857e+01     9.767668e-01
  4.5000e+01     9.767668e-01
  4.5142e+01     9.767668e-01
  4.5285e+01     9.767668e-01
  4.5428e+01     9.767668e-01
  4.5571e+01     9.767668e-01
  4.5714e+01     9.767668e-01
  4.5857e+01     9.767668e-01
  4.6000e+01     9.767668e-01
  4.6142e+01     9.767668e-01
  4.6285e+01     9.767668e-01
  4.6428e+01     9.767668e-01
  4.6571e+01     9.767668e-01
  4.6714e+01     9.767668e-01
  4.6857e+01     9.767668e-01
  4.7000e+01     9.767668e-01
  4.7142e+01     9.767668e-01
  4.7285e+01     9.767668e-01
  4.7428e+01     9.767668e-01
  4.7571e+01     9.767668e-01
  4.7714e+01     9.767668e-01
  4.7857e+01     9.767668e-01
  4.8000e+01     9.767668e-01
  4.8142e+01     9.767668e-01
  4.8285e+01     9.767668e-01
  4.8428e+01     9.767668e-01
  4.8571e+01     9.767668e-01
  4.8714e+01     9.767668e-01
  4.8857e+01     9.767668e-01
  4.9000e+01     9.767668e-01
  4.9142e+01     9.767668e-01
  4.9285e+01     9.767668e-01
  4.9428e+01     9.767668e-01
  4.9571e+01     9.767668e-01
  4.9714e+01     9.767668e-01
  4.9857e+01     9.767668e-01
  5.0000e+01     9.767668e-01
  5.0142e+01     9.767668e-01
  5.0285e+01     9.767668e-01
  5.0428e+01     9.767668e-01
  5.0571e+01     9.767668e-01
  5.0714e+01     9.767668e-01
  5.0857e+01     9.767668e-01
  5.1000e+01     9.767668e-01
  5.1142e+01     9.767668e-01
  5.1285e+01     9.767668e-01
  5.1428e+01     9.767668e-01
  5.1571e+01     9.767668e-01
  5.1714e+01     9.767668e-01
  5.1857e+01     9.767668e-01
  5.2000e+01     9.767668e-01
  5.2142e+01     9.767668e-01
  5.2285e+01     9.767668e-01
  5.2428e+01     9.767668e-01
  5.2571e+01     9.767668e-01
  5.2714e+01     9.767668e-01
  5.2857e+01     9.767668e-01
  5.3000e+01     9.767668e-01
  5.3142e+01     9.767668e-01
  5.3285e+01     9.767668e-01
  5.3428e+01     9.767668e-01
  5.3571e+01     9.767668e-01
  5.3714e+01     9.767668e-01
  5.3857e+01     9.767668e-01
  5.4000e+01     9.767668e-01
  5.4142e+01     9.767668e-01
  5.4285e+01     9.767668e-01
  5.4428e+01     9.767668e-01
  5.4571e+01     9.767668e-01
  5.4714e+01     9.767668e-01
  5.4857e+01     9.767668e-01
  5.5000e+01     9.767668e-01
  5.5142e+01     9.767668e-01
  5.5285e+01     9.767668e-01
  5.5428e+01     9.767668e-01
  5.5571e+01     9.767668e-01
  5.5714e+01     9.767668e-01
  5.5857e+01     9.767668e-01
  5.6000e+01     9.767668e-01
  5.6142e+01     9.767668e-01
  5.6285e+01     9.767668e-01
  5.6428e+01     9.767668e-01
  5.6571e+01     9.767668e-01
  5.6714e+01     9.767668e-01
  5.6857e+01     9.767668e-01
  5.7000e+01     9.767668e-01
  5.7142e+01     9.767668e-01
  5.7285e+01     9.767668e-01
  5.7428e+01     9.767668e-01
  5.7571e+01     9.767668e-01
  5.7714e+01     9.767668e-01
  5.7857e+01     9.767668e-01
  5.8000e+01     9.767668e-01
  5.8142e+01     9.767668e-01
  5.8285e+01     9.767668e-01
  5.8428e+01     9.767668e-01
  5.8571e+01     9.767668e-01
  5.8714e+01     9.767668e-01
  5.8857e+01     9.767668e-01
  5.9000e+01     9.767668e-01
  5.9142e+01     9.767668e-01
  5.9285e+01     9.767668e-01
  5.9428e+01     9.767668e-01
  5.9571e+01     9.767668e-01
  5.9714e+01     9.767668e-01
  5.9857e+01     9.767668e-01
  6.0000e+01     9.767668e-01
  6.0142e+01     9.767668e-01
  6.0285e+01     9.767668e-01
  6.0428e+01     9.767668e-01
  6.0571e+01     9.767668e-01
  6.0714e+01     9.767668e-01
  6.0857e+01     9.767668e-01
  6.1000e+01     9.767668e-01
  6.1142e+01     9.767668e-01
  6.1285e+01     9.767668e-01
  6.1428e+01     9.767668e-01
  6.1571e+01     9.767668e-01
  6.1714e+01     9.767668e-01
  6.1857e+01     9.767668e-01
  6.2000e+01     9.767668e-01
  6.2142e+01     9.767668e-01
  6.2285e+01     9.767668e-01
  6.2428e+01     9.767668e-01
  6.2571e+01     9.767668e-01
  6.2714e+01     9.767668e-01
  6.2857e+01     9.767668e-01
  6.3000e+01     9.767668e-01
  6.3142e+01     9.767668e-01
  6.3285e+01     9.767668e-01
  6.3428e+01     9.767668e-01
  6.3571e+01     9.767668e-01
  6.3714e+01     9.767668e-01
  6.3857e+01     9.767668e-01
  6.4000e+01     9.767668e-01
  6.4142e+01     9.767668e-01
  6.4285e+01     9.767668e-01
  6.4428e+01     9.767668e-01
  6.4571e+01     9.767668e-01
  6.4714e+01     9.767668e-01
  6.4857e+01     9.767668e-01
  6.5000e+01     9.767668e-01
  6.5142e+01     9.767668e-01
  6.5285e+01     9.767668e-01
  6.5428e+01     9.767668e-01
  6.5571e+01     9.767668e-01
  6.5714e+01     9.767668e-01
  6.5857e+01     9.767668e-01
  6.6000e+01     9.767668e-01
  6.6142e+01     9.767668e-01
  6.6285e+01     9.767668e-01
  6.6428e+01     9.767668e-01
  6.6571e+01     9.767668e-01
  6.6714e+01     9.767668e-01
  6.6857e+01     9.767668e-01
  6.7000e+01     9.767668e-01
  6.7142e+01     9.767668e-01
  6.7285e+01     9.767668e-01
  6.7428e+01     9.767668e-01
  6.7571e+01     9.767668e-01
  6.7714e+01     9.767668e-01
  6.7857e+01     9.767668e-01
  6.8000e+01     9.767668e-01
  6.8142e+01     9.767668e-01
  6.8285e+01     9.767668e-01
  6.8428e+01     9.767668e-01
  6.8571e+01     9.767668e-01
  6.8714e+01     9.767668e-01
  6.8857e+01     9.767668e-01
  6.9000e+01     9.767668e-01
  6.9142e+01     9.767668e-01
  6.9285e+01     9.767668e-01
  6.9428e+01     9.767668e-01
  6.9571e+01     9.767668e-01
  6.9714e+01     9.767668e-01
  6.9857e+01     9.767668e-01
  7.0000e+01     9.767668e-01
  7.0142e+01     9.767668e-01
  7.0285e+01     9.767668e-01
  7.0428e+01     9.767668e-01
  7.0571e+01     9.767668e-01
  7.0714e+01     9.767668e-01
  7.0857e+01     9.767668e-01
  7.1000e+01     9.767668e-01
  7.1142e+01     9.767668e-01
  7.1285e+01     9.767668e-01
  7.1428e+01     9.767668e-01
  7.1571e+01     9.767668e-01
  7.1714e+01     9.767668e-01
  7.1857e+01     9.767668e-01
  7.2000e+01     9.767668e-01
  7.2142e+01     9.767668e-01
  7.2285e+01     9.767668e-01
  7.2428e+01     9.767668e-01
  7.2571e+01     9.767668e-01
  7.2714e+01     9.767668e-01
  7.2857e+01     9.767668e-01
  7.3000e+01     9.767668e-01
  7.3142e+01     9.767668e-01
  7.3285e+01     9.767668e-01
  7.3428e+01     9.767668e-01
  7.3571e+01     9.767668e-01
  7.3714e+01     9.767668e-01
  7.3857e+01     9.767668e-01
  7.4000e+01     9.767668e-01
  7.4142e+01     9.767668e-01
  7.4285e+01     9.767668e-01
  7.4428e+01     9.767668e-01
  7.4571e+01     9.767668e-01
  7.4714e+01     9.767668e-01
  7.4857e+01     9.767668e-01
  7.5000e+01     9.767668e-01
  7.5142e+01     9.767668e-01
  7.5285e+01     9.767668e-01
  7.5428e+01     9.767668e-01
  7.5571e+01     9.767668e-01
  7.5714e+01     9.767668e-01
  7.5857e+01     9.767668e-01
  7.6000e+01     9.767668e-01
  7.6142e+01     9.767668e-01
  7.6285e+01     9.767668e-01
  7.6428e+01     9.767668e-01
  7.6571e+01     9.767668e-01
  7.6714e+01     9.767668e-01
  7.6857e+01     9.767668e-01
  7.7000e+01     9.767668e-01
  7.7142e+01     9.767668e-01
  7.7285e+01     9.767668e-01
  7.7428e+01     9.767668e-01
  7.7571e+01     9.767668e-01
  7.7714e+01     9.767668e-01
  7.7857e+01     9.767668e-01
  7.8000e+01     9.767668e-01
  7.8142e+01     9.767668e-01
  7.8285e+01     9.767668e-01
  7.8428e+01     9.767668e-01
  7.8571e+01     9.767668e-01
  7.8714e+01     9.767668e-01
  7.8857e+01     9.767668e-01
  7.9000e+01     9.767668e-01
  7.9142e+01     9.767668e-01
  7.9285e+01     9.767668e-01
  7.9428e+01     9.767668e-01
  7.9571e+01     9.767668e-01
  7.9714e+01     9.767668e-01
  7.9857e+01     9.767668e-01
  8.0000e+01     9.767668e-01
  8.0142e+01     9.767668e-01
  8.0285e+01     9.767668e-01
  8.0428e+01     9.767668e-01
  8.0571e+01     9.767668e-01
  8.0714e+01     9.767668e-01
  8.0857e+01     9.767668e-01
  8.1000e+01     9.767668e-01
  8.1142e+01     9.767668e-01
  8.1285e+01     9.767668e-01
  8.1428e+01     9.767668e-01
  8.1571e+01     9.767668e-01
  8.1714e+01     9.767668e-01
  8.1857e+01     9.767668e-01
  8.2000e+01     9.767668e-01
  8.2142e+01     9.767668e-01
  8.2285e+01     9.767668e-01
  8.2428e+01     9.767668e-01
  8.2571e+01     9.767668e-01
  8.2714e+01     9.767668e-01
  8.2857e+01     9.767668e-01
  8.3000e+01     9.767668e-01
  8.3142e+01     9.767668e-01
  8.3285e+01     9.767668e-01
  8.3428e+01     9.767668e-01
  8.3571e+01     9.767668e-01
  8.3714e+01     9.767668e-01
  8.3857e+01     9.767668e-01
  8.4000e+01     9.767668e-01
  8.4142e+01     9.767668e-01
  8.4285e+01     9.767668e-01
  8.4428e+01     9.767668e-01
  8.4571e+01     9.767668e-01
  8.4714e+01     9.767668e-01
  8.4857e+01     9.767668e-01
  8.5000e+01     9.767668e-01
  8.5142e+01     9.767668e-01
  8.5285e+01     9.767668e-01
  8.5428e+01     9.767668e-01
  8.5571e+01     9.767668e-01
  8.5714e+01     9.767668e-01
  8.5857e+01     9.767668e-01
  8.6000e+01     9.767668e-01
  8.6142e+01     9.767668e-01
  8.6285e+01     9.767668e-01
  8.6428e+01     9.767668e-01
  8.6571e+01     9.767668e-01
  8.6714e+01     9.767668e-01
  8.6857e+01     9.767668e-01
  8.7000e+01     9.767668e-01
  8.7142e+01     9.767668e-01
  8.7285e+01     9.767668e-01
  8.7428e+01     9.767668e-01
  8.7571e+01     9.767668e-01
  8.7714e+01     9.767668e-01
  8.7857e+01     9.767668e-01
  8.8000e+01     9.767668e-01
  8.8142e+01     9.767668e-01
  8.8285e+01     9.767668e-01
  8.8428e+01     9.767668e-01
  8.8571e+01     9.767668e-01
  8.8714e+01     9.767668e-01
  8.8857e+01     9.767668e-01
  8.9000e+01     9.767668e-01
  8.9142e+01     9.767668e-01
  8.9285e+01     9.767668e-01
  8.9428e+01     9.767668e-01
  8.9571e+01     9.767668e-01
  8.9714e+01     9.767668e-01
  8.9857e+01     9.767668e-01
  9.0000e+01     9.767668e-01
  9.0142e+01     9.767668e-01
  9.0285e+01     9.767668e-01
  9.0428e+01     9.767668e-01
  9.0571e+01     9.767668e-01
  9.0714e+01     9.767668e-01
  9.0857e+01     9.767668e-01
  9.1000e+01     9.767668e-01
  9.1142e+01     9.767668e-01
  9.1285e+01     9.767668e-01
  9.1428e+01     9.767668e-01
  9.1571e+01     9.767668e-01
  9.1714e+01     9.767668e-01
  9.1857e+01     9.767668e-01
  9.2000e+01     9.767668e-01
  9.2142e+01     9.767668e-01
  9.2285e+01     9.767668e-01
  9.2428e+01     9.767668e-01
  9.2571e+01     9.767668e-01
  9.2714e+01     9.767668e-01
  9.2857e+01     9.767668e-01
  9.3000e+01     9.767668e-01
  9.3142e+01     9.767668e-01
  9.3285e+01     9.767668e-01
  9.3428e+01     9.767668e-01
  9.3571e+01     9.767668e-01
  9.3714e+01     9.767668e-01
  9.3857e+01     9.767668e-01
  9.4000e+01     9.767668e-01
  9.4142e+01     9.767668e-01
  9.4285e+01     9.767668e-01
  9.4428e+01     9.767668e-01
  9.4571e+01     9.767668e-01
  9.4714e+01     9.767668e-01
  9.4857e+01     9.767668e-01
  9.5000e+01     9.767668e-01
  9.5142e+01     9.767668e-01
  9.5285e+01     9.767668e-01
  9.5428e+01     9.767668e-01
  9.5571e+01     9.767668e-01
  9.5714e+01     9.767668e-01
  9.5857e+01     9.767668e-01
  9.6000e+01     9.767668e-01
  9.6142e+01     9.767668e-01
  9.6285e+01     9.767668e-01
  9.6428e+01     9.767668e-01
  9.6571e+01     9.767668e-01
  9.6714e+01     9.767668e-01
  9.6857e+01     9.767668e-01
  9.7000e+01     9.767668e-01
  9.7142e+01     9.767668e-01
  9.7285e+01     9.767668e-01
  9.7428e+01     9.767668e-01
  9.7571e+01     9.767668e-01
  9.7714e+01     9.767668e-01
  9.7857e+01     9.767668e-01
  9.8000e+01     9.767668e-01
  9.8142e+01     9.767668e-01
  9.8285e+01     9.767668e-01
  9.8428e+01     9.767668e-01
  9.8571e+01     9.767668e-01
  9.8714e+01     9.767668e-01
  9.8857e+01     9.767668e-01
  9.9000e+01     9.767668e-01
  9.9142e+01     9.767668e-01
  9.9285e+01     9.767668e-01
  9.9428e+01     9.767668e-01
  9.9571e+01     9.767668e-01
  9.9714e+01     9.767668e-01
  9.9857e+01     9.767668e-01
  1.0000e+02     9.767668e-01
  1.0014e+02     9.767668e-01
  1.0028e+02     9.767668e-01
  1.0042e+02     9.767668e-01
  1.0057e+02     9.767668e-01
  1.0071e+02     9.767668e-01
  1.0085e+02     9.767668e-01
  1.0100e+02     9.767668e-01
  1.0114e+02     9.767668e-01
  1.0128e+02     9.767668e-01
  1.0142e+02     9.767668e-01
  1.0157e+02     9.767668e-01
  1.0171e+02     9.767668e-01
  1.0185e+02     9.767668e-01
  1.0200e+02     9.767668e-01
  1.0214e+02     9.767668e-01
  1.0228e+02     9.767668e-01
  1.0242e+02     9.767668e-01
  1.0257e+02     9.767668e-01
  1.0271e+02     9.767668e-01
  1.0285e+02     9.767668e-01
  1.0300e+02     9.767668e-01
  1.0314e+02     9.767668e-01
  1.0328e+02     9.767668e-01
  1.0342e+02     9.767668e-01
  1.0357e+02     9.767668e-01
  1.0371e+02     9.767668e-01
  1.0385e+02     9.767668e-01
  1.0400e+02     9.767668e-01
  1.0414e+02     9.767668e-01
