# Epidemic | recovered immune individuals [ x-unit: transmission cycles | y-unit: ]
# ==============================================================================
  0.0000e+00     0.000000e+00
  1.4286e-01     1.862743e-06
  2.8571e-01     3.880516e-06
  4.2857e-01     6.066223e-06
  5.7143e-01     8.433839e-06
  7.1429e-01     1.099850e-05
  8.5714e-01     1.377661e-05
  1.0000e+00     1.678593e-05
  1.1428e+00     2.004570e-05
  1.2857e+00     2.357677e-05
  1.4285e+00     2.740170e-05
  1.5714e+00     3.154495e-05
  1.7142e+00     3.603302e-05
  1.8571e+00     4.089460e-05
  2.0000e+00     4.616076e-05
  2.1428e+00     5.186517e-05
  2.2857e+00     5.804431e-05
  2.4285e+00     6.473766e-05
  2.5714e+00     7.198801e-05
  2.7142e+00     7.984172e-05
  2.8571e+00     8.834897e-05
  3.0000e+00     9.756414e-05
  3.1428e+00     1.075461e-04
  3.2857e+00     1.183587e-04
  3.4285e+00     1.300710e-04
  3.5714e+00     1.427579e-04
  3.7142e+00     1.565004e-04
  3.8571e+00     1.713863e-04
  4.0000e+00     1.875107e-04
  4.1428e+00     2.049766e-04
  4.2857e+00     2.238957e-04
  4.4285e+00     2.443886e-04
  4.5714e+00     2.665864e-04
  4.7142e+00     2.906307e-04
  4.8571e+00     3.166751e-04
  5.0000e+00     3.448858e-04
  5.1428e+00     3.754430e-04
  5.2857e+00     4.085415e-04
  5.4285e+00     4.443926e-04
  5.5714e+00     4.832251e-04
  5.7142e+00     5.252866e-04
  5.8571e+00     5.708453e-04
  6.0000e+00     6.201918e-04
  6.1428e+00     6.736405e-04
  6.2857e+00     7.315320e-04
  6.4285e+00     7.942351e-04
  6.5714e+00     8.621491e-04
  6.7142e+00     9.357063e-04
  6.8571e+00     1.015375e-03
  7.0000e+00     1.101661e-03
  7.1428e+00     1.195115e-03
  7.2857e+00     1.296328e-03
  7.4285e+00     1.405946e-03
  7.5714e+00     1.524662e-03
  7.7142e+00     1.653231e-03
  7.8571e+00     1.792467e-03
  8.0000e+00     1.943253e-03
  8.1428e+00     2.106543e-03
  8.2857e+00     2.283369e-03
  8.4285e+00     2.474850e-03
  8.5714e+00     2.682194e-03
  8.7142e+00     2.906707e-03
  8.8571e+00     3.149806e-03
  9.0000e+00     3.413017e-03
  9.1428e+00     3.697996e-03
  9.2857e+00     4.006529e-03
  9.4285e+00     4.340547e-03
  9.5714e+00     4.702141e-03
  9.7142e+00     5.093564e-03
  9.8571e+00     5.517254e-03
  1.0000e+01     5.975843e-03
  1.0142e+01     6.472173e-03
  1.0285e+01     7.009312e-03
  1.0428e+01     7.590569e-03
  1.0571e+01     8.219515e-03
  1.0714e+01     8.900002e-03
  1.0857e+01     9.636181e-03
  1.1000e+01     1.043252e-02
  1.1142e+01     1.129385e-02
  1.1285e+01     1.222534e-02
  1.1428e+01     1.323259e-02
  1.1571e+01     1.432158e-02
  1.1714e+01     1.549877e-02
  1.1857e+01     1.677109e-02
  1.2000e+01     1.814596e-02
  1.2142e+01     1.963136e-02
  1.2285e+01     2.123582e-02
  1.2428e+01     2.296847e-02
  1.2571e+01     2.483909e-02
  1.2714e+01     2.685811e-02
  1.2857e+01     2.903665e-02
  1.3000e+01     3.138656e-02
  1.3142e+01     3.392045e-02
  1.3285e+01     3.665168e-02
  1.3428e+01     3.959445e-02
  1.3571e+01     4.276373e-02
  1.3714e+01     4.617535e-02
  1.3857e+01     4.984596e-02
  1.4000e+01     5.379305e-02
  1.4142e+01     5.803490e-02
  1.4285e+01     6.259059e-02
  1.4428e+01     6.747995e-02
  1.4571e+01     7.272348e-02
  1.4714e+01     7.834231e-02
  1.4857e+01     8.435804e-02
  1.5000e+01     9.079267e-02
  1.5142e+01     9.766843e-02
  1.5285e+01     1.050076e-01
  1.5428e+01     1.128322e-01
  1.5571e+01     1.211638e-01
  1.5714e+01     1.300234e-01
  1.5857e+01     1.394307e-01
  1.6000e+01     1.494041e-01
  1.6142e+01     1.599600e-01
  1.6285e+01     1.711123e-01
  1.6428e+01     1.828723e-01
  1.6571e+01     1.952478e-01
  1.6714e+01     2.082425e-01
  1.6857e+01     2.218555e-01
  1.7000e+01     2.360810e-01
  1.7142e+01     2.509073e-01
  1.7285e+01     2.663163e-01
  1.7428e+01     2.822835e-01
  1.7571e+01     2.987768e-01
  1.7714e+01     3.157572e-01
  1.7857e+01     3.331775e-01
  1.8000e+01     3.509834e-01
  1.8142e+01     3.691129e-01
  1.8285e+01     3.874972e-01
  1.8428e+01     4.060610e-01
  1.8571e+01     4.247235e-01
  1.8714e+01     4.433998e-01
  1.8857e+01     4.620017e-01
  1.9000e+01     4.804393e-01
  1.9142e+01     4.986232e-01
  1.9285e+01     5.164654e-01
  1.9428e+01     5.338817e-01
  1.9571e+01     5.507931e-01
  1.9714e+01     5.671274e-01
  1.9857e+01     5.828209e-01
  2.0000e+01     5.978189e-01
  2.0142e+01     6.120773e-01
  2.0285e+01     6.255624e-01
  2.0428e+01     6.382517e-01
  2.0571e+01     6.501332e-01
  2.0714e+01     6.612050e-01
  2.0857e+01     6.714749e-01
  2.1000e+01     6.809588e-01
  2.1142e+01     6.896801e-01
  2.1285e+01     6.976683e-01
  2.1428e+01     7.049575e-01
  2.1571e+01     7.115857e-01
  2.1714e+01     7.175931e-01
  2.1857e+01     7.230214e-01
  2.2000e+01     7.279127e-01
  2.2142e+01     7.323088e-01
  2.2285e+01     7.362507e-01
  2.2428e+01     7.397776e-01
  2.2571e+01     7.429272e-01
  2.2714e+01     7.457349e-01
  2.2857e+01     7.482339e-01
  2.3000e+01     7.504549e-01
  2.3142e+01     7.524263e-01
  2.3285e+01     7.541742e-01
  2.3428e+01     7.557223e-01
  2.3571e+01     7.570922e-01
  2.3714e+01     7.583035e-01
  2.3857e+01     7.593738e-01
  2.4000e+01     7.603188e-01
  2.4142e+01     7.611527e-01
  2.4285e+01     7.618883e-01
  2.4428e+01     7.625368e-01
  2.4571e+01     7.631083e-01
  2.4714e+01     7.636118e-01
  2.4857e+01     7.640552e-01
  2.5000e+01     7.644457e-01
  2.5142e+01     7.647894e-01
  2.5285e+01     7.650919e-01
  2.5428e+01     7.653580e-01
  2.5571e+01     7.655922e-01
  2.5714e+01     7.657982e-01
  2.5857e+01     7.659793e-01
  2.6000e+01     7.661387e-01
  2.6142e+01     7.662788e-01
  2.6285e+01     7.664020e-01
  2.6428e+01     7.665103e-01
  2.6571e+01     7.666055e-01
  2.6714e+01     7.666892e-01
  2.6857e+01     7.667628e-01
  2.7000e+01     7.668275e-01
  2.7142e+01     7.668843e-01
  2.7285e+01     7.669343e-01
  2.7428e+01     7.669782e-01
  2.7571e+01     7.670168e-01
  2.7714e+01     7.670508e-01
  2.7857e+01     7.670806e-01
  2.8000e+01     7.671068e-01
  2.8142e+01     7.671298e-01
  2.8285e+01     7.671500e-01
  2.8428e+01     7.671678e-01
  2.8571e+01     7.671835e-01
  2.8714e+01     7.671972e-01
  2.8857e+01     7.672093e-01
  2.9000e+01     7.672199e-01
  2.9142e+01     7.672292e-01
  2.9285e+01     7.672374e-01
  2.9428e+01     7.672446e-01
  2.9571e+01     7.672509e-01
  2.9714e+01     7.672565e-01
  2.9857e+01     7.672613e-01
  3.0000e+01     7.672656e-01
  3.0142e+01     7.672694e-01
  3.0285e+01     7.672727e-01
  3.0428e+01     7.672756e-01
  3.0571e+01     7.672782e-01
  3.0714e+01     7.672804e-01
  3.0857e+01     7.672824e-01
  3.1000e+01     7.672841e-01
  3.1142e+01     7.672857e-01
  3.1285e+01     7.672870e-01
  3.1428e+01     7.672882e-01
  3.1571e+01     7.672892e-01
  3.1714e+01     7.672901e-01
  3.1857e+01     7.672909e-01
  3.2000e+01     7.672916e-01
  3.2142e+01     7.672923e-01
  3.2285e+01     7.672928e-01
  3.2428e+01     7.672933e-01
  3.2571e+01     7.672937e-01
  3.2714e+01     7.672941e-01
  3.2857e+01     7.672944e-01
  3.3000e+01     7.672947e-01
  3.3142e+01     7.672949e-01
  3.3285e+01     7.672951e-01
  3.3428e+01     7.672953e-01
  3.3571e+01     7.672955e-01
  3.3714e+01     7.672956e-01
  3.3857e+01     7.672958e-01
  3.4000e+01     7.672959e-01
  3.4142e+01     7.672960e-01
  3.4285e+01     7.672961e-01
  3.4428e+01     7.672962e-01
  3.4571e+01     7.672962e-01
  3.4714e+01     7.672963e-01
  3.4857e+01     7.672963e-01
  3.5000e+01     7.672964e-01
  3.5142e+01     7.672964e-01
  3.5285e+01     7.672965e-01
  3.5428e+01     7.672965e-01
  3.5571e+01     7.672965e-01
  3.5714e+01     7.672966e-01
  3.5857e+01     7.672966e-01
  3.6000e+01     7.672966e-01
  3.6142e+01     7.672966e-01
  3.6285e+01     7.672966e-01
  3.6428e+01     7.672966e-01
  3.6571e+01     7.672966e-01
  3.6714e+01     7.672967e-01
  3.6857e+01     7.672967e-01
  3.7000e+01     7.672967e-01
  3.7142e+01     7.672967e-01
  3.7285e+01     7.672967e-01
  3.7428e+01     7.672967e-01
  3.7571e+01     7.672967e-01
  3.7714e+01     7.672967e-01
  3.7857e+01     7.672967e-01
  3.8000e+01     7.672967e-01
  3.8142e+01     7.672967e-01
  3.8285e+01     7.672967e-01
  3.8428e+01     7.672967e-01
  3.8571e+01     7.672967e-01
  3.8714e+01     7.672967e-01
  3.8857e+01     7.672967e-01
  3.9000e+01     7.672967e-01
  3.9142e+01     7.672967e-01
  3.9285e+01     7.672967e-01
  3.9428e+01     7.672967e-01
  3.9571e+01     7.672967e-01
  3.9714e+01     7.672967e-01
  3.9857e+01     7.672967e-01
  4.0000e+01     7.672967e-01
  4.0142e+01     7.672967e-01
  4.0285e+01     7.672967e-01
  4.0428e+01     7.672967e-01
  4.0571e+01     7.672967e-01
  4.0714e+01     7.672967e-01
  4.0857e+01     7.672967e-01
  4.1000e+01     7.672967e-01
  4.1142e+01     7.672967e-01
  4.1285e+01     7.672967e-01
  4.1428e+01     7.672967e-01
  4.1571e+01     7.672967e-01
  4.1714e+01     7.672967e-01
  4.1857e+01     7.672967e-01
  4.2000e+01     7.672967e-01
  4.2142e+01     7.672967e-01
  4.2285e+01     7.672967e-01
  4.2428e+01     7.672967e-01
  4.2571e+01     7.672967e-01
  4.2714e+01     7.672967e-01
  4.2857e+01     7.672967e-01
  4.3000e+01     7.672967e-01
  4.3142e+01     7.672967e-01
  4.3285e+01     7.672967e-01
  4.3428e+01     7.672967e-01
  4.3571e+01     7.672967e-01
  4.3714e+01     7.672967e-01
  4.3857e+01     7.672967e-01
  4.4000e+01     7.672967e-01
  4.4142e+01     7.672967e-01
  4.4285e+01     7.672967e-01
  4.4428e+01     7.672967e-01
  4.4571e+01     7.672967e-01
  4.4714e+01     7.672967e-01
  4.4857e+01     7.672967e-01
  4.5000e+01     7.672967e-01
  4.5142e+01     7.672967e-01
  4.5285e+01     7.672967e-01
  4.5428e+01     7.672967e-01
  4.5571e+01     7.672967e-01
  4.5714e+01     7.672967e-01
  4.5857e+01     7.672967e-01
  4.6000e+01     7.672967e-01
  4.6142e+01     7.672967e-01
  4.6285e+01     7.672967e-01
  4.6428e+01     7.672967e-01
  4.6571e+01     7.672967e-01
  4.6714e+01     7.672967e-01
  4.6857e+01     7.672967e-01
  4.7000e+01     7.672967e-01
  4.7142e+01     7.672967e-01
  4.7285e+01     7.672967e-01
  4.7428e+01     7.672967e-01
  4.7571e+01     7.672967e-01
  4.7714e+01     7.672967e-01
  4.7857e+01     7.672967e-01
  4.8000e+01     7.672967e-01
  4.8142e+01     7.672967e-01
  4.8285e+01     7.672967e-01
  4.8428e+01     7.672967e-01
  4.8571e+01     7.672967e-01
  4.8714e+01     7.672967e-01
  4.8857e+01     7.672967e-01
  4.9000e+01     7.672967e-01
  4.9142e+01     7.672967e-01
  4.9285e+01     7.672967e-01
  4.9428e+01     7.672967e-01
  4.9571e+01     7.672967e-01
  4.9714e+01     7.672967e-01
  4.9857e+01     7.672967e-01
  5.0000e+01     7.672967e-01
  5.0142e+01     7.672967e-01
  5.0285e+01     7.672967e-01
  5.0428e+01     7.672967e-01
  5.0571e+01     7.672967e-01
  5.0714e+01     7.672967e-01
  5.0857e+01     7.672967e-01
  5.1000e+01     7.672967e-01
  5.1142e+01     7.672967e-01
  5.1285e+01     7.672967e-01
  5.1428e+01     7.672967e-01
  5.1571e+01     7.672967e-01
  5.1714e+01     7.672967e-01
  5.1857e+01     7.672967e-01
  5.2000e+01     7.672967e-01
  5.2142e+01     7.672967e-01
  5.2285e+01     7.672967e-01
  5.2428e+01     7.672967e-01
  5.2571e+01     7.672967e-01
  5.2714e+01     7.672967e-01
  5.2857e+01     7.672967e-01
  5.3000e+01     7.672967e-01
  5.3142e+01     7.672967e-01
  5.3285e+01     7.672967e-01
  5.3428e+01     7.672967e-01
  5.3571e+01     7.672967e-01
  5.3714e+01     7.672967e-01
  5.3857e+01     7.672967e-01
  5.4000e+01     7.672967e-01
  5.4142e+01     7.672967e-01
  5.4285e+01     7.672967e-01
  5.4428e+01     7.672967e-01
  5.4571e+01     7.672967e-01
  5.4714e+01     7.672967e-01
  5.4857e+01     7.672967e-01
  5.5000e+01     7.672967e-01
  5.5142e+01     7.672967e-01
  5.5285e+01     7.672967e-01
  5.5428e+01     7.672967e-01
  5.5571e+01     7.672967e-01
  5.5714e+01     7.672967e-01
  5.5857e+01     7.672967e-01
  5.6000e+01     7.672967e-01
  5.6142e+01     7.672967e-01
  5.6285e+01     7.672967e-01
  5.6428e+01     7.672967e-01
  5.6571e+01     7.672967e-01
  5.6714e+01     7.672967e-01
  5.6857e+01     7.672967e-01
  5.7000e+01     7.672967e-01
  5.7142e+01     7.672967e-01
  5.7285e+01     7.672967e-01
  5.7428e+01     7.672967e-01
  5.7571e+01     7.672967e-01
  5.7714e+01     7.672967e-01
  5.7857e+01     7.672967e-01
  5.8000e+01     7.672967e-01
  5.8142e+01     7.672967e-01
  5.8285e+01     7.672967e-01
  5.8428e+01     7.672967e-01
  5.8571e+01     7.672967e-01
  5.8714e+01     7.672967e-01
  5.8857e+01     7.672967e-01
  5.9000e+01     7.672967e-01
  5.9142e+01     7.672967e-01
  5.9285e+01     7.672967e-01
  5.9428e+01     7.672967e-01
  5.9571e+01     7.672967e-01
  5.9714e+01     7.672967e-01
  5.9857e+01     7.672967e-01
  6.0000e+01     7.672967e-01
  6.0142e+01     7.672967e-01
  6.0285e+01     7.672967e-01
  6.0428e+01     7.672967e-01
  6.0571e+01     7.672967e-01
  6.0714e+01     7.672967e-01
  6.0857e+01     7.672967e-01
  6.1000e+01     7.672967e-01
  6.1142e+01     7.672967e-01
  6.1285e+01     7.672967e-01
  6.1428e+01     7.672967e-01
  6.1571e+01     7.672967e-01
  6.1714e+01     7.672967e-01
  6.1857e+01     7.672967e-01
  6.2000e+01     7.672967e-01
  6.2142e+01     7.672967e-01
  6.2285e+01     7.672967e-01
  6.2428e+01     7.672967e-01
  6.2571e+01     7.672967e-01
  6.2714e+01     7.672967e-01
  6.2857e+01     7.672967e-01
  6.3000e+01     7.672967e-01
  6.3142e+01     7.672967e-01
  6.3285e+01     7.672967e-01
  6.3428e+01     7.672967e-01
  6.3571e+01     7.672967e-01
  6.3714e+01     7.672967e-01
  6.3857e+01     7.672967e-01
  6.4000e+01     7.672967e-01
  6.4142e+01     7.672967e-01
  6.4285e+01     7.672967e-01
  6.4428e+01     7.672967e-01
  6.4571e+01     7.672967e-01
  6.4714e+01     7.672967e-01
  6.4857e+01     7.672967e-01
  6.5000e+01     7.672967e-01
  6.5142e+01     7.672967e-01
  6.5285e+01     7.672967e-01
  6.5428e+01     7.672967e-01
  6.5571e+01     7.672967e-01
  6.5714e+01     7.672967e-01
  6.5857e+01     7.672967e-01
  6.6000e+01     7.672967e-01
  6.6142e+01     7.672967e-01
  6.6285e+01     7.672967e-01
  6.6428e+01     7.672967e-01
  6.6571e+01     7.672967e-01
  6.6714e+01     7.672967e-01
  6.6857e+01     7.672967e-01
  6.7000e+01     7.672967e-01
  6.7142e+01     7.672967e-01
  6.7285e+01     7.672967e-01
  6.7428e+01     7.672967e-01
  6.7571e+01     7.672967e-01
  6.7714e+01     7.672967e-01
  6.7857e+01     7.672967e-01
  6.8000e+01     7.672967e-01
  6.8142e+01     7.672967e-01
  6.8285e+01     7.672967e-01
  6.8428e+01     7.672967e-01
  6.8571e+01     7.672967e-01
  6.8714e+01     7.672967e-01
  6.8857e+01     7.672967e-01
  6.9000e+01     7.672967e-01
  6.9142e+01     7.672967e-01
  6.9285e+01     7.672967e-01
  6.9428e+01     7.672967e-01
  6.9571e+01     7.672967e-01
  6.9714e+01     7.672967e-01
  6.9857e+01     7.672967e-01
  7.0000e+01     7.672967e-01
  7.0142e+01     7.672967e-01
  7.0285e+01     7.672967e-01
  7.0428e+01     7.672967e-01
  7.0571e+01     7.672967e-01
  7.0714e+01     7.672967e-01
  7.0857e+01     7.672967e-01
  7.1000e+01     7.672967e-01
  7.1142e+01     7.672967e-01
  7.1285e+01     7.672967e-01
  7.1428e+01     7.672967e-01
  7.1571e+01     7.672967e-01
  7.1714e+01     7.672967e-01
  7.1857e+01     7.672967e-01
  7.2000e+01     7.672967e-01
  7.2142e+01     7.672967e-01
  7.2285e+01     7.672967e-01
  7.2428e+01     7.672967e-01
  7.2571e+01     7.672967e-01
  7.2714e+01     7.672967e-01
  7.2857e+01     7.672967e-01
  7.3000e+01     7.672967e-01
  7.3142e+01     7.672967e-01
  7.3285e+01     7.672967e-01
  7.3428e+01     7.672967e-01
  7.3571e+01     7.672967e-01
  7.3714e+01     7.672967e-01
  7.3857e+01     7.672967e-01
  7.4000e+01     7.672967e-01
  7.4142e+01     7.672967e-01
  7.4285e+01     7.672967e-01
  7.4428e+01     7.672967e-01
  7.4571e+01     7.672967e-01
  7.4714e+01     7.672967e-01
  7.4857e+01     7.672967e-01
  7.5000e+01     7.672967e-01
  7.5142e+01     7.672967e-01
  7.5285e+01     7.672967e-01
  7.5428e+01     7.672967e-01
  7.5571e+01     7.672967e-01
  7.5714e+01     7.672967e-01
  7.5857e+01     7.672967e-01
  7.6000e+01     7.672967e-01
  7.6142e+01     7.672967e-01
  7.6285e+01     7.672967e-01
  7.6428e+01     7.672967e-01
  7.6571e+01     7.672967e-01
  7.6714e+01     7.672967e-01
  7.6857e+01     7.672967e-01
  7.7000e+01     7.672967e-01
  7.7142e+01     7.672967e-01
  7.7285e+01     7.672967e-01
  7.7428e+01     7.672967e-01
  7.7571e+01     7.672967e-01
  7.7714e+01     7.672967e-01
  7.7857e+01     7.672967e-01
  7.8000e+01     7.672967e-01
  7.8142e+01     7.672967e-01
  7.8285e+01     7.672967e-01
  7.8428e+01     7.672967e-01
  7.8571e+01     7.672967e-01
  7.8714e+01     7.672967e-01
  7.8857e+01     7.672967e-01
  7.9000e+01     7.672967e-01
  7.9142e+01     7.672967e-01
  7.9285e+01     7.672967e-01
  7.9428e+01     7.672967e-01
  7.9571e+01     7.672967e-01
  7.9714e+01     7.672967e-01
  7.9857e+01     7.672967e-01
  8.0000e+01     7.672967e-01
  8.0142e+01     7.672967e-01
  8.0285e+01     7.672967e-01
  8.0428e+01     7.672967e-01
  8.0571e+01     7.672967e-01
  8.0714e+01     7.672967e-01
  8.0857e+01     7.672967e-01
  8.1000e+01     7.672967e-01
  8.1142e+01     7.672967e-01
  8.1285e+01     7.672967e-01
  8.1428e+01     7.672967e-01
  8.1571e+01     7.672967e-01
  8.1714e+01     7.672967e-01
  8.1857e+01     7.672967e-01
  8.2000e+01     7.672967e-01
  8.2142e+01     7.672967e-01
  8.2285e+01     7.672967e-01
  8.2428e+01     7.672967e-01
  8.2571e+01     7.672967e-01
  8.2714e+01     7.672967e-01
  8.2857e+01     7.672967e-01
  8.3000e+01     7.672967e-01
  8.3142e+01     7.672967e-01
  8.3285e+01     7.672967e-01
  8.3428e+01     7.672967e-01
  8.3571e+01     7.672967e-01
  8.3714e+01     7.672967e-01
  8.3857e+01     7.672967e-01
  8.4000e+01     7.672967e-01
  8.4142e+01     7.672967e-01
  8.4285e+01     7.672967e-01
  8.4428e+01     7.672967e-01
  8.4571e+01     7.672967e-01
  8.4714e+01     7.672967e-01
  8.4857e+01     7.672967e-01
  8.5000e+01     7.672967e-01
  8.5142e+01     7.672967e-01
  8.5285e+01     7.672967e-01
  8.5428e+01     7.672967e-01
  8.5571e+01     7.672967e-01
  8.5714e+01     7.672967e-01
  8.5857e+01     7.672967e-01
  8.6000e+01     7.672967e-01
  8.6142e+01     7.672967e-01
  8.6285e+01     7.672967e-01
  8.6428e+01     7.672967e-01
  8.6571e+01     7.672967e-01
  8.6714e+01     7.672967e-01
  8.6857e+01     7.672967e-01
  8.7000e+01     7.672967e-01
  8.7142e+01     7.672967e-01
  8.7285e+01     7.672967e-01
  8.7428e+01     7.672967e-01
  8.7571e+01     7.672967e-01
  8.7714e+01     7.672967e-01
  8.7857e+01     7.672967e-01
  8.8000e+01     7.672967e-01
  8.8142e+01     7.672967e-01
  8.8285e+01     7.672967e-01
  8.8428e+01     7.672967e-01
  8.8571e+01     7.672967e-01
  8.8714e+01     7.672967e-01
  8.8857e+01     7.672967e-01
  8.9000e+01     7.672967e-01
  8.9142e+01     7.672967e-01
  8.9285e+01     7.672967e-01
  8.9428e+01     7.672967e-01
  8.9571e+01     7.672967e-01
  8.9714e+01     7.672967e-01
  8.9857e+01     7.672967e-01
  9.0000e+01     7.672967e-01
  9.0142e+01     7.672967e-01
  9.0285e+01     7.672967e-01
  9.0428e+01     7.672967e-01
  9.0571e+01     7.672967e-01
  9.0714e+01     7.672967e-01
  9.0857e+01     7.672967e-01
  9.1000e+01     7.672967e-01
  9.1142e+01     7.672967e-01
  9.1285e+01     7.672967e-01
  9.1428e+01     7.672967e-01
  9.1571e+01     7.672967e-01
  9.1714e+01     7.672967e-01
  9.1857e+01     7.672967e-01
  9.2000e+01     7.672967e-01
  9.2142e+01     7.672967e-01
  9.2285e+01     7.672967e-01
  9.2428e+01     7.672967e-01
  9.2571e+01     7.672967e-01
  9.2714e+01     7.672967e-01
  9.2857e+01     7.672967e-01
  9.3000e+01     7.672967e-01
  9.3142e+01     7.672967e-01
  9.3285e+01     7.672967e-01
  9.3428e+01     7.672967e-01
  9.3571e+01     7.672967e-01
  9.3714e+01     7.672967e-01
  9.3857e+01     7.672967e-01
  9.4000e+01     7.672967e-01
  9.4142e+01     7.672967e-01
  9.4285e+01     7.672967e-01
  9.4428e+01     7.672967e-01
  9.4571e+01     7.672967e-01
  9.4714e+01     7.672967e-01
  9.4857e+01     7.672967e-01
  9.5000e+01     7.672967e-01
  9.5142e+01     7.672967e-01
  9.5285e+01     7.672967e-01
  9.5428e+01     7.672967e-01
  9.5571e+01     7.672967e-01
  9.5714e+01     7.672967e-01
  9.5857e+01     7.672967e-01
  9.6000e+01     7.672967e-01
  9.6142e+01     7.672967e-01
  9.6285e+01     7.672967e-01
  9.6428e+01     7.672967e-01
  9.6571e+01     7.672967e-01
  9.6714e+01     7.672967e-01
  9.6857e+01     7.672967e-01
  9.7000e+01     7.672967e-01
  9.7142e+01     7.672967e-01
  9.7285e+01     7.672967e-01
  9.7428e+01     7.672967e-01
  9.7571e+01     7.672967e-01
  9.7714e+01     7.672967e-01
  9.7857e+01     7.672967e-01
  9.8000e+01     7.672967e-01
  9.8142e+01     7.672967e-01
  9.8285e+01     7.672967e-01
  9.8428e+01     7.672967e-01
  9.8571e+01     7.672967e-01
  9.8714e+01     7.672967e-01
  9.8857e+01     7.672967e-01
  9.9000e+01     7.672967e-01
  9.9142e+01     7.672967e-01
  9.9285e+01     7.672967e-01
  9.9428e+01     7.672967e-01
  9.9571e+01     7.672967e-01
  9.9714e+01     7.672967e-01
  9.9857e+01     7.672967e-01
  1.0000e+02     7.672967e-01
  1.0014e+02     7.672967e-01
  1.0028e+02     7.672967e-01
  1.0042e+02     7.672967e-01
  1.0057e+02     7.672967e-01
  1.0071e+02     7.672967e-01
  1.0085e+02     7.672967e-01
  1.0100e+02     7.672967e-01
  1.0114e+02     7.672967e-01
  1.0128e+02     7.672967e-01
  1.0142e+02     7.672967e-01
  1.0157e+02     7.672967e-01
  1.0171e+02     7.672967e-01
  1.0185e+02     7.672967e-01
  1.0200e+02     7.672967e-01
  1.0214e+02     7.672967e-01
  1.0228e+02     7.672967e-01
  1.0242e+02     7.672967e-01
  1.0257e+02     7.672967e-01
  1.0271e+02     7.672967e-01
  1.0285e+02     7.672967e-01
  1.0300e+02     7.672967e-01
  1.0314e+02     7.672967e-01
  1.0328e+02     7.672967e-01
  1.0342e+02     7.672967e-01
  1.0357e+02     7.672967e-01
  1.0371e+02     7.672967e-01
  1.0385e+02     7.672967e-01
  1.0400e+02     7.672967e-01
  1.0414e+02     7.672967e-01
