# Epidemic | recovered immune individuals [ x-unit: transmission cycles | y-unit: ]
# ==============================================================================
  0.0000e+00     0.000000e+00
  1.4286e-01     1.948644e-06
  2.8571e-01     4.228422e-06
  4.2857e-01     6.895603e-06
  5.7143e-01     1.001602e-05
  7.1429e-01     1.366668e-05
  8.5714e-01     1.793770e-05
  1.0000e+00     2.293448e-05
  1.1428e+00     2.878034e-05
  1.2857e+00     3.561958e-05
  1.4285e+00     4.362096e-05
  1.5714e+00     5.298197e-05
  1.7142e+00     6.393362e-05
  1.8571e+00     7.674618e-05
  2.0000e+00     9.173582e-05
  2.1428e+00     1.092724e-04
  2.2857e+00     1.297887e-04
  2.4285e+00     1.537909e-04
  2.5714e+00     1.818712e-04
  2.7142e+00     2.147224e-04
  2.8571e+00     2.531548e-04
  3.0000e+00     2.981164e-04
  3.1428e+00     3.507161e-04
  3.2857e+00     4.122510e-04
  3.4285e+00     4.842384e-04
  3.5714e+00     5.684527e-04
  3.7142e+00     6.669697e-04
  3.8571e+00     7.822167e-04
  4.0000e+00     9.170325e-04
  4.1428e+00     1.074737e-03
  4.2857e+00     1.259212e-03
  4.4285e+00     1.474996e-03
  4.5714e+00     1.727394e-03
  4.7142e+00     2.022610e-03
  4.8571e+00     2.367892e-03
  5.0000e+00     2.771710e-03
  5.1428e+00     3.243962e-03
  5.2857e+00     3.796206e-03
  5.4285e+00     4.441941e-03
  5.5714e+00     5.196924e-03
  5.7142e+00     6.079542e-03
  5.8571e+00     7.111242e-03
  6.0000e+00     8.317023e-03
  6.1428e+00     9.726016e-03
  6.2857e+00     1.137213e-02
  6.4285e+00     1.329481e-02
  6.5714e+00     1.553990e-02
  6.7142e+00     1.816061e-02
  6.8571e+00     2.121861e-02
  7.0000e+00     2.478527e-02
  7.1428e+00     2.894301e-02
  7.2857e+00     3.378684e-02
  7.4285e+00     3.942591e-02
  7.5714e+00     4.598528e-02
  7.7142e+00     5.360765e-02
  7.8571e+00     6.245510e-02
  8.0000e+00     7.271071e-02
  8.1428e+00     8.457984e-02
  8.2857e+00     9.829102e-02
  8.4285e+00     1.140959e-01
  8.5714e+00     1.322680e-01
  8.7142e+00     1.530999e-01
  8.8571e+00     1.768979e-01
  9.0000e+00     2.039734e-01
  9.1428e+00     2.346304e-01
  9.2857e+00     2.691479e-01
  9.4285e+00     3.077557e-01
  9.5714e+00     3.506041e-01
  9.7142e+00     3.977255e-01
  9.8571e+00     4.489897e-01
  1.0000e+01     5.040549e-01
  1.0142e+01     5.623179e-01
  1.0285e+01     6.228715e-01
  1.0428e+01     6.844788e-01
  1.0571e+01     7.455790e-01
  1.0714e+01     8.043395e-01
  1.0857e+01     8.587673e-01
  1.1000e+01     9.068858e-01
  1.1142e+01     9.469635e-01
  1.1285e+01     9.777469e-01
  1.1428e+01     9.985147e-01
