# Epidemic | 7 days incidence [ x-unit: transmission cycles | y-unit: ]
# ==============================================================================
  0.0000e+00     1.000000e-05
  1.4286e-01     9.999999e-06
  2.8571e-01     9.999995e-06
  4.2857e-01     9.999989e-06
  5.7143e-01     9.999980e-06
  7.1429e-01     9.999969e-06
  8.5714e-01     9.999955e-06
  1.0000e+00     9.999938e-06
  1.1428e+00     9.999923e-06
  1.2857e+00     9.999906e-06
  1.4285e+00     9.999888e-06
  1.5714e+00     9.999868e-06
  1.7142e+00     9.999848e-06
  1.8571e+00     9.999826e-06
  2.0000e+00     9.999802e-06
  2.1428e+00     9.999778e-06
  2.2857e+00     9.999752e-06
  2.4285e+00     9.999725e-06
  2.5714e+00     9.999696e-06
  2.7142e+00     9.999666e-06
  2.8571e+00     9.999635e-06
  3.0000e+00     9.999603e-06
  3.1428e+00     9.999558e-06
  3.2857e+00     9.999510e-06
  3.4285e+00     9.999459e-06
  3.5714e+00     9.999405e-06
  3.7142e+00     9.999349e-06
  3.8571e+00     9.999290e-06
  4.0000e+00     9.999229e-06
  4.1428e+00     9.999165e-06
  4.2857e+00     9.999099e-06
  4.4285e+00     9.999030e-06
  4.5714e+00     9.998959e-06
  4.7142e+00     9.998885e-06
  4.8571e+00     9.998808e-06
  5.0000e+00     9.998729e-06
  5.1428e+00     9.998648e-06
  5.2857e+00     9.998563e-06
  5.4285e+00     9.998477e-06
  5.5714e+00     9.998387e-06
  5.7142e+00     9.998296e-06
  5.8571e+00     9.998201e-06
  6.0000e+00     9.998104e-06
  6.1428e+00     9.998005e-06
  6.2857e+00     9.997903e-06
  6.4285e+00     9.997798e-06
  6.5714e+00     9.997691e-06
  6.7142e+00     9.997582e-06
  6.8571e+00     9.997469e-06
  7.0000e+00     9.997355e-06
  7.1428e+00     9.997237e-06
  7.2857e+00     9.997117e-06
  7.4285e+00     9.996995e-06
  7.5714e+00     9.996870e-06
  7.7142e+00     9.996743e-06
  7.8571e+00     9.996612e-06
  8.0000e+00     9.996480e-06
  8.1428e+00     9.996345e-06
  8.2857e+00     9.996207e-06
  8.4285e+00     9.996067e-06
  8.5714e+00     9.995924e-06
  8.7142e+00     9.995779e-06
  8.8571e+00     9.995631e-06
  9.0000e+00     9.995480e-06
  9.1428e+00     9.995327e-06
  9.2857e+00     9.995172e-06
  9.4285e+00     9.995014e-06
  9.5714e+00     9.994853e-06
  9.7142e+00     9.994690e-06
  9.8571e+00     9.994524e-06
  1.0000e+01     9.994356e-06
  1.0142e+01     9.994185e-06
  1.0285e+01     9.994012e-06
  1.0428e+01     9.993836e-06
  1.0571e+01     9.993658e-06
  1.0714e+01     9.993477e-06
  1.0857e+01     9.993293e-06
  1.1000e+01     9.993107e-06
  1.1142e+01     9.992918e-06
  1.1285e+01     9.992727e-06
  1.1428e+01     9.992534e-06
  1.1571e+01     9.992337e-06
  1.1714e+01     9.992139e-06
  1.1857e+01     9.991937e-06
  1.2000e+01     9.991733e-06
  1.2142e+01     9.991527e-06
  1.2285e+01     9.991318e-06
  1.2428e+01     9.991106e-06
  1.2571e+01     9.990892e-06
  1.2714e+01     9.990676e-06
  1.2857e+01     9.990457e-06
  1.3000e+01     9.990235e-06
  1.3142e+01     9.990011e-06
  1.3285e+01     9.989784e-06
  1.3428e+01     9.989555e-06
  1.3571e+01     9.989323e-06
  1.3714e+01     9.989089e-06
  1.3857e+01     9.988852e-06
  1.4000e+01     9.988612e-06
  1.4142e+01     9.988370e-06
  1.4285e+01     9.988126e-06
  1.4428e+01     9.987879e-06
  1.4571e+01     9.987629e-06
  1.4714e+01     9.987377e-06
  1.4857e+01     9.987122e-06
  1.5000e+01     9.986865e-06
  1.5142e+01     9.986605e-06
  1.5285e+01     9.986343e-06
  1.5428e+01     9.986078e-06
  1.5571e+01     9.985811e-06
  1.5714e+01     9.985541e-06
  1.5857e+01     9.985268e-06
  1.6000e+01     9.984993e-06
  1.6142e+01     9.984716e-06
  1.6285e+01     9.984436e-06
  1.6428e+01     9.984153e-06
  1.6571e+01     9.983868e-06
  1.6714e+01     9.983580e-06
  1.6857e+01     9.983290e-06
  1.7000e+01     9.982997e-06
  1.7142e+01     9.982702e-06
  1.7285e+01     9.982404e-06
  1.7428e+01     9.982104e-06
  1.7571e+01     9.981801e-06
  1.7714e+01     9.981496e-06
  1.7857e+01     9.981188e-06
  1.8000e+01     9.980877e-06
  1.8142e+01     9.980564e-06
  1.8285e+01     9.980249e-06
  1.8428e+01     9.979931e-06
  1.8571e+01     9.979610e-06
  1.8714e+01     9.979287e-06
  1.8857e+01     9.978961e-06
  1.9000e+01     9.978633e-06
  1.9142e+01     9.978302e-06
  1.9285e+01     9.977969e-06
  1.9428e+01     9.977633e-06
  1.9571e+01     9.977295e-06
  1.9714e+01     9.976954e-06
  1.9857e+01     9.976611e-06
  2.0000e+01     9.976265e-06
  2.0142e+01     9.975916e-06
  2.0285e+01     9.975566e-06
  2.0428e+01     9.975212e-06
  2.0571e+01     9.974856e-06
  2.0714e+01     9.974498e-06
  2.0857e+01     9.974136e-06
  2.1000e+01     9.973773e-06
  2.1142e+01     9.973407e-06
  2.1285e+01     9.973038e-06
  2.1428e+01     9.972667e-06
  2.1571e+01     9.972293e-06
  2.1714e+01     9.971917e-06
  2.1857e+01     9.971538e-06
  2.2000e+01     9.971157e-06
  2.2142e+01     9.970773e-06
  2.2285e+01     9.970387e-06
  2.2428e+01     9.969998e-06
  2.2571e+01     9.969607e-06
  2.2714e+01     9.969213e-06
  2.2857e+01     9.968817e-06
  2.3000e+01     9.968418e-06
  2.3142e+01     9.968016e-06
  2.3285e+01     9.967613e-06
  2.3428e+01     9.967206e-06
  2.3571e+01     9.966797e-06
  2.3714e+01     9.966386e-06
  2.3857e+01     9.965972e-06
  2.4000e+01     9.965555e-06
  2.4142e+01     9.965136e-06
  2.4285e+01     9.964715e-06
  2.4428e+01     9.964290e-06
  2.4571e+01     9.963864e-06
  2.4714e+01     9.963435e-06
  2.4857e+01     9.963003e-06
  2.5000e+01     9.962569e-06
  2.5142e+01     9.962132e-06
  2.5285e+01     9.961693e-06
  2.5428e+01     9.961252e-06
  2.5571e+01     9.960807e-06
  2.5714e+01     9.960361e-06
  2.5857e+01     9.959912e-06
  2.6000e+01     9.959460e-06
  2.6142e+01     9.959006e-06
  2.6285e+01     9.958549e-06
  2.6428e+01     9.958090e-06
  2.6571e+01     9.957628e-06
  2.6714e+01     9.957164e-06
  2.6857e+01     9.956697e-06
  2.7000e+01     9.956228e-06
  2.7142e+01     9.955756e-06
  2.7285e+01     9.955281e-06
  2.7428e+01     9.954805e-06
  2.7571e+01     9.954325e-06
  2.7714e+01     9.953844e-06
  2.7857e+01     9.953359e-06
  2.8000e+01     9.952872e-06
  2.8142e+01     9.952383e-06
  2.8285e+01     9.951891e-06
  2.8428e+01     9.951397e-06
  2.8571e+01     9.950900e-06
  2.8714e+01     9.950401e-06
  2.8857e+01     9.949899e-06
  2.9000e+01     9.949395e-06
  2.9142e+01     9.948888e-06
  2.9285e+01     9.948378e-06
  2.9428e+01     9.947867e-06
  2.9571e+01     9.947352e-06
  2.9714e+01     9.946835e-06
  2.9857e+01     9.946316e-06
  3.0000e+01     9.945794e-06
  3.0142e+01     9.945270e-06
  3.0285e+01     9.944743e-06
  3.0428e+01     9.944214e-06
  3.0571e+01     9.943682e-06
  3.0714e+01     9.943148e-06
  3.0857e+01     9.942611e-06
  3.1000e+01     9.942072e-06
  3.1142e+01     9.941530e-06
  3.1285e+01     9.940986e-06
  3.1428e+01     9.940439e-06
  3.1571e+01     9.939889e-06
  3.1714e+01     9.939338e-06
  3.1857e+01     9.938783e-06
  3.2000e+01     9.938227e-06
  3.2142e+01     9.937668e-06
  3.2285e+01     9.937106e-06
  3.2428e+01     9.936542e-06
  3.2571e+01     9.935975e-06
  3.2714e+01     9.935406e-06
  3.2857e+01     9.934834e-06
  3.3000e+01     9.934260e-06
  3.3142e+01     9.933683e-06
  3.3285e+01     9.933104e-06
  3.3428e+01     9.932523e-06
  3.3571e+01     9.931938e-06
  3.3714e+01     9.931352e-06
  3.3857e+01     9.930763e-06
  3.4000e+01     9.930171e-06
  3.4142e+01     9.929577e-06
  3.4285e+01     9.928981e-06
  3.4428e+01     9.928382e-06
  3.4571e+01     9.927780e-06
  3.4714e+01     9.927176e-06
  3.4857e+01     9.926570e-06
  3.5000e+01     9.925961e-06
  3.5142e+01     9.925350e-06
  3.5285e+01     9.924736e-06
  3.5428e+01     9.924120e-06
  3.5571e+01     9.923501e-06
  3.5714e+01     9.922880e-06
  3.5857e+01     9.922256e-06
  3.6000e+01     9.921630e-06
  3.6142e+01     9.921001e-06
  3.6285e+01     9.920370e-06
  3.6428e+01     9.919736e-06
  3.6571e+01     9.919100e-06
  3.6714e+01     9.918461e-06
  3.6857e+01     9.917820e-06
  3.7000e+01     9.917177e-06
  3.7142e+01     9.916531e-06
  3.7285e+01     9.915882e-06
  3.7428e+01     9.915232e-06
  3.7571e+01     9.914578e-06
  3.7714e+01     9.913922e-06
  3.7857e+01     9.913264e-06
  3.8000e+01     9.912603e-06
  3.8142e+01     9.911940e-06
  3.8285e+01     9.911274e-06
  3.8428e+01     9.910606e-06
  3.8571e+01     9.909935e-06
  3.8714e+01     9.909262e-06
  3.8857e+01     9.908587e-06
  3.9000e+01     9.907909e-06
  3.9142e+01     9.907228e-06
  3.9285e+01     9.906545e-06
  3.9428e+01     9.905860e-06
  3.9571e+01     9.905172e-06
  3.9714e+01     9.904482e-06
  3.9857e+01     9.903789e-06
  4.0000e+01     9.903094e-06
  4.0142e+01     9.902396e-06
  4.0285e+01     9.901696e-06
  4.0428e+01     9.900994e-06
  4.0571e+01     9.900289e-06
  4.0714e+01     9.899581e-06
  4.0857e+01     9.898871e-06
  4.1000e+01     9.898159e-06
  4.1142e+01     9.897444e-06
  4.1285e+01     9.896727e-06
  4.1428e+01     9.896007e-06
  4.1571e+01     9.895285e-06
  4.1714e+01     9.894560e-06
  4.1857e+01     9.893833e-06
  4.2000e+01     9.893104e-06
  4.2142e+01     9.892372e-06
  4.2285e+01     9.891637e-06
  4.2428e+01     9.890901e-06
  4.2571e+01     9.890161e-06
  4.2714e+01     9.889420e-06
  4.2857e+01     9.888676e-06
  4.3000e+01     9.887929e-06
  4.3142e+01     9.887180e-06
  4.3285e+01     9.886428e-06
  4.3428e+01     9.885675e-06
  4.3571e+01     9.884918e-06
  4.3714e+01     9.884159e-06
  4.3857e+01     9.883398e-06
  4.4000e+01     9.882635e-06
  4.4142e+01     9.881869e-06
  4.4285e+01     9.881100e-06
  4.4428e+01     9.880329e-06
  4.4571e+01     9.879556e-06
  4.4714e+01     9.878780e-06
  4.4857e+01     9.878002e-06
  4.5000e+01     9.877221e-06
  4.5142e+01     9.876438e-06
  4.5285e+01     9.875652e-06
  4.5428e+01     9.874864e-06
  4.5571e+01     9.874074e-06
  4.5714e+01     9.873281e-06
  4.5857e+01     9.872486e-06
  4.6000e+01     9.871688e-06
  4.6142e+01     9.870888e-06
  4.6285e+01     9.870086e-06
  4.6428e+01     9.869281e-06
  4.6571e+01     9.868474e-06
  4.6714e+01     9.867664e-06
  4.6857e+01     9.866852e-06
  4.7000e+01     9.866037e-06
  4.7142e+01     9.865220e-06
  4.7285e+01     9.864401e-06
  4.7428e+01     9.863579e-06
  4.7571e+01     9.862755e-06
  4.7714e+01     9.861928e-06
  4.7857e+01     9.861099e-06
  4.8000e+01     9.860267e-06
  4.8142e+01     9.859433e-06
  4.8285e+01     9.858597e-06
  4.8428e+01     9.857758e-06
  4.8571e+01     9.856917e-06
  4.8714e+01     9.856074e-06
  4.8857e+01     9.855228e-06
  4.9000e+01     9.854379e-06
  4.9142e+01     9.853529e-06
  4.9285e+01     9.852675e-06
  4.9428e+01     9.851820e-06
  4.9571e+01     9.850962e-06
  4.9714e+01     9.850102e-06
  4.9857e+01     9.849239e-06
  5.0000e+01     9.848374e-06
  5.0142e+01     9.847506e-06
  5.0285e+01     9.846636e-06
  5.0428e+01     9.845764e-06
  5.0571e+01     9.844889e-06
  5.0714e+01     9.844012e-06
  5.0857e+01     9.843132e-06
  5.1000e+01     9.842250e-06
  5.1142e+01     9.841366e-06
  5.1285e+01     9.840479e-06
  5.1428e+01     9.839590e-06
  5.1571e+01     9.838699e-06
  5.1714e+01     9.837805e-06
  5.1857e+01     9.836908e-06
  5.2000e+01     9.836010e-06
  5.2142e+01     9.835109e-06
  5.2285e+01     9.834205e-06
  5.2428e+01     9.833299e-06
  5.2571e+01     9.832391e-06
  5.2714e+01     9.831480e-06
  5.2857e+01     9.830567e-06
  5.3000e+01     9.829652e-06
  5.3142e+01     9.828734e-06
  5.3285e+01     9.827814e-06
  5.3428e+01     9.826892e-06
  5.3571e+01     9.825967e-06
  5.3714e+01     9.825039e-06
  5.3857e+01     9.824110e-06
  5.4000e+01     9.823178e-06
  5.4142e+01     9.822243e-06
  5.4285e+01     9.821307e-06
  5.4428e+01     9.820367e-06
  5.4571e+01     9.819426e-06
  5.4714e+01     9.818482e-06
  5.4857e+01     9.817536e-06
  5.5000e+01     9.816587e-06
  5.5142e+01     9.815636e-06
  5.5285e+01     9.814683e-06
  5.5428e+01     9.813727e-06
  5.5571e+01     9.812769e-06
  5.5714e+01     9.811808e-06
  5.5857e+01     9.810846e-06
  5.6000e+01     9.809880e-06
  5.6142e+01     9.808913e-06
  5.6285e+01     9.807943e-06
  5.6428e+01     9.806971e-06
  5.6571e+01     9.805996e-06
  5.6714e+01     9.805019e-06
  5.6857e+01     9.804040e-06
  5.7000e+01     9.803058e-06
  5.7142e+01     9.802074e-06
  5.7285e+01     9.801088e-06
  5.7428e+01     9.800099e-06
  5.7571e+01     9.799108e-06
  5.7714e+01     9.798114e-06
  5.7857e+01     9.797118e-06
  5.8000e+01     9.796120e-06
  5.8142e+01     9.795120e-06
  5.8285e+01     9.794117e-06
  5.8428e+01     9.793112e-06
  5.8571e+01     9.792104e-06
  5.8714e+01     9.791094e-06
  5.8857e+01     9.790082e-06
  5.9000e+01     9.789067e-06
  5.9142e+01     9.788051e-06
  5.9285e+01     9.787031e-06
  5.9428e+01     9.786010e-06
  5.9571e+01     9.784986e-06
  5.9714e+01     9.783960e-06
  5.9857e+01     9.782931e-06
  6.0000e+01     9.781900e-06
  6.0142e+01     9.780867e-06
  6.0285e+01     9.779831e-06
  6.0428e+01     9.778793e-06
  6.0571e+01     9.777753e-06
  6.0714e+01     9.776710e-06
  6.0857e+01     9.775665e-06
  6.1000e+01     9.774618e-06
  6.1142e+01     9.773569e-06
  6.1285e+01     9.772517e-06
  6.1428e+01     9.771462e-06
  6.1571e+01     9.770406e-06
  6.1714e+01     9.769347e-06
  6.1857e+01     9.768286e-06
  6.2000e+01     9.767222e-06
  6.2142e+01     9.766156e-06
  6.2285e+01     9.765088e-06
  6.2428e+01     9.764018e-06
  6.2571e+01     9.762945e-06
  6.2714e+01     9.761870e-06
  6.2857e+01     9.760792e-06
  6.3000e+01     9.759713e-06
  6.3142e+01     9.758631e-06
  6.3285e+01     9.757546e-06
  6.3428e+01     9.756460e-06
  6.3571e+01     9.755371e-06
  6.3714e+01     9.754279e-06
  6.3857e+01     9.753186e-06
  6.4000e+01     9.752090e-06
  6.4142e+01     9.750992e-06
  6.4285e+01     9.749891e-06
  6.4428e+01     9.748788e-06
  6.4571e+01     9.747683e-06
  6.4714e+01     9.746576e-06
  6.4857e+01     9.745466e-06
  6.5000e+01     9.744354e-06
  6.5142e+01     9.743240e-06
  6.5285e+01     9.742123e-06
  6.5428e+01     9.741004e-06
  6.5571e+01     9.739883e-06
  6.5714e+01     9.738760e-06
  6.5857e+01     9.737634e-06
  6.6000e+01     9.736506e-06
  6.6142e+01     9.735375e-06
  6.6285e+01     9.734243e-06
  6.6428e+01     9.733108e-06
  6.6571e+01     9.731971e-06
  6.6714e+01     9.730831e-06
  6.6857e+01     9.729689e-06
  6.7000e+01     9.728545e-06
  6.7142e+01     9.727399e-06
  6.7285e+01     9.726250e-06
  6.7428e+01     9.725099e-06
  6.7571e+01     9.723946e-06
  6.7714e+01     9.722791e-06
  6.7857e+01     9.721633e-06
  6.8000e+01     9.720473e-06
  6.8142e+01     9.719311e-06
  6.8285e+01     9.718146e-06
  6.8428e+01     9.716979e-06
  6.8571e+01     9.715810e-06
  6.8714e+01     9.714639e-06
  6.8857e+01     9.713465e-06
  6.9000e+01     9.712289e-06
  6.9142e+01     9.711111e-06
  6.9285e+01     9.709931e-06
  6.9428e+01     9.708748e-06
  6.9571e+01     9.707563e-06
  6.9714e+01     9.706376e-06
  6.9857e+01     9.705186e-06
  7.0000e+01     9.703995e-06
  7.0142e+01     9.702801e-06
  7.0285e+01     9.701604e-06
  7.0428e+01     9.700406e-06
  7.0571e+01     9.699205e-06
  7.0714e+01     9.698002e-06
  7.0857e+01     9.696797e-06
  7.1000e+01     9.695589e-06
  7.1142e+01     9.694380e-06
  7.1285e+01     9.693168e-06
  7.1428e+01     9.691953e-06
  7.1571e+01     9.690737e-06
  7.1714e+01     9.689518e-06
  7.1857e+01     9.688297e-06
  7.2000e+01     9.687074e-06
  7.2142e+01     9.685848e-06
  7.2285e+01     9.684621e-06
  7.2428e+01     9.683391e-06
  7.2571e+01     9.682158e-06
  7.2714e+01     9.680924e-06
  7.2857e+01     9.679687e-06
  7.3000e+01     9.678448e-06
  7.3142e+01     9.677207e-06
  7.3285e+01     9.675964e-06
  7.3428e+01     9.674718e-06
  7.3571e+01     9.673470e-06
  7.3714e+01     9.672220e-06
  7.3857e+01     9.670968e-06
  7.4000e+01     9.669714e-06
  7.4142e+01     9.668457e-06
  7.4285e+01     9.667198e-06
  7.4428e+01     9.665937e-06
  7.4571e+01     9.664673e-06
  7.4714e+01     9.663408e-06
  7.4857e+01     9.662140e-06
  7.5000e+01     9.660870e-06
  7.5142e+01     9.659598e-06
  7.5285e+01     9.658323e-06
  7.5428e+01     9.657046e-06
  7.5571e+01     9.655768e-06
  7.5714e+01     9.654486e-06
  7.5857e+01     9.653203e-06
  7.6000e+01     9.651918e-06
  7.6142e+01     9.650630e-06
  7.6285e+01     9.649340e-06
  7.6428e+01     9.648048e-06
  7.6571e+01     9.646753e-06
  7.6714e+01     9.645457e-06
  7.6857e+01     9.644158e-06
  7.7000e+01     9.642857e-06
  7.7142e+01     9.641554e-06
  7.7285e+01     9.640248e-06
  7.7428e+01     9.638941e-06
  7.7571e+01     9.637631e-06
  7.7714e+01     9.636319e-06
  7.7857e+01     9.635005e-06
  7.8000e+01     9.633689e-06
  7.8142e+01     9.632370e-06
  7.8285e+01     9.631050e-06
  7.8428e+01     9.629727e-06
  7.8571e+01     9.628402e-06
  7.8714e+01     9.627074e-06
  7.8857e+01     9.625745e-06
  7.9000e+01     9.624413e-06
  7.9142e+01     9.623079e-06
  7.9285e+01     9.621743e-06
  7.9428e+01     9.620405e-06
  7.9571e+01     9.619065e-06
  7.9714e+01     9.617722e-06
  7.9857e+01     9.616378e-06
  8.0000e+01     9.615031e-06
  8.0142e+01     9.613682e-06
  8.0285e+01     9.612331e-06
  8.0428e+01     9.610977e-06
  8.0571e+01     9.609622e-06
  8.0714e+01     9.608264e-06
  8.0857e+01     9.606904e-06
  8.1000e+01     9.605542e-06
  8.1142e+01     9.604178e-06
  8.1285e+01     9.602811e-06
  8.1428e+01     9.601443e-06
  8.1571e+01     9.600072e-06
  8.1714e+01     9.598699e-06
  8.1857e+01     9.597324e-06
  8.2000e+01     9.595947e-06
  8.2142e+01     9.594568e-06
  8.2285e+01     9.593187e-06
  8.2428e+01     9.591803e-06
  8.2571e+01     9.590417e-06
  8.2714e+01     9.589029e-06
  8.2857e+01     9.587639e-06
  8.3000e+01     9.586247e-06
  8.3142e+01     9.584853e-06
  8.3285e+01     9.583456e-06
  8.3428e+01     9.582058e-06
  8.3571e+01     9.580657e-06
  8.3714e+01     9.579254e-06
  8.3857e+01     9.577849e-06
  8.4000e+01     9.576442e-06
  8.4142e+01     9.575032e-06
  8.4285e+01     9.573621e-06
  8.4428e+01     9.572207e-06
  8.4571e+01     9.570792e-06
  8.4714e+01     9.569374e-06
  8.4857e+01     9.567954e-06
  8.5000e+01     9.566532e-06
  8.5142e+01     9.565107e-06
  8.5285e+01     9.563681e-06
  8.5428e+01     9.562253e-06
  8.5571e+01     9.560822e-06
  8.5714e+01     9.559389e-06
  8.5857e+01     9.557955e-06
  8.6000e+01     9.556518e-06
  8.6142e+01     9.555079e-06
  8.6285e+01     9.553637e-06
  8.6428e+01     9.552194e-06
  8.6571e+01     9.550749e-06
  8.6714e+01     9.549301e-06
  8.6857e+01     9.547852e-06
  8.7000e+01     9.546400e-06
  8.7142e+01     9.544946e-06
  8.7285e+01     9.543490e-06
  8.7428e+01     9.542032e-06
  8.7571e+01     9.540572e-06
  8.7714e+01     9.539110e-06
  8.7857e+01     9.537645e-06
  8.8000e+01     9.536179e-06
  8.8142e+01     9.534710e-06
  8.8285e+01     9.533240e-06
  8.8428e+01     9.531767e-06
  8.8571e+01     9.530292e-06
  8.8714e+01     9.528815e-06
  8.8857e+01     9.527336e-06
  8.9000e+01     9.525855e-06
  8.9142e+01     9.524372e-06
  8.9285e+01     9.522887e-06
  8.9428e+01     9.521399e-06
  8.9571e+01     9.519910e-06
  8.9714e+01     9.518418e-06
  8.9857e+01     9.516925e-06
  9.0000e+01     9.515429e-06
  9.0142e+01     9.513931e-06
  9.0285e+01     9.512432e-06
  9.0428e+01     9.510930e-06
  9.0571e+01     9.509426e-06
  9.0714e+01     9.507920e-06
  9.0857e+01     9.506412e-06
  9.1000e+01     9.504901e-06
  9.1142e+01     9.503389e-06
  9.1285e+01     9.501875e-06
  9.1428e+01     9.500359e-06
  9.1571e+01     9.498840e-06
  9.1714e+01     9.497320e-06
  9.1857e+01     9.495797e-06
  9.2000e+01     9.494272e-06
  9.2142e+01     9.492746e-06
  9.2285e+01     9.491217e-06
  9.2428e+01     9.489686e-06
  9.2571e+01     9.488153e-06
  9.2714e+01     9.486619e-06
  9.2857e+01     9.485082e-06
  9.3000e+01     9.483543e-06
  9.3142e+01     9.482002e-06
  9.3285e+01     9.480459e-06
  9.3428e+01     9.478913e-06
  9.3571e+01     9.477366e-06
  9.3714e+01     9.475817e-06
  9.3857e+01     9.474266e-06
  9.4000e+01     9.472713e-06
  9.4142e+01     9.471157e-06
  9.4285e+01     9.469600e-06
  9.4428e+01     9.468040e-06
  9.4571e+01     9.466479e-06
  9.4714e+01     9.464916e-06
  9.4857e+01     9.463350e-06
  9.5000e+01     9.461783e-06
  9.5142e+01     9.460213e-06
  9.5285e+01     9.458642e-06
  9.5428e+01     9.457068e-06
  9.5571e+01     9.455492e-06
  9.5714e+01     9.453915e-06
  9.5857e+01     9.452335e-06
  9.6000e+01     9.450753e-06
  9.6142e+01     9.449170e-06
  9.6285e+01     9.447584e-06
  9.6428e+01     9.445996e-06
  9.6571e+01     9.444407e-06
  9.6714e+01     9.442815e-06
  9.6857e+01     9.441221e-06
  9.7000e+01     9.439625e-06
  9.7142e+01     9.438028e-06
  9.7285e+01     9.436428e-06
  9.7428e+01     9.434826e-06
  9.7571e+01     9.433222e-06
  9.7714e+01     9.431617e-06
  9.7857e+01     9.430009e-06
  9.8000e+01     9.428399e-06
  9.8142e+01     9.426787e-06
  9.8285e+01     9.425174e-06
  9.8428e+01     9.423558e-06
  9.8571e+01     9.421940e-06
  9.8714e+01     9.420321e-06
  9.8857e+01     9.418699e-06
  9.9000e+01     9.417075e-06
  9.9142e+01     9.415450e-06
  9.9285e+01     9.413822e-06
  9.9428e+01     9.412192e-06
  9.9571e+01     9.410561e-06
  9.9714e+01     9.408927e-06
  9.9857e+01     9.407291e-06
  1.0000e+02     9.405654e-06
  1.0014e+02     9.404014e-06
  1.0028e+02     9.402373e-06
  1.0042e+02     9.400729e-06
  1.0057e+02     9.399084e-06
  1.0071e+02     9.397437e-06
  1.0085e+02     9.395787e-06
  1.0100e+02     9.394136e-06
  1.0114e+02     9.392483e-06
  1.0128e+02     9.390827e-06
  1.0142e+02     9.389170e-06
  1.0157e+02     9.387511e-06
  1.0171e+02     9.385850e-06
  1.0185e+02     9.384187e-06
  1.0200e+02     9.382522e-06
  1.0214e+02     9.380855e-06
  1.0228e+02     9.379186e-06
  1.0242e+02     9.377515e-06
  1.0257e+02     9.375842e-06
  1.0271e+02     9.374167e-06
  1.0285e+02     9.372490e-06
  1.0300e+02     9.370812e-06
  1.0314e+02     9.369131e-06
  1.0328e+02     9.367449e-06
  1.0342e+02     9.365764e-06
  1.0357e+02     9.364078e-06
  1.0371e+02     9.362389e-06
  1.0385e+02     9.360699e-06
  1.0400e+02     9.359007e-06
  1.0414e+02     9.357313e-06
