# Epidemic | 7 days incidence [ x-unit: transmission cycles | y-unit: ]
# ==============================================================================
  0.0000e+00     1.000000e-05
  1.4286e-01     1.059634e-05
  2.8571e-01     1.122824e-05
  4.2857e-01     1.189781e-05
  5.7143e-01     1.260732e-05
  7.1429e-01     1.335912e-05
  8.5714e-01     1.415576e-05
  1.0000e+00     1.499989e-05
  1.1428e+00     1.571503e-05
  1.2857e+00     1.644099e-05
  1.4285e+00     1.719765e-05
  1.5714e+00     1.798608e-05
  1.7142e+00     1.880739e-05
  1.8571e+00     1.966268e-05
  2.0000e+00     2.055310e-05
  2.1428e+00     2.147979e-05
  2.2857e+00     2.244391e-05
  2.4285e+00     2.344662e-05
  2.5714e+00     2.448911e-05
  2.7142e+00     2.557255e-05
  2.8571e+00     2.669812e-05
  3.0000e+00     2.786699e-05
  3.1428e+00     2.948373e-05
  3.2857e+00     3.124168e-05
  3.4285e+00     3.310442e-05
  3.5714e+00     3.507819e-05
  3.7142e+00     3.716961e-05
  3.8571e+00     3.938568e-05
  4.0000e+00     4.173384e-05
  4.1428e+00     4.422194e-05
  4.2857e+00     4.685833e-05
  4.4285e+00     4.965183e-05
  4.5714e+00     5.261180e-05
  4.7142e+00     5.574815e-05
  4.8571e+00     5.907138e-05
  5.0000e+00     6.259263e-05
  5.1428e+00     6.632366e-05
  5.2857e+00     7.027697e-05
  5.4285e+00     7.446580e-05
  5.5714e+00     7.890414e-05
  5.7142e+00     8.360685e-05
  5.8571e+00     8.858964e-05
  6.0000e+00     9.386919e-05
  6.1428e+00     9.946314e-05
  6.2857e+00     1.053902e-04
  6.4285e+00     1.116701e-04
  6.5714e+00     1.183239e-04
  6.7142e+00     1.253737e-04
  6.8571e+00     1.328432e-04
  7.0000e+00     1.407572e-04
  7.1428e+00     1.491421e-04
  7.2857e+00     1.580259e-04
  7.4285e+00     1.674382e-04
  7.5714e+00     1.774103e-04
  7.7142e+00     1.879755e-04
  7.8571e+00     1.991689e-04
  8.0000e+00     2.110278e-04
  8.1428e+00     2.235915e-04
  8.2857e+00     2.369018e-04
  8.4285e+00     2.510030e-04
  8.5714e+00     2.659417e-04
  8.7142e+00     2.817677e-04
  8.8571e+00     2.985332e-04
  9.0000e+00     3.162939e-04
  9.1428e+00     3.351084e-04
  9.2857e+00     3.550391e-04
  9.4285e+00     3.761517e-04
  9.5714e+00     3.985158e-04
  9.7142e+00     4.222053e-04
  9.8571e+00     4.472981e-04
  1.0000e+01     4.738767e-04
  1.0142e+01     5.020285e-04
  1.0285e+01     5.318458e-04
  1.0428e+01     5.634263e-04
  1.0571e+01     5.968733e-04
  1.0714e+01     6.322960e-04
  1.0857e+01     6.698100e-04
  1.1000e+01     7.095374e-04
  1.1142e+01     7.516073e-04
  1.1285e+01     7.961560e-04
  1.1428e+01     8.433278e-04
  1.1571e+01     8.932750e-04
  1.1714e+01     9.461585e-04
  1.1857e+01     1.002148e-03
  1.2000e+01     1.061423e-03
  1.2142e+01     1.124174e-03
  1.2285e+01     1.190599e-03
  1.2428e+01     1.260911e-03
  1.2571e+01     1.335330e-03
  1.2714e+01     1.414094e-03
  1.2857e+01     1.497448e-03
  1.3000e+01     1.585653e-03
  1.3142e+01     1.678985e-03
  1.3285e+01     1.777733e-03
  1.3428e+01     1.882202e-03
  1.3571e+01     1.992713e-03
  1.3714e+01     2.109602e-03
  1.3857e+01     2.233226e-03
  1.4000e+01     2.363956e-03
  1.4142e+01     2.502186e-03
  1.4285e+01     2.648325e-03
  1.4428e+01     2.802806e-03
  1.4571e+01     2.966082e-03
  1.4714e+01     3.138626e-03
  1.4857e+01     3.320935e-03
  1.5000e+01     3.513529e-03
  1.5142e+01     3.716951e-03
  1.5285e+01     3.931769e-03
  1.5428e+01     4.158574e-03
  1.5571e+01     4.397983e-03
  1.5714e+01     4.650639e-03
  1.5857e+01     4.917210e-03
  1.6000e+01     5.198390e-03
  1.6142e+01     5.494899e-03
  1.6285e+01     5.807481e-03
  1.6428e+01     6.136906e-03
  1.6571e+01     6.483970e-03
  1.6714e+01     6.849491e-03
  1.6857e+01     7.234309e-03
  1.7000e+01     7.639286e-03
  1.7142e+01     8.065303e-03
  1.7285e+01     8.513258e-03
  1.7428e+01     8.984063e-03
  1.7571e+01     9.478642e-03
  1.7714e+01     9.997926e-03
  1.7857e+01     1.054285e-02
  1.8000e+01     1.111434e-02
  1.8142e+01     1.171333e-02
  1.8285e+01     1.234072e-02
  1.8428e+01     1.299740e-02
  1.8571e+01     1.368425e-02
  1.8714e+01     1.440206e-02
  1.8857e+01     1.515163e-02
  1.9000e+01     1.593366e-02
  1.9142e+01     1.674880e-02
  1.9285e+01     1.759759e-02
  1.9428e+01     1.848050e-02
  1.9571e+01     1.939787e-02
  1.9714e+01     2.034990e-02
  1.9857e+01     2.133666e-02
  2.0000e+01     2.235803e-02
  2.0142e+01     2.341371e-02
  2.0285e+01     2.450319e-02
  2.0428e+01     2.562572e-02
  2.0571e+01     2.678031e-02
  2.0714e+01     2.796569e-02
  2.0857e+01     2.918027e-02
  2.1000e+01     3.042217e-02
  2.1142e+01     3.168914e-02
  2.1285e+01     3.297859e-02
  2.1428e+01     3.428753e-02
  2.1571e+01     3.561258e-02
  2.1714e+01     3.694996e-02
  2.1857e+01     3.829545e-02
  2.2000e+01     3.964442e-02
  2.2142e+01     4.099182e-02
  2.2285e+01     4.233216e-02
  2.2428e+01     4.365957e-02
  2.2571e+01     4.496777e-02
  2.2714e+01     4.625015e-02
  2.2857e+01     4.749976e-02
  2.3000e+01     4.870938e-02
  2.3142e+01     4.987157e-02
  2.3285e+01     5.097875e-02
  2.3428e+01     5.202322e-02
  2.3571e+01     5.299733e-02
  2.3714e+01     5.389347e-02
  2.3857e+01     5.470426e-02
  2.4000e+01     5.542258e-02
  2.4142e+01     5.604171e-02
  2.4285e+01     5.655544e-02
  2.4428e+01     5.695814e-02
  2.4571e+01     5.724493e-02
  2.4714e+01     5.741171e-02
  2.4857e+01     5.745528e-02
  2.5000e+01     5.737341e-02
  2.5142e+01     5.716492e-02
  2.5285e+01     5.682968e-02
  2.5428e+01     5.636871e-02
  2.5571e+01     5.578411e-02
  2.5714e+01     5.507914e-02
  2.5857e+01     5.425808e-02
  2.6000e+01     5.332626e-02
  2.6142e+01     5.228996e-02
  2.6285e+01     5.115631e-02
  2.6428e+01     4.993320e-02
  2.6571e+01     4.862916e-02
  2.6714e+01     4.725319e-02
  2.6857e+01     4.581469e-02
  2.7000e+01     4.432328e-02
  2.7142e+01     4.278867e-02
  2.7285e+01     4.122054e-02
  2.7428e+01     3.962838e-02
  2.7571e+01     3.802141e-02
  2.7714e+01     3.640846e-02
  2.7857e+01     3.479789e-02
  2.8000e+01     3.319750e-02
  2.8142e+01     3.161446e-02
  2.8285e+01     3.005533e-02
  2.8428e+01     2.852594e-02
  2.8571e+01     2.703144e-02
  2.8714e+01     2.557630e-02
  2.8857e+01     2.416427e-02
  2.9000e+01     2.279847e-02
  2.9142e+01     2.148136e-02
  2.9285e+01     2.021481e-02
  2.9428e+01     1.900014e-02
  2.9571e+01     1.783816e-02
  2.9714e+01     1.672922e-02
  2.9857e+01     1.567324e-02
  3.0000e+01     1.466981e-02
  3.0142e+01     1.371818e-02
  3.0285e+01     1.281734e-02
  3.0428e+01     1.196604e-02
  3.0571e+01     1.116286e-02
  3.0714e+01     1.040622e-02
  3.0857e+01     9.694441e-03
  3.1000e+01     9.025738e-03
  3.1142e+01     8.398281e-03
  3.1285e+01     7.810202e-03
  3.1428e+01     7.259620e-03
  3.1571e+01     6.744659e-03
  3.1714e+01     6.263462e-03
  3.1857e+01     5.814206e-03
  3.2000e+01     5.395107e-03
  3.2142e+01     5.004433e-03
  3.2285e+01     4.640511e-03
  3.2428e+01     4.301728e-03
  3.2571e+01     3.986536e-03
  3.2714e+01     3.693456e-03
  3.2857e+01     3.421078e-03
  3.3000e+01     3.168060e-03
  3.3142e+01     2.933132e-03
  3.3285e+01     2.715090e-03
  3.3428e+01     2.512797e-03
  3.3571e+01     2.325183e-03
  3.3714e+01     2.151239e-03
  3.3857e+01     1.990018e-03
  3.4000e+01     1.840631e-03
  3.4142e+01     1.702247e-03
  3.4285e+01     1.574085e-03
  3.4428e+01     1.455417e-03
  3.4571e+01     1.345562e-03
  3.4714e+01     1.243886e-03
  3.4857e+01     1.149795e-03
  3.5000e+01     1.062738e-03
  3.5142e+01     9.822017e-04
  3.5285e+01     9.077079e-04
  3.5428e+01     8.388120e-04
  3.5571e+01     7.751010e-04
  3.5714e+01     7.161913e-04
  3.5857e+01     6.617265e-04
  3.6000e+01     6.113760e-04
  3.6142e+01     5.648331e-04
  3.6285e+01     5.218132e-04
  3.6428e+01     4.820527e-04
  3.6571e+01     4.453072e-04
  3.6714e+01     4.113501e-04
  3.6857e+01     3.799718e-04
  3.7000e+01     3.509779e-04
  3.7142e+01     3.241886e-04
  3.7285e+01     2.994374e-04
  3.7428e+01     2.765703e-04
  3.7571e+01     2.554446e-04
  3.7714e+01     2.359285e-04
  3.7857e+01     2.178999e-04
  3.8000e+01     2.012459e-04
  3.8142e+01     1.858623e-04
  3.8285e+01     1.716524e-04
  3.8428e+01     1.585271e-04
  3.8571e+01     1.464037e-04
  3.8714e+01     1.352062e-04
  3.8857e+01     1.248639e-04
  3.9000e+01     1.153118e-04
  3.9142e+01     1.064895e-04
  3.9285e+01     9.834154e-05
  3.9428e+01     9.081638e-05
  3.9571e+01     8.386652e-05
  3.9714e+01     7.744806e-05
  3.9857e+01     7.152045e-05
  4.0000e+01     6.604618e-05
  4.0142e+01     6.099065e-05
  4.0285e+01     5.632186e-05
  4.0428e+01     5.201026e-05
  4.0571e+01     4.802856e-05
  4.0714e+01     4.435153e-05
  4.0857e+01     4.095589e-05
  4.1000e+01     3.782012e-05
  4.1142e+01     3.492435e-05
  4.1285e+01     3.225022e-05
  4.1428e+01     2.978078e-05
  4.1571e+01     2.750038e-05
  4.1714e+01     2.539454e-05
  4.1857e+01     2.344991e-05
  4.2000e+01     2.165417e-05
  4.2142e+01     1.999591e-05
  4.2285e+01     1.846461e-05
  4.2428e+01     1.705056e-05
  4.2571e+01     1.574478e-05
  4.2714e+01     1.453898e-05
  4.2857e+01     1.342552e-05
  4.3000e+01     1.239732e-05
  4.3142e+01     1.144785e-05
  4.3285e+01     1.057109e-05
  4.3428e+01     9.761476e-06
  4.3571e+01     9.013861e-06
  4.3714e+01     8.323498e-06
  4.3857e+01     7.686006e-06
  4.4000e+01     7.097335e-06
  4.4142e+01     6.553747e-06
  4.4285e+01     6.051790e-06
  4.4428e+01     5.588276e-06
  4.4571e+01     5.160261e-06
  4.4714e+01     4.765027e-06
  4.4857e+01     4.400063e-06
  4.5000e+01     4.063051e-06
  4.5142e+01     3.751851e-06
  4.5285e+01     3.464485e-06
  4.5428e+01     3.199129e-06
  4.5571e+01     2.954097e-06
  4.5714e+01     2.727832e-06
  4.5857e+01     2.518897e-06
  4.6000e+01     2.325965e-06
  4.6142e+01     2.147810e-06
  4.6285e+01     1.983300e-06
  4.6428e+01     1.831390e-06
  4.6571e+01     1.691116e-06
  4.6714e+01     1.561586e-06
  4.6857e+01     1.441977e-06
  4.7000e+01     1.331529e-06
  4.7142e+01     1.229541e-06
  4.7285e+01     1.135364e-06
  4.7428e+01     1.048401e-06
  4.7571e+01     9.680985e-07
  4.7714e+01     8.939469e-07
  4.7857e+01     8.254749e-07
  4.8000e+01     7.622475e-07
  4.8142e+01     7.038629e-07
  4.8285e+01     6.499503e-07
  4.8428e+01     6.001672e-07
  4.8571e+01     5.541971e-07
  4.8714e+01     5.117481e-07
  4.8857e+01     4.725506e-07
  4.9000e+01     4.363553e-07
  4.9142e+01     4.029325e-07
  4.9285e+01     3.720696e-07
  4.9428e+01     3.435707e-07
  4.9571e+01     3.172547e-07
  4.9714e+01     2.929544e-07
  4.9857e+01     2.705154e-07
  5.0000e+01     2.497951e-07
  5.0142e+01     2.306619e-07
  5.0285e+01     2.129942e-07
  5.0428e+01     1.966797e-07
  5.0571e+01     1.816149e-07
  5.0714e+01     1.677040e-07
  5.0857e+01     1.548586e-07
  5.1000e+01     1.429971e-07
  5.1142e+01     1.320441e-07
  5.1285e+01     1.219301e-07
  5.1428e+01     1.125908e-07
  5.1571e+01     1.039668e-07
  5.1714e+01     9.600337e-08
  5.1857e+01     8.864992e-08
  5.2000e+01     8.185971e-08
  5.2142e+01     7.558960e-08
  5.2285e+01     6.979975e-08
  5.2428e+01     6.445339e-08
  5.2571e+01     5.951653e-08
  5.2714e+01     5.495781e-08
  5.2857e+01     5.074827e-08
  5.3000e+01     4.686117e-08
  5.3142e+01     4.327180e-08
  5.3285e+01     3.995736e-08
  5.3428e+01     3.689679e-08
  5.3571e+01     3.407065e-08
  5.3714e+01     3.146098e-08
  5.3857e+01     2.905120e-08
  5.4000e+01     2.682600e-08
  5.4142e+01     2.477124e-08
  5.4285e+01     2.287387e-08
  5.4428e+01     2.112182e-08
  5.4571e+01     1.950398e-08
  5.4714e+01     1.801006e-08
  5.4857e+01     1.663056e-08
  5.5000e+01     1.535673e-08
  5.5142e+01     1.418047e-08
  5.5285e+01     1.309430e-08
  5.5428e+01     1.209133e-08
  5.5571e+01     1.116519e-08
  5.5714e+01     1.030998e-08
  5.5857e+01     9.520280e-09
  5.6000e+01     8.791066e-09
  5.6142e+01     8.117707e-09
  5.6285e+01     7.495924e-09
  5.6428e+01     6.921767e-09
  5.6571e+01     6.391589e-09
  5.6714e+01     5.902020e-09
  5.6857e+01     5.449950e-09
  5.7000e+01     5.032506e-09
  5.7142e+01     4.647037e-09
  5.7285e+01     4.291093e-09
  5.7428e+01     3.962413e-09
  5.7571e+01     3.658909e-09
  5.7714e+01     3.378652e-09
  5.7857e+01     3.119861e-09
  5.8000e+01     2.880893e-09
  5.8142e+01     2.660228e-09
  5.8285e+01     2.456466e-09
  5.8428e+01     2.268311e-09
  5.8571e+01     2.094567e-09
  5.8714e+01     1.934132e-09
  5.8857e+01     1.785986e-09
  5.9000e+01     1.649187e-09
  5.9142e+01     1.522866e-09
  5.9285e+01     1.406221e-09
  5.9428e+01     1.298510e-09
  5.9571e+01     1.199049e-09
  5.9714e+01     1.107207e-09
  5.9857e+01     1.022400e-09
  6.0000e+01     9.440882e-10
  6.0142e+01     8.717750e-10
  6.0285e+01     8.050006e-10
  6.0428e+01     7.433409e-10
  6.0571e+01     6.864041e-10
  6.0714e+01     6.338284e-10
  6.0857e+01     5.852798e-10
  6.1000e+01     5.404498e-10
  6.1142e+01     4.990535e-10
  6.1285e+01     4.608281e-10
  6.1428e+01     4.255306e-10
  6.1571e+01     3.929367e-10
  6.1714e+01     3.628394e-10
  6.1857e+01     3.350474e-10
  6.2000e+01     3.093842e-10
  6.2142e+01     2.856866e-10
  6.2285e+01     2.638042e-10
  6.2428e+01     2.435979e-10
  6.2571e+01     2.249393e-10
  6.2714e+01     2.077099e-10
  6.2857e+01     1.918002e-10
  6.3000e+01     1.771091e-10
  6.3142e+01     1.635433e-10
  6.3285e+01     1.510165e-10
  6.3428e+01     1.394493e-10
  6.3571e+01     1.287680e-10
  6.3714e+01     1.189050e-10
  6.3857e+01     1.097973e-10
  6.4000e+01     1.013873e-10
  6.4142e+01     9.362146e-11
  6.4285e+01     8.645044e-11
  6.4428e+01     7.982870e-11
  6.4571e+01     7.371415e-11
  6.4714e+01     6.806795e-11
  6.4857e+01     6.285423e-11
  6.5000e+01     5.803986e-11
  6.5142e+01     5.359424e-11
  6.5285e+01     4.948915e-11
  6.5428e+01     4.569848e-11
  6.5571e+01     4.219817e-11
  6.5714e+01     3.896596e-11
  6.5857e+01     3.598133e-11
  6.6000e+01     3.322531e-11
  6.6142e+01     3.068039e-11
  6.6285e+01     2.833040e-11
  6.6428e+01     2.616041e-11
  6.6571e+01     2.415663e-11
  6.6714e+01     2.230633e-11
  6.6857e+01     2.059776e-11
  6.7000e+01     1.902006e-11
  6.7142e+01     1.756320e-11
  6.7285e+01     1.621793e-11
  6.7428e+01     1.497571e-11
  6.7571e+01     1.382863e-11
  6.7714e+01     1.276941e-11
  6.7857e+01     1.179133e-11
  6.8000e+01     1.088816e-11
  6.8142e+01     1.005417e-11
  6.8285e+01     9.284066e-12
  6.8428e+01     8.572945e-12
  6.8571e+01     7.916293e-12
  6.8714e+01     7.309938e-12
  6.8857e+01     6.750027e-12
  6.9000e+01     6.233003e-12
  6.9142e+01     5.755581e-12
  6.9285e+01     5.314727e-12
  6.9428e+01     4.907641e-12
  6.9571e+01     4.531736e-12
  6.9714e+01     4.184624e-12
  6.9857e+01     3.864099e-12
  7.0000e+01     3.568125e-12
  7.0142e+01     3.294822e-12
  7.0285e+01     3.042452e-12
  7.0428e+01     2.809413e-12
  7.0571e+01     2.594223e-12
  7.0714e+01     2.395517e-12
  7.0857e+01     2.212030e-12
  7.1000e+01     2.042598e-12
  7.1142e+01     1.886143e-12
  7.1285e+01     1.741672e-12
  7.1428e+01     1.608268e-12
  7.1571e+01     1.485081e-12
  7.1714e+01     1.371330e-12
  7.1857e+01     1.266292e-12
  7.2000e+01     1.169299e-12
  7.2142e+01     1.079736e-12
  7.2285e+01     9.970323e-13
  7.2428e+01     9.206638e-13
  7.2571e+01     8.501447e-13
  7.2714e+01     7.850272e-13
  7.2857e+01     7.248973e-13
  7.3000e+01     6.693732e-13
  7.3142e+01     6.181020e-13
  7.3285e+01     5.707580e-13
  7.3428e+01     5.270403e-13
  7.3571e+01     4.866712e-13
  7.3714e+01     4.493942e-13
  7.3857e+01     4.149724e-13
  7.4000e+01     3.831873e-13
  7.4142e+01     3.538367e-13
  7.4285e+01     3.267343e-13
  7.4428e+01     3.017078e-13
  7.4571e+01     2.785982e-13
  7.4714e+01     2.572588e-13
  7.4857e+01     2.375538e-13
  7.5000e+01     2.193582e-13
  7.5142e+01     2.025563e-13
  7.5285e+01     1.870413e-13
  7.5428e+01     1.727147e-13
  7.5571e+01     1.594855e-13
  7.5714e+01     1.472695e-13
  7.5857e+01     1.359893e-13
  7.6000e+01     1.255731e-13
  7.6142e+01     1.159547e-13
  7.6285e+01     1.070731e-13
  7.6428e+01     9.887171e-14
  7.6571e+01     9.129855e-14
  7.6714e+01     8.430546e-14
  7.6857e+01     7.784801e-14
  7.7000e+01     7.188517e-14
  7.7142e+01     6.637907e-14
  7.7285e+01     6.129471e-14
  7.7428e+01     5.659979e-14
  7.7571e+01     5.226448e-14
  7.7714e+01     4.826124e-14
  7.7857e+01     4.456463e-14
  7.8000e+01     4.115116e-14
  7.8142e+01     3.799915e-14
  7.8285e+01     3.508857e-14
  7.8428e+01     3.240094e-14
  7.8571e+01     2.991916e-14
  7.8714e+01     2.762747e-14
  7.8857e+01     2.551132e-14
  7.9000e+01     2.355726e-14
  7.9142e+01     2.175287e-14
  7.9285e+01     2.008669e-14
  7.9428e+01     1.854814e-14
  7.9571e+01     1.712743e-14
  7.9714e+01     1.581554e-14
  7.9857e+01     1.460413e-14
  8.0000e+01     1.348552e-14
  8.0142e+01     1.245258e-14
  8.0285e+01     1.149877e-14
  8.0428e+01     1.061801e-14
  8.0571e+01     9.804713e-15
  8.0714e+01     9.053712e-15
  8.0857e+01     8.360236e-15
  8.1000e+01     7.719876e-15
  8.1142e+01     7.128566e-15
  8.1285e+01     6.582547e-15
  8.1428e+01     6.078351e-15
  8.1571e+01     5.612775e-15
  8.1714e+01     5.182860e-15
  8.1857e+01     4.785874e-15
  8.2000e+01     4.419296e-15
  8.2142e+01     4.080796e-15
  8.2285e+01     3.768224e-15
  8.2428e+01     3.479594e-15
  8.2571e+01     3.213071e-15
  8.2714e+01     2.966963e-15
  8.2857e+01     2.739706e-15
  8.3000e+01     2.529856e-15
  8.3142e+01     2.336080e-15
  8.3285e+01     2.157146e-15
  8.3428e+01     1.991917e-15
  8.3571e+01     1.839345e-15
  8.3714e+01     1.698459e-15
  8.3857e+01     1.568364e-15
  8.4000e+01     1.448233e-15
  8.4142e+01     1.337305e-15
  8.4285e+01     1.234873e-15
  8.4428e+01     1.140287e-15
  8.4571e+01     1.052945e-15
  8.4714e+01     9.722942e-16
  8.4857e+01     8.978205e-16
  8.5000e+01     8.290512e-16
  8.5142e+01     7.655493e-16
  8.5285e+01     7.069114e-16
  8.5428e+01     6.527649e-16
  8.5571e+01     6.027658e-16
  8.5714e+01     5.565965e-16
  8.5857e+01     5.139635e-16
  8.6000e+01     4.745960e-16
  8.6142e+01     4.382439e-16
  8.6285e+01     4.046763e-16
  8.6428e+01     3.736797e-16
  8.6571e+01     3.450574e-16
  8.6714e+01     3.186275e-16
  8.6857e+01     2.942219e-16
  8.7000e+01     2.716857e-16
  8.7142e+01     2.508757e-16
  8.7285e+01     2.316597e-16
  8.7428e+01     2.139155e-16
  8.7571e+01     1.975305e-16
  8.7714e+01     1.824005e-16
  8.7857e+01     1.684293e-16
  8.8000e+01     1.555284e-16
  8.8142e+01     1.436155e-16
  8.8285e+01     1.326152e-16
  8.8428e+01     1.224574e-16
  8.8571e+01     1.130777e-16
  8.8714e+01     1.044164e-16
  8.8857e+01     9.641853e-17
  8.9000e+01     8.903327e-17
  8.9142e+01     8.221369e-17
  8.9285e+01     7.591647e-17
  8.9428e+01     7.010158e-17
  8.9571e+01     6.473209e-17
  8.9714e+01     5.977388e-17
  8.9857e+01     5.519545e-17
  9.0000e+01     5.096771e-17
  9.0142e+01     4.706379e-17
  9.0285e+01     4.345890e-17
  9.0428e+01     4.013013e-17
  9.0571e+01     3.705633e-17
  9.0714e+01     3.421797e-17
  9.0857e+01     3.159701e-17
  9.1000e+01     2.917681e-17
  9.1142e+01     2.694199e-17
  9.1285e+01     2.487834e-17
  9.1428e+01     2.297277e-17
  9.1571e+01     2.121315e-17
  9.1714e+01     1.958831e-17
  9.1857e+01     1.808793e-17
  9.2000e+01     1.670247e-17
  9.2142e+01     1.542313e-17
  9.2285e+01     1.424178e-17
  9.2428e+01     1.315092e-17
  9.2571e+01     1.214361e-17
  9.2714e+01     1.121346e-17
  9.2857e+01     1.035456e-17
  9.3000e+01     9.561441e-18
  9.3142e+01     8.829074e-18
  9.3285e+01     8.152804e-18
  9.3428e+01     7.528333e-18
  9.3571e+01     6.951694e-18
  9.3714e+01     6.419223e-18
  9.3857e+01     5.927537e-18
  9.4000e+01     5.473512e-18
  9.4142e+01     5.054264e-18
  9.4285e+01     4.667128e-18
  9.4428e+01     4.309646e-18
  9.4571e+01     3.979545e-18
  9.4714e+01     3.674728e-18
  9.4857e+01     3.393259e-18
  9.5000e+01     3.133350e-18
  9.5142e+01     2.893348e-18
  9.5285e+01     2.671729e-18
  9.5428e+01     2.467086e-18
  9.5571e+01     2.278118e-18
  9.5714e+01     2.103623e-18
  9.5857e+01     1.942494e-18
  9.6000e+01     1.793707e-18
  9.6142e+01     1.656317e-18
  9.6285e+01     1.529450e-18
  9.6428e+01     1.412300e-18
  9.6571e+01     1.304124e-18
  9.6714e+01     1.204233e-18
  9.6857e+01     1.111994e-18
  9.7000e+01     1.026820e-18
  9.7142e+01     9.481699e-19
  9.7285e+01     8.755440e-19
  9.7428e+01     8.084810e-19
  9.7571e+01     7.465547e-19
  9.7714e+01     6.893717e-19
  9.7857e+01     6.365687e-19
  9.8000e+01     5.878102e-19
  9.8142e+01     5.427863e-19
  9.8285e+01     5.012112e-19
  9.8428e+01     4.628205e-19
  9.8571e+01     4.273703e-19
  9.8714e+01     3.946355e-19
  9.8857e+01     3.644081e-19
  9.9000e+01     3.364960e-19
  9.9142e+01     3.107218e-19
  9.9285e+01     2.869218e-19
  9.9428e+01     2.649447e-19
  9.9571e+01     2.446511e-19
  9.9714e+01     2.259118e-19
  9.9857e+01     2.086079e-19
  1.0000e+02     1.926294e-19
  1.0014e+02     1.778748e-19
  1.0028e+02     1.642503e-19
  1.0042e+02     1.516694e-19
  1.0057e+02     1.400522e-19
  1.0071e+02     1.293248e-19
  1.0085e+02     1.194190e-19
  1.0100e+02     1.102720e-19
  1.0114e+02     1.018256e-19
  1.0128e+02     9.402622e-20
  1.0142e+02     8.682420e-20
  1.0157e+02     8.017383e-20
  1.0171e+02     7.403285e-20
  1.0185e+02     6.836224e-20
  1.0200e+02     6.312597e-20
  1.0214e+02     5.829079e-20
  1.0228e+02     5.382595e-20
  1.0242e+02     4.970311e-20
  1.0257e+02     4.589606e-20
  1.0271e+02     4.238061e-20
  1.0285e+02     3.913443e-20
  1.0300e+02     3.613690e-20
  1.0314e+02     3.336896e-20
  1.0328e+02     3.081304e-20
  1.0342e+02     2.845288e-20
  1.0357e+02     2.627351e-20
  1.0371e+02     2.426107e-20
  1.0385e+02     2.240277e-20
  1.0400e+02     2.068681e-20
  1.0414e+02     1.910229e-20
