# Epidemic | incidence [ x-unit: transmission cycles | y-unit: ]
# ==============================================================================
  0.0000e+00     1.000000e-05
  1.4286e-01     1.046544e-05
  2.8571e-01     1.095254e-05
  4.2857e-01     1.146231e-05
  5.7143e-01     1.199580e-05
  7.1429e-01     1.255412e-05
  8.5714e-01     1.313842e-05
  1.0000e+00     1.374991e-05
  1.1428e+00     1.438985e-05
  1.2857e+00     1.505957e-05
  1.4285e+00     1.576046e-05
  1.5714e+00     1.649396e-05
  1.7142e+00     1.726159e-05
  1.8571e+00     1.806494e-05
  2.0000e+00     1.890566e-05
  2.1428e+00     1.978551e-05
  2.2857e+00     2.070629e-05
  2.4285e+00     2.166990e-05
  2.5714e+00     2.267836e-05
  2.7142e+00     2.373372e-05
  2.8571e+00     2.483819e-05
  3.0000e+00     2.599404e-05
  3.1428e+00     2.720365e-05
  3.2857e+00     2.846954e-05
  3.4285e+00     2.979431e-05
  3.5714e+00     3.118070e-05
  3.7142e+00     3.263157e-05
  3.8571e+00     3.414993e-05
  4.0000e+00     3.573891e-05
  4.1428e+00     3.740179e-05
  4.2857e+00     3.914200e-05
  4.4285e+00     4.096314e-05
  4.5714e+00     4.286897e-05
  4.7142e+00     4.486341e-05
  4.8571e+00     4.695059e-05
  5.0000e+00     4.913482e-05
  5.1428e+00     5.142059e-05
  5.2857e+00     5.381263e-05
  5.4285e+00     5.631587e-05
  5.5714e+00     5.893547e-05
  5.7142e+00     6.167682e-05
  5.8571e+00     6.454559e-05
  6.0000e+00     6.754769e-05
  6.1428e+00     7.068929e-05
  6.2857e+00     7.397687e-05
  6.4285e+00     7.741721e-05
  6.5714e+00     8.101737e-05
  6.7142e+00     8.478479e-05
  6.8571e+00     8.872720e-05
  7.0000e+00     9.285272e-05
  7.1428e+00     9.716983e-05
  7.2857e+00     1.016874e-04
  7.4285e+00     1.064147e-04
  7.5714e+00     1.113615e-04
  7.7142e+00     1.165380e-04
  7.8571e+00     1.219546e-04
  8.0000e+00     1.276227e-04
  8.1428e+00     1.335537e-04
  8.2857e+00     1.397599e-04
  8.4285e+00     1.462540e-04
  8.5714e+00     1.530493e-04
  8.7142e+00     1.601597e-04
  8.8571e+00     1.675997e-04
  9.0000e+00     1.753845e-04
  9.1428e+00     1.835302e-04
  9.2857e+00     1.920533e-04
  9.4285e+00     2.009712e-04
  9.5714e+00     2.103021e-04
  9.7142e+00     2.200650e-04
  9.8571e+00     2.302799e-04
  1.0000e+01     2.409676e-04
  1.0142e+01     2.521497e-04
  1.0285e+01     2.638490e-04
  1.0428e+01     2.760893e-04
  1.0571e+01     2.888954e-04
  1.0714e+01     3.022932e-04
  1.0857e+01     3.163100e-04
  1.1000e+01     3.309740e-04
  1.1142e+01     3.463149e-04
  1.1285e+01     3.623637e-04
  1.1428e+01     3.791526e-04
  1.1571e+01     3.967156e-04
  1.1714e+01     4.150880e-04
  1.1857e+01     4.343065e-04
  1.2000e+01     4.544099e-04
  1.2142e+01     4.754382e-04
  1.2285e+01     4.974337e-04
  1.2428e+01     5.204401e-04
  1.2571e+01     5.445033e-04
  1.2714e+01     5.696712e-04
  1.2857e+01     5.959937e-04
  1.3000e+01     6.235229e-04
  1.3142e+01     6.523134e-04
  1.3285e+01     6.824218e-04
  1.3428e+01     7.139075e-04
  1.3571e+01     7.468322e-04
  1.3714e+01     7.812604e-04
  1.3857e+01     8.172594e-04
  1.4000e+01     8.548993e-04
  1.4142e+01     8.942532e-04
  1.4285e+01     9.353972e-04
  1.4428e+01     9.784108e-04
  1.4571e+01     1.023377e-03
  1.4714e+01     1.070381e-03
  1.4857e+01     1.119514e-03
  1.5000e+01     1.170868e-03
  1.5142e+01     1.224541e-03
  1.5285e+01     1.280635e-03
  1.5428e+01     1.339254e-03
  1.5571e+01     1.400508e-03
  1.5714e+01     1.464511e-03
  1.5857e+01     1.531382e-03
  1.6000e+01     1.601243e-03
  1.6142e+01     1.674222e-03
  1.6285e+01     1.750452e-03
  1.6428e+01     1.830070e-03
  1.6571e+01     1.913220e-03
  1.6714e+01     2.000050e-03
  1.6857e+01     2.090713e-03
  1.7000e+01     2.185368e-03
  1.7142e+01     2.284179e-03
  1.7285e+01     2.387319e-03
  1.7428e+01     2.494962e-03
  1.7571e+01     2.607290e-03
  1.7714e+01     2.724493e-03
  1.7857e+01     2.846765e-03
  1.8000e+01     2.974305e-03
  1.8142e+01     3.107321e-03
  1.8285e+01     3.246025e-03
  1.8428e+01     3.390635e-03
  1.8571e+01     3.541378e-03
  1.8714e+01     3.698483e-03
  1.8857e+01     3.862188e-03
  1.9000e+01     4.032735e-03
  1.9142e+01     4.210373e-03
  1.9285e+01     4.395356e-03
  1.9428e+01     4.587942e-03
  1.9571e+01     4.788395e-03
  1.9714e+01     4.996983e-03
  1.9857e+01     5.213980e-03
  2.0000e+01     5.439660e-03
  2.0142e+01     5.674303e-03
  2.0285e+01     5.918191e-03
  2.0428e+01     6.171606e-03
  2.0571e+01     6.434832e-03
  2.0714e+01     6.708155e-03
  2.0857e+01     6.991856e-03
  2.1000e+01     7.286218e-03
  2.1142e+01     7.591517e-03
  2.1285e+01     7.908027e-03
  2.1428e+01     8.236015e-03
  2.1571e+01     8.575741e-03
  2.1714e+01     8.927454e-03
  2.1857e+01     9.291394e-03
  2.2000e+01     9.667785e-03
  2.2142e+01     1.005684e-02
  2.2285e+01     1.045875e-02
  2.2428e+01     1.087368e-02
  2.2571e+01     1.130179e-02
  2.2714e+01     1.174319e-02
  2.2857e+01     1.219799e-02
  2.3000e+01     1.266624e-02
  2.3142e+01     1.314797e-02
  2.3285e+01     1.364317e-02
  2.3428e+01     1.415179e-02
  2.3571e+01     1.467372e-02
  2.3714e+01     1.520881e-02
  2.3857e+01     1.575687e-02
  2.4000e+01     1.631762e-02
  2.4142e+01     1.689074e-02
  2.4285e+01     1.747585e-02
  2.4428e+01     1.807248e-02
  2.4571e+01     1.868010e-02
  2.4714e+01     1.929809e-02
  2.4857e+01     1.992576e-02
  2.5000e+01     2.056234e-02
  2.5142e+01     2.120695e-02
  2.5285e+01     2.185864e-02
  2.5428e+01     2.251635e-02
  2.5571e+01     2.317893e-02
  2.5714e+01     2.384515e-02
  2.5857e+01     2.451365e-02
  2.6000e+01     2.518301e-02
  2.6142e+01     2.585167e-02
  2.6285e+01     2.651800e-02
  2.6428e+01     2.718030e-02
  2.6571e+01     2.783672e-02
  2.6714e+01     2.848540e-02
  2.6857e+01     2.912433e-02
  2.7000e+01     2.975148e-02
  2.7142e+01     3.036475e-02
  2.7285e+01     3.096196e-02
  2.7428e+01     3.154091e-02
  2.7571e+01     3.209938e-02
  2.7714e+01     3.263511e-02
  2.7857e+01     3.314585e-02
  2.8000e+01     3.362937e-02
  2.8142e+01     3.408346e-02
  2.8285e+01     3.450596e-02
  2.8428e+01     3.489478e-02
  2.8571e+01     3.524792e-02
  2.8714e+01     3.556347e-02
  2.8857e+01     3.583965e-02
  2.9000e+01     3.607481e-02
  2.9142e+01     3.626746e-02
  2.9285e+01     3.641629e-02
  2.9428e+01     3.652019e-02
  2.9571e+01     3.657822e-02
  2.9714e+01     3.658968e-02
  2.9857e+01     3.655410e-02
  3.0000e+01     3.647123e-02
  3.0142e+01     3.634107e-02
  3.0285e+01     3.616386e-02
  3.0428e+01     3.594010e-02
  3.0571e+01     3.567051e-02
  3.0714e+01     3.535607e-02
  3.0857e+01     3.499798e-02
  3.1000e+01     3.459768e-02
  3.1142e+01     3.415679e-02
  3.1285e+01     3.367715e-02
  3.1428e+01     3.316078e-02
  3.1571e+01     3.260984e-02
  3.1714e+01     3.202666e-02
  3.1857e+01     3.141366e-02
  3.2000e+01     3.077338e-02
  3.2142e+01     3.010843e-02
  3.2285e+01     2.942146e-02
  3.2428e+01     2.871517e-02
  3.2571e+01     2.799226e-02
  3.2714e+01     2.725540e-02
  3.2857e+01     2.650726e-02
  3.3000e+01     2.575042e-02
  3.3142e+01     2.498744e-02
  3.3285e+01     2.422074e-02
  3.3428e+01     2.345268e-02
  3.3571e+01     2.268550e-02
  3.3714e+01     2.192130e-02
  3.3857e+01     2.116209e-02
  3.4000e+01     2.040970e-02
  3.4142e+01     1.966586e-02
  3.4285e+01     1.893214e-02
  3.4428e+01     1.820995e-02
  3.4571e+01     1.750058e-02
  3.4714e+01     1.680518e-02
  3.4857e+01     1.612475e-02
  3.5000e+01     1.546015e-02
  3.5142e+01     1.481212e-02
  3.5285e+01     1.418129e-02
  3.5428e+01     1.356815e-02
  3.5571e+01     1.297308e-02
  3.5714e+01     1.239636e-02
  3.5857e+01     1.183819e-02
  3.6000e+01     1.129866e-02
  3.6142e+01     1.077779e-02
  3.6285e+01     1.027551e-02
  3.6428e+01     9.791694e-03
  3.6571e+01     9.326163e-03
  3.6714e+01     8.878672e-03
  3.6857e+01     8.448933e-03
  3.7000e+01     8.036617e-03
  3.7142e+01     7.641360e-03
  3.7285e+01     7.262767e-03
  3.7428e+01     6.900418e-03
  3.7571e+01     6.553874e-03
  3.7714e+01     6.222679e-03
  3.7857e+01     5.906365e-03
  3.8000e+01     5.604454e-03
  3.8142e+01     5.316465e-03
  3.8285e+01     5.041913e-03
  3.8428e+01     4.780312e-03
  3.8571e+01     4.531179e-03
  3.8714e+01     4.294037e-03
  3.8857e+01     4.068412e-03
  3.9000e+01     3.853839e-03
  3.9142e+01     3.649861e-03
  3.9285e+01     3.456032e-03
  3.9428e+01     3.271914e-03
  3.9571e+01     3.097083e-03
  3.9714e+01     2.931126e-03
  3.9857e+01     2.773642e-03
  4.0000e+01     2.624243e-03
  4.0142e+01     2.482554e-03
  4.0285e+01     2.348214e-03
  4.0428e+01     2.220873e-03
  4.0571e+01     2.100196e-03
  4.0714e+01     1.985859e-03
  4.0857e+01     1.877554e-03
  4.1000e+01     1.774982e-03
  4.1142e+01     1.677859e-03
  4.1285e+01     1.585912e-03
  4.1428e+01     1.498879e-03
  4.1571e+01     1.416513e-03
  4.1714e+01     1.338573e-03
  4.1857e+01     1.264834e-03
  4.2000e+01     1.195078e-03
  4.2142e+01     1.129099e-03
  4.2285e+01     1.066699e-03
  4.2428e+01     1.007692e-03
  4.2571e+01     9.518985e-04
  4.2714e+01     8.991496e-04
  4.2857e+01     8.492838e-04
  4.3000e+01     8.021479e-04
  4.3142e+01     7.575963e-04
  4.3285e+01     7.154907e-04
  4.3428e+01     6.756999e-04
  4.3571e+01     6.380995e-04
  4.3714e+01     6.025712e-04
  4.3857e+01     5.690031e-04
  4.4000e+01     5.372890e-04
  4.4142e+01     5.073283e-04
  4.4285e+01     4.790255e-04
  4.4428e+01     4.522903e-04
  4.4571e+01     4.270371e-04
  4.4714e+01     4.031848e-04
  4.4857e+01     3.806568e-04
  4.5000e+01     3.593803e-04
  4.5142e+01     3.392867e-04
  4.5285e+01     3.203109e-04
  4.5428e+01     3.023912e-04
  4.5571e+01     2.854696e-04
  4.5714e+01     2.694908e-04
  4.5857e+01     2.544028e-04
  4.6000e+01     2.401563e-04
  4.6142e+01     2.267048e-04
  4.6285e+01     2.140041e-04
  4.6428e+01     2.020128e-04
  4.6571e+01     1.906913e-04
  4.6714e+01     1.800025e-04
  4.6857e+01     1.699112e-04
  4.7000e+01     1.603843e-04
  4.7142e+01     1.513902e-04
  4.7285e+01     1.428994e-04
  4.7428e+01     1.348837e-04
  4.7571e+01     1.273168e-04
  4.7714e+01     1.201736e-04
  4.7857e+01     1.134305e-04
  4.8000e+01     1.070650e-04
  4.8142e+01     1.010563e-04
  4.8285e+01     9.538420e-05
  4.8428e+01     9.003005e-05
  4.8571e+01     8.497604e-05
  4.8714e+01     8.020539e-05
  4.8857e+01     7.570225e-05
  4.9000e+01     7.145165e-05
  4.9142e+01     6.743947e-05
  4.9285e+01     6.365236e-05
  4.9428e+01     6.007771e-05
  4.9571e+01     5.670363e-05
  4.9714e+01     5.351889e-05
  4.9857e+01     5.051287e-05
  5.0000e+01     4.767557e-05
  5.0142e+01     4.499752e-05
  5.0285e+01     4.246981e-05
  5.0428e+01     4.008400e-05
  5.0571e+01     3.783214e-05
  5.0714e+01     3.570671e-05
  5.0857e+01     3.370063e-05
  5.1000e+01     3.180720e-05
  5.1142e+01     3.002009e-05
  5.1285e+01     2.833335e-05
  5.1428e+01     2.674135e-05
  5.1571e+01     2.523876e-05
  5.1714e+01     2.382057e-05
  5.1857e+01     2.248204e-05
  5.2000e+01     2.121870e-05
  5.2142e+01     2.002633e-05
  5.2285e+01     1.890095e-05
  5.2428e+01     1.783878e-05
  5.2571e+01     1.683630e-05
  5.2714e+01     1.589013e-05
  5.2857e+01     1.499712e-05
  5.3000e+01     1.415429e-05
  5.3142e+01     1.335882e-05
  5.3285e+01     1.260804e-05
  5.3428e+01     1.189945e-05
  5.3571e+01     1.123068e-05
  5.3714e+01     1.059948e-05
  5.3857e+01     1.000376e-05
  5.4000e+01     9.441511e-06
  5.4142e+01     8.910859e-06
  5.4285e+01     8.410028e-06
  5.4428e+01     7.937342e-06
  5.4571e+01     7.491221e-06
  5.4714e+01     7.070171e-06
  5.4857e+01     6.672784e-06
  5.5000e+01     6.297731e-06
  5.5142e+01     5.943756e-06
  5.5285e+01     5.609675e-06
  5.5428e+01     5.294370e-06
  5.5571e+01     4.996786e-06
  5.5714e+01     4.715928e-06
  5.5857e+01     4.450854e-06
  5.6000e+01     4.200679e-06
  5.6142e+01     3.964566e-06
  5.6285e+01     3.741722e-06
  5.6428e+01     3.531404e-06
  5.6571e+01     3.332908e-06
  5.6714e+01     3.145567e-06
  5.6857e+01     2.968757e-06
  5.7000e+01     2.801885e-06
  5.7142e+01     2.644392e-06
  5.7285e+01     2.495751e-06
  5.7428e+01     2.355465e-06
  5.7571e+01     2.223064e-06
  5.7714e+01     2.098105e-06
  5.7857e+01     1.980170e-06
  5.8000e+01     1.868864e-06
  5.8142e+01     1.763815e-06
  5.8285e+01     1.664670e-06
  5.8428e+01     1.571097e-06
  5.8571e+01     1.482785e-06
  5.8714e+01     1.399436e-06
  5.8857e+01     1.320773e-06
  5.9000e+01     1.246531e-06
  5.9142e+01     1.176462e-06
  5.9285e+01     1.110332e-06
  5.9428e+01     1.047919e-06
  5.9571e+01     9.890146e-07
  5.9714e+01     9.334209e-07
  5.9857e+01     8.809522e-07
  6.0000e+01     8.314327e-07
  6.0142e+01     7.846968e-07
  6.0285e+01     7.405879e-07
  6.0428e+01     6.989585e-07
  6.0571e+01     6.596690e-07
  6.0714e+01     6.225880e-07
  6.0857e+01     5.875914e-07
  6.1000e+01     5.545620e-07
  6.1142e+01     5.233893e-07
  6.1285e+01     4.939687e-07
  6.1428e+01     4.662020e-07
  6.1571e+01     4.399960e-07
  6.1714e+01     4.152631e-07
  6.1857e+01     3.919205e-07
  6.2000e+01     3.698900e-07
  6.2142e+01     3.490978e-07
  6.2285e+01     3.294744e-07
  6.2428e+01     3.109541e-07
  6.2571e+01     2.934748e-07
  6.2714e+01     2.769781e-07
  6.2857e+01     2.614087e-07
  6.3000e+01     2.467144e-07
  6.3142e+01     2.328462e-07
  6.3285e+01     2.197575e-07
  6.3428e+01     2.074045e-07
  6.3571e+01     1.957459e-07
  6.3714e+01     1.847427e-07
  6.3857e+01     1.743579e-07
  6.4000e+01     1.645570e-07
  6.4142e+01     1.553069e-07
  6.4285e+01     1.465768e-07
  6.4428e+01     1.383374e-07
  6.4571e+01     1.305612e-07
  6.4714e+01     1.232221e-07
  6.4857e+01     1.162956e-07
  6.5000e+01     1.097584e-07
  6.5142e+01     1.035887e-07
  6.5285e+01     9.776575e-08
  6.5428e+01     9.227015e-08
  6.5571e+01     8.708347e-08
  6.5714e+01     8.218834e-08
  6.5857e+01     7.756837e-08
  6.6000e+01     7.320810e-08
  6.6142e+01     6.909293e-08
  6.6285e+01     6.520908e-08
  6.6428e+01     6.154355e-08
  6.6571e+01     5.808407e-08
  6.6714e+01     5.481905e-08
  6.6857e+01     5.173756e-08
  6.7000e+01     4.882929e-08
  6.7142e+01     4.608450e-08
  6.7285e+01     4.349400e-08
  6.7428e+01     4.104912e-08
  6.7571e+01     3.874167e-08
  6.7714e+01     3.656392e-08
  6.7857e+01     3.450859e-08
  6.8000e+01     3.256880e-08
  6.8142e+01     3.073804e-08
  6.8285e+01     2.901019e-08
  6.8428e+01     2.737947e-08
  6.8571e+01     2.584042e-08
  6.8714e+01     2.438788e-08
  6.8857e+01     2.301699e-08
  6.9000e+01     2.172316e-08
  6.9142e+01     2.050205e-08
  6.9285e+01     1.934959e-08
  6.9428e+01     1.826191e-08
  6.9571e+01     1.723538e-08
  6.9714e+01     1.626654e-08
  6.9857e+01     1.535217e-08
  7.0000e+01     1.448919e-08
  7.0142e+01     1.367472e-08
  7.0285e+01     1.290604e-08
  7.0428e+01     1.218057e-08
  7.0571e+01     1.149587e-08
  7.0714e+01     1.084967e-08
  7.0857e+01     1.023979e-08
  7.1000e+01     9.664186e-09
  7.1142e+01     9.120943e-09
  7.1285e+01     8.608237e-09
  7.1428e+01     8.124350e-09
  7.1571e+01     7.667665e-09
  7.1714e+01     7.236650e-09
  7.1857e+01     6.829863e-09
  7.2000e+01     6.445943e-09
  7.2142e+01     6.083604e-09
  7.2285e+01     5.741632e-09
  7.2428e+01     5.418883e-09
  7.2571e+01     5.114277e-09
  7.2714e+01     4.826793e-09
  7.2857e+01     4.555470e-09
  7.3000e+01     4.299398e-09
  7.3142e+01     4.057720e-09
  7.3285e+01     3.829627e-09
  7.3428e+01     3.614356e-09
  7.3571e+01     3.411186e-09
  7.3714e+01     3.219437e-09
  7.3857e+01     3.038466e-09
  7.4000e+01     2.867667e-09
  7.4142e+01     2.706470e-09
  7.4285e+01     2.554334e-09
  7.4428e+01     2.410750e-09
  7.4571e+01     2.275237e-09
  7.4714e+01     2.147341e-09
  7.4857e+01     2.026635e-09
  7.5000e+01     1.912713e-09
  7.5142e+01     1.805196e-09
  7.5285e+01     1.703722e-09
  7.5428e+01     1.607953e-09
  7.5571e+01     1.517566e-09
  7.5714e+01     1.432261e-09
  7.5857e+01     1.351751e-09
  7.6000e+01     1.275766e-09
  7.6142e+01     1.204053e-09
  7.6285e+01     1.136371e-09
  7.6428e+01     1.072493e-09
  7.6571e+01     1.012206e-09
  7.6714e+01     9.553078e-10
  7.6857e+01     9.016080e-10
  7.7000e+01     8.509268e-10
  7.7142e+01     8.030945e-10
  7.7285e+01     7.579510e-10
  7.7428e+01     7.153450e-10
  7.7571e+01     6.751340e-10
  7.7714e+01     6.371834e-10
  7.7857e+01     6.013661e-10
  7.8000e+01     5.675621e-10
  7.8142e+01     5.356583e-10
  7.8285e+01     5.055478e-10
  7.8428e+01     4.771300e-10
  7.8571e+01     4.503095e-10
  7.8714e+01     4.249967e-10
  7.8857e+01     4.011068e-10
  7.9000e+01     3.785598e-10
  7.9142e+01     3.572802e-10
  7.9285e+01     3.371968e-10
  7.9428e+01     3.182423e-10
  7.9571e+01     3.003532e-10
  7.9714e+01     2.834698e-10
  7.9857e+01     2.675354e-10
  8.0000e+01     2.524967e-10
  8.0142e+01     2.383033e-10
  8.0285e+01     2.249078e-10
  8.0428e+01     2.122653e-10
  8.0571e+01     2.003334e-10
  8.0714e+01     1.890723e-10
  8.0857e+01     1.784442e-10
  8.1000e+01     1.684135e-10
  8.1142e+01     1.589466e-10
  8.1285e+01     1.500119e-10
  8.1428e+01     1.415794e-10
  8.1571e+01     1.336210e-10
  8.1714e+01     1.261099e-10
  8.1857e+01     1.190210e-10
  8.2000e+01     1.123306e-10
  8.2142e+01     1.060162e-10
  8.2285e+01     1.000569e-10
  8.2428e+01     9.443246e-11
  8.2571e+01     8.912422e-11
  8.2714e+01     8.411437e-11
  8.2857e+01     7.938613e-11
  8.3000e+01     7.492368e-11
  8.3142e+01     7.071207e-11
  8.3285e+01     6.673720e-11
  8.3428e+01     6.298577e-11
  8.3571e+01     5.944521e-11
  8.3714e+01     5.610368e-11
  8.3857e+01     5.294998e-11
  8.4000e+01     4.997355e-11
  8.4142e+01     4.716444e-11
  8.4285e+01     4.451323e-11
  8.4428e+01     4.201105e-11
  8.4571e+01     3.964953e-11
  8.4714e+01     3.742075e-11
  8.4857e+01     3.531725e-11
  8.5000e+01     3.333200e-11
  8.5142e+01     3.145834e-11
  8.5285e+01     2.969000e-11
  8.5428e+01     2.802107e-11
  8.5571e+01     2.644595e-11
  8.5714e+01     2.495937e-11
  8.5857e+01     2.355635e-11
  8.6000e+01     2.223220e-11
  8.6142e+01     2.098249e-11
  8.6285e+01     1.980302e-11
  8.6428e+01     1.868985e-11
  8.6571e+01     1.763926e-11
  8.6714e+01     1.664772e-11
  8.6857e+01     1.571192e-11
  8.7000e+01     1.482872e-11
  8.7142e+01     1.399517e-11
  8.7285e+01     1.320847e-11
  8.7428e+01     1.246600e-11
  8.7571e+01     1.176526e-11
  8.7714e+01     1.110391e-11
  8.7857e+01     1.047974e-11
  8.8000e+01     9.890649e-12
  8.8142e+01     9.334676e-12
  8.8285e+01     8.809955e-12
  8.8428e+01     8.314730e-12
  8.8571e+01     7.847342e-12
  8.8714e+01     7.406227e-12
  8.8857e+01     6.989908e-12
  8.9000e+01     6.596992e-12
  8.9142e+01     6.226162e-12
  8.9285e+01     5.876177e-12
  8.9428e+01     5.545865e-12
  8.9571e+01     5.234121e-12
  8.9714e+01     4.939900e-12
  8.9857e+01     4.662219e-12
  9.0000e+01     4.400146e-12
  9.0142e+01     4.152805e-12
  9.0285e+01     3.919367e-12
  9.0428e+01     3.699052e-12
  9.0571e+01     3.491121e-12
  9.0714e+01     3.294878e-12
  9.0857e+01     3.109666e-12
  9.1000e+01     2.934866e-12
  9.1142e+01     2.769891e-12
  9.1285e+01     2.614190e-12
  9.1428e+01     2.467241e-12
  9.1571e+01     2.328552e-12
  9.1714e+01     2.197660e-12
  9.1857e+01     2.074125e-12
  9.2000e+01     1.957534e-12
  9.2142e+01     1.847497e-12
  9.2285e+01     1.743646e-12
  9.2428e+01     1.645632e-12
  9.2571e+01     1.553128e-12
  9.2714e+01     1.465823e-12
  9.2857e+01     1.383426e-12
  9.3000e+01     1.305661e-12
  9.3142e+01     1.232267e-12
  9.3285e+01     1.162999e-12
  9.3428e+01     1.097625e-12
  9.3571e+01     1.035925e-12
  9.3714e+01     9.776936e-13
  9.3857e+01     9.227355e-13
  9.4000e+01     8.708666e-13
  9.4142e+01     8.219135e-13
  9.4285e+01     7.757121e-13
  9.4428e+01     7.321077e-13
  9.4571e+01     6.909545e-13
  9.4714e+01     6.521146e-13
  9.4857e+01     6.154579e-13
  9.5000e+01     5.808618e-13
  9.5142e+01     5.482104e-13
  9.5285e+01     5.173944e-13
  9.5428e+01     4.883106e-13
  9.5571e+01     4.608617e-13
  9.5714e+01     4.349557e-13
  9.5857e+01     4.105060e-13
  9.6000e+01     3.874306e-13
  9.6142e+01     3.656524e-13
  9.6285e+01     3.450983e-13
  9.6428e+01     3.256996e-13
  9.6571e+01     3.073914e-13
  9.6714e+01     2.901123e-13
  9.6857e+01     2.738045e-13
  9.7000e+01     2.584134e-13
  9.7142e+01     2.438875e-13
  9.7285e+01     2.301781e-13
  9.7428e+01     2.172393e-13
  9.7571e+01     2.050279e-13
  9.7714e+01     1.935028e-13
  9.7857e+01     1.826257e-13
  9.8000e+01     1.723599e-13
  9.8142e+01     1.626712e-13
  9.8285e+01     1.535271e-13
  9.8428e+01     1.448971e-13
  9.8571e+01     1.367521e-13
  9.8714e+01     1.290650e-13
  9.8857e+01     1.218100e-13
  9.9000e+01     1.149628e-13
  9.9142e+01     1.085005e-13
  9.9285e+01     1.024015e-13
  9.9428e+01     9.664530e-14
  9.9571e+01     9.121267e-14
  9.9714e+01     8.608542e-14
  9.9857e+01     8.124639e-14
  1.0000e+02     7.667937e-14
  1.0014e+02     7.236907e-14
  1.0028e+02     6.830106e-14
  1.0042e+02     6.446172e-14
  1.0057e+02     6.083819e-14
  1.0071e+02     5.741836e-14
  1.0085e+02     5.419076e-14
  1.0100e+02     5.114458e-14
  1.0114e+02     4.826965e-14
  1.0128e+02     4.555631e-14
  1.0142e+02     4.299550e-14
  1.0157e+02     4.057864e-14
  1.0171e+02     3.829763e-14
  1.0185e+02     3.614484e-14
  1.0200e+02     3.411307e-14
  1.0214e+02     3.219551e-14
  1.0228e+02     3.038573e-14
  1.0242e+02     2.867769e-14
  1.0257e+02     2.706566e-14
  1.0271e+02     2.554424e-14
  1.0285e+02     2.410835e-14
  1.0300e+02     2.275317e-14
  1.0314e+02     2.147417e-14
  1.0328e+02     2.026706e-14
  1.0342e+02     1.912781e-14
  1.0357e+02     1.805260e-14
  1.0371e+02     1.703783e-14
  1.0385e+02     1.608010e-14
  1.0400e+02     1.517620e-14
  1.0414e+02     1.432312e-14
