# Epidemic | incidence [ x-unit: transmission cycles | y-unit: ]
# ==============================================================================
  0.0000e+00     1.000000e-05
  1.4286e-01     1.032391e-05
  2.8571e-01     1.065831e-05
  4.2857e-01     1.100354e-05
  5.7143e-01     1.135995e-05
  7.1429e-01     1.172789e-05
  8.5714e-01     1.210776e-05
  1.0000e+00     1.249992e-05
  1.1428e+00     1.290478e-05
  1.2857e+00     1.332274e-05
  1.4285e+00     1.375424e-05
  1.5714e+00     1.419972e-05
  1.7142e+00     1.465961e-05
  1.8571e+00     1.513439e-05
  2.0000e+00     1.562455e-05
  2.1428e+00     1.613057e-05
  2.2857e+00     1.665297e-05
  2.4285e+00     1.719229e-05
  2.5714e+00     1.774906e-05
  2.7142e+00     1.832385e-05
  2.8571e+00     1.891726e-05
  3.0000e+00     1.952986e-05
  3.1428e+00     2.016230e-05
  3.2857e+00     2.081521e-05
  3.4285e+00     2.148925e-05
  3.5714e+00     2.218510e-05
  3.7142e+00     2.290347e-05
  3.8571e+00     2.364509e-05
  4.0000e+00     2.441071e-05
  4.1428e+00     2.520110e-05
  4.2857e+00     2.601707e-05
  4.4285e+00     2.685944e-05
  4.5714e+00     2.772907e-05
  4.7142e+00     2.862683e-05
  4.8571e+00     2.955363e-05
  5.0000e+00     3.051042e-05
  5.1428e+00     3.149816e-05
  5.2857e+00     3.251785e-05
  5.4285e+00     3.357052e-05
  5.5714e+00     3.465724e-05
  5.7142e+00     3.577911e-05
  5.8571e+00     3.693726e-05
  6.0000e+00     3.813286e-05
  6.1428e+00     3.936713e-05
  6.2857e+00     4.064130e-05
  6.4285e+00     4.195667e-05
  6.5714e+00     4.331456e-05
  6.7142e+00     4.471636e-05
  6.8571e+00     4.616346e-05
  7.0000e+00     4.765734e-05
  7.1428e+00     4.919951e-05
  7.2857e+00     5.079151e-05
  7.4285e+00     5.243496e-05
  7.5714e+00     5.413152e-05
  7.7142e+00     5.588289e-05
  7.8571e+00     5.769084e-05
  8.0000e+00     5.955720e-05
  8.1428e+00     6.148384e-05
  8.2857e+00     6.347271e-05
  8.4285e+00     6.552580e-05
  8.5714e+00     6.764520e-05
  8.7142e+00     6.983302e-05
  8.8571e+00     7.209148e-05
  9.0000e+00     7.442283e-05
  9.1428e+00     7.682944e-05
  9.2857e+00     7.931371e-05
  9.4285e+00     8.187815e-05
  9.5714e+00     8.452532e-05
  9.7142e+00     8.725790e-05
  9.8571e+00     9.007861e-05
  1.0000e+01     9.299029e-05
  1.0142e+01     9.599585e-05
  1.0285e+01     9.909832e-05
  1.0428e+01     1.023008e-04
  1.0571e+01     1.056065e-04
  1.0714e+01     1.090187e-04
  1.0857e+01     1.125409e-04
  1.1000e+01     1.161765e-04
  1.1142e+01     1.199292e-04
  1.1285e+01     1.238027e-04
  1.1428e+01     1.278010e-04
  1.1571e+01     1.319279e-04
  1.1714e+01     1.361877e-04
  1.1857e+01     1.405845e-04
  1.2000e+01     1.451228e-04
  1.2142e+01     1.498069e-04
  1.2285e+01     1.546417e-04
  1.2428e+01     1.596319e-04
  1.2571e+01     1.647825e-04
  1.2714e+01     1.700985e-04
  1.2857e+01     1.755853e-04
  1.3000e+01     1.812482e-04
  1.3142e+01     1.870929e-04
  1.3285e+01     1.931251e-04
  1.3428e+01     1.993509e-04
  1.3571e+01     2.057763e-04
  1.3714e+01     2.124077e-04
  1.3857e+01     2.192516e-04
  1.4000e+01     2.263148e-04
  1.4142e+01     2.336041e-04
  1.4285e+01     2.411268e-04
  1.4428e+01     2.488902e-04
  1.4571e+01     2.569019e-04
  1.4714e+01     2.651698e-04
  1.4857e+01     2.737019e-04
  1.5000e+01     2.825066e-04
  1.5142e+01     2.915924e-04
  1.5285e+01     3.009682e-04
  1.5428e+01     3.106430e-04
  1.5571e+01     3.206263e-04
  1.5714e+01     3.309277e-04
  1.5857e+01     3.415573e-04
  1.6000e+01     3.525251e-04
  1.6142e+01     3.638419e-04
  1.6285e+01     3.755185e-04
  1.6428e+01     3.875661e-04
  1.6571e+01     3.999962e-04
  1.6714e+01     4.128208e-04
  1.6857e+01     4.260521e-04
  1.7000e+01     4.397026e-04
  1.7142e+01     4.537854e-04
  1.7285e+01     4.683138e-04
  1.7428e+01     4.833016e-04
  1.7571e+01     4.987629e-04
  1.7714e+01     5.147122e-04
  1.7857e+01     5.311645e-04
  1.8000e+01     5.481353e-04
  1.8142e+01     5.656404e-04
  1.8285e+01     5.836960e-04
  1.8428e+01     6.023190e-04
  1.8571e+01     6.215266e-04
  1.8714e+01     6.413365e-04
  1.8857e+01     6.617669e-04
  1.9000e+01     6.828366e-04
  1.9142e+01     7.045648e-04
  1.9285e+01     7.269713e-04
  1.9428e+01     7.500764e-04
  1.9571e+01     7.739010e-04
  1.9714e+01     7.984664e-04
  1.9857e+01     8.237948e-04
  2.0000e+01     8.499087e-04
  2.0142e+01     8.768312e-04
  2.0285e+01     9.045863e-04
  2.0428e+01     9.331983e-04
  2.0571e+01     9.626922e-04
  2.0714e+01     9.930937e-04
  2.0857e+01     1.024429e-03
  2.1000e+01     1.056726e-03
  2.1142e+01     1.090011e-03
  2.1285e+01     1.124313e-03
  2.1428e+01     1.159661e-03
  2.1571e+01     1.196085e-03
  2.1714e+01     1.233615e-03
  2.1857e+01     1.272282e-03
  2.2000e+01     1.312118e-03
  2.2142e+01     1.353156e-03
  2.2285e+01     1.395429e-03
  2.2428e+01     1.438971e-03
  2.2571e+01     1.483817e-03
  2.2714e+01     1.530002e-03
  2.2857e+01     1.577562e-03
  2.3000e+01     1.626535e-03
  2.3142e+01     1.676957e-03
  2.3285e+01     1.728868e-03
  2.3428e+01     1.782307e-03
  2.3571e+01     1.837313e-03
  2.3714e+01     1.893927e-03
  2.3857e+01     1.952190e-03
  2.4000e+01     2.012144e-03
  2.4142e+01     2.073831e-03
  2.4285e+01     2.137296e-03
  2.4428e+01     2.202581e-03
  2.4571e+01     2.269730e-03
  2.4714e+01     2.338790e-03
  2.4857e+01     2.409806e-03
  2.5000e+01     2.482822e-03
  2.5142e+01     2.557887e-03
  2.5285e+01     2.635047e-03
  2.5428e+01     2.714349e-03
  2.5571e+01     2.795841e-03
  2.5714e+01     2.879571e-03
  2.5857e+01     2.965587e-03
  2.6000e+01     3.053937e-03
  2.6142e+01     3.144670e-03
  2.6285e+01     3.237833e-03
  2.6428e+01     3.333476e-03
  2.6571e+01     3.431647e-03
  2.6714e+01     3.532393e-03
  2.6857e+01     3.635763e-03
  2.7000e+01     3.741802e-03
  2.7142e+01     3.850559e-03
  2.7285e+01     3.962078e-03
  2.7428e+01     4.076405e-03
  2.7571e+01     4.193585e-03
  2.7714e+01     4.313659e-03
  2.7857e+01     4.436670e-03
  2.8000e+01     4.562659e-03
  2.8142e+01     4.691664e-03
  2.8285e+01     4.823722e-03
  2.8428e+01     4.958870e-03
  2.8571e+01     5.097139e-03
  2.8714e+01     5.238560e-03
  2.8857e+01     5.383163e-03
  2.9000e+01     5.530971e-03
  2.9142e+01     5.682009e-03
  2.9285e+01     5.836295e-03
  2.9428e+01     5.993845e-03
  2.9571e+01     6.154671e-03
  2.9714e+01     6.318782e-03
  2.9857e+01     6.486180e-03
  3.0000e+01     6.656866e-03
  3.0142e+01     6.830834e-03
  3.0285e+01     7.008073e-03
  3.0428e+01     7.188566e-03
  3.0571e+01     7.372293e-03
  3.0714e+01     7.559225e-03
  3.0857e+01     7.749328e-03
  3.1000e+01     7.942561e-03
  3.1142e+01     8.138876e-03
  3.1285e+01     8.338217e-03
  3.1428e+01     8.540522e-03
  3.1571e+01     8.745720e-03
  3.1714e+01     8.953731e-03
  3.1857e+01     9.164468e-03
  3.2000e+01     9.377833e-03
  3.2142e+01     9.593721e-03
  3.2285e+01     9.812017e-03
  3.2428e+01     1.003260e-02
  3.2571e+01     1.025532e-02
  3.2714e+01     1.048005e-02
  3.2857e+01     1.070663e-02
  3.3000e+01     1.093488e-02
  3.3142e+01     1.116464e-02
  3.3285e+01     1.139572e-02
  3.3428e+01     1.162791e-02
  3.3571e+01     1.186101e-02
  3.3714e+01     1.209479e-02
  3.3857e+01     1.232903e-02
  3.4000e+01     1.256349e-02
  3.4142e+01     1.279790e-02
  3.4285e+01     1.303200e-02
  3.4428e+01     1.326552e-02
  3.4571e+01     1.349818e-02
  3.4714e+01     1.372968e-02
  3.4857e+01     1.395972e-02
  3.5000e+01     1.418798e-02
  3.5142e+01     1.441414e-02
  3.5285e+01     1.463787e-02
  3.5428e+01     1.485883e-02
  3.5571e+01     1.507669e-02
  3.5714e+01     1.529110e-02
  3.5857e+01     1.550169e-02
  3.6000e+01     1.570812e-02
  3.6142e+01     1.591001e-02
  3.6285e+01     1.610702e-02
  3.6428e+01     1.629877e-02
  3.6571e+01     1.648490e-02
  3.6714e+01     1.666505e-02
  3.6857e+01     1.683886e-02
  3.7000e+01     1.700597e-02
  3.7142e+01     1.716604e-02
  3.7285e+01     1.731872e-02
  3.7428e+01     1.746367e-02
  3.7571e+01     1.760057e-02
  3.7714e+01     1.772911e-02
  3.7857e+01     1.784897e-02
  3.8000e+01     1.795987e-02
  3.8142e+01     1.806153e-02
  3.8285e+01     1.815370e-02
  3.8428e+01     1.823613e-02
  3.8571e+01     1.830859e-02
  3.8714e+01     1.837089e-02
  3.8857e+01     1.842284e-02
  3.9000e+01     1.846427e-02
  3.9142e+01     1.849505e-02
  3.9285e+01     1.851507e-02
  3.9428e+01     1.852423e-02
  3.9571e+01     1.852247e-02
  3.9714e+01     1.850974e-02
  3.9857e+01     1.848603e-02
  4.0000e+01     1.845135e-02
  4.0142e+01     1.840574e-02
  4.0285e+01     1.834926e-02
  4.0428e+01     1.828199e-02
  4.0571e+01     1.820406e-02
  4.0714e+01     1.811560e-02
  4.0857e+01     1.801677e-02
  4.1000e+01     1.790777e-02
  4.1142e+01     1.778880e-02
  4.1285e+01     1.766011e-02
  4.1428e+01     1.752194e-02
  4.1571e+01     1.737457e-02
  4.1714e+01     1.721829e-02
  4.1857e+01     1.705342e-02
  4.2000e+01     1.688029e-02
  4.2142e+01     1.669925e-02
  4.2285e+01     1.651064e-02
  4.2428e+01     1.631484e-02
  4.2571e+01     1.611223e-02
  4.2714e+01     1.590319e-02
  4.2857e+01     1.568814e-02
  4.3000e+01     1.546746e-02
  4.3142e+01     1.524157e-02
  4.3285e+01     1.501087e-02
  4.3428e+01     1.477578e-02
  4.3571e+01     1.453670e-02
  4.3714e+01     1.429405e-02
  4.3857e+01     1.404823e-02
  4.4000e+01     1.379965e-02
  4.4142e+01     1.354869e-02
  4.4285e+01     1.329575e-02
  4.4428e+01     1.304122e-02
  4.4571e+01     1.278546e-02
  4.4714e+01     1.252883e-02
  4.4857e+01     1.227170e-02
  4.5000e+01     1.201440e-02
  4.5142e+01     1.175726e-02
  4.5285e+01     1.150059e-02
  4.5428e+01     1.124471e-02
  4.5571e+01     1.098990e-02
  4.5714e+01     1.073645e-02
  4.5857e+01     1.048460e-02
  4.6000e+01     1.023461e-02
  4.6142e+01     9.986722e-03
  4.6285e+01     9.741147e-03
  4.6428e+01     9.498093e-03
  4.6571e+01     9.257753e-03
  4.6714e+01     9.020303e-03
  4.6857e+01     8.785908e-03
  4.7000e+01     8.554718e-03
  4.7142e+01     8.326871e-03
  4.7285e+01     8.102489e-03
  4.7428e+01     7.881685e-03
  4.7571e+01     7.664559e-03
  4.7714e+01     7.451196e-03
  4.7857e+01     7.241674e-03
  4.8000e+01     7.036057e-03
  4.8142e+01     6.834401e-03
  4.8285e+01     6.636749e-03
  4.8428e+01     6.443137e-03
  4.8571e+01     6.253590e-03
  4.8714e+01     6.068127e-03
  4.8857e+01     5.886757e-03
  4.9000e+01     5.709481e-03
  4.9142e+01     5.536293e-03
  4.9285e+01     5.367182e-03
  4.9428e+01     5.202130e-03
  4.9571e+01     5.041112e-03
  4.9714e+01     4.884099e-03
  4.9857e+01     4.731055e-03
  5.0000e+01     4.581943e-03
  5.0142e+01     4.436719e-03
  5.0285e+01     4.295335e-03
  5.0428e+01     4.157742e-03
  5.0571e+01     4.023886e-03
  5.0714e+01     3.893711e-03
  5.0857e+01     3.767158e-03
  5.1000e+01     3.644166e-03
  5.1142e+01     3.524672e-03
  5.1285e+01     3.408613e-03
  5.1428e+01     3.295922e-03
  5.1571e+01     3.186532e-03
  5.1714e+01     3.080377e-03
  5.1857e+01     2.977387e-03
  5.2000e+01     2.877493e-03
  5.2142e+01     2.780627e-03
  5.2285e+01     2.686719e-03
  5.2428e+01     2.595699e-03
  5.2571e+01     2.507499e-03
  5.2714e+01     2.422049e-03
  5.2857e+01     2.339280e-03
  5.3000e+01     2.259125e-03
  5.3142e+01     2.181515e-03
  5.3285e+01     2.106385e-03
  5.3428e+01     2.033667e-03
  5.3571e+01     1.963297e-03
  5.3714e+01     1.895210e-03
  5.3857e+01     1.829342e-03
  5.4000e+01     1.765632e-03
  5.4142e+01     1.704018e-03
  5.4285e+01     1.644439e-03
  5.4428e+01     1.586836e-03
  5.4571e+01     1.531152e-03
  5.4714e+01     1.477329e-03
  5.4857e+01     1.425312e-03
  5.5000e+01     1.375046e-03
  5.5142e+01     1.326477e-03
  5.5285e+01     1.279555e-03
  5.5428e+01     1.234228e-03
  5.5571e+01     1.190446e-03
  5.5714e+01     1.148161e-03
  5.5857e+01     1.107326e-03
  5.6000e+01     1.067894e-03
  5.6142e+01     1.029822e-03
  5.6285e+01     9.930644e-04
  5.6428e+01     9.575799e-04
  5.6571e+01     9.233271e-04
  5.6714e+01     8.902656e-04
  5.6857e+01     8.583565e-04
  5.7000e+01     8.275618e-04
  5.7142e+01     7.978448e-04
  5.7285e+01     7.691696e-04
  5.7428e+01     7.415014e-04
  5.7571e+01     7.148067e-04
  5.7714e+01     6.890528e-04
  5.7857e+01     6.642078e-04
  5.8000e+01     6.402411e-04
  5.8142e+01     6.171230e-04
  5.8285e+01     5.948244e-04
  5.8428e+01     5.733175e-04
  5.8571e+01     5.525751e-04
  5.8714e+01     5.325711e-04
  5.8857e+01     5.132799e-04
  5.9000e+01     4.946770e-04
  5.9142e+01     4.767386e-04
  5.9285e+01     4.594417e-04
  5.9428e+01     4.427639e-04
  5.9571e+01     4.266837e-04
  5.9714e+01     4.111803e-04
  5.9857e+01     3.962334e-04
  6.0000e+01     3.818237e-04
  6.0142e+01     3.679321e-04
  6.0285e+01     3.545406e-04
  6.0428e+01     3.416315e-04
  6.0571e+01     3.291877e-04
  6.0714e+01     3.171929e-04
  6.0857e+01     3.056312e-04
  6.1000e+01     2.944871e-04
  6.1142e+01     2.837459e-04
  6.1285e+01     2.733933e-04
  6.1428e+01     2.634155e-04
  6.1571e+01     2.537990e-04
  6.1714e+01     2.445310e-04
  6.1857e+01     2.355991e-04
  6.2000e+01     2.269912e-04
  6.2142e+01     2.186958e-04
  6.2285e+01     2.107016e-04
  6.2428e+01     2.029979e-04
  6.2571e+01     1.955742e-04
  6.2714e+01     1.884204e-04
  6.2857e+01     1.815269e-04
  6.3000e+01     1.748843e-04
  6.3142e+01     1.684836e-04
  6.3285e+01     1.623160e-04
  6.3428e+01     1.563731e-04
  6.3571e+01     1.506468e-04
  6.3714e+01     1.451293e-04
  6.3857e+01     1.398130e-04
  6.4000e+01     1.346907e-04
  6.4142e+01     1.297554e-04
  6.4285e+01     1.250002e-04
  6.4428e+01     1.204187e-04
  6.4571e+01     1.160045e-04
  6.4714e+01     1.117516e-04
  6.4857e+01     1.076541e-04
  6.5000e+01     1.037063e-04
  6.5142e+01     9.990295e-05
  6.5285e+01     9.623865e-05
  6.5428e+01     9.270838e-05
  6.5571e+01     8.930727e-05
  6.5714e+01     8.603061e-05
  6.5857e+01     8.287388e-05
  6.6000e+01     7.983271e-05
  6.6142e+01     7.690288e-05
  6.6285e+01     7.408034e-05
  6.6428e+01     7.136117e-05
  6.6571e+01     6.874161e-05
  6.6714e+01     6.621802e-05
  6.6857e+01     6.378690e-05
  6.7000e+01     6.144487e-05
  6.7142e+01     5.918869e-05
  6.7285e+01     5.701521e-05
  6.7428e+01     5.492141e-05
  6.7571e+01     5.290438e-05
  6.7714e+01     5.096132e-05
  6.7857e+01     4.908952e-05
  6.8000e+01     4.728637e-05
  6.8142e+01     4.554937e-05
  6.8285e+01     4.387609e-05
  6.8428e+01     4.226420e-05
  6.8571e+01     4.071146e-05
  6.8714e+01     3.921569e-05
  6.8857e+01     3.777483e-05
  6.9000e+01     3.638684e-05
  6.9142e+01     3.504980e-05
  6.9285e+01     3.376185e-05
  6.9428e+01     3.252117e-05
  6.9571e+01     3.132604e-05
  6.9714e+01     3.017480e-05
  6.9857e+01     2.906583e-05
  7.0000e+01     2.799758e-05
  7.0142e+01     2.696856e-05
  7.0285e+01     2.597733e-05
  7.0428e+01     2.502251e-05
  7.0571e+01     2.410275e-05
  7.0714e+01     2.321679e-05
  7.0857e+01     2.236336e-05
  7.1000e+01     2.154129e-05
  7.1142e+01     2.074942e-05
  7.1285e+01     1.998664e-05
  7.1428e+01     1.925189e-05
  7.1571e+01     1.854413e-05
  7.1714e+01     1.786238e-05
  7.1857e+01     1.720568e-05
  7.2000e+01     1.657311e-05
  7.2142e+01     1.596378e-05
  7.2285e+01     1.537685e-05
  7.2428e+01     1.481149e-05
  7.2571e+01     1.426690e-05
  7.2714e+01     1.374233e-05
  7.2857e+01     1.323705e-05
  7.3000e+01     1.275033e-05
  7.3142e+01     1.228150e-05
  7.3285e+01     1.182991e-05
  7.3428e+01     1.139491e-05
  7.3571e+01     1.097591e-05
  7.3714e+01     1.057230e-05
  7.3857e+01     1.018354e-05
  7.4000e+01     9.809063e-06
  7.4142e+01     9.448355e-06
  7.4285e+01     9.100908e-06
  7.4428e+01     8.766234e-06
  7.4571e+01     8.443865e-06
  7.4714e+01     8.133347e-06
  7.4857e+01     7.834246e-06
  7.5000e+01     7.546142e-06
  7.5142e+01     7.268630e-06
  7.5285e+01     7.001322e-06
  7.5428e+01     6.743843e-06
  7.5571e+01     6.495830e-06
  7.5714e+01     6.256937e-06
  7.5857e+01     6.026828e-06
  7.6000e+01     5.805180e-06
  7.6142e+01     5.591683e-06
  7.6285e+01     5.386036e-06
  7.6428e+01     5.187950e-06
  7.6571e+01     4.997149e-06
  7.6714e+01     4.813364e-06
  7.6857e+01     4.636338e-06
  7.7000e+01     4.465821e-06
  7.7142e+01     4.301575e-06
  7.7285e+01     4.143369e-06
  7.7428e+01     3.990980e-06
  7.7571e+01     3.844196e-06
  7.7714e+01     3.702810e-06
  7.7857e+01     3.566623e-06
  7.8000e+01     3.435445e-06
  7.8142e+01     3.309090e-06
  7.8285e+01     3.187383e-06
  7.8428e+01     3.070152e-06
  7.8571e+01     2.957232e-06
  7.8714e+01     2.848464e-06
  7.8857e+01     2.743697e-06
  7.9000e+01     2.642783e-06
  7.9142e+01     2.545581e-06
  7.9285e+01     2.451953e-06
  7.9428e+01     2.361769e-06
  7.9571e+01     2.274901e-06
  7.9714e+01     2.191228e-06
  7.9857e+01     2.110633e-06
  8.0000e+01     2.033002e-06
  8.0142e+01     1.958226e-06
  8.0285e+01     1.886200e-06
  8.0428e+01     1.816824e-06
  8.0571e+01     1.749999e-06
  8.0714e+01     1.685631e-06
  8.0857e+01     1.623631e-06
  8.1000e+01     1.563912e-06
  8.1142e+01     1.506389e-06
  8.1285e+01     1.450981e-06
  8.1428e+01     1.397612e-06
  8.1571e+01     1.346205e-06
  8.1714e+01     1.296689e-06
  8.1857e+01     1.248995e-06
  8.2000e+01     1.203055e-06
  8.2142e+01     1.158804e-06
  8.2285e+01     1.116181e-06
  8.2428e+01     1.075125e-06
  8.2571e+01     1.035580e-06
  8.2714e+01     9.974893e-07
  8.2857e+01     9.607995e-07
  8.3000e+01     9.254593e-07
  8.3142e+01     8.914188e-07
  8.3285e+01     8.586305e-07
  8.3428e+01     8.270481e-07
  8.3571e+01     7.966273e-07
  8.3714e+01     7.673255e-07
  8.3857e+01     7.391015e-07
  8.4000e+01     7.119155e-07
  8.4142e+01     6.857296e-07
  8.4285e+01     6.605067e-07
  8.4428e+01     6.362117e-07
  8.4571e+01     6.128102e-07
  8.4714e+01     5.902695e-07
  8.4857e+01     5.685579e-07
  8.5000e+01     5.476449e-07
  8.5142e+01     5.275011e-07
  8.5285e+01     5.080982e-07
  8.5428e+01     4.894090e-07
  8.5571e+01     4.714072e-07
  8.5714e+01     4.540676e-07
  8.5857e+01     4.373658e-07
  8.6000e+01     4.212783e-07
  8.6142e+01     4.057825e-07
  8.6285e+01     3.908567e-07
  8.6428e+01     3.764799e-07
  8.6571e+01     3.626320e-07
  8.6714e+01     3.492933e-07
  8.6857e+01     3.364453e-07
  8.7000e+01     3.240699e-07
  8.7142e+01     3.121497e-07
  8.7285e+01     3.006680e-07
  8.7428e+01     2.896085e-07
  8.7571e+01     2.789559e-07
  8.7714e+01     2.686951e-07
  8.7857e+01     2.588117e-07
  8.8000e+01     2.492919e-07
  8.8142e+01     2.401222e-07
  8.8285e+01     2.312898e-07
  8.8428e+01     2.227823e-07
  8.8571e+01     2.145877e-07
  8.8714e+01     2.066945e-07
  8.8857e+01     1.990917e-07
  8.9000e+01     1.917685e-07
  8.9142e+01     1.847147e-07
  8.9285e+01     1.779203e-07
  8.9428e+01     1.713759e-07
  8.9571e+01     1.650722e-07
  8.9714e+01     1.590003e-07
  8.9857e+01     1.531518e-07
  9.0000e+01     1.475184e-07
  9.0142e+01     1.420923e-07
  9.0285e+01     1.368657e-07
  9.0428e+01     1.318313e-07
  9.0571e+01     1.269822e-07
  9.0714e+01     1.223114e-07
  9.0857e+01     1.178124e-07
  9.1000e+01     1.134789e-07
  9.1142e+01     1.093048e-07
  9.1285e+01     1.052843e-07
  9.1428e+01     1.014116e-07
  9.1571e+01     9.768135e-08
  9.1714e+01     9.408833e-08
  9.1857e+01     9.062747e-08
  9.2000e+01     8.729391e-08
  9.2142e+01     8.408297e-08
  9.2285e+01     8.099014e-08
  9.2428e+01     7.801107e-08
  9.2571e+01     7.514159e-08
  9.2714e+01     7.237765e-08
  9.2857e+01     6.971537e-08
  9.3000e+01     6.715102e-08
  9.3142e+01     6.468100e-08
  9.3285e+01     6.230183e-08
  9.3428e+01     6.001018e-08
  9.3571e+01     5.780282e-08
  9.3714e+01     5.567665e-08
  9.3857e+01     5.362869e-08
  9.4000e+01     5.165606e-08
  9.4142e+01     4.975599e-08
  9.4285e+01     4.792581e-08
  9.4428e+01     4.616295e-08
  9.4571e+01     4.446493e-08
  9.4714e+01     4.282937e-08
  9.4857e+01     4.125397e-08
  9.5000e+01     3.973652e-08
  9.5142e+01     3.827489e-08
  9.5285e+01     3.686702e-08
  9.5428e+01     3.551093e-08
  9.5571e+01     3.420473e-08
  9.5714e+01     3.294657e-08
  9.5857e+01     3.173470e-08
  9.6000e+01     3.056739e-08
  9.6142e+01     2.944303e-08
  9.6285e+01     2.836002e-08
  9.6428e+01     2.731685e-08
  9.6571e+01     2.631205e-08
  9.6714e+01     2.534421e-08
  9.6857e+01     2.441197e-08
  9.7000e+01     2.351402e-08
  9.7142e+01     2.264910e-08
  9.7285e+01     2.181600e-08
  9.7428e+01     2.101354e-08
  9.7571e+01     2.024059e-08
  9.7714e+01     1.949608e-08
  9.7857e+01     1.877895e-08
  9.8000e+01     1.808820e-08
  9.8142e+01     1.742286e-08
  9.8285e+01     1.678199e-08
  9.8428e+01     1.616470e-08
  9.8571e+01     1.557011e-08
  9.8714e+01     1.499739e-08
  9.8857e+01     1.444574e-08
  9.9000e+01     1.391438e-08
  9.9142e+01     1.340257e-08
  9.9285e+01     1.290958e-08
  9.9428e+01     1.243472e-08
  9.9571e+01     1.197734e-08
  9.9714e+01     1.153677e-08
  9.9857e+01     1.111241e-08
  1.0000e+02     1.070366e-08
  1.0014e+02     1.030995e-08
  1.0028e+02     9.930715e-09
  1.0042e+02     9.565432e-09
  1.0057e+02     9.213585e-09
  1.0071e+02     8.874681e-09
  1.0085e+02     8.548242e-09
  1.0100e+02     8.233810e-09
  1.0114e+02     7.930945e-09
  1.0128e+02     7.639220e-09
  1.0142e+02     7.358225e-09
  1.0157e+02     7.087566e-09
  1.0171e+02     6.826863e-09
  1.0185e+02     6.575749e-09
  1.0200e+02     6.333873e-09
  1.0214e+02     6.100893e-09
  1.0228e+02     5.876483e-09
  1.0242e+02     5.660327e-09
  1.0257e+02     5.452122e-09
  1.0271e+02     5.251576e-09
  1.0285e+02     5.058406e-09
  1.0300e+02     4.872342e-09
  1.0314e+02     4.693122e-09
  1.0328e+02     4.520494e-09
  1.0342e+02     4.354216e-09
  1.0357e+02     4.194054e-09
  1.0371e+02     4.039784e-09
  1.0385e+02     3.891188e-09
  1.0400e+02     3.748057e-09
  1.0414e+02     3.610192e-09
