# Epidemic | 7 days incidence [ x-unit: transmission cycles | y-unit: ]
# ==============================================================================
  0.0000e+00     1.000000e-05
  1.4286e-01     1.155478e-05
  2.8571e-01     1.335130e-05
  4.2857e-01     1.542712e-05
  5.7143e-01     1.782568e-05
  7.1429e-01     2.059716e-05
  8.5714e-01     2.379952e-05
  1.0000e+00     2.749975e-05
  1.1428e+00     3.102687e-05
  1.2857e+00     3.488991e-05
  1.4285e+00     3.920413e-05
  1.5714e+00     4.401646e-05
  1.7142e+00     4.937748e-05
  1.8571e+00     5.534149e-05
  2.0000e+00     6.196639e-05
  2.1428e+00     6.931351e-05
  2.2857e+00     7.744729e-05
  2.4285e+00     8.643473e-05
  2.5714e+00     9.634467e-05
  2.7142e+00     1.072467e-04
  2.8571e+00     1.192099e-04
  3.0000e+00     1.323006e-04
  3.1428e+00     1.522379e-04
  3.2857e+00     1.759024e-04
  3.4285e+00     2.032445e-04
  3.5714e+00     2.348352e-04
  3.7142e+00     2.713343e-04
  3.8571e+00     3.135040e-04
  4.0000e+00     3.622243e-04
  4.1428e+00     4.185119e-04
  4.2857e+00     4.835406e-04
  4.4285e+00     5.586660e-04
  4.5714e+00     6.454534e-04
  4.7142e+00     7.457096e-04
  4.8571e+00     8.615204e-04
  5.0000e+00     9.952933e-04
  5.1428e+00     1.149806e-03
  5.2857e+00     1.328264e-03
  5.4285e+00     1.534362e-03
  5.5714e+00     1.772365e-03
  5.7142e+00     2.047184e-03
  5.8571e+00     2.364482e-03
  6.0000e+00     2.730779e-03
  6.1428e+00     3.153583e-03
  6.2857e+00     3.641530e-03
  6.4285e+00     4.204549e-03
  6.5714e+00     4.854050e-03
  6.7142e+00     5.603125e-03
  6.8571e+00     6.466786e-03
  7.0000e+00     7.462226e-03
  7.1428e+00     8.609099e-03
  7.2857e+00     9.929844e-03
  7.4285e+00     1.145002e-02
  7.5714e+00     1.319869e-02
  7.7142e+00     1.520876e-02
  7.8571e+00     1.751744e-02
  8.0000e+00     2.016659e-02
  8.1428e+00     2.320309e-02
  8.2857e+00     2.667918e-02
  8.4285e+00     3.065263e-02
  8.5714e+00     3.518687e-02
  8.7142e+00     4.035078e-02
  8.8571e+00     4.621826e-02
  9.0000e+00     5.286730e-02
  9.1428e+00     6.037844e-02
  9.2857e+00     6.883251e-02
  9.4285e+00     7.830730e-02
  9.5714e+00     8.887295e-02
  9.7142e+00     1.005858e-01
  9.8571e+00     1.134804e-01
  1.0000e+01     1.275593e-01
  1.0142e+01     1.427810e-01
  1.0285e+01     1.590447e-01
  1.0428e+01     1.761748e-01
  1.0571e+01     1.939024e-01
  1.0714e+01     2.118491e-01
  1.0857e+01     2.295127e-01
  1.1000e+01     2.462594e-01
  1.1142e+01     2.613271e-01
  1.1285e+01     2.738449e-01
  1.1428e+01     2.828740e-01
  1.1571e+01     2.874742e-01
  1.1714e+01     2.867979e-01
  1.1857e+01     2.802054e-01
  1.2000e+01     2.673907e-01
  1.2142e+01     2.484961e-01
  1.2285e+01     2.241873e-01
  1.2428e+01     1.956598e-01
  1.2571e+01     1.645541e-01
  1.2714e+01     1.327767e-01
  1.2857e+01     1.022474e-01
