# Epidemic | 7 days incidence [ x-unit: transmission cycles | y-unit: ]
# ==============================================================================
  0.0000e+00     1.000000e-05
  1.4286e-01     1.104089e-05
  2.8571e-01     1.219013e-05
  4.2857e-01     1.345899e-05
  5.7143e-01     1.485991e-05
  7.1429e-01     1.640665e-05
  8.5714e-01     1.811437e-05
  1.0000e+00     1.999984e-05
  1.1428e+00     2.169108e-05
  1.2857e+00     2.346981e-05
  1.4285e+00     2.538380e-05
  1.5714e+00     2.744195e-05
  1.7142e+00     2.965353e-05
  1.8571e+00     3.202818e-05
  2.0000e+00     3.457590e-05
  2.1428e+00     3.730697e-05
  2.2857e+00     4.023196e-05
  2.4285e+00     4.336166e-05
  2.5714e+00     4.670700e-05
  2.7142e+00     5.027894e-05
  2.8571e+00     5.408844e-05
  3.0000e+00     5.814624e-05
  3.1428e+00     6.402427e-05
  3.2857e+00     7.068743e-05
  3.4285e+00     7.804390e-05
  3.5714e+00     8.616579e-05
  3.7142e+00     9.513268e-05
  3.8571e+00     1.050325e-04
  4.0000e+00     1.159621e-04
  4.1428e+00     1.280287e-04
  4.2857e+00     1.413504e-04
  4.4285e+00     1.560577e-04
  4.5714e+00     1.722945e-04
  4.7142e+00     1.902198e-04
  4.8571e+00     2.100090e-04
  5.0000e+00     2.318556e-04
  5.1428e+00     2.559733e-04
  5.2857e+00     2.825978e-04
  5.4285e+00     3.119893e-04
  5.5714e+00     3.444347e-04
  5.7142e+00     3.802508e-04
  5.8571e+00     4.197870e-04
  6.0000e+00     4.634288e-04
  6.1428e+00     5.116014e-04
  6.2857e+00     5.647738e-04
  6.4285e+00     6.234631e-04
  6.5714e+00     6.882399e-04
  6.7142e+00     7.597330e-04
  6.8571e+00     8.386357e-04
  7.0000e+00     9.257123e-04
  7.1428e+00     1.021805e-03
  7.2857e+00     1.127842e-03
  7.4285e+00     1.244845e-03
  7.5714e+00     1.373941e-03
  7.7142e+00     1.516370e-03
  7.8571e+00     1.673495e-03
  8.0000e+00     1.846820e-03
  8.1428e+00     2.037995e-03
  8.2857e+00     2.248839e-03
  8.4285e+00     2.481346e-03
  8.5714e+00     2.737712e-03
  8.7142e+00     3.020344e-03
  8.8571e+00     3.331886e-03
  9.0000e+00     3.675235e-03
  9.1428e+00     4.053569e-03
  9.2857e+00     4.470365e-03
  9.4285e+00     4.929427e-03
  9.5714e+00     5.434913e-03
  9.7142e+00     5.991362e-03
  9.8571e+00     6.603721e-03
  1.0000e+01     7.277378e-03
  1.0142e+01     8.018188e-03
  1.0285e+01     8.832504e-03
  1.0428e+01     9.727206e-03
  1.0571e+01     1.070973e-02
  1.0714e+01     1.178808e-02
  1.0857e+01     1.297087e-02
  1.1000e+01     1.426731e-02
  1.1142e+01     1.568725e-02
  1.1285e+01     1.724112e-02
  1.1428e+01     1.893999e-02
  1.1571e+01     2.079545e-02
  1.1714e+01     2.281963e-02
  1.1857e+01     2.502505e-02
  1.2000e+01     2.742459e-02
  1.2142e+01     3.003126e-02
  1.2285e+01     3.285806e-02
  1.2428e+01     3.591771e-02
  1.2571e+01     3.922237e-02
  1.2714e+01     4.278323e-02
  1.2857e+01     4.661009e-02
  1.3000e+01     5.071083e-02
  1.3142e+01     5.509076e-02
  1.3285e+01     5.975191e-02
  1.3428e+01     6.469222e-02
  1.3571e+01     6.990464e-02
  1.3714e+01     7.537614e-02
  1.3857e+01     8.108662e-02
  1.4000e+01     8.700789e-02
  1.4142e+01     9.310257e-02
  1.4285e+01     9.932308e-02
  1.4428e+01     1.056108e-01
  1.4571e+01     1.118956e-01
  1.4714e+01     1.180951e-01
  1.4857e+01     1.241157e-01
  1.5000e+01     1.298525e-01
  1.5142e+01     1.351915e-01
  1.5285e+01     1.400115e-01
  1.5428e+01     1.441876e-01
  1.5571e+01     1.475955e-01
  1.5714e+01     1.501159e-01
  1.5857e+01     1.516410e-01
  1.6000e+01     1.520798e-01
  1.6142e+01     1.513649e-01
  1.6285e+01     1.494577e-01
  1.6428e+01     1.463532e-01
  1.6571e+01     1.420831e-01
  1.6714e+01     1.367171e-01
  1.6857e+01     1.303613e-01
  1.7000e+01     1.231546e-01
  1.7142e+01     1.152626e-01
  1.7285e+01     1.068694e-01
  1.7428e+01     9.816815e-02
  1.7571e+01     8.935111e-02
  1.7714e+01     8.060037e-02
  1.7857e+01     7.207950e-02
  1.8000e+01     6.392726e-02
  1.8142e+01     5.625360e-02
  1.8285e+01     4.913815e-02
  1.8428e+01     4.263084e-02
  1.8571e+01     3.675446e-02
  1.8714e+01     3.150847e-02
  1.8857e+01     2.687354e-02
  1.9000e+01     2.281635e-02
  1.9142e+01     1.929406e-02
  1.9285e+01     1.625829e-02
  1.9428e+01     1.365843e-02
  1.9571e+01     1.144415e-02
  1.9714e+01     9.567234e-03
  1.9857e+01     7.982778e-03
  2.0000e+01     6.649868e-03
  2.0142e+01     5.531884e-03
  2.0285e+01     4.596518e-03
  2.0428e+01     3.815590e-03
  2.0571e+01     3.164754e-03
  2.0714e+01     2.623145e-03
  2.0857e+01     2.172991e-03
  2.1000e+01     1.799235e-03
  2.1142e+01     1.489180e-03
  2.1285e+01     1.232152e-03
  2.1428e+01     1.019210e-03
  2.1571e+01     8.428801e-04
  2.1714e+01     6.969262e-04
  2.1857e+01     5.761569e-04
  2.2000e+01     4.762548e-04
  2.2142e+01     3.936334e-04
  2.2285e+01     3.253169e-04
  2.2428e+01     2.688376e-04
  2.2571e+01     2.221505e-04
  2.2714e+01     1.835621e-04
  2.2857e+01     1.516705e-04
  2.3000e+01     1.253154e-04
  2.3142e+01     1.035371e-04
  2.3285e+01     8.554154e-05
  2.3428e+01     7.067243e-05
  2.3571e+01     5.838700e-05
  2.3714e+01     4.823660e-05
  2.3857e+01     3.985038e-05
  2.4000e+01     3.292186e-05
  2.4142e+01     2.719776e-05
  2.4285e+01     2.246877e-05
  2.4428e+01     1.856194e-05
  2.4571e+01     1.533435e-05
  2.4714e+01     1.266794e-05
  2.4857e+01     1.046515e-05
  2.5000e+01     8.645377e-06
  2.5142e+01     7.142028e-06
  2.5285e+01     5.900087e-06
  2.5428e+01     4.874104e-06
  2.5571e+01     4.026527e-06
  2.5714e+01     3.326336e-06
  2.5857e+01     2.747902e-06
  2.6000e+01     2.270054e-06
  2.6142e+01     1.875300e-06
  2.6285e+01     1.549192e-06
  2.6428e+01     1.279792e-06
  2.6571e+01     1.057240e-06
  2.6714e+01     8.733893e-07
  2.6857e+01     7.215092e-07
  2.7000e+01     5.960405e-07
  2.7142e+01     4.923905e-07
  2.7285e+01     4.067649e-07
  2.7428e+01     3.360294e-07
  2.7571e+01     2.775946e-07
  2.7714e+01     2.293215e-07
  2.7857e+01     1.894430e-07
  2.8000e+01     1.564992e-07
  2.8142e+01     1.292843e-07
  2.8285e+01     1.068020e-07
  2.8428e+01     8.822938e-08
  2.8571e+01     7.288647e-08
  2.8714e+01     6.021165e-08
  2.8857e+01     4.974096e-08
  2.9000e+01     4.109110e-08
  2.9142e+01     3.394544e-08
  2.9285e+01     2.804239e-08
  2.9428e+01     2.316587e-08
  2.9571e+01     1.913737e-08
  2.9714e+01     1.580942e-08
  2.9857e+01     1.306019e-08
  3.0000e+01     1.078905e-08
  3.0142e+01     8.912853e-09
  3.0285e+01     7.362925e-09
  3.0428e+01     6.082526e-09
  3.0571e+01     5.024786e-09
  3.0714e+01     4.150986e-09
  3.0857e+01     3.429137e-09
  3.1000e+01     2.832816e-09
  3.1142e+01     2.340195e-09
  3.1285e+01     1.933240e-09
  3.1428e+01     1.597053e-09
  3.1571e+01     1.319328e-09
  3.1714e+01     1.089900e-09
  3.1857e+01     9.003681e-10
  3.2000e+01     7.437958e-10
  3.2142e+01     6.144511e-10
  3.2285e+01     5.075992e-10
  3.2428e+01     4.193287e-10
  3.2571e+01     3.464082e-10
  3.2714e+01     2.861685e-10
  3.2857e+01     2.364043e-10
  3.3000e+01     1.952940e-10
  3.3142e+01     1.613328e-10
  3.3285e+01     1.332773e-10
  3.3428e+01     1.101006e-10
  3.3571e+01     9.095434e-11
  3.3714e+01     7.513755e-11
  3.3857e+01     6.207127e-11
  3.4000e+01     5.127719e-11
  3.4142e+01     4.236019e-11
  3.4285e+01     3.499383e-11
  3.4428e+01     2.890847e-11
  3.4571e+01     2.388134e-11
  3.4714e+01     1.972842e-11
  3.4857e+01     1.629768e-11
  3.5000e+01     1.346355e-11
  3.5142e+01     1.112226e-11
  3.5285e+01     9.188122e-12
  3.5428e+01     7.590325e-12
  3.5571e+01     6.270381e-12
  3.5714e+01     5.179974e-12
  3.5857e+01     4.279186e-12
  3.6000e+01     3.535044e-12
  3.6142e+01     2.920306e-12
  3.6285e+01     2.412470e-12
  3.6428e+01     1.992946e-12
  3.6571e+01     1.646377e-12
  3.6714e+01     1.360075e-12
  3.6857e+01     1.123560e-12
  3.7000e+01     9.281754e-13
  3.7142e+01     7.667674e-13
  3.7285e+01     6.334280e-13
  3.7428e+01     5.232761e-13
  3.7571e+01     4.322794e-13
  3.7714e+01     3.571068e-13
  3.7857e+01     2.950066e-13
  3.8000e+01     2.437055e-13
  3.8142e+01     2.013256e-13
  3.8285e+01     1.663154e-13
  3.8428e+01     1.373935e-13
  3.8571e+01     1.135010e-13
  3.8714e+01     9.376340e-14
  3.8857e+01     7.745812e-14
  3.9000e+01     6.398830e-14
  3.9142e+01     5.286086e-14
  3.9285e+01     4.366845e-14
  3.9428e+01     3.607459e-14
  3.9571e+01     2.980129e-14
  3.9714e+01     2.461890e-14
  3.9857e+01     2.033772e-14
  4.0000e+01     1.680103e-14
  4.0142e+01     1.387936e-14
  4.0285e+01     1.146577e-14
  4.0428e+01     9.471891e-15
  4.0571e+01     7.824747e-15
  4.0714e+01     6.464038e-15
  4.0857e+01     5.339954e-15
  4.1000e+01     4.411346e-15
  4.1142e+01     3.644221e-15
  4.1285e+01     3.010498e-15
  4.1428e+01     2.486978e-15
  4.1571e+01     2.054497e-15
  4.1714e+01     1.697224e-15
  4.1857e+01     1.402080e-15
  4.2000e+01     1.158261e-15
  4.2142e+01     9.568415e-16
  4.2285e+01     7.904486e-16
  4.2428e+01     6.529910e-16
  4.2571e+01     5.394371e-16
  4.2714e+01     4.456300e-16
  4.2857e+01     3.681358e-16
  4.3000e+01     3.041177e-16
  4.3142e+01     2.512322e-16
  4.3285e+01     2.075434e-16
  4.3428e+01     1.714520e-16
  4.3571e+01     1.416368e-16
  4.3714e+01     1.170064e-16
  4.3857e+01     9.665923e-17
  4.4000e+01     7.985037e-17
  4.4142e+01     6.596454e-17
  4.4285e+01     5.449343e-17
  4.4428e+01     4.501712e-17
  4.4571e+01     3.718873e-17
  4.4714e+01     3.072168e-17
  4.4857e+01     2.537924e-17
  4.5000e+01     2.096584e-17
  4.5142e+01     1.731992e-17
  4.5285e+01     1.430802e-17
  4.5428e+01     1.181988e-17
  4.5571e+01     9.764424e-18
  4.5714e+01     8.066409e-18
  4.5857e+01     6.663676e-18
  4.6000e+01     5.504875e-18
  4.6142e+01     4.547588e-18
  4.6285e+01     3.756771e-18
  4.6428e+01     3.103475e-18
  4.6571e+01     2.563787e-18
  4.6714e+01     2.117949e-18
  4.6857e+01     1.749642e-18
  4.7000e+01     1.445382e-18
  4.7142e+01     1.194033e-18
  4.7285e+01     9.863929e-19
  4.7428e+01     8.148610e-19
  4.7571e+01     6.731582e-19
  4.7714e+01     5.560973e-19
  4.7857e+01     4.593930e-19
  4.8000e+01     3.795054e-19
  4.8142e+01     3.135102e-19
  4.8285e+01     2.589913e-19
  4.8428e+01     2.139532e-19
  4.8571e+01     1.767472e-19
  4.8714e+01     1.460112e-19
  4.8857e+01     1.206201e-19
  4.9000e+01     9.964448e-20
  4.9142e+01     8.231650e-20
  4.9285e+01     6.800181e-20
  4.9428e+01     5.617642e-20
  4.9571e+01     4.640745e-20
  4.9714e+01     3.833728e-20
  4.9857e+01     3.167050e-20
  5.0000e+01     2.616306e-20
  5.0142e+01     2.161335e-20
  5.0285e+01     1.785483e-20
  5.0428e+01     1.474991e-20
  5.0571e+01     1.218493e-20
  5.0714e+01     1.006599e-20
  5.0857e+01     8.315535e-21
  5.1000e+01     6.869479e-21
  5.1142e+01     5.674889e-21
  5.1285e+01     4.688037e-21
  5.1428e+01     3.872796e-21
  5.1571e+01     3.199324e-21
  5.1714e+01     2.642968e-21
  5.1857e+01     2.183361e-21
  5.2000e+01     1.803678e-21
  5.2142e+01     1.490022e-21
  5.2285e+01     1.230910e-21
  5.2428e+01     1.016857e-21
  5.2571e+01     8.400275e-22
  5.2714e+01     6.939483e-22
  5.2857e+01     5.732720e-22
  5.3000e+01     4.735811e-22
  5.3142e+01     3.912262e-22
  5.3285e+01     3.231927e-22
  5.3428e+01     2.669901e-22
  5.3571e+01     2.205610e-22
  5.3714e+01     1.822059e-22
  5.3857e+01     1.505206e-22
  5.4000e+01     1.243454e-22
  5.4142e+01     1.027219e-22
  5.4285e+01     8.485879e-23
  5.4428e+01     7.010200e-23
  5.4571e+01     5.791140e-23
  5.4714e+01     4.784071e-23
  5.4857e+01     3.952130e-23
  5.5000e+01     3.264862e-23
  5.5142e+01     2.697109e-23
  5.5285e+01     2.228087e-23
  5.5428e+01     1.840627e-23
  5.5571e+01     1.520545e-23
  5.5714e+01     1.256125e-23
  5.5857e+01     1.037687e-23
  5.6000e+01     8.572355e-24
  5.6142e+01     7.081638e-24
  5.6285e+01     5.850155e-24
  5.6428e+01     4.832824e-24
  5.6571e+01     3.992405e-24
  5.6714e+01     3.298133e-24
  5.6857e+01     2.724594e-24
  5.7000e+01     2.250792e-24
  5.7142e+01     1.859384e-24
  5.7285e+01     1.536040e-24
  5.7428e+01     1.268926e-24
  5.7571e+01     1.048262e-24
  5.7714e+01     8.659712e-25
  5.7857e+01     7.153804e-25
  5.8000e+01     5.909771e-25
  5.8142e+01     4.882073e-25
  5.8285e+01     4.033090e-25
  5.8428e+01     3.331743e-25
  5.8571e+01     2.752359e-25
  5.8714e+01     2.273729e-25
  5.8857e+01     1.878332e-25
  5.9000e+01     1.551693e-25
  5.9142e+01     1.281857e-25
  5.9285e+01     1.058944e-25
  5.9428e+01     8.747960e-26
  5.9571e+01     7.226706e-26
  5.9714e+01     5.969995e-26
  5.9857e+01     4.931824e-26
  6.0000e+01     4.074189e-26
  6.0142e+01     3.365695e-26
  6.0285e+01     2.780407e-26
  6.0428e+01     2.296900e-26
  6.0571e+01     1.897473e-26
  6.0714e+01     1.567506e-26
  6.0857e+01     1.294920e-26
  6.1000e+01     1.069736e-26
  6.1142e+01     8.837106e-27
  6.1285e+01     7.300350e-27
  6.1428e+01     6.030833e-27
  6.1571e+01     4.982082e-27
  6.1714e+01     4.115708e-27
  6.1857e+01     3.399994e-27
  6.2000e+01     2.808741e-27
  6.2142e+01     2.320306e-27
  6.2285e+01     1.916810e-27
  6.2428e+01     1.583480e-27
  6.2571e+01     1.308116e-27
  6.2714e+01     1.080637e-27
  6.2857e+01     8.927162e-28
  6.3000e+01     7.374745e-28
  6.3142e+01     6.092291e-28
  6.3285e+01     5.032853e-28
  6.3428e+01     4.157649e-28
  6.3571e+01     3.434642e-28
  6.3714e+01     2.837364e-28
  6.3857e+01     2.343952e-28
  6.4000e+01     1.936343e-28
  6.4142e+01     1.599617e-28
  6.4285e+01     1.321446e-28
  6.4428e+01     1.091649e-28
  6.4571e+01     9.018135e-29
  6.4714e+01     7.449898e-29
  6.4857e+01     6.154375e-29
  6.5000e+01     5.084140e-29
  6.5142e+01     4.200018e-29
  6.5285e+01     3.469643e-29
  6.5428e+01     2.866278e-29
  6.5571e+01     2.367838e-29
  6.5714e+01     1.956075e-29
  6.5857e+01     1.615918e-29
  6.6000e+01     1.334913e-29
  6.6142e+01     1.102774e-29
  6.6285e+01     9.110035e-30
  6.6428e+01     7.525817e-30
  6.6571e+01     6.217091e-30
  6.6714e+01     5.135951e-30
  6.6857e+01     4.242819e-30
  6.7000e+01     3.505000e-30
  6.7142e+01     2.895487e-30
  6.7285e+01     2.391968e-30
  6.7428e+01     1.976009e-30
  6.7571e+01     1.632385e-30
  6.7714e+01     1.348516e-30
  6.7857e+01     1.114012e-30
  6.8000e+01     9.202871e-31
  6.8142e+01     7.602509e-31
  6.8285e+01     6.280447e-31
  6.8428e+01     5.188289e-31
  6.8571e+01     4.286055e-31
  6.8714e+01     3.540718e-31
  6.8857e+01     2.924994e-31
  6.9000e+01     2.416343e-31
  6.9142e+01     1.996146e-31
  6.9285e+01     1.649020e-31
  6.9428e+01     1.362258e-31
  6.9571e+01     1.125364e-31
  6.9714e+01     9.296654e-32
  6.9857e+01     7.679983e-32
  7.0000e+01     6.344449e-32
  7.0142e+01     5.241161e-32
  7.0285e+01     4.329733e-32
  7.0428e+01     3.576800e-32
  7.0571e+01     2.954802e-32
  7.0714e+01     2.440967e-32
  7.0857e+01     2.016488e-32
  7.1000e+01     1.665824e-32
  7.1142e+01     1.376140e-32
  7.1285e+01     1.136832e-32
  7.1428e+01     9.391392e-33
  7.1571e+01     7.758247e-33
  7.1714e+01     6.409102e-33
  7.1857e+01     5.294571e-33
  7.2000e+01     4.373855e-33
  7.2142e+01     3.613250e-33
  7.2285e+01     2.984913e-33
  7.2428e+01     2.465842e-33
  7.2571e+01     2.037037e-33
  7.2714e+01     1.682800e-33
  7.2857e+01     1.390164e-33
  7.3000e+01     1.148417e-33
  7.3142e+01     9.487096e-34
  7.3285e+01     7.837308e-34
  7.3428e+01     6.474415e-34
  7.3571e+01     5.348526e-34
  7.3714e+01     4.418427e-34
  7.3857e+01     3.650071e-34
  7.4000e+01     3.015331e-34
  7.4142e+01     2.490970e-34
  7.4285e+01     2.057795e-34
  7.4428e+01     1.699949e-34
  7.4571e+01     1.404331e-34
  7.4714e+01     1.160120e-34
  7.4857e+01     9.583775e-35
  7.5000e+01     7.917175e-35
  7.5142e+01     6.540393e-35
  7.5285e+01     5.403031e-35
  7.5428e+01     4.463454e-35
  7.5571e+01     3.687268e-35
  7.5714e+01     3.046059e-35
  7.5857e+01     2.516355e-35
  7.6000e+01     2.078765e-35
  7.6142e+01     1.717272e-35
  7.6285e+01     1.418642e-35
  7.6428e+01     1.171943e-35
  7.6571e+01     9.681439e-36
  7.6714e+01     7.997855e-36
  7.6857e+01     6.607043e-36
  7.7000e+01     5.458091e-36
  7.7142e+01     4.508939e-36
  7.7285e+01     3.724843e-36
  7.7428e+01     3.077100e-36
  7.7571e+01     2.541998e-36
  7.7714e+01     2.099949e-36
  7.7857e+01     1.734772e-36
  7.8000e+01     1.433098e-36
  7.8142e+01     1.183885e-36
  7.8285e+01     9.780099e-37
  7.8428e+01     8.079358e-37
  7.8571e+01     6.674373e-37
  7.8714e+01     5.513712e-37
  7.8857e+01     4.554888e-37
  7.9000e+01     3.762801e-37
  7.9142e+01     3.108457e-37
  7.9285e+01     2.567902e-37
  7.9428e+01     2.121349e-37
  7.9571e+01     1.752450e-37
  7.9714e+01     1.447703e-37
  7.9857e+01     1.195950e-37
  8.0000e+01     9.879764e-38
  8.0142e+01     8.161691e-38
  8.0285e+01     6.742389e-38
  8.0428e+01     5.569900e-38
  8.0571e+01     4.601305e-38
  8.0714e+01     3.801146e-38
  8.0857e+01     3.140134e-38
  8.1000e+01     2.594071e-38
  8.1142e+01     2.142967e-38
  8.1285e+01     1.770309e-38
  8.1428e+01     1.462455e-38
  8.1571e+01     1.208137e-38
  8.1714e+01     9.980444e-39
  8.1857e+01     8.244864e-39
  8.2000e+01     6.811097e-39
  8.2142e+01     5.626660e-39
  8.2285e+01     4.648195e-39
  8.2428e+01     3.839882e-39
  8.2571e+01     3.172134e-39
  8.2714e+01     2.620506e-39
  8.2857e+01     2.164805e-39
  8.3000e+01     1.788349e-39
  8.3142e+01     1.477359e-39
  8.3285e+01     1.220449e-39
  8.3428e+01     1.008215e-39
  8.3571e+01     8.328884e-40
  8.3714e+01     6.880506e-40
  8.3857e+01     5.683999e-40
  8.4000e+01     4.695562e-40
  8.4142e+01     3.879013e-40
  8.4285e+01     3.204460e-40
  8.4428e+01     2.647210e-40
  8.4571e+01     2.186865e-40
  8.4714e+01     1.806574e-40
  8.4857e+01     1.492414e-40
  8.5000e+01     1.232886e-40
  8.5142e+01     1.018489e-40
  8.5285e+01     8.413760e-41
  8.5428e+01     6.950623e-41
  8.5571e+01     5.741923e-41
  8.5714e+01     4.743413e-41
  8.5857e+01     3.918542e-41
  8.6000e+01     3.237115e-41
  8.6142e+01     2.674187e-41
  8.6285e+01     2.209151e-41
  8.6428e+01     1.824984e-41
  8.6571e+01     1.507622e-41
  8.6714e+01     1.245450e-41
  8.6857e+01     1.028868e-41
  8.7000e+01     8.499501e-42
  8.7142e+01     7.021454e-42
  8.7285e+01     5.800436e-42
  8.7428e+01     4.791751e-42
  8.7571e+01     3.958475e-42
  8.7714e+01     3.270103e-42
  8.7857e+01     2.701438e-42
  8.8000e+01     2.231663e-42
  8.8142e+01     1.843581e-42
  8.8285e+01     1.522986e-42
  8.8428e+01     1.258142e-42
  8.8571e+01     1.039353e-42
  8.8714e+01     8.586116e-43
  8.8857e+01     7.093006e-43
  8.9000e+01     5.859546e-43
  8.9142e+01     4.840582e-43
  8.9285e+01     3.998814e-43
  8.9428e+01     3.303428e-43
  8.9571e+01     2.728968e-43
  8.9714e+01     2.254405e-43
  8.9857e+01     1.862369e-43
  9.0000e+01     1.538506e-43
  9.0142e+01     1.270963e-43
  9.0285e+01     1.049945e-43
  9.0428e+01     8.673613e-44
  9.0571e+01     7.165288e-44
  9.0714e+01     5.919258e-44
  9.0857e+01     4.889910e-44
  9.1000e+01     4.039564e-44
  9.1142e+01     3.337091e-44
  9.1285e+01     2.756778e-44
  9.1428e+01     2.277379e-44
  9.1571e+01     1.881347e-44
  9.1714e+01     1.554184e-44
  9.1857e+01     1.283915e-44
  9.2000e+01     1.060644e-44
  9.2142e+01     8.762003e-45
  9.2285e+01     7.238307e-45
  9.2428e+01     5.979579e-45
  9.2571e+01     4.939741e-45
  9.2714e+01     4.080730e-45
  9.2857e+01     3.371098e-45
  9.3000e+01     2.784871e-45
  9.3142e+01     2.300587e-45
  9.3285e+01     1.900519e-45
  9.3428e+01     1.570022e-45
  9.3571e+01     1.296998e-45
  9.3714e+01     1.071453e-45
  9.3857e+01     8.851292e-46
  9.4000e+01     7.312069e-46
  9.4142e+01     6.040514e-46
  9.4285e+01     4.990080e-46
  9.4428e+01     4.122315e-46
  9.4571e+01     3.405452e-46
  9.4714e+01     2.813250e-46
  9.4857e+01     2.324031e-46
  9.5000e+01     1.919887e-46
  9.5142e+01     1.586022e-46
  9.5285e+01     1.310216e-46
  9.5428e+01     1.082372e-46
  9.5571e+01     8.941492e-47
  9.5714e+01     7.386584e-47
  9.5857e+01     6.102071e-47
  9.6000e+01     5.040932e-47
  9.6142e+01     4.164323e-47
  9.6285e+01     3.440155e-47
  9.6428e+01     2.841919e-47
  9.6571e+01     2.347714e-47
  9.6714e+01     1.939451e-47
  9.6857e+01     1.602184e-47
  9.7000e+01     1.323568e-47
  9.7142e+01     1.093402e-47
  9.7285e+01     9.032611e-48
  9.7428e+01     7.461857e-48
  9.7571e+01     6.164254e-48
  9.7714e+01     5.092302e-48
  9.7857e+01     4.206760e-48
  9.8000e+01     3.475213e-48
  9.8142e+01     2.870880e-48
  9.8285e+01     2.371639e-48
  9.8428e+01     1.959215e-48
  9.8571e+01     1.618512e-48
  9.8714e+01     1.337055e-48
  9.8857e+01     1.104544e-48
  9.9000e+01     9.124659e-49
  9.9142e+01     7.537898e-49
  9.9285e+01     6.227072e-49
  9.9428e+01     5.144196e-49
  9.9571e+01     4.249630e-49
  9.9714e+01     3.510627e-49
  9.9857e+01     2.900136e-49
  1.0000e+02     2.395807e-49
  1.0014e+02     1.979181e-49
  1.0028e+02     1.635005e-49
  1.0042e+02     1.350681e-49
  1.0057e+02     1.115800e-49
  1.0071e+02     9.217644e-50
  1.0085e+02     7.614713e-50
  1.0100e+02     6.290529e-50
  1.0114e+02     5.196618e-50
  1.0128e+02     4.292936e-50
  1.0142e+02     3.546402e-50
  1.0157e+02     2.929690e-50
  1.0171e+02     2.420222e-50
  1.0185e+02     1.999350e-50
  1.0200e+02     1.651667e-50
  1.0214e+02     1.364445e-50
  1.0228e+02     1.127171e-50
  1.0242e+02     9.311578e-51
  1.0257e+02     7.692312e-51
  1.0271e+02     6.354633e-51
  1.0285e+02     5.249574e-51
  1.0300e+02     4.336683e-51
  1.0314e+02     3.582542e-51
  1.0328e+02     2.959545e-51
  1.0342e+02     2.444886e-51
  1.0357e+02     2.019725e-51
  1.0371e+02     1.668498e-51
  1.0385e+02     1.378350e-51
  1.0400e+02     1.138657e-51
  1.0414e+02     9.406468e-52
