# Epidemic | 7 days incidence [ x-unit: transmission cycles | y-unit: ]
# ==============================================================================
  0.0000e+00     1.000000e-05
  1.4286e-01     1.122824e-05
  2.8571e-01     1.260734e-05
  4.2857e-01     1.415581e-05
  5.7143e-01     1.589447e-05
  7.1429e-01     1.784667e-05
  8.5714e-01     2.003864e-05
  1.0000e+00     2.249981e-05
  1.1428e+00     2.475828e-05
  1.2857e+00     2.716910e-05
  1.4285e+00     2.979862e-05
  1.5714e+00     3.266420e-05
  1.7142e+00     3.578416e-05
  1.8571e+00     3.917776e-05
  2.0000e+00     4.286513e-05
  2.1428e+00     4.686726e-05
  2.2857e+00     5.120584e-05
  2.4285e+00     5.590314e-05
  2.5714e+00     6.098183e-05
  2.7142e+00     6.646474e-05
  2.8571e+00     7.237457e-05
  3.0000e+00     7.873346e-05
  3.1428e+00     8.811835e-05
  3.2857e+00     9.893950e-05
  3.4285e+00     1.110892e-04
  3.5714e+00     1.247305e-04
  3.7142e+00     1.400465e-04
  3.8571e+00     1.572425e-04
  4.0000e+00     1.765493e-04
  4.1428e+00     1.982256e-04
  4.2857e+00     2.225622e-04
  4.4285e+00     2.498850e-04
  4.5714e+00     2.805603e-04
  4.7142e+00     3.149989e-04
  4.8571e+00     3.536618e-04
  5.0000e+00     3.970663e-04
  5.1428e+00     4.457931e-04
  5.2857e+00     5.004934e-04
  5.4285e+00     5.618981e-04
  5.5714e+00     6.308269e-04
  5.7142e+00     7.081993e-04
  5.8571e+00     7.950463e-04
  6.0000e+00     8.925244e-04
  6.1428e+00     1.001930e-03
  6.2857e+00     1.124716e-03
  6.4285e+00     1.262511e-03
  6.5714e+00     1.417140e-03
  6.7142e+00     1.590646e-03
  6.8571e+00     1.785319e-03
  7.0000e+00     2.003721e-03
  7.1428e+00     2.248718e-03
  7.2857e+00     2.523518e-03
  7.4285e+00     2.831707e-03
  7.5714e+00     3.177291e-03
  7.7142e+00     3.564744e-03
  7.8571e+00     3.999058e-03
  8.0000e+00     4.485802e-03
  8.1428e+00     5.031178e-03
  8.2857e+00     5.642091e-03
  8.4285e+00     6.326215e-03
  8.5714e+00     7.092073e-03
  8.7142e+00     7.949113e-03
  8.8571e+00     8.907793e-03
  9.0000e+00     9.979668e-03
  9.1428e+00     1.117748e-02
  9.2857e+00     1.251522e-02
  9.4285e+00     1.400826e-02
  9.5714e+00     1.567339e-02
  9.7142e+00     1.752888e-02
  9.8571e+00     1.959455e-02
  1.0000e+01     2.189175e-02
  1.0142e+01     2.444339e-02
  1.0285e+01     2.727383e-02
  1.0428e+01     3.040877e-02
  1.0571e+01     3.387502e-02
  1.0714e+01     3.770019e-02
  1.0857e+01     4.191224e-02
  1.1000e+01     4.653888e-02
  1.1142e+01     5.160673e-02
  1.1285e+01     5.714037e-02
  1.1428e+01     6.316096e-02
  1.1571e+01     6.968473e-02
  1.1714e+01     7.672102e-02
  1.1857e+01     8.427004e-02
  1.2000e+01     9.232022e-02
  1.2142e+01     1.008453e-01
  1.2285e+01     1.098011e-01
  1.2428e+01     1.191222e-01
  1.2571e+01     1.287182e-01
  1.2714e+01     1.384713e-01
  1.2857e+01     1.482331e-01
  1.3000e+01     1.578235e-01
  1.3142e+01     1.670304e-01
  1.3285e+01     1.756126e-01
  1.3428e+01     1.833038e-01
  1.3571e+01     1.898216e-01
  1.3714e+01     1.948787e-01
  1.3857e+01     1.981985e-01
  1.4000e+01     1.995335e-01
  1.4142e+01     1.986857e-01
  1.4285e+01     1.955278e-01
  1.4428e+01     1.900217e-01
  1.4571e+01     1.822331e-01
  1.4714e+01     1.723378e-01
  1.4857e+01     1.606193e-01
  1.5000e+01     1.474546e-01
  1.5142e+01     1.332902e-01
  1.5285e+01     1.186100e-01
  1.5428e+01     1.038984e-01
  1.5571e+01     8.960451e-02
  1.5714e+01     7.611064e-02
  1.5857e+01     6.371068e-02
  1.6000e+01     5.259931e-02
  1.6142e+01     4.287285e-02
  1.6285e+01     3.453988e-02
  1.6428e+01     2.753873e-02
  1.6571e+01     2.175816e-02
  1.6714e+01     1.705773e-02
  1.6857e+01     1.328557e-02
  1.7000e+01     1.029184e-02
  1.7142e+01     7.937751e-03
  1.7285e+01     6.100560e-03
  1.7428e+01     4.675480e-03
  1.7571e+01     3.575417e-03
  1.7714e+01     2.729489e-03
  1.7857e+01     2.080930e-03
  1.8000e+01     1.584847e-03
  1.8142e+01     1.206074e-03
  1.8285e+01     9.172705e-04
  1.8428e+01     6.973001e-04
  1.8571e+01     5.298933e-04
  1.8714e+01     4.025687e-04
  1.8857e+01     3.057753e-04
  1.9000e+01     2.322186e-04
  1.9142e+01     1.763356e-04
  1.9285e+01     1.338886e-04
  1.9428e+01     1.016524e-04
  1.9571e+01     7.717359e-05
  1.9714e+01     5.858719e-05
  1.9857e+01     4.447579e-05
  2.0000e+01     3.376250e-05
  2.0142e+01     2.562938e-05
  2.0285e+01     1.945521e-05
  2.0428e+01     1.476826e-05
  2.0571e+01     1.121036e-05
  2.0714e+01     8.509559e-06
  2.0857e+01     6.459409e-06
  2.1000e+01     4.903171e-06
  2.1142e+01     3.721862e-06
  2.1285e+01     2.825157e-06
  2.1428e+01     2.144491e-06
  2.1571e+01     1.627817e-06
  2.1714e+01     1.235624e-06
  2.1857e+01     9.379227e-07
  2.2000e+01     7.119466e-07
  2.2142e+01     5.404154e-07
  2.2285e+01     4.102115e-07
  2.2428e+01     3.113779e-07
  2.2571e+01     2.363566e-07
  2.2714e+01     1.794104e-07
  2.2857e+01     1.361845e-07
  2.3000e+01     1.033731e-07
  2.3142e+01     7.846702e-08
  2.3285e+01     5.956168e-08
  2.3428e+01     4.521127e-08
  2.3571e+01     3.431836e-08
  2.3714e+01     2.604991e-08
  2.3857e+01     1.977361e-08
  2.4000e+01     1.500948e-08
  2.4142e+01     1.139319e-08
  2.4285e+01     8.648191e-09
  2.4428e+01     6.564551e-09
  2.4571e+01     4.982930e-09
  2.4714e+01     3.782374e-09
  2.4857e+01     2.871073e-09
  2.5000e+01     2.179335e-09
  2.5142e+01     1.654260e-09
  2.5285e+01     1.255693e-09
  2.5428e+01     9.531542e-10
  2.5571e+01     7.235073e-10
  2.5714e+01     5.491900e-10
  2.5857e+01     4.168717e-10
  2.6000e+01     3.164333e-10
  2.6142e+01     2.401938e-10
  2.6285e+01     1.823231e-10
  2.6428e+01     1.383953e-10
  2.6571e+01     1.050512e-10
  2.6714e+01     7.974084e-11
  2.6857e+01     6.052859e-11
  2.7000e+01     4.594521e-11
  2.7142e+01     3.487546e-11
  2.7285e+01     2.647279e-11
  2.7428e+01     2.009460e-11
  2.7571e+01     1.525314e-11
  2.7714e+01     1.157814e-11
  2.7857e+01     8.788579e-12
  2.8000e+01     6.671115e-12
  2.8142e+01     5.063819e-12
  2.8285e+01     3.843774e-12
  2.8428e+01     2.917680e-12
  2.8571e+01     2.214712e-12
  2.8714e+01     1.681114e-12
  2.8857e+01     1.276077e-12
  2.9000e+01     9.686270e-13
  2.9142e+01     7.352521e-13
  2.9285e+01     5.581051e-13
  2.9428e+01     4.236388e-13
  2.9571e+01     3.215700e-13
  2.9714e+01     2.440929e-13
  2.9857e+01     1.852827e-13
  3.0000e+01     1.406419e-13
  3.0142e+01     1.067565e-13
  3.0285e+01     8.103529e-14
  3.0428e+01     6.151116e-14
  3.0571e+01     4.669105e-14
  3.0714e+01     3.544161e-14
  3.0857e+01     2.690253e-14
  3.1000e+01     2.042080e-14
  3.1142e+01     1.550075e-14
  3.1285e+01     1.176609e-14
  3.1428e+01     8.931246e-15
  3.1571e+01     6.779408e-15
  3.1714e+01     5.146021e-15
  3.1857e+01     3.906171e-15
  3.2000e+01     2.965043e-15
  3.2142e+01     2.250664e-15
  3.2285e+01     1.708404e-15
  3.2428e+01     1.296792e-15
  3.2571e+01     9.843509e-16
  3.2714e+01     7.471876e-16
  3.2857e+01     5.671650e-16
  3.3000e+01     4.305159e-16
  3.3142e+01     3.267901e-16
  3.3285e+01     2.480554e-16
  3.3428e+01     1.882905e-16
  3.3571e+01     1.429250e-16
  3.3714e+01     1.084895e-16
  3.3857e+01     8.235075e-17
  3.4000e+01     6.250968e-17
  3.4142e+01     4.744900e-17
  3.4285e+01     3.601694e-17
  3.4428e+01     2.733924e-17
  3.4571e+01     2.075230e-17
  3.4714e+01     1.575237e-17
  3.4857e+01     1.195710e-17
  3.5000e+01     9.076229e-18
  3.5142e+01     6.889460e-18
  3.5285e+01     5.229557e-18
  3.5428e+01     3.969581e-18
  3.5571e+01     3.013175e-18
  3.5714e+01     2.287200e-18
  3.5857e+01     1.736136e-18
  3.6000e+01     1.317843e-18
  3.6142e+01     1.000330e-18
  3.6285e+01     7.593169e-19
  3.6428e+01     5.763719e-19
  3.6571e+01     4.375045e-19
  3.6714e+01     3.320949e-19
  3.6857e+01     2.520821e-19
  3.7000e+01     1.913470e-19
  3.7142e+01     1.452451e-19
  3.7285e+01     1.102507e-19
  3.7428e+01     8.368757e-20
  3.7571e+01     6.352442e-20
  3.7714e+01     4.821925e-20
  3.7857e+01     3.660161e-20
  3.8000e+01     2.778305e-20
  3.8142e+01     2.108918e-20
  3.8285e+01     1.600808e-20
  3.8428e+01     1.215120e-20
  3.8571e+01     9.223565e-21
  3.8714e+01     7.001298e-21
  3.8857e+01     5.314450e-21
  3.9000e+01     4.034020e-21
  3.9142e+01     3.062089e-21
  3.9285e+01     2.324328e-21
  3.9428e+01     1.764319e-21
  3.9571e+01     1.339236e-21
  3.9714e+01     1.016569e-21
  3.9857e+01     7.716430e-22
  4.0000e+01     5.857283e-22
  4.0142e+01     4.446066e-22
  4.0285e+01     3.374859e-22
  4.0428e+01     2.561742e-22
  4.0571e+01     1.944532e-22
  4.0714e+01     1.476029e-22
  4.0857e+01     1.120404e-22
  4.1000e+01     8.504608e-23
  4.1142e+01     6.455562e-23
  4.1285e+01     4.900200e-23
  4.1428e+01     3.719577e-23
  4.1571e+01     2.823406e-23
  4.1714e+01     2.143152e-23
  4.1857e+01     1.626795e-23
  4.2000e+01     1.234845e-23
  4.2142e+01     9.373293e-24
  4.2285e+01     7.114951e-24
  4.2428e+01     5.400720e-24
  4.2571e+01     4.099505e-24
  4.2714e+01     3.111796e-24
  4.2857e+01     2.362060e-24
  4.3000e+01     1.792960e-24
  4.3142e+01     1.360976e-24
  4.3285e+01     1.033071e-24
  4.3428e+01     7.841693e-25
  4.3571e+01     5.952365e-25
  4.3714e+01     4.518240e-25
  4.3857e+01     3.429644e-25
  4.4000e+01     2.603327e-25
  4.4142e+01     1.976098e-25
  4.4285e+01     1.499990e-25
  4.4428e+01     1.138592e-25
  4.4571e+01     8.642665e-26
  4.4714e+01     6.560356e-26
  4.4857e+01     4.979746e-26
  4.5000e+01     3.779957e-26
  4.5142e+01     2.869238e-26
  4.5285e+01     2.177942e-26
  4.5428e+01     1.653203e-26
  4.5571e+01     1.254891e-26
  4.5714e+01     9.525452e-27
  4.5857e+01     7.230450e-27
  4.6000e+01     5.488391e-27
  4.6142e+01     4.166053e-27
  4.6285e+01     3.162311e-27
  4.6428e+01     2.400404e-27
  4.6571e+01     1.822066e-27
  4.6714e+01     1.383069e-27
  4.6857e+01     1.049841e-27
  4.7000e+01     7.968989e-28
  4.7142e+01     6.048991e-28
  4.7285e+01     4.591585e-28
  4.7428e+01     3.485318e-28
  4.7571e+01     2.645588e-28
  4.7714e+01     2.008177e-28
  4.7857e+01     1.524339e-28
  4.8000e+01     1.157075e-28
  4.8142e+01     8.782964e-29
  4.8285e+01     6.666852e-29
  4.8428e+01     5.060583e-29
  4.8571e+01     3.841318e-29
  4.8714e+01     2.915815e-29
  4.8857e+01     2.213297e-29
  4.9000e+01     1.680040e-29
  4.9142e+01     1.275261e-29
  4.9285e+01     9.680080e-30
  4.9428e+01     7.347823e-30
  4.9571e+01     5.577485e-30
  4.9714e+01     4.233681e-30
  4.9857e+01     3.213645e-30
  5.0000e+01     2.439370e-30
  5.0142e+01     1.851644e-30
  5.0285e+01     1.405520e-30
  5.0428e+01     1.066883e-30
  5.0571e+01     8.098351e-31
  5.0714e+01     6.147186e-31
  5.0857e+01     4.666122e-31
  5.1000e+01     3.541896e-31
  5.1142e+01     2.688534e-31
  5.1285e+01     2.040776e-31
  5.1428e+01     1.549084e-31
  5.1571e+01     1.175858e-31
  5.1714e+01     8.925539e-32
  5.1857e+01     6.775077e-32
  5.2000e+01     5.142733e-32
  5.2142e+01     3.903675e-32
  5.2285e+01     2.963148e-32
  5.2428e+01     2.249226e-32
  5.2571e+01     1.707312e-32
  5.2714e+01     1.295963e-32
  5.2857e+01     9.837219e-33
  5.3000e+01     7.467102e-33
  5.3142e+01     5.668026e-33
  5.3285e+01     4.302408e-33
  5.3428e+01     3.265813e-33
  5.3571e+01     2.478969e-33
  5.3714e+01     1.881702e-33
  5.3857e+01     1.428336e-33
  5.4000e+01     1.084202e-33
  5.4142e+01     8.229813e-34
  5.4285e+01     6.246974e-34
  5.4428e+01     4.741868e-34
  5.4571e+01     3.599392e-34
  5.4714e+01     2.732177e-34
  5.4857e+01     2.073904e-34
  5.5000e+01     1.574231e-34
  5.5142e+01     1.194946e-34
  5.5285e+01     9.070429e-35
  5.5428e+01     6.885058e-35
  5.5571e+01     5.226216e-35
  5.5714e+01     3.967044e-35
  5.5857e+01     3.011250e-35
  5.6000e+01     2.285738e-35
  5.6142e+01     1.735027e-35
  5.6285e+01     1.317001e-35
  5.6428e+01     9.996909e-36
  5.6571e+01     7.588317e-36
  5.6714e+01     5.760036e-36
  5.6857e+01     4.372250e-36
  5.7000e+01     3.318827e-36
  5.7142e+01     2.519210e-36
  5.7285e+01     1.912248e-36
  5.7428e+01     1.451523e-36
  5.7571e+01     1.101802e-36
  5.7714e+01     8.363409e-37
  5.7857e+01     6.348383e-37
  5.8000e+01     4.818843e-37
  5.8142e+01     3.657822e-37
  5.8285e+01     2.776529e-37
  5.8428e+01     2.107570e-37
  5.8571e+01     1.599786e-37
  5.8714e+01     1.214343e-37
  5.8857e+01     9.217672e-38
  5.9000e+01     6.996824e-38
  5.9142e+01     5.311054e-38
  5.9285e+01     4.031442e-38
  5.9428e+01     3.060132e-38
  5.9571e+01     2.322843e-38
  5.9714e+01     1.763192e-38
  5.9857e+01     1.338380e-38
  6.0000e+01     1.015919e-38
  6.0142e+01     7.711500e-39
  6.0285e+01     5.853540e-39
  6.0428e+01     4.443225e-39
  6.0571e+01     3.372703e-39
  6.0714e+01     2.560105e-39
  6.0857e+01     1.943290e-39
  6.1000e+01     1.475086e-39
  6.1142e+01     1.119688e-39
  6.1285e+01     8.499174e-40
  6.1428e+01     6.451437e-40
  6.1571e+01     4.897069e-40
  6.1714e+01     3.717200e-40
  6.1857e+01     2.821601e-40
  6.2000e+01     2.141783e-40
  6.2142e+01     1.625755e-40
  6.2285e+01     1.234056e-40
  6.2428e+01     9.367304e-41
  6.2571e+01     7.110405e-41
  6.2714e+01     5.397269e-41
  6.2857e+01     4.096885e-41
  6.3000e+01     3.109808e-41
  6.3142e+01     2.360550e-41
  6.3285e+01     1.791814e-41
  6.3428e+01     1.360106e-41
  6.3571e+01     1.032411e-41
  6.3714e+01     7.836682e-42
  6.3857e+01     5.948562e-42
  6.4000e+01     4.515353e-42
  6.4142e+01     3.427452e-42
  6.4285e+01     2.601664e-42
  6.4428e+01     1.974835e-42
  6.4571e+01     1.499031e-42
  6.4714e+01     1.137864e-42
  6.4857e+01     8.637143e-43
  6.5000e+01     6.556165e-43
  6.5142e+01     4.976564e-43
  6.5285e+01     3.777542e-43
  6.5428e+01     2.867405e-43
  6.5571e+01     2.176551e-43
  6.5714e+01     1.652146e-43
  6.5857e+01     1.254089e-43
  6.6000e+01     9.519365e-44
  6.6142e+01     7.225830e-44
  6.6285e+01     5.484884e-44
  6.6428e+01     4.163391e-44
  6.6571e+01     3.160290e-44
  6.6714e+01     2.398870e-44
  6.6857e+01     1.820901e-44
  6.7000e+01     1.382185e-44
  6.7142e+01     1.049170e-44
  6.7285e+01     7.963897e-45
  6.7428e+01     6.045126e-45
  6.7571e+01     4.588652e-45
  6.7714e+01     3.483091e-45
  6.7857e+01     2.643897e-45
  6.8000e+01     2.006893e-45
  6.8142e+01     1.523365e-45
  6.8285e+01     1.156335e-45
  6.8428e+01     8.777352e-46
  6.8571e+01     6.662592e-46
  6.8714e+01     5.057350e-46
  6.8857e+01     3.838864e-46
  6.9000e+01     2.913952e-46
  6.9142e+01     2.211883e-46
  6.9285e+01     1.678966e-46
  6.9428e+01     1.274447e-46
  6.9571e+01     9.673895e-47
  6.9714e+01     7.343128e-47
  6.9857e+01     5.573922e-47
  7.0000e+01     4.230976e-47
  7.0142e+01     3.211592e-47
  7.0285e+01     2.437811e-47
  7.0428e+01     1.850460e-47
  7.0571e+01     1.404622e-47
  7.0714e+01     1.066201e-47
  7.0857e+01     8.093176e-48
  7.1000e+01     6.143258e-48
  7.1142e+01     4.663140e-48
  7.1285e+01     3.539633e-48
  7.1428e+01     2.686816e-48
  7.1571e+01     2.039472e-48
  7.1714e+01     1.548094e-48
  7.1857e+01     1.175106e-48
  7.2000e+01     8.919836e-49
  7.2142e+01     6.770747e-49
  7.2285e+01     5.139447e-49
  7.2428e+01     3.901181e-49
  7.2571e+01     2.961255e-49
  7.2714e+01     2.247789e-49
  7.2857e+01     1.706221e-49
  7.3000e+01     1.295135e-49
  7.3142e+01     9.830934e-50
  7.3285e+01     7.462331e-50
  7.3428e+01     5.664404e-50
  7.3571e+01     4.299659e-50
  7.3714e+01     3.263726e-50
  7.3857e+01     2.477385e-50
  7.4000e+01     1.880499e-50
  7.4142e+01     1.427424e-50
  7.4285e+01     1.083509e-50
  7.4428e+01     8.224554e-51
  7.4571e+01     6.242982e-51
  7.4714e+01     4.738838e-51
  7.4857e+01     3.597092e-51
  7.5000e+01     2.730432e-51
  7.5142e+01     2.072579e-51
  7.5285e+01     1.573225e-51
  7.5428e+01     1.194182e-51
  7.5571e+01     9.064634e-52
  7.5714e+01     6.880658e-52
  7.5857e+01     5.222876e-52
  7.6000e+01     3.964510e-52
  7.6142e+01     3.009326e-52
  7.6285e+01     2.284278e-52
  7.6428e+01     1.733918e-52
  7.6571e+01     1.316159e-52
  7.6714e+01     9.990521e-53
  7.6857e+01     7.583468e-53
  7.7000e+01     5.756356e-53
  7.7142e+01     4.369456e-53
  7.7285e+01     3.316707e-53
  7.7428e+01     2.517601e-53
  7.7571e+01     1.911026e-53
  7.7714e+01     1.450595e-53
  7.7857e+01     1.101098e-53
  7.8000e+01     8.358065e-54
  7.8142e+01     6.344326e-54
  7.8285e+01     4.815764e-54
  7.8428e+01     3.655485e-54
  7.8571e+01     2.774755e-54
  7.8714e+01     2.106223e-54
  7.8857e+01     1.598763e-54
  7.9000e+01     1.213567e-54
  7.9142e+01     9.211782e-55
  7.9285e+01     6.992354e-55
  7.9428e+01     5.307660e-55
  7.9571e+01     4.028866e-55
  7.9714e+01     3.058177e-55
  7.9857e+01     2.321359e-55
  8.0000e+01     1.762066e-55
  8.0142e+01     1.337525e-55
  8.0285e+01     1.015270e-55
  8.0428e+01     7.706572e-56
  8.0571e+01     5.849800e-56
  8.0714e+01     4.440386e-56
  8.0857e+01     3.370548e-56
  8.1000e+01     2.558469e-56
  8.1142e+01     1.942048e-56
  8.1285e+01     1.474143e-56
  8.1428e+01     1.118972e-56
  8.1571e+01     8.493744e-57
  8.1714e+01     6.447315e-57
  8.1857e+01     4.893940e-57
  8.2000e+01     3.714825e-57
  8.2142e+01     2.819799e-57
  8.2285e+01     2.140414e-57
  8.2428e+01     1.624716e-57
  8.2571e+01     1.233268e-57
  8.2714e+01     9.361319e-58
  8.2857e+01     7.105862e-58
  8.3000e+01     5.393821e-58
  8.3142e+01     4.094268e-58
  8.3285e+01     3.107821e-58
  8.3428e+01     2.359042e-58
  8.3571e+01     1.790670e-58
  8.3714e+01     1.359237e-58
  8.3857e+01     1.031751e-58
  8.4000e+01     7.831675e-59
  8.4142e+01     5.944761e-59
  8.4285e+01     4.512468e-59
  8.4428e+01     3.425262e-59
  8.4571e+01     2.600001e-59
  8.4714e+01     1.973574e-59
  8.4857e+01     1.498073e-59
  8.5000e+01     1.137137e-59
  8.5142e+01     8.631624e-60
  8.5285e+01     6.551975e-60
  8.5428e+01     4.973384e-60
  8.5571e+01     3.775128e-60
  8.5714e+01     2.865573e-60
  8.5857e+01     2.175160e-60
  8.6000e+01     1.651091e-60
  8.6142e+01     1.253287e-60
  8.6285e+01     9.513283e-61
  8.6428e+01     7.221213e-61
  8.6571e+01     5.481380e-61
  8.6714e+01     4.160731e-61
  8.6857e+01     3.158271e-61
  8.7000e+01     2.397337e-61
  8.7142e+01     1.819738e-61
  8.7285e+01     1.381302e-61
  8.7428e+01     1.048500e-61
  8.7571e+01     7.958808e-62
  8.7714e+01     6.041263e-62
  8.7857e+01     4.585720e-62
  8.8000e+01     3.480865e-62
  8.8142e+01     2.642208e-62
  8.8285e+01     2.005611e-62
  8.8428e+01     1.522392e-62
  8.8571e+01     1.155596e-62
  8.8714e+01     8.771743e-63
  8.8857e+01     6.658335e-63
  8.9000e+01     5.054118e-63
  8.9142e+01     3.836411e-63
  8.9285e+01     2.912090e-63
  8.9428e+01     2.210470e-63
  8.9571e+01     1.677893e-63
  8.9714e+01     1.273632e-63
  8.9857e+01     9.667714e-64
  9.0000e+01     7.338436e-64
  9.0142e+01     5.570360e-64
  9.0285e+01     4.228273e-64
  9.0428e+01     3.209540e-64
  9.0571e+01     2.436253e-64
  9.0714e+01     1.849278e-64
  9.0857e+01     1.403725e-64
  9.1000e+01     1.065520e-64
  9.1142e+01     8.088005e-65
  9.1285e+01     6.139332e-65
  9.1428e+01     4.660161e-65
  9.1571e+01     3.537371e-65
  9.1714e+01     2.685099e-65
  9.1857e+01     2.038168e-65
  9.2000e+01     1.547105e-65
  9.2142e+01     1.174355e-65
  9.2285e+01     8.914137e-66
  9.2428e+01     6.766421e-66
  9.2571e+01     5.136163e-66
  9.2714e+01     3.898688e-66
  9.2857e+01     2.959363e-66
  9.3000e+01     2.246353e-66
  9.3142e+01     1.705131e-66
  9.3285e+01     1.294307e-66
  9.3428e+01     9.824652e-67
  9.3571e+01     7.457563e-67
  9.3714e+01     5.660785e-67
  9.3857e+01     4.296911e-67
  9.4000e+01     3.261641e-67
  9.4142e+01     2.475802e-67
  9.4285e+01     1.879298e-67
  9.4428e+01     1.426512e-67
  9.4571e+01     1.082817e-67
  9.4714e+01     8.219299e-68
  9.4857e+01     6.238993e-68
  9.5000e+01     4.735810e-68
  9.5142e+01     3.594794e-68
  9.5285e+01     2.728687e-68
  9.5428e+01     2.071255e-68
  9.5571e+01     1.572220e-68
  9.5714e+01     1.193419e-68
  9.5857e+01     9.058842e-69
  9.6000e+01     6.876262e-69
  9.6142e+01     5.219539e-69
  9.6285e+01     3.961976e-69
  9.6428e+01     3.007403e-69
  9.6571e+01     2.282818e-69
  9.6714e+01     1.732811e-69
  9.6857e+01     1.315318e-69
  9.7000e+01     9.984138e-70
  9.7142e+01     7.578623e-70
  9.7285e+01     5.752677e-70
  9.7428e+01     4.366664e-70
  9.7571e+01     3.314588e-70
  9.7714e+01     2.515992e-70
  9.7857e+01     1.909805e-70
  9.8000e+01     1.449669e-70
  9.8142e+01     1.100395e-70
  9.8285e+01     8.352725e-71
  9.8428e+01     6.340272e-71
  9.8571e+01     4.812687e-71
  9.8714e+01     3.653149e-71
  9.8857e+01     2.772982e-71
  9.9000e+01     2.104878e-71
  9.9142e+01     1.597742e-71
  9.9285e+01     1.212792e-71
  9.9428e+01     9.205896e-72
  9.9571e+01     6.987886e-72
  9.9714e+01     5.304269e-72
  9.9857e+01     4.026292e-72
  1.0000e+02     3.056223e-72
  1.0014e+02     2.319876e-72
  1.0028e+02     1.760940e-72
  1.0042e+02     1.336670e-72
  1.0057e+02     1.014621e-72
  1.0071e+02     7.701648e-73
  1.0085e+02     5.846062e-73
  1.0100e+02     4.437549e-73
  1.0114e+02     3.368394e-73
  1.0128e+02     2.556834e-73
  1.0142e+02     1.940807e-73
  1.0157e+02     1.473201e-73
  1.0171e+02     1.118258e-73
  1.0185e+02     8.488316e-74
  1.0200e+02     6.443195e-74
  1.0214e+02     4.890813e-74
  1.0228e+02     3.712451e-74
  1.0242e+02     2.817997e-74
  1.0257e+02     2.139047e-74
  1.0271e+02     1.623678e-74
  1.0285e+02     1.232479e-74
  1.0300e+02     9.355337e-75
  1.0314e+02     7.101321e-75
  1.0328e+02     5.390374e-75
  1.0342e+02     4.091652e-75
  1.0357e+02     3.105835e-75
  1.0371e+02     2.357535e-75
  1.0385e+02     1.789525e-75
  1.0400e+02     1.358368e-75
  1.0414e+02     1.031092e-75
