# Epidemic | incidence [ x-unit: transmission cycles | y-unit: ]
# ==============================================================================
  0.0000e+00     1.000000e-05
  1.4286e-01     1.139852e-05
  2.8571e-01     1.299263e-05
  4.2857e-01     1.480966e-05
  5.7143e-01     1.688081e-05
  7.1429e-01     1.924160e-05
  8.5714e-01     2.193254e-05
  1.0000e+00     2.499978e-05
  1.1428e+00     2.849597e-05
  1.2857e+00     3.248107e-05
  1.4285e+00     3.702344e-05
  1.5714e+00     4.220101e-05
  1.7142e+00     4.810259e-05
  1.8571e+00     5.482940e-05
  2.0000e+00     6.249683e-05
  2.1428e+00     7.123637e-05
  2.2857e+00     8.119789e-05
  2.4285e+00     9.255222e-05
  2.5714e+00     1.054940e-04
  2.7142e+00     1.202452e-04
  2.8571e+00     1.370586e-04
  3.0000e+00     1.562224e-04
  3.1428e+00     1.780650e-04
  3.2857e+00     2.029607e-04
  3.4285e+00     2.313359e-04
  3.5714e+00     2.636766e-04
  3.7142e+00     3.005364e-04
  3.8571e+00     3.425464e-04
  4.0000e+00     3.904251e-04
  4.1428e+00     4.449917e-04
  4.2857e+00     5.071787e-04
  4.4285e+00     5.780489e-04
  4.5714e+00     6.588123e-04
  4.7142e+00     7.508471e-04
  4.8571e+00     8.557225e-04
  5.0000e+00     9.752252e-04
  5.1428e+00     1.111389e-03
  5.2857e+00     1.266528e-03
  5.4285e+00     1.443276e-03
  5.5714e+00     1.644630e-03
  5.7142e+00     1.873995e-03
  5.8571e+00     2.135246e-03
  6.0000e+00     2.432785e-03
  6.1428e+00     2.771612e-03
  6.2857e+00     3.157405e-03
  6.4285e+00     3.596606e-03
  6.5714e+00     4.096523e-03
  6.7142e+00     4.665436e-03
  6.8571e+00     5.312721e-03
  7.0000e+00     6.048983e-03
  7.1428e+00     6.886206e-03
  7.2857e+00     7.837916e-03
  7.4285e+00     8.919351e-03
  7.5714e+00     1.014766e-02
  7.7142e+00     1.154208e-02
  7.8571e+00     1.312418e-02
  8.0000e+00     1.491805e-02
  8.1428e+00     1.695052e-02
  8.2857e+00     1.925136e-02
  8.4285e+00     2.185347e-02
  8.5714e+00     2.479301e-02
  8.7142e+00     2.810951e-02
  8.8571e+00     3.184583e-02
  9.0000e+00     3.604809e-02
  9.1428e+00     4.076530e-02
  9.2857e+00     4.604890e-02
  9.4285e+00     5.195189e-02
  9.5714e+00     5.852765e-02
  9.7142e+00     6.582822e-02
  9.8571e+00     7.390202e-02
  1.0000e+01     8.279079e-02
  1.0142e+01     9.252572e-02
  1.0285e+01     1.031225e-01
  1.0428e+01     1.145755e-01
  1.0571e+01     1.268503e-01
  1.0714e+01     1.398757e-01
  1.0857e+01     1.535344e-01
  1.1000e+01     1.676534e-01
  1.1142e+01     1.819940e-01
  1.1285e+01     1.962439e-01
  1.1428e+01     2.100108e-01
  1.1571e+01     2.228221e-01
  1.1714e+01     2.341304e-01
  1.1857e+01     2.433293e-01
  1.2000e+01     2.497819e-01
  1.2142e+01     2.528634e-01
  1.2285e+01     2.520175e-01
  1.2428e+01     2.468261e-01
  1.2571e+01     2.370835e-01
  1.2714e+01     2.228664e-01
  1.2857e+01     2.045844e-01
  1.3000e+01     1.829936e-01
  1.3142e+01     1.591594e-01
  1.3285e+01     1.343609e-01
  1.3428e+01     1.099440e-01
  1.3571e+01     8.714670e-02
  1.3714e+01     6.693436e-02
  1.3857e+01     4.988827e-02
  1.4000e+01     3.617731e-02
  1.4142e+01     2.561642e-02
  1.4285e+01     1.778453e-02
  1.4428e+01     1.215713e-02
  1.4571e+01     8.213846e-03
  1.4714e+01     5.502724e-03
  1.4857e+01     3.664455e-03
  1.5000e+01     2.430221e-03
  1.5142e+01     1.607169e-03
  1.5285e+01     1.060856e-03
  1.5428e+01     6.993639e-04
  1.5571e+01     4.606657e-04
  1.5714e+01     3.032686e-04
  1.5857e+01     1.995767e-04
  1.6000e+01     1.313068e-04
  1.6142e+01     8.637648e-05
  1.6285e+01     5.681437e-05
  1.6428e+01     3.736723e-05
  1.6571e+01     2.457559e-05
  1.6714e+01     1.616233e-05
  1.6857e+01     1.062907e-05
  1.7000e+01     6.990065e-06
  1.7142e+01     4.596882e-06
  1.7285e+01     3.023035e-06
  1.7428e+01     1.988022e-06
  1.7571e+01     1.307369e-06
  1.7714e+01     8.597550e-07
  1.7857e+01     5.653933e-07
  1.8000e+01     3.718145e-07
  1.8142e+01     2.445129e-07
  1.8285e+01     1.607967e-07
  1.8428e+01     1.057432e-07
  1.8571e+01     6.953885e-08
  1.8714e+01     4.573015e-08
  1.8857e+01     3.007307e-08
  1.9000e+01     1.977665e-08
  1.9142e+01     1.300553e-08
  1.9285e+01     8.552695e-09
  1.9428e+01     5.624424e-09
  1.9571e+01     3.698734e-09
  1.9714e+01     2.432362e-09
  1.9857e+01     1.599570e-09
  2.0000e+01     1.051909e-09
  2.0142e+01     6.917568e-10
  2.0285e+01     4.549132e-10
  2.0428e+01     2.991600e-10
  2.0571e+01     1.967336e-10
  2.0714e+01     1.293760e-10
  2.0857e+01     8.508025e-11
  2.1000e+01     5.595048e-11
  2.1142e+01     3.679416e-11
  2.1285e+01     2.419658e-11
  2.1428e+01     1.591216e-11
  2.1571e+01     1.046415e-11
  2.1714e+01     6.881438e-12
  2.1857e+01     4.525372e-12
  2.2000e+01     2.975975e-12
  2.2142e+01     1.957061e-12
  2.2285e+01     1.287003e-12
  2.2428e+01     8.463588e-13
  2.2571e+01     5.565826e-13
  2.2714e+01     3.660199e-13
  2.2857e+01     2.407020e-13
  2.3000e+01     1.582905e-13
  2.3142e+01     1.040950e-13
  2.3285e+01     6.845496e-14
  2.3428e+01     4.501736e-14
  2.3571e+01     2.960432e-14
  2.3714e+01     1.946840e-14
  2.3857e+01     1.280281e-14
  2.4000e+01     8.419383e-15
  2.4142e+01     5.536756e-15
  2.4285e+01     3.641082e-15
  2.4428e+01     2.394448e-15
  2.4571e+01     1.574637e-15
  2.4714e+01     1.035513e-15
  2.4857e+01     6.809743e-16
  2.5000e+01     4.478224e-16
  2.5142e+01     2.944970e-16
  2.5285e+01     1.936671e-16
  2.5428e+01     1.273594e-16
  2.5571e+01     8.375409e-17
  2.5714e+01     5.507837e-17
  2.5857e+01     3.622064e-17
  2.6000e+01     2.381942e-17
  2.6142e+01     1.566413e-17
  2.6285e+01     1.030105e-17
  2.6428e+01     6.774176e-18
  2.6571e+01     4.454834e-18
  2.6714e+01     2.929588e-18
  2.6857e+01     1.926556e-18
  2.7000e+01     1.266942e-18
  2.7142e+01     8.331665e-19
  2.7285e+01     5.479070e-19
  2.7428e+01     3.603147e-19
  2.7571e+01     2.369502e-19
  2.7714e+01     1.558232e-19
  2.7857e+01     1.024725e-19
  2.8000e+01     6.738794e-20
  2.8142e+01     4.431567e-20
  2.8285e+01     2.914287e-20
  2.8428e+01     1.916494e-20
  2.8571e+01     1.260325e-20
  2.8714e+01     8.288149e-21
  2.8857e+01     5.450453e-21
  2.9000e+01     3.584328e-21
  2.9142e+01     2.357126e-21
  2.9285e+01     1.550093e-21
  2.9428e+01     1.019372e-21
  2.9571e+01     6.703598e-22
  2.9714e+01     4.408421e-22
  2.9857e+01     2.899066e-22
  3.0000e+01     1.906484e-22
  3.0142e+01     1.253742e-22
  3.0285e+01     8.244860e-23
  3.0428e+01     5.421986e-23
  3.0571e+01     3.565607e-23
  3.0714e+01     2.344815e-23
  3.0857e+01     1.541997e-23
  3.1000e+01     1.014048e-23
  3.1142e+01     6.668585e-24
  3.1285e+01     4.385396e-24
  3.1428e+01     2.883924e-24
  3.1571e+01     1.896527e-24
  3.1714e+01     1.247194e-24
  3.1857e+01     8.201798e-25
  3.2000e+01     5.393667e-25
  3.2142e+01     3.546984e-25
  3.2285e+01     2.332568e-25
  3.2428e+01     1.533943e-25
  3.2571e+01     1.008752e-25
  3.2714e+01     6.633756e-26
  3.2857e+01     4.362491e-26
  3.3000e+01     2.868862e-26
  3.3142e+01     1.886621e-26
  3.3285e+01     1.240680e-26
  3.3428e+01     8.158960e-27
  3.3571e+01     5.365496e-27
  3.3714e+01     3.528458e-27
  3.3857e+01     2.320385e-27
  3.4000e+01     1.525932e-27
  3.4142e+01     1.003483e-27
  3.4285e+01     6.599108e-28
  3.4428e+01     4.339706e-28
  3.4571e+01     2.853878e-28
  3.4714e+01     1.876767e-28
  3.4857e+01     1.234200e-28
  3.5000e+01     8.116346e-29
  3.5142e+01     5.337472e-29
  3.5285e+01     3.510029e-29
  3.5428e+01     2.308266e-29
  3.5571e+01     1.517962e-29
  3.5714e+01     9.982421e-30
  3.5857e+01     6.564641e-30
  3.6000e+01     4.317040e-30
  3.6142e+01     2.838972e-30
  3.6285e+01     1.866965e-30
  3.6428e+01     1.227754e-30
  3.6571e+01     8.073955e-31
  3.6714e+01     5.309595e-31
  3.6857e+01     3.491696e-31
  3.7000e+01     2.296210e-31
  3.7142e+01     1.510034e-31
  3.7285e+01     9.930284e-32
  3.7428e+01     6.530354e-32
  3.7571e+01     4.294492e-32
  3.7714e+01     2.824144e-32
  3.7857e+01     1.857214e-32
  3.8000e+01     1.221341e-32
  3.8142e+01     8.031785e-33
  3.8285e+01     5.281863e-33
  3.8428e+01     3.473459e-33
  3.8571e+01     2.284217e-33
  3.8714e+01     1.502147e-33
  3.8857e+01     9.878418e-34
  3.9000e+01     6.496246e-34
  3.9142e+01     4.272062e-34
  3.9285e+01     2.809394e-34
  3.9428e+01     1.847514e-34
  3.9571e+01     1.214962e-34
  3.9714e+01     7.989835e-35
  3.9857e+01     5.254276e-35
  4.0000e+01     3.455317e-35
  4.0142e+01     2.272286e-35
  4.0285e+01     1.494301e-35
  4.0428e+01     9.826824e-36
  4.0571e+01     6.462317e-36
  4.0714e+01     4.249749e-36
  4.0857e+01     2.794720e-36
  4.1000e+01     1.837864e-36
  4.1142e+01     1.208616e-36
  4.1285e+01     7.948105e-37
  4.1428e+01     5.226833e-37
  4.1571e+01     3.437270e-37
  4.1714e+01     2.260418e-37
  4.1857e+01     1.486496e-37
  4.2000e+01     9.775499e-38
  4.2142e+01     6.428564e-38
  4.2285e+01     4.227553e-38
  4.2428e+01     2.780124e-38
  4.2571e+01     1.828265e-38
  4.2714e+01     1.202304e-38
  4.2857e+01     7.906592e-39
  4.3000e+01     5.199534e-39
  4.3142e+01     3.419318e-39
  4.3285e+01     2.248612e-39
  4.3428e+01     1.478732e-39
  4.3571e+01     9.724442e-40
  4.3714e+01     6.394988e-40
  4.3857e+01     4.205473e-40
  4.4000e+01     2.765603e-40
  4.4142e+01     1.818716e-40
  4.4285e+01     1.196024e-40
  4.4428e+01     7.865296e-41
  4.4571e+01     5.172377e-41
  4.4714e+01     3.401459e-41
  4.4857e+01     2.236868e-41
  4.5000e+01     1.471009e-41
  4.5142e+01     9.673651e-42
  4.5285e+01     6.361587e-42
  4.5428e+01     4.183508e-42
  4.5571e+01     2.751159e-42
  4.5714e+01     1.809217e-42
  4.5857e+01     1.189778e-42
  4.6000e+01     7.824216e-43
  4.6142e+01     5.145362e-43
  4.6285e+01     3.383693e-43
  4.6428e+01     2.225185e-43
  4.6571e+01     1.463326e-43
  4.6714e+01     9.623126e-44
  4.6857e+01     6.328361e-44
  4.7000e+01     4.161657e-44
  4.7142e+01     2.736789e-44
  4.7285e+01     1.799768e-44
  4.7428e+01     1.183563e-44
  4.7571e+01     7.783350e-45
  4.7714e+01     5.118488e-45
  4.7857e+01     3.366020e-45
  4.8000e+01     2.213563e-45
  4.8142e+01     1.455683e-45
  4.8285e+01     9.572865e-46
  4.8428e+01     6.295308e-46
  4.8571e+01     4.139921e-46
  4.8714e+01     2.722495e-46
  4.8857e+01     1.790368e-46
  4.9000e+01     1.177382e-46
  4.9142e+01     7.742698e-47
  4.9285e+01     5.091754e-47
  4.9428e+01     3.348440e-47
  4.9571e+01     2.202001e-47
  4.9714e+01     1.448080e-47
  4.9857e+01     9.522866e-48
  5.0000e+01     6.262428e-48
  5.0142e+01     4.118298e-48
  5.0285e+01     2.708276e-48
  5.0428e+01     1.781017e-48
  5.0571e+01     1.171232e-48
  5.0714e+01     7.702259e-49
  5.0857e+01     5.065160e-49
  5.1000e+01     3.330951e-49
  5.1142e+01     2.190500e-49
  5.1285e+01     1.440517e-49
  5.1428e+01     9.473129e-50
  5.1571e+01     6.229720e-50
  5.1714e+01     4.096789e-50
  5.1857e+01     2.694131e-50
  5.2000e+01     1.771714e-50
  5.2142e+01     1.165115e-50
  5.2285e+01     7.662030e-51
  5.2428e+01     5.038705e-51
  5.2571e+01     3.313553e-51
  5.2714e+01     2.179059e-51
  5.2857e+01     1.432993e-51
  5.3000e+01     9.423651e-52
  5.3142e+01     6.197182e-52
  5.3285e+01     4.075391e-52
  5.3428e+01     2.680059e-52
  5.3571e+01     1.762461e-52
  5.3714e+01     1.159030e-52
  5.3857e+01     7.622011e-53
  5.4000e+01     5.012388e-53
  5.4142e+01     3.296247e-53
  5.4285e+01     2.167678e-53
  5.4428e+01     1.425509e-53
  5.4571e+01     9.374432e-54
  5.4714e+01     6.164814e-54
  5.4857e+01     4.054106e-54
  5.5000e+01     2.666061e-54
  5.5142e+01     1.753256e-54
  5.5285e+01     1.152976e-54
  5.5428e+01     7.582202e-55
  5.5571e+01     4.986208e-55
  5.5714e+01     3.279031e-55
  5.5857e+01     2.156356e-55
  5.6000e+01     1.418063e-55
  5.6142e+01     9.325469e-56
  5.6285e+01     6.132616e-56
  5.6428e+01     4.032931e-56
  5.6571e+01     2.652137e-56
  5.6714e+01     1.744098e-56
  5.6857e+01     1.146954e-56
  5.7000e+01     7.542601e-57
  5.7142e+01     4.960166e-57
  5.7285e+01     3.261905e-57
  5.7428e+01     2.145094e-57
  5.7571e+01     1.410657e-57
  5.7714e+01     9.276763e-58
  5.7857e+01     6.100585e-58
  5.8000e+01     4.011868e-58
  5.8142e+01     2.638285e-58
  5.8285e+01     1.734989e-58
  5.8428e+01     1.140964e-58
  5.8571e+01     7.503206e-59
  5.8714e+01     4.934259e-59
  5.8857e+01     3.244868e-59
  5.9000e+01     2.133890e-59
  5.9142e+01     1.403289e-59
  5.9285e+01     9.228311e-60
  5.9428e+01     6.068722e-60
  5.9571e+01     3.990914e-60
  5.9714e+01     2.624505e-60
  5.9857e+01     1.725927e-60
  6.0000e+01     1.135004e-60
  6.0142e+01     7.464017e-61
  6.0285e+01     4.908487e-61
  6.0428e+01     3.227920e-61
  6.0571e+01     2.122745e-61
  6.0714e+01     1.395960e-61
  6.0857e+01     9.180111e-62
  6.1000e+01     6.037026e-62
  6.1142e+01     3.970069e-62
  6.1285e+01     2.610797e-62
  6.1428e+01     1.716913e-62
  6.1571e+01     1.129076e-62
  6.1714e+01     7.425033e-63
  6.1857e+01     4.882851e-63
  6.2000e+01     3.211061e-63
  6.2142e+01     2.111658e-63
  6.2285e+01     1.388669e-63
  6.2428e+01     9.132164e-64
  6.2571e+01     6.005495e-64
  6.2714e+01     3.949334e-64
  6.2857e+01     2.597161e-64
  6.3000e+01     1.707945e-64
  6.3142e+01     1.123179e-64
  6.3285e+01     7.386252e-65
  6.3428e+01     4.857348e-65
  6.3571e+01     3.194289e-65
  6.3714e+01     2.100629e-65
  6.3857e+01     1.381416e-65
  6.4000e+01     9.084467e-66
  6.4142e+01     5.974128e-66
  6.4285e+01     3.928707e-66
  6.4428e+01     2.583596e-66
  6.4571e+01     1.699025e-66
  6.4714e+01     1.117313e-66
  6.4857e+01     7.347674e-67
  6.5000e+01     4.831978e-67
  6.5142e+01     3.177606e-67
  6.5285e+01     2.089657e-67
  6.5428e+01     1.374201e-67
  6.5571e+01     9.037019e-68
  6.5714e+01     5.942925e-68
  6.5857e+01     3.908187e-68
  6.6000e+01     2.570102e-68
  6.6142e+01     1.690151e-68
  6.6285e+01     1.111477e-68
  6.6428e+01     7.309297e-69
  6.6571e+01     4.806741e-69
  6.6714e+01     3.161009e-69
  6.6857e+01     2.078743e-69
  6.7000e+01     1.367023e-69
  6.7142e+01     8.989819e-70
  6.7285e+01     5.911886e-70
  6.7428e+01     3.887775e-70
  6.7571e+01     2.556679e-70
  6.7714e+01     1.681323e-70
  6.7857e+01     1.105672e-70
  6.8000e+01     7.271121e-71
  6.8142e+01     4.781635e-71
  6.8285e+01     3.144499e-71
  6.8428e+01     2.067886e-71
  6.8571e+01     1.359883e-71
  6.8714e+01     8.942866e-72
  6.8857e+01     5.881008e-72
  6.9000e+01     3.867469e-72
  6.9142e+01     2.543325e-72
  6.9285e+01     1.672542e-72
  6.9428e+01     1.099897e-72
  6.9571e+01     7.233144e-73
  6.9714e+01     4.756661e-73
  6.9857e+01     3.128076e-73
  7.0000e+01     2.057085e-73
  7.0142e+01     1.352781e-73
  7.0285e+01     8.896158e-74
  7.0428e+01     5.850292e-74
  7.0571e+01     3.847270e-74
  7.0714e+01     2.530042e-74
  7.0857e+01     1.663806e-74
  7.1000e+01     1.094152e-74
  7.1142e+01     7.195366e-75
  7.1285e+01     4.731817e-75
  7.1428e+01     3.111738e-75
  7.1571e+01     2.046341e-75
  7.1714e+01     1.345715e-75
  7.1857e+01     8.849693e-76
  7.2000e+01     5.819736e-76
  7.2142e+01     3.827175e-76
  7.2285e+01     2.516827e-76
  7.2428e+01     1.655116e-76
  7.2571e+01     1.088438e-76
  7.2714e+01     7.157785e-77
  7.2857e+01     4.707103e-77
  7.3000e+01     3.095486e-77
  7.3142e+01     2.035653e-77
  7.3285e+01     1.338687e-77
  7.3428e+01     8.803472e-78
  7.3571e+01     5.789340e-78
  7.3714e+01     3.807186e-78
  7.3857e+01     2.503682e-78
  7.4000e+01     1.646472e-78
  7.4142e+01     1.082753e-78
  7.4285e+01     7.120400e-79
  7.4428e+01     4.682518e-79
  7.4571e+01     3.079318e-79
  7.4714e+01     2.025021e-79
  7.4857e+01     1.331695e-79
  7.5000e+01     8.757492e-80
  7.5142e+01     5.759102e-80
  7.5285e+01     3.787301e-80
  7.5428e+01     2.490605e-80
  7.5571e+01     1.637872e-80
  7.5714e+01     1.077098e-80
  7.5857e+01     7.083210e-81
  7.6000e+01     4.658061e-81
  7.6142e+01     3.063235e-81
  7.6285e+01     2.014445e-81
  7.6428e+01     1.324739e-81
  7.6571e+01     8.711752e-82
  7.6714e+01     5.729023e-82
  7.6857e+01     3.767520e-82
  7.7000e+01     2.477597e-82
  7.7142e+01     1.629318e-82
  7.7285e+01     1.071472e-82
  7.7428e+01     7.046215e-83
  7.7571e+01     4.633733e-83
  7.7714e+01     3.047236e-83
  7.7857e+01     2.003923e-83
  7.8000e+01     1.317820e-83
  7.8142e+01     8.666251e-84
  7.8285e+01     5.699100e-84
  7.8428e+01     3.747843e-84
  7.8571e+01     2.464657e-84
  7.8714e+01     1.620808e-84
  7.8857e+01     1.065876e-84
  7.9000e+01     7.009413e-85
  7.9142e+01     4.609531e-85
  7.9285e+01     3.031320e-85
  7.9428e+01     1.993457e-85
  7.9571e+01     1.310937e-85
  7.9714e+01     8.620987e-86
  7.9857e+01     5.669334e-86
  8.0000e+01     3.728268e-86
  8.0142e+01     2.451784e-86
  8.0285e+01     1.612342e-86
  8.0428e+01     1.060309e-86
  8.0571e+01     6.972803e-87
  8.0714e+01     4.585455e-87
  8.0857e+01     3.015488e-87
  8.1000e+01     1.983045e-87
  8.1142e+01     1.304090e-87
  8.1285e+01     8.575960e-88
  8.1428e+01     5.639724e-88
  8.1571e+01     3.708795e-88
  8.1714e+01     2.438978e-88
  8.1857e+01     1.603921e-88
  8.2000e+01     1.054771e-88
  8.2142e+01     6.936384e-89
  8.2285e+01     4.561506e-89
  8.2428e+01     2.999738e-89
  8.2571e+01     1.972688e-89
  8.2714e+01     1.297279e-89
  8.2857e+01     8.531168e-90
  8.3000e+01     5.610267e-90
  8.3142e+01     3.689425e-90
  8.3285e+01     2.426240e-90
  8.3428e+01     1.595544e-90
  8.3571e+01     1.049262e-90
  8.3714e+01     6.900156e-91
  8.3857e+01     4.537681e-91
  8.4000e+01     2.984070e-91
  8.4142e+01     1.962385e-91
  8.4285e+01     1.290503e-91
  8.4428e+01     8.486610e-92
  8.4571e+01     5.580965e-92
  8.4714e+01     3.670155e-92
  8.4857e+01     2.413568e-92
  8.5000e+01     1.587210e-92
  8.5142e+01     1.043782e-92
  8.5285e+01     6.864117e-93
  8.5428e+01     4.513981e-93
  8.5571e+01     2.968485e-93
  8.5714e+01     1.952135e-93
  8.5857e+01     1.283763e-93
  8.6000e+01     8.442285e-94
  8.6142e+01     5.551816e-94
  8.6285e+01     3.650986e-94
  8.6428e+01     2.400962e-94
  8.6571e+01     1.578921e-94
  8.6714e+01     1.038330e-94
  8.6857e+01     6.828266e-95
  8.7000e+01     4.490405e-95
  8.7142e+01     2.952980e-95
  8.7285e+01     1.941939e-95
  8.7428e+01     1.277058e-95
  8.7571e+01     8.398191e-96
  8.7714e+01     5.522819e-96
  8.7857e+01     3.631917e-96
  8.8000e+01     2.388421e-96
  8.8142e+01     1.570674e-96
  8.8285e+01     1.032907e-96
  8.8428e+01     6.792602e-97
  8.8571e+01     4.466952e-97
  8.8714e+01     2.937557e-97
  8.8857e+01     1.931797e-97
  8.9000e+01     1.270388e-97
  8.9142e+01     8.354328e-98
  8.9285e+01     5.493974e-98
  8.9428e+01     3.612947e-98
  8.9571e+01     2.375947e-98
  8.9714e+01     1.562470e-98
  8.9857e+01     1.027512e-98
  9.0000e+01     6.757125e-99
  9.0142e+01     4.443621e-99
  9.0285e+01     2.922214e-99
  9.0428e+01     1.921707e-99
  9.0571e+01     1.263753e-99
  9.0714e+01     8.310694e-100
  9.0857e+01     5.465279e-100
  9.1000e+01     3.594077e-100
  9.1142e+01     2.363537e-100
  9.1285e+01     1.554310e-100
  9.1428e+01     1.022145e-100
  9.1571e+01     6.721832e-101
  9.1714e+01     4.420412e-101
  9.1857e+01     2.906952e-101
  9.2000e+01     1.911670e-101
  9.2142e+01     1.257152e-101
  9.2285e+01     8.267287e-102
  9.2428e+01     5.436734e-102
  9.2571e+01     3.575305e-102
  9.2714e+01     2.351193e-102
  9.2857e+01     1.546192e-102
  9.3000e+01     1.016807e-102
  9.3142e+01     6.686725e-103
  9.3285e+01     4.397324e-103
  9.3428e+01     2.891769e-103
  9.3571e+01     1.901685e-103
  9.3714e+01     1.250586e-103
  9.3857e+01     8.224107e-104
  9.4000e+01     5.408338e-104
  9.4142e+01     3.556632e-104
  9.4285e+01     2.338913e-104
  9.4428e+01     1.538116e-104
  9.4571e+01     1.011496e-104
  9.4714e+01     6.651800e-105
  9.4857e+01     4.374357e-105
  9.5000e+01     2.876665e-105
  9.5142e+01     1.891753e-105
  9.5285e+01     1.244055e-105
  9.5428e+01     8.181153e-106
  9.5571e+01     5.380091e-106
  9.5714e+01     3.538056e-106
  9.5857e+01     2.326696e-106
  9.6000e+01     1.530082e-106
  9.6142e+01     1.006213e-106
  9.6285e+01     6.617058e-107
  9.6428e+01     4.351510e-107
  9.6571e+01     2.861641e-107
  9.6714e+01     1.881872e-107
  9.6857e+01     1.237557e-107
  9.7000e+01     8.138423e-108
  9.7142e+01     5.351991e-108
  9.7285e+01     3.519577e-108
  9.7428e+01     2.314544e-108
  9.7571e+01     1.522091e-108
  9.7714e+01     1.000957e-108
  9.7857e+01     6.582497e-109
  9.8000e+01     4.328782e-109
  9.8142e+01     2.846694e-109
  9.8285e+01     1.872043e-109
  9.8428e+01     1.231093e-109
  9.8571e+01     8.095917e-110
  9.8714e+01     5.324037e-110
  9.8857e+01     3.501194e-110
  9.9000e+01     2.302455e-110
  9.9142e+01     1.514141e-110
  9.9285e+01     9.957295e-111
  9.9428e+01     6.548117e-111
  9.9571e+01     4.306173e-111
  9.9714e+01     2.831826e-111
  9.9857e+01     1.862266e-111
  1.0000e+02     1.224663e-111
  1.0014e+02     8.053632e-112
  1.0028e+02     5.296230e-112
  1.0042e+02     3.482907e-112
  1.0057e+02     2.290430e-112
  1.0071e+02     1.506233e-112
  1.0085e+02     9.905288e-113
  1.0100e+02     6.513917e-113
  1.0114e+02     4.283682e-113
  1.0128e+02     2.817036e-113
  1.0142e+02     1.852539e-113
  1.0157e+02     1.218267e-113
  1.0171e+02     8.011568e-114
  1.0185e+02     5.268568e-114
  1.0200e+02     3.464716e-114
  1.0214e+02     2.278467e-114
  1.0228e+02     1.498366e-114
  1.0242e+02     9.853554e-115
  1.0257e+02     6.479895e-115
  1.0271e+02     4.261309e-115
  1.0285e+02     2.802322e-115
  1.0300e+02     1.842863e-115
  1.0314e+02     1.211904e-115
  1.0328e+02     7.969724e-116
  1.0342e+02     5.241051e-116
  1.0357e+02     3.446620e-116
  1.0371e+02     2.266567e-116
  1.0385e+02     1.490540e-116
  1.0400e+02     9.802089e-117
  1.0414e+02     6.446050e-117
