# Epidemic | reproduction number
# [ x-unit: transmission cycles | y-unit: individuals infected by one sick member ]
# ==============================================================================
  0.0000e+00     1.750000e+00
  1.4286e-01     1.749997e+00
  2.8571e-01     1.749993e+00
  4.2857e-01     1.749989e+00
  5.7143e-01     1.749985e+00
  7.1429e-01     1.749981e+00
  8.5714e-01     1.749976e+00
  1.0000e+00     1.749971e+00
  1.1428e+00     1.749965e+00
  1.2857e+00     1.749959e+00
  1.4285e+00     1.749952e+00
  1.5714e+00     1.749945e+00
  1.7142e+00     1.749937e+00
  1.8571e+00     1.749929e+00
  2.0000e+00     1.749920e+00
  2.1428e+00     1.749910e+00
  2.2857e+00     1.749899e+00
  2.4285e+00     1.749887e+00
  2.5714e+00     1.749875e+00
  2.7142e+00     1.749861e+00
  2.8571e+00     1.749846e+00
  3.0000e+00     1.749830e+00
  3.1428e+00     1.749813e+00
  3.2857e+00     1.749794e+00
  3.4285e+00     1.749774e+00
  3.5714e+00     1.749752e+00
  3.7142e+00     1.749728e+00
  3.8571e+00     1.749702e+00
  4.0000e+00     1.749674e+00
  4.1428e+00     1.749643e+00
  4.2857e+00     1.749610e+00
  4.4285e+00     1.749575e+00
  4.5714e+00     1.749536e+00
  4.7142e+00     1.749494e+00
  4.8571e+00     1.749449e+00
  5.0000e+00     1.749400e+00
  5.1428e+00     1.749347e+00
  5.2857e+00     1.749289e+00
  5.4285e+00     1.749227e+00
  5.5714e+00     1.749159e+00
  5.7142e+00     1.749086e+00
  5.8571e+00     1.749007e+00
  6.0000e+00     1.748921e+00
  6.1428e+00     1.748828e+00
  6.2857e+00     1.748727e+00
  6.4285e+00     1.748618e+00
  6.5714e+00     1.748500e+00
  6.7142e+00     1.748372e+00
  6.8571e+00     1.748234e+00
  7.0000e+00     1.748083e+00
  7.1428e+00     1.747921e+00
  7.2857e+00     1.747745e+00
  7.4285e+00     1.747554e+00
  7.5714e+00     1.747348e+00
  7.7142e+00     1.747124e+00
  7.8571e+00     1.746882e+00
  8.0000e+00     1.746619e+00
  8.1428e+00     1.746335e+00
  8.2857e+00     1.746028e+00
  8.4285e+00     1.745695e+00
  8.5714e+00     1.745334e+00
  8.7142e+00     1.744943e+00
  8.8571e+00     1.744521e+00
  9.0000e+00     1.744063e+00
  9.1428e+00     1.743567e+00
  9.2857e+00     1.743030e+00
  9.4285e+00     1.742449e+00
  9.5714e+00     1.741820e+00
  9.7142e+00     1.741139e+00
  9.8571e+00     1.740402e+00
  1.0000e+01     1.739604e+00
  1.0142e+01     1.738741e+00
  1.0285e+01     1.737806e+00
  1.0428e+01     1.736795e+00
  1.0571e+01     1.735701e+00
  1.0714e+01     1.734517e+00
  1.0857e+01     1.733236e+00
  1.1000e+01     1.731851e+00
  1.1142e+01     1.730352e+00
  1.1285e+01     1.728731e+00
  1.1428e+01     1.726979e+00
  1.1571e+01     1.725084e+00
  1.1714e+01     1.723036e+00
  1.1857e+01     1.720822e+00
  1.2000e+01     1.718430e+00
  1.2142e+01     1.715845e+00
  1.2285e+01     1.713054e+00
  1.2428e+01     1.710039e+00
  1.2571e+01     1.706783e+00
  1.2714e+01     1.703270e+00
  1.2857e+01     1.699479e+00
  1.3000e+01     1.695389e+00
  1.3142e+01     1.690979e+00
  1.3285e+01     1.686226e+00
  1.3428e+01     1.681104e+00
  1.3571e+01     1.675587e+00
  1.3714e+01     1.669649e+00
  1.3857e+01     1.663259e+00
  1.4000e+01     1.656388e+00
  1.4142e+01     1.649003e+00
  1.4285e+01     1.641071e+00
  1.4428e+01     1.632558e+00
  1.4571e+01     1.623427e+00
  1.4714e+01     1.613642e+00
  1.4857e+01     1.603164e+00
  1.5000e+01     1.591956e+00
  1.5142e+01     1.579979e+00
  1.5285e+01     1.567193e+00
  1.5428e+01     1.553559e+00
  1.5571e+01     1.539040e+00
  1.5714e+01     1.523599e+00
  1.5857e+01     1.507201e+00
  1.6000e+01     1.489813e+00
  1.6142e+01     1.471406e+00
  1.6285e+01     1.451956e+00
  1.6428e+01     1.431442e+00
  1.6571e+01     1.409850e+00
  1.6714e+01     1.387172e+00
  1.6857e+01     1.363410e+00
  1.7000e+01     1.338572e+00
  1.7142e+01     1.312678e+00
  1.7285e+01     1.285759e+00
  1.7428e+01     1.257856e+00
  1.7571e+01     1.229024e+00
  1.7714e+01     1.199331e+00
  1.7857e+01     1.168857e+00
  1.8000e+01     1.137697e+00
  1.8142e+01     1.105959e+00
  1.8285e+01     1.073761e+00
  1.8428e+01     1.041234e+00
  1.8571e+01     1.008520e+00
  1.8714e+01     9.757669e-01
  1.8857e+01     9.431283e-01
  1.9000e+01     9.107619e-01
  1.9142e+01     8.788248e-01
  1.9285e+01     8.474717e-01
  1.9428e+01     8.168511e-01
  1.9571e+01     7.871024e-01
  1.9714e+01     7.583535e-01
  1.9857e+01     7.307180e-01
  2.0000e+01     7.042931e-01
  2.0142e+01     6.791582e-01
  2.0285e+01     6.553742e-01
  2.0428e+01     6.329826e-01
  2.0571e+01     6.120063e-01
  2.0714e+01     5.924501e-01
  2.0857e+01     5.743023e-01
  2.1000e+01     5.575360e-01
  2.1142e+01     5.421116e-01
  2.1285e+01     5.279783e-01
  2.1428e+01     5.150769e-01
  2.1571e+01     5.033415e-01
  2.1714e+01     4.927019e-01
  2.1857e+01     4.830852e-01
  2.2000e+01     4.744174e-01
  2.2142e+01     4.666252e-01
  2.2285e+01     4.596367e-01
  2.2428e+01     4.533824e-01
  2.2571e+01     4.477962e-01
  2.2714e+01     4.428156e-01
  2.2857e+01     4.383821e-01
  2.3000e+01     4.344411e-01
  2.3142e+01     4.309426e-01
  2.3285e+01     4.278404e-01
  2.3428e+01     4.250925e-01
  2.3571e+01     4.226606e-01
  2.3714e+01     4.205102e-01
  2.3857e+01     4.186101e-01
  2.4000e+01     4.169323e-01
  2.4142e+01     4.154515e-01
  2.4285e+01     4.141454e-01
  2.4428e+01     4.129938e-01
  2.4571e+01     4.119789e-01
  2.4714e+01     4.110847e-01
  2.4857e+01     4.102972e-01
  2.5000e+01     4.096037e-01
  2.5142e+01     4.089933e-01
  2.5285e+01     4.084561e-01
  2.5428e+01     4.079833e-01
  2.5571e+01     4.075674e-01
  2.5714e+01     4.072016e-01
  2.5857e+01     4.068798e-01
  2.6000e+01     4.065968e-01
  2.6142e+01     4.063480e-01
  2.6285e+01     4.061291e-01
  2.6428e+01     4.059368e-01
  2.6571e+01     4.057676e-01
  2.6714e+01     4.056189e-01
  2.6857e+01     4.054882e-01
  2.7000e+01     4.053733e-01
  2.7142e+01     4.052723e-01
  2.7285e+01     4.051836e-01
  2.7428e+01     4.051056e-01
  2.7571e+01     4.050370e-01
  2.7714e+01     4.049767e-01
  2.7857e+01     4.049238e-01
  2.8000e+01     4.048772e-01
  2.8142e+01     4.048363e-01
  2.8285e+01     4.048004e-01
  2.8428e+01     4.047688e-01
  2.8571e+01     4.047410e-01
  2.8714e+01     4.047166e-01
  2.8857e+01     4.046952e-01
  2.9000e+01     4.046763e-01
  2.9142e+01     4.046598e-01
  2.9285e+01     4.046452e-01
  2.9428e+01     4.046325e-01
  2.9571e+01     4.046212e-01
  2.9714e+01     4.046113e-01
  2.9857e+01     4.046027e-01
  3.0000e+01     4.045950e-01
  3.0142e+01     4.045883e-01
  3.0285e+01     4.045825e-01
  3.0428e+01     4.045773e-01
  3.0571e+01     4.045727e-01
  3.0714e+01     4.045687e-01
  3.0857e+01     4.045652e-01
  3.1000e+01     4.045622e-01
  3.1142e+01     4.045594e-01
  3.1285e+01     4.045571e-01
  3.1428e+01     4.045550e-01
  3.1571e+01     4.045531e-01
  3.1714e+01     4.045515e-01
  3.1857e+01     4.045501e-01
  3.2000e+01     4.045488e-01
  3.2142e+01     4.045477e-01
  3.2285e+01     4.045468e-01
  3.2428e+01     4.045459e-01
  3.2571e+01     4.045452e-01
  3.2714e+01     4.045445e-01
  3.2857e+01     4.045440e-01
  3.3000e+01     4.045435e-01
  3.3142e+01     4.045430e-01
  3.3285e+01     4.045426e-01
  3.3428e+01     4.045423e-01
  3.3571e+01     4.045420e-01
  3.3714e+01     4.045417e-01
  3.3857e+01     4.045415e-01
  3.4000e+01     4.045413e-01
  3.4142e+01     4.045411e-01
  3.4285e+01     4.045409e-01
  3.4428e+01     4.045408e-01
  3.4571e+01     4.045407e-01
  3.4714e+01     4.045406e-01
  3.4857e+01     4.045405e-01
  3.5000e+01     4.045404e-01
  3.5142e+01     4.045403e-01
  3.5285e+01     4.045403e-01
  3.5428e+01     4.045402e-01
  3.5571e+01     4.045402e-01
  3.5714e+01     4.045401e-01
  3.5857e+01     4.045401e-01
  3.6000e+01     4.045400e-01
  3.6142e+01     4.045400e-01
  3.6285e+01     4.045400e-01
  3.6428e+01     4.045400e-01
  3.6571e+01     4.045399e-01
  3.6714e+01     4.045399e-01
  3.6857e+01     4.045399e-01
  3.7000e+01     4.045399e-01
  3.7142e+01     4.045399e-01
  3.7285e+01     4.045399e-01
  3.7428e+01     4.045399e-01
  3.7571e+01     4.045399e-01
  3.7714e+01     4.045399e-01
  3.7857e+01     4.045399e-01
  3.8000e+01     4.045398e-01
  3.8142e+01     4.045398e-01
  3.8285e+01     4.045398e-01
  3.8428e+01     4.045398e-01
  3.8571e+01     4.045398e-01
  3.8714e+01     4.045398e-01
  3.8857e+01     4.045398e-01
  3.9000e+01     4.045398e-01
  3.9142e+01     4.045398e-01
  3.9285e+01     4.045398e-01
  3.9428e+01     4.045398e-01
  3.9571e+01     4.045398e-01
  3.9714e+01     4.045398e-01
  3.9857e+01     4.045398e-01
  4.0000e+01     4.045398e-01
  4.0142e+01     4.045398e-01
  4.0285e+01     4.045398e-01
  4.0428e+01     4.045398e-01
  4.0571e+01     4.045398e-01
  4.0714e+01     4.045398e-01
  4.0857e+01     4.045398e-01
  4.1000e+01     4.045398e-01
  4.1142e+01     4.045398e-01
  4.1285e+01     4.045398e-01
  4.1428e+01     4.045398e-01
  4.1571e+01     4.045398e-01
  4.1714e+01     4.045398e-01
  4.1857e+01     4.045398e-01
  4.2000e+01     4.045398e-01
  4.2142e+01     4.045398e-01
  4.2285e+01     4.045398e-01
  4.2428e+01     4.045398e-01
  4.2571e+01     4.045398e-01
  4.2714e+01     4.045398e-01
  4.2857e+01     4.045398e-01
  4.3000e+01     4.045398e-01
  4.3142e+01     4.045398e-01
  4.3285e+01     4.045398e-01
  4.3428e+01     4.045398e-01
  4.3571e+01     4.045398e-01
  4.3714e+01     4.045398e-01
  4.3857e+01     4.045398e-01
  4.4000e+01     4.045398e-01
  4.4142e+01     4.045398e-01
  4.4285e+01     4.045398e-01
  4.4428e+01     4.045398e-01
  4.4571e+01     4.045398e-01
  4.4714e+01     4.045398e-01
  4.4857e+01     4.045398e-01
  4.5000e+01     4.045398e-01
  4.5142e+01     4.045398e-01
  4.5285e+01     4.045398e-01
  4.5428e+01     4.045398e-01
  4.5571e+01     4.045398e-01
  4.5714e+01     4.045398e-01
  4.5857e+01     4.045398e-01
  4.6000e+01     4.045398e-01
  4.6142e+01     4.045398e-01
  4.6285e+01     4.045398e-01
  4.6428e+01     4.045398e-01
  4.6571e+01     4.045398e-01
  4.6714e+01     4.045398e-01
  4.6857e+01     4.045398e-01
  4.7000e+01     4.045398e-01
  4.7142e+01     4.045398e-01
  4.7285e+01     4.045398e-01
  4.7428e+01     4.045398e-01
  4.7571e+01     4.045398e-01
  4.7714e+01     4.045398e-01
  4.7857e+01     4.045398e-01
  4.8000e+01     4.045398e-01
  4.8142e+01     4.045398e-01
  4.8285e+01     4.045398e-01
  4.8428e+01     4.045398e-01
  4.8571e+01     4.045398e-01
  4.8714e+01     4.045398e-01
  4.8857e+01     4.045398e-01
  4.9000e+01     4.045398e-01
  4.9142e+01     4.045398e-01
  4.9285e+01     4.045398e-01
  4.9428e+01     4.045398e-01
  4.9571e+01     4.045398e-01
  4.9714e+01     4.045398e-01
  4.9857e+01     4.045398e-01
  5.0000e+01     4.045398e-01
  5.0142e+01     4.045398e-01
  5.0285e+01     4.045398e-01
  5.0428e+01     4.045398e-01
  5.0571e+01     4.045398e-01
  5.0714e+01     4.045398e-01
  5.0857e+01     4.045398e-01
  5.1000e+01     4.045398e-01
  5.1142e+01     4.045398e-01
  5.1285e+01     4.045398e-01
  5.1428e+01     4.045398e-01
  5.1571e+01     4.045398e-01
  5.1714e+01     4.045398e-01
  5.1857e+01     4.045398e-01
  5.2000e+01     4.045398e-01
  5.2142e+01     4.045398e-01
  5.2285e+01     4.045398e-01
  5.2428e+01     4.045398e-01
  5.2571e+01     4.045398e-01
  5.2714e+01     4.045398e-01
  5.2857e+01     4.045398e-01
  5.3000e+01     4.045398e-01
  5.3142e+01     4.045398e-01
  5.3285e+01     4.045398e-01
  5.3428e+01     4.045398e-01
  5.3571e+01     4.045398e-01
  5.3714e+01     4.045398e-01
  5.3857e+01     4.045398e-01
  5.4000e+01     4.045398e-01
  5.4142e+01     4.045398e-01
  5.4285e+01     4.045398e-01
  5.4428e+01     4.045398e-01
  5.4571e+01     4.045398e-01
  5.4714e+01     4.045398e-01
  5.4857e+01     4.045398e-01
  5.5000e+01     4.045398e-01
  5.5142e+01     4.045398e-01
  5.5285e+01     4.045398e-01
  5.5428e+01     4.045398e-01
  5.5571e+01     4.045398e-01
  5.5714e+01     4.045398e-01
  5.5857e+01     4.045398e-01
  5.6000e+01     4.045398e-01
  5.6142e+01     4.045398e-01
  5.6285e+01     4.045398e-01
  5.6428e+01     4.045398e-01
  5.6571e+01     4.045398e-01
  5.6714e+01     4.045398e-01
  5.6857e+01     4.045398e-01
  5.7000e+01     4.045398e-01
  5.7142e+01     4.045398e-01
  5.7285e+01     4.045398e-01
  5.7428e+01     4.045398e-01
  5.7571e+01     4.045398e-01
  5.7714e+01     4.045398e-01
  5.7857e+01     4.045398e-01
  5.8000e+01     4.045398e-01
  5.8142e+01     4.045398e-01
  5.8285e+01     4.045398e-01
  5.8428e+01     4.045398e-01
  5.8571e+01     4.045398e-01
  5.8714e+01     4.045398e-01
  5.8857e+01     4.045398e-01
  5.9000e+01     4.045398e-01
  5.9142e+01     4.045398e-01
  5.9285e+01     4.045398e-01
  5.9428e+01     4.045398e-01
  5.9571e+01     4.045398e-01
  5.9714e+01     4.045398e-01
  5.9857e+01     4.045398e-01
  6.0000e+01     4.045398e-01
  6.0142e+01     4.045398e-01
  6.0285e+01     4.045398e-01
  6.0428e+01     4.045398e-01
  6.0571e+01     4.045398e-01
  6.0714e+01     4.045398e-01
  6.0857e+01     4.045398e-01
  6.1000e+01     4.045398e-01
  6.1142e+01     4.045398e-01
  6.1285e+01     4.045398e-01
  6.1428e+01     4.045398e-01
  6.1571e+01     4.045398e-01
  6.1714e+01     4.045398e-01
  6.1857e+01     4.045398e-01
  6.2000e+01     4.045398e-01
  6.2142e+01     4.045398e-01
  6.2285e+01     4.045398e-01
  6.2428e+01     4.045398e-01
  6.2571e+01     4.045398e-01
  6.2714e+01     4.045398e-01
  6.2857e+01     4.045398e-01
  6.3000e+01     4.045398e-01
  6.3142e+01     4.045398e-01
  6.3285e+01     4.045398e-01
  6.3428e+01     4.045398e-01
  6.3571e+01     4.045398e-01
  6.3714e+01     4.045398e-01
  6.3857e+01     4.045398e-01
  6.4000e+01     4.045398e-01
  6.4142e+01     4.045398e-01
  6.4285e+01     4.045398e-01
  6.4428e+01     4.045398e-01
  6.4571e+01     4.045398e-01
  6.4714e+01     4.045398e-01
  6.4857e+01     4.045398e-01
  6.5000e+01     4.045398e-01
  6.5142e+01     4.045398e-01
  6.5285e+01     4.045398e-01
  6.5428e+01     4.045398e-01
  6.5571e+01     4.045398e-01
  6.5714e+01     4.045398e-01
  6.5857e+01     4.045398e-01
  6.6000e+01     4.045398e-01
  6.6142e+01     4.045398e-01
  6.6285e+01     4.045398e-01
  6.6428e+01     4.045398e-01
  6.6571e+01     4.045398e-01
  6.6714e+01     4.045398e-01
  6.6857e+01     4.045398e-01
  6.7000e+01     4.045398e-01
  6.7142e+01     4.045398e-01
  6.7285e+01     4.045398e-01
  6.7428e+01     4.045398e-01
  6.7571e+01     4.045398e-01
  6.7714e+01     4.045398e-01
  6.7857e+01     4.045398e-01
  6.8000e+01     4.045398e-01
  6.8142e+01     4.045398e-01
  6.8285e+01     4.045398e-01
  6.8428e+01     4.045398e-01
  6.8571e+01     4.045398e-01
  6.8714e+01     4.045398e-01
  6.8857e+01     4.045398e-01
  6.9000e+01     4.045398e-01
  6.9142e+01     4.045398e-01
  6.9285e+01     4.045398e-01
  6.9428e+01     4.045398e-01
  6.9571e+01     4.045398e-01
  6.9714e+01     4.045398e-01
  6.9857e+01     4.045398e-01
  7.0000e+01     4.045398e-01
  7.0142e+01     4.045398e-01
  7.0285e+01     4.045398e-01
  7.0428e+01     4.045398e-01
  7.0571e+01     4.045398e-01
  7.0714e+01     4.045398e-01
  7.0857e+01     4.045398e-01
  7.1000e+01     4.045398e-01
  7.1142e+01     4.045398e-01
  7.1285e+01     4.045398e-01
  7.1428e+01     4.045398e-01
  7.1571e+01     4.045398e-01
  7.1714e+01     4.045398e-01
  7.1857e+01     4.045398e-01
  7.2000e+01     4.045398e-01
  7.2142e+01     4.045398e-01
  7.2285e+01     4.045398e-01
  7.2428e+01     4.045398e-01
  7.2571e+01     4.045398e-01
  7.2714e+01     4.045398e-01
  7.2857e+01     4.045398e-01
  7.3000e+01     4.045398e-01
  7.3142e+01     4.045398e-01
  7.3285e+01     4.045398e-01
  7.3428e+01     4.045398e-01
  7.3571e+01     4.045398e-01
  7.3714e+01     4.045398e-01
  7.3857e+01     4.045398e-01
  7.4000e+01     4.045398e-01
  7.4142e+01     4.045398e-01
  7.4285e+01     4.045398e-01
  7.4428e+01     4.045398e-01
  7.4571e+01     4.045398e-01
  7.4714e+01     4.045398e-01
  7.4857e+01     4.045398e-01
  7.5000e+01     4.045398e-01
  7.5142e+01     4.045398e-01
  7.5285e+01     4.045398e-01
  7.5428e+01     4.045398e-01
  7.5571e+01     4.045398e-01
  7.5714e+01     4.045398e-01
  7.5857e+01     4.045398e-01
  7.6000e+01     4.045398e-01
  7.6142e+01     4.045398e-01
  7.6285e+01     4.045398e-01
  7.6428e+01     4.045398e-01
  7.6571e+01     4.045398e-01
  7.6714e+01     4.045398e-01
  7.6857e+01     4.045398e-01
  7.7000e+01     4.045398e-01
  7.7142e+01     4.045398e-01
  7.7285e+01     4.045398e-01
  7.7428e+01     4.045398e-01
  7.7571e+01     4.045398e-01
  7.7714e+01     4.045398e-01
  7.7857e+01     4.045398e-01
  7.8000e+01     4.045398e-01
  7.8142e+01     4.045398e-01
  7.8285e+01     4.045398e-01
  7.8428e+01     4.045398e-01
  7.8571e+01     4.045398e-01
  7.8714e+01     4.045398e-01
  7.8857e+01     4.045398e-01
  7.9000e+01     4.045398e-01
  7.9142e+01     4.045398e-01
  7.9285e+01     4.045398e-01
  7.9428e+01     4.045398e-01
  7.9571e+01     4.045398e-01
  7.9714e+01     4.045398e-01
  7.9857e+01     4.045398e-01
  8.0000e+01     4.045398e-01
  8.0142e+01     4.045398e-01
  8.0285e+01     4.045398e-01
  8.0428e+01     4.045398e-01
  8.0571e+01     4.045398e-01
  8.0714e+01     4.045398e-01
  8.0857e+01     4.045398e-01
  8.1000e+01     4.045398e-01
  8.1142e+01     4.045398e-01
  8.1285e+01     4.045398e-01
  8.1428e+01     4.045398e-01
  8.1571e+01     4.045398e-01
  8.1714e+01     4.045398e-01
  8.1857e+01     4.045398e-01
  8.2000e+01     4.045398e-01
  8.2142e+01     4.045398e-01
  8.2285e+01     4.045398e-01
  8.2428e+01     4.045398e-01
  8.2571e+01     4.045398e-01
  8.2714e+01     4.045398e-01
  8.2857e+01     4.045398e-01
  8.3000e+01     4.045398e-01
  8.3142e+01     4.045398e-01
  8.3285e+01     4.045398e-01
  8.3428e+01     4.045398e-01
  8.3571e+01     4.045398e-01
  8.3714e+01     4.045398e-01
  8.3857e+01     4.045398e-01
  8.4000e+01     4.045398e-01
  8.4142e+01     4.045398e-01
  8.4285e+01     4.045398e-01
  8.4428e+01     4.045398e-01
  8.4571e+01     4.045398e-01
  8.4714e+01     4.045398e-01
  8.4857e+01     4.045398e-01
  8.5000e+01     4.045398e-01
  8.5142e+01     4.045398e-01
  8.5285e+01     4.045398e-01
  8.5428e+01     4.045398e-01
  8.5571e+01     4.045398e-01
  8.5714e+01     4.045398e-01
  8.5857e+01     4.045398e-01
  8.6000e+01     4.045398e-01
  8.6142e+01     4.045398e-01
  8.6285e+01     4.045398e-01
  8.6428e+01     4.045398e-01
  8.6571e+01     4.045398e-01
  8.6714e+01     4.045398e-01
  8.6857e+01     4.045398e-01
  8.7000e+01     4.045398e-01
  8.7142e+01     4.045398e-01
  8.7285e+01     4.045398e-01
  8.7428e+01     4.045398e-01
  8.7571e+01     4.045398e-01
  8.7714e+01     4.045398e-01
  8.7857e+01     4.045398e-01
  8.8000e+01     4.045398e-01
  8.8142e+01     4.045398e-01
  8.8285e+01     4.045398e-01
  8.8428e+01     4.045398e-01
  8.8571e+01     4.045398e-01
  8.8714e+01     4.045398e-01
  8.8857e+01     4.045398e-01
  8.9000e+01     4.045398e-01
  8.9142e+01     4.045398e-01
  8.9285e+01     4.045398e-01
  8.9428e+01     4.045398e-01
  8.9571e+01     4.045398e-01
  8.9714e+01     4.045398e-01
  8.9857e+01     4.045398e-01
  9.0000e+01     4.045398e-01
  9.0142e+01     4.045398e-01
  9.0285e+01     4.045398e-01
  9.0428e+01     4.045398e-01
  9.0571e+01     4.045398e-01
  9.0714e+01     4.045398e-01
  9.0857e+01     4.045398e-01
  9.1000e+01     4.045398e-01
  9.1142e+01     4.045398e-01
  9.1285e+01     4.045398e-01
  9.1428e+01     4.045398e-01
  9.1571e+01     4.045398e-01
  9.1714e+01     4.045398e-01
  9.1857e+01     4.045398e-01
  9.2000e+01     4.045398e-01
  9.2142e+01     4.045398e-01
  9.2285e+01     4.045398e-01
  9.2428e+01     4.045398e-01
  9.2571e+01     4.045398e-01
  9.2714e+01     4.045398e-01
  9.2857e+01     4.045398e-01
  9.3000e+01     4.045398e-01
  9.3142e+01     4.045398e-01
  9.3285e+01     4.045398e-01
  9.3428e+01     4.045398e-01
  9.3571e+01     4.045398e-01
  9.3714e+01     4.045398e-01
  9.3857e+01     4.045398e-01
  9.4000e+01     4.045398e-01
  9.4142e+01     4.045398e-01
  9.4285e+01     4.045398e-01
  9.4428e+01     4.045398e-01
  9.4571e+01     4.045398e-01
  9.4714e+01     4.045398e-01
  9.4857e+01     4.045398e-01
  9.5000e+01     4.045398e-01
  9.5142e+01     4.045398e-01
  9.5285e+01     4.045398e-01
  9.5428e+01     4.045398e-01
  9.5571e+01     4.045398e-01
  9.5714e+01     4.045398e-01
  9.5857e+01     4.045398e-01
  9.6000e+01     4.045398e-01
  9.6142e+01     4.045398e-01
  9.6285e+01     4.045398e-01
  9.6428e+01     4.045398e-01
  9.6571e+01     4.045398e-01
  9.6714e+01     4.045398e-01
  9.6857e+01     4.045398e-01
  9.7000e+01     4.045398e-01
  9.7142e+01     4.045398e-01
  9.7285e+01     4.045398e-01
  9.7428e+01     4.045398e-01
  9.7571e+01     4.045398e-01
  9.7714e+01     4.045398e-01
  9.7857e+01     4.045398e-01
  9.8000e+01     4.045398e-01
  9.8142e+01     4.045398e-01
  9.8285e+01     4.045398e-01
  9.8428e+01     4.045398e-01
  9.8571e+01     4.045398e-01
  9.8714e+01     4.045398e-01
  9.8857e+01     4.045398e-01
  9.9000e+01     4.045398e-01
  9.9142e+01     4.045398e-01
  9.9285e+01     4.045398e-01
  9.9428e+01     4.045398e-01
  9.9571e+01     4.045398e-01
  9.9714e+01     4.045398e-01
  9.9857e+01     4.045398e-01
  1.0000e+02     4.045398e-01
  1.0014e+02     4.045398e-01
  1.0028e+02     4.045398e-01
  1.0042e+02     4.045398e-01
  1.0057e+02     4.045398e-01
  1.0071e+02     4.045398e-01
  1.0085e+02     4.045398e-01
  1.0100e+02     4.045398e-01
  1.0114e+02     4.045398e-01
  1.0128e+02     4.045398e-01
  1.0142e+02     4.045398e-01
  1.0157e+02     4.045398e-01
  1.0171e+02     4.045398e-01
  1.0185e+02     4.045398e-01
  1.0200e+02     4.045398e-01
  1.0214e+02     4.045398e-01
  1.0228e+02     4.045398e-01
  1.0242e+02     4.045398e-01
  1.0257e+02     4.045398e-01
  1.0271e+02     4.045398e-01
  1.0285e+02     4.045398e-01
  1.0300e+02     4.045398e-01
  1.0314e+02     4.045398e-01
  1.0328e+02     4.045398e-01
  1.0342e+02     4.045398e-01
  1.0357e+02     4.045398e-01
  1.0371e+02     4.045398e-01
  1.0385e+02     4.045398e-01
  1.0400e+02     4.045398e-01
  1.0414e+02     4.045398e-01
