# Epidemic | reproduction number
# [ x-unit: transmission cycles | y-unit: individuals infected by one sick member ]
# ==============================================================================
  0.0000e+00     2.000000e+00
  1.4286e-01     1.999996e+00
  2.8571e-01     1.999992e+00
  4.2857e-01     1.999987e+00
  5.7143e-01     1.999982e+00
  7.1429e-01     1.999977e+00
  8.5714e-01     1.999971e+00
  1.0000e+00     1.999964e+00
  1.1428e+00     1.999957e+00
  1.2857e+00     1.999948e+00
  1.4285e+00     1.999939e+00
  1.5714e+00     1.999929e+00
  1.7142e+00     1.999918e+00
  1.8571e+00     1.999906e+00
  2.0000e+00     1.999892e+00
  2.1428e+00     1.999877e+00
  2.2857e+00     1.999861e+00
  2.4285e+00     1.999843e+00
  2.5714e+00     1.999822e+00
  2.7142e+00     1.999800e+00
  2.8571e+00     1.999776e+00
  3.0000e+00     1.999749e+00
  3.1428e+00     1.999719e+00
  3.2857e+00     1.999686e+00
  3.4285e+00     1.999649e+00
  3.5714e+00     1.999609e+00
  3.7142e+00     1.999565e+00
  3.8571e+00     1.999516e+00
  4.0000e+00     1.999462e+00
  4.1428e+00     1.999402e+00
  4.2857e+00     1.999336e+00
  4.4285e+00     1.999263e+00
  4.5714e+00     1.999183e+00
  4.7142e+00     1.999094e+00
  4.8571e+00     1.998996e+00
  5.0000e+00     1.998888e+00
  5.1428e+00     1.998768e+00
  5.2857e+00     1.998636e+00
  5.4285e+00     1.998491e+00
  5.5714e+00     1.998330e+00
  5.7142e+00     1.998153e+00
  5.8571e+00     1.997957e+00
  6.0000e+00     1.997741e+00
  6.1428e+00     1.997502e+00
  6.2857e+00     1.997238e+00
  6.4285e+00     1.996947e+00
  6.5714e+00     1.996626e+00
  6.7142e+00     1.996272e+00
  6.8571e+00     1.995881e+00
  7.0000e+00     1.995449e+00
  7.1428e+00     1.994972e+00
  7.2857e+00     1.994446e+00
  7.4285e+00     1.993866e+00
  7.5714e+00     1.993225e+00
  7.7142e+00     1.992518e+00
  7.8571e+00     1.991738e+00
  8.0000e+00     1.990877e+00
  8.1428e+00     1.989927e+00
  8.2857e+00     1.988879e+00
  8.4285e+00     1.987723e+00
  8.5714e+00     1.986448e+00
  8.7142e+00     1.985041e+00
  8.8571e+00     1.983490e+00
  9.0000e+00     1.981779e+00
  9.1428e+00     1.979892e+00
  9.2857e+00     1.977812e+00
  9.4285e+00     1.975520e+00
  9.5714e+00     1.972993e+00
  9.7142e+00     1.970208e+00
  9.8571e+00     1.967140e+00
  1.0000e+01     1.963761e+00
  1.0142e+01     1.960040e+00
  1.0285e+01     1.955943e+00
  1.0428e+01     1.951435e+00
  1.0571e+01     1.946474e+00
  1.0714e+01     1.941019e+00
  1.0857e+01     1.935021e+00
  1.1000e+01     1.928430e+00
  1.1142e+01     1.921191e+00
  1.1285e+01     1.913245e+00
  1.1428e+01     1.904527e+00
  1.1571e+01     1.894968e+00
  1.1714e+01     1.884496e+00
  1.1857e+01     1.873031e+00
  1.2000e+01     1.860492e+00
  1.2142e+01     1.846789e+00
  1.2285e+01     1.831832e+00
  1.2428e+01     1.815524e+00
  1.2571e+01     1.797767e+00
  1.2714e+01     1.778457e+00
  1.2857e+01     1.757493e+00
  1.3000e+01     1.734771e+00
  1.3142e+01     1.710189e+00
  1.3285e+01     1.683649e+00
  1.3428e+01     1.655060e+00
  1.3571e+01     1.624338e+00
  1.3714e+01     1.591413e+00
  1.3857e+01     1.556229e+00
  1.4000e+01     1.518753e+00
  1.4142e+01     1.478972e+00
  1.4285e+01     1.436907e+00
  1.4428e+01     1.392608e+00
  1.4571e+01     1.346164e+00
  1.4714e+01     1.297709e+00
  1.4857e+01     1.247418e+00
  1.5000e+01     1.195516e+00
  1.5142e+01     1.142275e+00
  1.5285e+01     1.088016e+00
  1.5428e+01     1.033101e+00
  1.5571e+01     9.779329e-01
  1.5714e+01     9.229417e-01
  1.5857e+01     8.685782e-01
  1.6000e+01     8.152988e-01
  1.6142e+01     7.635515e-01
  1.6285e+01     7.137601e-01
  1.6428e+01     6.663094e-01
  1.6571e+01     6.215308e-01
  1.6714e+01     5.796911e-01
  1.6857e+01     5.409840e-01
  1.7000e+01     5.055263e-01
  1.7142e+01     4.733576e-01
  1.7285e+01     4.444455e-01
  1.7428e+01     4.186928e-01
  1.7571e+01     3.959490e-01
  1.7714e+01     3.760220e-01
  1.7857e+01     3.586913e-01
  1.8000e+01     3.437199e-01
  1.8142e+01     3.308653e-01
  1.8285e+01     3.198882e-01
  1.8428e+01     3.105594e-01
  1.8571e+01     3.026651e-01
  1.8714e+01     2.960092e-01
  1.8857e+01     2.904153e-01
  1.9000e+01     2.857268e-01
  1.9142e+01     2.818064e-01
  1.9285e+01     2.785346e-01
  1.9428e+01     2.758088e-01
  1.9571e+01     2.735410e-01
  1.9714e+01     2.716566e-01
  1.9857e+01     2.700922e-01
  2.0000e+01     2.687946e-01
  2.0142e+01     2.677190e-01
  2.0285e+01     2.668280e-01
  2.0428e+01     2.660902e-01
  2.0571e+01     2.654795e-01
  2.0714e+01     2.649743e-01
  2.0857e+01     2.645563e-01
  2.1000e+01     2.642107e-01
  2.1142e+01     2.639249e-01
  2.1285e+01     2.636886e-01
  2.1428e+01     2.634933e-01
  2.1571e+01     2.633319e-01
  2.1714e+01     2.631985e-01
  2.1857e+01     2.630882e-01
  2.2000e+01     2.629971e-01
  2.2142e+01     2.629219e-01
  2.2285e+01     2.628597e-01
  2.2428e+01     2.628083e-01
  2.2571e+01     2.627658e-01
  2.2714e+01     2.627307e-01
  2.2857e+01     2.627018e-01
  2.3000e+01     2.626778e-01
  2.3142e+01     2.626580e-01
  2.3285e+01     2.626417e-01
  2.3428e+01     2.626282e-01
  2.3571e+01     2.626170e-01
  2.3714e+01     2.626078e-01
  2.3857e+01     2.626002e-01
  2.4000e+01     2.625939e-01
  2.4142e+01     2.625887e-01
  2.4285e+01     2.625844e-01
  2.4428e+01     2.625809e-01
  2.4571e+01     2.625780e-01
  2.4714e+01     2.625755e-01
  2.4857e+01     2.625735e-01
  2.5000e+01     2.625719e-01
  2.5142e+01     2.625705e-01
  2.5285e+01     2.625694e-01
  2.5428e+01     2.625685e-01
  2.5571e+01     2.625677e-01
  2.5714e+01     2.625671e-01
  2.5857e+01     2.625665e-01
  2.6000e+01     2.625661e-01
  2.6142e+01     2.625658e-01
  2.6285e+01     2.625655e-01
  2.6428e+01     2.625652e-01
  2.6571e+01     2.625650e-01
  2.6714e+01     2.625648e-01
  2.6857e+01     2.625647e-01
  2.7000e+01     2.625646e-01
  2.7142e+01     2.625645e-01
  2.7285e+01     2.625644e-01
  2.7428e+01     2.625644e-01
  2.7571e+01     2.625643e-01
  2.7714e+01     2.625643e-01
  2.7857e+01     2.625642e-01
  2.8000e+01     2.625642e-01
  2.8142e+01     2.625642e-01
  2.8285e+01     2.625641e-01
  2.8428e+01     2.625641e-01
  2.8571e+01     2.625641e-01
  2.8714e+01     2.625641e-01
  2.8857e+01     2.625641e-01
  2.9000e+01     2.625641e-01
  2.9142e+01     2.625641e-01
  2.9285e+01     2.625641e-01
  2.9428e+01     2.625641e-01
  2.9571e+01     2.625641e-01
  2.9714e+01     2.625641e-01
  2.9857e+01     2.625641e-01
  3.0000e+01     2.625641e-01
  3.0142e+01     2.625641e-01
  3.0285e+01     2.625641e-01
  3.0428e+01     2.625641e-01
  3.0571e+01     2.625641e-01
  3.0714e+01     2.625641e-01
  3.0857e+01     2.625641e-01
  3.1000e+01     2.625641e-01
  3.1142e+01     2.625641e-01
  3.1285e+01     2.625641e-01
  3.1428e+01     2.625641e-01
  3.1571e+01     2.625641e-01
  3.1714e+01     2.625641e-01
  3.1857e+01     2.625641e-01
  3.2000e+01     2.625641e-01
  3.2142e+01     2.625641e-01
  3.2285e+01     2.625641e-01
  3.2428e+01     2.625641e-01
  3.2571e+01     2.625641e-01
  3.2714e+01     2.625641e-01
  3.2857e+01     2.625641e-01
  3.3000e+01     2.625641e-01
  3.3142e+01     2.625641e-01
  3.3285e+01     2.625641e-01
  3.3428e+01     2.625641e-01
  3.3571e+01     2.625641e-01
  3.3714e+01     2.625641e-01
  3.3857e+01     2.625641e-01
  3.4000e+01     2.625641e-01
  3.4142e+01     2.625641e-01
  3.4285e+01     2.625641e-01
  3.4428e+01     2.625641e-01
  3.4571e+01     2.625641e-01
  3.4714e+01     2.625641e-01
  3.4857e+01     2.625641e-01
  3.5000e+01     2.625641e-01
  3.5142e+01     2.625641e-01
  3.5285e+01     2.625641e-01
  3.5428e+01     2.625641e-01
  3.5571e+01     2.625641e-01
  3.5714e+01     2.625641e-01
  3.5857e+01     2.625641e-01
  3.6000e+01     2.625641e-01
  3.6142e+01     2.625641e-01
  3.6285e+01     2.625641e-01
  3.6428e+01     2.625641e-01
  3.6571e+01     2.625641e-01
  3.6714e+01     2.625641e-01
  3.6857e+01     2.625641e-01
  3.7000e+01     2.625641e-01
  3.7142e+01     2.625641e-01
  3.7285e+01     2.625641e-01
  3.7428e+01     2.625641e-01
  3.7571e+01     2.625641e-01
  3.7714e+01     2.625641e-01
  3.7857e+01     2.625641e-01
  3.8000e+01     2.625641e-01
  3.8142e+01     2.625641e-01
  3.8285e+01     2.625641e-01
  3.8428e+01     2.625641e-01
  3.8571e+01     2.625641e-01
  3.8714e+01     2.625641e-01
  3.8857e+01     2.625641e-01
  3.9000e+01     2.625641e-01
  3.9142e+01     2.625641e-01
  3.9285e+01     2.625641e-01
  3.9428e+01     2.625641e-01
  3.9571e+01     2.625641e-01
  3.9714e+01     2.625641e-01
  3.9857e+01     2.625641e-01
  4.0000e+01     2.625641e-01
  4.0142e+01     2.625641e-01
  4.0285e+01     2.625641e-01
  4.0428e+01     2.625641e-01
  4.0571e+01     2.625641e-01
  4.0714e+01     2.625641e-01
  4.0857e+01     2.625641e-01
  4.1000e+01     2.625641e-01
  4.1142e+01     2.625641e-01
  4.1285e+01     2.625641e-01
  4.1428e+01     2.625641e-01
  4.1571e+01     2.625641e-01
  4.1714e+01     2.625641e-01
  4.1857e+01     2.625641e-01
  4.2000e+01     2.625641e-01
  4.2142e+01     2.625641e-01
  4.2285e+01     2.625641e-01
  4.2428e+01     2.625641e-01
  4.2571e+01     2.625641e-01
  4.2714e+01     2.625641e-01
  4.2857e+01     2.625641e-01
  4.3000e+01     2.625641e-01
  4.3142e+01     2.625641e-01
  4.3285e+01     2.625641e-01
  4.3428e+01     2.625641e-01
  4.3571e+01     2.625641e-01
  4.3714e+01     2.625641e-01
  4.3857e+01     2.625641e-01
  4.4000e+01     2.625641e-01
  4.4142e+01     2.625641e-01
  4.4285e+01     2.625641e-01
  4.4428e+01     2.625641e-01
  4.4571e+01     2.625641e-01
  4.4714e+01     2.625641e-01
  4.4857e+01     2.625641e-01
  4.5000e+01     2.625641e-01
  4.5142e+01     2.625641e-01
  4.5285e+01     2.625641e-01
  4.5428e+01     2.625641e-01
  4.5571e+01     2.625641e-01
  4.5714e+01     2.625641e-01
  4.5857e+01     2.625641e-01
  4.6000e+01     2.625641e-01
  4.6142e+01     2.625641e-01
  4.6285e+01     2.625641e-01
  4.6428e+01     2.625641e-01
  4.6571e+01     2.625641e-01
  4.6714e+01     2.625641e-01
  4.6857e+01     2.625641e-01
  4.7000e+01     2.625641e-01
  4.7142e+01     2.625641e-01
  4.7285e+01     2.625641e-01
  4.7428e+01     2.625641e-01
  4.7571e+01     2.625641e-01
  4.7714e+01     2.625641e-01
  4.7857e+01     2.625641e-01
  4.8000e+01     2.625641e-01
  4.8142e+01     2.625641e-01
  4.8285e+01     2.625641e-01
  4.8428e+01     2.625641e-01
  4.8571e+01     2.625641e-01
  4.8714e+01     2.625641e-01
  4.8857e+01     2.625641e-01
  4.9000e+01     2.625641e-01
  4.9142e+01     2.625641e-01
  4.9285e+01     2.625641e-01
  4.9428e+01     2.625641e-01
  4.9571e+01     2.625641e-01
  4.9714e+01     2.625641e-01
  4.9857e+01     2.625641e-01
  5.0000e+01     2.625641e-01
  5.0142e+01     2.625641e-01
  5.0285e+01     2.625641e-01
  5.0428e+01     2.625641e-01
  5.0571e+01     2.625641e-01
  5.0714e+01     2.625641e-01
  5.0857e+01     2.625641e-01
  5.1000e+01     2.625641e-01
  5.1142e+01     2.625641e-01
  5.1285e+01     2.625641e-01
  5.1428e+01     2.625641e-01
  5.1571e+01     2.625641e-01
  5.1714e+01     2.625641e-01
  5.1857e+01     2.625641e-01
  5.2000e+01     2.625641e-01
  5.2142e+01     2.625641e-01
  5.2285e+01     2.625641e-01
  5.2428e+01     2.625641e-01
  5.2571e+01     2.625641e-01
  5.2714e+01     2.625641e-01
  5.2857e+01     2.625641e-01
  5.3000e+01     2.625641e-01
  5.3142e+01     2.625641e-01
  5.3285e+01     2.625641e-01
  5.3428e+01     2.625641e-01
  5.3571e+01     2.625641e-01
  5.3714e+01     2.625641e-01
  5.3857e+01     2.625641e-01
  5.4000e+01     2.625641e-01
  5.4142e+01     2.625641e-01
  5.4285e+01     2.625641e-01
  5.4428e+01     2.625641e-01
  5.4571e+01     2.625641e-01
  5.4714e+01     2.625641e-01
  5.4857e+01     2.625641e-01
  5.5000e+01     2.625641e-01
  5.5142e+01     2.625641e-01
  5.5285e+01     2.625641e-01
  5.5428e+01     2.625641e-01
  5.5571e+01     2.625641e-01
  5.5714e+01     2.625641e-01
  5.5857e+01     2.625641e-01
  5.6000e+01     2.625641e-01
  5.6142e+01     2.625641e-01
  5.6285e+01     2.625641e-01
  5.6428e+01     2.625641e-01
  5.6571e+01     2.625641e-01
  5.6714e+01     2.625641e-01
  5.6857e+01     2.625641e-01
  5.7000e+01     2.625641e-01
  5.7142e+01     2.625641e-01
  5.7285e+01     2.625641e-01
  5.7428e+01     2.625641e-01
  5.7571e+01     2.625641e-01
  5.7714e+01     2.625641e-01
  5.7857e+01     2.625641e-01
  5.8000e+01     2.625641e-01
  5.8142e+01     2.625641e-01
  5.8285e+01     2.625641e-01
  5.8428e+01     2.625641e-01
  5.8571e+01     2.625641e-01
  5.8714e+01     2.625641e-01
  5.8857e+01     2.625641e-01
  5.9000e+01     2.625641e-01
  5.9142e+01     2.625641e-01
  5.9285e+01     2.625641e-01
  5.9428e+01     2.625641e-01
  5.9571e+01     2.625641e-01
  5.9714e+01     2.625641e-01
  5.9857e+01     2.625641e-01
  6.0000e+01     2.625641e-01
  6.0142e+01     2.625641e-01
  6.0285e+01     2.625641e-01
  6.0428e+01     2.625641e-01
  6.0571e+01     2.625641e-01
  6.0714e+01     2.625641e-01
  6.0857e+01     2.625641e-01
  6.1000e+01     2.625641e-01
  6.1142e+01     2.625641e-01
  6.1285e+01     2.625641e-01
  6.1428e+01     2.625641e-01
  6.1571e+01     2.625641e-01
  6.1714e+01     2.625641e-01
  6.1857e+01     2.625641e-01
  6.2000e+01     2.625641e-01
  6.2142e+01     2.625641e-01
  6.2285e+01     2.625641e-01
  6.2428e+01     2.625641e-01
  6.2571e+01     2.625641e-01
  6.2714e+01     2.625641e-01
  6.2857e+01     2.625641e-01
  6.3000e+01     2.625641e-01
  6.3142e+01     2.625641e-01
  6.3285e+01     2.625641e-01
  6.3428e+01     2.625641e-01
  6.3571e+01     2.625641e-01
  6.3714e+01     2.625641e-01
  6.3857e+01     2.625641e-01
  6.4000e+01     2.625641e-01
  6.4142e+01     2.625641e-01
  6.4285e+01     2.625641e-01
  6.4428e+01     2.625641e-01
  6.4571e+01     2.625641e-01
  6.4714e+01     2.625641e-01
  6.4857e+01     2.625641e-01
  6.5000e+01     2.625641e-01
  6.5142e+01     2.625641e-01
  6.5285e+01     2.625641e-01
  6.5428e+01     2.625641e-01
  6.5571e+01     2.625641e-01
  6.5714e+01     2.625641e-01
  6.5857e+01     2.625641e-01
  6.6000e+01     2.625641e-01
  6.6142e+01     2.625641e-01
  6.6285e+01     2.625641e-01
  6.6428e+01     2.625641e-01
  6.6571e+01     2.625641e-01
  6.6714e+01     2.625641e-01
  6.6857e+01     2.625641e-01
  6.7000e+01     2.625641e-01
  6.7142e+01     2.625641e-01
  6.7285e+01     2.625641e-01
  6.7428e+01     2.625641e-01
  6.7571e+01     2.625641e-01
  6.7714e+01     2.625641e-01
  6.7857e+01     2.625641e-01
  6.8000e+01     2.625641e-01
  6.8142e+01     2.625641e-01
  6.8285e+01     2.625641e-01
  6.8428e+01     2.625641e-01
  6.8571e+01     2.625641e-01
  6.8714e+01     2.625641e-01
  6.8857e+01     2.625641e-01
  6.9000e+01     2.625641e-01
  6.9142e+01     2.625641e-01
  6.9285e+01     2.625641e-01
  6.9428e+01     2.625641e-01
  6.9571e+01     2.625641e-01
  6.9714e+01     2.625641e-01
  6.9857e+01     2.625641e-01
  7.0000e+01     2.625641e-01
  7.0142e+01     2.625641e-01
  7.0285e+01     2.625641e-01
  7.0428e+01     2.625641e-01
  7.0571e+01     2.625641e-01
  7.0714e+01     2.625641e-01
  7.0857e+01     2.625641e-01
  7.1000e+01     2.625641e-01
  7.1142e+01     2.625641e-01
  7.1285e+01     2.625641e-01
  7.1428e+01     2.625641e-01
  7.1571e+01     2.625641e-01
  7.1714e+01     2.625641e-01
  7.1857e+01     2.625641e-01
  7.2000e+01     2.625641e-01
  7.2142e+01     2.625641e-01
  7.2285e+01     2.625641e-01
  7.2428e+01     2.625641e-01
  7.2571e+01     2.625641e-01
  7.2714e+01     2.625641e-01
  7.2857e+01     2.625641e-01
  7.3000e+01     2.625641e-01
  7.3142e+01     2.625641e-01
  7.3285e+01     2.625641e-01
  7.3428e+01     2.625641e-01
  7.3571e+01     2.625641e-01
  7.3714e+01     2.625641e-01
  7.3857e+01     2.625641e-01
  7.4000e+01     2.625641e-01
  7.4142e+01     2.625641e-01
  7.4285e+01     2.625641e-01
  7.4428e+01     2.625641e-01
  7.4571e+01     2.625641e-01
  7.4714e+01     2.625641e-01
  7.4857e+01     2.625641e-01
  7.5000e+01     2.625641e-01
  7.5142e+01     2.625641e-01
  7.5285e+01     2.625641e-01
  7.5428e+01     2.625641e-01
  7.5571e+01     2.625641e-01
  7.5714e+01     2.625641e-01
  7.5857e+01     2.625641e-01
  7.6000e+01     2.625641e-01
  7.6142e+01     2.625641e-01
  7.6285e+01     2.625641e-01
  7.6428e+01     2.625641e-01
  7.6571e+01     2.625641e-01
  7.6714e+01     2.625641e-01
  7.6857e+01     2.625641e-01
  7.7000e+01     2.625641e-01
  7.7142e+01     2.625641e-01
  7.7285e+01     2.625641e-01
  7.7428e+01     2.625641e-01
  7.7571e+01     2.625641e-01
  7.7714e+01     2.625641e-01
  7.7857e+01     2.625641e-01
  7.8000e+01     2.625641e-01
  7.8142e+01     2.625641e-01
  7.8285e+01     2.625641e-01
  7.8428e+01     2.625641e-01
  7.8571e+01     2.625641e-01
  7.8714e+01     2.625641e-01
  7.8857e+01     2.625641e-01
  7.9000e+01     2.625641e-01
  7.9142e+01     2.625641e-01
  7.9285e+01     2.625641e-01
  7.9428e+01     2.625641e-01
  7.9571e+01     2.625641e-01
  7.9714e+01     2.625641e-01
  7.9857e+01     2.625641e-01
  8.0000e+01     2.625641e-01
  8.0142e+01     2.625641e-01
  8.0285e+01     2.625641e-01
  8.0428e+01     2.625641e-01
  8.0571e+01     2.625641e-01
  8.0714e+01     2.625641e-01
  8.0857e+01     2.625641e-01
  8.1000e+01     2.625641e-01
  8.1142e+01     2.625641e-01
  8.1285e+01     2.625641e-01
  8.1428e+01     2.625641e-01
  8.1571e+01     2.625641e-01
  8.1714e+01     2.625641e-01
  8.1857e+01     2.625641e-01
  8.2000e+01     2.625641e-01
  8.2142e+01     2.625641e-01
  8.2285e+01     2.625641e-01
  8.2428e+01     2.625641e-01
  8.2571e+01     2.625641e-01
  8.2714e+01     2.625641e-01
  8.2857e+01     2.625641e-01
  8.3000e+01     2.625641e-01
  8.3142e+01     2.625641e-01
  8.3285e+01     2.625641e-01
  8.3428e+01     2.625641e-01
  8.3571e+01     2.625641e-01
  8.3714e+01     2.625641e-01
  8.3857e+01     2.625641e-01
  8.4000e+01     2.625641e-01
  8.4142e+01     2.625641e-01
  8.4285e+01     2.625641e-01
  8.4428e+01     2.625641e-01
  8.4571e+01     2.625641e-01
  8.4714e+01     2.625641e-01
  8.4857e+01     2.625641e-01
  8.5000e+01     2.625641e-01
  8.5142e+01     2.625641e-01
  8.5285e+01     2.625641e-01
  8.5428e+01     2.625641e-01
  8.5571e+01     2.625641e-01
  8.5714e+01     2.625641e-01
  8.5857e+01     2.625641e-01
  8.6000e+01     2.625641e-01
  8.6142e+01     2.625641e-01
  8.6285e+01     2.625641e-01
  8.6428e+01     2.625641e-01
  8.6571e+01     2.625641e-01
  8.6714e+01     2.625641e-01
  8.6857e+01     2.625641e-01
  8.7000e+01     2.625641e-01
  8.7142e+01     2.625641e-01
  8.7285e+01     2.625641e-01
  8.7428e+01     2.625641e-01
  8.7571e+01     2.625641e-01
  8.7714e+01     2.625641e-01
  8.7857e+01     2.625641e-01
  8.8000e+01     2.625641e-01
  8.8142e+01     2.625641e-01
  8.8285e+01     2.625641e-01
  8.8428e+01     2.625641e-01
  8.8571e+01     2.625641e-01
  8.8714e+01     2.625641e-01
  8.8857e+01     2.625641e-01
  8.9000e+01     2.625641e-01
  8.9142e+01     2.625641e-01
  8.9285e+01     2.625641e-01
  8.9428e+01     2.625641e-01
  8.9571e+01     2.625641e-01
  8.9714e+01     2.625641e-01
  8.9857e+01     2.625641e-01
  9.0000e+01     2.625641e-01
  9.0142e+01     2.625641e-01
  9.0285e+01     2.625641e-01
  9.0428e+01     2.625641e-01
  9.0571e+01     2.625641e-01
  9.0714e+01     2.625641e-01
  9.0857e+01     2.625641e-01
  9.1000e+01     2.625641e-01
  9.1142e+01     2.625641e-01
  9.1285e+01     2.625641e-01
  9.1428e+01     2.625641e-01
  9.1571e+01     2.625641e-01
  9.1714e+01     2.625641e-01
  9.1857e+01     2.625641e-01
  9.2000e+01     2.625641e-01
  9.2142e+01     2.625641e-01
  9.2285e+01     2.625641e-01
  9.2428e+01     2.625641e-01
  9.2571e+01     2.625641e-01
  9.2714e+01     2.625641e-01
  9.2857e+01     2.625641e-01
  9.3000e+01     2.625641e-01
  9.3142e+01     2.625641e-01
  9.3285e+01     2.625641e-01
  9.3428e+01     2.625641e-01
  9.3571e+01     2.625641e-01
  9.3714e+01     2.625641e-01
  9.3857e+01     2.625641e-01
  9.4000e+01     2.625641e-01
  9.4142e+01     2.625641e-01
  9.4285e+01     2.625641e-01
  9.4428e+01     2.625641e-01
  9.4571e+01     2.625641e-01
  9.4714e+01     2.625641e-01
  9.4857e+01     2.625641e-01
  9.5000e+01     2.625641e-01
  9.5142e+01     2.625641e-01
  9.5285e+01     2.625641e-01
  9.5428e+01     2.625641e-01
  9.5571e+01     2.625641e-01
  9.5714e+01     2.625641e-01
  9.5857e+01     2.625641e-01
  9.6000e+01     2.625641e-01
  9.6142e+01     2.625641e-01
  9.6285e+01     2.625641e-01
  9.6428e+01     2.625641e-01
  9.6571e+01     2.625641e-01
  9.6714e+01     2.625641e-01
  9.6857e+01     2.625641e-01
  9.7000e+01     2.625641e-01
  9.7142e+01     2.625641e-01
  9.7285e+01     2.625641e-01
  9.7428e+01     2.625641e-01
  9.7571e+01     2.625641e-01
  9.7714e+01     2.625641e-01
  9.7857e+01     2.625641e-01
  9.8000e+01     2.625641e-01
  9.8142e+01     2.625641e-01
  9.8285e+01     2.625641e-01
  9.8428e+01     2.625641e-01
  9.8571e+01     2.625641e-01
  9.8714e+01     2.625641e-01
  9.8857e+01     2.625641e-01
  9.9000e+01     2.625641e-01
  9.9142e+01     2.625641e-01
  9.9285e+01     2.625641e-01
  9.9428e+01     2.625641e-01
  9.9571e+01     2.625641e-01
  9.9714e+01     2.625641e-01
  9.9857e+01     2.625641e-01
  1.0000e+02     2.625641e-01
  1.0014e+02     2.625641e-01
  1.0028e+02     2.625641e-01
  1.0042e+02     2.625641e-01
  1.0057e+02     2.625641e-01
  1.0071e+02     2.625641e-01
  1.0085e+02     2.625641e-01
  1.0100e+02     2.625641e-01
  1.0114e+02     2.625641e-01
  1.0128e+02     2.625641e-01
  1.0142e+02     2.625641e-01
  1.0157e+02     2.625641e-01
  1.0171e+02     2.625641e-01
  1.0185e+02     2.625641e-01
  1.0200e+02     2.625641e-01
  1.0214e+02     2.625641e-01
  1.0228e+02     2.625641e-01
  1.0242e+02     2.625641e-01
  1.0257e+02     2.625641e-01
  1.0271e+02     2.625641e-01
  1.0285e+02     2.625641e-01
  1.0300e+02     2.625641e-01
  1.0314e+02     2.625641e-01
  1.0328e+02     2.625641e-01
  1.0342e+02     2.625641e-01
  1.0357e+02     2.625641e-01
  1.0371e+02     2.625641e-01
  1.0385e+02     2.625641e-01
  1.0400e+02     2.625641e-01
  1.0414e+02     2.625641e-01
