# Epidemic | reproduction number
# [ x-unit: transmission cycles | y-unit: individuals infected by one sick member ]
# ==============================================================================
  0.0000e+00     1.125000e+00
  1.4286e-01     1.124998e+00
  2.8571e-01     1.124996e+00
  4.2857e-01     1.124994e+00
  5.7143e-01     1.124991e+00
  7.1429e-01     1.124989e+00
  8.5714e-01     1.124987e+00
  1.0000e+00     1.124985e+00
  1.1428e+00     1.124983e+00
  1.2857e+00     1.124980e+00
  1.4285e+00     1.124978e+00
  1.5714e+00     1.124975e+00
  1.7142e+00     1.124973e+00
  1.8571e+00     1.124971e+00
  2.0000e+00     1.124968e+00
  2.1428e+00     1.124966e+00
  2.2857e+00     1.124963e+00
  2.4285e+00     1.124960e+00
  2.5714e+00     1.124958e+00
  2.7142e+00     1.124955e+00
  2.8571e+00     1.124952e+00
  3.0000e+00     1.124949e+00
  3.1428e+00     1.124946e+00
  3.2857e+00     1.124943e+00
  3.4285e+00     1.124940e+00
  3.5714e+00     1.124937e+00
  3.7142e+00     1.124934e+00
  3.8571e+00     1.124931e+00
  4.0000e+00     1.124928e+00
  4.1428e+00     1.124925e+00
  4.2857e+00     1.124921e+00
  4.4285e+00     1.124918e+00
  4.5714e+00     1.124915e+00
  4.7142e+00     1.124911e+00
  4.8571e+00     1.124908e+00
  5.0000e+00     1.124904e+00
  5.1428e+00     1.124900e+00
  5.2857e+00     1.124897e+00
  5.4285e+00     1.124893e+00
  5.5714e+00     1.124889e+00
  5.7142e+00     1.124885e+00
  5.8571e+00     1.124881e+00
  6.0000e+00     1.124877e+00
  6.1428e+00     1.124873e+00
  6.2857e+00     1.124869e+00
  6.4285e+00     1.124865e+00
  6.5714e+00     1.124860e+00
  6.7142e+00     1.124856e+00
  6.8571e+00     1.124852e+00
  7.0000e+00     1.124847e+00
  7.1428e+00     1.124842e+00
  7.2857e+00     1.124838e+00
  7.4285e+00     1.124833e+00
  7.5714e+00     1.124828e+00
  7.7142e+00     1.124823e+00
  7.8571e+00     1.124818e+00
  8.0000e+00     1.124813e+00
  8.1428e+00     1.124808e+00
  8.2857e+00     1.124803e+00
  8.4285e+00     1.124797e+00
  8.5714e+00     1.124792e+00
  8.7142e+00     1.124786e+00
  8.8571e+00     1.124781e+00
  9.0000e+00     1.124775e+00
  9.1428e+00     1.124769e+00
  9.2857e+00     1.124763e+00
  9.4285e+00     1.124757e+00
  9.5714e+00     1.124751e+00
  9.7142e+00     1.124745e+00
  9.8571e+00     1.124738e+00
  1.0000e+01     1.124732e+00
  1.0142e+01     1.124725e+00
  1.0285e+01     1.124719e+00
  1.0428e+01     1.124712e+00
  1.0571e+01     1.124705e+00
  1.0714e+01     1.124698e+00
  1.0857e+01     1.124691e+00
  1.1000e+01     1.124683e+00
  1.1142e+01     1.124676e+00
  1.1285e+01     1.124668e+00
  1.1428e+01     1.124661e+00
  1.1571e+01     1.124653e+00
  1.1714e+01     1.124645e+00
  1.1857e+01     1.124637e+00
  1.2000e+01     1.124629e+00
  1.2142e+01     1.124621e+00
  1.2285e+01     1.124612e+00
  1.2428e+01     1.124604e+00
  1.2571e+01     1.124595e+00
  1.2714e+01     1.124586e+00
  1.2857e+01     1.124577e+00
  1.3000e+01     1.124568e+00
  1.3142e+01     1.124558e+00
  1.3285e+01     1.124549e+00
  1.3428e+01     1.124539e+00
  1.3571e+01     1.124529e+00
  1.3714e+01     1.124519e+00
  1.3857e+01     1.124509e+00
  1.4000e+01     1.124499e+00
  1.4142e+01     1.124489e+00
  1.4285e+01     1.124478e+00
  1.4428e+01     1.124467e+00
  1.4571e+01     1.124456e+00
  1.4714e+01     1.124445e+00
  1.4857e+01     1.124433e+00
  1.5000e+01     1.124422e+00
  1.5142e+01     1.124410e+00
  1.5285e+01     1.124398e+00
  1.5428e+01     1.124386e+00
  1.5571e+01     1.124373e+00
  1.5714e+01     1.124361e+00
  1.5857e+01     1.124348e+00
  1.6000e+01     1.124335e+00
  1.6142e+01     1.124321e+00
  1.6285e+01     1.124308e+00
  1.6428e+01     1.124294e+00
  1.6571e+01     1.124280e+00
  1.6714e+01     1.124266e+00
  1.6857e+01     1.124252e+00
  1.7000e+01     1.124237e+00
  1.7142e+01     1.124222e+00
  1.7285e+01     1.124207e+00
  1.7428e+01     1.124191e+00
  1.7571e+01     1.124176e+00
  1.7714e+01     1.124160e+00
  1.7857e+01     1.124143e+00
  1.8000e+01     1.124127e+00
  1.8142e+01     1.124110e+00
  1.8285e+01     1.124093e+00
  1.8428e+01     1.124076e+00
  1.8571e+01     1.124058e+00
  1.8714e+01     1.124040e+00
  1.8857e+01     1.124022e+00
  1.9000e+01     1.124003e+00
  1.9142e+01     1.123984e+00
  1.9285e+01     1.123965e+00
  1.9428e+01     1.123946e+00
  1.9571e+01     1.123926e+00
  1.9714e+01     1.123906e+00
  1.9857e+01     1.123885e+00
  2.0000e+01     1.123864e+00
  2.0142e+01     1.123843e+00
  2.0285e+01     1.123822e+00
  2.0428e+01     1.123800e+00
  2.0571e+01     1.123777e+00
  2.0714e+01     1.123755e+00
  2.0857e+01     1.123732e+00
  2.1000e+01     1.123708e+00
  2.1142e+01     1.123684e+00
  2.1285e+01     1.123660e+00
  2.1428e+01     1.123635e+00
  2.1571e+01     1.123610e+00
  2.1714e+01     1.123585e+00
  2.1857e+01     1.123559e+00
  2.2000e+01     1.123533e+00
  2.2142e+01     1.123506e+00
  2.2285e+01     1.123479e+00
  2.2428e+01     1.123451e+00
  2.2571e+01     1.123423e+00
  2.2714e+01     1.123394e+00
  2.2857e+01     1.123365e+00
  2.3000e+01     1.123336e+00
  2.3142e+01     1.123305e+00
  2.3285e+01     1.123275e+00
  2.3428e+01     1.123244e+00
  2.3571e+01     1.123212e+00
  2.3714e+01     1.123180e+00
  2.3857e+01     1.123147e+00
  2.4000e+01     1.123114e+00
  2.4142e+01     1.123080e+00
  2.4285e+01     1.123046e+00
  2.4428e+01     1.123011e+00
  2.4571e+01     1.122976e+00
  2.4714e+01     1.122939e+00
  2.4857e+01     1.122903e+00
  2.5000e+01     1.122865e+00
  2.5142e+01     1.122827e+00
  2.5285e+01     1.122789e+00
  2.5428e+01     1.122750e+00
  2.5571e+01     1.122710e+00
  2.5714e+01     1.122669e+00
  2.5857e+01     1.122628e+00
  2.6000e+01     1.122586e+00
  2.6142e+01     1.122544e+00
  2.6285e+01     1.122500e+00
  2.6428e+01     1.122456e+00
  2.6571e+01     1.122411e+00
  2.6714e+01     1.122366e+00
  2.6857e+01     1.122320e+00
  2.7000e+01     1.122273e+00
  2.7142e+01     1.122225e+00
  2.7285e+01     1.122176e+00
  2.7428e+01     1.122127e+00
  2.7571e+01     1.122077e+00
  2.7714e+01     1.122025e+00
  2.7857e+01     1.121974e+00
  2.8000e+01     1.121921e+00
  2.8142e+01     1.121867e+00
  2.8285e+01     1.121813e+00
  2.8428e+01     1.121757e+00
  2.8571e+01     1.121701e+00
  2.8714e+01     1.121644e+00
  2.8857e+01     1.121585e+00
  2.9000e+01     1.121526e+00
  2.9142e+01     1.121466e+00
  2.9285e+01     1.121405e+00
  2.9428e+01     1.121343e+00
  2.9571e+01     1.121279e+00
  2.9714e+01     1.121215e+00
  2.9857e+01     1.121150e+00
  3.0000e+01     1.121083e+00
  3.0142e+01     1.121016e+00
  3.0285e+01     1.120947e+00
  3.0428e+01     1.120878e+00
  3.0571e+01     1.120807e+00
  3.0714e+01     1.120735e+00
  3.0857e+01     1.120661e+00
  3.1000e+01     1.120587e+00
  3.1142e+01     1.120511e+00
  3.1285e+01     1.120435e+00
  3.1428e+01     1.120356e+00
  3.1571e+01     1.120277e+00
  3.1714e+01     1.120196e+00
  3.1857e+01     1.120114e+00
  3.2000e+01     1.120031e+00
  3.2142e+01     1.119946e+00
  3.2285e+01     1.119860e+00
  3.2428e+01     1.119773e+00
  3.2571e+01     1.119684e+00
  3.2714e+01     1.119593e+00
  3.2857e+01     1.119501e+00
  3.3000e+01     1.119408e+00
  3.3142e+01     1.119313e+00
  3.3285e+01     1.119217e+00
  3.3428e+01     1.119119e+00
  3.3571e+01     1.119019e+00
  3.3714e+01     1.118918e+00
  3.3857e+01     1.118815e+00
  3.4000e+01     1.118711e+00
  3.4142e+01     1.118605e+00
  3.4285e+01     1.118497e+00
  3.4428e+01     1.118387e+00
  3.4571e+01     1.118276e+00
  3.4714e+01     1.118163e+00
  3.4857e+01     1.118048e+00
  3.5000e+01     1.117931e+00
  3.5142e+01     1.117812e+00
  3.5285e+01     1.117691e+00
  3.5428e+01     1.117569e+00
  3.5571e+01     1.117444e+00
  3.5714e+01     1.117318e+00
  3.5857e+01     1.117189e+00
  3.6000e+01     1.117059e+00
  3.6142e+01     1.116926e+00
  3.6285e+01     1.116791e+00
  3.6428e+01     1.116654e+00
  3.6571e+01     1.116515e+00
  3.6714e+01     1.116374e+00
  3.6857e+01     1.116231e+00
  3.7000e+01     1.116085e+00
  3.7142e+01     1.115937e+00
  3.7285e+01     1.115786e+00
  3.7428e+01     1.115633e+00
  3.7571e+01     1.115478e+00
  3.7714e+01     1.115320e+00
  3.7857e+01     1.115160e+00
  3.8000e+01     1.114998e+00
  3.8142e+01     1.114832e+00
  3.8285e+01     1.114665e+00
  3.8428e+01     1.114494e+00
  3.8571e+01     1.114321e+00
  3.8714e+01     1.114145e+00
  3.8857e+01     1.113967e+00
  3.9000e+01     1.113785e+00
  3.9142e+01     1.113601e+00
  3.9285e+01     1.113414e+00
  3.9428e+01     1.113225e+00
  3.9571e+01     1.113032e+00
  3.9714e+01     1.112836e+00
  3.9857e+01     1.112637e+00
  4.0000e+01     1.112435e+00
  4.0142e+01     1.112231e+00
  4.0285e+01     1.112023e+00
  4.0428e+01     1.111811e+00
  4.0571e+01     1.111597e+00
  4.0714e+01     1.111379e+00
  4.0857e+01     1.111158e+00
  4.1000e+01     1.110934e+00
  4.1142e+01     1.110706e+00
  4.1285e+01     1.110475e+00
  4.1428e+01     1.110240e+00
  4.1571e+01     1.110002e+00
  4.1714e+01     1.109760e+00
  4.1857e+01     1.109515e+00
  4.2000e+01     1.109265e+00
  4.2142e+01     1.109013e+00
  4.2285e+01     1.108756e+00
  4.2428e+01     1.108496e+00
  4.2571e+01     1.108231e+00
  4.2714e+01     1.107963e+00
  4.2857e+01     1.107691e+00
  4.3000e+01     1.107415e+00
  4.3142e+01     1.107135e+00
  4.3285e+01     1.106850e+00
  4.3428e+01     1.106562e+00
  4.3571e+01     1.106269e+00
  4.3714e+01     1.105972e+00
  4.3857e+01     1.105671e+00
  4.4000e+01     1.105366e+00
  4.4142e+01     1.105056e+00
  4.4285e+01     1.104741e+00
  4.4428e+01     1.104422e+00
  4.4571e+01     1.104099e+00
  4.4714e+01     1.103771e+00
  4.4857e+01     1.103438e+00
  4.5000e+01     1.103100e+00
  4.5142e+01     1.102758e+00
  4.5285e+01     1.102411e+00
  4.5428e+01     1.102059e+00
  4.5571e+01     1.101702e+00
  4.5714e+01     1.101341e+00
  4.5857e+01     1.100974e+00
  4.6000e+01     1.100602e+00
  4.6142e+01     1.100225e+00
  4.6285e+01     1.099843e+00
  4.6428e+01     1.099455e+00
  4.6571e+01     1.099063e+00
  4.6714e+01     1.098664e+00
  4.6857e+01     1.098261e+00
  4.7000e+01     1.097852e+00
  4.7142e+01     1.097438e+00
  4.7285e+01     1.097018e+00
  4.7428e+01     1.096592e+00
  4.7571e+01     1.096161e+00
  4.7714e+01     1.095724e+00
  4.7857e+01     1.095282e+00
  4.8000e+01     1.094833e+00
  4.8142e+01     1.094379e+00
  4.8285e+01     1.093919e+00
  4.8428e+01     1.093453e+00
  4.8571e+01     1.092981e+00
  4.8714e+01     1.092503e+00
  4.8857e+01     1.092019e+00
  4.9000e+01     1.091528e+00
  4.9142e+01     1.091032e+00
  4.9285e+01     1.090529e+00
  4.9428e+01     1.090020e+00
  4.9571e+01     1.089505e+00
  4.9714e+01     1.088984e+00
  4.9857e+01     1.088456e+00
  5.0000e+01     1.087921e+00
  5.0142e+01     1.087380e+00
  5.0285e+01     1.086833e+00
  5.0428e+01     1.086279e+00
  5.0571e+01     1.085719e+00
  5.0714e+01     1.085151e+00
  5.0857e+01     1.084578e+00
  5.1000e+01     1.083997e+00
  5.1142e+01     1.083410e+00
  5.1285e+01     1.082816e+00
  5.1428e+01     1.082215e+00
  5.1571e+01     1.081607e+00
  5.1714e+01     1.080993e+00
  5.1857e+01     1.080372e+00
  5.2000e+01     1.079743e+00
  5.2142e+01     1.079108e+00
  5.2285e+01     1.078466e+00
  5.2428e+01     1.077817e+00
  5.2571e+01     1.077161e+00
  5.2714e+01     1.076498e+00
  5.2857e+01     1.075828e+00
  5.3000e+01     1.075151e+00
  5.3142e+01     1.074467e+00
  5.3285e+01     1.073776e+00
  5.3428e+01     1.073077e+00
  5.3571e+01     1.072372e+00
  5.3714e+01     1.071660e+00
  5.3857e+01     1.070940e+00
  5.4000e+01     1.070214e+00
  5.4142e+01     1.069480e+00
  5.4285e+01     1.068739e+00
  5.4428e+01     1.067991e+00
  5.4571e+01     1.067237e+00
  5.4714e+01     1.066475e+00
  5.4857e+01     1.065706e+00
  5.5000e+01     1.064930e+00
  5.5142e+01     1.064147e+00
  5.5285e+01     1.063357e+00
  5.5428e+01     1.062560e+00
  5.5571e+01     1.061756e+00
  5.5714e+01     1.060945e+00
  5.5857e+01     1.060128e+00
  5.6000e+01     1.059303e+00
  5.6142e+01     1.058472e+00
  5.6285e+01     1.057634e+00
  5.6428e+01     1.056789e+00
  5.6571e+01     1.055938e+00
  5.6714e+01     1.055079e+00
  5.6857e+01     1.054215e+00
  5.7000e+01     1.053343e+00
  5.7142e+01     1.052466e+00
  5.7285e+01     1.051581e+00
  5.7428e+01     1.050691e+00
  5.7571e+01     1.049794e+00
  5.7714e+01     1.048891e+00
  5.7857e+01     1.047981e+00
  5.8000e+01     1.047066e+00
  5.8142e+01     1.046144e+00
  5.8285e+01     1.045217e+00
  5.8428e+01     1.044284e+00
  5.8571e+01     1.043345e+00
  5.8714e+01     1.042400e+00
  5.8857e+01     1.041449e+00
  5.9000e+01     1.040493e+00
  5.9142e+01     1.039532e+00
  5.9285e+01     1.038565e+00
  5.9428e+01     1.037593e+00
  5.9571e+01     1.036616e+00
  5.9714e+01     1.035634e+00
  5.9857e+01     1.034647e+00
  6.0000e+01     1.033655e+00
  6.0142e+01     1.032658e+00
  6.0285e+01     1.031657e+00
  6.0428e+01     1.030651e+00
  6.0571e+01     1.029641e+00
  6.0714e+01     1.028627e+00
  6.0857e+01     1.027609e+00
  6.1000e+01     1.026587e+00
  6.1142e+01     1.025560e+00
  6.1285e+01     1.024531e+00
  6.1428e+01     1.023497e+00
  6.1571e+01     1.022460e+00
  6.1714e+01     1.021420e+00
  6.1857e+01     1.020377e+00
  6.2000e+01     1.019331e+00
  6.2142e+01     1.018281e+00
  6.2285e+01     1.017230e+00
  6.2428e+01     1.016175e+00
  6.2571e+01     1.015118e+00
  6.2714e+01     1.014059e+00
  6.2857e+01     1.012998e+00
  6.3000e+01     1.011935e+00
  6.3142e+01     1.010870e+00
  6.3285e+01     1.009803e+00
  6.3428e+01     1.008735e+00
  6.3571e+01     1.007665e+00
  6.3714e+01     1.006595e+00
  6.3857e+01     1.005523e+00
  6.4000e+01     1.004450e+00
  6.4142e+01     1.003377e+00
  6.4285e+01     1.002303e+00
  6.4428e+01     1.001229e+00
  6.4571e+01     1.000155e+00
  6.4714e+01     9.990814e-01
  6.4857e+01     9.980073e-01
  6.5000e+01     9.969334e-01
  6.5142e+01     9.958601e-01
  6.5285e+01     9.947874e-01
  6.5428e+01     9.937155e-01
  6.5571e+01     9.926445e-01
  6.5714e+01     9.915747e-01
  6.5857e+01     9.905062e-01
  6.6000e+01     9.894391e-01
  6.6142e+01     9.883736e-01
  6.6285e+01     9.873100e-01
  6.6428e+01     9.862482e-01
  6.6571e+01     9.851886e-01
  6.6714e+01     9.841312e-01
  6.6857e+01     9.830762e-01
  6.7000e+01     9.820238e-01
  6.7142e+01     9.809742e-01
  6.7285e+01     9.799274e-01
  6.7428e+01     9.788836e-01
  6.7571e+01     9.778430e-01
  6.7714e+01     9.768057e-01
  6.7857e+01     9.757719e-01
  6.8000e+01     9.747418e-01
  6.8142e+01     9.737153e-01
  6.8285e+01     9.726928e-01
  6.8428e+01     9.716743e-01
  6.8571e+01     9.706600e-01
  6.8714e+01     9.696500e-01
  6.8857e+01     9.686444e-01
  6.9000e+01     9.676434e-01
  6.9142e+01     9.666471e-01
  6.9285e+01     9.656556e-01
  6.9428e+01     9.646690e-01
  6.9571e+01     9.636875e-01
  6.9714e+01     9.627112e-01
  6.9857e+01     9.617402e-01
  7.0000e+01     9.607745e-01
  7.0142e+01     9.598144e-01
  7.0285e+01     9.588598e-01
  7.0428e+01     9.579110e-01
  7.0571e+01     9.569680e-01
  7.0714e+01     9.560309e-01
  7.0857e+01     9.550998e-01
  7.1000e+01     9.541747e-01
  7.1142e+01     9.532559e-01
  7.1285e+01     9.523433e-01
  7.1428e+01     9.514371e-01
  7.1571e+01     9.505373e-01
  7.1714e+01     9.496440e-01
  7.1857e+01     9.487572e-01
  7.2000e+01     9.478771e-01
  7.2142e+01     9.470037e-01
  7.2285e+01     9.461371e-01
  7.2428e+01     9.452773e-01
  7.2571e+01     9.444244e-01
  7.2714e+01     9.435784e-01
  7.2857e+01     9.427394e-01
  7.3000e+01     9.419074e-01
  7.3142e+01     9.410825e-01
  7.3285e+01     9.402648e-01
  7.3428e+01     9.394542e-01
  7.3571e+01     9.386508e-01
  7.3714e+01     9.378547e-01
  7.3857e+01     9.370658e-01
  7.4000e+01     9.362842e-01
  7.4142e+01     9.355099e-01
  7.4285e+01     9.347430e-01
  7.4428e+01     9.339834e-01
  7.4571e+01     9.332312e-01
  7.4714e+01     9.324864e-01
  7.4857e+01     9.317489e-01
  7.5000e+01     9.310189e-01
  7.5142e+01     9.302963e-01
  7.5285e+01     9.295812e-01
  7.5428e+01     9.288734e-01
  7.5571e+01     9.281731e-01
  7.5714e+01     9.274802e-01
  7.5857e+01     9.267947e-01
  7.6000e+01     9.261166e-01
  7.6142e+01     9.254459e-01
  7.6285e+01     9.247825e-01
  7.6428e+01     9.241266e-01
  7.6571e+01     9.234780e-01
  7.6714e+01     9.228367e-01
  7.6857e+01     9.222028e-01
  7.7000e+01     9.215761e-01
  7.7142e+01     9.209567e-01
  7.7285e+01     9.203446e-01
  7.7428e+01     9.197396e-01
  7.7571e+01     9.191419e-01
  7.7714e+01     9.185513e-01
  7.7857e+01     9.179678e-01
  7.8000e+01     9.173915e-01
  7.8142e+01     9.168222e-01
  7.8285e+01     9.162599e-01
  7.8428e+01     9.157045e-01
  7.8571e+01     9.151562e-01
  7.8714e+01     9.146147e-01
  7.8857e+01     9.140801e-01
  7.9000e+01     9.135523e-01
  7.9142e+01     9.130313e-01
  7.9285e+01     9.125170e-01
  7.9428e+01     9.120094e-01
  7.9571e+01     9.115084e-01
  7.9714e+01     9.110140e-01
  7.9857e+01     9.105262e-01
  8.0000e+01     9.100448e-01
  8.0142e+01     9.095699e-01
  8.0285e+01     9.091013e-01
  8.0428e+01     9.086391e-01
  8.0571e+01     9.081832e-01
  8.0714e+01     9.077335e-01
  8.0857e+01     9.072900e-01
  8.1000e+01     9.068526e-01
  8.1142e+01     9.064213e-01
  8.1285e+01     9.059960e-01
  8.1428e+01     9.055766e-01
  8.1571e+01     9.051632e-01
  8.1714e+01     9.047556e-01
  8.1857e+01     9.043538e-01
  8.2000e+01     9.039577e-01
  8.2142e+01     9.035672e-01
  8.2285e+01     9.031824e-01
  8.2428e+01     9.028032e-01
  8.2571e+01     9.024294e-01
  8.2714e+01     9.020611e-01
  8.2857e+01     9.016982e-01
  8.3000e+01     9.013406e-01
  8.3142e+01     9.009883e-01
  8.3285e+01     9.006411e-01
  8.3428e+01     9.002992e-01
  8.3571e+01     8.999623e-01
  8.3714e+01     8.996304e-01
  8.3857e+01     8.993036e-01
  8.4000e+01     8.989816e-01
  8.4142e+01     8.986645e-01
  8.4285e+01     8.983522e-01
  8.4428e+01     8.980447e-01
  8.4571e+01     8.977418e-01
  8.4714e+01     8.974436e-01
  8.4857e+01     8.971500e-01
  8.5000e+01     8.968608e-01
  8.5142e+01     8.965762e-01
  8.5285e+01     8.962959e-01
  8.5428e+01     8.960200e-01
  8.5571e+01     8.957484e-01
  8.5714e+01     8.954810e-01
  8.5857e+01     8.952178e-01
  8.6000e+01     8.949587e-01
  8.6142e+01     8.947037e-01
  8.6285e+01     8.944528e-01
  8.6428e+01     8.942058e-01
  8.6571e+01     8.939627e-01
  8.6714e+01     8.937234e-01
  8.6857e+01     8.934880e-01
  8.7000e+01     8.932563e-01
  8.7142e+01     8.930284e-01
  8.7285e+01     8.928041e-01
  8.7428e+01     8.925834e-01
  8.7571e+01     8.923662e-01
  8.7714e+01     8.921526e-01
  8.7857e+01     8.919424e-01
  8.8000e+01     8.917356e-01
  8.8142e+01     8.915322e-01
  8.8285e+01     8.913321e-01
  8.8428e+01     8.911352e-01
  8.8571e+01     8.909416e-01
  8.8714e+01     8.907511e-01
  8.8857e+01     8.905638e-01
  8.9000e+01     8.903795e-01
  8.9142e+01     8.901983e-01
  8.9285e+01     8.900200e-01
  8.9428e+01     8.898447e-01
  8.9571e+01     8.896723e-01
  8.9714e+01     8.895028e-01
  8.9857e+01     8.893360e-01
  9.0000e+01     8.891720e-01
  9.0142e+01     8.890108e-01
  9.0285e+01     8.888522e-01
  9.0428e+01     8.886963e-01
  9.0571e+01     8.885430e-01
  9.0714e+01     8.883923e-01
  9.0857e+01     8.882441e-01
  9.1000e+01     8.880983e-01
  9.1142e+01     8.879551e-01
  9.1285e+01     8.878142e-01
  9.1428e+01     8.876757e-01
  9.1571e+01     8.875396e-01
  9.1714e+01     8.874057e-01
  9.1857e+01     8.872741e-01
  9.2000e+01     8.871448e-01
  9.2142e+01     8.870176e-01
  9.2285e+01     8.868926e-01
  9.2428e+01     8.867697e-01
  9.2571e+01     8.866490e-01
  9.2714e+01     8.865302e-01
  9.2857e+01     8.864135e-01
  9.3000e+01     8.862988e-01
  9.3142e+01     8.861861e-01
  9.3285e+01     8.860752e-01
  9.3428e+01     8.859663e-01
  9.3571e+01     8.858593e-01
  9.3714e+01     8.857541e-01
  9.3857e+01     8.856506e-01
  9.4000e+01     8.855490e-01
  9.4142e+01     8.854491e-01
  9.4285e+01     8.853510e-01
  9.4428e+01     8.852545e-01
  9.4571e+01     8.851597e-01
  9.4714e+01     8.850666e-01
  9.4857e+01     8.849750e-01
  9.5000e+01     8.848850e-01
  9.5142e+01     8.847966e-01
  9.5285e+01     8.847097e-01
  9.5428e+01     8.846244e-01
  9.5571e+01     8.845405e-01
  9.5714e+01     8.844581e-01
  9.5857e+01     8.843771e-01
  9.6000e+01     8.842975e-01
  9.6142e+01     8.842193e-01
  9.6285e+01     8.841424e-01
  9.6428e+01     8.840669e-01
  9.6571e+01     8.839927e-01
  9.6714e+01     8.839199e-01
  9.6857e+01     8.838482e-01
  9.7000e+01     8.837779e-01
  9.7142e+01     8.837088e-01
  9.7285e+01     8.836408e-01
  9.7428e+01     8.835741e-01
  9.7571e+01     8.835085e-01
  9.7714e+01     8.834441e-01
  9.7857e+01     8.833808e-01
  9.8000e+01     8.833187e-01
  9.8142e+01     8.832576e-01
  9.8285e+01     8.831976e-01
  9.8428e+01     8.831386e-01
  9.8571e+01     8.830807e-01
  9.8714e+01     8.830238e-01
  9.8857e+01     8.829680e-01
  9.9000e+01     8.829130e-01
  9.9142e+01     8.828591e-01
  9.9285e+01     8.828061e-01
  9.9428e+01     8.827541e-01
  9.9571e+01     8.827029e-01
  9.9714e+01     8.826527e-01
  9.9857e+01     8.826034e-01
  1.0000e+02     8.825549e-01
  1.0014e+02     8.825073e-01
  1.0028e+02     8.824605e-01
  1.0042e+02     8.824146e-01
  1.0057e+02     8.823695e-01
  1.0071e+02     8.823251e-01
  1.0085e+02     8.822816e-01
  1.0100e+02     8.822388e-01
  1.0114e+02     8.821968e-01
  1.0128e+02     8.821556e-01
  1.0142e+02     8.821150e-01
  1.0157e+02     8.820752e-01
  1.0171e+02     8.820361e-01
  1.0185e+02     8.819977e-01
  1.0200e+02     8.819600e-01
  1.0214e+02     8.819229e-01
  1.0228e+02     8.818865e-01
  1.0242e+02     8.818508e-01
  1.0257e+02     8.818157e-01
  1.0271e+02     8.817812e-01
  1.0285e+02     8.817473e-01
  1.0300e+02     8.817140e-01
  1.0314e+02     8.816814e-01
  1.0328e+02     8.816493e-01
  1.0342e+02     8.816177e-01
  1.0357e+02     8.815868e-01
  1.0371e+02     8.815564e-01
  1.0385e+02     8.815265e-01
  1.0400e+02     8.814972e-01
  1.0414e+02     8.814684e-01
