# Epidemic | reproduction number
# [ x-unit: transmission cycles | y-unit: individuals infected by one sick member ]
# ==============================================================================
  0.0000e+00     2.875000e+00
  1.4286e-01     2.874995e+00
  2.8571e-01     2.874988e+00
  4.2857e-01     2.874981e+00
  5.7143e-01     2.874972e+00
  7.1429e-01     2.874962e+00
  8.5714e-01     2.874950e+00
  1.0000e+00     2.874937e+00
  1.1428e+00     2.874921e+00
  1.2857e+00     2.874903e+00
  1.4285e+00     2.874881e+00
  1.5714e+00     2.874856e+00
  1.7142e+00     2.874827e+00
  1.8571e+00     2.874794e+00
  2.0000e+00     2.874755e+00
  2.1428e+00     2.874709e+00
  2.2857e+00     2.874656e+00
  2.4285e+00     2.874595e+00
  2.5714e+00     2.874523e+00
  2.7142e+00     2.874440e+00
  2.8571e+00     2.874344e+00
  3.0000e+00     2.874231e+00
  3.1428e+00     2.874101e+00
  3.2857e+00     2.873949e+00
  3.4285e+00     2.873772e+00
  3.5714e+00     2.873567e+00
  3.7142e+00     2.873328e+00
  3.8571e+00     2.873050e+00
  4.0000e+00     2.872727e+00
  4.1428e+00     2.872352e+00
  4.2857e+00     2.871915e+00
  4.4285e+00     2.871408e+00
  4.5714e+00     2.870818e+00
  4.7142e+00     2.870131e+00
  4.8571e+00     2.869334e+00
  5.0000e+00     2.868407e+00
  5.1428e+00     2.867329e+00
  5.2857e+00     2.866076e+00
  5.4285e+00     2.864620e+00
  5.5714e+00     2.862928e+00
  5.7142e+00     2.860961e+00
  5.8571e+00     2.858675e+00
  6.0000e+00     2.856020e+00
  6.1428e+00     2.852935e+00
  6.2857e+00     2.849351e+00
  6.4285e+00     2.845190e+00
  6.5714e+00     2.840358e+00
  6.7142e+00     2.834749e+00
  6.8571e+00     2.828239e+00
  7.0000e+00     2.820688e+00
  7.1428e+00     2.811931e+00
  7.2857e+00     2.801780e+00
  7.4285e+00     2.790020e+00
  7.5714e+00     2.776403e+00
  7.7142e+00     2.760648e+00
  7.8571e+00     2.742434e+00
  8.0000e+00     2.721397e+00
  8.1428e+00     2.697126e+00
  8.2857e+00     2.669161e+00
  8.4285e+00     2.636985e+00
  8.5714e+00     2.600031e+00
  8.7142e+00     2.557675e+00
  8.8571e+00     2.509240e+00
  9.0000e+00     2.454006e+00
  9.1428e+00     2.391219e+00
  9.2857e+00     2.320111e+00
  9.4285e+00     2.239927e+00
  9.5714e+00     2.149963e+00
  9.7142e+00     2.049617e+00
  9.8571e+00     1.938455e+00
  1.0000e+01     1.816290e+00
  1.0142e+01     1.683280e+00
  1.0285e+01     1.540030e+00
  1.0428e+01     1.387703e+00
  1.0571e+01     1.228119e+00
  1.0714e+01     1.063831e+00
  1.0857e+01     8.981373e-01
  1.1000e+01     7.350205e-01
  1.1142e+01     5.789741e-01
  1.1285e+01     4.346930e-01
  1.1428e+01     3.066374e-01
  1.1571e+01     1.985030e-01
  1.1714e+01     1.126855e-01
  1.1857e+01     4.987934e-02
  1.2000e+01     9.060018e-03
