# Epidemic | total  7 days incidence [ x-unit: days | y-unit: per 100000 ]
  7.0000e+00     4.018093e-01
  8.0000e+00     4.233892e-01
  9.0000e+00     4.461281e-01
  1.0000e+01     4.700882e-01
  1.1000e+01     4.953351e-01
  1.2000e+01     5.219379e-01
  1.3000e+01     5.499694e-01
  1.4000e+01     5.795064e-01
  1.5000e+01     6.106297e-01
  1.6000e+01     6.434245e-01
  1.7000e+01     6.779805e-01
  1.8000e+01     7.143924e-01
  1.9000e+01     7.527597e-01
  2.0000e+01     7.931876e-01
  2.1000e+01     8.357867e-01
  2.2000e+01     8.806735e-01
  2.3000e+01     9.279710e-01
  2.4000e+01     9.778086e-01
  2.5000e+01     1.030322e+00
  2.6000e+01     1.085656e+00
  2.7000e+01     1.143962e+00
  2.8000e+01     1.205400e+00
  2.9000e+01     1.270136e+00
  3.0000e+01     1.338349e+00
  3.1000e+01     1.410226e+00
  3.2000e+01     1.485962e+00
  3.3000e+01     1.565766e+00
  3.4000e+01     1.649855e+00
  3.5000e+01     1.738460e+00
  3.6000e+01     1.831823e+00
  3.7000e+01     1.930200e+00
  3.8000e+01     2.033860e+00
  3.9000e+01     2.143087e+00
  4.0000e+01     2.258179e+00
  4.1000e+01     2.379451e+00
  4.2000e+01     2.507236e+00
  4.3000e+01     2.641883e+00
  4.4000e+01     2.783760e+00
  4.5000e+01     2.933256e+00
  4.6000e+01     3.090779e+00
  4.7000e+01     3.256761e+00
  4.8000e+01     3.431656e+00
  4.9000e+01     3.615941e+00
  5.0000e+01     3.810122e+00
  5.1000e+01     4.014730e+00
  5.2000e+01     4.230324e+00
  5.3000e+01     4.457494e+00
  5.4000e+01     4.696861e+00
  5.5000e+01     4.949080e+00
  5.6000e+01     5.214842e+00
  5.7000e+01     5.494872e+00
  5.8000e+01     5.789937e+00
  5.9000e+01     6.100843e+00
  6.0000e+01     6.428441e+00
  6.1000e+01     6.773627e+00
  6.2000e+01     7.137343e+00
  6.3000e+01     7.520586e+00
  6.4000e+01     7.924402e+00
  6.5000e+01     8.349896e+00
  6.6000e+01     8.798230e+00
  6.7000e+01     9.270630e+00
  6.8000e+01     9.768387e+00
  6.9000e+01     1.029286e+01
  7.0000e+01     1.084548e+01
  7.1000e+01     1.142777e+01
  7.2000e+01     1.204130e+01
  7.3000e+01     1.268776e+01
  7.4000e+01     1.336892e+01
  7.5000e+01     1.408663e+01
  7.6000e+01     1.484285e+01
  7.7000e+01     1.563965e+01
  7.8000e+01     1.647920e+01
  7.9000e+01     1.736380e+01
  8.0000e+01     1.829586e+01
  8.1000e+01     1.927791e+01
  8.2000e+01     2.031265e+01
  8.3000e+01     2.140290e+01
  8.4000e+01     2.255162e+01
  8.5000e+01     2.376195e+01
  8.6000e+01     2.503719e+01
  8.7000e+01     2.638081e+01
  8.8000e+01     2.779648e+01
  8.9000e+01     2.928805e+01
  9.0000e+01     3.085958e+01
  9.1000e+01     3.251536e+01
  9.2000e+01     3.425989e+01
  9.3000e+01     3.609791e+01
  9.4000e+01     3.803443e+01
  9.5000e+01     4.007471e+01
  9.6000e+01     4.222430e+01
  9.7000e+01     4.448904e+01
  9.8000e+01     4.687509e+01
  9.9000e+01     4.938890e+01
  1.0000e+02     5.203732e+01
  1.0100e+02     5.482753e+01
  1.0200e+02     5.776708e+01
  1.0300e+02     6.086394e+01
  1.0400e+02     6.412651e+01
  1.0500e+02     6.756361e+01
  1.0600e+02     7.118454e+01
  1.0700e+02     7.499909e+01
  1.0800e+02     7.901755e+01
  1.0900e+02     8.325079e+01
  1.1000e+02     8.771022e+01
  1.1100e+02     9.240786e+01
  1.1200e+02     9.735636e+01
  1.1300e+02     1.025690e+02
  1.1400e+02     1.080599e+02
  1.1500e+02     1.138436e+02
  1.1600e+02     1.199359e+02
  1.1700e+02     1.263529e+02
  1.1800e+02     1.331119e+02
  1.1900e+02     1.402309e+02
  1.2000e+02     1.477289e+02
  1.2100e+02     1.556259e+02
  1.2200e+02     1.639430e+02
  1.2300e+02     1.727022e+02
  1.2400e+02     1.819269e+02
  1.2500e+02     1.916414e+02
  1.2600e+02     2.018714e+02
  1.2700e+02     2.126440e+02
  1.2800e+02     2.239876e+02
  1.2900e+02     2.359319e+02
  1.3000e+02     2.485083e+02
  1.3100e+02     2.617497e+02
  1.3200e+02     2.756907e+02
  1.3300e+02     2.903676e+02
  1.3400e+02     3.058185e+02
  1.3500e+02     3.220834e+02
  1.3600e+02     3.392044e+02
  1.3700e+02     3.572254e+02
  1.3800e+02     3.761927e+02
  1.3900e+02     3.961547e+02
  1.4000e+02     4.171623e+02
  1.4100e+02     4.392686e+02
  1.4200e+02     4.625296e+02
  1.4300e+02     4.870035e+02
  1.4400e+02     5.127518e+02
  1.4500e+02     5.398383e+02
  1.4600e+02     5.683300e+02
  1.4700e+02     5.982972e+02
  1.4800e+02     6.298131e+02
  1.4900e+02     6.629542e+02
  1.5000e+02     6.978004e+02
  1.5100e+02     7.344354e+02
  1.5200e+02     7.729461e+02
  1.5300e+02     8.134233e+02
  1.5400e+02     8.559617e+02
  1.5500e+02     9.006598e+02
  1.5600e+02     9.476200e+02
  1.5700e+02     9.969489e+02
  1.5800e+02     1.048757e+03
  1.5900e+02     1.103159e+03
  1.6000e+02     1.160275e+03
  1.6100e+02     1.220228e+03
  1.6200e+02     1.283145e+03
  1.6300e+02     1.349158e+03
  1.6400e+02     1.418404e+03
  1.6500e+02     1.491022e+03
  1.6600e+02     1.567157e+03
  1.6700e+02     1.646957e+03
  1.6800e+02     1.730574e+03
  1.6900e+02     1.818163e+03
  1.7000e+02     1.909883e+03
  1.7100e+02     2.005895e+03
  1.7200e+02     2.106364e+03
  1.7300e+02     2.211455e+03
  1.7400e+02     2.321337e+03
  1.7500e+02     2.436177e+03
  1.7600e+02     2.556144e+03
  1.7700e+02     2.681406e+03
  1.7800e+02     2.812129e+03
  1.7900e+02     2.948477e+03
  1.8000e+02     3.090608e+03
  1.8100e+02     3.238678e+03
  1.8200e+02     3.392833e+03
  1.8300e+02     3.553212e+03
  1.8400e+02     3.719943e+03
  1.8500e+02     3.893143e+03
  1.8600e+02     4.072913e+03
  1.8700e+02     4.259336e+03
  1.8800e+02     4.452476e+03
  1.8900e+02     4.652374e+03
  1.9000e+02     4.859045e+03
  1.9100e+02     5.072474e+03
  1.9200e+02     5.292611e+03
  1.9300e+02     5.519371e+03
  1.9400e+02     5.752625e+03
  1.9500e+02     5.992200e+03
  1.9600e+02     6.237869e+03
  1.9700e+02     6.489351e+03
  1.9800e+02     6.746303e+03
  1.9900e+02     7.008314e+03
  2.0000e+02     7.274902e+03
  2.0100e+02     7.545505e+03
  2.0200e+02     7.819480e+03
  2.0300e+02     8.096092e+03
  2.0400e+02     8.374512e+03
  2.0500e+02     8.653811e+03
  2.0600e+02     8.932957e+03
  2.0700e+02     9.210806e+03
  2.0800e+02     9.486105e+03
  2.0900e+02     9.757482e+03
  2.1000e+02     1.002345e+04
  2.1100e+02     1.028241e+04
  2.1200e+02     1.053265e+04
  2.1300e+02     1.077233e+04
  2.1400e+02     1.099952e+04
  2.1500e+02     1.121219e+04
  2.1600e+02     1.140823e+04
  2.1700e+02     1.158544e+04
  2.1800e+02     1.174158e+04
  2.1900e+02     1.187437e+04
  2.2000e+02     1.198152e+04
  2.2100e+02     1.206076e+04
  2.2200e+02     1.210989e+04
  2.2300e+02     1.212677e+04
  2.2400e+02     1.210941e+04
  2.2500e+02     1.205600e+04
  2.2600e+02     1.196493e+04
  2.2700e+02     1.183490e+04
  2.2800e+02     1.166491e+04
  2.2900e+02     1.145434e+04
  2.3000e+02     1.120300e+04
  2.3100e+02     1.091120e+04
  2.3200e+02     1.057976e+04
  2.3300e+02     1.021007e+04
  2.3400e+02     9.804107e+03
  2.3500e+02     9.364486e+03
  2.3600e+02     8.894444e+03
  2.3700e+02     8.397841e+03
  2.3800e+02     7.879142e+03
  2.3900e+02     7.343375e+03
  2.4000e+02     6.796072e+03
  2.4100e+02     6.243193e+03
  2.4200e+02     5.691027e+03
  2.4300e+02     5.146063e+03
  2.4400e+02     4.614841e+03
  2.4500e+02     4.103764e+03
  2.4600e+02     3.618860e+03
  2.4700e+02     3.165498e+03
  2.4800e+02     2.748086e+03
  2.4900e+02     2.369774e+03
  2.5000e+02     2.032251e+03
  2.5100e+02     1.735674e+03
  2.5200e+02     1.478744e+03
  2.5300e+02     1.258916e+03
  2.5400e+02     1.072727e+03
  2.5500e+02     9.161744e+02
  2.5600e+02     7.851053e+02
  2.5700e+02     6.755382e+02
  2.5800e+02     5.838748e+02
  2.5900e+02     5.070009e+02
  2.6000e+02     4.422992e+02
  2.6100e+02     3.876109e+02
  2.6200e+02     3.411742e+02
  2.6300e+02     3.015586e+02
  2.6400e+02     2.676040e+02
  2.6500e+02     2.383688e+02
  2.6600e+02     2.130862e+02
  2.6700e+02     1.911295e+02
  2.6800e+02     1.719846e+02
  2.6900e+02     1.552275e+02
  2.7000e+02     1.405072e+02
  2.7100e+02     1.275313e+02
  2.7200e+02     1.160558e+02
  2.7300e+02     1.058754e+02
  2.7400e+02     9.681739e+01
  2.7500e+02     8.873511e+01
  2.7600e+02     8.150412e+01
  2.7700e+02     7.501819e+01
  2.7800e+02     6.918629e+01
  2.7900e+02     6.393020e+01
  2.8000e+02     5.918245e+01
  2.8100e+02     5.488469e+01
  2.8200e+02     5.098625e+01
  2.8300e+02     4.744304e+01
  2.8400e+02     4.421658e+01
  2.8500e+02     4.127320e+01
  2.8600e+02     3.858333e+01
  2.8700e+02     3.612099e+01
  2.8800e+02     3.386324e+01
  2.8900e+02     3.178983e+01
  2.9000e+02     2.988281e+01
  2.9100e+02     2.812625e+01
  2.9200e+02     2.650598e+01
  2.9300e+02     2.500937e+01
  2.9400e+02     2.362516e+01
  2.9500e+02     2.234323e+01
  2.9600e+02     2.115457e+01
  2.9700e+02     2.005104e+01
  2.9800e+02     1.902535e+01
  2.9900e+02     1.807092e+01
  3.0000e+02     1.718181e+01
  3.0100e+02     1.635268e+01
  3.0200e+02     1.557866e+01
  3.0300e+02     1.485536e+01
  3.0400e+02     1.417880e+01
  3.0500e+02     1.354534e+01
  3.0600e+02     1.295168e+01
  3.0700e+02     1.239483e+01
  3.0800e+02     1.187205e+01
  3.0900e+02     1.138081e+01
  3.1000e+02     1.091885e+01
  3.1100e+02     1.048406e+01
  3.1200e+02     1.007451e+01
  3.1300e+02     9.688460e+00
  3.1400e+02     9.324271e+00
  3.1500e+02     8.980462e+00
  3.1600e+02     8.655661e+00
  3.1700e+02     8.348607e+00
  3.1800e+02     8.058135e+00
  3.1900e+02     7.783171e+00
  3.2000e+02     7.522721e+00
  3.2100e+02     7.275868e+00
  3.2200e+02     7.041760e+00
  3.2300e+02     6.819611e+00
  3.2400e+02     6.608691e+00
  3.2500e+02     6.408322e+00
  3.2600e+02     6.217874e+00
  3.2700e+02     6.036763e+00
  3.2800e+02     5.864445e+00
  3.2900e+02     5.700413e+00
  3.3000e+02     5.544196e+00
  3.3100e+02     5.395353e+00
  3.3200e+02     5.253474e+00
  3.3300e+02     5.118177e+00
  3.3400e+02     4.989103e+00
  3.3500e+02     4.865918e+00
  3.3600e+02     4.748308e+00
  3.3700e+02     4.635982e+00
  3.3800e+02     4.528664e+00
  3.3900e+02     4.426097e+00
  3.4000e+02     4.328041e+00
  3.4100e+02     4.234269e+00
  3.4200e+02     4.144569e+00
  3.4300e+02     4.058741e+00
  3.4400e+02     3.976597e+00
  3.4500e+02     3.897962e+00
  3.4600e+02     3.822669e+00
  3.4700e+02     3.750563e+00
  3.4800e+02     3.681496e+00
  3.4900e+02     3.615330e+00
  3.5000e+02     3.551934e+00
  3.5100e+02     3.491185e+00
  3.5200e+02     3.432967e+00
  3.5300e+02     3.377170e+00
  3.5400e+02     3.323691e+00
  3.5500e+02     3.272431e+00
  3.5600e+02     3.223299e+00
  3.5700e+02     3.176207e+00
  3.5800e+02     3.131072e+00
  3.5900e+02     3.087816e+00
  3.6000e+02     3.046366e+00
  3.6100e+02     3.006651e+00
  3.6200e+02     2.968605e+00
  3.6300e+02     2.932165e+00
  3.6400e+02     2.897272e+00
  3.6500e+02     2.863869e+00
  3.6600e+02     2.831904e+00
  3.6700e+02     2.801325e+00
  3.6800e+02     2.772085e+00
  3.6900e+02     2.744138e+00
  3.7000e+02     2.717441e+00
  3.7100e+02     2.691953e+00
  3.7200e+02     2.667636e+00
  3.7300e+02     2.644453e+00
  3.7400e+02     2.622368e+00
  3.7500e+02     2.601349e+00
  3.7600e+02     2.581365e+00
  3.7700e+02     2.562386e+00
  3.7800e+02     2.544383e+00
  3.7900e+02     2.527331e+00
  3.8000e+02     2.511203e+00
  3.8100e+02     2.495976e+00
  3.8200e+02     2.481628e+00
  3.8300e+02     2.468136e+00
  3.8400e+02     2.455481e+00
  3.8500e+02     2.443643e+00
  3.8600e+02     2.432604e+00
  3.8700e+02     2.422348e+00
  3.8800e+02     2.412858e+00
  3.8900e+02     2.404118e+00
  3.9000e+02     2.396116e+00
  3.9100e+02     2.388836e+00
  3.9200e+02     2.382267e+00
  3.9300e+02     2.376397e+00
  3.9400e+02     2.371215e+00
  3.9500e+02     2.366711e+00
  3.9600e+02     2.362875e+00
  3.9700e+02     2.359697e+00
  3.9800e+02     2.357171e+00
  3.9900e+02     2.355288e+00
  4.0000e+02     2.354041e+00
  4.0100e+02     2.353425e+00
  4.0200e+02     2.353433e+00
  4.0300e+02     2.354060e+00
  4.0400e+02     2.355301e+00
  4.0500e+02     2.357153e+00
  4.0600e+02     2.359612e+00
  4.0700e+02     2.362674e+00
  4.0800e+02     2.366338e+00
  4.0900e+02     2.370601e+00
  4.1000e+02     2.375462e+00
  4.1100e+02     2.380920e+00
  4.1200e+02     2.386974e+00
  4.1300e+02     2.393624e+00
  4.1400e+02     2.400870e+00
  4.1500e+02     2.408713e+00
  4.1600e+02     2.417155e+00
  4.1700e+02     2.426196e+00
  4.1800e+02     2.435839e+00
  4.1900e+02     2.446087e+00
  4.2000e+02     2.456943e+00
  4.2100e+02     2.468410e+00
  4.2200e+02     2.480491e+00
  4.2300e+02     2.493192e+00
  4.2400e+02     2.506516e+00
  4.2500e+02     2.520469e+00
  4.2600e+02     2.535056e+00
  4.2700e+02     2.550284e+00
  4.2800e+02     2.566159e+00
  4.2900e+02     2.582687e+00
  4.3000e+02     2.599876e+00
  4.3100e+02     2.617733e+00
  4.3200e+02     2.636268e+00
  4.3300e+02     2.655487e+00
  4.3400e+02     2.675401e+00
  4.3500e+02     2.696019e+00
  4.3600e+02     2.717351e+00
  4.3700e+02     2.739407e+00
  4.3800e+02     2.762198e+00
  4.3900e+02     2.785737e+00
  4.4000e+02     2.810033e+00
  4.4100e+02     2.835101e+00
  4.4200e+02     2.860952e+00
  4.4300e+02     2.887601e+00
  4.4400e+02     2.915061e+00
  4.4500e+02     2.943347e+00
  4.4600e+02     2.972474e+00
  4.4700e+02     3.002457e+00
  4.4800e+02     3.033312e+00
  4.4900e+02     3.065057e+00
  4.5000e+02     3.097708e+00
  4.5100e+02     3.131284e+00
  4.5200e+02     3.165803e+00
  4.5300e+02     3.201285e+00
  4.5400e+02     3.237749e+00
  4.5500e+02     3.275215e+00
  4.5600e+02     3.313706e+00
  4.5700e+02     3.353243e+00
  4.5800e+02     3.393848e+00
  4.5900e+02     3.435545e+00
  4.6000e+02     3.478358e+00
  4.6100e+02     3.522313e+00
  4.6200e+02     3.567434e+00
  4.6300e+02     3.613748e+00
  4.6400e+02     3.661283e+00
  4.6500e+02     3.710067e+00
  4.6600e+02     3.760130e+00
  4.6700e+02     3.811500e+00
  4.6800e+02     3.864210e+00
  4.6900e+02     3.918291e+00
  4.7000e+02     3.973776e+00
  4.7100e+02     4.030699e+00
  4.7200e+02     4.089095e+00
  4.7300e+02     4.149001e+00
  4.7400e+02     4.210453e+00
  4.7500e+02     4.273490e+00
  4.7600e+02     4.338151e+00
  4.7700e+02     4.404478e+00
  4.7800e+02     4.472512e+00
  4.7900e+02     4.542297e+00
  4.8000e+02     4.613878e+00
  4.8100e+02     4.687300e+00
  4.8200e+02     4.762610e+00
  4.8300e+02     4.839859e+00
  4.8400e+02     4.919095e+00
  4.8500e+02     5.000372e+00
  4.8600e+02     5.083742e+00
  4.8700e+02     5.169262e+00
  4.8800e+02     5.256987e+00
  4.8900e+02     5.346976e+00
  4.9000e+02     5.439291e+00
  4.9100e+02     5.533992e+00
  4.9200e+02     5.631145e+00
  4.9300e+02     5.730815e+00
  4.9400e+02     5.833071e+00
  4.9500e+02     5.937983e+00
  4.9600e+02     6.045624e+00
  4.9700e+02     6.156068e+00
  4.9800e+02     6.269392e+00
  4.9900e+02     6.385676e+00
  5.0000e+02     6.505001e+00
  5.0100e+02     6.627452e+00
  5.0200e+02     6.753116e+00
  5.0300e+02     6.882083e+00
  5.0400e+02     7.014445e+00
  5.0500e+02     7.150297e+00
  5.0600e+02     7.289739e+00
  5.0700e+02     7.432871e+00
  5.0800e+02     7.579798e+00
  5.0900e+02     7.730627e+00
  5.1000e+02     7.885471e+00
  5.1100e+02     8.044443e+00
  5.1200e+02     8.207663e+00
  5.1300e+02     8.375252e+00
  5.1400e+02     8.547336e+00
  5.1500e+02     8.724044e+00
  5.1600e+02     8.905512e+00
  5.1700e+02     9.091877e+00
  5.1800e+02     9.283281e+00
  5.1900e+02     9.479872e+00
  5.2000e+02     9.681801e+00
  5.2100e+02     9.889226e+00
  5.2200e+02     1.010230e+01
  5.2300e+02     1.032121e+01
  5.2400e+02     1.054611e+01
  5.2500e+02     1.077718e+01
  5.2600e+02     1.101461e+01
  5.2700e+02     1.125858e+01
  5.2800e+02     1.150929e+01
  5.2900e+02     1.176695e+01
  5.3000e+02     1.203175e+01
  5.3100e+02     1.230392e+01
  5.3200e+02     1.258367e+01
  5.3300e+02     1.287124e+01
  5.3400e+02     1.316685e+01
  5.3500e+02     1.347076e+01
  5.3600e+02     1.378322e+01
  5.3700e+02     1.410448e+01
  5.3800e+02     1.443481e+01
  5.3900e+02     1.477450e+01
  5.4000e+02     1.512382e+01
  5.4100e+02     1.548307e+01
  5.4200e+02     1.585255e+01
  5.4300e+02     1.623259e+01
  5.4400e+02     1.662351e+01
  5.4500e+02     1.702563e+01
  5.4600e+02     1.743932e+01
  5.4700e+02     1.786492e+01
  5.4800e+02     1.830281e+01
  5.4900e+02     1.875337e+01
  5.5000e+02     1.921700e+01
  5.5100e+02     1.969409e+01
  5.5200e+02     2.018509e+01
  5.5300e+02     2.069041e+01
  5.5400e+02     2.121051e+01
  5.5500e+02     2.174586e+01
  5.5600e+02     2.229693e+01
  5.5700e+02     2.286423e+01
  5.5800e+02     2.344826e+01
  5.5900e+02     2.404956e+01
  5.6000e+02     2.466866e+01
  5.6100e+02     2.530615e+01
  5.6200e+02     2.596260e+01
  5.6300e+02     2.663862e+01
  5.6400e+02     2.733483e+01
  5.6500e+02     2.805189e+01
  5.6600e+02     2.879045e+01
  5.6700e+02     2.955120e+01
  5.6800e+02     3.033487e+01
  5.6900e+02     3.114218e+01
  5.7000e+02     3.197391e+01
  5.7100e+02     3.283083e+01
  5.7200e+02     3.371377e+01
  5.7300e+02     3.462356e+01
  5.7400e+02     3.556108e+01
  5.7500e+02     3.652722e+01
  5.7600e+02     3.752292e+01
  5.7700e+02     3.854914e+01
  5.7800e+02     3.960688e+01
  5.7900e+02     4.069716e+01
  5.8000e+02     4.182104e+01
  5.8100e+02     4.297964e+01
  5.8200e+02     4.417407e+01
  5.8300e+02     4.540553e+01
  5.8400e+02     4.667523e+01
  5.8500e+02     4.798443e+01
  5.8600e+02     4.933442e+01
  5.8700e+02     5.072655e+01
  5.8800e+02     5.216222e+01
  5.8900e+02     5.364286e+01
  5.9000e+02     5.516996e+01
  5.9100e+02     5.674505e+01
  5.9200e+02     5.836974e+01
  5.9300e+02     6.004567e+01
  5.9400e+02     6.177453e+01
  5.9500e+02     6.355809e+01
  5.9600e+02     6.539818e+01
  5.9700e+02     6.729666e+01
  5.9800e+02     6.925550e+01
  5.9900e+02     7.127670e+01
  6.0000e+02     7.336235e+01
  6.0100e+02     7.551461e+01
  6.0200e+02     7.773569e+01
  6.0300e+02     8.002791e+01
  6.0400e+02     8.239365e+01
  6.0500e+02     8.483537e+01
  6.0600e+02     8.735562e+01
  6.0700e+02     8.995704e+01
  6.0800e+02     9.264236e+01
  6.0900e+02     9.541439e+01
  6.1000e+02     9.827605e+01
  6.1100e+02     1.012303e+02
  6.1200e+02     1.042804e+02
  6.1300e+02     1.074294e+02
  6.1400e+02     1.106808e+02
  6.1500e+02     1.140379e+02
  6.1600e+02     1.175043e+02
  6.1700e+02     1.210838e+02
  6.1800e+02     1.247801e+02
  6.1900e+02     1.285971e+02
  6.2000e+02     1.325389e+02
  6.2100e+02     1.366098e+02
  6.2200e+02     1.408140e+02
  6.2300e+02     1.451561e+02
  6.2400e+02     1.496407e+02
  6.2500e+02     1.542727e+02
  6.2600e+02     1.590569e+02
  6.2700e+02     1.639984e+02
  6.2800e+02     1.691027e+02
  6.2900e+02     1.743751e+02
  6.3000e+02     1.798213e+02
  6.3100e+02     1.854471e+02
  6.3200e+02     1.912586e+02
  6.3300e+02     1.972620e+02
  6.3400e+02     2.034637e+02
  6.3500e+02     2.098703e+02
  6.3600e+02     2.164887e+02
  6.3700e+02     2.233259e+02
  6.3800e+02     2.303893e+02
  6.3900e+02     2.376864e+02
  6.4000e+02     2.452249e+02
  6.4100e+02     2.530128e+02
  6.4200e+02     2.610584e+02
  6.4300e+02     2.693703e+02
  6.4400e+02     2.779571e+02
  6.4500e+02     2.868280e+02
  6.4600e+02     2.959922e+02
  6.4700e+02     3.054595e+02
  6.4800e+02     3.152396e+02
  6.4900e+02     3.253429e+02
  6.5000e+02     3.357797e+02
  6.5100e+02     3.465609e+02
  6.5200e+02     3.576976e+02
  6.5300e+02     3.692013e+02
  6.5400e+02     3.810837e+02
  6.5500e+02     3.933569e+02
  6.5600e+02     4.060334e+02
  6.5700e+02     4.191259e+02
  6.5800e+02     4.326475e+02
  6.5900e+02     4.466118e+02
  6.6000e+02     4.610325e+02
  6.6100e+02     4.759238e+02
  6.6200e+02     4.913003e+02
  6.6300e+02     5.071769e+02
  6.6400e+02     5.235688e+02
  6.6500e+02     5.404917e+02
  6.6600e+02     5.579615e+02
  6.6700e+02     5.759946e+02
  6.6800e+02     5.946077e+02
  6.6900e+02     6.138179e+02
  6.7000e+02     6.336426e+02
  6.7100e+02     6.540996e+02
  6.7200e+02     6.752070e+02
  6.7300e+02     6.969832e+02
  6.7400e+02     7.194469e+02
  6.7500e+02     7.426173e+02
  6.7600e+02     7.665136e+02
  6.7700e+02     7.911556e+02
  6.7800e+02     8.165631e+02
  6.7900e+02     8.427561e+02
  6.8000e+02     8.697552e+02
  6.8100e+02     8.975807e+02
  6.8200e+02     9.262534e+02
  6.8300e+02     9.557940e+02
  6.8400e+02     9.862234e+02
  6.8500e+02     1.017562e+03
  6.8600e+02     1.049832e+03
  6.8700e+02     1.083054e+03
  6.8800e+02     1.117248e+03
  6.8900e+02     1.152435e+03
  6.9000e+02     1.188635e+03
  6.9100e+02     1.225869e+03
  6.9200e+02     1.264156e+03
  6.9300e+02     1.303516e+03
  6.9400e+02     1.343967e+03
  6.9500e+02     1.385528e+03
  6.9600e+02     1.428216e+03
  6.9700e+02     1.472048e+03
  6.9800e+02     1.517040e+03
  6.9900e+02     1.563206e+03
  7.0000e+02     1.610559e+03
  7.0100e+02     1.659113e+03
  7.0200e+02     1.708878e+03
  7.0300e+02     1.759862e+03
  7.0400e+02     1.812074e+03
  7.0500e+02     1.865519e+03
  7.0600e+02     1.920201e+03
  7.0700e+02     1.976119e+03
  7.0800e+02     2.033275e+03
  7.0900e+02     2.091662e+03
  7.1000e+02     2.151275e+03
  7.1100e+02     2.212103e+03
  7.1200e+02     2.274133e+03
  7.1300e+02     2.337348e+03
  7.1400e+02     2.401728e+03
  7.1500e+02     2.467248e+03
  7.1600e+02     2.533879e+03
  7.1700e+02     2.601587e+03
  7.1800e+02     2.670335e+03
  7.1900e+02     2.740079e+03
  7.2000e+02     2.810770e+03
  7.2100e+02     2.882354e+03
  7.2200e+02     2.954772e+03
  7.2300e+02     3.027957e+03
  7.2400e+02     3.101838e+03
  7.2500e+02     3.176334e+03
  7.2600e+02     3.251362e+03
  7.2700e+02     3.326828e+03
  7.2800e+02     3.402634e+03
  7.2900e+02     3.478671e+03
  7.3000e+02     3.554827e+03
  7.3100e+02     3.630979e+03
  7.3200e+02     3.706998e+03
  7.3300e+02     3.782748e+03
  7.3400e+02     3.858085e+03
  7.3500e+02     3.932855e+03
  7.3600e+02     4.006901e+03
  7.3700e+02     4.080056e+03
  7.3800e+02     4.152146e+03
  7.3900e+02     4.222992e+03
  7.4000e+02     4.292406e+03
  7.4100e+02     4.360198e+03
  7.4200e+02     4.426169e+03
  7.4300e+02     4.490117e+03
  7.4400e+02     4.551837e+03
  7.4500e+02     4.611117e+03
  7.4600e+02     4.667747e+03
  7.4700e+02     4.721514e+03
  7.4800e+02     4.772203e+03
  7.4900e+02     4.819601e+03
  7.5000e+02     4.863498e+03
  7.5100e+02     4.903686e+03
  7.5200e+02     4.939961e+03
  7.5300e+02     4.972127e+03
  7.5400e+02     4.999995e+03
  7.5500e+02     5.023383e+03
  7.5600e+02     5.042122e+03
  7.5700e+02     5.056055e+03
  7.5800e+02     5.065039e+03
  7.5900e+02     5.068944e+03
  7.6000e+02     5.067660e+03
  7.6100e+02     5.061095e+03
  7.6200e+02     5.049175e+03
  7.6300e+02     5.031850e+03
  7.6400e+02     5.009089e+03
  7.6500e+02     4.980889e+03
  7.6600e+02     4.947267e+03
  7.6700e+02     4.908268e+03
  7.6800e+02     4.863961e+03
  7.6900e+02     4.814442e+03
  7.7000e+02     4.759831e+03
  7.7100e+02     4.700275e+03
  7.7200e+02     4.635947e+03
  7.7300e+02     4.567041e+03
  7.7400e+02     4.493778e+03
  7.7500e+02     4.416398e+03
  7.7600e+02     4.335163e+03
  7.7700e+02     4.250351e+03
  7.7800e+02     4.162259e+03
  7.7900e+02     4.071196e+03
  7.8000e+02     3.977484e+03
  7.8100e+02     3.881451e+03
  7.8200e+02     3.783435e+03
  7.8300e+02     3.683775e+03
  7.8400e+02     3.582811e+03
  7.8500e+02     3.480880e+03
  7.8600e+02     3.378315e+03
  7.8700e+02     3.275441e+03
  7.8800e+02     3.172574e+03
  7.8900e+02     3.070016e+03
  7.9000e+02     2.968057e+03
  7.9100e+02     2.866969e+03
  7.9200e+02     2.767006e+03
  7.9300e+02     2.668404e+03
  7.9400e+02     2.571381e+03
  7.9500e+02     2.476131e+03
  7.9600e+02     2.382829e+03
  7.9700e+02     2.291629e+03
  7.9800e+02     2.202664e+03
  7.9900e+02     2.116047e+03
  8.0000e+02     2.031869e+03
  8.0100e+02     1.950204e+03
  8.0200e+02     1.871108e+03
  8.0300e+02     1.794618e+03
  8.0400e+02     1.720758e+03
  8.0500e+02     1.649533e+03
  8.0600e+02     1.580940e+03
  8.0700e+02     1.514959e+03
  8.0800e+02     1.451563e+03
  8.0900e+02     1.390713e+03
  8.1000e+02     1.332363e+03
  8.1100e+02     1.276459e+03
  8.1200e+02     1.222942e+03
  8.1300e+02     1.171748e+03
  8.1400e+02     1.122809e+03
  8.1500e+02     1.076054e+03
  8.1600e+02     1.031409e+03
  8.1700e+02     9.887998e+02
  8.1800e+02     9.481505e+02
  8.1900e+02     9.093854e+02
  8.2000e+02     8.724290e+02
  8.2100e+02     8.372064e+02
  8.2200e+02     8.036439e+02
  8.2300e+02     7.716692e+02
  8.2400e+02     7.412114e+02
  8.2500e+02     7.122018e+02
  8.2600e+02     6.845733e+02
  8.2700e+02     6.582613e+02
  8.2800e+02     6.332033e+02
  8.2900e+02     6.093389e+02
  8.3000e+02     5.866104e+02
  8.3100e+02     5.649622e+02
  8.3200e+02     5.443410e+02
  8.3300e+02     5.246959e+02
  8.3400e+02     5.059782e+02
  8.3500e+02     4.881416e+02
  8.3600e+02     4.711418e+02
  8.3700e+02     4.549367e+02
  8.3800e+02     4.394862e+02
  8.3900e+02     4.247522e+02
  8.4000e+02     4.106986e+02
  8.4100e+02     3.972909e+02
  8.4200e+02     3.844966e+02
  8.4300e+02     3.722848e+02
  8.4400e+02     3.606261e+02
  8.4500e+02     3.494928e+02
  8.4600e+02     3.388586e+02
  8.4700e+02     3.286985e+02
  8.4800e+02     3.189888e+02
  8.4900e+02     3.097074e+02
  8.5000e+02     3.008329e+02
  8.5100e+02     2.923454e+02
  8.5200e+02     2.842259e+02
  8.5300e+02     2.764565e+02
  8.5400e+02     2.690201e+02
  8.5500e+02     2.619007e+02
  8.5600e+02     2.550831e+02
  8.5700e+02     2.485528e+02
  8.5800e+02     2.422962e+02
  8.5900e+02     2.363004e+02
  8.6000e+02     2.305532e+02
  8.6100e+02     2.250429e+02
  8.6200e+02     2.197587e+02
  8.6300e+02     2.146901e+02
  8.6400e+02     2.098273e+02
  8.6500e+02     2.051609e+02
  8.6600e+02     2.006821e+02
  8.6700e+02     1.963826e+02
  8.6800e+02     1.922543e+02
  8.6900e+02     1.882898e+02
  8.7000e+02     1.844818e+02
  8.7100e+02     1.808237e+02
  8.7200e+02     1.773090e+02
  8.7300e+02     1.739316e+02
  8.7400e+02     1.706856e+02
  8.7500e+02     1.675656e+02
  8.7600e+02     1.645665e+02
  8.7700e+02     1.616831e+02
  8.7800e+02     1.589108e+02
  8.7900e+02     1.562451e+02
  8.8000e+02     1.536817e+02
  8.8100e+02     1.512167e+02
  8.8200e+02     1.488461e+02
  8.8300e+02     1.465663e+02
  8.8400e+02     1.443739e+02
  8.8500e+02     1.422654e+02
  8.8600e+02     1.402378e+02
  8.8700e+02     1.382881e+02
  8.8800e+02     1.364134e+02
  8.8900e+02     1.346109e+02
  8.9000e+02     1.328782e+02
  8.9100e+02     1.312127e+02
  8.9200e+02     1.296122e+02
  8.9300e+02     1.280742e+02
  8.9400e+02     1.265969e+02
  8.9500e+02     1.251780e+02
  8.9600e+02     1.238157e+02
  8.9700e+02     1.225082e+02
  8.9800e+02     1.212537e+02
  8.9900e+02     1.200504e+02
  9.0000e+02     1.188969e+02
  9.0100e+02     1.177916e+02
  9.0200e+02     1.167331e+02
  9.0300e+02     1.157200e+02
  9.0400e+02     1.147509e+02
  9.0500e+02     1.138247e+02
  9.0600e+02     1.129400e+02
  9.0700e+02     1.120959e+02
  9.0800e+02     1.112912e+02
  9.0900e+02     1.105249e+02
  9.1000e+02     1.097960e+02
  9.1100e+02     1.091036e+02
  9.1200e+02     1.084468e+02
  9.1300e+02     1.078247e+02
  9.1400e+02     1.072366e+02
  9.1500e+02     1.066816e+02
  9.1600e+02     1.061591e+02
  9.1700e+02     1.056684e+02
  9.1800e+02     1.052088e+02
  9.1900e+02     1.047797e+02
  9.2000e+02     1.043805e+02
  9.2100e+02     1.040107e+02
  9.2200e+02     1.036697e+02
  9.2300e+02     1.033571e+02
  9.2400e+02     1.030724e+02
  9.2500e+02     1.028151e+02
  9.2600e+02     1.025848e+02
  9.2700e+02     1.023812e+02
  9.2800e+02     1.022039e+02
  9.2900e+02     1.020525e+02
  9.3000e+02     1.019268e+02
  9.3100e+02     1.018263e+02
  9.3200e+02     1.017510e+02
  9.3300e+02     1.017004e+02
  9.3400e+02     1.016745e+02
  9.3500e+02     1.016729e+02
  9.3600e+02     1.016955e+02
  9.3700e+02     1.017421e+02
  9.3800e+02     1.018125e+02
  9.3900e+02     1.019067e+02
  9.4000e+02     1.020245e+02
  9.4100e+02     1.021658e+02
  9.4200e+02     1.023306e+02
  9.4300e+02     1.025186e+02
  9.4400e+02     1.027300e+02
  9.4500e+02     1.029647e+02
  9.4600e+02     1.032226e+02
  9.4700e+02     1.035038e+02
  9.4800e+02     1.038082e+02
  9.4900e+02     1.041359e+02
  9.5000e+02     1.044870e+02
  9.5100e+02     1.048615e+02
  9.5200e+02     1.052594e+02
  9.5300e+02     1.056809e+02
  9.5400e+02     1.061260e+02
  9.5500e+02     1.065949e+02
  9.5600e+02     1.070878e+02
  9.5700e+02     1.076047e+02
  9.5800e+02     1.081458e+02
  9.5900e+02     1.087112e+02
  9.6000e+02     1.093013e+02
  9.6100e+02     1.099161e+02
  9.6200e+02     1.105559e+02
  9.6300e+02     1.112210e+02
  9.6400e+02     1.119115e+02
  9.6500e+02     1.126278e+02
  9.6600e+02     1.133700e+02
  9.6700e+02     1.141386e+02
  9.6800e+02     1.149337e+02
  9.6900e+02     1.157558e+02
  9.7000e+02     1.166051e+02
  9.7100e+02     1.174820e+02
  9.7200e+02     1.183869e+02
  9.7300e+02     1.193201e+02
  9.7400e+02     1.202821e+02
  9.7500e+02     1.212732e+02
  9.7600e+02     1.222939e+02
  9.7700e+02     1.233446e+02
  9.7800e+02     1.244257e+02
  9.7900e+02     1.255378e+02
  9.8000e+02     1.266814e+02
  9.8100e+02     1.278569e+02
  9.8200e+02     1.290648e+02
  9.8300e+02     1.303058e+02
  9.8400e+02     1.315804e+02
  9.8500e+02     1.328891e+02
  9.8600e+02     1.342326e+02
  9.8700e+02     1.356114e+02
  9.8800e+02     1.370263e+02
  9.8900e+02     1.384778e+02
  9.9000e+02     1.399666e+02
  9.9100e+02     1.414934e+02
  9.9200e+02     1.430590e+02
  9.9300e+02     1.446641e+02
  9.9400e+02     1.463094e+02
  9.9500e+02     1.479957e+02
  9.9600e+02     1.497238e+02
  9.9700e+02     1.514945e+02
  9.9800e+02     1.533088e+02
  9.9900e+02     1.551673e+02
  1.0000e+03     1.570711e+02
  1.0010e+03     1.590210e+02
  1.0020e+03     1.610181e+02
  1.0030e+03     1.630631e+02
  1.0040e+03     1.651573e+02
  1.0050e+03     1.673015e+02
  1.0060e+03     1.694967e+02
  1.0070e+03     1.717442e+02
  1.0080e+03     1.740450e+02
  1.0090e+03     1.764001e+02
  1.0100e+03     1.788108e+02
  1.0110e+03     1.812783e+02
  1.0120e+03     1.838037e+02
  1.0130e+03     1.863883e+02
  1.0140e+03     1.890334e+02
  1.0150e+03     1.917403e+02
  1.0160e+03     1.945104e+02
  1.0170e+03     1.973449e+02
  1.0180e+03     2.002454e+02
  1.0190e+03     2.032132e+02
  1.0200e+03     2.062499e+02
  1.0210e+03     2.093569e+02
  1.0220e+03     2.125358e+02
  1.0230e+03     2.157882e+02
  1.0240e+03     2.191157e+02
  1.0250e+03     2.225200e+02
  1.0260e+03     2.260028e+02
  1.0270e+03     2.295658e+02
  1.0280e+03     2.332108e+02
  1.0290e+03     2.369396e+02
  1.0300e+03     2.407541e+02
  1.0310e+03     2.446563e+02
  1.0320e+03     2.486480e+02
  1.0330e+03     2.527312e+02
  1.0340e+03     2.569080e+02
  1.0350e+03     2.611805e+02
  1.0360e+03     2.655508e+02
  1.0370e+03     2.700211e+02
  1.0380e+03     2.745936e+02
  1.0390e+03     2.792706e+02
  1.0400e+03     2.840544e+02
  1.0410e+03     2.889474e+02
  1.0420e+03     2.939520e+02
  1.0430e+03     2.990707e+02
  1.0440e+03     3.043060e+02
  1.0450e+03     3.096604e+02
  1.0460e+03     3.151367e+02
  1.0470e+03     3.207375e+02
  1.0480e+03     3.264655e+02
  1.0490e+03     3.323235e+02
  1.0500e+03     3.383144e+02
  1.0510e+03     3.444411e+02
  1.0520e+03     3.507064e+02
  1.0530e+03     3.571135e+02
  1.0540e+03     3.636654e+02
  1.0550e+03     3.703651e+02
  1.0560e+03     3.772159e+02
  1.0570e+03     3.842211e+02
  1.0580e+03     3.913838e+02
  1.0590e+03     3.987074e+02
  1.0600e+03     4.061953e+02
  1.0610e+03     4.138510e+02
  1.0620e+03     4.216780e+02
  1.0630e+03     4.296798e+02
  1.0640e+03     4.378600e+02
  1.0650e+03     4.462223e+02
  1.0660e+03     4.547704e+02
  1.0670e+03     4.635081e+02
  1.0680e+03     4.724392e+02
  1.0690e+03     4.815675e+02
  1.0700e+03     4.908970e+02
  1.0710e+03     5.004316e+02
  1.0720e+03     5.101753e+02
  1.0730e+03     5.201322e+02
  1.0740e+03     5.303062e+02
  1.0750e+03     5.407016e+02
  1.0760e+03     5.513225e+02
  1.0770e+03     5.621730e+02
  1.0780e+03     5.732574e+02
  1.0790e+03     5.845799e+02
  1.0800e+03     5.961447e+02
  1.0810e+03     6.079561e+02
  1.0820e+03     6.200185e+02
  1.0830e+03     6.323360e+02
  1.0840e+03     6.449130e+02
  1.0850e+03     6.577538e+02
  1.0860e+03     6.708627e+02
  1.0870e+03     6.842439e+02
  1.0880e+03     6.979017e+02
  1.0890e+03     7.118404e+02
  1.0900e+03     7.260641e+02
  1.0910e+03     7.405769e+02
  1.0920e+03     7.553831e+02
  1.0930e+03     7.704866e+02
  1.0940e+03     7.858915e+02
  1.0950e+03     8.016016e+02
  1.0960e+03     8.176209e+02
  1.0970e+03     8.339529e+02
  1.0980e+03     8.506014e+02
  1.0990e+03     8.675699e+02
  1.1000e+03     8.848618e+02
  1.1010e+03     9.024802e+02
  1.1020e+03     9.204284e+02
  1.1030e+03     9.387091e+02
  1.1040e+03     9.573253e+02
  1.1050e+03     9.762793e+02
  1.1060e+03     9.955736e+02
  1.1070e+03     1.015210e+03
  1.1080e+03     1.035191e+03
  1.1090e+03     1.055517e+03
  1.1100e+03     1.076191e+03
  1.1110e+03     1.097213e+03
  1.1120e+03     1.118583e+03
  1.1130e+03     1.140303e+03
  1.1140e+03     1.162372e+03
  1.1150e+03     1.184789e+03
  1.1160e+03     1.207555e+03
  1.1170e+03     1.230667e+03
  1.1180e+03     1.254124e+03
  1.1190e+03     1.277924e+03
  1.1200e+03     1.302064e+03
  1.1210e+03     1.326542e+03
  1.1220e+03     1.351352e+03
  1.1230e+03     1.376492e+03
  1.1240e+03     1.401956e+03
  1.1250e+03     1.427739e+03
  1.1260e+03     1.453834e+03
  1.1270e+03     1.480235e+03
  1.1280e+03     1.506934e+03
  1.1290e+03     1.533922e+03
  1.1300e+03     1.561192e+03
  1.1310e+03     1.588733e+03
  1.1320e+03     1.616534e+03
  1.1330e+03     1.644584e+03
  1.1340e+03     1.672871e+03
  1.1350e+03     1.701382e+03
  1.1360e+03     1.730102e+03
  1.1370e+03     1.759017e+03
  1.1380e+03     1.788110e+03
  1.1390e+03     1.817365e+03
  1.1400e+03     1.846764e+03
  1.1410e+03     1.876288e+03
  1.1420e+03     1.905917e+03
  1.1430e+03     1.935630e+03
  1.1440e+03     1.965406e+03
  1.1450e+03     1.995221e+03
  1.1460e+03     2.025052e+03
  1.1470e+03     2.054873e+03
  1.1480e+03     2.084659e+03
  1.1490e+03     2.114382e+03
  1.1500e+03     2.144015e+03
  1.1510e+03     2.173527e+03
  1.1520e+03     2.202890e+03
  1.1530e+03     2.232072e+03
  1.1540e+03     2.261040e+03
  1.1550e+03     2.289764e+03
  1.1560e+03     2.318207e+03
  1.1570e+03     2.346337e+03
  1.1580e+03     2.374117e+03
  1.1590e+03     2.401512e+03
  1.1600e+03     2.428484e+03
  1.1610e+03     2.454997e+03
  1.1620e+03     2.481012e+03
  1.1630e+03     2.506492e+03
  1.1640e+03     2.531397e+03
  1.1650e+03     2.555689e+03
  1.1660e+03     2.579328e+03
  1.1670e+03     2.602274e+03
  1.1680e+03     2.624490e+03
  1.1690e+03     2.645935e+03
  1.1700e+03     2.666571e+03
  1.1710e+03     2.686358e+03
  1.1720e+03     2.705259e+03
  1.1730e+03     2.723237e+03
  1.1740e+03     2.740253e+03
  1.1750e+03     2.756274e+03
  1.1760e+03     2.771262e+03
  1.1770e+03     2.785185e+03
  1.1780e+03     2.798010e+03
  1.1790e+03     2.809706e+03
  1.1800e+03     2.820242e+03
  1.1810e+03     2.829592e+03
  1.1820e+03     2.837728e+03
  1.1830e+03     2.844627e+03
  1.1840e+03     2.850266e+03
  1.1850e+03     2.854626e+03
  1.1860e+03     2.857689e+03
  1.1870e+03     2.859438e+03
  1.1880e+03     2.859863e+03
  1.1890e+03     2.858952e+03
  1.1900e+03     2.856698e+03
  1.1910e+03     2.853096e+03
  1.1920e+03     2.848145e+03
  1.1930e+03     2.841845e+03
  1.1940e+03     2.834200e+03
  1.1950e+03     2.825218e+03
  1.1960e+03     2.814908e+03
  1.1970e+03     2.803283e+03
  1.1980e+03     2.790359e+03
  1.1990e+03     2.776154e+03
  1.2000e+03     2.760690e+03
  1.2010e+03     2.743991e+03
  1.2020e+03     2.726085e+03
  1.2030e+03     2.707000e+03
  1.2040e+03     2.686770e+03
  1.2050e+03     2.665430e+03
  1.2060e+03     2.643015e+03
  1.2070e+03     2.619565e+03
  1.2080e+03     2.595122e+03
  1.2090e+03     2.569729e+03
  1.2100e+03     2.543430e+03
  1.2110e+03     2.516272e+03
  1.2120e+03     2.488302e+03
  1.2130e+03     2.459569e+03
  1.2140e+03     2.430123e+03
  1.2150e+03     2.400015e+03
  1.2160e+03     2.369295e+03
  1.2170e+03     2.338015e+03
  1.2180e+03     2.306227e+03
  1.2190e+03     2.273982e+03
  1.2200e+03     2.241332e+03
  1.2210e+03     2.208328e+03
  1.2220e+03     2.175021e+03
  1.2230e+03     2.141460e+03
  1.2240e+03     2.107695e+03
  1.2250e+03     2.073773e+03
  1.2260e+03     2.039742e+03
  1.2270e+03     2.005647e+03
  1.2280e+03     1.971532e+03
  1.2290e+03     1.937440e+03
  1.2300e+03     1.903413e+03
  1.2310e+03     1.869490e+03
  1.2320e+03     1.835709e+03
  1.2330e+03     1.802105e+03
  1.2340e+03     1.768713e+03
  1.2350e+03     1.735565e+03
  1.2360e+03     1.702692e+03
  1.2370e+03     1.670122e+03
  1.2380e+03     1.637881e+03
  1.2390e+03     1.605996e+03
  1.2400e+03     1.574487e+03
  1.2410e+03     1.543377e+03
  1.2420e+03     1.512684e+03
  1.2430e+03     1.482426e+03
  1.2440e+03     1.452619e+03
  1.2450e+03     1.423276e+03
  1.2460e+03     1.394410e+03
  1.2470e+03     1.366031e+03
  1.2480e+03     1.338149e+03
  1.2490e+03     1.310771e+03
  1.2500e+03     1.283903e+03
  1.2510e+03     1.257552e+03
  1.2520e+03     1.231720e+03
  1.2530e+03     1.206409e+03
  1.2540e+03     1.181623e+03
  1.2550e+03     1.157360e+03
  1.2560e+03     1.133621e+03
  1.2570e+03     1.110404e+03
  1.2580e+03     1.087706e+03
  1.2590e+03     1.065526e+03
  1.2600e+03     1.043858e+03
  1.2610e+03     1.022698e+03
  1.2620e+03     1.002042e+03
  1.2630e+03     9.818838e+02
  1.2640e+03     9.622172e+02
  1.2650e+03     9.430359e+02
  1.2660e+03     9.243331e+02
  1.2670e+03     9.061015e+02
  1.2680e+03     8.883336e+02
  1.2690e+03     8.710217e+02
  1.2700e+03     8.541579e+02
  1.2710e+03     8.377338e+02
  1.2720e+03     8.217414e+02
  1.2730e+03     8.061721e+02
  1.2740e+03     7.910175e+02
  1.2750e+03     7.762690e+02
  1.2760e+03     7.619179e+02
  1.2770e+03     7.479559e+02
  1.2780e+03     7.343741e+02
  1.2790e+03     7.211641e+02
  1.2800e+03     7.083174e+02
  1.2810e+03     6.958254e+02
  1.2820e+03     6.836799e+02
  1.2830e+03     6.718725e+02
  1.2840e+03     6.603950e+02
  1.2850e+03     6.492394e+02
  1.2860e+03     6.383977e+02
  1.2870e+03     6.278621e+02
  1.2880e+03     6.176248e+02
  1.2890e+03     6.076782e+02
  1.2900e+03     5.980151e+02
  1.2910e+03     5.886280e+02
  1.2920e+03     5.795098e+02
  1.2930e+03     5.706537e+02
  1.2940e+03     5.620527e+02
  1.2950e+03     5.537002e+02
  1.2960e+03     5.455897e+02
  1.2970e+03     5.377148e+02
  1.2980e+03     5.300694e+02
  1.2990e+03     5.226473e+02
  1.3000e+03     5.154428e+02
  1.3010e+03     5.084501e+02
  1.3020e+03     5.016637e+02
  1.3030e+03     4.950780e+02
  1.3040e+03     4.886879e+02
  1.3050e+03     4.824882e+02
  1.3060e+03     4.764739e+02
  1.3070e+03     4.706402e+02
  1.3080e+03     4.649824e+02
  1.3090e+03     4.594960e+02
  1.3100e+03     4.541765e+02
  1.3110e+03     4.490196e+02
  1.3120e+03     4.440212e+02
  1.3130e+03     4.391772e+02
  1.3140e+03     4.344838e+02
  1.3150e+03     4.299372e+02
  1.3160e+03     4.255336e+02
  1.3170e+03     4.212696e+02
  1.3180e+03     4.171417e+02
  1.3190e+03     4.131466e+02
  1.3200e+03     4.092810e+02
  1.3210e+03     4.055419e+02
  1.3220e+03     4.019263e+02
  1.3230e+03     3.984311e+02
  1.3240e+03     3.950537e+02
  1.3250e+03     3.917913e+02
  1.3260e+03     3.886412e+02
  1.3270e+03     3.856009e+02
  1.3280e+03     3.826681e+02
  1.3290e+03     3.798402e+02
  1.3300e+03     3.771151e+02
  1.3310e+03     3.744904e+02
  1.3320e+03     3.719642e+02
  1.3330e+03     3.695343e+02
  1.3340e+03     3.671987e+02
  1.3350e+03     3.649556e+02
  1.3360e+03     3.628031e+02
  1.3370e+03     3.607394e+02
  1.3380e+03     3.587629e+02
  1.3390e+03     3.568719e+02
  1.3400e+03     3.550648e+02
  1.3410e+03     3.533401e+02
  1.3420e+03     3.516963e+02
  1.3430e+03     3.501321e+02
  1.3440e+03     3.486460e+02
  1.3450e+03     3.472369e+02
  1.3460e+03     3.459034e+02
  1.3470e+03     3.446443e+02
  1.3480e+03     3.434586e+02
  1.3490e+03     3.423452e+02
  1.3500e+03     3.413029e+02
  1.3510e+03     3.403308e+02
  1.3520e+03     3.394279e+02
  1.3530e+03     3.385934e+02
  1.3540e+03     3.378264e+02
  1.3550e+03     3.371260e+02
  1.3560e+03     3.364914e+02
  1.3570e+03     3.359219e+02
  1.3580e+03     3.354169e+02
  1.3590e+03     3.349756e+02
  1.3600e+03     3.345974e+02
  1.3610e+03     3.342817e+02
  1.3620e+03     3.340279e+02
  1.3630e+03     3.338356e+02
  1.3640e+03     3.337041e+02
  1.3650e+03     3.336332e+02
  1.3660e+03     3.336223e+02
  1.3670e+03     3.336710e+02
  1.3680e+03     3.337790e+02
  1.3690e+03     3.339459e+02
  1.3700e+03     3.341714e+02
  1.3710e+03     3.344553e+02
  1.3720e+03     3.347973e+02
  1.3730e+03     3.351972e+02
  1.3740e+03     3.356548e+02
  1.3750e+03     3.361699e+02
  1.3760e+03     3.367424e+02
  1.3770e+03     3.373722e+02
  1.3780e+03     3.380591e+02
  1.3790e+03     3.388032e+02
  1.3800e+03     3.396043e+02
  1.3810e+03     3.404625e+02
  1.3820e+03     3.413778e+02
  1.3830e+03     3.423502e+02
  1.3840e+03     3.433798e+02
  1.3850e+03     3.444667e+02
  1.3860e+03     3.456109e+02
  1.3870e+03     3.468125e+02
  1.3880e+03     3.480719e+02
  1.3890e+03     3.493890e+02
  1.3900e+03     3.507642e+02
  1.3910e+03     3.521975e+02
  1.3920e+03     3.536893e+02
  1.3930e+03     3.552399e+02
  1.3940e+03     3.568494e+02
  1.3950e+03     3.585182e+02
  1.3960e+03     3.602466e+02
  1.3970e+03     3.620350e+02
  1.3980e+03     3.638837e+02
  1.3990e+03     3.657931e+02
  1.4000e+03     3.677636e+02
  1.4010e+03     3.697956e+02
  1.4020e+03     3.718895e+02
  1.4030e+03     3.740459e+02
  1.4040e+03     3.762651e+02
  1.4050e+03     3.785478e+02
  1.4060e+03     3.808943e+02
  1.4070e+03     3.833053e+02
  1.4080e+03     3.857813e+02
  1.4090e+03     3.883229e+02
  1.4100e+03     3.909306e+02
  1.4110e+03     3.936050e+02
  1.4120e+03     3.963469e+02
  1.4130e+03     3.991568e+02
  1.4140e+03     4.020354e+02
  1.4150e+03     4.049834e+02
  1.4160e+03     4.080015e+02
  1.4170e+03     4.110903e+02
  1.4180e+03     4.142507e+02
  1.4190e+03     4.174833e+02
  1.4200e+03     4.207890e+02
  1.4210e+03     4.241685e+02
  1.4220e+03     4.276226e+02
  1.4230e+03     4.311521e+02
  1.4240e+03     4.347579e+02
  1.4250e+03     4.384408e+02
  1.4260e+03     4.422016e+02
  1.4270e+03     4.460413e+02
  1.4280e+03     4.499606e+02
  1.4290e+03     4.539606e+02
  1.4300e+03     4.580422e+02
  1.4310e+03     4.622062e+02
  1.4320e+03     4.664536e+02
  1.4330e+03     4.707854e+02
  1.4340e+03     4.752026e+02
  1.4350e+03     4.797061e+02
  1.4360e+03     4.842968e+02
  1.4370e+03     4.889760e+02
  1.4380e+03     4.937444e+02
  1.4390e+03     4.986032e+02
  1.4400e+03     5.035534e+02
  1.4410e+03     5.085961e+02
  1.4420e+03     5.137322e+02
  1.4430e+03     5.189629e+02
  1.4440e+03     5.242892e+02
  1.4450e+03     5.297123e+02
  1.4460e+03     5.352331e+02
  1.4470e+03     5.408527e+02
  1.4480e+03     5.465723e+02
  1.4490e+03     5.523930e+02
  1.4500e+03     5.583157e+02
  1.4510e+03     5.643417e+02
  1.4520e+03     5.704721e+02
  1.4530e+03     5.767078e+02
  1.4540e+03     5.830501e+02
  1.4550e+03     5.894999e+02
  1.4560e+03     5.960585e+02
  1.4570e+03     6.027268e+02
  1.4580e+03     6.095060e+02
  1.4590e+03     6.163970e+02
  1.4600e+03     6.234011e+02
  1.4610e+03     6.305191e+02
  1.4620e+03     6.377522e+02
  1.4630e+03     6.451013e+02
  1.4640e+03     6.525676e+02
  1.4650e+03     6.601518e+02
  1.4660e+03     6.678551e+02
  1.4670e+03     6.756783e+02
  1.4680e+03     6.836225e+02
  1.4690e+03     6.916884e+02
  1.4700e+03     6.998769e+02
  1.4710e+03     7.081890e+02
  1.4720e+03     7.166254e+02
  1.4730e+03     7.251868e+02
  1.4740e+03     7.338741e+02
  1.4750e+03     7.426879e+02
  1.4760e+03     7.516288e+02
  1.4770e+03     7.606976e+02
  1.4780e+03     7.698947e+02
  1.4790e+03     7.792208e+02
  1.4800e+03     7.886761e+02
  1.4810e+03     7.982613e+02
  1.4820e+03     8.079766e+02
  1.4830e+03     8.178223e+02
  1.4840e+03     8.277986e+02
  1.4850e+03     8.379058e+02
  1.4860e+03     8.481439e+02
  1.4870e+03     8.585129e+02
  1.4880e+03     8.690128e+02
  1.4890e+03     8.796434e+02
  1.4900e+03     8.904045e+02
  1.4910e+03     9.012958e+02
  1.4920e+03     9.123168e+02
  1.4930e+03     9.234672e+02
  1.4940e+03     9.347462e+02
  1.4950e+03     9.461531e+02
  1.4960e+03     9.576873e+02
  1.4970e+03     9.693476e+02
  1.4980e+03     9.811331e+02
  1.4990e+03     9.930426e+02
  1.5000e+03     1.005074e+03
  1.5010e+03     1.017228e+03
  1.5020e+03     1.029501e+03
  1.5030e+03     1.041893e+03
  1.5040e+03     1.054400e+03
  1.5050e+03     1.067022e+03
  1.5060e+03     1.079756e+03
  1.5070e+03     1.092600e+03
  1.5080e+03     1.105551e+03
  1.5090e+03     1.118607e+03
  1.5100e+03     1.131765e+03
  1.5110e+03     1.145022e+03
  1.5120e+03     1.158375e+03
  1.5130e+03     1.171821e+03
  1.5140e+03     1.185356e+03
  1.5150e+03     1.198976e+03
  1.5160e+03     1.212679e+03
  1.5170e+03     1.226459e+03
  1.5180e+03     1.240312e+03
  1.5190e+03     1.254235e+03
  1.5200e+03     1.268221e+03
  1.5210e+03     1.282268e+03
  1.5220e+03     1.296369e+03
  1.5230e+03     1.310519e+03
  1.5240e+03     1.324713e+03
  1.5250e+03     1.338945e+03
  1.5260e+03     1.353209e+03
  1.5270e+03     1.367499e+03
  1.5280e+03     1.381809e+03
  1.5290e+03     1.396133e+03
  1.5300e+03     1.410463e+03
  1.5310e+03     1.424792e+03
  1.5320e+03     1.439114e+03
  1.5330e+03     1.453421e+03
  1.5340e+03     1.467706e+03
  1.5350e+03     1.481960e+03
  1.5360e+03     1.496176e+03
  1.5370e+03     1.510346e+03
  1.5380e+03     1.524460e+03
  1.5390e+03     1.538511e+03
  1.5400e+03     1.552491e+03
  1.5410e+03     1.566389e+03
  1.5420e+03     1.580197e+03
  1.5430e+03     1.593905e+03
  1.5440e+03     1.607505e+03
  1.5450e+03     1.620986e+03
  1.5460e+03     1.634339e+03
  1.5470e+03     1.647554e+03
  1.5480e+03     1.660621e+03
  1.5490e+03     1.673531e+03
  1.5500e+03     1.686272e+03
  1.5510e+03     1.698835e+03
  1.5520e+03     1.711209e+03
  1.5530e+03     1.723385e+03
  1.5540e+03     1.735351e+03
  1.5550e+03     1.747097e+03
  1.5560e+03     1.758614e+03
  1.5570e+03     1.769889e+03
  1.5580e+03     1.780914e+03
  1.5590e+03     1.791677e+03
  1.5600e+03     1.802169e+03
  1.5610e+03     1.812379e+03
  1.5620e+03     1.822297e+03
  1.5630e+03     1.831913e+03
  1.5640e+03     1.841218e+03
  1.5650e+03     1.850200e+03
  1.5660e+03     1.858852e+03
  1.5670e+03     1.867164e+03
  1.5680e+03     1.875126e+03
  1.5690e+03     1.882729e+03
  1.5700e+03     1.889966e+03
  1.5710e+03     1.896827e+03
  1.5720e+03     1.903305e+03
  1.5730e+03     1.909391e+03
  1.5740e+03     1.915079e+03
  1.5750e+03     1.920361e+03
  1.5760e+03     1.925231e+03
  1.5770e+03     1.929683e+03
  1.5780e+03     1.933710e+03
  1.5790e+03     1.937306e+03
  1.5800e+03     1.940468e+03
  1.5810e+03     1.943191e+03
  1.5820e+03     1.945470e+03
  1.5830e+03     1.947301e+03
  1.5840e+03     1.948682e+03
  1.5850e+03     1.949611e+03
  1.5860e+03     1.950084e+03
  1.5870e+03     1.950101e+03
  1.5880e+03     1.949661e+03
  1.5890e+03     1.948762e+03
  1.5900e+03     1.947406e+03
  1.5910e+03     1.945593e+03
  1.5920e+03     1.943324e+03
  1.5930e+03     1.940600e+03
  1.5940e+03     1.937425e+03
  1.5950e+03     1.933800e+03
  1.5960e+03     1.929730e+03
  1.5970e+03     1.925218e+03
  1.5980e+03     1.920270e+03
  1.5990e+03     1.914889e+03
  1.6000e+03     1.909082e+03
  1.6010e+03     1.902854e+03
  1.6020e+03     1.896212e+03
  1.6030e+03     1.889164e+03
  1.6040e+03     1.881716e+03
  1.6050e+03     1.873878e+03
  1.6060e+03     1.865656e+03
  1.6070e+03     1.857060e+03
  1.6080e+03     1.848099e+03
  1.6090e+03     1.838783e+03
  1.6100e+03     1.829122e+03
  1.6110e+03     1.819126e+03
  1.6120e+03     1.808806e+03
  1.6130e+03     1.798172e+03
  1.6140e+03     1.787235e+03
  1.6150e+03     1.776008e+03
  1.6160e+03     1.764502e+03
  1.6170e+03     1.752728e+03
  1.6180e+03     1.740698e+03
  1.6190e+03     1.728425e+03
  1.6200e+03     1.715920e+03
  1.6210e+03     1.703197e+03
  1.6220e+03     1.690267e+03
  1.6230e+03     1.677142e+03
  1.6240e+03     1.663836e+03
  1.6250e+03     1.650360e+03
  1.6260e+03     1.636726e+03
  1.6270e+03     1.622948e+03
  1.6280e+03     1.609037e+03
  1.6290e+03     1.595006e+03
  1.6300e+03     1.580865e+03
  1.6310e+03     1.566628e+03
  1.6320e+03     1.552306e+03
  1.6330e+03     1.537910e+03
  1.6340e+03     1.523452e+03
  1.6350e+03     1.508943e+03
  1.6360e+03     1.494393e+03
  1.6370e+03     1.479813e+03
  1.6380e+03     1.465214e+03
  1.6390e+03     1.450606e+03
  1.6400e+03     1.435999e+03
  1.6410e+03     1.421402e+03
  1.6420e+03     1.406824e+03
  1.6430e+03     1.392276e+03
  1.6440e+03     1.377764e+03
  1.6450e+03     1.363298e+03
  1.6460e+03     1.348886e+03
  1.6470e+03     1.334535e+03
  1.6480e+03     1.320253e+03
  1.6490e+03     1.306048e+03
  1.6500e+03     1.291925e+03
  1.6510e+03     1.277892e+03
  1.6520e+03     1.263955e+03
  1.6530e+03     1.250119e+03
  1.6540e+03     1.236391e+03
  1.6550e+03     1.222775e+03
  1.6560e+03     1.209277e+03
  1.6570e+03     1.195901e+03
  1.6580e+03     1.182652e+03
  1.6590e+03     1.169534e+03
  1.6600e+03     1.156550e+03
  1.6610e+03     1.143704e+03
  1.6620e+03     1.131000e+03
  1.6630e+03     1.118441e+03
  1.6640e+03     1.106028e+03
  1.6650e+03     1.093766e+03
  1.6660e+03     1.081656e+03
  1.6670e+03     1.069700e+03
  1.6680e+03     1.057901e+03
  1.6690e+03     1.046259e+03
  1.6700e+03     1.034776e+03
  1.6710e+03     1.023454e+03
  1.6720e+03     1.012294e+03
  1.6730e+03     1.001296e+03
  1.6740e+03     9.904614e+02
  1.6750e+03     9.797901e+02
  1.6760e+03     9.692830e+02
  1.6770e+03     9.589400e+02
  1.6780e+03     9.487615e+02
  1.6790e+03     9.387472e+02
  1.6800e+03     9.288970e+02
  1.6810e+03     9.192107e+02
  1.6820e+03     9.096877e+02
  1.6830e+03     9.003276e+02
  1.6840e+03     8.911298e+02
  1.6850e+03     8.820934e+02
  1.6860e+03     8.732178e+02
  1.6870e+03     8.645019e+02
  1.6880e+03     8.559449e+02
  1.6890e+03     8.475457e+02
  1.6900e+03     8.393032e+02
  1.6910e+03     8.312163e+02
  1.6920e+03     8.232836e+02
  1.6930e+03     8.155040e+02
  1.6940e+03     8.078760e+02
  1.6950e+03     8.003985e+02
  1.6960e+03     7.930698e+02
  1.6970e+03     7.858887e+02
  1.6980e+03     7.788537e+02
  1.6990e+03     7.719632e+02
  1.7000e+03     7.652158e+02
  1.7010e+03     7.586100e+02
  1.7020e+03     7.521441e+02
  1.7030e+03     7.458167e+02
  1.7040e+03     7.396261e+02
  1.7050e+03     7.335708e+02
  1.7060e+03     7.276493e+02
  1.7070e+03     7.218598e+02
  1.7080e+03     7.162010e+02
  1.7090e+03     7.106710e+02
  1.7100e+03     7.052685e+02
  1.7110e+03     6.999918e+02
  1.7120e+03     6.948394e+02
  1.7130e+03     6.898096e+02
  1.7140e+03     6.849010e+02
  1.7150e+03     6.801121e+02
  1.7160e+03     6.754412e+02
  1.7170e+03     6.708869e+02
  1.7180e+03     6.664478e+02
  1.7190e+03     6.621222e+02
  1.7200e+03     6.579089e+02
  1.7210e+03     6.538063e+02
  1.7220e+03     6.498130e+02
  1.7230e+03     6.459276e+02
  1.7240e+03     6.421488e+02
  1.7250e+03     6.384751e+02
  1.7260e+03     6.349053e+02
  1.7270e+03     6.314380e+02
  1.7280e+03     6.280720e+02
  1.7290e+03     6.248059e+02
  1.7300e+03     6.216386e+02
  1.7310e+03     6.185687e+02
  1.7320e+03     6.155952e+02
  1.7330e+03     6.127167e+02
  1.7340e+03     6.099323e+02
  1.7350e+03     6.072406e+02
  1.7360e+03     6.046408e+02
  1.7370e+03     6.021315e+02
  1.7380e+03     5.997119e+02
  1.7390e+03     5.973808e+02
  1.7400e+03     5.951373e+02
  1.7410e+03     5.929803e+02
  1.7420e+03     5.909090e+02
  1.7430e+03     5.889224e+02
  1.7440e+03     5.870195e+02
  1.7450e+03     5.851994e+02
  1.7460e+03     5.834614e+02
  1.7470e+03     5.818046e+02
  1.7480e+03     5.802281e+02
  1.7490e+03     5.787311e+02
  1.7500e+03     5.773130e+02
  1.7510e+03     5.759728e+02
  1.7520e+03     5.747100e+02
  1.7530e+03     5.735237e+02
  1.7540e+03     5.724133e+02
  1.7550e+03     5.713782e+02
  1.7560e+03     5.704177e+02
  1.7570e+03     5.695312e+02
  1.7580e+03     5.687180e+02
  1.7590e+03     5.679777e+02
  1.7600e+03     5.673096e+02
  1.7610e+03     5.667132e+02
  1.7620e+03     5.661880e+02
  1.7630e+03     5.657335e+02
  1.7640e+03     5.653492e+02
  1.7650e+03     5.650346e+02
  1.7660e+03     5.647894e+02
  1.7670e+03     5.646130e+02
  1.7680e+03     5.645051e+02
  1.7690e+03     5.644653e+02
  1.7700e+03     5.644933e+02
  1.7710e+03     5.645886e+02
  1.7720e+03     5.647510e+02
  1.7730e+03     5.649800e+02
  1.7740e+03     5.652755e+02
  1.7750e+03     5.656372e+02
  1.7760e+03     5.660647e+02
  1.7770e+03     5.665578e+02
  1.7780e+03     5.671163e+02
  1.7790e+03     5.677399e+02
  1.7800e+03     5.684285e+02
  1.7810e+03     5.691819e+02
  1.7820e+03     5.699998e+02
  1.7830e+03     5.708821e+02
  1.7840e+03     5.718287e+02
  1.7850e+03     5.728394e+02
  1.7860e+03     5.739141e+02
  1.7870e+03     5.750526e+02
  1.7880e+03     5.762550e+02
  1.7890e+03     5.775210e+02
  1.7900e+03     5.788507e+02
  1.7910e+03     5.802439e+02
  1.7920e+03     5.817005e+02
  1.7930e+03     5.832207e+02
  1.7940e+03     5.848043e+02
  1.7950e+03     5.864512e+02
  1.7960e+03     5.881616e+02
  1.7970e+03     5.899354e+02
  1.7980e+03     5.917725e+02
  1.7990e+03     5.936731e+02
  1.8000e+03     5.956371e+02
  1.8010e+03     5.976645e+02
  1.8020e+03     5.997555e+02
  1.8030e+03     6.019101e+02
  1.8040e+03     6.041282e+02
  1.8050e+03     6.064101e+02
  1.8060e+03     6.087557e+02
  1.8070e+03     6.111651e+02
  1.8080e+03     6.136384e+02
  1.8090e+03     6.161758e+02
  1.8100e+03     6.187772e+02
  1.8110e+03     6.214428e+02
  1.8120e+03     6.241727e+02
  1.8130e+03     6.269670e+02
  1.8140e+03     6.298258e+02
  1.8150e+03     6.327492e+02
  1.8160e+03     6.357374e+02
  1.8170e+03     6.387904e+02
  1.8180e+03     6.419084e+02
  1.8190e+03     6.450914e+02
  1.8200e+03     6.483397e+02
  1.8210e+03     6.516533e+02
  1.8220e+03     6.550324e+02
  1.8230e+03     6.584770e+02
  1.8240e+03     6.619873e+02
  1.8250e+03     6.655634e+02
  1.8260e+03     6.692055e+02
  1.8270e+03     6.729136e+02
  1.8280e+03     6.766878e+02
  1.8290e+03     6.805283e+02
  1.8300e+03     6.844351e+02
  1.8310e+03     6.884084e+02
  1.8320e+03     6.924483e+02
  1.8330e+03     6.965547e+02
  1.8340e+03     7.007279e+02
  1.8350e+03     7.049679e+02
  1.8360e+03     7.092746e+02
  1.8370e+03     7.136483e+02
  1.8380e+03     7.180889e+02
  1.8390e+03     7.225965e+02
  1.8400e+03     7.271711e+02
  1.8410e+03     7.318127e+02
  1.8420e+03     7.365213e+02
  1.8430e+03     7.412969e+02
  1.8440e+03     7.461394e+02
  1.8450e+03     7.510489e+02
  1.8460e+03     7.560252e+02
  1.8470e+03     7.610683e+02
  1.8480e+03     7.661782e+02
  1.8490e+03     7.713546e+02
  1.8500e+03     7.765975e+02
  1.8510e+03     7.819068e+02
  1.8520e+03     7.872822e+02
  1.8530e+03     7.927236e+02
  1.8540e+03     7.982307e+02
  1.8550e+03     8.038034e+02
  1.8560e+03     8.094414e+02
  1.8570e+03     8.151444e+02
  1.8580e+03     8.209121e+02
  1.8590e+03     8.267441e+02
  1.8600e+03     8.326402e+02
  1.8610e+03     8.385998e+02
  1.8620e+03     8.446227e+02
  1.8630e+03     8.507084e+02
  1.8640e+03     8.568563e+02
  1.8650e+03     8.630660e+02
  1.8660e+03     8.693369e+02
  1.8670e+03     8.756685e+02
  1.8680e+03     8.820601e+02
  1.8690e+03     8.885112e+02
  1.8700e+03     8.950209e+02
  1.8710e+03     9.015886e+02
  1.8720e+03     9.082135e+02
  1.8730e+03     9.148948e+02
  1.8740e+03     9.216317e+02
  1.8750e+03     9.284233e+02
  1.8760e+03     9.352687e+02
  1.8770e+03     9.421668e+02
  1.8780e+03     9.491167e+02
  1.8790e+03     9.561173e+02
  1.8800e+03     9.631675e+02
  1.8810e+03     9.702661e+02
  1.8820e+03     9.774120e+02
  1.8830e+03     9.846038e+02
  1.8840e+03     9.918404e+02
  1.8850e+03     9.991202e+02
  1.8860e+03     1.006442e+03
  1.8870e+03     1.013804e+03
  1.8880e+03     1.021205e+03
  1.8890e+03     1.028643e+03
  1.8900e+03     1.036118e+03
  1.8910e+03     1.043626e+03
  1.8920e+03     1.051167e+03
  1.8930e+03     1.058738e+03
  1.8940e+03     1.066338e+03
  1.8950e+03     1.073965e+03
  1.8960e+03     1.081616e+03
  1.8970e+03     1.089291e+03
  1.8980e+03     1.096986e+03
  1.8990e+03     1.104700e+03
  1.9000e+03     1.112430e+03
  1.9010e+03     1.120175e+03
  1.9020e+03     1.127931e+03
  1.9030e+03     1.135697e+03
  1.9040e+03     1.143471e+03
  1.9050e+03     1.151248e+03
  1.9060e+03     1.159028e+03
  1.9070e+03     1.166808e+03
  1.9080e+03     1.174584e+03
  1.9090e+03     1.182355e+03
  1.9100e+03     1.190117e+03
  1.9110e+03     1.197867e+03
  1.9120e+03     1.205604e+03
  1.9130e+03     1.213323e+03
  1.9140e+03     1.221022e+03
  1.9150e+03     1.228698e+03
  1.9160e+03     1.236348e+03
  1.9170e+03     1.243968e+03
  1.9180e+03     1.251556e+03
  1.9190e+03     1.259108e+03
  1.9200e+03     1.266622e+03
  1.9210e+03     1.274093e+03
  1.9220e+03     1.281519e+03
  1.9230e+03     1.288896e+03
  1.9240e+03     1.296220e+03
  1.9250e+03     1.303489e+03
  1.9260e+03     1.310699e+03
  1.9270e+03     1.317846e+03
  1.9280e+03     1.324928e+03
  1.9290e+03     1.331939e+03
  1.9300e+03     1.338878e+03
  1.9310e+03     1.345740e+03
  1.9320e+03     1.352521e+03
  1.9330e+03     1.359219e+03
  1.9340e+03     1.365829e+03
  1.9350e+03     1.372349e+03
  1.9360e+03     1.378774e+03
  1.9370e+03     1.385100e+03
  1.9380e+03     1.391326e+03
  1.9390e+03     1.397445e+03
  1.9400e+03     1.403457e+03
  1.9410e+03     1.409355e+03
  1.9420e+03     1.415139e+03
  1.9430e+03     1.420802e+03
  1.9440e+03     1.426344e+03
  1.9450e+03     1.431759e+03
  1.9460e+03     1.437045e+03
  1.9470e+03     1.442198e+03
  1.9480e+03     1.447216e+03
  1.9490e+03     1.452094e+03
  1.9500e+03     1.456830e+03
  1.9510e+03     1.461421e+03
  1.9520e+03     1.465863e+03
  1.9530e+03     1.470155e+03
  1.9540e+03     1.474292e+03
  1.9550e+03     1.478272e+03
  1.9560e+03     1.482093e+03
  1.9570e+03     1.485751e+03
  1.9580e+03     1.489245e+03
  1.9590e+03     1.492572e+03
  1.9600e+03     1.495730e+03
  1.9610e+03     1.498715e+03
  1.9620e+03     1.501528e+03
  1.9630e+03     1.504164e+03
  1.9640e+03     1.506623e+03
  1.9650e+03     1.508902e+03
  1.9660e+03     1.511001e+03
  1.9670e+03     1.512917e+03
  1.9680e+03     1.514649e+03
  1.9690e+03     1.516196e+03
  1.9700e+03     1.517557e+03
  1.9710e+03     1.518730e+03
  1.9720e+03     1.519716e+03
  1.9730e+03     1.520512e+03
  1.9740e+03     1.521119e+03
  1.9750e+03     1.521537e+03
  1.9760e+03     1.521764e+03
  1.9770e+03     1.521801e+03
  1.9780e+03     1.521648e+03
  1.9790e+03     1.521305e+03
  1.9800e+03     1.520772e+03
  1.9810e+03     1.520049e+03
  1.9820e+03     1.519138e+03
  1.9830e+03     1.518039e+03
  1.9840e+03     1.516752e+03
  1.9850e+03     1.515280e+03
  1.9860e+03     1.513622e+03
  1.9870e+03     1.511781e+03
  1.9880e+03     1.509757e+03
  1.9890e+03     1.507553e+03
  1.9900e+03     1.505170e+03
  1.9910e+03     1.502609e+03
  1.9920e+03     1.499874e+03
  1.9930e+03     1.496966e+03
  1.9940e+03     1.493886e+03
  1.9950e+03     1.490638e+03
  1.9960e+03     1.487225e+03
  1.9970e+03     1.483648e+03
  1.9980e+03     1.479910e+03
  1.9990e+03     1.476014e+03
  2.0000e+03     1.471964e+03
  2.0010e+03     1.467761e+03
  2.0020e+03     1.463410e+03
  2.0030e+03     1.458913e+03
  2.0040e+03     1.454274e+03
  2.0050e+03     1.449495e+03
  2.0060e+03     1.444582e+03
  2.0070e+03     1.439536e+03
  2.0080e+03     1.434361e+03
  2.0090e+03     1.429062e+03
  2.0100e+03     1.423642e+03
  2.0110e+03     1.418105e+03
  2.0120e+03     1.412454e+03
  2.0130e+03     1.406693e+03
  2.0140e+03     1.400826e+03
  2.0150e+03     1.394858e+03
  2.0160e+03     1.388791e+03
  2.0170e+03     1.382631e+03
  2.0180e+03     1.376381e+03
  2.0190e+03     1.370044e+03
  2.0200e+03     1.363626e+03
  2.0210e+03     1.357129e+03
  2.0220e+03     1.350558e+03
  2.0230e+03     1.343918e+03
  2.0240e+03     1.337211e+03
  2.0250e+03     1.330443e+03
  2.0260e+03     1.323616e+03
  2.0270e+03     1.316735e+03
  2.0280e+03     1.309804e+03
  2.0290e+03     1.302826e+03
  2.0300e+03     1.295806e+03
  2.0310e+03     1.288747e+03
  2.0320e+03     1.281652e+03
  2.0330e+03     1.274527e+03
  2.0340e+03     1.267374e+03
  2.0350e+03     1.260197e+03
  2.0360e+03     1.252999e+03
  2.0370e+03     1.245785e+03
  2.0380e+03     1.238557e+03
  2.0390e+03     1.231319e+03
  2.0400e+03     1.224074e+03
  2.0410e+03     1.216825e+03
  2.0420e+03     1.209576e+03
  2.0430e+03     1.202330e+03
  2.0440e+03     1.195090e+03
  2.0450e+03     1.187859e+03
  2.0460e+03     1.180639e+03
  2.0470e+03     1.173434e+03
  2.0480e+03     1.166247e+03
  2.0490e+03     1.159079e+03
  2.0500e+03     1.151934e+03
  2.0510e+03     1.144815e+03
  2.0520e+03     1.137723e+03
  2.0530e+03     1.130662e+03
  2.0540e+03     1.123633e+03
  2.0550e+03     1.116638e+03
  2.0560e+03     1.109681e+03
  2.0570e+03     1.102762e+03
  2.0580e+03     1.095885e+03
  2.0590e+03     1.089051e+03
  2.0600e+03     1.082261e+03
  2.0610e+03     1.075519e+03
  2.0620e+03     1.068824e+03
  2.0630e+03     1.062180e+03
  2.0640e+03     1.055588e+03
  2.0650e+03     1.049049e+03
  2.0660e+03     1.042564e+03
  2.0670e+03     1.036136e+03
  2.0680e+03     1.029765e+03
  2.0690e+03     1.023453e+03
  2.0700e+03     1.017201e+03
  2.0710e+03     1.011009e+03
  2.0720e+03     1.004880e+03
  2.0730e+03     9.988149e+02
  2.0740e+03     9.928131e+02
  2.0750e+03     9.868764e+02
  2.0760e+03     9.810056e+02
  2.0770e+03     9.752015e+02
  2.0780e+03     9.694648e+02
  2.0790e+03     9.637962e+02
  2.0800e+03     9.581965e+02
  2.0810e+03     9.526661e+02
  2.0820e+03     9.472056e+02
  2.0830e+03     9.418156e+02
  2.0840e+03     9.364965e+02
  2.0850e+03     9.312487e+02
  2.0860e+03     9.260727e+02
  2.0870e+03     9.209686e+02
  2.0880e+03     9.159370e+02
  2.0890e+03     9.109779e+02
  2.0900e+03     9.060917e+02
  2.0910e+03     9.012786e+02
  2.0920e+03     8.965387e+02
  2.0930e+03     8.918721e+02
  2.0940e+03     8.872790e+02
  2.0950e+03     8.827594e+02
  2.0960e+03     8.783134e+02
  2.0970e+03     8.739410e+02
  2.0980e+03     8.696422e+02
  2.0990e+03     8.654170e+02
  2.1000e+03     8.612653e+02
  2.1010e+03     8.571870e+02
  2.1020e+03     8.531821e+02
  2.1030e+03     8.492505e+02
  2.1040e+03     8.453920e+02
  2.1050e+03     8.416064e+02
  2.1060e+03     8.378937e+02
  2.1070e+03     8.342536e+02
  2.1080e+03     8.306859e+02
  2.1090e+03     8.271904e+02
  2.1100e+03     8.237670e+02
  2.1110e+03     8.204154e+02
  2.1120e+03     8.171352e+02
  2.1130e+03     8.139264e+02
  2.1140e+03     8.107886e+02
  2.1150e+03     8.077215e+02
  2.1160e+03     8.047249e+02
  2.1170e+03     8.017985e+02
  2.1180e+03     7.989419e+02
  2.1190e+03     7.961550e+02
  2.1200e+03     7.934373e+02
  2.1210e+03     7.907885e+02
  2.1220e+03     7.882085e+02
  2.1230e+03     7.856967e+02
  2.1240e+03     7.832529e+02
  2.1250e+03     7.808769e+02
  2.1260e+03     7.785681e+02
  2.1270e+03     7.763264e+02
  2.1280e+03     7.741514e+02
  2.1290e+03     7.720427e+02
  2.1300e+03     7.700000e+02
  2.1310e+03     7.680230e+02
  2.1320e+03     7.661114e+02
  2.1330e+03     7.642647e+02
  2.1340e+03     7.624827e+02
  2.1350e+03     7.607651e+02
  2.1360e+03     7.591114e+02
  2.1370e+03     7.575215e+02
  2.1380e+03     7.559948e+02
  2.1390e+03     7.545312e+02
  2.1400e+03     7.531303e+02
  2.1410e+03     7.517917e+02
  2.1420e+03     7.505152e+02
  2.1430e+03     7.493004e+02
  2.1440e+03     7.481470e+02
  2.1450e+03     7.470547e+02
  2.1460e+03     7.460232e+02
  2.1470e+03     7.450521e+02
  2.1480e+03     7.441412e+02
  2.1490e+03     7.432902e+02
  2.1500e+03     7.424988e+02
  2.1510e+03     7.417666e+02
  2.1520e+03     7.410934e+02
  2.1530e+03     7.404790e+02
  2.1540e+03     7.399229e+02
  2.1550e+03     7.394250e+02
  2.1560e+03     7.389849e+02
  2.1570e+03     7.386024e+02
  2.1580e+03     7.382773e+02
  2.1590e+03     7.380092e+02
  2.1600e+03     7.377979e+02
  2.1610e+03     7.376431e+02
  2.1620e+03     7.375446e+02
  2.1630e+03     7.375022e+02
  2.1640e+03     7.375155e+02
  2.1650e+03     7.375844e+02
  2.1660e+03     7.377086e+02
  2.1670e+03     7.378879e+02
  2.1680e+03     7.381220e+02
  2.1690e+03     7.384107e+02
  2.1700e+03     7.387539e+02
  2.1710e+03     7.391511e+02
  2.1720e+03     7.396024e+02
  2.1730e+03     7.401073e+02
  2.1740e+03     7.406658e+02
  2.1750e+03     7.412775e+02
  2.1760e+03     7.419424e+02
  2.1770e+03     7.426601e+02
  2.1780e+03     7.434306e+02
  2.1790e+03     7.442535e+02
  2.1800e+03     7.451287e+02
  2.1810e+03     7.460560e+02
  2.1820e+03     7.470352e+02
  2.1830e+03     7.480660e+02
  2.1840e+03     7.491484e+02
  2.1850e+03     7.502821e+02
  2.1860e+03     7.514669e+02
  2.1870e+03     7.527027e+02
  2.1880e+03     7.539892e+02
  2.1890e+03     7.553262e+02
