# Epidemic | total  7 days incidence [ x-unit: transmission cycles | y-unit: ]
  1.1428e+00     1.310473e-05
  1.4285e+00     1.471425e-05
  1.7142e+00     1.652143e-05
  2.0000e+00     1.855054e-05
  2.2857e+00     2.082882e-05
  2.5714e+00     2.338685e-05
  2.8571e+00     2.625897e-05
  3.1428e+00     2.948373e-05
  3.4285e+00     3.310442e-05
  3.7142e+00     3.716961e-05
  4.0000e+00     4.173384e-05
  4.2857e+00     4.685833e-05
  4.5714e+00     5.261180e-05
  4.8571e+00     5.907138e-05
  5.1428e+00     6.632366e-05
  5.4285e+00     7.446580e-05
  5.7142e+00     8.360685e-05
  6.0000e+00     9.386919e-05
  6.2857e+00     1.053902e-04
  6.5714e+00     1.183239e-04
  6.8571e+00     1.328432e-04
  7.1428e+00     1.491421e-04
  7.4285e+00     1.674382e-04
  7.7142e+00     1.879755e-04
  8.0000e+00     2.110278e-04
  8.2857e+00     2.369018e-04
  8.5714e+00     2.659417e-04
  8.8571e+00     2.985332e-04
  9.1428e+00     3.351084e-04
  9.4285e+00     3.761517e-04
  9.7142e+00     4.222053e-04
  1.0000e+01     4.738767e-04
  1.0285e+01     5.318458e-04
  1.0571e+01     5.968733e-04
  1.0857e+01     6.698100e-04
  1.1142e+01     7.516073e-04
  1.1428e+01     8.433278e-04
  1.1714e+01     9.461585e-04
  1.2000e+01     1.061423e-03
  1.2285e+01     1.190599e-03
  1.2571e+01     1.335330e-03
  1.2857e+01     1.497448e-03
  1.3142e+01     1.678985e-03
  1.3428e+01     1.882202e-03
  1.3714e+01     2.109602e-03
  1.4000e+01     2.363956e-03
  1.4285e+01     2.648325e-03
  1.4571e+01     2.966082e-03
  1.4857e+01     3.320935e-03
  1.5142e+01     3.716951e-03
  1.5428e+01     4.158574e-03
  1.5714e+01     4.650639e-03
  1.6000e+01     5.198390e-03
  1.6285e+01     5.807481e-03
  1.6571e+01     6.483970e-03
  1.6857e+01     7.234309e-03
  1.7142e+01     8.065303e-03
  1.7428e+01     8.984063e-03
  1.7714e+01     9.997926e-03
  1.8000e+01     1.111434e-02
  1.8285e+01     1.234072e-02
  1.8571e+01     1.368425e-02
  1.8857e+01     1.515163e-02
  1.9142e+01     1.674880e-02
  1.9428e+01     1.848050e-02
  1.9714e+01     2.034990e-02
  2.0000e+01     2.235803e-02
  2.0285e+01     2.450319e-02
  2.0571e+01     2.678031e-02
  2.0857e+01     2.918027e-02
  2.1142e+01     3.168914e-02
  2.1428e+01     3.428753e-02
  2.1714e+01     3.694996e-02
  2.2000e+01     3.964442e-02
  2.2285e+01     4.233216e-02
  2.2571e+01     4.496777e-02
  2.2857e+01     4.749976e-02
  2.3142e+01     4.987157e-02
  2.3428e+01     5.202322e-02
  2.3714e+01     5.389347e-02
  2.4000e+01     5.542258e-02
  2.4285e+01     5.655544e-02
  2.4571e+01     5.724493e-02
  2.4857e+01     5.745528e-02
  2.5142e+01     5.716492e-02
  2.5428e+01     5.636871e-02
  2.5714e+01     5.507914e-02
  2.6000e+01     5.332626e-02
  2.6285e+01     5.115631e-02
  2.6571e+01     4.862916e-02
  2.6857e+01     4.581469e-02
  2.7142e+01     4.278867e-02
  2.7428e+01     3.962838e-02
  2.7714e+01     3.640846e-02
  2.8000e+01     3.319750e-02
  2.8285e+01     3.005533e-02
  2.8571e+01     2.703144e-02
  2.8857e+01     2.416427e-02
  2.9142e+01     2.148136e-02
  2.9428e+01     1.900014e-02
  2.9714e+01     1.672922e-02
  3.0000e+01     1.466981e-02
  3.0285e+01     1.281734e-02
  3.0571e+01     1.116286e-02
  3.0857e+01     9.694441e-03
  3.1142e+01     8.398281e-03
  3.1428e+01     7.259620e-03
  3.1714e+01     6.263462e-03
  3.2000e+01     5.395107e-03
  3.2285e+01     4.640511e-03
  3.2571e+01     3.986536e-03
  3.2857e+01     3.421078e-03
  3.3142e+01     2.933132e-03
  3.3428e+01     2.512797e-03
  3.3714e+01     2.151239e-03
  3.4000e+01     1.840631e-03
  3.4285e+01     1.574085e-03
  3.4571e+01     1.345562e-03
  3.4857e+01     1.149795e-03
  3.5142e+01     9.822017e-04
  3.5428e+01     8.388120e-04
  3.5714e+01     7.161913e-04
  3.6000e+01     6.113760e-04
  3.6285e+01     5.218132e-04
  3.6571e+01     4.453072e-04
  3.6857e+01     3.799718e-04
  3.7142e+01     3.241886e-04
  3.7428e+01     2.765703e-04
  3.7714e+01     2.359285e-04
  3.8000e+01     2.012459e-04
  3.8285e+01     1.716524e-04
  3.8571e+01     1.464037e-04
  3.8857e+01     1.248639e-04
  3.9142e+01     1.064895e-04
  3.9428e+01     9.081638e-05
  3.9714e+01     7.744806e-05
  4.0000e+01     6.604618e-05
  4.0285e+01     5.632186e-05
  4.0571e+01     4.802856e-05
  4.0857e+01     4.095589e-05
  4.1142e+01     3.492435e-05
  4.1428e+01     2.978078e-05
  4.1714e+01     2.539454e-05
  4.2000e+01     2.165417e-05
  4.2285e+01     1.846461e-05
  4.2571e+01     1.574478e-05
  4.2857e+01     1.342552e-05
  4.3142e+01     1.144785e-05
  4.3428e+01     9.761476e-06
  4.3714e+01     8.323498e-06
  4.4000e+01     7.097335e-06
  4.4285e+01     6.051790e-06
  4.4571e+01     5.160261e-06
  4.4857e+01     4.400063e-06
  4.5142e+01     3.751851e-06
  4.5428e+01     3.199129e-06
  4.5714e+01     2.727832e-06
  4.6000e+01     2.325965e-06
  4.6285e+01     1.983300e-06
  4.6571e+01     1.691116e-06
  4.6857e+01     1.441977e-06
  4.7142e+01     1.229541e-06
  4.7428e+01     1.048401e-06
  4.7714e+01     8.939469e-07
  4.8000e+01     7.622475e-07
  4.8285e+01     6.499503e-07
  4.8571e+01     5.541971e-07
  4.8857e+01     4.725506e-07
  4.9142e+01     4.029325e-07
  4.9428e+01     3.435707e-07
  4.9714e+01     2.929544e-07
  5.0000e+01     2.497951e-07
  5.0285e+01     2.129942e-07
  5.0571e+01     1.816149e-07
  5.0857e+01     1.548586e-07
  5.1142e+01     1.320441e-07
  5.1428e+01     1.125908e-07
  5.1714e+01     9.600337e-08
  5.2000e+01     8.185971e-08
  5.2285e+01     6.979975e-08
  5.2571e+01     5.951653e-08
  5.2857e+01     5.074827e-08
  5.3142e+01     4.327180e-08
  5.3428e+01     3.689679e-08
  5.3714e+01     3.146098e-08
  5.4000e+01     2.682600e-08
  5.4285e+01     2.287387e-08
  5.4571e+01     1.950398e-08
  5.4857e+01     1.663056e-08
  5.5142e+01     1.418047e-08
  5.5428e+01     1.209133e-08
  5.5714e+01     1.030998e-08
  5.6000e+01     8.791066e-09
  5.6285e+01     7.495924e-09
  5.6571e+01     6.391589e-09
  5.6857e+01     5.449950e-09
  5.7142e+01     4.647037e-09
  5.7428e+01     3.962413e-09
  5.7714e+01     3.378652e-09
  5.8000e+01     2.880893e-09
  5.8285e+01     2.456466e-09
  5.8571e+01     2.094567e-09
  5.8857e+01     1.785986e-09
  5.9142e+01     1.522866e-09
  5.9428e+01     1.298510e-09
  5.9714e+01     1.107207e-09
