# Epidemic | total  7 days incidence [ x-unit: transmission cycles | y-unit: ]
  1.1428e+00     1.457552e-05
  1.4285e+00     1.710259e-05
  1.7142e+00     2.006775e-05
  2.0000e+00     2.354696e-05
  2.2857e+00     2.762929e-05
  2.5714e+00     3.241929e-05
  2.8571e+00     3.803958e-05
  3.1428e+00     4.463404e-05
  3.4285e+00     5.237145e-05
  3.7142e+00     6.144983e-05
  4.0000e+00     7.210145e-05
  4.2857e+00     8.459875e-05
  4.5714e+00     9.926133e-05
  4.8571e+00     1.164640e-04
  5.1428e+00     1.366463e-04
  5.4285e+00     1.603238e-04
  5.7142e+00     1.881009e-04
  6.0000e+00     2.206861e-04
  6.2857e+00     2.589102e-04
  6.5714e+00     3.037467e-04
  6.8571e+00     3.563362e-04
  7.1428e+00     4.180154e-04
  7.4285e+00     4.903491e-04
  7.7142e+00     5.751700e-04
  8.0000e+00     6.746225e-04
  8.2857e+00     7.912152e-04
  8.5714e+00     9.278810e-04
  8.8571e+00     1.088047e-03
  9.1428e+00     1.275714e-03
  9.4285e+00     1.495549e-03
  9.7142e+00     1.752991e-03
  1.0000e+01     2.054369e-03
  1.0285e+01     2.407041e-03
  1.0571e+01     2.819539e-03
  1.0857e+01     3.301745e-03
  1.1142e+01     3.865072e-03
  1.1428e+01     4.522661e-03
  1.1714e+01     5.289597e-03
  1.2000e+01     6.183116e-03
  1.2285e+01     7.222822e-03
  1.2571e+01     8.430869e-03
  1.2857e+01     9.832113e-03
  1.3142e+01     1.145418e-02
  1.3428e+01     1.332744e-02
  1.3714e+01     1.548476e-02
  1.4000e+01     1.796111e-02
  1.4285e+01     2.079271e-02
  1.4571e+01     2.401583e-02
  1.4857e+01     2.766499e-02
  1.5142e+01     3.177037e-02
  1.5428e+01     3.635448e-02
  1.5714e+01     4.142774e-02
  1.6000e+01     4.698312e-02
  1.6285e+01     5.298977e-02
  1.6571e+01     5.938596e-02
  1.6857e+01     6.607197e-02
  1.7142e+01     7.290366e-02
  1.7428e+01     7.968827e-02
  1.7714e+01     8.618412e-02
  1.8000e+01     9.210610e-02
  1.8285e+01     9.713896e-02
  1.8571e+01     1.009593e-01
  1.8857e+01     1.032659e-01
  1.9142e+01     1.038159e-01
  1.9428e+01     1.024615e-01
  1.9714e+01     9.918042e-02
  2.0000e+01     9.409182e-02
  2.0285e+01     8.745254e-02
  2.0571e+01     7.963138e-02
  2.0857e+01     7.106536e-02
  2.1142e+01     6.220670e-02
  2.1428e+01     5.347158e-02
  2.1714e+01     4.520085e-02
  2.2000e+01     3.763838e-02
  2.2285e+01     3.092775e-02
  2.2571e+01     2.512344e-02
  2.2857e+01     2.021041e-02
  2.3142e+01     1.612622e-02
  2.3428e+01     1.278132e-02
  2.3714e+01     1.007505e-02
  2.4000e+01     7.906935e-03
  2.4285e+01     6.183638e-03
  2.4571e+01     4.822479e-03
  2.4857e+01     3.752691e-03
  2.5142e+01     2.915189e-03
  2.5428e+01     2.261543e-03
  2.5714e+01     1.752615e-03
  2.6000e+01     1.357102e-03
  2.6285e+01     1.050177e-03
  2.6571e+01     8.122661e-04
  2.6857e+01     6.280122e-04
  2.7142e+01     4.854106e-04
  2.7428e+01     3.751034e-04
  2.7714e+01     2.898116e-04
  2.8000e+01     2.238830e-04
  2.8285e+01     1.729340e-04
  2.8571e+01     1.335686e-04
  2.8857e+01     1.031575e-04
  2.9142e+01     7.966651e-05
  2.9428e+01     6.152258e-05
  2.9714e+01     4.750952e-05
  3.0000e+01     3.668741e-05
  3.0285e+01     2.832995e-05
  3.0571e+01     2.187604e-05
  3.0857e+01     1.689224e-05
  3.1142e+01     1.304374e-05
  3.1428e+01     1.007197e-05
  3.1714e+01     7.777228e-06
  3.2000e+01     6.005283e-06
  3.2285e+01     4.637040e-06
  3.2571e+01     3.580530e-06
  3.2857e+01     2.764732e-06
  3.3142e+01     2.134805e-06
  3.3428e+01     1.648401e-06
  3.3714e+01     1.272821e-06
  3.4000e+01     9.828140e-07
  3.4285e+01     7.588837e-07
  3.4571e+01     5.859749e-07
  3.4857e+01     4.524625e-07
  3.5142e+01     3.493704e-07
  3.5428e+01     2.697675e-07
  3.5714e+01     2.083018e-07
  3.6000e+01     1.608409e-07
  3.6285e+01     1.241937e-07
  3.6571e+01     9.589656e-08
  3.6857e+01     7.404680e-08
  3.7142e+01     5.717545e-08
  3.7428e+01     4.414818e-08
  3.7714e+01     3.408914e-08
  3.8000e+01     2.632203e-08
  3.8285e+01     2.032463e-08
  3.8571e+01     1.569372e-08
  3.8857e+01     1.211795e-08
  3.9142e+01     9.356905e-09
  3.9428e+01     7.224960e-09
  3.9714e+01     5.578773e-09
  4.0000e+01     4.307665e-09
  4.0285e+01     3.326175e-09
  4.0571e+01     2.568315e-09
  4.0857e+01     1.983132e-09
  4.1142e+01     1.531281e-09
  4.1428e+01     1.182383e-09
  4.1714e+01     9.129799e-10
  4.2000e+01     7.049599e-10
  4.2285e+01     5.443368e-10
  4.2571e+01     4.203111e-10
  4.2857e+01     3.245444e-10
  4.3142e+01     2.505978e-10
  4.3428e+01     1.934998e-10
  4.3714e+01     1.494114e-10
  4.4000e+01     1.153684e-10
  4.4285e+01     8.908205e-11
  4.4571e+01     6.878495e-11
  4.4857e+01     5.311248e-11
  4.5142e+01     4.101095e-11
  4.5428e+01     3.166672e-11
  4.5714e+01     2.445154e-11
  4.6000e+01     1.888033e-11
  4.6285e+01     1.457850e-11
  4.6571e+01     1.125683e-11
  4.6857e+01     8.691988e-12
  4.7142e+01     6.711543e-12
  4.7428e+01     5.182336e-12
  4.7714e+01     4.001555e-12
  4.8000e+01     3.089812e-12
  4.8285e+01     2.385807e-12
  4.8571e+01     1.842207e-12
  4.8857e+01     1.422465e-12
  4.9142e+01     1.098360e-12
  4.9428e+01     8.481020e-13
  4.9714e+01     6.548643e-13
  5.0000e+01     5.056553e-13
  5.0285e+01     3.904431e-13
  5.0571e+01     3.014817e-13
  5.0857e+01     2.327899e-13
  5.1142e+01     1.797494e-13
  5.1428e+01     1.387940e-13
  5.1714e+01     1.071701e-13
  5.2000e+01     8.275172e-14
  5.2285e+01     6.389697e-14
  5.2571e+01     4.933822e-14
  5.2857e+01     3.809664e-14
  5.3142e+01     2.941643e-14
  5.3428e+01     2.271397e-14
  5.3714e+01     1.753866e-14
  5.4000e+01     1.354252e-14
  5.4285e+01     1.045690e-14
  5.4571e+01     8.074321e-15
  5.4857e+01     6.234609e-15
  5.5142e+01     4.814070e-15
  5.5428e+01     3.717198e-15
  5.5714e+01     2.870244e-15
  5.6000e+01     2.216267e-15
  5.6285e+01     1.711297e-15
  5.6571e+01     1.321382e-15
  5.6857e+01     1.020309e-15
  5.7142e+01     7.878344e-16
  5.7428e+01     6.083285e-16
  5.7714e+01     4.697225e-16
  5.8000e+01     3.626975e-16
  5.8285e+01     2.800579e-16
  5.8571e+01     2.162475e-16
  5.8857e+01     1.669761e-16
  5.9142e+01     1.289310e-16
  5.9428e+01     9.955446e-17
  5.9714e+01     7.687125e-17
