# Epidemic | total  7 days incidence [ x-unit: transmission cycles | y-unit: ]
  1.1428e+00     1.235175e-05
  1.4285e+00     1.352826e-05
  1.7142e+00     1.481682e-05
  2.0000e+00     1.622808e-05
  2.2857e+00     1.777374e-05
  2.5714e+00     1.946658e-05
  2.8571e+00     2.132061e-05
  3.1428e+00     2.335116e-05
  3.4285e+00     2.557505e-05
  3.7142e+00     2.801066e-05
  4.0000e+00     3.067812e-05
  4.2857e+00     3.359951e-05
  4.5714e+00     3.679897e-05
  4.8571e+00     4.030293e-05
  5.1428e+00     4.414036e-05
  5.4285e+00     4.834294e-05
  5.7142e+00     5.294539e-05
  6.0000e+00     5.798569e-05
  6.2857e+00     6.350545e-05
  6.5714e+00     6.955018e-05
  6.8571e+00     7.616973e-05
  7.1428e+00     8.341865e-05
  7.4285e+00     9.135665e-05
  7.7142e+00     1.000491e-04
  8.0000e+00     1.095675e-04
  8.2857e+00     1.199900e-04
  8.5714e+00     1.314024e-04
  8.8571e+00     1.438983e-04
  9.1428e+00     1.575802e-04
  9.4285e+00     1.725601e-04
  9.7142e+00     1.889607e-04
  1.0000e+01     2.069160e-04
  1.0285e+01     2.265726e-04
  1.0571e+01     2.480908e-04
  1.0857e+01     2.716457e-04
  1.1142e+01     2.974287e-04
  1.1428e+01     3.256488e-04
  1.1714e+01     3.565345e-04
  1.2000e+01     3.903352e-04
  1.2285e+01     4.273231e-04
  1.2571e+01     4.677953e-04
  1.2857e+01     5.120760e-04
  1.3142e+01     5.605185e-04
  1.3428e+01     6.135083e-04
  1.3714e+01     6.714651e-04
  1.4000e+01     7.348460e-04
  1.4285e+01     8.041485e-04
  1.4571e+01     8.799138e-04
  1.4857e+01     9.627301e-04
  1.5142e+01     1.053236e-03
  1.5428e+01     1.152125e-03
  1.5714e+01     1.260149e-03
  1.6000e+01     1.378121e-03
  1.6285e+01     1.506923e-03
  1.6571e+01     1.647505e-03
  1.6857e+01     1.800895e-03
  1.7142e+01     1.968200e-03
  1.7428e+01     2.150607e-03
  1.7714e+01     2.349395e-03
  1.8000e+01     2.565932e-03
  1.8285e+01     2.801679e-03
  1.8571e+01     3.058193e-03
  1.8857e+01     3.337130e-03
  1.9142e+01     3.640242e-03
  1.9428e+01     3.969377e-03
  1.9714e+01     4.326475e-03
  2.0000e+01     4.713564e-03
  2.0285e+01     5.132748e-03
  2.0571e+01     5.586200e-03
  2.0857e+01     6.076139e-03
  2.1142e+01     6.604817e-03
  2.1428e+01     7.174486e-03
  2.1714e+01     7.787371e-03
  2.2000e+01     8.445627e-03
  2.2285e+01     9.151291e-03
  2.2571e+01     9.906230e-03
  2.2857e+01     1.071207e-02
  2.3142e+01     1.157013e-02
  2.3428e+01     1.248132e-02
  2.3714e+01     1.344606e-02
  2.4000e+01     1.446418e-02
  2.4285e+01     1.553476e-02
  2.4571e+01     1.665609e-02
  2.4857e+01     1.782546e-02
  2.5142e+01     1.903908e-02
  2.5428e+01     2.029196e-02
  2.5714e+01     2.157775e-02
  2.6000e+01     2.288872e-02
  2.6285e+01     2.421561e-02
  2.6571e+01     2.554764e-02
  2.6857e+01     2.687251e-02
  2.7142e+01     2.817646e-02
  2.7428e+01     2.944439e-02
  2.7714e+01     3.066007e-02
  2.8000e+01     3.180639e-02
  2.8285e+01     3.286575e-02
  2.8571e+01     3.382045e-02
  2.8857e+01     3.465319e-02
  2.9142e+01     3.534762e-02
  2.9428e+01     3.588890e-02
  2.9714e+01     3.626427e-02
  3.0000e+01     3.646360e-02
  3.0285e+01     3.647984e-02
  3.0571e+01     3.630943e-02
  3.0857e+01     3.595250e-02
  3.1142e+01     3.541303e-02
  3.1428e+01     3.469876e-02
  3.1714e+01     3.382096e-02
  3.2000e+01     3.279405e-02
  3.2285e+01     3.163510e-02
  3.2571e+01     3.036320e-02
  3.2857e+01     2.899880e-02
  3.3142e+01     2.756303e-02
  3.3428e+01     2.607695e-02
  3.3714e+01     2.456104e-02
  3.4000e+01     2.303454e-02
  3.4285e+01     2.151513e-02
  3.4571e+01     2.001851e-02
  3.4857e+01     1.855830e-02
  3.5142e+01     1.714583e-02
  3.5428e+01     1.579026e-02
  3.5714e+01     1.449856e-02
  3.6000e+01     1.327573e-02
  3.6285e+01     1.212496e-02
  3.6571e+01     1.104783e-02
  3.6857e+01     1.004458e-02
  3.7142e+01     9.114293e-03
  3.7428e+01     8.255155e-03
  3.7714e+01     7.464624e-03
  3.8000e+01     6.739630e-03
  3.8285e+01     6.076729e-03
  3.8571e+01     5.472240e-03
  3.8857e+01     4.922358e-03
  3.9142e+01     4.423247e-03
  3.9428e+01     3.971113e-03
  3.9714e+01     3.562262e-03
  4.0000e+01     3.193137e-03
  4.0285e+01     2.860357e-03
  4.0571e+01     2.560726e-03
  4.0857e+01     2.291253e-03
  4.1142e+01     2.049152e-03
  4.1428e+01     1.831842e-03
  4.1714e+01     1.636946e-03
  4.2000e+01     1.462281e-03
  4.2285e+01     1.305850e-03
  4.2571e+01     1.165831e-03
  4.2857e+01     1.040569e-03
  4.3142e+01     9.285604e-04
  4.3428e+01     8.284458e-04
  4.3714e+01     7.389954e-04
  4.4000e+01     6.590998e-04
  4.4285e+01     5.877598e-04
  4.4571e+01     5.240760e-04
  4.4857e+01     4.672403e-04
  4.5142e+01     4.165270e-04
  4.5428e+01     3.712851e-04
  4.5714e+01     3.309310e-04
  4.6000e+01     2.949422e-04
  4.6285e+01     2.628506e-04
  4.6571e+01     2.342377e-04
  4.6857e+01     2.087291e-04
  4.7142e+01     1.859901e-04
  4.7428e+01     1.657217e-04
  4.7714e+01     1.476569e-04
  4.8000e+01     1.315571e-04
  4.8285e+01     1.172094e-04
  4.8571e+01     1.044239e-04
  4.8857e+01     9.303106e-05
  4.9142e+01     8.287952e-05
  4.9428e+01     7.383440e-05
  4.9714e+01     6.577540e-05
  5.0000e+01     5.859521e-05
  5.0285e+01     5.219817e-05
  5.0571e+01     4.649900e-05
  5.0857e+01     4.142168e-05
  5.1142e+01     3.689843e-05
  5.1428e+01     3.286886e-05
  5.1714e+01     2.927915e-05
  5.2000e+01     2.608131e-05
  5.2285e+01     2.323261e-05
  5.2571e+01     2.069496e-05
  5.2857e+01     1.843440e-05
  5.3142e+01     1.642071e-05
  5.3428e+01     1.462693e-05
  5.3714e+01     1.302906e-05
  5.4000e+01     1.160572e-05
  5.4285e+01     1.033783e-05
  5.4571e+01     9.208445e-06
  5.4857e+01     8.202423e-06
  5.5142e+01     7.306296e-06
  5.5428e+01     6.508062e-06
  5.5714e+01     5.797029e-06
  5.6000e+01     5.163673e-06
  5.6285e+01     4.599510e-06
  5.6571e+01     4.096981e-06
  5.6857e+01     3.649354e-06
  5.7142e+01     3.250630e-06
  5.7428e+01     2.895469e-06
  5.7714e+01     2.579111e-06
  5.8000e+01     2.297317e-06
  5.8285e+01     2.046310e-06
  5.8571e+01     1.822728e-06
  5.8857e+01     1.623575e-06
  5.9142e+01     1.446180e-06
  5.9428e+01     1.288168e-06
  5.9714e+01     1.147420e-06
