# Epidemic | total  7 days incidence [ x-unit: transmission cycles | y-unit: ]
  1.1428e+00     2.013366e-05
  1.4285e+00     2.688091e-05
  1.7142e+00     3.588921e-05
  2.0000e+00     4.791618e-05
  2.2857e+00     6.397321e-05
  2.5714e+00     8.541044e-05
  2.8571e+00     1.140301e-04
  3.1428e+00     1.522379e-04
  3.4285e+00     2.032445e-04
  3.7142e+00     2.713343e-04
  4.0000e+00     3.622243e-04
  4.2857e+00     4.835406e-04
  4.5714e+00     6.454534e-04
  4.8571e+00     8.615204e-04
  5.1428e+00     1.149806e-03
  5.4285e+00     1.534362e-03
  5.7142e+00     2.047184e-03
  6.0000e+00     2.730779e-03
  6.2857e+00     3.641530e-03
  6.5714e+00     4.854050e-03
  6.8571e+00     6.466786e-03
  7.1428e+00     8.609099e-03
  7.4285e+00     1.145002e-02
  7.7142e+00     1.520876e-02
  8.0000e+00     2.016659e-02
  8.2857e+00     2.667918e-02
  8.5714e+00     3.518687e-02
  8.8571e+00     4.621826e-02
  9.1428e+00     6.037844e-02
  9.4285e+00     7.830730e-02
  9.7142e+00     1.005858e-01
  1.0000e+01     1.275593e-01
  1.0285e+01     1.590447e-01
  1.0571e+01     1.939024e-01
  1.0857e+01     2.295127e-01
  1.1142e+01     2.613271e-01
  1.1428e+01     2.828740e-01
  1.1714e+01     2.867979e-01
  1.2000e+01     2.673907e-01
  1.2285e+01     2.241873e-01
  1.2571e+01     1.645541e-01
  1.2857e+01     1.022474e-01
