# Epidemic | total  7 days incidence [ x-unit: transmission cycles | y-unit: ]
  1.1428e+00     1.878208e-05
  1.4285e+00     2.440274e-05
  1.7142e+00     3.170534e-05
  2.0000e+00     4.119312e-05
  2.2857e+00     5.351987e-05
  2.5714e+00     6.953490e-05
  2.8571e+00     9.034150e-05
  3.1428e+00     1.173728e-04
  3.4285e+00     1.524902e-04
  3.7142e+00     1.981113e-04
  4.0000e+00     2.573755e-04
  4.2857e+00     3.343588e-04
  4.5714e+00     4.343526e-04
  4.8571e+00     5.642238e-04
  5.1428e+00     7.328810e-04
  5.4285e+00     9.518764e-04
  5.7142e+00     1.236182e-03
  6.0000e+00     1.605185e-03
  6.2857e+00     2.083968e-03
  6.5714e+00     2.704940e-03
  6.8571e+00     3.509901e-03
  7.1428e+00     4.552648e-03
  7.4285e+00     5.902217e-03
  7.7142e+00     7.646858e-03
  8.0000e+00     9.898810e-03
  8.2857e+00     1.279986e-02
  8.5714e+00     1.652753e-02
  8.8571e+00     2.130130e-02
  9.1428e+00     2.738806e-02
  9.4285e+00     3.510462e-02
  9.7142e+00     4.481418e-02
  1.0000e+01     5.691141e-02
  1.0285e+01     7.178807e-02
  1.0571e+01     8.976807e-02
  1.0857e+01     1.109987e-01
  1.1142e+01     1.352856e-01
  1.1428e+01     1.618703e-01
  1.1714e+01     1.891746e-01
  1.2000e+01     2.145900e-01
  1.2285e+01     2.344662e-01
  1.2571e+01     2.445157e-01
  1.2857e+01     2.408246e-01
  1.3142e+01     2.214034e-01
  1.3428e+01     1.877056e-01
  1.3714e+01     1.450694e-01
  1.4000e+01     1.012546e-01
  1.4285e+01     6.349253e-02
  1.4571e+01     3.582484e-02
  1.4857e+01     1.839602e-02
  1.5142e+01     8.781130e-03
  1.5428e+01     3.995904e-03
  1.5714e+01     1.770464e-03
  1.6000e+01     7.741146e-04
  1.6285e+01     3.364048e-04
  1.6571e+01     1.457915e-04
  1.6857e+01     6.310761e-05
  1.7142e+01     2.730266e-05
  1.7428e+01     1.180946e-05
  1.7714e+01     5.107549e-06
  1.8000e+01     2.208903e-06
  1.8285e+01     9.552849e-07
  1.8571e+01     4.131290e-07
  1.8857e+01     1.786639e-07
  1.9142e+01     7.726584e-08
  1.9428e+01     3.341473e-08
  1.9714e+01     1.445068e-08
  2.0000e+01     6.249400e-09
  2.0285e+01     2.702642e-09
  2.0571e+01     1.168796e-09
  2.0857e+01     5.054623e-10
  2.1142e+01     2.185943e-10
  2.1428e+01     9.453422e-11
  2.1714e+01     4.088266e-11
  2.2000e+01     1.768029e-11
  2.2285e+01     7.646091e-12
  2.2571e+01     3.306660e-12
  2.2857e+01     1.430012e-12
  2.3142e+01     6.184290e-13
  2.3428e+01     2.674484e-13
  2.3714e+01     1.156618e-13
  2.4000e+01     5.001961e-14
  2.4285e+01     2.163169e-14
  2.4571e+01     9.354930e-15
  2.4857e+01     4.045672e-15
  2.5142e+01     1.749608e-15
  2.5428e+01     7.566429e-16
  2.5714e+01     3.272209e-16
  2.6000e+01     1.415113e-16
  2.6285e+01     6.119858e-17
  2.6571e+01     2.646619e-17
  2.6857e+01     1.144568e-17
  2.7142e+01     4.949847e-18
  2.7428e+01     2.140631e-18
  2.7714e+01     9.257464e-19
  2.8000e+01     4.003522e-19
  2.8285e+01     1.731380e-19
  2.8571e+01     7.487597e-20
  2.8857e+01     3.238117e-20
  2.9142e+01     1.400370e-20
  2.9428e+01     6.056098e-21
  2.9714e+01     2.619045e-21
  3.0000e+01     1.132643e-21
  3.0285e+01     4.898276e-22
  3.0571e+01     2.118329e-22
  3.0857e+01     9.161014e-23
  3.1142e+01     3.961810e-23
  3.1428e+01     1.713341e-23
  3.1714e+01     7.409586e-24
  3.2000e+01     3.204381e-24
  3.2285e+01     1.385780e-24
  3.2571e+01     5.993001e-25
  3.2857e+01     2.591758e-25
  3.3142e+01     1.120843e-25
  3.3428e+01     4.847243e-26
  3.3714e+01     2.096259e-26
  3.4000e+01     9.065569e-27
  3.4285e+01     3.920534e-27
  3.4571e+01     1.695490e-27
  3.4857e+01     7.332388e-28
  3.5142e+01     3.170995e-28
  3.5428e+01     1.371342e-28
  3.5714e+01     5.930562e-29
  3.6000e+01     2.564756e-29
  3.6285e+01     1.109165e-29
  3.6571e+01     4.796741e-30
  3.6857e+01     2.074419e-30
  3.7142e+01     8.971118e-31
  3.7428e+01     3.879687e-31
  3.7714e+01     1.677826e-31
  3.8000e+01     7.255995e-32
  3.8285e+01     3.137958e-32
  3.8571e+01     1.357054e-32
  3.8857e+01     5.868774e-33
  3.9142e+01     2.538034e-33
  3.9428e+01     1.097609e-33
  3.9714e+01     4.746766e-34
  4.0000e+01     2.052806e-34
  4.0285e+01     8.877651e-35
  4.0571e+01     3.839266e-35
  4.0857e+01     1.660345e-35
  4.1142e+01     7.180397e-36
  4.1428e+01     3.105265e-36
  4.1714e+01     1.342916e-36
  4.2000e+01     5.807629e-37
  4.2285e+01     2.511592e-37
  4.2571e+01     1.086173e-37
  4.2857e+01     4.697311e-38
  4.3142e+01     2.031419e-38
  4.3428e+01     8.785158e-39
  4.3714e+01     3.799266e-39
  4.4000e+01     1.643046e-39
  4.4285e+01     7.105587e-40
  4.4571e+01     3.072912e-40
  4.4857e+01     1.328924e-40
  4.5142e+01     5.747122e-41
  4.5428e+01     2.485424e-41
  4.5714e+01     1.074857e-41
  4.6000e+01     4.648371e-42
  4.6285e+01     2.010254e-42
  4.6571e+01     8.693629e-43
  4.6857e+01     3.759683e-43
  4.7142e+01     1.625928e-43
  4.7428e+01     7.031557e-44
  4.7714e+01     3.040896e-44
  4.8000e+01     1.315079e-44
  4.8285e+01     5.687245e-45
  4.8571e+01     2.459530e-45
  4.8857e+01     1.063658e-45
  4.9142e+01     4.599942e-46
  4.9428e+01     1.989310e-46
  4.9714e+01     8.603053e-47
  5.0000e+01     3.720512e-47
  5.0285e+01     1.608988e-47
  5.0571e+01     6.958298e-48
  5.0857e+01     3.009214e-48
  5.1142e+01     1.301377e-48
  5.1428e+01     5.627991e-49
  5.1714e+01     2.433905e-49
  5.2000e+01     1.052577e-49
  5.2285e+01     4.552016e-50
  5.2571e+01     1.968584e-50
  5.2857e+01     8.513421e-51
  5.3142e+01     3.681749e-51
  5.3428e+01     1.592225e-51
  5.3714e+01     6.885802e-52
  5.4000e+01     2.977862e-52
  5.4285e+01     1.287819e-52
  5.4571e+01     5.569355e-53
  5.4857e+01     2.408547e-53
  5.5142e+01     1.041610e-53
  5.5428e+01     4.504591e-54
  5.5714e+01     1.948074e-54
  5.6000e+01     8.424722e-55
  5.6285e+01     3.643391e-55
  5.6571e+01     1.575636e-55
  5.6857e+01     6.814061e-56
  5.7142e+01     2.946837e-56
  5.7428e+01     1.274402e-56
  5.7714e+01     5.511330e-57
  5.8000e+01     2.383453e-57
  5.8285e+01     1.030758e-57
  5.8571e+01     4.457659e-58
  5.8857e+01     1.927778e-58
  5.9142e+01     8.336948e-59
  5.9428e+01     3.605431e-59
  5.9714e+01     1.559220e-59
