# Epidemic | total  7 days incidence [ x-unit: transmission cycles | y-unit: ]
  1.1428e+00     1.158485e-05
  1.4285e+00     1.234746e-05
  1.7142e+00     1.316025e-05
  2.0000e+00     1.402653e-05
  2.2857e+00     1.494981e-05
  2.5714e+00     1.593384e-05
  2.8571e+00     1.698262e-05
  3.1428e+00     1.810039e-05
  3.4285e+00     1.929169e-05
  3.7142e+00     2.056137e-05
  4.0000e+00     2.191456e-05
  4.2857e+00     2.335675e-05
  4.5714e+00     2.489380e-05
  4.8571e+00     2.653193e-05
  5.1428e+00     2.827777e-05
  5.4285e+00     3.013841e-05
  5.7142e+00     3.212138e-05
  6.0000e+00     3.423470e-05
  6.2857e+00     3.648694e-05
  6.5714e+00     3.888720e-05
  6.8571e+00     4.144519e-05
  7.1428e+00     4.417126e-05
  7.4285e+00     4.707642e-05
  7.7142e+00     5.017242e-05
  8.0000e+00     5.347175e-05
  8.2857e+00     5.698774e-05
  8.5714e+00     6.073455e-05
  8.8571e+00     6.472731e-05
  9.1428e+00     6.898210e-05
  9.4285e+00     7.351606e-05
  9.7142e+00     7.834743e-05
  1.0000e+01     8.349563e-05
  1.0285e+01     8.898136e-05
  1.0571e+01     9.482665e-05
  1.0857e+01     1.010549e-04
  1.1142e+01     1.076912e-04
  1.1428e+01     1.147620e-04
  1.1714e+01     1.222956e-04
  1.2000e+01     1.303221e-04
  1.2285e+01     1.388735e-04
  1.2571e+01     1.479840e-04
  1.2857e+01     1.576897e-04
  1.3142e+01     1.680293e-04
  1.3428e+01     1.790437e-04
  1.3714e+01     1.907767e-04
  1.4000e+01     2.032746e-04
  1.4285e+01     2.165866e-04
  1.4571e+01     2.307654e-04
  1.4857e+01     2.458665e-04
  1.5142e+01     2.619492e-04
  1.5428e+01     2.790764e-04
  1.5714e+01     2.973150e-04
  1.6000e+01     3.167358e-04
  1.6285e+01     3.374142e-04
  1.6571e+01     3.594302e-04
  1.6857e+01     3.828686e-04
  1.7142e+01     4.078193e-04
  1.7428e+01     4.343779e-04
  1.7714e+01     4.626454e-04
  1.8000e+01     4.927290e-04
  1.8285e+01     5.247422e-04
  1.8571e+01     5.588052e-04
  1.8857e+01     5.950452e-04
  1.9142e+01     6.335967e-04
  1.9428e+01     6.746019e-04
  1.9714e+01     7.182110e-04
  2.0000e+01     7.645827e-04
  2.0285e+01     8.138843e-04
  2.0571e+01     8.662925e-04
  2.0857e+01     9.219931e-04
  2.1142e+01     9.811819e-04
  2.1428e+01     1.044065e-03
  2.1714e+01     1.110858e-03
  2.2000e+01     1.181790e-03
  2.2285e+01     1.257097e-03
  2.2571e+01     1.337029e-03
  2.2857e+01     1.421848e-03
  2.3142e+01     1.511825e-03
  2.3428e+01     1.607246e-03
  2.3714e+01     1.708404e-03
  2.4000e+01     1.815609e-03
  2.4285e+01     1.929179e-03
  2.4571e+01     2.049442e-03
  2.4857e+01     2.176741e-03
  2.5142e+01     2.311424e-03
  2.5428e+01     2.453852e-03
  2.5714e+01     2.604393e-03
  2.6000e+01     2.763420e-03
  2.6285e+01     2.931314e-03
  2.6571e+01     3.108460e-03
  2.6857e+01     3.295242e-03
  2.7142e+01     3.492046e-03
  2.7428e+01     3.699254e-03
  2.7714e+01     3.917239e-03
  2.8000e+01     4.146367e-03
  2.8285e+01     4.386988e-03
  2.8571e+01     4.639433e-03
  2.8857e+01     4.904009e-03
  2.9142e+01     5.180993e-03
  2.9428e+01     5.470627e-03
  2.9714e+01     5.773109e-03
  3.0000e+01     6.088587e-03
  3.0285e+01     6.417151e-03
  3.0571e+01     6.758825e-03
  3.0857e+01     7.113557e-03
  3.1142e+01     7.481210e-03
  3.1428e+01     7.861551e-03
  3.1714e+01     8.254244e-03
  3.2000e+01     8.658837e-03
  3.2285e+01     9.074752e-03
  3.2571e+01     9.501279e-03
  3.2857e+01     9.937561e-03
  3.3142e+01     1.038259e-02
  3.3428e+01     1.083519e-02
  3.3714e+01     1.129404e-02
  3.4000e+01     1.175761e-02
  3.4285e+01     1.222423e-02
  3.4571e+01     1.269204e-02
  3.4857e+01     1.315902e-02
  3.5142e+01     1.362295e-02
  3.5428e+01     1.408151e-02
  3.5714e+01     1.453217e-02
  3.6000e+01     1.497233e-02
  3.6285e+01     1.539924e-02
  3.6571e+01     1.581009e-02
  3.6857e+01     1.620202e-02
  3.7142e+01     1.657213e-02
  3.7428e+01     1.691757e-02
  3.7714e+01     1.723549e-02
  3.8000e+01     1.752320e-02
  3.8285e+01     1.777811e-02
  3.8571e+01     1.799781e-02
  3.8857e+01     1.818014e-02
  3.9142e+01     1.832318e-02
  3.9428e+01     1.842534e-02
  3.9714e+01     1.848534e-02
  4.0000e+01     1.850229e-02
  4.0285e+01     1.847568e-02
  4.0571e+01     1.840539e-02
  4.0857e+01     1.829173e-02
  4.1142e+01     1.813541e-02
  4.1428e+01     1.793755e-02
  4.1714e+01     1.769965e-02
  4.2000e+01     1.742357e-02
  4.2285e+01     1.711150e-02
  4.2571e+01     1.676592e-02
  4.2857e+01     1.638957e-02
  4.3142e+01     1.598537e-02
  4.3428e+01     1.555642e-02
  4.3714e+01     1.510590e-02
  4.4000e+01     1.463708e-02
  4.4285e+01     1.415319e-02
  4.4571e+01     1.365748e-02
  4.4857e+01     1.315308e-02
  4.5142e+01     1.264302e-02
  4.5428e+01     1.213020e-02
  4.5714e+01     1.161732e-02
  4.6000e+01     1.110691e-02
  4.6285e+01     1.060127e-02
  4.6571e+01     1.010251e-02
  4.6857e+01     9.612493e-03
  4.7142e+01     9.132860e-03
  4.7428e+01     8.665033e-03
  4.7714e+01     8.210215e-03
  4.8000e+01     7.769399e-03
  4.8285e+01     7.343383e-03
  4.8571e+01     6.932779e-03
  4.8857e+01     6.538028e-03
  4.9142e+01     6.159418e-03
  4.9428e+01     5.797094e-03
  4.9714e+01     5.451075e-03
  5.0000e+01     5.121270e-03
  5.0285e+01     4.807492e-03
  5.0571e+01     4.509472e-03
  5.0857e+01     4.226868e-03
  5.1142e+01     3.959284e-03
  5.1428e+01     3.706273e-03
  5.1714e+01     3.467354e-03
  5.2000e+01     3.242016e-03
  5.2285e+01     3.029729e-03
  5.2571e+01     2.829948e-03
  5.2857e+01     2.642124e-03
  5.3142e+01     2.465702e-03
  5.3428e+01     2.300135e-03
  5.3714e+01     2.144877e-03
  5.4000e+01     1.999397e-03
  5.4285e+01     1.863173e-03
  5.4571e+01     1.735700e-03
  5.4857e+01     1.616486e-03
  5.5142e+01     1.505060e-03
  5.5428e+01     1.400968e-03
  5.5714e+01     1.303773e-03
  5.6000e+01     1.213061e-03
  5.6285e+01     1.128434e-03
  5.6571e+01     1.049515e-03
  5.6857e+01     9.759459e-04
  5.7142e+01     9.073874e-04
  5.7428e+01     8.435183e-04
  5.7714e+01     7.840352e-04
  5.8000e+01     7.286521e-04
  5.8285e+01     6.770994e-04
  5.8571e+01     6.291233e-04
  5.8857e+01     5.844856e-04
  5.9142e+01     5.429624e-04
  5.9428e+01     5.043436e-04
  5.9714e+01     4.684323e-04
