# Epidemic | total  7 days incidence [ x-unit: transmission cycles | y-unit: ]
  1.1428e+00     6.501107e-06
  1.4285e+00     5.333077e-06
  1.7142e+00     4.374901e-06
  2.0000e+00     3.588875e-06
  2.2857e+00     2.944071e-06
  2.5714e+00     2.415117e-06
  2.8571e+00     1.981198e-06
  3.1428e+00     1.625240e-06
  3.4285e+00     1.333236e-06
  3.7142e+00     1.093696e-06
  4.0000e+00     8.971931e-07
  4.2857e+00     7.359958e-07
  4.5714e+00     6.037605e-07
  4.8571e+00     4.952837e-07
  5.1428e+00     4.062967e-07
  5.4285e+00     3.332979e-07
  5.7142e+00     2.734147e-07
  6.0000e+00     2.242906e-07
  6.2857e+00     1.839926e-07
  6.5714e+00     1.509349e-07
  6.8571e+00     1.238166e-07
  7.1428e+00     1.015706e-07
  7.4285e+00     8.332155e-08
  7.7142e+00     6.835126e-08
  8.0000e+00     5.607067e-08
  8.2857e+00     4.599652e-08
  8.5714e+00     3.773238e-08
  8.8571e+00     3.095305e-08
  9.1428e+00     2.539175e-08
  9.4285e+00     2.082964e-08
  9.7142e+00     1.708720e-08
  1.0000e+01     1.401717e-08
  1.0285e+01     1.149872e-08
  1.0571e+01     9.432757e-09
  1.0857e+01     7.737984e-09
  1.1142e+01     6.347710e-09
  1.1428e+01     5.207224e-09
  1.1714e+01     4.271648e-09
  1.2000e+01     3.504166e-09
  1.2285e+01     2.874576e-09
  1.2571e+01     2.358105e-09
  1.2857e+01     1.934427e-09
  1.3142e+01     1.586870e-09
  1.3428e+01     1.301759e-09
  1.3714e+01     1.067874e-09
  1.4000e+01     8.760101e-10
  1.4285e+01     7.186183e-10
  1.4571e+01     5.895050e-10
  1.4857e+01     4.835893e-10
  1.5142e+01     3.967034e-10
  1.5428e+01     3.254281e-10
  1.5714e+01     2.669588e-10
  1.6000e+01     2.189947e-10
  1.6285e+01     1.796481e-10
  1.6571e+01     1.473710e-10
  1.6857e+01     1.208930e-10
  1.7142e+01     9.917229e-11
  1.7428e+01     8.135412e-11
  1.7714e+01     6.673732e-11
  1.8000e+01     5.474670e-11
  1.8285e+01     4.491042e-11
  1.8571e+01     3.684142e-11
  1.8857e+01     3.022216e-11
  1.9142e+01     2.479218e-11
  1.9428e+01     2.033780e-11
  1.9714e+01     1.668373e-11
  2.0000e+01     1.368618e-11
  2.0285e+01     1.122720e-11
  2.0571e+01     9.210024e-12
  2.0857e+01     7.555270e-12
  2.1142e+01     6.197823e-12
  2.1428e+01     5.084267e-12
  2.1714e+01     4.170783e-12
  2.2000e+01     3.421423e-12
  2.2285e+01     2.806700e-12
  2.2571e+01     2.302423e-12
  2.2857e+01     1.888750e-12
  2.3142e+01     1.549400e-12
  2.3428e+01     1.271021e-12
  2.3714e+01     1.042658e-12
  2.4000e+01     8.553251e-13
  2.4285e+01     7.016498e-13
  2.4571e+01     5.755852e-13
  2.4857e+01     4.721705e-13
  2.5142e+01     3.873361e-13
  2.5428e+01     3.177439e-13
  2.5714e+01     2.606552e-13
  2.6000e+01     2.138236e-13
  2.6285e+01     1.754062e-13
  2.6571e+01     1.438911e-13
  2.6857e+01     1.180384e-13
  2.7142e+01     9.683056e-14
  2.7428e+01     7.943312e-14
  2.7714e+01     6.516147e-14
  2.8000e+01     5.345398e-14
  2.8285e+01     4.384997e-14
  2.8571e+01     3.597149e-14
  2.8857e+01     2.950854e-14
  2.9142e+01     2.420677e-14
  2.9428e+01     1.985757e-14
  2.9714e+01     1.628978e-14
  3.0000e+01     1.336302e-14
  3.0285e+01     1.096210e-14
  3.0571e+01     8.992550e-15
  3.0857e+01     7.376869e-15
  3.1142e+01     6.051476e-15
  3.1428e+01     4.964214e-15
  3.1714e+01     4.072299e-15
  3.2000e+01     3.340634e-15
  3.2285e+01     2.740426e-15
  3.2571e+01     2.248057e-15
  3.2857e+01     1.844151e-15
  3.3142e+01     1.512815e-15
  3.3428e+01     1.241009e-15
  3.3714e+01     1.018038e-15
  3.4000e+01     8.351285e-16
  3.4285e+01     6.850819e-16
  3.4571e+01     5.619941e-16
  3.4857e+01     4.610212e-16
  3.5142e+01     3.781901e-16
  3.5428e+01     3.102411e-16
  3.5714e+01     2.545004e-16
  3.6000e+01     2.087746e-16
  3.6285e+01     1.712643e-16
  3.6571e+01     1.404935e-16
  3.6857e+01     1.152512e-16
  3.7142e+01     9.454413e-17
  3.7428e+01     7.755749e-17
  3.7714e+01     6.362283e-17
  3.8000e+01     5.219179e-17
  3.8285e+01     4.281455e-17
  3.8571e+01     3.512211e-17
  3.8857e+01     2.881176e-17
  3.9142e+01     2.363518e-17
  3.9428e+01     1.938868e-17
  3.9714e+01     1.590514e-17
  4.0000e+01     1.304748e-17
  4.0285e+01     1.070325e-17
  4.0571e+01     8.780212e-18
  4.0857e+01     7.202681e-18
  4.1142e+01     5.908584e-18
  4.1428e+01     4.846995e-18
  4.1714e+01     3.976141e-18
  4.2000e+01     3.261753e-18
  4.2285e+01     2.675717e-18
  4.2571e+01     2.194974e-18
  4.2857e+01     1.800606e-18
  4.3142e+01     1.477093e-18
  4.3428e+01     1.211705e-18
  4.3714e+01     9.939996e-19
  4.4000e+01     8.154089e-19
  4.4285e+01     6.689053e-19
  4.4571e+01     5.487238e-19
  4.4857e+01     4.501353e-19
  4.5142e+01     3.692600e-19
  4.5428e+01     3.029155e-19
  4.5714e+01     2.484910e-19
  4.6000e+01     2.038449e-19
  4.6285e+01     1.672203e-19
  4.6571e+01     1.371760e-19
  4.6857e+01     1.125298e-19
  4.7142e+01     9.231168e-20
  4.7428e+01     7.572615e-20
  4.7714e+01     6.212052e-20
  4.8000e+01     5.095940e-20
  4.8285e+01     4.180358e-20
  4.8571e+01     3.429278e-20
  4.8857e+01     2.813143e-20
  4.9142e+01     2.307709e-20
  4.9428e+01     1.893086e-20
  4.9714e+01     1.552957e-20
  5.0000e+01     1.273939e-20
  5.0285e+01     1.045052e-20
  5.0571e+01     8.572887e-21
  5.0857e+01     7.032606e-21
  5.1142e+01     5.769066e-21
  5.1428e+01     4.732545e-21
  5.1714e+01     3.882254e-21
  5.2000e+01     3.184734e-21
  5.2285e+01     2.612536e-21
  5.2571e+01     2.143145e-21
  5.2857e+01     1.758088e-21
  5.3142e+01     1.442215e-21
  5.3428e+01     1.183094e-21
  5.3714e+01     9.705286e-22
  5.4000e+01     7.961548e-22
  5.4285e+01     6.531106e-22
  5.4571e+01     5.357670e-22
  5.4857e+01     4.395063e-22
  5.5142e+01     3.605407e-22
  5.5428e+01     2.957628e-22
  5.5714e+01     2.426234e-22
  5.6000e+01     1.990316e-22
  5.6285e+01     1.632718e-22
  5.6571e+01     1.339369e-22
  5.6857e+01     1.098726e-22
  5.7142e+01     9.013195e-23
  5.7428e+01     7.393805e-23
  5.7714e+01     6.065368e-23
  5.8000e+01     4.975611e-23
  5.8285e+01     4.081648e-23
  5.8571e+01     3.348303e-23
  5.8857e+01     2.746717e-23
  5.9142e+01     2.253218e-23
  5.9428e+01     1.848385e-23
  5.9714e+01     1.516288e-23
