# Epidemic | total  7 days incidence [ x-unit: transmission cycles | y-unit: ]
  1.1428e+00     1.740802e-05
  1.4285e+00     2.194679e-05
  1.7142e+00     2.766887e-05
  2.0000e+00     3.488275e-05
  2.2857e+00     4.397727e-05
  2.5714e+00     5.544263e-05
  2.8571e+00     6.989671e-05
  3.1428e+00     8.811835e-05
  3.4285e+00     1.110892e-04
  3.7142e+00     1.400465e-04
  4.0000e+00     1.765493e-04
  4.2857e+00     2.225622e-04
  4.5714e+00     2.805603e-04
  4.8571e+00     3.536618e-04
  5.1428e+00     4.457931e-04
  5.4285e+00     5.618981e-04
  5.7142e+00     7.081993e-04
  6.0000e+00     8.925244e-04
  6.2857e+00     1.124716e-03
  6.5714e+00     1.417140e-03
  6.8571e+00     1.785319e-03
  7.1428e+00     2.248718e-03
  7.4285e+00     2.831707e-03
  7.7142e+00     3.564744e-03
  8.0000e+00     4.485802e-03
  8.2857e+00     5.642091e-03
  8.5714e+00     7.092073e-03
  8.8571e+00     8.907793e-03
  9.1428e+00     1.117748e-02
  9.4285e+00     1.400826e-02
  9.7142e+00     1.752888e-02
  1.0000e+01     2.189175e-02
  1.0285e+01     2.727383e-02
  1.0571e+01     3.387502e-02
  1.0857e+01     4.191224e-02
  1.1142e+01     5.160673e-02
  1.1428e+01     6.316096e-02
  1.1714e+01     7.672102e-02
  1.2000e+01     9.232022e-02
  1.2285e+01     1.098011e-01
  1.2571e+01     1.287182e-01
  1.2857e+01     1.482331e-01
  1.3142e+01     1.670304e-01
  1.3428e+01     1.833038e-01
  1.3714e+01     1.948787e-01
  1.4000e+01     1.995335e-01
  1.4285e+01     1.955278e-01
  1.4571e+01     1.822331e-01
  1.4857e+01     1.606193e-01
  1.5142e+01     1.332902e-01
  1.5428e+01     1.038984e-01
  1.5714e+01     7.611064e-02
  1.6000e+01     5.259931e-02
  1.6285e+01     3.453988e-02
  1.6571e+01     2.175816e-02
  1.6857e+01     1.328557e-02
  1.7142e+01     7.937751e-03
  1.7428e+01     4.675480e-03
  1.7714e+01     2.729489e-03
  1.8000e+01     1.584847e-03
  1.8285e+01     9.172705e-04
  1.8571e+01     5.298933e-04
  1.8857e+01     3.057753e-04
  1.9142e+01     1.763356e-04
  1.9428e+01     1.016524e-04
  1.9714e+01     5.858719e-05
  2.0000e+01     3.376250e-05
  2.0285e+01     1.945521e-05
  2.0571e+01     1.121036e-05
  2.0857e+01     6.459409e-06
  2.1142e+01     3.721862e-06
  2.1428e+01     2.144491e-06
  2.1714e+01     1.235624e-06
  2.2000e+01     7.119466e-07
  2.2285e+01     4.102115e-07
  2.2571e+01     2.363566e-07
  2.2857e+01     1.361845e-07
  2.3142e+01     7.846702e-08
  2.3428e+01     4.521127e-08
  2.3714e+01     2.604991e-08
  2.4000e+01     1.500948e-08
  2.4285e+01     8.648191e-09
  2.4571e+01     4.982930e-09
  2.4857e+01     2.871073e-09
  2.5142e+01     1.654260e-09
  2.5428e+01     9.531542e-10
  2.5714e+01     5.491900e-10
  2.6000e+01     3.164333e-10
  2.6285e+01     1.823231e-10
  2.6571e+01     1.050512e-10
  2.6857e+01     6.052859e-11
  2.7142e+01     3.487546e-11
  2.7428e+01     2.009460e-11
  2.7714e+01     1.157814e-11
  2.8000e+01     6.671115e-12
  2.8285e+01     3.843774e-12
  2.8571e+01     2.214712e-12
  2.8857e+01     1.276077e-12
  2.9142e+01     7.352521e-13
  2.9428e+01     4.236388e-13
  2.9714e+01     2.440929e-13
  3.0000e+01     1.406419e-13
  3.0285e+01     8.103529e-14
  3.0571e+01     4.669105e-14
  3.0857e+01     2.690253e-14
  3.1142e+01     1.550075e-14
  3.1428e+01     8.931246e-15
  3.1714e+01     5.146021e-15
  3.2000e+01     2.965043e-15
  3.2285e+01     1.708404e-15
  3.2571e+01     9.843509e-16
  3.2857e+01     5.671650e-16
  3.3142e+01     3.267901e-16
  3.3428e+01     1.882905e-16
  3.3714e+01     1.084895e-16
  3.4000e+01     6.250968e-17
  3.4285e+01     3.601694e-17
  3.4571e+01     2.075230e-17
  3.4857e+01     1.195710e-17
  3.5142e+01     6.889460e-18
  3.5428e+01     3.969581e-18
  3.5714e+01     2.287200e-18
  3.6000e+01     1.317843e-18
  3.6285e+01     7.593169e-19
  3.6571e+01     4.375045e-19
  3.6857e+01     2.520821e-19
  3.7142e+01     1.452451e-19
  3.7428e+01     8.368757e-20
  3.7714e+01     4.821925e-20
  3.8000e+01     2.778305e-20
  3.8285e+01     1.600808e-20
  3.8571e+01     9.223565e-21
  3.8857e+01     5.314450e-21
  3.9142e+01     3.062089e-21
  3.9428e+01     1.764319e-21
  3.9714e+01     1.016569e-21
  4.0000e+01     5.857283e-22
  4.0285e+01     3.374859e-22
  4.0571e+01     1.944532e-22
  4.0857e+01     1.120404e-22
  4.1142e+01     6.455562e-23
  4.1428e+01     3.719577e-23
  4.1714e+01     2.143152e-23
  4.2000e+01     1.234845e-23
  4.2285e+01     7.114951e-24
  4.2571e+01     4.099505e-24
  4.2857e+01     2.362060e-24
  4.3142e+01     1.360976e-24
  4.3428e+01     7.841693e-25
  4.3714e+01     4.518240e-25
  4.4000e+01     2.603327e-25
  4.4285e+01     1.499990e-25
  4.4571e+01     8.642665e-26
  4.4857e+01     4.979746e-26
  4.5142e+01     2.869238e-26
  4.5428e+01     1.653203e-26
  4.5714e+01     9.525452e-27
  4.6000e+01     5.488391e-27
  4.6285e+01     3.162311e-27
  4.6571e+01     1.822066e-27
  4.6857e+01     1.049841e-27
  4.7142e+01     6.048991e-28
  4.7428e+01     3.485318e-28
  4.7714e+01     2.008177e-28
  4.8000e+01     1.157075e-28
  4.8285e+01     6.666852e-29
  4.8571e+01     3.841318e-29
  4.8857e+01     2.213297e-29
  4.9142e+01     1.275261e-29
  4.9428e+01     7.347823e-30
  4.9714e+01     4.233681e-30
  5.0000e+01     2.439370e-30
  5.0285e+01     1.405520e-30
  5.0571e+01     8.098351e-31
  5.0857e+01     4.666122e-31
  5.1142e+01     2.688534e-31
  5.1428e+01     1.549084e-31
  5.1714e+01     8.925539e-32
  5.2000e+01     5.142733e-32
  5.2285e+01     2.963148e-32
  5.2571e+01     1.707312e-32
  5.2857e+01     9.837219e-33
  5.3142e+01     5.668026e-33
  5.3428e+01     3.265813e-33
  5.3714e+01     1.881702e-33
  5.4000e+01     1.084202e-33
  5.4285e+01     6.246974e-34
  5.4571e+01     3.599392e-34
  5.4857e+01     2.073904e-34
  5.5142e+01     1.194946e-34
  5.5428e+01     6.885058e-35
  5.5714e+01     3.967044e-35
  5.6000e+01     2.285738e-35
  5.6285e+01     1.317001e-35
  5.6571e+01     7.588317e-36
  5.6857e+01     4.372250e-36
  5.7142e+01     2.519210e-36
  5.7428e+01     1.451523e-36
  5.7714e+01     8.363409e-37
  5.8000e+01     4.818843e-37
  5.8285e+01     2.776529e-37
  5.8571e+01     1.599786e-37
  5.8857e+01     9.217672e-38
  5.9142e+01     5.311054e-38
  5.9428e+01     3.060132e-38
  5.9714e+01     1.763192e-38
