# Epidemic | total  7 days incidence [ x-unit: transmission cycles | y-unit: ]
  1.1428e+00     1.600757e-05
  1.4285e+00     1.951336e-05
  1.7142e+00     2.378690e-05
  2.0000e+00     2.899630e-05
  2.2857e+00     3.534646e-05
  2.5714e+00     4.308713e-05
  2.8571e+00     5.252274e-05
  3.1428e+00     6.402427e-05
  3.4285e+00     7.804390e-05
  3.7142e+00     9.513268e-05
  4.0000e+00     1.159621e-04
  4.2857e+00     1.413504e-04
  4.5714e+00     1.722945e-04
  4.8571e+00     2.100090e-04
  5.1428e+00     2.559733e-04
  5.4285e+00     3.119893e-04
  5.7142e+00     3.802508e-04
  6.0000e+00     4.634288e-04
  6.2857e+00     5.647738e-04
  6.5714e+00     6.882399e-04
  6.8571e+00     8.386357e-04
  7.1428e+00     1.021805e-03
  7.4285e+00     1.244845e-03
  7.7142e+00     1.516370e-03
  8.0000e+00     1.846820e-03
  8.2857e+00     2.248839e-03
  8.5714e+00     2.737712e-03
  8.8571e+00     3.331886e-03
  9.1428e+00     4.053569e-03
  9.4285e+00     4.929427e-03
  9.7142e+00     5.991362e-03
  1.0000e+01     7.277378e-03
  1.0285e+01     8.832504e-03
  1.0571e+01     1.070973e-02
  1.0857e+01     1.297087e-02
  1.1142e+01     1.568725e-02
  1.1428e+01     1.893999e-02
  1.1714e+01     2.281963e-02
  1.2000e+01     2.742459e-02
  1.2285e+01     3.285806e-02
  1.2571e+01     3.922237e-02
  1.2857e+01     4.661009e-02
  1.3142e+01     5.509076e-02
  1.3428e+01     6.469222e-02
  1.3714e+01     7.537614e-02
  1.4000e+01     8.700789e-02
  1.4285e+01     9.932308e-02
  1.4571e+01     1.118956e-01
  1.4857e+01     1.241157e-01
  1.5142e+01     1.351915e-01
  1.5428e+01     1.441876e-01
  1.5714e+01     1.501159e-01
  1.6000e+01     1.520798e-01
  1.6285e+01     1.494577e-01
  1.6571e+01     1.420831e-01
  1.6857e+01     1.303613e-01
  1.7142e+01     1.152626e-01
  1.7428e+01     9.816815e-02
  1.7714e+01     8.060037e-02
  1.8000e+01     6.392726e-02
  1.8285e+01     4.913815e-02
  1.8571e+01     3.675446e-02
  1.8857e+01     2.687354e-02
  1.9142e+01     1.929406e-02
  1.9428e+01     1.365843e-02
  1.9714e+01     9.567234e-03
  2.0000e+01     6.649868e-03
  2.0285e+01     4.596518e-03
  2.0571e+01     3.164754e-03
  2.0857e+01     2.172991e-03
  2.1142e+01     1.489180e-03
  2.1428e+01     1.019210e-03
  2.1714e+01     6.969262e-04
  2.2000e+01     4.762548e-04
  2.2285e+01     3.253169e-04
  2.2571e+01     2.221505e-04
  2.2857e+01     1.516705e-04
  2.3142e+01     1.035371e-04
  2.3428e+01     7.067243e-05
  2.3714e+01     4.823660e-05
  2.4000e+01     3.292186e-05
  2.4285e+01     2.246877e-05
  2.4571e+01     1.533435e-05
  2.4857e+01     1.046515e-05
  2.5142e+01     7.142028e-06
  2.5428e+01     4.874104e-06
  2.5714e+01     3.326336e-06
  2.6000e+01     2.270054e-06
  2.6285e+01     1.549192e-06
  2.6571e+01     1.057240e-06
  2.6857e+01     7.215092e-07
  2.7142e+01     4.923905e-07
  2.7428e+01     3.360294e-07
  2.7714e+01     2.293215e-07
  2.8000e+01     1.564992e-07
  2.8285e+01     1.068020e-07
  2.8571e+01     7.288647e-08
  2.8857e+01     4.974096e-08
  2.9142e+01     3.394544e-08
  2.9428e+01     2.316587e-08
  2.9714e+01     1.580942e-08
  3.0000e+01     1.078905e-08
  3.0285e+01     7.362925e-09
  3.0571e+01     5.024786e-09
  3.0857e+01     3.429137e-09
  3.1142e+01     2.340195e-09
  3.1428e+01     1.597053e-09
  3.1714e+01     1.089900e-09
  3.2000e+01     7.437958e-10
  3.2285e+01     5.075992e-10
  3.2571e+01     3.464082e-10
  3.2857e+01     2.364043e-10
  3.3142e+01     1.613328e-10
  3.3428e+01     1.101006e-10
  3.3714e+01     7.513755e-11
  3.4000e+01     5.127719e-11
  3.4285e+01     3.499383e-11
  3.4571e+01     2.388134e-11
  3.4857e+01     1.629768e-11
  3.5142e+01     1.112226e-11
  3.5428e+01     7.590325e-12
  3.5714e+01     5.179974e-12
  3.6000e+01     3.535044e-12
  3.6285e+01     2.412470e-12
  3.6571e+01     1.646377e-12
  3.6857e+01     1.123560e-12
  3.7142e+01     7.667674e-13
  3.7428e+01     5.232761e-13
  3.7714e+01     3.571068e-13
  3.8000e+01     2.437055e-13
  3.8285e+01     1.663154e-13
  3.8571e+01     1.135010e-13
  3.8857e+01     7.745812e-14
  3.9142e+01     5.286086e-14
  3.9428e+01     3.607459e-14
  3.9714e+01     2.461890e-14
  4.0000e+01     1.680103e-14
  4.0285e+01     1.146577e-14
  4.0571e+01     7.824747e-15
  4.0857e+01     5.339954e-15
  4.1142e+01     3.644221e-15
  4.1428e+01     2.486978e-15
  4.1714e+01     1.697224e-15
  4.2000e+01     1.158261e-15
  4.2285e+01     7.904486e-16
  4.2571e+01     5.394371e-16
  4.2857e+01     3.681358e-16
  4.3142e+01     2.512322e-16
  4.3428e+01     1.714520e-16
  4.3714e+01     1.170064e-16
  4.4000e+01     7.985037e-17
  4.4285e+01     5.449343e-17
  4.4571e+01     3.718873e-17
  4.4857e+01     2.537924e-17
  4.5142e+01     1.731992e-17
  4.5428e+01     1.181988e-17
  4.5714e+01     8.066409e-18
  4.6000e+01     5.504875e-18
  4.6285e+01     3.756771e-18
  4.6571e+01     2.563787e-18
  4.6857e+01     1.749642e-18
  4.7142e+01     1.194033e-18
  4.7428e+01     8.148610e-19
  4.7714e+01     5.560973e-19
  4.8000e+01     3.795054e-19
  4.8285e+01     2.589913e-19
  4.8571e+01     1.767472e-19
  4.8857e+01     1.206201e-19
  4.9142e+01     8.231650e-20
  4.9428e+01     5.617642e-20
  4.9714e+01     3.833728e-20
  5.0000e+01     2.616306e-20
  5.0285e+01     1.785483e-20
  5.0571e+01     1.218493e-20
  5.0857e+01     8.315535e-21
  5.1142e+01     5.674889e-21
  5.1428e+01     3.872796e-21
  5.1714e+01     2.642968e-21
  5.2000e+01     1.803678e-21
  5.2285e+01     1.230910e-21
  5.2571e+01     8.400275e-22
  5.2857e+01     5.732720e-22
  5.3142e+01     3.912262e-22
  5.3428e+01     2.669901e-22
  5.3714e+01     1.822059e-22
  5.4000e+01     1.243454e-22
  5.4285e+01     8.485879e-23
  5.4571e+01     5.791140e-23
  5.4857e+01     3.952130e-23
  5.5142e+01     2.697109e-23
  5.5428e+01     1.840627e-23
  5.5714e+01     1.256125e-23
  5.6000e+01     8.572355e-24
  5.6285e+01     5.850155e-24
  5.6571e+01     3.992405e-24
  5.6857e+01     2.724594e-24
  5.7142e+01     1.859384e-24
  5.7428e+01     1.268926e-24
  5.7714e+01     8.659712e-25
  5.8000e+01     5.909771e-25
  5.8285e+01     4.033090e-25
  5.8571e+01     2.752359e-25
  5.8857e+01     1.878332e-25
  5.9142e+01     1.281857e-25
  5.9428e+01     8.747960e-26
  5.9714e+01     5.969995e-26
