# Epidemic | infected members [ x-unit: transmission cycles | y-unit: ]
  0.0000e+00     1.000000e-05
  2.8571e-01     1.410931e-05
  5.7143e-01     1.944839e-05
  8.5714e-01     2.638523e-05
  1.1428e+00     3.539797e-05
  1.4285e+00     4.710781e-05
  1.7142e+00     6.232181e-05
  2.0000e+00     8.208849e-05
  2.2857e+00     1.077701e-04
  2.5714e+00     1.411363e-04
  2.8571e+00     1.844861e-04
  3.1428e+00     2.408061e-04
  3.4285e+00     3.139758e-04
  3.7142e+00     4.090340e-04
  4.0000e+00     5.325255e-04
  4.2857e+00     6.929491e-04
  4.5714e+00     9.013405e-04
  4.8571e+00     1.172026e-03
  5.1428e+00     1.523600e-03
  5.4285e+00     1.980186e-03
  5.7142e+00     2.573075e-03
  6.0000e+00     3.342821e-03
  6.2857e+00     4.341961e-03
  6.5714e+00     5.638478e-03
  6.8571e+00     7.320250e-03
  7.1428e+00     9.500687e-03
  7.4285e+00     1.232585e-02
  7.7142e+00     1.598337e-02
  8.0000e+00     2.071338e-02
  8.2857e+00     2.682187e-02
  8.5714e+00     3.469634e-02
  8.8571e+00     4.482353e-02
  9.1428e+00     5.780829e-02
  9.4285e+00     7.439126e-02
  9.7142e+00     9.546125e-02
  1.0000e+01     1.220551e-01
  1.0285e+01     1.553331e-01
  1.0571e+01     1.965140e-01
  1.0857e+01     2.467458e-01
  1.1142e+01     3.068896e-01
  1.1428e+01     3.771981e-01
  1.1714e+01     4.569030e-01
  1.2000e+01     5.437817e-01
  1.2285e+01     6.338748e-01
  1.2571e+01     7.216209e-01
  1.2857e+01     8.006820e-01
  1.3142e+01     8.654966e-01
  1.3428e+01     9.130663e-01
  1.3714e+01     9.439615e-01
  1.4000e+01     9.617043e-01
  1.4285e+01     9.708523e-01
  1.4571e+01     9.752092e-01
  1.4857e+01     9.771859e-01
  1.5142e+01     9.780600e-01
  1.5428e+01     9.784417e-01
  1.5714e+01     9.786076e-01
  1.6000e+01     9.786794e-01
  1.6285e+01     9.787105e-01
  1.6571e+01     9.787240e-01
  1.6857e+01     9.787298e-01
  1.7142e+01     9.787323e-01
  1.7428e+01     9.787334e-01
  1.7714e+01     9.787339e-01
  1.8000e+01     9.787341e-01
  1.8285e+01     9.787342e-01
  1.8571e+01     9.787342e-01
  1.8857e+01     9.787342e-01
  1.9142e+01     9.787342e-01
  1.9428e+01     9.787342e-01
  1.9714e+01     9.787342e-01
  2.0000e+01     9.787342e-01
  2.0285e+01     9.787342e-01
  2.0571e+01     9.787342e-01
  2.0857e+01     9.787342e-01
  2.1142e+01     9.787342e-01
  2.1428e+01     9.787342e-01
  2.1714e+01     9.787342e-01
  2.2000e+01     9.787342e-01
  2.2285e+01     9.787342e-01
  2.2571e+01     9.787342e-01
  2.2857e+01     9.787342e-01
  2.3142e+01     9.787342e-01
  2.3428e+01     9.787342e-01
  2.3714e+01     9.787342e-01
  2.4000e+01     9.787342e-01
  2.4285e+01     9.787342e-01
  2.4571e+01     9.787342e-01
  2.4857e+01     9.787342e-01
  2.5142e+01     9.787342e-01
  2.5428e+01     9.787342e-01
  2.5714e+01     9.787342e-01
  2.6000e+01     9.787342e-01
  2.6285e+01     9.787342e-01
  2.6571e+01     9.787342e-01
  2.6857e+01     9.787342e-01
  2.7142e+01     9.787342e-01
  2.7428e+01     9.787342e-01
  2.7714e+01     9.787342e-01
  2.8000e+01     9.787342e-01
  2.8285e+01     9.787342e-01
  2.8571e+01     9.787342e-01
  2.8857e+01     9.787342e-01
  2.9142e+01     9.787342e-01
  2.9428e+01     9.787342e-01
  2.9714e+01     9.787342e-01
  3.0000e+01     9.787342e-01
  3.0285e+01     9.787342e-01
  3.0571e+01     9.787342e-01
  3.0857e+01     9.787342e-01
  3.1142e+01     9.787342e-01
  3.1428e+01     9.787342e-01
  3.1714e+01     9.787342e-01
  3.2000e+01     9.787342e-01
  3.2285e+01     9.787342e-01
  3.2571e+01     9.787342e-01
  3.2857e+01     9.787342e-01
  3.3142e+01     9.787342e-01
  3.3428e+01     9.787342e-01
  3.3714e+01     9.787342e-01
  3.4000e+01     9.787342e-01
  3.4285e+01     9.787342e-01
  3.4571e+01     9.787342e-01
  3.4857e+01     9.787342e-01
  3.5142e+01     9.787342e-01
  3.5428e+01     9.787342e-01
  3.5714e+01     9.787342e-01
  3.6000e+01     9.787342e-01
  3.6285e+01     9.787342e-01
  3.6571e+01     9.787342e-01
  3.6857e+01     9.787342e-01
  3.7142e+01     9.787342e-01
  3.7428e+01     9.787342e-01
  3.7714e+01     9.787342e-01
  3.8000e+01     9.787342e-01
  3.8285e+01     9.787342e-01
  3.8571e+01     9.787342e-01
  3.8857e+01     9.787342e-01
  3.9142e+01     9.787342e-01
  3.9428e+01     9.787342e-01
  3.9714e+01     9.787342e-01
  4.0000e+01     9.787342e-01
  4.0285e+01     9.787342e-01
  4.0571e+01     9.787342e-01
  4.0857e+01     9.787342e-01
  4.1142e+01     9.787342e-01
  4.1428e+01     9.787342e-01
  4.1714e+01     9.787342e-01
  4.2000e+01     9.787342e-01
  4.2285e+01     9.787342e-01
  4.2571e+01     9.787342e-01
  4.2857e+01     9.787342e-01
  4.3142e+01     9.787342e-01
  4.3428e+01     9.787342e-01
  4.3714e+01     9.787342e-01
  4.4000e+01     9.787342e-01
  4.4285e+01     9.787342e-01
  4.4571e+01     9.787342e-01
  4.4857e+01     9.787342e-01
  4.5142e+01     9.787342e-01
  4.5428e+01     9.787342e-01
  4.5714e+01     9.787342e-01
  4.6000e+01     9.787342e-01
  4.6285e+01     9.787342e-01
  4.6571e+01     9.787342e-01
  4.6857e+01     9.787342e-01
  4.7142e+01     9.787342e-01
  4.7428e+01     9.787342e-01
  4.7714e+01     9.787342e-01
  4.8000e+01     9.787342e-01
  4.8285e+01     9.787342e-01
  4.8571e+01     9.787342e-01
  4.8857e+01     9.787342e-01
  4.9142e+01     9.787342e-01
  4.9428e+01     9.787342e-01
  4.9714e+01     9.787342e-01
  5.0000e+01     9.787342e-01
  5.0285e+01     9.787342e-01
  5.0571e+01     9.787342e-01
  5.0857e+01     9.787342e-01
  5.1142e+01     9.787342e-01
  5.1428e+01     9.787342e-01
  5.1714e+01     9.787342e-01
  5.2000e+01     9.787342e-01
  5.2285e+01     9.787342e-01
  5.2571e+01     9.787342e-01
  5.2857e+01     9.787342e-01
  5.3142e+01     9.787342e-01
  5.3428e+01     9.787342e-01
  5.3714e+01     9.787342e-01
  5.4000e+01     9.787342e-01
  5.4285e+01     9.787342e-01
  5.4571e+01     9.787342e-01
  5.4857e+01     9.787342e-01
  5.5142e+01     9.787342e-01
  5.5428e+01     9.787342e-01
  5.5714e+01     9.787342e-01
  5.6000e+01     9.787342e-01
  5.6285e+01     9.787342e-01
  5.6571e+01     9.787342e-01
  5.6857e+01     9.787342e-01
  5.7142e+01     9.787342e-01
  5.7428e+01     9.787342e-01
  5.7714e+01     9.787342e-01
  5.8000e+01     9.787342e-01
  5.8285e+01     9.787342e-01
  5.8571e+01     9.787342e-01
  5.8857e+01     9.787342e-01
  5.9142e+01     9.787342e-01
  5.9428e+01     9.787342e-01
  5.9714e+01     9.787342e-01
