# Epidemic | infected members [ x-unit: transmission cycles | y-unit: ]
  0.0000e+00     1.000000e-05
  2.8571e-01     1.350082e-05
  5.7143e-01     1.687058e-05
  8.5714e-01     2.011420e-05
  1.1428e+00     2.323639e-05
  1.4285e+00     2.624170e-05
  1.7142e+00     2.913449e-05
  2.0000e+00     3.191899e-05
  2.2857e+00     3.459923e-05
  2.5714e+00     3.717912e-05
  2.8571e+00     3.966243e-05
  3.1428e+00     4.205275e-05
  3.4285e+00     4.435358e-05
  3.7142e+00     4.656825e-05
  4.0000e+00     4.870000e-05
  4.2857e+00     5.075193e-05
  4.5714e+00     5.272703e-05
  4.8571e+00     5.462817e-05
  5.1428e+00     5.645812e-05
  5.4285e+00     5.821955e-05
  5.7142e+00     5.991501e-05
  6.0000e+00     6.154699e-05
  6.2857e+00     6.311785e-05
  6.5714e+00     6.462989e-05
  6.8571e+00     6.608531e-05
  7.1428e+00     6.748622e-05
  7.4285e+00     6.883467e-05
  7.7142e+00     7.013262e-05
  8.0000e+00     7.138196e-05
  8.2857e+00     7.258452e-05
  8.5714e+00     7.374204e-05
  8.8571e+00     7.485620e-05
  9.1428e+00     7.592865e-05
  9.4285e+00     7.696092e-05
  9.7142e+00     7.795454e-05
  1.0000e+01     7.891094e-05
  1.0285e+01     7.983153e-05
  1.0571e+01     8.071763e-05
  1.0857e+01     8.157055e-05
  1.1142e+01     8.239153e-05
  1.1428e+01     8.318176e-05
  1.1714e+01     8.394239e-05
  1.2000e+01     8.467453e-05
  1.2285e+01     8.537925e-05
  1.2571e+01     8.605758e-05
  1.2857e+01     8.671050e-05
  1.3142e+01     8.733896e-05
  1.3428e+01     8.794389e-05
  1.3714e+01     8.852616e-05
  1.4000e+01     8.908662e-05
  1.4285e+01     8.962609e-05
  1.4571e+01     9.014535e-05
  1.4857e+01     9.064516e-05
  1.5142e+01     9.112625e-05
  1.5428e+01     9.158933e-05
  1.5714e+01     9.203506e-05
  1.6000e+01     9.246409e-05
  1.6285e+01     9.287705e-05
  1.6571e+01     9.327455e-05
  1.6857e+01     9.365715e-05
  1.7142e+01     9.402543e-05
  1.7428e+01     9.437991e-05
  1.7714e+01     9.472112e-05
  1.8000e+01     9.504954e-05
  1.8285e+01     9.536566e-05
  1.8571e+01     9.566994e-05
  1.8857e+01     9.596283e-05
  1.9142e+01     9.624474e-05
  1.9428e+01     9.651609e-05
  1.9714e+01     9.677728e-05
  2.0000e+01     9.702869e-05
  2.0285e+01     9.727068e-05
  2.0571e+01     9.750360e-05
  2.0857e+01     9.772780e-05
  2.1142e+01     9.794361e-05
  2.1428e+01     9.815132e-05
  2.1714e+01     9.835126e-05
  2.2000e+01     9.854371e-05
  2.2285e+01     9.872895e-05
  2.2571e+01     9.890725e-05
  2.2857e+01     9.907888e-05
  2.3142e+01     9.924407e-05
  2.3428e+01     9.940308e-05
  2.3714e+01     9.955613e-05
  2.4000e+01     9.970345e-05
  2.4285e+01     9.984525e-05
  2.4571e+01     9.998173e-05
  2.4857e+01     1.001131e-04
  2.5142e+01     1.002396e-04
  2.5428e+01     1.003613e-04
  2.5714e+01     1.004784e-04
  2.6000e+01     1.005912e-04
  2.6285e+01     1.006998e-04
  2.6571e+01     1.008042e-04
  2.6857e+01     1.009048e-04
  2.7142e+01     1.010016e-04
  2.7428e+01     1.010948e-04
  2.7714e+01     1.011845e-04
  2.8000e+01     1.012708e-04
  2.8285e+01     1.013539e-04
  2.8571e+01     1.014338e-04
  2.8857e+01     1.015108e-04
  2.9142e+01     1.015849e-04
  2.9428e+01     1.016562e-04
  2.9714e+01     1.017249e-04
  3.0000e+01     1.017910e-04
  3.0285e+01     1.018546e-04
  3.0571e+01     1.019158e-04
  3.0857e+01     1.019747e-04
  3.1142e+01     1.020315e-04
  3.1428e+01     1.020861e-04
  3.1714e+01     1.021386e-04
  3.2000e+01     1.021892e-04
  3.2285e+01     1.022379e-04
  3.2571e+01     1.022847e-04
  3.2857e+01     1.023298e-04
  3.3142e+01     1.023733e-04
  3.3428e+01     1.024151e-04
  3.3714e+01     1.024553e-04
  3.4000e+01     1.024940e-04
  3.4285e+01     1.025313e-04
  3.4571e+01     1.025671e-04
  3.4857e+01     1.026017e-04
  3.5142e+01     1.026349e-04
  3.5428e+01     1.026669e-04
  3.5714e+01     1.026977e-04
  3.6000e+01     1.027273e-04
  3.6285e+01     1.027559e-04
  3.6571e+01     1.027833e-04
  3.6857e+01     1.028098e-04
  3.7142e+01     1.028352e-04
  3.7428e+01     1.028597e-04
  3.7714e+01     1.028833e-04
  3.8000e+01     1.029060e-04
  3.8285e+01     1.029278e-04
  3.8571e+01     1.029488e-04
  3.8857e+01     1.029690e-04
  3.9142e+01     1.029885e-04
  3.9428e+01     1.030073e-04
  3.9714e+01     1.030253e-04
  4.0000e+01     1.030427e-04
  4.0285e+01     1.030594e-04
  4.0571e+01     1.030755e-04
  4.0857e+01     1.030910e-04
  4.1142e+01     1.031059e-04
  4.1428e+01     1.031202e-04
  4.1714e+01     1.031340e-04
  4.2000e+01     1.031473e-04
  4.2285e+01     1.031601e-04
  4.2571e+01     1.031725e-04
  4.2857e+01     1.031843e-04
  4.3142e+01     1.031957e-04
  4.3428e+01     1.032067e-04
  4.3714e+01     1.032173e-04
  4.4000e+01     1.032275e-04
  4.4285e+01     1.032373e-04
  4.4571e+01     1.032467e-04
  4.4857e+01     1.032558e-04
  4.5142e+01     1.032645e-04
  4.5428e+01     1.032729e-04
  4.5714e+01     1.032810e-04
  4.6000e+01     1.032888e-04
  4.6285e+01     1.032963e-04
  4.6571e+01     1.033035e-04
  4.6857e+01     1.033104e-04
  4.7142e+01     1.033171e-04
  4.7428e+01     1.033236e-04
  4.7714e+01     1.033298e-04
  4.8000e+01     1.033357e-04
  4.8285e+01     1.033415e-04
  4.8571e+01     1.033470e-04
  4.8857e+01     1.033523e-04
  4.9142e+01     1.033574e-04
  4.9428e+01     1.033624e-04
  4.9714e+01     1.033671e-04
  5.0000e+01     1.033717e-04
  5.0285e+01     1.033761e-04
  5.0571e+01     1.033803e-04
  5.0857e+01     1.033844e-04
  5.1142e+01     1.033883e-04
  5.1428e+01     1.033920e-04
  5.1714e+01     1.033957e-04
  5.2000e+01     1.033992e-04
  5.2285e+01     1.034025e-04
  5.2571e+01     1.034058e-04
  5.2857e+01     1.034089e-04
  5.3142e+01     1.034119e-04
  5.3428e+01     1.034148e-04
  5.3714e+01     1.034176e-04
  5.4000e+01     1.034202e-04
  5.4285e+01     1.034228e-04
  5.4571e+01     1.034253e-04
  5.4857e+01     1.034277e-04
  5.5142e+01     1.034300e-04
  5.5428e+01     1.034322e-04
  5.5714e+01     1.034343e-04
  5.6000e+01     1.034363e-04
  5.6285e+01     1.034383e-04
  5.6571e+01     1.034402e-04
  5.6857e+01     1.034420e-04
  5.7142e+01     1.034438e-04
  5.7428e+01     1.034455e-04
  5.7714e+01     1.034471e-04
  5.8000e+01     1.034487e-04
  5.8285e+01     1.034502e-04
  5.8571e+01     1.034516e-04
  5.8857e+01     1.034530e-04
  5.9142e+01     1.034544e-04
  5.9428e+01     1.034557e-04
  5.9714e+01     1.034569e-04
