# Epidemic | infected members [ x-unit: transmission cycles | y-unit: ]
  0.0000e+00     1.000000e-05
  2.8571e-01     1.369362e-05
  5.7143e-01     1.763038e-05
  8.5714e-01     2.182631e-05
  1.1428e+00     2.629844e-05
  1.4285e+00     3.106496e-05
  1.7142e+00     3.614523e-05
  2.0000e+00     4.155991e-05
  2.2857e+00     4.733099e-05
  2.5714e+00     5.348192e-05
  2.8571e+00     6.003770e-05
  3.1428e+00     6.702495e-05
  3.4285e+00     7.447206e-05
  3.7142e+00     8.240929e-05
  4.0000e+00     9.086885e-05
  4.2857e+00     9.988512e-05
  4.5714e+00     1.094947e-04
  4.8571e+00     1.197366e-04
  5.1428e+00     1.306524e-04
  5.4285e+00     1.422864e-04
  5.7142e+00     1.546858e-04
  6.0000e+00     1.679009e-04
  6.2857e+00     1.819854e-04
  6.5714e+00     1.969963e-04
  6.8571e+00     2.129946e-04
  7.1428e+00     2.300451e-04
  7.4285e+00     2.482169e-04
  7.7142e+00     2.675836e-04
  8.0000e+00     2.882238e-04
  8.2857e+00     3.102210e-04
  8.5714e+00     3.336643e-04
  8.8571e+00     3.586486e-04
  9.1428e+00     3.852750e-04
  9.4285e+00     4.136512e-04
  9.7142e+00     4.438919e-04
  1.0000e+01     4.761195e-04
  1.0285e+01     5.104640e-04
  1.0571e+01     5.470643e-04
  1.0857e+01     5.860681e-04
  1.1142e+01     6.276326e-04
  1.1428e+01     6.719256e-04
  1.1714e+01     7.191256e-04
  1.2000e+01     7.694226e-04
  1.2285e+01     8.230191e-04
  1.2571e+01     8.801306e-04
  1.2857e+01     9.409867e-04
  1.3142e+01     1.005832e-03
  1.3428e+01     1.074926e-03
  1.3714e+01     1.148547e-03
  1.4000e+01     1.226988e-03
  1.4285e+01     1.310564e-03
  1.4571e+01     1.399609e-03
  1.4857e+01     1.494479e-03
  1.5142e+01     1.595550e-03
  1.5428e+01     1.703227e-03
  1.5714e+01     1.817937e-03
  1.6000e+01     1.940134e-03
  1.6285e+01     2.070305e-03
  1.6571e+01     2.208963e-03
  1.6857e+01     2.356656e-03
  1.7142e+01     2.513966e-03
  1.7428e+01     2.681512e-03
  1.7714e+01     2.859951e-03
  1.8000e+01     3.049982e-03
  1.8285e+01     3.252347e-03
  1.8571e+01     3.467833e-03
  1.8857e+01     3.697279e-03
  1.9142e+01     3.941570e-03
  1.9428e+01     4.201651e-03
  1.9714e+01     4.478521e-03
  2.0000e+01     4.773239e-03
  2.0285e+01     5.086931e-03
  2.0571e+01     5.420788e-03
  2.0857e+01     5.776072e-03
  2.1142e+01     6.154118e-03
  2.1428e+01     6.556343e-03
  2.1714e+01     6.984243e-03
  2.2000e+01     7.439400e-03
  2.2285e+01     7.923488e-03
  2.2571e+01     8.438273e-03
  2.2857e+01     8.985622e-03
  2.3142e+01     9.567501e-03
  2.3428e+01     1.018599e-02
  2.3714e+01     1.084326e-02
  2.4000e+01     1.154163e-02
  2.4285e+01     1.228351e-02
  2.4571e+01     1.307144e-02
  2.4857e+01     1.390809e-02
  2.5142e+01     1.479625e-02
  2.5428e+01     1.573887e-02
  2.5714e+01     1.673899e-02
  2.6000e+01     1.779983e-02
  2.6285e+01     1.892471e-02
  2.6571e+01     2.011712e-02
  2.6857e+01     2.138067e-02
  2.7142e+01     2.271911e-02
  2.7428e+01     2.413632e-02
  2.7714e+01     2.563632e-02
  2.8000e+01     2.722324e-02
  2.8285e+01     2.890135e-02
  2.8571e+01     3.067500e-02
  2.8857e+01     3.254866e-02
  2.9142e+01     3.452687e-02
  2.9428e+01     3.661424e-02
  2.9714e+01     3.881544e-02
  3.0000e+01     4.113515e-02
  3.0285e+01     4.357806e-02
  3.0571e+01     4.614885e-02
  3.0857e+01     4.885213e-02
  3.1142e+01     5.169242e-02
  3.1428e+01     5.467412e-02
  3.1714e+01     5.780145e-02
  3.2000e+01     6.107842e-02
  3.2285e+01     6.450877e-02
  3.2571e+01     6.809592e-02
  3.2857e+01     7.184294e-02
  3.3142e+01     7.575243e-02
  3.3428e+01     7.982653e-02
  3.3714e+01     8.406682e-02
  3.4000e+01     8.847424e-02
  3.4285e+01     9.304908e-02
  3.4571e+01     9.779088e-02
  3.4857e+01     1.026984e-01
  3.5142e+01     1.077694e-01
  3.5428e+01     1.130011e-01
  3.5714e+01     1.183892e-01
  3.6000e+01     1.239290e-01
  3.6285e+01     1.296144e-01
  3.6571e+01     1.354385e-01
  3.6857e+01     1.413931e-01
  3.7142e+01     1.474691e-01
  3.7428e+01     1.536566e-01
  3.7714e+01     1.599444e-01
  3.8000e+01     1.663205e-01
  3.8285e+01     1.727722e-01
  3.8571e+01     1.792859e-01
  3.8857e+01     1.858473e-01
  3.9142e+01     1.924417e-01
  3.9428e+01     1.990539e-01
  3.9714e+01     2.056683e-01
  4.0000e+01     2.122692e-01
  4.0285e+01     2.188411e-01
  4.0571e+01     2.253685e-01
  4.0857e+01     2.318361e-01
  4.1142e+01     2.382291e-01
  4.1428e+01     2.445333e-01
  4.1714e+01     2.507352e-01
  4.2000e+01     2.568222e-01
  4.2285e+01     2.627825e-01
  4.2571e+01     2.686053e-01
  4.2857e+01     2.742808e-01
  4.3142e+01     2.798006e-01
  4.3428e+01     2.851572e-01
  4.3714e+01     2.903444e-01
  4.4000e+01     2.953570e-01
  4.4285e+01     3.001912e-01
  4.4571e+01     3.048442e-01
  4.4857e+01     3.093142e-01
  4.5142e+01     3.136004e-01
  4.5428e+01     3.177033e-01
  4.5714e+01     3.216238e-01
  4.6000e+01     3.253639e-01
  4.6285e+01     3.289263e-01
  4.6571e+01     3.323143e-01
  4.6857e+01     3.355318e-01
  4.7142e+01     3.385832e-01
  4.7428e+01     3.414732e-01
  4.7714e+01     3.442069e-01
  4.8000e+01     3.467897e-01
  4.8285e+01     3.492273e-01
  4.8571e+01     3.515252e-01
  4.8857e+01     3.536894e-01
  4.9142e+01     3.557256e-01
  4.9428e+01     3.576397e-01
  4.9714e+01     3.594375e-01
  5.0000e+01     3.611247e-01
  5.0285e+01     3.627069e-01
  5.0571e+01     3.641896e-01
  5.0857e+01     3.655782e-01
  5.1142e+01     3.668777e-01
  5.1428e+01     3.680932e-01
  5.1714e+01     3.692295e-01
  5.2000e+01     3.702913e-01
  5.2285e+01     3.712828e-01
  5.2571e+01     3.722084e-01
  5.2857e+01     3.730721e-01
  5.3142e+01     3.738777e-01
  5.3428e+01     3.746288e-01
  5.3714e+01     3.753288e-01
  5.4000e+01     3.759812e-01
  5.4285e+01     3.765888e-01
  5.4571e+01     3.771546e-01
  5.4857e+01     3.776814e-01
  5.5142e+01     3.781717e-01
  5.5428e+01     3.786279e-01
  5.5714e+01     3.790524e-01
  5.6000e+01     3.794473e-01
  5.6285e+01     3.798145e-01
  5.6571e+01     3.801559e-01
  5.6857e+01     3.804734e-01
  5.7142e+01     3.807684e-01
  5.7428e+01     3.810427e-01
  5.7714e+01     3.812976e-01
  5.8000e+01     3.815344e-01
  5.8285e+01     3.817545e-01
  5.8571e+01     3.819589e-01
  5.8857e+01     3.821488e-01
  5.9142e+01     3.823252e-01
  5.9428e+01     3.824890e-01
  5.9714e+01     3.826411e-01
