# Epidemic | infected members [ x-unit: transmission cycles | y-unit: ]
  0.0000e+00     1.000000e-05
  5.7143e-02     1.073834e-05
  1.1429e-01     1.152452e-05
  1.7143e-01     1.236163e-05
  2.2857e-01     1.325298e-05
  2.8571e-01     1.420209e-05
  3.4286e-01     1.521268e-05
  4.0000e-01     1.628875e-05
  4.5714e-01     1.743454e-05
  5.1429e-01     1.865456e-05
  5.7143e-01     1.995363e-05
  6.2857e-01     2.133687e-05
  6.8571e-01     2.280972e-05
  7.4286e-01     2.437800e-05
  8.0000e-01     2.604789e-05
  8.5714e-01     2.782597e-05
  9.1429e-01     2.971925e-05
  9.7143e-01     3.173520e-05
  1.0285e+00     3.388175e-05
  1.0857e+00     3.616738e-05
  1.1428e+00     3.860109e-05
  1.2000e+00     4.119247e-05
  1.2571e+00     4.395175e-05
  1.3142e+00     4.688980e-05
  1.3714e+00     5.001819e-05
  1.4285e+00     5.334927e-05
  1.4857e+00     5.689617e-05
  1.5428e+00     6.067285e-05
  1.6000e+00     6.469422e-05
  1.6571e+00     6.897611e-05
  1.7142e+00     7.353542e-05
  1.7714e+00     7.839011e-05
  1.8285e+00     8.355932e-05
  1.8857e+00     8.906341e-05
  1.9428e+00     9.492410e-05
  2.0000e+00     1.011645e-04
  2.0571e+00     1.078091e-04
  2.1142e+00     1.148842e-04
  2.1714e+00     1.224177e-04
  2.2285e+00     1.304392e-04
  2.2857e+00     1.389804e-04
  2.3428e+00     1.480749e-04
  2.4000e+00     1.577585e-04
  2.4571e+00     1.680695e-04
  2.5142e+00     1.790484e-04
  2.5714e+00     1.907385e-04
  2.6285e+00     2.031859e-04
  2.6857e+00     2.164397e-04
  2.7428e+00     2.305519e-04
  2.8000e+00     2.455784e-04
  2.8571e+00     2.615782e-04
  2.9142e+00     2.786143e-04
  2.9714e+00     2.967540e-04
  3.0285e+00     3.160686e-04
  3.0857e+00     3.366342e-04
  3.1428e+00     3.585320e-04
  3.2000e+00     3.818479e-04
  3.2571e+00     4.066741e-04
  3.3142e+00     4.331081e-04
  3.3714e+00     4.612541e-04
  3.4285e+00     4.912229e-04
  3.4857e+00     5.231325e-04
  3.5428e+00     5.571085e-04
  3.6000e+00     5.932848e-04
  3.6571e+00     6.318036e-04
  3.7142e+00     6.728166e-04
  3.7714e+00     7.164852e-04
  3.8285e+00     7.629812e-04
  3.8857e+00     8.124876e-04
  3.9428e+00     8.651990e-04
  4.0000e+00     9.213230e-04
  4.0571e+00     9.810801e-04
  4.1142e+00     1.044705e-03
  4.1714e+00     1.112449e-03
  4.2285e+00     1.184577e-03
  4.2857e+00     1.261373e-03
  4.3428e+00     1.343139e-03
  4.4000e+00     1.430196e-03
  4.4571e+00     1.522886e-03
  4.5142e+00     1.621572e-03
  4.5714e+00     1.726643e-03
  4.6285e+00     1.838511e-03
  4.6857e+00     1.957614e-03
  4.7428e+00     2.084419e-03
  4.8000e+00     2.219425e-03
  4.8571e+00     2.363159e-03
  4.9142e+00     2.516185e-03
  4.9714e+00     2.679102e-03
  5.0285e+00     2.852548e-03
  5.0857e+00     3.037202e-03
  5.1428e+00     3.233786e-03
  5.2000e+00     3.443067e-03
  5.2571e+00     3.665864e-03
  5.3142e+00     3.903047e-03
  5.3714e+00     4.155540e-03
  5.4285e+00     4.424329e-03
  5.4857e+00     4.710460e-03
  5.5428e+00     5.015047e-03
  5.6000e+00     5.339276e-03
  5.6571e+00     5.684406e-03
  5.7142e+00     6.051778e-03
  5.7714e+00     6.442816e-03
  5.8285e+00     6.859037e-03
  5.8857e+00     7.302050e-03
  5.9428e+00     7.773568e-03
  6.0000e+00     8.275413e-03
  6.0571e+00     8.809519e-03
  6.1142e+00     9.377942e-03
  6.1714e+00     9.982868e-03
  6.2285e+00     1.062662e-02
  6.2857e+00     1.131166e-02
  6.3428e+00     1.204061e-02
  6.4000e+00     1.281625e-02
  6.4571e+00     1.364154e-02
  6.5142e+00     1.451961e-02
  6.5714e+00     1.545379e-02
  6.6285e+00     1.644761e-02
  6.6857e+00     1.750482e-02
  6.7428e+00     1.862939e-02
  6.8000e+00     1.982553e-02
  6.8571e+00     2.109771e-02
  6.9142e+00     2.245068e-02
  6.9714e+00     2.388943e-02
  7.0285e+00     2.541928e-02
  7.0857e+00     2.704585e-02
  7.1428e+00     2.877510e-02
  7.2000e+00     3.061332e-02
  7.2571e+00     3.256716e-02
  7.3142e+00     3.464366e-02
  7.3714e+00     3.685025e-02
  7.4285e+00     3.919476e-02
  7.4857e+00     4.168547e-02
  7.5428e+00     4.433111e-02
  7.6000e+00     4.714087e-02
  7.6571e+00     5.012442e-02
  7.7142e+00     5.329196e-02
  7.7714e+00     5.665417e-02
  7.8285e+00     6.022231e-02
  7.8857e+00     6.400817e-02
  7.9428e+00     6.802409e-02
  8.0000e+00     7.228302e-02
  8.0571e+00     7.679847e-02
  8.1142e+00     8.158457e-02
  8.1714e+00     8.665603e-02
  8.2285e+00     9.202815e-02
  8.2857e+00     9.771685e-02
  8.3428e+00     1.037386e-01
  8.4000e+00     1.101105e-01
  8.4571e+00     1.168501e-01
  8.5142e+00     1.239756e-01
  8.5714e+00     1.315056e-01
  8.6285e+00     1.394590e-01
  8.6857e+00     1.478554e-01
  8.7428e+00     1.567143e-01
  8.8000e+00     1.660557e-01
  8.8571e+00     1.758996e-01
  8.9142e+00     1.862660e-01
  8.9714e+00     1.971748e-01
  9.0285e+00     2.086454e-01
  9.0857e+00     2.206968e-01
  9.1428e+00     2.333474e-01
  9.2000e+00     2.466145e-01
  9.2571e+00     2.605144e-01
  9.3142e+00     2.750616e-01
  9.3714e+00     2.902691e-01
  9.4285e+00     3.061476e-01
  9.4857e+00     3.227051e-01
  9.5428e+00     3.399471e-01
  9.6000e+00     3.578752e-01
  9.6571e+00     3.764875e-01
  9.7142e+00     3.957776e-01
  9.7714e+00     4.157344e-01
  9.8285e+00     4.363412e-01
  9.8857e+00     4.575756e-01
  9.9428e+00     4.794087e-01
  1.0000e+01     5.018048e-01
  1.0057e+01     5.247207e-01
  1.0114e+01     5.481054e-01
  1.0171e+01     5.718999e-01
  1.0228e+01     5.960365e-01
  1.0285e+01     6.204390e-01
  1.0342e+01     6.450228e-01
  1.0400e+01     6.696946e-01
  1.0457e+01     6.943528e-01
  1.0514e+01     7.188886e-01
  1.0571e+01     7.431860e-01
  1.0628e+01     7.671234e-01
  1.0685e+01     7.905746e-01
  1.0742e+01     8.134105e-01
  1.0800e+01     8.355011e-01
  1.0857e+01     8.567173e-01
  1.0914e+01     8.769336e-01
  1.0971e+01     8.960304e-01
  1.1028e+01     9.138966e-01
  1.1085e+01     9.304325e-01
  1.1142e+01     9.455515e-01
  1.1200e+01     9.591826e-01
  1.1257e+01     9.712710e-01
  1.1314e+01     9.817774e-01
  1.1371e+01     9.906717e-01
  1.1428e+01     9.979070e-01
