# Epidemic | infected members [ x-unit: transmission cycles | y-unit: ]
  0.0000e+00     1.000000e-05
  2.8571e-01     1.322400e-05
  5.7143e-01     1.586876e-05
  8.5714e-01     1.803835e-05
  1.1428e+00     1.981813e-05
  1.4285e+00     2.127815e-05
  1.7142e+00     2.247584e-05
  2.0000e+00     2.345836e-05
  2.2857e+00     2.426434e-05
  2.5714e+00     2.492552e-05
  2.8571e+00     2.546790e-05
  3.1428e+00     2.591283e-05
  3.4285e+00     2.627783e-05
  3.7142e+00     2.657724e-05
  4.0000e+00     2.682286e-05
  4.2857e+00     2.702435e-05
  4.5714e+00     2.718964e-05
  4.8571e+00     2.732523e-05
  5.1428e+00     2.743646e-05
  5.4285e+00     2.752771e-05
  5.7142e+00     2.760256e-05
  6.0000e+00     2.766396e-05
  6.2857e+00     2.771433e-05
  6.5714e+00     2.775566e-05
  6.8571e+00     2.778955e-05
  7.1428e+00     2.781736e-05
  7.4285e+00     2.784017e-05
  7.7142e+00     2.785888e-05
  8.0000e+00     2.787423e-05
  8.2857e+00     2.788682e-05
  8.5714e+00     2.789715e-05
  8.8571e+00     2.790563e-05
  9.1428e+00     2.791258e-05
  9.4285e+00     2.791828e-05
  9.7142e+00     2.792296e-05
  1.0000e+01     2.792680e-05
  1.0285e+01     2.792994e-05
  1.0571e+01     2.793253e-05
  1.0857e+01     2.793465e-05
  1.1142e+01     2.793638e-05
  1.1428e+01     2.793781e-05
  1.1714e+01     2.793898e-05
  1.2000e+01     2.793994e-05
  1.2285e+01     2.794072e-05
  1.2571e+01     2.794137e-05
  1.2857e+01     2.794190e-05
  1.3142e+01     2.794233e-05
  1.3428e+01     2.794269e-05
  1.3714e+01     2.794298e-05
  1.4000e+01     2.794322e-05
  1.4285e+01     2.794342e-05
  1.4571e+01     2.794358e-05
  1.4857e+01     2.794371e-05
  1.5142e+01     2.794382e-05
  1.5428e+01     2.794391e-05
  1.5714e+01     2.794398e-05
  1.6000e+01     2.794404e-05
  1.6285e+01     2.794409e-05
  1.6571e+01     2.794413e-05
  1.6857e+01     2.794417e-05
  1.7142e+01     2.794419e-05
  1.7428e+01     2.794422e-05
  1.7714e+01     2.794423e-05
  1.8000e+01     2.794425e-05
  1.8285e+01     2.794426e-05
  1.8571e+01     2.794427e-05
  1.8857e+01     2.794428e-05
  1.9142e+01     2.794429e-05
  1.9428e+01     2.794429e-05
  1.9714e+01     2.794430e-05
  2.0000e+01     2.794430e-05
  2.0285e+01     2.794430e-05
  2.0571e+01     2.794431e-05
  2.0857e+01     2.794431e-05
  2.1142e+01     2.794431e-05
  2.1428e+01     2.794431e-05
  2.1714e+01     2.794431e-05
  2.2000e+01     2.794431e-05
  2.2285e+01     2.794431e-05
  2.2571e+01     2.794431e-05
  2.2857e+01     2.794432e-05
  2.3142e+01     2.794432e-05
  2.3428e+01     2.794432e-05
  2.3714e+01     2.794432e-05
  2.4000e+01     2.794432e-05
  2.4285e+01     2.794432e-05
  2.4571e+01     2.794432e-05
  2.4857e+01     2.794432e-05
  2.5142e+01     2.794432e-05
  2.5428e+01     2.794432e-05
  2.5714e+01     2.794432e-05
  2.6000e+01     2.794432e-05
  2.6285e+01     2.794432e-05
  2.6571e+01     2.794432e-05
  2.6857e+01     2.794432e-05
  2.7142e+01     2.794432e-05
  2.7428e+01     2.794432e-05
  2.7714e+01     2.794432e-05
  2.8000e+01     2.794432e-05
  2.8285e+01     2.794432e-05
  2.8571e+01     2.794432e-05
  2.8857e+01     2.794432e-05
  2.9142e+01     2.794432e-05
  2.9428e+01     2.794432e-05
  2.9714e+01     2.794432e-05
  3.0000e+01     2.794432e-05
  3.0285e+01     2.794432e-05
  3.0571e+01     2.794432e-05
  3.0857e+01     2.794432e-05
  3.1142e+01     2.794432e-05
  3.1428e+01     2.794432e-05
  3.1714e+01     2.794432e-05
  3.2000e+01     2.794432e-05
  3.2285e+01     2.794432e-05
  3.2571e+01     2.794432e-05
  3.2857e+01     2.794432e-05
  3.3142e+01     2.794432e-05
  3.3428e+01     2.794432e-05
  3.3714e+01     2.794432e-05
  3.4000e+01     2.794432e-05
  3.4285e+01     2.794432e-05
  3.4571e+01     2.794432e-05
  3.4857e+01     2.794432e-05
  3.5142e+01     2.794432e-05
  3.5428e+01     2.794432e-05
  3.5714e+01     2.794432e-05
  3.6000e+01     2.794432e-05
  3.6285e+01     2.794432e-05
  3.6571e+01     2.794432e-05
  3.6857e+01     2.794432e-05
  3.7142e+01     2.794432e-05
  3.7428e+01     2.794432e-05
  3.7714e+01     2.794432e-05
  3.8000e+01     2.794432e-05
  3.8285e+01     2.794432e-05
  3.8571e+01     2.794432e-05
  3.8857e+01     2.794432e-05
  3.9142e+01     2.794432e-05
  3.9428e+01     2.794432e-05
  3.9714e+01     2.794432e-05
  4.0000e+01     2.794432e-05
  4.0285e+01     2.794432e-05
  4.0571e+01     2.794432e-05
  4.0857e+01     2.794432e-05
  4.1142e+01     2.794432e-05
  4.1428e+01     2.794432e-05
  4.1714e+01     2.794432e-05
  4.2000e+01     2.794432e-05
  4.2285e+01     2.794432e-05
  4.2571e+01     2.794432e-05
  4.2857e+01     2.794432e-05
  4.3142e+01     2.794432e-05
  4.3428e+01     2.794432e-05
  4.3714e+01     2.794432e-05
  4.4000e+01     2.794432e-05
  4.4285e+01     2.794432e-05
  4.4571e+01     2.794432e-05
  4.4857e+01     2.794432e-05
  4.5142e+01     2.794432e-05
  4.5428e+01     2.794432e-05
  4.5714e+01     2.794432e-05
  4.6000e+01     2.794432e-05
  4.6285e+01     2.794432e-05
  4.6571e+01     2.794432e-05
  4.6857e+01     2.794432e-05
  4.7142e+01     2.794432e-05
  4.7428e+01     2.794432e-05
  4.7714e+01     2.794432e-05
  4.8000e+01     2.794432e-05
  4.8285e+01     2.794432e-05
  4.8571e+01     2.794432e-05
  4.8857e+01     2.794432e-05
  4.9142e+01     2.794432e-05
  4.9428e+01     2.794432e-05
  4.9714e+01     2.794432e-05
  5.0000e+01     2.794432e-05
  5.0285e+01     2.794432e-05
  5.0571e+01     2.794432e-05
  5.0857e+01     2.794432e-05
  5.1142e+01     2.794432e-05
  5.1428e+01     2.794432e-05
  5.1714e+01     2.794432e-05
  5.2000e+01     2.794432e-05
  5.2285e+01     2.794432e-05
  5.2571e+01     2.794432e-05
  5.2857e+01     2.794432e-05
  5.3142e+01     2.794432e-05
  5.3428e+01     2.794432e-05
  5.3714e+01     2.794432e-05
  5.4000e+01     2.794432e-05
  5.4285e+01     2.794432e-05
  5.4571e+01     2.794432e-05
  5.4857e+01     2.794432e-05
  5.5142e+01     2.794432e-05
  5.5428e+01     2.794432e-05
  5.5714e+01     2.794432e-05
  5.6000e+01     2.794432e-05
  5.6285e+01     2.794432e-05
  5.6571e+01     2.794432e-05
  5.6857e+01     2.794432e-05
  5.7142e+01     2.794432e-05
  5.7428e+01     2.794432e-05
  5.7714e+01     2.794432e-05
  5.8000e+01     2.794432e-05
  5.8285e+01     2.794432e-05
  5.8571e+01     2.794432e-05
  5.8857e+01     2.794432e-05
  5.9142e+01     2.794432e-05
  5.9428e+01     2.794432e-05
  5.9714e+01     2.794432e-05
