# Epidemic | infected members [ x-unit: transmission cycles | y-unit: ]
  0.0000e+00     1.000000e-05
  2.8571e-01     1.396921e-05
  5.7143e-01     1.880773e-05
  8.5714e-01     2.470593e-05
  1.1428e+00     3.189589e-05
  1.4285e+00     4.066049e-05
  1.7142e+00     5.134456e-05
  2.0000e+00     6.436844e-05
  2.2857e+00     8.024447e-05
  2.5714e+00     9.959718e-05
  2.8571e+00     1.231878e-04
  3.1428e+00     1.519441e-04
  3.4285e+00     1.869971e-04
  3.7142e+00     2.297249e-04
  4.0000e+00     2.818074e-04
  4.2857e+00     3.452918e-04
  4.5714e+00     4.226726e-04
  4.8571e+00     5.169896e-04
  5.1428e+00     6.319467e-04
  5.4285e+00     7.720558e-04
  5.7142e+00     9.428132e-04
  6.0000e+00     1.150913e-03
  6.2857e+00     1.404506e-03
  6.5714e+00     1.713516e-03
  6.8571e+00     2.090018e-03
  7.1428e+00     2.548705e-03
  7.4285e+00     3.107441e-03
  7.7142e+00     3.787941e-03
  8.0000e+00     4.616578e-03
  8.2857e+00     5.625357e-03
  8.5714e+00     6.853082e-03
  8.8571e+00     8.346744e-03
  9.1428e+00     1.016316e-02
  9.4285e+00     1.237091e-02
  9.7142e+00     1.505257e-02
  1.0000e+01     1.830734e-02
  1.0285e+01     2.225394e-02
  1.0571e+01     2.703388e-02
  1.0857e+01     3.281498e-02
  1.1142e+01     3.979495e-02
  1.1428e+01     4.820490e-02
  1.1714e+01     5.831220e-02
  1.2000e+01     7.042222e-02
  1.2285e+01     8.487792e-02
  1.2571e+01     1.020562e-01
  1.2857e+01     1.223589e-01
  1.3142e+01     1.461975e-01
  1.3428e+01     1.739673e-01
  1.3714e+01     2.060114e-01
  1.4000e+01     2.425706e-01
  1.4285e+01     2.837217e-01
  1.4571e+01     3.293064e-01
  1.4857e+01     3.788618e-01
  1.5142e+01     4.315650e-01
  1.5428e+01     4.862154e-01
  1.5714e+01     5.412752e-01
  1.6000e+01     5.949861e-01
  1.6285e+01     6.455581e-01
  1.6571e+01     6.914046e-01
  1.6857e+01     7.313646e-01
  1.7142e+01     7.648495e-01
  1.7428e+01     7.918670e-01
  1.7714e+01     8.129220e-01
  1.8000e+01     8.288384e-01
  1.8285e+01     8.405676e-01
  1.8571e+01     8.490366e-01
  1.8857e+01     8.550559e-01
  1.9142e+01     8.592841e-01
  1.9428e+01     8.622286e-01
  1.9714e+01     8.642667e-01
  2.0000e+01     8.656712e-01
  2.0285e+01     8.666361e-01
  2.0571e+01     8.672977e-01
  2.0857e+01     8.677506e-01
  2.1142e+01     8.680604e-01
  2.1428e+01     8.682721e-01
  2.1714e+01     8.684168e-01
  2.2000e+01     8.685155e-01
  2.2285e+01     8.685830e-01
  2.2571e+01     8.686290e-01
  2.2857e+01     8.686604e-01
  2.3142e+01     8.686819e-01
  2.3428e+01     8.686965e-01
  2.3714e+01     8.687065e-01
  2.4000e+01     8.687133e-01
  2.4285e+01     8.687180e-01
  2.4571e+01     8.687211e-01
  2.4857e+01     8.687233e-01
  2.5142e+01     8.687248e-01
  2.5428e+01     8.687258e-01
  2.5714e+01     8.687265e-01
  2.6000e+01     8.687270e-01
  2.6285e+01     8.687273e-01
  2.6571e+01     8.687275e-01
  2.6857e+01     8.687277e-01
  2.7142e+01     8.687278e-01
  2.7428e+01     8.687278e-01
  2.7714e+01     8.687279e-01
  2.8000e+01     8.687279e-01
  2.8285e+01     8.687279e-01
  2.8571e+01     8.687279e-01
  2.8857e+01     8.687280e-01
  2.9142e+01     8.687280e-01
  2.9428e+01     8.687280e-01
  2.9714e+01     8.687280e-01
  3.0000e+01     8.687280e-01
  3.0285e+01     8.687280e-01
  3.0571e+01     8.687280e-01
  3.0857e+01     8.687280e-01
  3.1142e+01     8.687280e-01
  3.1428e+01     8.687280e-01
  3.1714e+01     8.687280e-01
  3.2000e+01     8.687280e-01
  3.2285e+01     8.687280e-01
  3.2571e+01     8.687280e-01
  3.2857e+01     8.687280e-01
  3.3142e+01     8.687280e-01
  3.3428e+01     8.687280e-01
  3.3714e+01     8.687280e-01
  3.4000e+01     8.687280e-01
  3.4285e+01     8.687280e-01
  3.4571e+01     8.687280e-01
  3.4857e+01     8.687280e-01
  3.5142e+01     8.687280e-01
  3.5428e+01     8.687280e-01
  3.5714e+01     8.687280e-01
  3.6000e+01     8.687280e-01
  3.6285e+01     8.687280e-01
  3.6571e+01     8.687280e-01
  3.6857e+01     8.687280e-01
  3.7142e+01     8.687280e-01
  3.7428e+01     8.687280e-01
  3.7714e+01     8.687280e-01
  3.8000e+01     8.687280e-01
  3.8285e+01     8.687280e-01
  3.8571e+01     8.687280e-01
  3.8857e+01     8.687280e-01
  3.9142e+01     8.687280e-01
  3.9428e+01     8.687280e-01
  3.9714e+01     8.687280e-01
  4.0000e+01     8.687280e-01
  4.0285e+01     8.687280e-01
  4.0571e+01     8.687280e-01
  4.0857e+01     8.687280e-01
  4.1142e+01     8.687280e-01
  4.1428e+01     8.687280e-01
  4.1714e+01     8.687280e-01
  4.2000e+01     8.687280e-01
  4.2285e+01     8.687280e-01
  4.2571e+01     8.687280e-01
  4.2857e+01     8.687280e-01
  4.3142e+01     8.687280e-01
  4.3428e+01     8.687280e-01
  4.3714e+01     8.687280e-01
  4.4000e+01     8.687280e-01
  4.4285e+01     8.687280e-01
  4.4571e+01     8.687280e-01
  4.4857e+01     8.687280e-01
  4.5142e+01     8.687280e-01
  4.5428e+01     8.687280e-01
  4.5714e+01     8.687280e-01
  4.6000e+01     8.687280e-01
  4.6285e+01     8.687280e-01
  4.6571e+01     8.687280e-01
  4.6857e+01     8.687280e-01
  4.7142e+01     8.687280e-01
  4.7428e+01     8.687280e-01
  4.7714e+01     8.687280e-01
  4.8000e+01     8.687280e-01
  4.8285e+01     8.687280e-01
  4.8571e+01     8.687280e-01
  4.8857e+01     8.687280e-01
  4.9142e+01     8.687280e-01
  4.9428e+01     8.687280e-01
  4.9714e+01     8.687280e-01
  5.0000e+01     8.687280e-01
  5.0285e+01     8.687280e-01
  5.0571e+01     8.687280e-01
  5.0857e+01     8.687280e-01
  5.1142e+01     8.687280e-01
  5.1428e+01     8.687280e-01
  5.1714e+01     8.687280e-01
  5.2000e+01     8.687280e-01
  5.2285e+01     8.687280e-01
  5.2571e+01     8.687280e-01
  5.2857e+01     8.687280e-01
  5.3142e+01     8.687280e-01
  5.3428e+01     8.687280e-01
  5.3714e+01     8.687280e-01
  5.4000e+01     8.687280e-01
  5.4285e+01     8.687280e-01
  5.4571e+01     8.687280e-01
  5.4857e+01     8.687280e-01
  5.5142e+01     8.687280e-01
  5.5428e+01     8.687280e-01
  5.5714e+01     8.687280e-01
  5.6000e+01     8.687280e-01
  5.6285e+01     8.687280e-01
  5.6571e+01     8.687280e-01
  5.6857e+01     8.687280e-01
  5.7142e+01     8.687280e-01
  5.7428e+01     8.687280e-01
  5.7714e+01     8.687280e-01
  5.8000e+01     8.687280e-01
  5.8285e+01     8.687280e-01
  5.8571e+01     8.687280e-01
  5.8857e+01     8.687280e-01
  5.9142e+01     8.687280e-01
  5.9428e+01     8.687280e-01
  5.9714e+01     8.687280e-01
