# Epidemic | infected members [ x-unit: transmission cycles | y-unit: ]
  0.0000e+00     1.000000e-05
  2.8571e-01     1.388829e-05
  5.7143e-01     1.845074e-05
  8.5714e-01     2.380422e-05
  1.1428e+00     3.008588e-05
  1.4285e+00     3.745661e-05
  1.7142e+00     4.610523e-05
  2.0000e+00     5.625327e-05
  2.2857e+00     6.816063e-05
  2.5714e+00     8.213228e-05
  2.8571e+00     9.852602e-05
  3.1428e+00     1.177617e-04
  3.4285e+00     1.403317e-04
  3.7142e+00     1.668140e-04
  4.0000e+00     1.978865e-04
  4.2857e+00     2.343444e-04
  4.5714e+00     2.771207e-04
  4.8571e+00     3.273097e-04
  5.1428e+00     3.861953e-04
  5.4285e+00     4.552832e-04
  5.7142e+00     5.363393e-04
  6.0000e+00     6.314347e-04
  6.2857e+00     7.429980e-04
  6.5714e+00     8.738768e-04
  6.8571e+00     1.027410e-03
  7.1428e+00     1.207510e-03
  7.4285e+00     1.418763e-03
  7.7142e+00     1.666544e-03
  8.0000e+00     1.957147e-03
  8.2857e+00     2.297945e-03
  8.5714e+00     2.697569e-03
  8.8571e+00     3.166118e-03
  9.1428e+00     3.715407e-03
  9.4285e+00     4.359246e-03
  9.7142e+00     5.113771e-03
  1.0000e+01     5.997819e-03
  1.0285e+01     7.033358e-03
  1.0571e+01     8.245987e-03
  1.0857e+01     9.665492e-03
  1.1142e+01     1.132648e-02
  1.1428e+01     1.326911e-02
  1.1714e+01     1.553983e-02
  1.2000e+01     1.819233e-02
  1.2285e+01     2.128837e-02
  1.2571e+01     2.489887e-02
  1.2857e+01     2.910484e-02
  1.3142e+01     3.399843e-02
  1.3428e+01     3.968379e-02
  1.3714e+01     4.627788e-02
  1.4000e+01     5.391085e-02
  1.4285e+01     6.272602e-02
  1.4571e+01     7.287922e-02
  1.4857e+01     8.453709e-02
  1.5142e+01     9.787416e-02
  1.5428e+01     1.130683e-01
  1.5714e+01     1.302940e-01
  1.6000e+01     1.497135e-01
  1.6285e+01     1.714652e-01
  1.6571e+01     1.956491e-01
  1.6857e+01     2.223101e-01
  1.7142e+01     2.514201e-01
  1.7428e+01     2.828592e-01
  1.7714e+01     3.163999e-01
  1.8000e+01     3.516968e-01
  1.8285e+01     3.882837e-01
  1.8571e+01     4.255847e-01
  1.8857e+01     4.629375e-01
  1.9142e+01     4.996324e-01
  1.9428e+01     5.349616e-01
  1.9714e+01     5.682739e-01
  2.0000e+01     5.990269e-01
  2.0285e+01     6.268261e-01
  2.0571e+01     6.514461e-01
  2.0857e+01     6.728305e-01
  2.1142e+01     6.910722e-01
  2.1428e+01     7.063803e-01
  2.1714e+01     7.190412e-01
  2.2000e+01     7.293814e-01
  2.2285e+01     7.377361e-01
  2.2571e+01     7.444260e-01
  2.2857e+01     7.497433e-01
  2.3142e+01     7.539441e-01
  2.3428e+01     7.572468e-01
  2.3714e+01     7.598332e-01
  2.4000e+01     7.618524e-01
  2.4285e+01     7.634251e-01
  2.4571e+01     7.646476e-01
  2.4857e+01     7.655964e-01
  2.5142e+01     7.663320e-01
  2.5428e+01     7.669018e-01
  2.5714e+01     7.673428e-01
  2.6000e+01     7.676840e-01
  2.6285e+01     7.679478e-01
  2.6571e+01     7.681518e-01
  2.6857e+01     7.683094e-01
  2.7142e+01     7.684312e-01
  2.7428e+01     7.685253e-01
  2.7714e+01     7.685979e-01
  2.8000e+01     7.686541e-01
  2.8285e+01     7.686974e-01
  2.8571e+01     7.687309e-01
  2.8857e+01     7.687567e-01
  2.9142e+01     7.687767e-01
  2.9428e+01     7.687921e-01
  2.9714e+01     7.688040e-01
  3.0000e+01     7.688132e-01
  3.0285e+01     7.688203e-01
  3.0571e+01     7.688258e-01
  3.0857e+01     7.688301e-01
  3.1142e+01     7.688333e-01
  3.1428e+01     7.688358e-01
  3.1714e+01     7.688378e-01
  3.2000e+01     7.688393e-01
  3.2285e+01     7.688405e-01
  3.2571e+01     7.688414e-01
  3.2857e+01     7.688420e-01
  3.3142e+01     7.688426e-01
  3.3428e+01     7.688430e-01
  3.3714e+01     7.688433e-01
  3.4000e+01     7.688436e-01
  3.4285e+01     7.688438e-01
  3.4571e+01     7.688439e-01
  3.4857e+01     7.688440e-01
  3.5142e+01     7.688441e-01
  3.5428e+01     7.688442e-01
  3.5714e+01     7.688442e-01
  3.6000e+01     7.688443e-01
  3.6285e+01     7.688443e-01
  3.6571e+01     7.688443e-01
  3.6857e+01     7.688443e-01
  3.7142e+01     7.688443e-01
  3.7428e+01     7.688444e-01
  3.7714e+01     7.688444e-01
  3.8000e+01     7.688444e-01
  3.8285e+01     7.688444e-01
  3.8571e+01     7.688444e-01
  3.8857e+01     7.688444e-01
  3.9142e+01     7.688444e-01
  3.9428e+01     7.688444e-01
  3.9714e+01     7.688444e-01
  4.0000e+01     7.688444e-01
  4.0285e+01     7.688444e-01
  4.0571e+01     7.688444e-01
  4.0857e+01     7.688444e-01
  4.1142e+01     7.688444e-01
  4.1428e+01     7.688444e-01
  4.1714e+01     7.688444e-01
  4.2000e+01     7.688444e-01
  4.2285e+01     7.688444e-01
  4.2571e+01     7.688444e-01
  4.2857e+01     7.688444e-01
  4.3142e+01     7.688444e-01
  4.3428e+01     7.688444e-01
  4.3714e+01     7.688444e-01
  4.4000e+01     7.688444e-01
  4.4285e+01     7.688444e-01
  4.4571e+01     7.688444e-01
  4.4857e+01     7.688444e-01
  4.5142e+01     7.688444e-01
  4.5428e+01     7.688444e-01
  4.5714e+01     7.688444e-01
  4.6000e+01     7.688444e-01
  4.6285e+01     7.688444e-01
  4.6571e+01     7.688444e-01
  4.6857e+01     7.688444e-01
  4.7142e+01     7.688444e-01
  4.7428e+01     7.688444e-01
  4.7714e+01     7.688444e-01
  4.8000e+01     7.688444e-01
  4.8285e+01     7.688444e-01
  4.8571e+01     7.688444e-01
  4.8857e+01     7.688444e-01
  4.9142e+01     7.688444e-01
  4.9428e+01     7.688444e-01
  4.9714e+01     7.688444e-01
  5.0000e+01     7.688444e-01
  5.0285e+01     7.688444e-01
  5.0571e+01     7.688444e-01
  5.0857e+01     7.688444e-01
  5.1142e+01     7.688444e-01
  5.1428e+01     7.688444e-01
  5.1714e+01     7.688444e-01
  5.2000e+01     7.688444e-01
  5.2285e+01     7.688444e-01
  5.2571e+01     7.688444e-01
  5.2857e+01     7.688444e-01
  5.3142e+01     7.688444e-01
  5.3428e+01     7.688444e-01
  5.3714e+01     7.688444e-01
  5.4000e+01     7.688444e-01
  5.4285e+01     7.688444e-01
  5.4571e+01     7.688444e-01
  5.4857e+01     7.688444e-01
  5.5142e+01     7.688444e-01
  5.5428e+01     7.688444e-01
  5.5714e+01     7.688444e-01
  5.6000e+01     7.688444e-01
  5.6285e+01     7.688444e-01
  5.6571e+01     7.688444e-01
  5.6857e+01     7.688444e-01
  5.7142e+01     7.688444e-01
  5.7428e+01     7.688444e-01
  5.7714e+01     7.688444e-01
  5.8000e+01     7.688444e-01
  5.8285e+01     7.688444e-01
  5.8571e+01     7.688444e-01
  5.8857e+01     7.688444e-01
  5.9142e+01     7.688444e-01
  5.9428e+01     7.688444e-01
  5.9714e+01     7.688444e-01
