# Epidemic | immune members [ x-unit: transmission cycles | y-unit: ]
  0.0000e+00     0.000000e+00
  2.8571e-01     3.217553e-06
  5.7143e-01     5.857022e-06
  8.5714e-01     8.022269e-06
  1.1428e+00     9.798494e-06
  1.4285e+00     1.125559e-05
  1.7142e+00     1.245089e-05
  2.0000e+00     1.343144e-05
  2.2857e+00     1.423581e-05
  2.5714e+00     1.489567e-05
  2.8571e+00     1.543696e-05
  3.1428e+00     1.588101e-05
  3.4285e+00     1.624527e-05
  3.7142e+00     1.654409e-05
  4.0000e+00     1.678922e-05
  4.2857e+00     1.699031e-05
  4.5714e+00     1.715526e-05
  4.8571e+00     1.729058e-05
  5.1428e+00     1.740159e-05
  5.4285e+00     1.749265e-05
  5.7142e+00     1.756736e-05
  6.0000e+00     1.762864e-05
  6.2857e+00     1.767891e-05
  6.5714e+00     1.772014e-05
  6.8571e+00     1.775397e-05
  7.1428e+00     1.778172e-05
  7.4285e+00     1.780449e-05
  7.7142e+00     1.782316e-05
  8.0000e+00     1.783848e-05
  8.2857e+00     1.785105e-05
  8.5714e+00     1.786136e-05
  8.8571e+00     1.786982e-05
  9.1428e+00     1.787675e-05
  9.4285e+00     1.788244e-05
  9.7142e+00     1.788711e-05
  1.0000e+01     1.789094e-05
  1.0285e+01     1.789408e-05
  1.0571e+01     1.789666e-05
  1.0857e+01     1.789878e-05
  1.1142e+01     1.790051e-05
  1.1428e+01     1.790193e-05
  1.1714e+01     1.790310e-05
  1.2000e+01     1.790406e-05
  1.2285e+01     1.790484e-05
  1.2571e+01     1.790549e-05
  1.2857e+01     1.790602e-05
  1.3142e+01     1.790645e-05
  1.3428e+01     1.790680e-05
  1.3714e+01     1.790710e-05
  1.4000e+01     1.790734e-05
  1.4285e+01     1.790753e-05
  1.4571e+01     1.790769e-05
  1.4857e+01     1.790783e-05
  1.5142e+01     1.790793e-05
  1.5428e+01     1.790802e-05
  1.5714e+01     1.790810e-05
  1.6000e+01     1.790816e-05
  1.6285e+01     1.790820e-05
  1.6571e+01     1.790824e-05
  1.6857e+01     1.790828e-05
  1.7142e+01     1.790831e-05
  1.7428e+01     1.790833e-05
  1.7714e+01     1.790835e-05
  1.8000e+01     1.790836e-05
  1.8285e+01     1.790837e-05
  1.8571e+01     1.790838e-05
  1.8857e+01     1.790839e-05
  1.9142e+01     1.790840e-05
  1.9428e+01     1.790840e-05
  1.9714e+01     1.790841e-05
  2.0000e+01     1.790841e-05
  2.0285e+01     1.790841e-05
  2.0571e+01     1.790842e-05
  2.0857e+01     1.790842e-05
  2.1142e+01     1.790842e-05
  2.1428e+01     1.790842e-05
  2.1714e+01     1.790842e-05
  2.2000e+01     1.790842e-05
  2.2285e+01     1.790843e-05
  2.2571e+01     1.790843e-05
  2.2857e+01     1.790843e-05
  2.3142e+01     1.790843e-05
  2.3428e+01     1.790843e-05
  2.3714e+01     1.790843e-05
  2.4000e+01     1.790843e-05
  2.4285e+01     1.790843e-05
  2.4571e+01     1.790843e-05
  2.4857e+01     1.790843e-05
  2.5142e+01     1.790843e-05
  2.5428e+01     1.790843e-05
  2.5714e+01     1.790843e-05
  2.6000e+01     1.790843e-05
  2.6285e+01     1.790843e-05
  2.6571e+01     1.790843e-05
  2.6857e+01     1.790843e-05
  2.7142e+01     1.790843e-05
  2.7428e+01     1.790843e-05
  2.7714e+01     1.790843e-05
  2.8000e+01     1.790843e-05
  2.8285e+01     1.790843e-05
  2.8571e+01     1.790843e-05
  2.8857e+01     1.790843e-05
  2.9142e+01     1.790843e-05
  2.9428e+01     1.790843e-05
  2.9714e+01     1.790843e-05
  3.0000e+01     1.790843e-05
  3.0285e+01     1.790843e-05
  3.0571e+01     1.790843e-05
  3.0857e+01     1.790843e-05
  3.1142e+01     1.790843e-05
  3.1428e+01     1.790843e-05
  3.1714e+01     1.790843e-05
  3.2000e+01     1.790843e-05
  3.2285e+01     1.790843e-05
  3.2571e+01     1.790843e-05
  3.2857e+01     1.790843e-05
  3.3142e+01     1.790843e-05
  3.3428e+01     1.790843e-05
  3.3714e+01     1.790843e-05
  3.4000e+01     1.790843e-05
  3.4285e+01     1.790843e-05
  3.4571e+01     1.790843e-05
  3.4857e+01     1.790843e-05
  3.5142e+01     1.790843e-05
  3.5428e+01     1.790843e-05
  3.5714e+01     1.790843e-05
  3.6000e+01     1.790843e-05
  3.6285e+01     1.790843e-05
  3.6571e+01     1.790843e-05
  3.6857e+01     1.790843e-05
  3.7142e+01     1.790843e-05
  3.7428e+01     1.790843e-05
  3.7714e+01     1.790843e-05
  3.8000e+01     1.790843e-05
  3.8285e+01     1.790843e-05
  3.8571e+01     1.790843e-05
  3.8857e+01     1.790843e-05
  3.9142e+01     1.790843e-05
  3.9428e+01     1.790843e-05
  3.9714e+01     1.790843e-05
  4.0000e+01     1.790843e-05
  4.0285e+01     1.790843e-05
  4.0571e+01     1.790843e-05
  4.0857e+01     1.790843e-05
  4.1142e+01     1.790843e-05
  4.1428e+01     1.790843e-05
  4.1714e+01     1.790843e-05
  4.2000e+01     1.790843e-05
  4.2285e+01     1.790843e-05
  4.2571e+01     1.790843e-05
  4.2857e+01     1.790843e-05
  4.3142e+01     1.790843e-05
  4.3428e+01     1.790843e-05
  4.3714e+01     1.790843e-05
  4.4000e+01     1.790843e-05
  4.4285e+01     1.790843e-05
  4.4571e+01     1.790843e-05
  4.4857e+01     1.790843e-05
  4.5142e+01     1.790843e-05
  4.5428e+01     1.790843e-05
  4.5714e+01     1.790843e-05
  4.6000e+01     1.790843e-05
  4.6285e+01     1.790843e-05
  4.6571e+01     1.790843e-05
  4.6857e+01     1.790843e-05
  4.7142e+01     1.790843e-05
  4.7428e+01     1.790843e-05
  4.7714e+01     1.790843e-05
  4.8000e+01     1.790843e-05
  4.8285e+01     1.790843e-05
  4.8571e+01     1.790843e-05
  4.8857e+01     1.790843e-05
  4.9142e+01     1.790843e-05
  4.9428e+01     1.790843e-05
  4.9714e+01     1.790843e-05
  5.0000e+01     1.790843e-05
  5.0285e+01     1.790843e-05
  5.0571e+01     1.790843e-05
  5.0857e+01     1.790843e-05
  5.1142e+01     1.790843e-05
  5.1428e+01     1.790843e-05
  5.1714e+01     1.790843e-05
  5.2000e+01     1.790843e-05
  5.2285e+01     1.790843e-05
  5.2571e+01     1.790843e-05
  5.2857e+01     1.790843e-05
  5.3142e+01     1.790843e-05
  5.3428e+01     1.790843e-05
  5.3714e+01     1.790843e-05
  5.4000e+01     1.790843e-05
  5.4285e+01     1.790843e-05
  5.4571e+01     1.790843e-05
  5.4857e+01     1.790843e-05
  5.5142e+01     1.790843e-05
  5.5428e+01     1.790843e-05
  5.5714e+01     1.790843e-05
  5.6000e+01     1.790843e-05
  5.6285e+01     1.790843e-05
  5.6571e+01     1.790843e-05
  5.6857e+01     1.790843e-05
  5.7142e+01     1.790843e-05
  5.7428e+01     1.790843e-05
  5.7714e+01     1.790843e-05
  5.8000e+01     1.790843e-05
  5.8285e+01     1.790843e-05
  5.8571e+01     1.790843e-05
  5.8857e+01     1.790843e-05
  5.9142e+01     1.790843e-05
  5.9428e+01     1.790843e-05
  5.9714e+01     1.790843e-05
