# Epidemic | immune members [ x-unit: transmission cycles | y-unit: ]
  0.0000e+00     0.000000e+00
  2.8571e-01     3.739963e-06
  5.7143e-01     7.836169e-06
  8.5714e-01     1.232255e-05
  1.1428e+00     1.723626e-05
  1.4285e+00     2.261799e-05
  1.7142e+00     2.851232e-05
  2.0000e+00     3.496806e-05
  2.2857e+00     4.203867e-05
  2.5714e+00     4.978269e-05
  2.8571e+00     5.826425e-05
  3.1428e+00     6.755355e-05
  3.4285e+00     7.772751e-05
  3.7142e+00     8.887033e-05
  4.0000e+00     1.010742e-04
  4.2857e+00     1.144403e-04
  4.5714e+00     1.290790e-04
  4.8571e+00     1.451115e-04
  5.1428e+00     1.626704e-04
  5.4285e+00     1.819010e-04
  5.7142e+00     2.029624e-04
  6.0000e+00     2.260285e-04
  6.2857e+00     2.512902e-04
  6.5714e+00     2.789562e-04
  6.8571e+00     3.092551e-04
  7.1428e+00     3.424371e-04
  7.4285e+00     3.787763e-04
  7.7142e+00     4.185726e-04
  8.0000e+00     4.621545e-04
  8.2857e+00     5.098815e-04
  8.5714e+00     5.621470e-04
  8.8571e+00     6.193818e-04
  9.1428e+00     6.820574e-04
  9.4285e+00     7.506896e-04
  9.7142e+00     8.258432e-04
  1.0000e+01     9.081360e-04
  1.0285e+01     9.982442e-04
  1.0571e+01     1.096907e-03
  1.0857e+01     1.204934e-03
  1.1142e+01     1.323211e-03
  1.1428e+01     1.452704e-03
  1.1714e+01     1.594474e-03
  1.2000e+01     1.749676e-03
  1.2285e+01     1.919577e-03
  1.2571e+01     2.105559e-03
  1.2857e+01     2.309134e-03
  1.3142e+01     2.531953e-03
  1.3428e+01     2.775818e-03
  1.3714e+01     3.042701e-03
  1.4000e+01     3.334749e-03
  1.4285e+01     3.654311e-03
  1.4571e+01     4.003945e-03
  1.4857e+01     4.386443e-03
  1.5142e+01     4.804848e-03
  1.5428e+01     5.262476e-03
  1.5714e+01     5.762937e-03
  1.6000e+01     6.310163e-03
  1.6285e+01     6.908427e-03
  1.6571e+01     7.562377e-03
  1.6857e+01     8.277063e-03
  1.7142e+01     9.057962e-03
  1.7428e+01     9.911018e-03
  1.7714e+01     1.084267e-02
  1.8000e+01     1.185988e-02
  1.8285e+01     1.297017e-02
  1.8571e+01     1.418169e-02
  1.8857e+01     1.550319e-02
  1.9142e+01     1.694410e-02
  1.9428e+01     1.851455e-02
  1.9714e+01     2.022540e-02
  2.0000e+01     2.208827e-02
  2.0285e+01     2.411557e-02
  2.0571e+01     2.632050e-02
  2.0857e+01     2.871706e-02
  2.1142e+01     3.132007e-02
  2.1428e+01     3.414515e-02
  2.1714e+01     3.720866e-02
  2.2000e+01     4.052772e-02
  2.2285e+01     4.412008e-02
  2.2571e+01     4.800407e-02
  2.2857e+01     5.219846e-02
  2.3142e+01     5.672234e-02
  2.3428e+01     6.159491e-02
  2.3714e+01     6.683524e-02
  2.4000e+01     7.246208e-02
  2.4285e+01     7.849346e-02
  2.4571e+01     8.494639e-02
  2.4857e+01     9.183646e-02
  2.5142e+01     9.917736e-02
  2.5428e+01     1.069804e-01
  2.5714e+01     1.152541e-01
  2.6000e+01     1.240035e-01
  2.6285e+01     1.332295e-01
  2.6571e+01     1.429287e-01
  2.6857e+01     1.530926e-01
  2.7142e+01     1.637071e-01
  2.7428e+01     1.747522e-01
  2.7714e+01     1.862018e-01
  2.8000e+01     1.980231e-01
  2.8285e+01     2.101774e-01
  2.8571e+01     2.226194e-01
  2.8857e+01     2.352981e-01
  2.9142e+01     2.481575e-01
  2.9428e+01     2.611369e-01
  2.9714e+01     2.741722e-01
  3.0000e+01     2.871973e-01
  3.0285e+01     3.001447e-01
  3.0571e+01     3.129477e-01
  3.0857e+01     3.255410e-01
  3.1142e+01     3.378627e-01
  3.1428e+01     3.498551e-01
  3.1714e+01     3.614661e-01
  3.2000e+01     3.726501e-01
  3.2285e+01     3.833682e-01
  3.2571e+01     3.935894e-01
  3.2857e+01     4.032901e-01
  3.3142e+01     4.124544e-01
  3.3428e+01     4.210736e-01
  3.3714e+01     4.291459e-01
  3.4000e+01     4.366756e-01
  3.4285e+01     4.436725e-01
  3.4571e+01     4.501510e-01
  3.4857e+01     4.561295e-01
  3.5142e+01     4.616293e-01
  3.5428e+01     4.666738e-01
  3.5714e+01     4.712885e-01
  3.6000e+01     4.754993e-01
  3.6285e+01     4.793328e-01
  3.6571e+01     4.828155e-01
  3.6857e+01     4.859733e-01
  3.7142e+01     4.888316e-01
  3.7428e+01     4.914146e-01
  3.7714e+01     4.937455e-01
  3.8000e+01     4.958460e-01
  3.8285e+01     4.977368e-01
  3.8571e+01     4.994368e-01
  3.8857e+01     5.009639e-01
  3.9142e+01     5.023344e-01
  3.9428e+01     5.035635e-01
  3.9714e+01     5.046648e-01
  4.0000e+01     5.056512e-01
  4.0285e+01     5.065340e-01
  4.0571e+01     5.073238e-01
  4.0857e+01     5.080300e-01
  4.1142e+01     5.086612e-01
  4.1428e+01     5.092251e-01
  4.1714e+01     5.097289e-01
  4.2000e+01     5.101787e-01
  4.2285e+01     5.105802e-01
  4.2571e+01     5.109385e-01
  4.2857e+01     5.112582e-01
  4.3142e+01     5.115435e-01
  4.3428e+01     5.117979e-01
  4.3714e+01     5.120248e-01
  4.4000e+01     5.122272e-01
  4.4285e+01     5.124076e-01
  4.4571e+01     5.125684e-01
  4.4857e+01     5.127118e-01
  4.5142e+01     5.128396e-01
  4.5428e+01     5.129535e-01
  4.5714e+01     5.130550e-01
  4.6000e+01     5.131455e-01
  4.6285e+01     5.132261e-01
  4.6571e+01     5.132979e-01
  4.6857e+01     5.133619e-01
  4.7142e+01     5.134189e-01
  4.7428e+01     5.134698e-01
  4.7714e+01     5.135150e-01
  4.8000e+01     5.135554e-01
  4.8285e+01     5.135913e-01
  4.8571e+01     5.136233e-01
  4.8857e+01     5.136518e-01
  4.9142e+01     5.136772e-01
  4.9428e+01     5.136999e-01
  4.9714e+01     5.137200e-01
  5.0000e+01     5.137380e-01
  5.0285e+01     5.137540e-01
  5.0571e+01     5.137683e-01
  5.0857e+01     5.137810e-01
  5.1142e+01     5.137923e-01
  5.1428e+01     5.138023e-01
  5.1714e+01     5.138113e-01
  5.2000e+01     5.138193e-01
  5.2285e+01     5.138264e-01
  5.2571e+01     5.138328e-01
  5.2857e+01     5.138384e-01
  5.3142e+01     5.138435e-01
  5.3428e+01     5.138479e-01
  5.3714e+01     5.138519e-01
  5.4000e+01     5.138555e-01
  5.4285e+01     5.138587e-01
  5.4571e+01     5.138615e-01
  5.4857e+01     5.138640e-01
  5.5142e+01     5.138662e-01
  5.5428e+01     5.138682e-01
  5.5714e+01     5.138700e-01
  5.6000e+01     5.138716e-01
  5.6285e+01     5.138730e-01
  5.6571e+01     5.138743e-01
  5.6857e+01     5.138754e-01
  5.7142e+01     5.138764e-01
  5.7428e+01     5.138773e-01
  5.7714e+01     5.138781e-01
  5.8000e+01     5.138788e-01
  5.8285e+01     5.138794e-01
  5.8571e+01     5.138799e-01
  5.8857e+01     5.138804e-01
  5.9142e+01     5.138809e-01
  5.9428e+01     5.138813e-01
  5.9714e+01     5.138816e-01
