# Epidemic | immune members [ x-unit: transmission cycles | y-unit: ]
  0.0000e+00     0.000000e+00
  2.8571e-01     3.564285e-06
  5.7143e-01     7.128567e-06
  8.5714e-01     1.069284e-05
  1.1428e+00     1.425710e-05
  1.4285e+00     1.782135e-05
  1.7142e+00     2.138558e-05
  2.0000e+00     2.494979e-05
  2.2857e+00     2.851398e-05
  2.5714e+00     3.207813e-05
  2.8571e+00     3.564225e-05
  3.1428e+00     3.920634e-05
  3.4285e+00     4.277038e-05
  3.7142e+00     4.633438e-05
  4.0000e+00     4.989834e-05
  4.2857e+00     5.346224e-05
  4.5714e+00     5.702609e-05
  4.8571e+00     6.058988e-05
  5.1428e+00     6.415361e-05
  5.4285e+00     6.771727e-05
  5.7142e+00     7.128087e-05
  6.0000e+00     7.484439e-05
  6.2857e+00     7.840783e-05
  6.5714e+00     8.197120e-05
  6.8571e+00     8.553448e-05
  7.1428e+00     8.909767e-05
  7.4285e+00     9.266078e-05
  7.7142e+00     9.622378e-05
  8.0000e+00     9.978670e-05
  8.2857e+00     1.033495e-04
  8.5714e+00     1.069122e-04
  8.8571e+00     1.104748e-04
  9.1428e+00     1.140373e-04
  9.4285e+00     1.175996e-04
  9.7142e+00     1.211619e-04
  1.0000e+01     1.247240e-04
  1.0285e+01     1.282860e-04
  1.0571e+01     1.318479e-04
  1.0857e+01     1.354096e-04
  1.1142e+01     1.389712e-04
  1.1428e+01     1.425326e-04
  1.1714e+01     1.460939e-04
  1.2000e+01     1.496551e-04
  1.2285e+01     1.532161e-04
  1.2571e+01     1.567770e-04
  1.2857e+01     1.603376e-04
  1.3142e+01     1.638982e-04
  1.3428e+01     1.674585e-04
  1.3714e+01     1.710187e-04
  1.4000e+01     1.745787e-04
  1.4285e+01     1.781385e-04
  1.4571e+01     1.816982e-04
  1.4857e+01     1.852577e-04
  1.5142e+01     1.888169e-04
  1.5428e+01     1.923760e-04
  1.5714e+01     1.959349e-04
  1.6000e+01     1.994936e-04
  1.6285e+01     2.030521e-04
  1.6571e+01     2.066104e-04
  1.6857e+01     2.101684e-04
  1.7142e+01     2.137263e-04
  1.7428e+01     2.172839e-04
  1.7714e+01     2.208414e-04
  1.8000e+01     2.243985e-04
  1.8285e+01     2.279555e-04
  1.8571e+01     2.315122e-04
  1.8857e+01     2.350687e-04
  1.9142e+01     2.386250e-04
  1.9428e+01     2.421810e-04
  1.9714e+01     2.457368e-04
  2.0000e+01     2.492923e-04
  2.0285e+01     2.528475e-04
  2.0571e+01     2.564025e-04
  2.0857e+01     2.599573e-04
  2.1142e+01     2.635118e-04
  2.1428e+01     2.670660e-04
  2.1714e+01     2.706199e-04
  2.2000e+01     2.741736e-04
  2.2285e+01     2.777270e-04
  2.2571e+01     2.812801e-04
  2.2857e+01     2.848329e-04
  2.3142e+01     2.883854e-04
  2.3428e+01     2.919376e-04
  2.3714e+01     2.954896e-04
  2.4000e+01     2.990412e-04
  2.4285e+01     3.025925e-04
  2.4571e+01     3.061436e-04
  2.4857e+01     3.096943e-04
  2.5142e+01     3.132447e-04
  2.5428e+01     3.167948e-04
  2.5714e+01     3.203445e-04
  2.6000e+01     3.238939e-04
  2.6285e+01     3.274430e-04
  2.6571e+01     3.309918e-04
  2.6857e+01     3.345402e-04
  2.7142e+01     3.380883e-04
  2.7428e+01     3.416361e-04
  2.7714e+01     3.451835e-04
  2.8000e+01     3.487305e-04
  2.8285e+01     3.522772e-04
  2.8571e+01     3.558236e-04
  2.8857e+01     3.593696e-04
  2.9142e+01     3.629152e-04
  2.9428e+01     3.664604e-04
  2.9714e+01     3.700053e-04
  3.0000e+01     3.735498e-04
  3.0285e+01     3.770939e-04
  3.0571e+01     3.806376e-04
  3.0857e+01     3.841810e-04
  3.1142e+01     3.877240e-04
  3.1428e+01     3.912665e-04
  3.1714e+01     3.948087e-04
  3.2000e+01     3.983505e-04
  3.2285e+01     4.018918e-04
  3.2571e+01     4.054328e-04
  3.2857e+01     4.089733e-04
  3.3142e+01     4.125135e-04
  3.3428e+01     4.160532e-04
  3.3714e+01     4.195925e-04
  3.4000e+01     4.231313e-04
  3.4285e+01     4.266698e-04
  3.4571e+01     4.302078e-04
  3.4857e+01     4.337454e-04
  3.5142e+01     4.372825e-04
  3.5428e+01     4.408192e-04
  3.5714e+01     4.443554e-04
  3.6000e+01     4.478912e-04
  3.6285e+01     4.514265e-04
  3.6571e+01     4.549614e-04
  3.6857e+01     4.584959e-04
  3.7142e+01     4.620298e-04
  3.7428e+01     4.655633e-04
  3.7714e+01     4.690963e-04
  3.8000e+01     4.726289e-04
  3.8285e+01     4.761609e-04
  3.8571e+01     4.796925e-04
  3.8857e+01     4.832236e-04
  3.9142e+01     4.867542e-04
  3.9428e+01     4.902843e-04
  3.9714e+01     4.938140e-04
  4.0000e+01     4.973431e-04
  4.0285e+01     5.008717e-04
  4.0571e+01     5.043998e-04
  4.0857e+01     5.079274e-04
  4.1142e+01     5.114545e-04
  4.1428e+01     5.149811e-04
  4.1714e+01     5.185072e-04
  4.2000e+01     5.220327e-04
  4.2285e+01     5.255577e-04
  4.2571e+01     5.290822e-04
  4.2857e+01     5.326061e-04
  4.3142e+01     5.361295e-04
  4.3428e+01     5.396524e-04
  4.3714e+01     5.431747e-04
  4.4000e+01     5.466965e-04
  4.4285e+01     5.502177e-04
  4.4571e+01     5.537383e-04
  4.4857e+01     5.572585e-04
  4.5142e+01     5.607780e-04
  4.5428e+01     5.642970e-04
  4.5714e+01     5.678154e-04
  4.6000e+01     5.713332e-04
  4.6285e+01     5.748505e-04
  4.6571e+01     5.783672e-04
  4.6857e+01     5.818833e-04
  4.7142e+01     5.853988e-04
  4.7428e+01     5.889137e-04
  4.7714e+01     5.924281e-04
  4.8000e+01     5.959418e-04
  4.8285e+01     5.994549e-04
  4.8571e+01     6.029675e-04
  4.8857e+01     6.064794e-04
  4.9142e+01     6.099907e-04
  4.9428e+01     6.135014e-04
  4.9714e+01     6.170115e-04
  5.0000e+01     6.205210e-04
  5.0285e+01     6.240298e-04
  5.0571e+01     6.275380e-04
  5.0857e+01     6.310456e-04
  5.1142e+01     6.345526e-04
  5.1428e+01     6.380589e-04
  5.1714e+01     6.415646e-04
  5.2000e+01     6.450696e-04
  5.2285e+01     6.485740e-04
  5.2571e+01     6.520777e-04
  5.2857e+01     6.555808e-04
  5.3142e+01     6.590832e-04
  5.3428e+01     6.625850e-04
  5.3714e+01     6.660861e-04
  5.4000e+01     6.695865e-04
  5.4285e+01     6.730863e-04
  5.4571e+01     6.765854e-04
  5.4857e+01     6.800838e-04
  5.5142e+01     6.835815e-04
  5.5428e+01     6.870785e-04
  5.5714e+01     6.905749e-04
  5.6000e+01     6.940705e-04
  5.6285e+01     6.975655e-04
  5.6571e+01     7.010598e-04
  5.6857e+01     7.045533e-04
  5.7142e+01     7.080462e-04
  5.7428e+01     7.115383e-04
  5.7714e+01     7.150298e-04
  5.8000e+01     7.185205e-04
  5.8285e+01     7.220105e-04
  5.8571e+01     7.254998e-04
  5.8857e+01     7.289884e-04
  5.9142e+01     7.324762e-04
  5.9428e+01     7.359633e-04
  5.9714e+01     7.394497e-04
