# Epidemic | immune members [ x-unit: transmission cycles | y-unit: ]
  0.0000e+00     0.000000e+00
  2.8571e-01     4.191893e-06
  5.7143e-01     9.860143e-06
  8.5714e-01     1.752470e-05
  1.1428e+00     2.788863e-05
  1.4285e+00     4.190256e-05
  1.7142e+00     6.085191e-05
  2.0000e+00     8.647466e-05
  2.2857e+00     1.211208e-04
  2.5714e+00     1.679674e-04
  2.8571e+00     2.313101e-04
  3.1428e+00     3.169560e-04
  3.4285e+00     4.327554e-04
  3.7142e+00     5.893190e-04
  4.0000e+00     8.009872e-04
  4.2857e+00     1.087137e-03
  4.5714e+00     1.473946e-03
  4.8571e+00     1.996762e-03
  5.1428e+00     2.703302e-03
  5.4285e+00     3.657929e-03
  5.7142e+00     4.947398e-03
  6.0000e+00     6.688499e-03
  6.2857e+00     9.038221e-03
  6.5714e+00     1.220713e-02
  6.8571e+00     1.647685e-02
  7.1428e+00     2.222253e-02
  7.4285e+00     2.994123e-02
  7.7142e+00     4.028664e-02
  8.0000e+00     5.410949e-02
  8.2857e+00     7.250101e-02
  8.5714e+00     9.683205e-02
  8.8571e+00     1.287733e-01
  9.1428e+00     1.702690e-01
  9.4285e+00     2.234194e-01
  9.7142e+00     2.902034e-01
  1.0000e+01     3.719601e-01
  1.0285e+01     4.685631e-01
  1.0571e+01     5.773285e-01
  1.0857e+01     6.919564e-01
  1.1142e+01     8.022394e-01
  1.1428e+01     8.956395e-01
  1.1714e+01     9.614215e-01
  1.2000e+01     9.958755e-01
