# Epidemic | immune members [ x-unit: transmission cycles | y-unit: ]
  0.0000e+00     0.000000e+00
  2.8571e-01     3.414708e-06
  5.7143e-01     6.559967e-06
  8.5714e-01     9.457035e-06
  1.1428e+00     1.212550e-05
  1.4285e+00     1.458339e-05
  1.7142e+00     1.684732e-05
  2.0000e+00     1.893260e-05
  2.2857e+00     2.085333e-05
  2.5714e+00     2.262249e-05
  2.8571e+00     2.425204e-05
  3.1428e+00     2.575299e-05
  3.4285e+00     2.713550e-05
  3.7142e+00     2.840890e-05
  4.0000e+00     2.958182e-05
  4.2857e+00     3.066217e-05
  4.5714e+00     3.165727e-05
  4.8571e+00     3.257384e-05
  5.1428e+00     3.341808e-05
  5.4285e+00     3.419569e-05
  5.7142e+00     3.491194e-05
  6.0000e+00     3.557166e-05
  6.2857e+00     3.617932e-05
  6.5714e+00     3.673902e-05
  6.8571e+00     3.725455e-05
  7.1428e+00     3.772940e-05
  7.4285e+00     3.816678e-05
  7.7142e+00     3.856964e-05
  8.0000e+00     3.894070e-05
  8.2857e+00     3.928249e-05
  8.5714e+00     3.959730e-05
  8.8571e+00     3.988726e-05
  9.1428e+00     4.015434e-05
  9.4285e+00     4.040035e-05
  9.7142e+00     4.062694e-05
  1.0000e+01     4.083565e-05
  1.0285e+01     4.102788e-05
  1.0571e+01     4.120495e-05
  1.0857e+01     4.136804e-05
  1.1142e+01     4.151826e-05
  1.1428e+01     4.165663e-05
  1.1714e+01     4.178408e-05
  1.2000e+01     4.190146e-05
  1.2285e+01     4.200959e-05
  1.2571e+01     4.210918e-05
  1.2857e+01     4.220091e-05
  1.3142e+01     4.228540e-05
  1.3428e+01     4.236323e-05
  1.3714e+01     4.243491e-05
  1.4000e+01     4.250094e-05
  1.4285e+01     4.256175e-05
  1.4571e+01     4.261777e-05
  1.4857e+01     4.266936e-05
  1.5142e+01     4.271688e-05
  1.5428e+01     4.276066e-05
  1.5714e+01     4.280097e-05
  1.6000e+01     4.283811e-05
  1.6285e+01     4.287232e-05
  1.6571e+01     4.290382e-05
  1.6857e+01     4.293284e-05
  1.7142e+01     4.295957e-05
  1.7428e+01     4.298419e-05
  1.7714e+01     4.300687e-05
  1.8000e+01     4.302775e-05
  1.8285e+01     4.304699e-05
  1.8571e+01     4.306471e-05
  1.8857e+01     4.308104e-05
  1.9142e+01     4.309607e-05
  1.9428e+01     4.310992e-05
  1.9714e+01     4.312267e-05
  2.0000e+01     4.313442e-05
  2.0285e+01     4.314524e-05
  2.0571e+01     4.315521e-05
  2.0857e+01     4.316439e-05
  2.1142e+01     4.317284e-05
  2.1428e+01     4.318063e-05
  2.1714e+01     4.318781e-05
  2.2000e+01     4.319441e-05
  2.2285e+01     4.320050e-05
  2.2571e+01     4.320611e-05
  2.2857e+01     4.321127e-05
  2.3142e+01     4.321603e-05
  2.3428e+01     4.322041e-05
  2.3714e+01     4.322444e-05
  2.4000e+01     4.322816e-05
  2.4285e+01     4.323158e-05
  2.4571e+01     4.323474e-05
  2.4857e+01     4.323764e-05
  2.5142e+01     4.324031e-05
  2.5428e+01     4.324278e-05
  2.5714e+01     4.324505e-05
  2.6000e+01     4.324714e-05
  2.6285e+01     4.324906e-05
  2.6571e+01     4.325084e-05
  2.6857e+01     4.325247e-05
  2.7142e+01     4.325398e-05
  2.7428e+01     4.325536e-05
  2.7714e+01     4.325664e-05
  2.8000e+01     4.325781e-05
  2.8285e+01     4.325890e-05
  2.8571e+01     4.325989e-05
  2.8857e+01     4.326081e-05
  2.9142e+01     4.326166e-05
  2.9428e+01     4.326244e-05
  2.9714e+01     4.326316e-05
  3.0000e+01     4.326382e-05
  3.0285e+01     4.326443e-05
  3.0571e+01     4.326499e-05
  3.0857e+01     4.326550e-05
  3.1142e+01     4.326598e-05
  3.1428e+01     4.326642e-05
  3.1714e+01     4.326682e-05
  3.2000e+01     4.326719e-05
  3.2285e+01     4.326754e-05
  3.2571e+01     4.326785e-05
  3.2857e+01     4.326814e-05
  3.3142e+01     4.326841e-05
  3.3428e+01     4.326866e-05
  3.3714e+01     4.326888e-05
  3.4000e+01     4.326909e-05
  3.4285e+01     4.326929e-05
  3.4571e+01     4.326946e-05
  3.4857e+01     4.326963e-05
  3.5142e+01     4.326978e-05
  3.5428e+01     4.326992e-05
  3.5714e+01     4.327004e-05
  3.6000e+01     4.327016e-05
  3.6285e+01     4.327027e-05
  3.6571e+01     4.327037e-05
  3.6857e+01     4.327046e-05
  3.7142e+01     4.327055e-05
  3.7428e+01     4.327062e-05
  3.7714e+01     4.327070e-05
  3.8000e+01     4.327076e-05
  3.8285e+01     4.327082e-05
  3.8571e+01     4.327088e-05
  3.8857e+01     4.327093e-05
  3.9142e+01     4.327098e-05
  3.9428e+01     4.327102e-05
  3.9714e+01     4.327106e-05
  4.0000e+01     4.327110e-05
  4.0285e+01     4.327114e-05
  4.0571e+01     4.327117e-05
  4.0857e+01     4.327120e-05
  4.1142e+01     4.327122e-05
  4.1428e+01     4.327125e-05
  4.1714e+01     4.327127e-05
  4.2000e+01     4.327129e-05
  4.2285e+01     4.327131e-05
  4.2571e+01     4.327133e-05
  4.2857e+01     4.327134e-05
  4.3142e+01     4.327136e-05
  4.3428e+01     4.327137e-05
  4.3714e+01     4.327139e-05
  4.4000e+01     4.327140e-05
  4.4285e+01     4.327141e-05
  4.4571e+01     4.327142e-05
  4.4857e+01     4.327143e-05
  4.5142e+01     4.327144e-05
  4.5428e+01     4.327144e-05
  4.5714e+01     4.327145e-05
  4.6000e+01     4.327146e-05
  4.6285e+01     4.327146e-05
  4.6571e+01     4.327147e-05
  4.6857e+01     4.327147e-05
  4.7142e+01     4.327148e-05
  4.7428e+01     4.327148e-05
  4.7714e+01     4.327149e-05
  4.8000e+01     4.327149e-05
  4.8285e+01     4.327150e-05
  4.8571e+01     4.327150e-05
  4.8857e+01     4.327150e-05
  4.9142e+01     4.327150e-05
  4.9428e+01     4.327151e-05
  4.9714e+01     4.327151e-05
  5.0000e+01     4.327151e-05
  5.0285e+01     4.327151e-05
  5.0571e+01     4.327151e-05
  5.0857e+01     4.327152e-05
  5.1142e+01     4.327152e-05
  5.1428e+01     4.327152e-05
  5.1714e+01     4.327152e-05
  5.2000e+01     4.327152e-05
  5.2285e+01     4.327152e-05
  5.2571e+01     4.327152e-05
  5.2857e+01     4.327152e-05
  5.3142e+01     4.327153e-05
  5.3428e+01     4.327153e-05
  5.3714e+01     4.327153e-05
  5.4000e+01     4.327153e-05
  5.4285e+01     4.327153e-05
  5.4571e+01     4.327153e-05
  5.4857e+01     4.327153e-05
  5.5142e+01     4.327153e-05
  5.5428e+01     4.327153e-05
  5.5714e+01     4.327153e-05
  5.6000e+01     4.327153e-05
  5.6285e+01     4.327153e-05
  5.6571e+01     4.327153e-05
  5.6857e+01     4.327153e-05
  5.7142e+01     4.327153e-05
  5.7428e+01     4.327153e-05
  5.7714e+01     4.327153e-05
  5.8000e+01     4.327153e-05
  5.8285e+01     4.327153e-05
  5.8571e+01     4.327153e-05
  5.8857e+01     4.327153e-05
  5.9142e+01     4.327153e-05
  5.9428e+01     4.327153e-05
  5.9714e+01     4.327153e-05
