# Epidemic | immune members [ x-unit: transmission cycles | y-unit: ]
  0.0000e+00     0.000000e+00
  2.8571e-01     3.627987e-06
  5.7143e-01     7.380138e-06
  8.5714e-01     1.126070e-05
  1.1428e+00     1.527406e-05
  1.4285e+00     1.942475e-05
  1.7142e+00     2.371749e-05
  2.0000e+00     2.815711e-05
  2.2857e+00     3.274863e-05
  2.5714e+00     3.749726e-05
  2.8571e+00     4.240836e-05
  3.1428e+00     4.748748e-05
  3.4285e+00     5.274035e-05
  3.7142e+00     5.817293e-05
  4.0000e+00     6.379134e-05
  4.2857e+00     6.960194e-05
  4.5714e+00     7.561128e-05
  4.8571e+00     8.182616e-05
  5.1428e+00     8.825359e-05
  5.4285e+00     9.490083e-05
  5.7142e+00     1.017754e-04
  6.0000e+00     1.088850e-04
  6.2857e+00     1.162377e-04
  6.5714e+00     1.238419e-04
  6.8571e+00     1.317060e-04
  7.1428e+00     1.398389e-04
  7.4285e+00     1.482498e-04
  7.7142e+00     1.569483e-04
  8.0000e+00     1.659440e-04
  8.2857e+00     1.752472e-04
  8.5714e+00     1.848683e-04
  8.8571e+00     1.948181e-04
  9.1428e+00     2.051079e-04
  9.4285e+00     2.157493e-04
  9.7142e+00     2.267542e-04
  1.0000e+01     2.381349e-04
  1.0285e+01     2.499044e-04
  1.0571e+01     2.620758e-04
  1.0857e+01     2.746629e-04
  1.1142e+01     2.876797e-04
  1.1428e+01     3.011409e-04
  1.1714e+01     3.150616e-04
  1.2000e+01     3.294574e-04
  1.2285e+01     3.443445e-04
  1.2571e+01     3.597396e-04
  1.2857e+01     3.756600e-04
  1.3142e+01     3.921235e-04
  1.3428e+01     4.091485e-04
  1.3714e+01     4.267542e-04
  1.4000e+01     4.449601e-04
  1.4285e+01     4.637868e-04
  1.4571e+01     4.832552e-04
  1.4857e+01     5.033872e-04
  1.5142e+01     5.242051e-04
  1.5428e+01     5.457324e-04
  1.5714e+01     5.679929e-04
  1.6000e+01     5.910115e-04
  1.6285e+01     6.148139e-04
  1.6571e+01     6.394266e-04
  1.6857e+01     6.648770e-04
  1.7142e+01     6.911935e-04
  1.7428e+01     7.184052e-04
  1.7714e+01     7.465425e-04
  1.8000e+01     7.756365e-04
  1.8285e+01     8.057196e-04
  1.8571e+01     8.368251e-04
  1.8857e+01     8.689875e-04
  1.9142e+01     9.022423e-04
  1.9428e+01     9.366264e-04
  1.9714e+01     9.721778e-04
  2.0000e+01     1.008936e-03
  2.0285e+01     1.046941e-03
  2.0571e+01     1.086234e-03
  2.0857e+01     1.126860e-03
  2.1142e+01     1.168863e-03
  2.1428e+01     1.212289e-03
  2.1714e+01     1.257186e-03
  2.2000e+01     1.303602e-03
  2.2285e+01     1.351589e-03
  2.2571e+01     1.401199e-03
  2.2857e+01     1.452487e-03
  2.3142e+01     1.505508e-03
  2.3428e+01     1.560319e-03
  2.3714e+01     1.616982e-03
  2.4000e+01     1.675556e-03
  2.4285e+01     1.736106e-03
  2.4571e+01     1.798698e-03
  2.4857e+01     1.863398e-03
  2.5142e+01     1.930276e-03
  2.5428e+01     1.999406e-03
  2.5714e+01     2.070860e-03
  2.6000e+01     2.144716e-03
  2.6285e+01     2.221053e-03
  2.6571e+01     2.299952e-03
  2.6857e+01     2.381498e-03
  2.7142e+01     2.465777e-03
  2.7428e+01     2.552878e-03
  2.7714e+01     2.642895e-03
  2.8000e+01     2.735923e-03
  2.8285e+01     2.832058e-03
  2.8571e+01     2.931404e-03
  2.8857e+01     3.034063e-03
  2.9142e+01     3.140143e-03
  2.9428e+01     3.249755e-03
  2.9714e+01     3.363013e-03
  3.0000e+01     3.480034e-03
  3.0285e+01     3.600939e-03
  3.0571e+01     3.725854e-03
  3.0857e+01     3.854905e-03
  3.1142e+01     3.988226e-03
  3.1428e+01     4.125952e-03
  3.1714e+01     4.268223e-03
  3.2000e+01     4.415183e-03
  3.2285e+01     4.566981e-03
  3.2571e+01     4.723768e-03
  3.2857e+01     4.885701e-03
  3.3142e+01     5.052942e-03
  3.3428e+01     5.225656e-03
  3.3714e+01     5.404013e-03
  3.4000e+01     5.588189e-03
  3.4285e+01     5.778363e-03
  3.4571e+01     5.974719e-03
  3.4857e+01     6.177447e-03
  3.5142e+01     6.386742e-03
  3.5428e+01     6.602803e-03
  3.5714e+01     6.825836e-03
  3.6000e+01     7.056050e-03
  3.6285e+01     7.293660e-03
  3.6571e+01     7.538889e-03
  3.6857e+01     7.791961e-03
  3.7142e+01     8.053109e-03
  3.7428e+01     8.322570e-03
  3.7714e+01     8.600588e-03
  3.8000e+01     8.887410e-03
  3.8285e+01     9.183291e-03
  3.8571e+01     9.488492e-03
  3.8857e+01     9.803278e-03
  3.9142e+01     1.012792e-02
  3.9428e+01     1.046270e-02
  3.9714e+01     1.080789e-02
  4.0000e+01     1.116378e-02
  4.0285e+01     1.153068e-02
  4.0571e+01     1.190888e-02
  4.0857e+01     1.229868e-02
  4.1142e+01     1.270039e-02
  4.1428e+01     1.311434e-02
  4.1714e+01     1.354083e-02
  4.2000e+01     1.398021e-02
  4.2285e+01     1.443280e-02
  4.2571e+01     1.489893e-02
  4.2857e+01     1.537894e-02
  4.3142e+01     1.587319e-02
  4.3428e+01     1.638202e-02
  4.3714e+01     1.690577e-02
  4.4000e+01     1.744482e-02
  4.4285e+01     1.799951e-02
  4.4571e+01     1.857021e-02
  4.4857e+01     1.915728e-02
  4.5142e+01     1.976109e-02
  4.5428e+01     2.038201e-02
  4.5714e+01     2.102040e-02
  4.6000e+01     2.167664e-02
  4.6285e+01     2.235109e-02
  4.6571e+01     2.304413e-02
  4.6857e+01     2.375611e-02
  4.7142e+01     2.448742e-02
  4.7428e+01     2.523840e-02
  4.7714e+01     2.600941e-02
  4.8000e+01     2.680083e-02
  4.8285e+01     2.761298e-02
  4.8571e+01     2.844623e-02
  4.8857e+01     2.930090e-02
  4.9142e+01     3.017732e-02
  4.9428e+01     3.107583e-02
  4.9714e+01     3.199672e-02
  5.0000e+01     3.294031e-02
  5.0285e+01     3.390687e-02
  5.0571e+01     3.489669e-02
  5.0857e+01     3.591003e-02
  5.1142e+01     3.694713e-02
  5.1428e+01     3.800823e-02
  5.1714e+01     3.909353e-02
  5.2000e+01     4.020324e-02
  5.2285e+01     4.133752e-02
  5.2571e+01     4.249652e-02
  5.2857e+01     4.368038e-02
  5.3142e+01     4.488920e-02
  5.3428e+01     4.612306e-02
  5.3714e+01     4.738201e-02
  5.4000e+01     4.866607e-02
  5.4285e+01     4.997525e-02
  5.4571e+01     5.130950e-02
  5.4857e+01     5.266877e-02
  5.5142e+01     5.405294e-02
  5.5428e+01     5.546189e-02
  5.5714e+01     5.689544e-02
  5.6000e+01     5.835340e-02
  5.6285e+01     5.983553e-02
  5.6571e+01     6.134153e-02
  5.6857e+01     6.287111e-02
  5.7142e+01     6.442389e-02
  5.7428e+01     6.599948e-02
  5.7714e+01     6.759746e-02
  5.8000e+01     6.921733e-02
  5.8285e+01     7.085859e-02
  5.8571e+01     7.252067e-02
  5.8857e+01     7.420298e-02
  5.9142e+01     7.590488e-02
  5.9428e+01     7.762569e-02
  5.9714e+01     7.936469e-02
