# Epidemic | immune members [ x-unit: transmission cycles | y-unit: ]
  0.0000e+00     0.000000e+00
  5.7143e-02     7.381929e-07
  1.1429e-01     1.524213e-06
  1.7143e-01     2.361160e-06
  2.2857e-01     3.252333e-06
  2.8571e-01     4.201245e-06
  3.4286e-01     5.211637e-06
  4.0000e-01     6.287493e-06
  4.5714e-01     7.433053e-06
  5.1429e-01     8.652833e-06
  5.7143e-01     9.951643e-06
  6.2857e-01     1.133460e-05
  6.8571e-01     1.280716e-05
  7.4286e-01     1.437513e-05
  8.0000e-01     1.604468e-05
  8.5714e-01     1.782241e-05
  9.1429e-01     1.971531e-05
  9.7143e-01     2.173085e-05
  1.0285e+00     2.387697e-05
  1.0857e+00     2.616214e-05
  1.1428e+00     2.859537e-05
  1.2000e+00     3.118623e-05
  1.2571e+00     3.394496e-05
  1.3142e+00     3.688242e-05
  1.3714e+00     4.001019e-05
  1.4285e+00     4.334060e-05
  1.4857e+00     4.688679e-05
  1.5428e+00     5.066272e-05
  1.6000e+00     5.468328e-05
  1.6571e+00     5.896432e-05
  1.7142e+00     6.352272e-05
  1.7714e+00     6.837643e-05
  1.8285e+00     7.354461e-05
  1.8857e+00     7.904760e-05
  1.9428e+00     8.490711e-05
  2.0000e+00     9.114623e-05
  2.0571e+00     9.778955e-05
  2.1142e+00     1.048633e-04
  2.1714e+00     1.123952e-04
  2.2285e+00     1.204151e-04
  2.2857e+00     1.289546e-04
  2.3428e+00     1.380473e-04
  2.4000e+00     1.477290e-04
  2.4571e+00     1.580379e-04
  2.5142e+00     1.690146e-04
  2.5714e+00     1.807024e-04
  2.6285e+00     1.931473e-04
  2.6857e+00     2.063984e-04
  2.7428e+00     2.205078e-04
  2.8000e+00     2.355313e-04
  2.8571e+00     2.515278e-04
  2.9142e+00     2.685606e-04
  2.9714e+00     2.866966e-04
  3.0285e+00     3.060074e-04
  3.0857e+00     3.265689e-04
  3.1428e+00     3.484622e-04
  3.2000e+00     3.717736e-04
  3.2571e+00     3.965947e-04
  3.3142e+00     4.230235e-04
  3.3714e+00     4.511638e-04
  3.4285e+00     4.811266e-04
  3.4857e+00     5.130299e-04
  3.5428e+00     5.469991e-04
  3.6000e+00     5.831681e-04
  3.6571e+00     6.216792e-04
  3.7142e+00     6.626840e-04
  3.7714e+00     7.063439e-04
  3.8285e+00     7.528306e-04
  3.8857e+00     8.023271e-04
  3.9428e+00     8.550280e-04
  4.0000e+00     9.111407e-04
  4.0571e+00     9.708859e-04
  4.1142e+00     1.034498e-03
  4.1714e+00     1.102228e-03
  4.2285e+00     1.174342e-03
  4.2857e+00     1.251123e-03
  4.3428e+00     1.332872e-03
  4.4000e+00     1.419912e-03
  4.4571e+00     1.512583e-03
  4.5142e+00     1.611250e-03
  4.5714e+00     1.716300e-03
  4.6285e+00     1.828145e-03
  4.6857e+00     1.947224e-03
  4.7428e+00     2.074004e-03
  4.8000e+00     2.208983e-03
  4.8571e+00     2.352688e-03
  4.9142e+00     2.505684e-03
  4.9714e+00     2.668568e-03
  5.0285e+00     2.841980e-03
  5.0857e+00     3.026597e-03
  5.1428e+00     3.223141e-03
  5.2000e+00     3.432381e-03
  5.2571e+00     3.655133e-03
  5.3142e+00     3.892268e-03
  5.3714e+00     4.144711e-03
  5.4285e+00     4.413446e-03
  5.4857e+00     4.699520e-03
  5.5428e+00     5.004046e-03
  5.6000e+00     5.328210e-03
  5.6571e+00     5.673272e-03
  5.7142e+00     6.040570e-03
  5.7714e+00     6.431530e-03
  5.8285e+00     6.847667e-03
  5.8857e+00     7.290591e-03
  5.9428e+00     7.762016e-03
  6.0000e+00     8.263760e-03
  6.0571e+00     8.797759e-03
  6.1142e+00     9.366069e-03
  6.1714e+00     9.970874e-03
  6.2285e+00     1.061450e-02
  6.2857e+00     1.129940e-02
  6.3428e+00     1.202820e-02
  6.4000e+00     1.280369e-02
  6.4571e+00     1.362882e-02
  6.5142e+00     1.450671e-02
  6.5714e+00     1.544070e-02
  6.6285e+00     1.643432e-02
  6.6857e+00     1.749132e-02
  6.7428e+00     1.861566e-02
  6.8000e+00     1.981157e-02
  6.8571e+00     2.108350e-02
  6.9142e+00     2.243619e-02
  6.9714e+00     2.387465e-02
  7.0285e+00     2.540420e-02
  7.0857e+00     2.703045e-02
  7.1428e+00     2.875935e-02
  7.2000e+00     3.059720e-02
  7.2571e+00     3.255065e-02
  7.3142e+00     3.462674e-02
  7.3714e+00     3.683288e-02
  7.4285e+00     3.917692e-02
  7.4857e+00     4.166713e-02
  7.5428e+00     4.431224e-02
  7.6000e+00     4.712144e-02
  7.6571e+00     5.010440e-02
  7.7142e+00     5.327130e-02
  7.7714e+00     5.663284e-02
  7.8285e+00     6.020027e-02
  7.8857e+00     6.398537e-02
  7.9428e+00     6.800049e-02
  8.0000e+00     7.225856e-02
  8.0571e+00     7.677312e-02
  8.1142e+00     8.155826e-02
  8.1714e+00     8.662870e-02
  8.2285e+00     9.199975e-02
  8.2857e+00     9.768731e-02
  8.3428e+00     1.037079e-01
  8.4000e+00     1.100785e-01
  8.4571e+00     1.168168e-01
  8.5142e+00     1.239408e-01
  8.5714e+00     1.314693e-01
  8.6285e+00     1.394211e-01
  8.6857e+00     1.478158e-01
  8.7428e+00     1.566729e-01
  8.8000e+00     1.660125e-01
  8.8571e+00     1.758545e-01
  8.9142e+00     1.862188e-01
  8.9714e+00     1.971253e-01
  9.0285e+00     2.085936e-01
  9.0857e+00     2.206427e-01
  9.1428e+00     2.332907e-01
  9.2000e+00     2.465552e-01
  9.2571e+00     2.604523e-01
  9.3142e+00     2.749966e-01
  9.3714e+00     2.902011e-01
  9.4285e+00     3.060763e-01
  9.4857e+00     3.226306e-01
  9.5428e+00     3.398691e-01
  9.6000e+00     3.577936e-01
  9.6571e+00     3.764022e-01
  9.7142e+00     3.956885e-01
  9.7714e+00     4.156412e-01
  9.8285e+00     4.362439e-01
  9.8857e+00     4.574741e-01
  9.9428e+00     4.793028e-01
  1.0000e+01     5.016945e-01
  1.0057e+01     5.246058e-01
  1.0114e+01     5.479858e-01
  1.0171e+01     5.717755e-01
  1.0228e+01     5.959073e-01
  1.0285e+01     6.203050e-01
  1.0342e+01     6.448838e-01
  1.0400e+01     6.695506e-01
  1.0457e+01     6.942040e-01
  1.0514e+01     7.187348e-01
  1.0571e+01     7.430274e-01
  1.0628e+01     7.669600e-01
  1.0685e+01     7.904065e-01
  1.0742e+01     8.132378e-01
  1.0800e+01     8.353240e-01
  1.0857e+01     8.565359e-01
  1.0914e+01     8.767482e-01
  1.0971e+01     8.958412e-01
  1.1028e+01     9.137039e-01
  1.1085e+01     9.302364e-01
  1.1142e+01     9.453524e-01
  1.1200e+01     9.589807e-01
  1.1257e+01     9.710668e-01
  1.1314e+01     9.815711e-01
  1.1371e+01     9.904636e-01
  1.1428e+01     9.976974e-01
