# Epidemic | immune members [ x-unit: transmission cycles | y-unit: ]
  0.0000e+00     0.000000e+00
  2.8571e-01     3.789905e-06
  5.7143e-01     8.045298e-06
  8.5714e-01     1.282334e-05
  1.1428e+00     1.818823e-05
  1.4285e+00     2.421203e-05
  1.7142e+00     3.097564e-05
  2.0000e+00     3.856992e-05
  2.2857e+00     4.709688e-05
  2.5714e+00     5.667101e-05
  2.8571e+00     6.742091e-05
  3.1428e+00     7.949093e-05
  3.4285e+00     9.304312e-05
  3.7142e+00     1.082595e-04
  4.0000e+00     1.253442e-04
  4.2857e+00     1.445266e-04
  4.5714e+00     1.660643e-04
  4.8571e+00     1.902461e-04
  5.1428e+00     2.173966e-04
  5.4285e+00     2.478799e-04
  5.7142e+00     2.821048e-04
  6.0000e+00     3.205303e-04
  6.2857e+00     3.636714e-04
  6.5714e+00     4.121062e-04
  6.8571e+00     4.664836e-04
  7.1428e+00     5.275316e-04
  7.4285e+00     5.960675e-04
  7.7142e+00     6.730080e-04
  8.0000e+00     7.593820e-04
  8.2857e+00     8.563437e-04
  8.5714e+00     9.651879e-04
  8.8571e+00     1.087367e-03
  9.1428e+00     1.224510e-03
  9.4285e+00     1.378443e-03
  9.7142e+00     1.551214e-03
  1.0000e+01     1.745120e-03
  1.0285e+01     1.962733e-03
  1.0571e+01     2.206936e-03
  1.0857e+01     2.480959e-03
  1.1142e+01     2.788420e-03
  1.1428e+01     3.133369e-03
  1.1714e+01     3.520336e-03
  1.2000e+01     3.954394e-03
  1.2285e+01     4.441210e-03
  1.2571e+01     4.987121e-03
  1.2857e+01     5.599205e-03
  1.3142e+01     6.285361e-03
  1.3428e+01     7.054402e-03
  1.3714e+01     7.916147e-03
  1.4000e+01     8.881532e-03
  1.4285e+01     9.962718e-03
  1.4571e+01     1.117322e-02
  1.4857e+01     1.252802e-02
  1.5142e+01     1.404373e-02
  1.5428e+01     1.573872e-02
  1.5714e+01     1.763326e-02
  1.6000e+01     1.974965e-02
  1.6285e+01     2.211243e-02
  1.6571e+01     2.474845e-02
  1.6857e+01     2.768704e-02
  1.7142e+01     3.096009e-02
  1.7428e+01     3.460213e-02
  1.7714e+01     3.865041e-02
  1.8000e+01     4.314480e-02
  1.8285e+01     4.812777e-02
  1.8571e+01     5.364416e-02
  1.8857e+01     5.974090e-02
  1.9142e+01     6.646658e-02
  1.9428e+01     7.387082e-02
  1.9714e+01     8.200349e-02
  2.0000e+01     9.091368e-02
  2.0285e+01     1.006485e-01
  2.0571e+01     1.112514e-01
  2.0857e+01     1.227608e-01
  2.1142e+01     1.352074e-01
  2.1428e+01     1.486126e-01
  2.1714e+01     1.629858e-01
  2.2000e+01     1.783218e-01
  2.2285e+01     1.945986e-01
  2.2571e+01     2.117754e-01
  2.2857e+01     2.297903e-01
  2.3142e+01     2.485595e-01
  2.3428e+01     2.679769e-01
  2.3714e+01     2.879149e-01
  2.4000e+01     3.082264e-01
  2.4285e+01     3.287475e-01
  2.4571e+01     3.493027e-01
  2.4857e+01     3.697093e-01
  2.5142e+01     3.897847e-01
  2.5428e+01     4.093521e-01
  2.5714e+01     4.282473e-01
  2.6000e+01     4.463242e-01
  2.6285e+01     4.634601e-01
  2.6571e+01     4.795582e-01
  2.6857e+01     4.945501e-01
  2.7142e+01     5.083953e-01
  2.7428e+01     5.210802e-01
  2.7714e+01     5.326152e-01
  2.8000e+01     5.430314e-01
  2.8285e+01     5.523767e-01
  2.8571e+01     5.607116e-01
  2.8857e+01     5.681054e-01
  2.9142e+01     5.746324e-01
  2.9428e+01     5.803690e-01
  2.9714e+01     5.853913e-01
  3.0000e+01     5.897731e-01
  3.0285e+01     5.935843e-01
  3.0571e+01     5.968904e-01
  3.0857e+01     5.997516e-01
  3.1142e+01     6.022227e-01
  3.1428e+01     6.043530e-01
  3.1714e+01     6.061867e-01
  3.2000e+01     6.077631e-01
  3.2285e+01     6.091166e-01
  3.2571e+01     6.102776e-01
  3.2857e+01     6.112726e-01
  3.3142e+01     6.121248e-01
  3.3428e+01     6.128541e-01
  3.3714e+01     6.134780e-01
  3.4000e+01     6.140114e-01
  3.4285e+01     6.144673e-01
  3.4571e+01     6.148568e-01
  3.4857e+01     6.151895e-01
  3.5142e+01     6.154736e-01
  3.5428e+01     6.157162e-01
  3.5714e+01     6.159232e-01
  3.6000e+01     6.160999e-01
  3.6285e+01     6.162506e-01
  3.6571e+01     6.163793e-01
  3.6857e+01     6.164890e-01
  3.7142e+01     6.165827e-01
  3.7428e+01     6.166625e-01
  3.7714e+01     6.167307e-01
  3.8000e+01     6.167888e-01
  3.8285e+01     6.168383e-01
  3.8571e+01     6.168806e-01
  3.8857e+01     6.169166e-01
  3.9142e+01     6.169474e-01
  3.9428e+01     6.169736e-01
  3.9714e+01     6.169959e-01
  4.0000e+01     6.170150e-01
  4.0285e+01     6.170313e-01
  4.0571e+01     6.170451e-01
  4.0857e+01     6.170570e-01
  4.1142e+01     6.170670e-01
  4.1428e+01     6.170756e-01
  4.1714e+01     6.170830e-01
  4.2000e+01     6.170892e-01
  4.2285e+01     6.170945e-01
  4.2571e+01     6.170991e-01
  4.2857e+01     6.171030e-01
  4.3142e+01     6.171063e-01
  4.3428e+01     6.171091e-01
  4.3714e+01     6.171115e-01
  4.4000e+01     6.171135e-01
  4.4285e+01     6.171153e-01
  4.4571e+01     6.171168e-01
  4.4857e+01     6.171180e-01
  4.5142e+01     6.171191e-01
  4.5428e+01     6.171200e-01
  4.5714e+01     6.171208e-01
  4.6000e+01     6.171215e-01
  4.6285e+01     6.171221e-01
  4.6571e+01     6.171226e-01
  4.6857e+01     6.171230e-01
  4.7142e+01     6.171233e-01
  4.7428e+01     6.171236e-01
  4.7714e+01     6.171239e-01
  4.8000e+01     6.171241e-01
  4.8285e+01     6.171243e-01
  4.8571e+01     6.171245e-01
  4.8857e+01     6.171246e-01
  4.9142e+01     6.171247e-01
  4.9428e+01     6.171248e-01
  4.9714e+01     6.171249e-01
  5.0000e+01     6.171250e-01
  5.0285e+01     6.171250e-01
  5.0571e+01     6.171251e-01
  5.0857e+01     6.171251e-01
  5.1142e+01     6.171252e-01
  5.1428e+01     6.171252e-01
  5.1714e+01     6.171252e-01
  5.2000e+01     6.171252e-01
  5.2285e+01     6.171253e-01
  5.2571e+01     6.171253e-01
  5.2857e+01     6.171253e-01
  5.3142e+01     6.171253e-01
  5.3428e+01     6.171253e-01
  5.3714e+01     6.171253e-01
  5.4000e+01     6.171253e-01
  5.4285e+01     6.171253e-01
  5.4571e+01     6.171253e-01
  5.4857e+01     6.171254e-01
  5.5142e+01     6.171254e-01
  5.5428e+01     6.171254e-01
  5.5714e+01     6.171254e-01
  5.6000e+01     6.171254e-01
  5.6285e+01     6.171254e-01
  5.6571e+01     6.171254e-01
  5.6857e+01     6.171254e-01
  5.7142e+01     6.171254e-01
  5.7428e+01     6.171254e-01
  5.7714e+01     6.171254e-01
  5.8000e+01     6.171254e-01
  5.8285e+01     6.171254e-01
  5.8571e+01     6.171254e-01
  5.8857e+01     6.171254e-01
  5.9142e+01     6.171254e-01
  5.9428e+01     6.171254e-01
  5.9714e+01     6.171254e-01
