# Epidemic | immune members [ x-unit: transmission cycles | y-unit: ]
  0.0000e+00     0.000000e+00
  2.8571e-01     3.493815e-06
  5.7143e-01     6.856842e-06
  8.5714e-01     1.009397e-05
  1.1428e+00     1.320992e-05
  1.4285e+00     1.620922e-05
  1.7142e+00     1.909622e-05
  2.0000e+00     2.187515e-05
  2.2857e+00     2.455003e-05
  2.5714e+00     2.712477e-05
  2.8571e+00     2.960310e-05
  3.1428e+00     3.198864e-05
  3.4285e+00     3.428487e-05
  3.7142e+00     3.649511e-05
  4.0000e+00     3.862260e-05
  4.2857e+00     4.067043e-05
  4.5714e+00     4.264158e-05
  4.8571e+00     4.453891e-05
  5.1428e+00     4.636520e-05
  5.4285e+00     4.812311e-05
  5.7142e+00     4.981518e-05
  6.0000e+00     5.144390e-05
  6.2857e+00     5.301162e-05
  6.5714e+00     5.452063e-05
  6.8571e+00     5.597314e-05
  7.1428e+00     5.737125e-05
  7.4285e+00     5.871700e-05
  7.7142e+00     6.001235e-05
  8.0000e+00     6.125920e-05
  8.2857e+00     6.245935e-05
  8.5714e+00     6.361455e-05
  8.8571e+00     6.472649e-05
  9.1428e+00     6.579679e-05
  9.4285e+00     6.682700e-05
  9.7142e+00     6.781863e-05
  1.0000e+01     6.877312e-05
  1.0285e+01     6.969187e-05
  1.0571e+01     7.057620e-05
  1.0857e+01     7.142741e-05
  1.1142e+01     7.224675e-05
  1.1428e+01     7.303539e-05
  1.1714e+01     7.379450e-05
  1.2000e+01     7.452518e-05
  1.2285e+01     7.522849e-05
  1.2571e+01     7.590546e-05
  1.2857e+01     7.655707e-05
  1.3142e+01     7.718428e-05
  1.3428e+01     7.778800e-05
  1.3714e+01     7.836910e-05
  1.4000e+01     7.892844e-05
  1.4285e+01     7.946683e-05
  1.4571e+01     7.998506e-05
  1.4857e+01     8.048387e-05
  1.5142e+01     8.096400e-05
  1.5428e+01     8.142615e-05
  1.5714e+01     8.187099e-05
  1.6000e+01     8.229916e-05
  1.6285e+01     8.271130e-05
  1.6571e+01     8.310800e-05
  1.6857e+01     8.348984e-05
  1.7142e+01     8.385738e-05
  1.7428e+01     8.421115e-05
  1.7714e+01     8.455167e-05
  1.8000e+01     8.487944e-05
  1.8285e+01     8.519493e-05
  1.8571e+01     8.549860e-05
  1.8857e+01     8.579090e-05
  1.9142e+01     8.607225e-05
  1.9428e+01     8.634306e-05
  1.9714e+01     8.660373e-05
  2.0000e+01     8.685463e-05
  2.0285e+01     8.709614e-05
  2.0571e+01     8.732860e-05
  2.0857e+01     8.755235e-05
  2.1142e+01     8.776772e-05
  2.1428e+01     8.797502e-05
  2.1714e+01     8.817456e-05
  2.2000e+01     8.836662e-05
  2.2285e+01     8.855149e-05
  2.2571e+01     8.872944e-05
  2.2857e+01     8.890072e-05
  2.3142e+01     8.906558e-05
  2.3428e+01     8.922427e-05
  2.3714e+01     8.937702e-05
  2.4000e+01     8.952404e-05
  2.4285e+01     8.966555e-05
  2.4571e+01     8.980177e-05
  2.4857e+01     8.993288e-05
  2.5142e+01     9.005908e-05
  2.5428e+01     9.018056e-05
  2.5714e+01     9.029748e-05
  2.6000e+01     9.041003e-05
  2.6285e+01     9.051835e-05
  2.6571e+01     9.062263e-05
  2.6857e+01     9.072299e-05
  2.7142e+01     9.081960e-05
  2.7428e+01     9.091258e-05
  2.7714e+01     9.100209e-05
  2.8000e+01     9.108824e-05
  2.8285e+01     9.117116e-05
  2.8571e+01     9.125098e-05
  2.8857e+01     9.132781e-05
  2.9142e+01     9.140176e-05
  2.9428e+01     9.147294e-05
  2.9714e+01     9.154145e-05
  3.0000e+01     9.160740e-05
  3.0285e+01     9.167087e-05
  3.0571e+01     9.173197e-05
  3.0857e+01     9.179078e-05
  3.1142e+01     9.184739e-05
  3.1428e+01     9.190188e-05
  3.1714e+01     9.195432e-05
  3.2000e+01     9.200481e-05
  3.2285e+01     9.205340e-05
  3.2571e+01     9.210017e-05
  3.2857e+01     9.214519e-05
  3.3142e+01     9.218852e-05
  3.3428e+01     9.223023e-05
  3.3714e+01     9.227037e-05
  3.4000e+01     9.230902e-05
  3.4285e+01     9.234621e-05
  3.4571e+01     9.238201e-05
  3.4857e+01     9.241647e-05
  3.5142e+01     9.244964e-05
  3.5428e+01     9.248157e-05
  3.5714e+01     9.251230e-05
  3.6000e+01     9.254188e-05
  3.6285e+01     9.257036e-05
  3.6571e+01     9.259776e-05
  3.6857e+01     9.262414e-05
  3.7142e+01     9.264953e-05
  3.7428e+01     9.267397e-05
  3.7714e+01     9.269750e-05
  3.8000e+01     9.272014e-05
  3.8285e+01     9.274194e-05
  3.8571e+01     9.276291e-05
  3.8857e+01     9.278311e-05
  3.9142e+01     9.280254e-05
  3.9428e+01     9.282125e-05
  3.9714e+01     9.283926e-05
  4.0000e+01     9.285659e-05
  4.0285e+01     9.287328e-05
  4.0571e+01     9.288934e-05
  4.0857e+01     9.290479e-05
  4.1142e+01     9.291967e-05
  4.1428e+01     9.293399e-05
  4.1714e+01     9.294778e-05
  4.2000e+01     9.296104e-05
  4.2285e+01     9.297382e-05
  4.2571e+01     9.298611e-05
  4.2857e+01     9.299794e-05
  4.3142e+01     9.300933e-05
  4.3428e+01     9.302029e-05
  4.3714e+01     9.303084e-05
  4.4000e+01     9.304100e-05
  4.4285e+01     9.305078e-05
  4.4571e+01     9.306019e-05
  4.4857e+01     9.306924e-05
  4.5142e+01     9.307796e-05
  4.5428e+01     9.308635e-05
  4.5714e+01     9.309443e-05
  4.6000e+01     9.310221e-05
  4.6285e+01     9.310969e-05
  4.6571e+01     9.311689e-05
  4.6857e+01     9.312383e-05
  4.7142e+01     9.313050e-05
  4.7428e+01     9.313692e-05
  4.7714e+01     9.314311e-05
  4.8000e+01     9.314906e-05
  4.8285e+01     9.315479e-05
  4.8571e+01     9.316030e-05
  4.8857e+01     9.316561e-05
  4.9142e+01     9.317072e-05
  4.9428e+01     9.317563e-05
  4.9714e+01     9.318037e-05
  5.0000e+01     9.318492e-05
  5.0285e+01     9.318931e-05
  5.0571e+01     9.319353e-05
  5.0857e+01     9.319759e-05
  5.1142e+01     9.320150e-05
  5.1428e+01     9.320526e-05
  5.1714e+01     9.320889e-05
  5.2000e+01     9.321237e-05
  5.2285e+01     9.321573e-05
  5.2571e+01     9.321896e-05
  5.2857e+01     9.322207e-05
  5.3142e+01     9.322506e-05
  5.3428e+01     9.322795e-05
  5.3714e+01     9.323072e-05
  5.4000e+01     9.323339e-05
  5.4285e+01     9.323596e-05
  5.4571e+01     9.323843e-05
  5.4857e+01     9.324081e-05
  5.5142e+01     9.324310e-05
  5.5428e+01     9.324531e-05
  5.5714e+01     9.324743e-05
  5.6000e+01     9.324948e-05
  5.6285e+01     9.325144e-05
  5.6571e+01     9.325334e-05
  5.6857e+01     9.325516e-05
  5.7142e+01     9.325691e-05
  5.7428e+01     9.325860e-05
  5.7714e+01     9.326023e-05
  5.8000e+01     9.326179e-05
  5.8285e+01     9.326329e-05
  5.8571e+01     9.326474e-05
  5.8857e+01     9.326614e-05
  5.9142e+01     9.326748e-05
  5.9428e+01     9.326877e-05
  5.9714e+01     9.327002e-05
