# Epidemic | deceased members [ x-unit: transmission cycles | y-unit: ]
  0.0000e+00     0.000000e+00
  2.8571e-01     7.142856e-09
  5.7143e-01     1.428570e-08
  8.5714e-01     2.142854e-08
  1.1428e+00     2.857135e-08
  1.4285e+00     3.571413e-08
  1.7142e+00     4.285688e-08
  2.0000e+00     4.999958e-08
  2.2857e+00     5.714224e-08
  2.5714e+00     6.428483e-08
  2.8571e+00     7.142736e-08
  3.1428e+00     7.856981e-08
  3.4285e+00     8.571219e-08
  3.7142e+00     9.285447e-08
  4.0000e+00     9.999667e-08
  4.2857e+00     1.071388e-07
  4.5714e+00     1.142807e-07
  4.8571e+00     1.214226e-07
  5.1428e+00     1.285643e-07
  5.4285e+00     1.357060e-07
  5.7142e+00     1.428474e-07
  6.0000e+00     1.499888e-07
  6.2857e+00     1.571299e-07
  6.5714e+00     1.642709e-07
  6.8571e+00     1.714118e-07
  7.1428e+00     1.785524e-07
  7.4285e+00     1.856929e-07
  7.7142e+00     1.928332e-07
  8.0000e+00     1.999733e-07
  8.2857e+00     2.071132e-07
  8.5714e+00     2.142529e-07
  8.8571e+00     2.213924e-07
  9.1428e+00     2.285316e-07
  9.4285e+00     2.356706e-07
  9.7142e+00     2.428094e-07
  1.0000e+01     2.499479e-07
  1.0285e+01     2.570862e-07
  1.0571e+01     2.642242e-07
  1.0857e+01     2.713619e-07
  1.1142e+01     2.784994e-07
  1.1428e+01     2.856366e-07
  1.1714e+01     2.927734e-07
  1.2000e+01     2.999100e-07
  1.2285e+01     3.070463e-07
  1.2571e+01     3.141823e-07
  1.2857e+01     3.213179e-07
  1.3142e+01     3.284532e-07
  1.3428e+01     3.355882e-07
  1.3714e+01     3.427229e-07
  1.4000e+01     3.498571e-07
  1.4285e+01     3.569911e-07
  1.4571e+01     3.641247e-07
  1.4857e+01     3.712579e-07
  1.5142e+01     3.783907e-07
  1.5428e+01     3.855231e-07
  1.5714e+01     3.926552e-07
  1.6000e+01     3.997868e-07
  1.6285e+01     4.069180e-07
  1.6571e+01     4.140488e-07
  1.6857e+01     4.211792e-07
  1.7142e+01     4.283092e-07
  1.7428e+01     4.354388e-07
  1.7714e+01     4.425678e-07
  1.8000e+01     4.496965e-07
  1.8285e+01     4.568247e-07
  1.8571e+01     4.639524e-07
  1.8857e+01     4.710796e-07
  1.9142e+01     4.782064e-07
  1.9428e+01     4.853327e-07
  1.9714e+01     4.924584e-07
  2.0000e+01     4.995837e-07
  2.0285e+01     5.067085e-07
  2.0571e+01     5.138328e-07
  2.0857e+01     5.209565e-07
  2.1142e+01     5.280797e-07
  2.1428e+01     5.352024e-07
  2.1714e+01     5.423245e-07
  2.2000e+01     5.494460e-07
  2.2285e+01     5.565671e-07
  2.2571e+01     5.636875e-07
  2.2857e+01     5.708074e-07
  2.3142e+01     5.779267e-07
  2.3428e+01     5.850454e-07
  2.3714e+01     5.921635e-07
  2.4000e+01     5.992810e-07
  2.4285e+01     6.063979e-07
  2.4571e+01     6.135142e-07
  2.4857e+01     6.206298e-07
  2.5142e+01     6.277448e-07
  2.5428e+01     6.348592e-07
  2.5714e+01     6.419730e-07
  2.6000e+01     6.490861e-07
  2.6285e+01     6.561985e-07
  2.6571e+01     6.633102e-07
  2.6857e+01     6.704213e-07
  2.7142e+01     6.775317e-07
  2.7428e+01     6.846415e-07
  2.7714e+01     6.917505e-07
  2.8000e+01     6.988588e-07
  2.8285e+01     7.059664e-07
  2.8571e+01     7.130733e-07
  2.8857e+01     7.201795e-07
  2.9142e+01     7.272849e-07
  2.9428e+01     7.343896e-07
  2.9714e+01     7.414936e-07
  3.0000e+01     7.485968e-07
  3.0285e+01     7.556992e-07
  3.0571e+01     7.628009e-07
  3.0857e+01     7.699018e-07
  3.1142e+01     7.770019e-07
  3.1428e+01     7.841012e-07
  3.1714e+01     7.911998e-07
  3.2000e+01     7.982975e-07
  3.2285e+01     8.053944e-07
  3.2571e+01     8.124906e-07
  3.2857e+01     8.195858e-07
  3.3142e+01     8.266803e-07
  3.3428e+01     8.337739e-07
  3.3714e+01     8.408667e-07
  3.4000e+01     8.479586e-07
  3.4285e+01     8.550497e-07
  3.4571e+01     8.621399e-07
  3.4857e+01     8.692292e-07
  3.5142e+01     8.763176e-07
  3.5428e+01     8.834052e-07
  3.5714e+01     8.904918e-07
  3.6000e+01     8.975776e-07
  3.6285e+01     9.046624e-07
  3.6571e+01     9.117464e-07
  3.6857e+01     9.188294e-07
  3.7142e+01     9.259114e-07
  3.7428e+01     9.329926e-07
  3.7714e+01     9.400728e-07
  3.8000e+01     9.471520e-07
  3.8285e+01     9.542303e-07
  3.8571e+01     9.613076e-07
  3.8857e+01     9.683840e-07
  3.9142e+01     9.754594e-07
  3.9428e+01     9.825337e-07
  3.9714e+01     9.896071e-07
  4.0000e+01     9.966795e-07
  4.0285e+01     1.003751e-06
  4.0571e+01     1.010821e-06
  4.0857e+01     1.017891e-06
  4.1142e+01     1.024959e-06
  4.1428e+01     1.032026e-06
  4.1714e+01     1.039092e-06
  4.2000e+01     1.046158e-06
  4.2285e+01     1.053222e-06
  4.2571e+01     1.060285e-06
  4.2857e+01     1.067347e-06
  4.3142e+01     1.074408e-06
  4.3428e+01     1.081468e-06
  4.3714e+01     1.088526e-06
  4.4000e+01     1.095584e-06
  4.4285e+01     1.102641e-06
  4.4571e+01     1.109696e-06
  4.4857e+01     1.116750e-06
  4.5142e+01     1.123804e-06
  4.5428e+01     1.130856e-06
  4.5714e+01     1.137907e-06
  4.6000e+01     1.144956e-06
  4.6285e+01     1.152005e-06
  4.6571e+01     1.159052e-06
  4.6857e+01     1.166099e-06
  4.7142e+01     1.173144e-06
  4.7428e+01     1.180188e-06
  4.7714e+01     1.187231e-06
  4.8000e+01     1.194272e-06
  4.8285e+01     1.201312e-06
  4.8571e+01     1.208352e-06
  4.8857e+01     1.215390e-06
  4.9142e+01     1.222426e-06
  4.9428e+01     1.229462e-06
  4.9714e+01     1.236496e-06
  5.0000e+01     1.243529e-06
  5.0285e+01     1.250561e-06
  5.0571e+01     1.257591e-06
  5.0857e+01     1.264621e-06
  5.1142e+01     1.271648e-06
  5.1428e+01     1.278675e-06
  5.1714e+01     1.285701e-06
  5.2000e+01     1.292725e-06
  5.2285e+01     1.299747e-06
  5.2571e+01     1.306769e-06
  5.2857e+01     1.313789e-06
  5.3142e+01     1.320808e-06
  5.3428e+01     1.327826e-06
  5.3714e+01     1.334842e-06
  5.4000e+01     1.341857e-06
  5.4285e+01     1.348870e-06
  5.4571e+01     1.355882e-06
  5.4857e+01     1.362893e-06
  5.5142e+01     1.369903e-06
  5.5428e+01     1.376911e-06
  5.5714e+01     1.383918e-06
  5.6000e+01     1.390923e-06
  5.6285e+01     1.397927e-06
  5.6571e+01     1.404929e-06
  5.6857e+01     1.411931e-06
  5.7142e+01     1.418930e-06
  5.7428e+01     1.425929e-06
  5.7714e+01     1.432925e-06
  5.8000e+01     1.439921e-06
  5.8285e+01     1.446915e-06
  5.8571e+01     1.453907e-06
  5.8857e+01     1.460899e-06
  5.9142e+01     1.467888e-06
  5.9428e+01     1.474876e-06
  5.9714e+01     1.481863e-06
