# Epidemic | deceased members [ x-unit: transmission cycles | y-unit: ]
  0.0000e+00     0.000000e+00
  2.8571e-01     7.001633e-09
  5.7143e-01     1.374117e-08
  8.5714e-01     2.022840e-08
  1.1428e+00     2.647279e-08
  1.4285e+00     3.248340e-08
  1.7142e+00     3.826899e-08
  2.0000e+00     4.383797e-08
  2.2857e+00     4.919846e-08
  2.5714e+00     5.435825e-08
  2.8571e+00     5.932485e-08
  3.1428e+00     6.410550e-08
  3.4285e+00     6.870715e-08
  3.7142e+00     7.313650e-08
  4.0000e+00     7.740001e-08
  4.2857e+00     8.150387e-08
  4.5714e+00     8.545406e-08
  4.8571e+00     8.925634e-08
  5.1428e+00     9.291624e-08
  5.4285e+00     9.643909e-08
  5.7142e+00     9.983003e-08
  6.0000e+00     1.030940e-07
  6.2857e+00     1.062357e-07
  6.5714e+00     1.092598e-07
  6.8571e+00     1.121706e-07
  7.1428e+00     1.149724e-07
  7.4285e+00     1.176693e-07
  7.7142e+00     1.202652e-07
  8.0000e+00     1.227639e-07
  8.2857e+00     1.251690e-07
  8.5714e+00     1.274841e-07
  8.8571e+00     1.297124e-07
  9.1428e+00     1.318573e-07
  9.4285e+00     1.339218e-07
  9.7142e+00     1.359091e-07
  1.0000e+01     1.378219e-07
  1.0285e+01     1.396631e-07
  1.0571e+01     1.414353e-07
  1.0857e+01     1.431411e-07
  1.1142e+01     1.447831e-07
  1.1428e+01     1.463635e-07
  1.1714e+01     1.478848e-07
  1.2000e+01     1.493491e-07
  1.2285e+01     1.507585e-07
  1.2571e+01     1.521152e-07
  1.2857e+01     1.534210e-07
  1.3142e+01     1.546779e-07
  1.3428e+01     1.558878e-07
  1.3714e+01     1.570523e-07
  1.4000e+01     1.581732e-07
  1.4285e+01     1.592522e-07
  1.4571e+01     1.602907e-07
  1.4857e+01     1.612903e-07
  1.5142e+01     1.622525e-07
  1.5428e+01     1.631787e-07
  1.5714e+01     1.640701e-07
  1.6000e+01     1.649282e-07
  1.6285e+01     1.657541e-07
  1.6571e+01     1.665491e-07
  1.6857e+01     1.673143e-07
  1.7142e+01     1.680509e-07
  1.7428e+01     1.687598e-07
  1.7714e+01     1.694422e-07
  1.8000e+01     1.700991e-07
  1.8285e+01     1.707313e-07
  1.8571e+01     1.713399e-07
  1.8857e+01     1.719257e-07
  1.9142e+01     1.724895e-07
  1.9428e+01     1.730322e-07
  1.9714e+01     1.735546e-07
  2.0000e+01     1.740574e-07
  2.0285e+01     1.745414e-07
  2.0571e+01     1.750072e-07
  2.0857e+01     1.754556e-07
  2.1142e+01     1.758872e-07
  2.1428e+01     1.763026e-07
  2.1714e+01     1.767025e-07
  2.2000e+01     1.770874e-07
  2.2285e+01     1.774579e-07
  2.2571e+01     1.778145e-07
  2.2857e+01     1.781578e-07
  2.3142e+01     1.784881e-07
  2.3428e+01     1.788062e-07
  2.3714e+01     1.791123e-07
  2.4000e+01     1.794069e-07
  2.4285e+01     1.796905e-07
  2.4571e+01     1.799635e-07
  2.4857e+01     1.802262e-07
  2.5142e+01     1.804791e-07
  2.5428e+01     1.807226e-07
  2.5714e+01     1.809569e-07
  2.6000e+01     1.811824e-07
  2.6285e+01     1.813995e-07
  2.6571e+01     1.816085e-07
  2.6857e+01     1.818096e-07
  2.7142e+01     1.820032e-07
  2.7428e+01     1.821895e-07
  2.7714e+01     1.823689e-07
  2.8000e+01     1.825416e-07
  2.8285e+01     1.827077e-07
  2.8571e+01     1.828677e-07
  2.8857e+01     1.830217e-07
  2.9142e+01     1.831699e-07
  2.9428e+01     1.833125e-07
  2.9714e+01     1.834498e-07
  3.0000e+01     1.835820e-07
  3.0285e+01     1.837092e-07
  3.0571e+01     1.838316e-07
  3.0857e+01     1.839495e-07
  3.1142e+01     1.840629e-07
  3.1428e+01     1.841721e-07
  3.1714e+01     1.842772e-07
  3.2000e+01     1.843784e-07
  3.2285e+01     1.844757e-07
  3.2571e+01     1.845695e-07
  3.2857e+01     1.846597e-07
  3.3142e+01     1.847465e-07
  3.3428e+01     1.848301e-07
  3.3714e+01     1.849106e-07
  3.4000e+01     1.849880e-07
  3.4285e+01     1.850625e-07
  3.4571e+01     1.851343e-07
  3.4857e+01     1.852034e-07
  3.5142e+01     1.852698e-07
  3.5428e+01     1.853338e-07
  3.5714e+01     1.853954e-07
  3.6000e+01     1.854547e-07
  3.6285e+01     1.855117e-07
  3.6571e+01     1.855667e-07
  3.6857e+01     1.856195e-07
  3.7142e+01     1.856704e-07
  3.7428e+01     1.857194e-07
  3.7714e+01     1.857665e-07
  3.8000e+01     1.858119e-07
  3.8285e+01     1.858556e-07
  3.8571e+01     1.858976e-07
  3.8857e+01     1.859381e-07
  3.9142e+01     1.859770e-07
  3.9428e+01     1.860145e-07
  3.9714e+01     1.860506e-07
  4.0000e+01     1.860854e-07
  4.0285e+01     1.861188e-07
  4.0571e+01     1.861510e-07
  4.0857e+01     1.861820e-07
  4.1142e+01     1.862118e-07
  4.1428e+01     1.862405e-07
  4.1714e+01     1.862681e-07
  4.2000e+01     1.862947e-07
  4.2285e+01     1.863203e-07
  4.2571e+01     1.863449e-07
  4.2857e+01     1.863686e-07
  4.3142e+01     1.863914e-07
  4.3428e+01     1.864134e-07
  4.3714e+01     1.864346e-07
  4.4000e+01     1.864549e-07
  4.4285e+01     1.864745e-07
  4.4571e+01     1.864934e-07
  4.4857e+01     1.865115e-07
  4.5142e+01     1.865290e-07
  4.5428e+01     1.865458e-07
  4.5714e+01     1.865620e-07
  4.6000e+01     1.865776e-07
  4.6285e+01     1.865926e-07
  4.6571e+01     1.866070e-07
  4.6857e+01     1.866209e-07
  4.7142e+01     1.866343e-07
  4.7428e+01     1.866471e-07
  4.7714e+01     1.866595e-07
  4.8000e+01     1.866715e-07
  4.8285e+01     1.866829e-07
  4.8571e+01     1.866940e-07
  4.8857e+01     1.867046e-07
  4.9142e+01     1.867149e-07
  4.9428e+01     1.867247e-07
  4.9714e+01     1.867342e-07
  5.0000e+01     1.867433e-07
  5.0285e+01     1.867521e-07
  5.0571e+01     1.867606e-07
  5.0857e+01     1.867687e-07
  5.1142e+01     1.867766e-07
  5.1428e+01     1.867841e-07
  5.1714e+01     1.867914e-07
  5.2000e+01     1.867983e-07
  5.2285e+01     1.868051e-07
  5.2571e+01     1.868115e-07
  5.2857e+01     1.868178e-07
  5.3142e+01     1.868238e-07
  5.3428e+01     1.868296e-07
  5.3714e+01     1.868351e-07
  5.4000e+01     1.868405e-07
  5.4285e+01     1.868456e-07
  5.4571e+01     1.868506e-07
  5.4857e+01     1.868553e-07
  5.5142e+01     1.868599e-07
  5.5428e+01     1.868643e-07
  5.5714e+01     1.868686e-07
  5.6000e+01     1.868727e-07
  5.6285e+01     1.868766e-07
  5.6571e+01     1.868804e-07
  5.6857e+01     1.868841e-07
  5.7142e+01     1.868876e-07
  5.7428e+01     1.868910e-07
  5.7714e+01     1.868942e-07
  5.8000e+01     1.868974e-07
  5.8285e+01     1.869004e-07
  5.8571e+01     1.869033e-07
  5.8857e+01     1.869061e-07
  5.9142e+01     1.869088e-07
  5.9428e+01     1.869114e-07
  5.9714e+01     1.869139e-07
