# Epidemic | deceased members [ x-unit: transmission cycles | y-unit: ]
  0.0000e+00     0.000000e+00
  2.8571e-01     7.938420e-09
  5.7143e-01     1.761545e-08
  8.5714e-01     2.941186e-08
  1.1428e+00     4.379177e-08
  1.4285e+00     6.132097e-08
  1.7142e+00     8.268912e-08
  2.0000e+00     1.087369e-07
  2.2857e+00     1.404889e-07
  2.5714e+00     1.791944e-07
  2.8571e+00     2.263756e-07
  3.1428e+00     2.838883e-07
  3.4285e+00     3.539941e-07
  3.7142e+00     4.394498e-07
  4.0000e+00     5.436149e-07
  4.2857e+00     6.705835e-07
  4.5714e+00     8.253451e-07
  4.8571e+00     1.013979e-06
  5.1428e+00     1.243893e-06
  5.4285e+00     1.524112e-06
  5.7142e+00     1.865626e-06
  6.0000e+00     2.281826e-06
  6.2857e+00     2.789013e-06
  6.5714e+00     3.407032e-06
  6.8571e+00     4.160036e-06
  7.1428e+00     5.077409e-06
  7.4285e+00     6.194883e-06
  7.7142e+00     7.555883e-06
  8.0000e+00     9.213156e-06
  8.2857e+00     1.123071e-05
  8.5714e+00     1.368616e-05
  8.8571e+00     1.667349e-05
  9.1428e+00     2.030632e-05
  9.4285e+00     2.472182e-05
  9.7142e+00     3.008515e-05
  1.0000e+01     3.659469e-05
  1.0285e+01     4.448789e-05
  1.0571e+01     5.404777e-05
  1.0857e+01     6.560996e-05
  1.1142e+01     7.956990e-05
  1.1428e+01     9.638981e-05
  1.1714e+01     1.166044e-04
  1.2000e+01     1.408244e-04
  1.2285e+01     1.697358e-04
  1.2571e+01     2.040923e-04
  1.2857e+01     2.446978e-04
  1.3142e+01     2.923749e-04
  1.3428e+01     3.479146e-04
  1.3714e+01     4.120028e-04
  1.4000e+01     4.851212e-04
  1.4285e+01     5.674233e-04
  1.4571e+01     6.585928e-04
  1.4857e+01     7.577036e-04
  1.5142e+01     8.631101e-04
  1.5428e+01     9.724108e-04
  1.5714e+01     1.082530e-03
  1.6000e+01     1.189952e-03
  1.6285e+01     1.291096e-03
  1.6571e+01     1.382789e-03
  1.6857e+01     1.462709e-03
  1.7142e+01     1.529679e-03
  1.7428e+01     1.583714e-03
  1.7714e+01     1.625824e-03
  1.8000e+01     1.657657e-03
  1.8285e+01     1.681115e-03
  1.8571e+01     1.698053e-03
  1.8857e+01     1.710092e-03
  1.9142e+01     1.718548e-03
  1.9428e+01     1.724437e-03
  1.9714e+01     1.728513e-03
  2.0000e+01     1.731322e-03
  2.0285e+01     1.733252e-03
  2.0571e+01     1.734575e-03
  2.0857e+01     1.735481e-03
  2.1142e+01     1.736101e-03
  2.1428e+01     1.736524e-03
  2.1714e+01     1.736814e-03
  2.2000e+01     1.737011e-03
  2.2285e+01     1.737146e-03
  2.2571e+01     1.737238e-03
  2.2857e+01     1.737301e-03
  2.3142e+01     1.737344e-03
  2.3428e+01     1.737373e-03
  2.3714e+01     1.737393e-03
  2.4000e+01     1.737407e-03
  2.4285e+01     1.737416e-03
  2.4571e+01     1.737422e-03
  2.4857e+01     1.737427e-03
  2.5142e+01     1.737430e-03
  2.5428e+01     1.737432e-03
  2.5714e+01     1.737433e-03
  2.6000e+01     1.737434e-03
  2.6285e+01     1.737435e-03
  2.6571e+01     1.737435e-03
  2.6857e+01     1.737435e-03
  2.7142e+01     1.737436e-03
  2.7428e+01     1.737436e-03
  2.7714e+01     1.737436e-03
  2.8000e+01     1.737436e-03
  2.8285e+01     1.737436e-03
  2.8571e+01     1.737436e-03
  2.8857e+01     1.737436e-03
  2.9142e+01     1.737436e-03
  2.9428e+01     1.737436e-03
  2.9714e+01     1.737436e-03
  3.0000e+01     1.737436e-03
  3.0285e+01     1.737436e-03
  3.0571e+01     1.737436e-03
  3.0857e+01     1.737436e-03
  3.1142e+01     1.737436e-03
  3.1428e+01     1.737436e-03
  3.1714e+01     1.737436e-03
  3.2000e+01     1.737436e-03
  3.2285e+01     1.737436e-03
  3.2571e+01     1.737436e-03
  3.2857e+01     1.737436e-03
  3.3142e+01     1.737436e-03
  3.3428e+01     1.737436e-03
  3.3714e+01     1.737436e-03
  3.4000e+01     1.737436e-03
  3.4285e+01     1.737436e-03
  3.4571e+01     1.737436e-03
  3.4857e+01     1.737436e-03
  3.5142e+01     1.737436e-03
  3.5428e+01     1.737436e-03
  3.5714e+01     1.737436e-03
  3.6000e+01     1.737436e-03
  3.6285e+01     1.737436e-03
  3.6571e+01     1.737436e-03
  3.6857e+01     1.737436e-03
  3.7142e+01     1.737436e-03
  3.7428e+01     1.737436e-03
  3.7714e+01     1.737436e-03
  3.8000e+01     1.737436e-03
  3.8285e+01     1.737436e-03
  3.8571e+01     1.737436e-03
  3.8857e+01     1.737436e-03
  3.9142e+01     1.737436e-03
  3.9428e+01     1.737436e-03
  3.9714e+01     1.737436e-03
  4.0000e+01     1.737436e-03
  4.0285e+01     1.737436e-03
  4.0571e+01     1.737436e-03
  4.0857e+01     1.737436e-03
  4.1142e+01     1.737436e-03
  4.1428e+01     1.737436e-03
  4.1714e+01     1.737436e-03
  4.2000e+01     1.737436e-03
  4.2285e+01     1.737436e-03
  4.2571e+01     1.737436e-03
  4.2857e+01     1.737436e-03
  4.3142e+01     1.737436e-03
  4.3428e+01     1.737436e-03
  4.3714e+01     1.737436e-03
  4.4000e+01     1.737436e-03
  4.4285e+01     1.737436e-03
  4.4571e+01     1.737436e-03
  4.4857e+01     1.737436e-03
  4.5142e+01     1.737436e-03
  4.5428e+01     1.737436e-03
  4.5714e+01     1.737436e-03
  4.6000e+01     1.737436e-03
  4.6285e+01     1.737436e-03
  4.6571e+01     1.737436e-03
  4.6857e+01     1.737436e-03
  4.7142e+01     1.737436e-03
  4.7428e+01     1.737436e-03
  4.7714e+01     1.737436e-03
  4.8000e+01     1.737436e-03
  4.8285e+01     1.737436e-03
  4.8571e+01     1.737436e-03
  4.8857e+01     1.737436e-03
  4.9142e+01     1.737436e-03
  4.9428e+01     1.737436e-03
  4.9714e+01     1.737436e-03
  5.0000e+01     1.737436e-03
  5.0285e+01     1.737436e-03
  5.0571e+01     1.737436e-03
  5.0857e+01     1.737436e-03
  5.1142e+01     1.737436e-03
  5.1428e+01     1.737436e-03
  5.1714e+01     1.737436e-03
  5.2000e+01     1.737436e-03
  5.2285e+01     1.737436e-03
  5.2571e+01     1.737436e-03
  5.2857e+01     1.737436e-03
  5.3142e+01     1.737436e-03
  5.3428e+01     1.737436e-03
  5.3714e+01     1.737436e-03
  5.4000e+01     1.737436e-03
  5.4285e+01     1.737436e-03
  5.4571e+01     1.737436e-03
  5.4857e+01     1.737436e-03
  5.5142e+01     1.737436e-03
  5.5428e+01     1.737436e-03
  5.5714e+01     1.737436e-03
  5.6000e+01     1.737436e-03
  5.6285e+01     1.737436e-03
  5.6571e+01     1.737436e-03
  5.6857e+01     1.737436e-03
  5.7142e+01     1.737436e-03
  5.7428e+01     1.737436e-03
  5.7714e+01     1.737436e-03
  5.8000e+01     1.737436e-03
  5.8285e+01     1.737436e-03
  5.8571e+01     1.737436e-03
  5.8857e+01     1.737436e-03
  5.9142e+01     1.737436e-03
  5.9428e+01     1.737436e-03
  5.9714e+01     1.737436e-03
