# Epidemic | deceased members [ x-unit: transmission cycles | y-unit: ]
  0.0000e+00     0.000000e+00
  2.8571e-01     8.342162e-09
  5.7143e-01     1.948002e-08
  8.5714e-01     3.435047e-08
  1.1428e+00     5.420436e-08
  1.4285e+00     8.071167e-08
  1.7142e+00     1.161020e-07
  2.0000e+00     1.633518e-07
  2.2857e+00     2.264351e-07
  2.5714e+00     3.106566e-07
  2.8571e+00     4.230983e-07
  3.1428e+00     5.732133e-07
  3.4285e+00     7.736199e-07
  3.7142e+00     1.041159e-06
  4.0000e+00     1.398304e-06
  4.2857e+00     1.875043e-06
  4.5714e+00     2.511378e-06
  4.8571e+00     3.360659e-06
  5.1428e+00     4.494008e-06
  5.4285e+00     6.006191e-06
  5.7142e+00     8.023393e-06
  6.0000e+00     1.071349e-05
  6.2857e+00     1.429953e-05
  6.5714e+00     1.907741e-05
  6.8571e+00     2.543883e-05
  7.1428e+00     3.390071e-05
  7.4285e+00     4.514262e-05
  7.7142e+00     6.005310e-05
  8.0000e+00     7.978552e-05
  8.2857e+00     1.058221e-04
  8.5714e+00     1.400413e-04
  8.8571e+00     1.847781e-04
  9.1428e+00     2.428545e-04
  9.4285e+00     3.175425e-04
  9.7142e+00     4.123946e-04
  1.0000e+01     5.308521e-04
  1.0285e+01     6.755152e-04
  1.0571e+01     8.469796e-04
  1.0857e+01     1.042261e-03
  1.1142e+01     1.253125e-03
  1.1428e+01     1.465164e-03
  1.1714e+01     1.659012e-03
  1.2000e+01     1.814977e-03
  1.2285e+01     1.920596e-03
  1.2571e+01     1.977050e-03
  1.2857e+01     1.998393e-03
