# Epidemic | deceased members [ x-unit: transmission cycles | y-unit: ]
  0.0000e+00     0.000000e+00
  2.8571e-01     6.843102e-09
  5.7143e-01     1.314623e-08
  8.5714e-01     1.895197e-08
  1.1428e+00     2.429959e-08
  1.4285e+00     2.922522e-08
  1.7142e+00     3.376217e-08
  2.0000e+00     3.794109e-08
  2.2857e+00     4.179025e-08
  2.5714e+00     4.533565e-08
  2.8571e+00     4.860128e-08
  3.1428e+00     5.160920e-08
  3.4285e+00     5.437976e-08
  3.7142e+00     5.693167e-08
  4.0000e+00     5.928220e-08
  4.2857e+00     6.144724e-08
  4.5714e+00     6.344143e-08
  4.8571e+00     6.527824e-08
  5.1428e+00     6.697010e-08
  5.4285e+00     6.852844e-08
  5.7142e+00     6.996380e-08
  6.0000e+00     7.128589e-08
  6.2857e+00     7.250364e-08
  6.5714e+00     7.362529e-08
  6.8571e+00     7.465843e-08
  7.1428e+00     7.561003e-08
  7.4285e+00     7.648653e-08
  7.7142e+00     7.729386e-08
  8.0000e+00     7.803748e-08
  8.2857e+00     7.872242e-08
  8.5714e+00     7.935330e-08
  8.8571e+00     7.993439e-08
  9.1428e+00     8.046963e-08
  9.4285e+00     8.096262e-08
  9.7142e+00     8.141671e-08
  1.0000e+01     8.183496e-08
  1.0285e+01     8.222021e-08
  1.0571e+01     8.257505e-08
  1.0857e+01     8.290189e-08
  1.1142e+01     8.320293e-08
  1.1428e+01     8.348022e-08
  1.1714e+01     8.373562e-08
  1.2000e+01     8.397087e-08
  1.2285e+01     8.418755e-08
  1.2571e+01     8.438713e-08
  1.2857e+01     8.457096e-08
  1.3142e+01     8.474029e-08
  1.3428e+01     8.489625e-08
  1.3714e+01     8.503990e-08
  1.4000e+01     8.517222e-08
  1.4285e+01     8.529409e-08
  1.4571e+01     8.540635e-08
  1.4857e+01     8.550974e-08
  1.5142e+01     8.560498e-08
  1.5428e+01     8.569270e-08
  1.5714e+01     8.577350e-08
  1.6000e+01     8.584792e-08
  1.6285e+01     8.591646e-08
  1.6571e+01     8.597960e-08
  1.6857e+01     8.603776e-08
  1.7142e+01     8.609132e-08
  1.7428e+01     8.614066e-08
  1.7714e+01     8.618611e-08
  1.8000e+01     8.622797e-08
  1.8285e+01     8.626652e-08
  1.8571e+01     8.630203e-08
  1.8857e+01     8.633474e-08
  1.9142e+01     8.636487e-08
  1.9428e+01     8.639262e-08
  1.9714e+01     8.641818e-08
  2.0000e+01     8.644172e-08
  2.0285e+01     8.646341e-08
  2.0571e+01     8.648338e-08
  2.0857e+01     8.650178e-08
  2.1142e+01     8.651873e-08
  2.1428e+01     8.653434e-08
  2.1714e+01     8.654871e-08
  2.2000e+01     8.656195e-08
  2.2285e+01     8.657415e-08
  2.2571e+01     8.658539e-08
  2.2857e+01     8.659573e-08
  2.3142e+01     8.660526e-08
  2.3428e+01     8.661404e-08
  2.3714e+01     8.662213e-08
  2.4000e+01     8.662958e-08
  2.4285e+01     8.663644e-08
  2.4571e+01     8.664276e-08
  2.4857e+01     8.664858e-08
  2.5142e+01     8.665394e-08
  2.5428e+01     8.665887e-08
  2.5714e+01     8.666342e-08
  2.6000e+01     8.666761e-08
  2.6285e+01     8.667147e-08
  2.6571e+01     8.667502e-08
  2.6857e+01     8.667830e-08
  2.7142e+01     8.668131e-08
  2.7428e+01     8.668409e-08
  2.7714e+01     8.668665e-08
  2.8000e+01     8.668900e-08
  2.8285e+01     8.669117e-08
  2.8571e+01     8.669317e-08
  2.8857e+01     8.669501e-08
  2.9142e+01     8.669671e-08
  2.9428e+01     8.669827e-08
  2.9714e+01     8.669971e-08
  3.0000e+01     8.670104e-08
  3.0285e+01     8.670226e-08
  3.0571e+01     8.670338e-08
  3.0857e+01     8.670442e-08
  3.1142e+01     8.670537e-08
  3.1428e+01     8.670625e-08
  3.1714e+01     8.670706e-08
  3.2000e+01     8.670780e-08
  3.2285e+01     8.670849e-08
  3.2571e+01     8.670912e-08
  3.2857e+01     8.670971e-08
  3.3142e+01     8.671024e-08
  3.3428e+01     8.671074e-08
  3.3714e+01     8.671119e-08
  3.4000e+01     8.671161e-08
  3.4285e+01     8.671200e-08
  3.4571e+01     8.671235e-08
  3.4857e+01     8.671268e-08
  3.5142e+01     8.671298e-08
  3.5428e+01     8.671326e-08
  3.5714e+01     8.671352e-08
  3.6000e+01     8.671375e-08
  3.6285e+01     8.671397e-08
  3.6571e+01     8.671417e-08
  3.6857e+01     8.671435e-08
  3.7142e+01     8.671452e-08
  3.7428e+01     8.671468e-08
  3.7714e+01     8.671482e-08
  3.8000e+01     8.671496e-08
  3.8285e+01     8.671508e-08
  3.8571e+01     8.671519e-08
  3.8857e+01     8.671529e-08
  3.9142e+01     8.671539e-08
  3.9428e+01     8.671548e-08
  3.9714e+01     8.671556e-08
  4.0000e+01     8.671563e-08
  4.0285e+01     8.671570e-08
  4.0571e+01     8.671576e-08
  4.0857e+01     8.671582e-08
  4.1142e+01     8.671588e-08
  4.1428e+01     8.671593e-08
  4.1714e+01     8.671597e-08
  4.2000e+01     8.671601e-08
  4.2285e+01     8.671605e-08
  4.2571e+01     8.671609e-08
  4.2857e+01     8.671612e-08
  4.3142e+01     8.671615e-08
  4.3428e+01     8.671618e-08
  4.3714e+01     8.671620e-08
  4.4000e+01     8.671623e-08
  4.4285e+01     8.671625e-08
  4.4571e+01     8.671627e-08
  4.4857e+01     8.671629e-08
  4.5142e+01     8.671631e-08
  4.5428e+01     8.671632e-08
  4.5714e+01     8.671634e-08
  4.6000e+01     8.671635e-08
  4.6285e+01     8.671636e-08
  4.6571e+01     8.671637e-08
  4.6857e+01     8.671638e-08
  4.7142e+01     8.671639e-08
  4.7428e+01     8.671640e-08
  4.7714e+01     8.671641e-08
  4.8000e+01     8.671642e-08
  4.8285e+01     8.671642e-08
  4.8571e+01     8.671643e-08
  4.8857e+01     8.671644e-08
  4.9142e+01     8.671644e-08
  4.9428e+01     8.671645e-08
  4.9714e+01     8.671645e-08
  5.0000e+01     8.671645e-08
  5.0285e+01     8.671646e-08
  5.0571e+01     8.671646e-08
  5.0857e+01     8.671647e-08
  5.1142e+01     8.671647e-08
  5.1428e+01     8.671647e-08
  5.1714e+01     8.671647e-08
  5.2000e+01     8.671648e-08
  5.2285e+01     8.671648e-08
  5.2571e+01     8.671648e-08
  5.2857e+01     8.671648e-08
  5.3142e+01     8.671648e-08
  5.3428e+01     8.671649e-08
  5.3714e+01     8.671649e-08
  5.4000e+01     8.671649e-08
  5.4285e+01     8.671649e-08
  5.4571e+01     8.671649e-08
  5.4857e+01     8.671649e-08
  5.5142e+01     8.671649e-08
  5.5428e+01     8.671649e-08
  5.5714e+01     8.671649e-08
  5.6000e+01     8.671649e-08
  5.6285e+01     8.671650e-08
  5.6571e+01     8.671650e-08
  5.6857e+01     8.671650e-08
  5.7142e+01     8.671650e-08
  5.7428e+01     8.671650e-08
  5.7714e+01     8.671650e-08
  5.8000e+01     8.671650e-08
  5.8285e+01     8.671650e-08
  5.8571e+01     8.671650e-08
  5.8857e+01     8.671650e-08
  5.9142e+01     8.671650e-08
  5.9428e+01     8.671650e-08
  5.9714e+01     8.671650e-08
