# Epidemic | deceased members [ x-unit: transmission cycles | y-unit: ]
  0.0000e+00     0.000000e+00
  2.8571e-01     8.084773e-09
  5.7143e-01     1.827751e-08
  8.5714e-01     3.112781e-08
  1.1428e+00     4.732855e-08
  1.4285e+00     6.775324e-08
  1.7142e+00     9.350310e-08
  2.0000e+00     1.259664e-07
  2.2857e+00     1.668932e-07
  2.5714e+00     2.184898e-07
  2.8571e+00     2.835374e-07
  3.1428e+00     3.655418e-07
  3.4285e+00     4.689221e-07
  3.7142e+00     5.992483e-07
  4.0000e+00     7.635409e-07
  4.2857e+00     9.706473e-07
  4.5714e+00     1.231717e-06
  4.8571e+00     1.560798e-06
  5.1428e+00     1.975588e-06
  5.4285e+00     2.498380e-06
  5.7142e+00     3.157244e-06
  6.0000e+00     3.987518e-06
  6.2857e+00     5.033670e-06
  6.5714e+00     6.351633e-06
  6.8571e+00     8.011711e-06
  7.1428e+00     1.010221e-05
  7.4285e+00     1.273393e-05
  7.7142e+00     1.604572e-05
  8.0000e+00     2.021132e-05
  8.2857e+00     2.544769e-05
  8.5714e+00     3.202504e-05
  8.8571e+00     4.027884e-05
  9.1428e+00     5.062384e-05
  9.4285e+00     6.357012e-05
  9.7142e+00     7.974071e-05
  1.0000e+01     9.988988e-05
  1.0285e+01     1.249203e-04
  1.0571e+01     1.558961e-04
  1.0857e+01     1.940458e-04
  1.1142e+01     2.407492e-04
  1.1428e+01     2.974945e-04
  1.1714e+01     3.657937e-04
  1.2000e+01     4.470376e-04
  1.2285e+01     5.422741e-04
  1.2571e+01     6.519035e-04
  1.2857e+01     7.753037e-04
  1.3142e+01     9.104385e-04
  1.3428e+01     1.053559e-03
  1.3714e+01     1.199169e-03
  1.4000e+01     1.340430e-03
  1.4285e+01     1.470125e-03
  1.4571e+01     1.582040e-03
  1.4857e+01     1.672348e-03
  1.5142e+01     1.740378e-03
  1.5428e+01     1.788360e-03
  1.5714e+01     1.820290e-03
  1.6000e+01     1.840565e-03
  1.6285e+01     1.853000e-03
  1.6571e+01     1.860447e-03
  1.6857e+01     1.864839e-03
  1.7142e+01     1.867405e-03
  1.7428e+01     1.868895e-03
  1.7714e+01     1.869758e-03
  1.8000e+01     1.870257e-03
  1.8285e+01     1.870544e-03
  1.8571e+01     1.870710e-03
  1.8857e+01     1.870806e-03
  1.9142e+01     1.870861e-03
  1.9428e+01     1.870893e-03
  1.9714e+01     1.870911e-03
  2.0000e+01     1.870922e-03
  2.0285e+01     1.870928e-03
  2.0571e+01     1.870931e-03
  2.0857e+01     1.870933e-03
  2.1142e+01     1.870934e-03
  2.1428e+01     1.870935e-03
  2.1714e+01     1.870935e-03
  2.2000e+01     1.870936e-03
  2.2285e+01     1.870936e-03
  2.2571e+01     1.870936e-03
  2.2857e+01     1.870936e-03
  2.3142e+01     1.870936e-03
  2.3428e+01     1.870936e-03
  2.3714e+01     1.870936e-03
  2.4000e+01     1.870936e-03
  2.4285e+01     1.870936e-03
  2.4571e+01     1.870936e-03
  2.4857e+01     1.870936e-03
  2.5142e+01     1.870936e-03
  2.5428e+01     1.870936e-03
  2.5714e+01     1.870936e-03
  2.6000e+01     1.870936e-03
  2.6285e+01     1.870936e-03
  2.6571e+01     1.870936e-03
  2.6857e+01     1.870936e-03
  2.7142e+01     1.870936e-03
  2.7428e+01     1.870936e-03
  2.7714e+01     1.870936e-03
  2.8000e+01     1.870936e-03
  2.8285e+01     1.870936e-03
  2.8571e+01     1.870936e-03
  2.8857e+01     1.870936e-03
  2.9142e+01     1.870936e-03
  2.9428e+01     1.870936e-03
  2.9714e+01     1.870936e-03
  3.0000e+01     1.870936e-03
  3.0285e+01     1.870936e-03
  3.0571e+01     1.870936e-03
  3.0857e+01     1.870936e-03
  3.1142e+01     1.870936e-03
  3.1428e+01     1.870936e-03
  3.1714e+01     1.870936e-03
  3.2000e+01     1.870936e-03
  3.2285e+01     1.870936e-03
  3.2571e+01     1.870936e-03
  3.2857e+01     1.870936e-03
  3.3142e+01     1.870936e-03
  3.3428e+01     1.870936e-03
  3.3714e+01     1.870936e-03
  3.4000e+01     1.870936e-03
  3.4285e+01     1.870936e-03
  3.4571e+01     1.870936e-03
  3.4857e+01     1.870936e-03
  3.5142e+01     1.870936e-03
  3.5428e+01     1.870936e-03
  3.5714e+01     1.870936e-03
  3.6000e+01     1.870936e-03
  3.6285e+01     1.870936e-03
  3.6571e+01     1.870936e-03
  3.6857e+01     1.870936e-03
  3.7142e+01     1.870936e-03
  3.7428e+01     1.870936e-03
  3.7714e+01     1.870936e-03
  3.8000e+01     1.870936e-03
  3.8285e+01     1.870936e-03
  3.8571e+01     1.870936e-03
  3.8857e+01     1.870936e-03
  3.9142e+01     1.870936e-03
  3.9428e+01     1.870936e-03
  3.9714e+01     1.870936e-03
  4.0000e+01     1.870936e-03
  4.0285e+01     1.870936e-03
  4.0571e+01     1.870936e-03
  4.0857e+01     1.870936e-03
  4.1142e+01     1.870936e-03
  4.1428e+01     1.870936e-03
  4.1714e+01     1.870936e-03
  4.2000e+01     1.870936e-03
  4.2285e+01     1.870936e-03
  4.2571e+01     1.870936e-03
  4.2857e+01     1.870936e-03
  4.3142e+01     1.870936e-03
  4.3428e+01     1.870936e-03
  4.3714e+01     1.870936e-03
  4.4000e+01     1.870936e-03
  4.4285e+01     1.870936e-03
  4.4571e+01     1.870936e-03
  4.4857e+01     1.870936e-03
  4.5142e+01     1.870936e-03
  4.5428e+01     1.870936e-03
  4.5714e+01     1.870936e-03
  4.6000e+01     1.870936e-03
  4.6285e+01     1.870936e-03
  4.6571e+01     1.870936e-03
  4.6857e+01     1.870936e-03
  4.7142e+01     1.870936e-03
  4.7428e+01     1.870936e-03
  4.7714e+01     1.870936e-03
  4.8000e+01     1.870936e-03
  4.8285e+01     1.870936e-03
  4.8571e+01     1.870936e-03
  4.8857e+01     1.870936e-03
  4.9142e+01     1.870936e-03
  4.9428e+01     1.870936e-03
  4.9714e+01     1.870936e-03
  5.0000e+01     1.870936e-03
  5.0285e+01     1.870936e-03
  5.0571e+01     1.870936e-03
  5.0857e+01     1.870936e-03
  5.1142e+01     1.870936e-03
  5.1428e+01     1.870936e-03
  5.1714e+01     1.870936e-03
  5.2000e+01     1.870936e-03
  5.2285e+01     1.870936e-03
  5.2571e+01     1.870936e-03
  5.2857e+01     1.870936e-03
  5.3142e+01     1.870936e-03
  5.3428e+01     1.870936e-03
  5.3714e+01     1.870936e-03
  5.4000e+01     1.870936e-03
  5.4285e+01     1.870936e-03
  5.4571e+01     1.870936e-03
  5.4857e+01     1.870936e-03
  5.5142e+01     1.870936e-03
  5.5428e+01     1.870936e-03
  5.5714e+01     1.870936e-03
  5.6000e+01     1.870936e-03
  5.6285e+01     1.870936e-03
  5.6571e+01     1.870936e-03
  5.6857e+01     1.870936e-03
  5.7142e+01     1.870936e-03
  5.7428e+01     1.870936e-03
  5.7714e+01     1.870936e-03
  5.8000e+01     1.870936e-03
  5.8285e+01     1.870936e-03
  5.8571e+01     1.870936e-03
  5.8857e+01     1.870936e-03
  5.9142e+01     1.870936e-03
  5.9428e+01     1.870936e-03
  5.9714e+01     1.870936e-03
