# Epidemic | deceased members [ x-unit: transmission cycles | y-unit: ]
  0.0000e+00     0.000000e+00
  2.8571e-01     7.494915e-09
  5.7143e-01     1.570375e-08
  8.5714e-01     2.469448e-08
  1.1428e+00     3.454160e-08
  1.4285e+00     4.532664e-08
  1.7142e+00     5.713893e-08
  2.0000e+00     7.007628e-08
  2.2857e+00     8.424584e-08
  2.5714e+00     9.976492e-08
  2.8571e+00     1.167620e-07
  3.1428e+00     1.353779e-07
  3.4285e+00     1.557666e-07
  3.7142e+00     1.780969e-07
  4.0000e+00     2.025536e-07
  4.2857e+00     2.293392e-07
  4.5714e+00     2.586753e-07
  4.8571e+00     2.908045e-07
  5.1428e+00     3.259928e-07
  5.4285e+00     3.645311e-07
  5.7142e+00     4.067382e-07
  6.0000e+00     4.529630e-07
  6.2857e+00     5.035876e-07
  6.5714e+00     5.590304e-07
  6.8571e+00     6.197496e-07
  7.1428e+00     6.862467e-07
  7.4285e+00     7.590707e-07
  7.7142e+00     8.388229e-07
  8.0000e+00     9.261614e-07
  8.2857e+00     1.021807e-06
  8.5714e+00     1.126547e-06
  8.8571e+00     1.241246e-06
  9.1428e+00     1.366848e-06
  9.4285e+00     1.504388e-06
  9.7142e+00     1.654996e-06
  1.0000e+01     1.819912e-06
  1.0285e+01     2.000489e-06
  1.0571e+01     2.198211e-06
  1.0857e+01     2.414698e-06
  1.1142e+01     2.651725e-06
  1.1428e+01     2.911231e-06
  1.1714e+01     3.195338e-06
  1.2000e+01     3.506365e-06
  1.2285e+01     3.846848e-06
  1.2571e+01     4.219558e-06
  1.2857e+01     4.627523e-06
  1.3142e+01     5.074053e-06
  1.3428e+01     5.562762e-06
  1.3714e+01     6.097596e-06
  1.4000e+01     6.682864e-06
  1.4285e+01     7.323268e-06
  1.4571e+01     8.023938e-06
  1.4857e+01     8.790467e-06
  1.5142e+01     9.628954e-06
  1.5428e+01     1.054604e-05
  1.5714e+01     1.154897e-05
  1.6000e+01     1.264562e-05
  1.6285e+01     1.384454e-05
  1.6571e+01     1.515506e-05
  1.6857e+01     1.658730e-05
  1.7142e+01     1.815223e-05
  1.7428e+01     1.986176e-05
  1.7714e+01     2.172879e-05
  1.8000e+01     2.376729e-05
  1.8285e+01     2.599233e-05
  1.8571e+01     2.842022e-05
  1.8857e+01     3.106852e-05
  1.9142e+01     3.395611e-05
  1.9428e+01     3.710330e-05
  1.9714e+01     4.053186e-05
  2.0000e+01     4.426507e-05
  2.0285e+01     4.832780e-05
  2.0571e+01     5.274649e-05
  2.0857e+01     5.754922e-05
  2.1142e+01     6.276567e-05
  2.1428e+01     6.842715e-05
  2.1714e+01     7.456646e-05
  2.2000e+01     8.121788e-05
  2.2285e+01     8.841700e-05
  2.2571e+01     9.620054e-05
  2.2857e+01     1.046061e-04
  2.3142e+01     1.136720e-04
  2.3428e+01     1.234367e-04
  2.3714e+01     1.339384e-04
  2.4000e+01     1.452146e-04
  2.4285e+01     1.573015e-04
  2.4571e+01     1.702333e-04
  2.4857e+01     1.840410e-04
  2.5142e+01     1.987522e-04
  2.5428e+01     2.143896e-04
  2.5714e+01     2.309702e-04
  2.6000e+01     2.485039e-04
  2.6285e+01     2.669930e-04
  2.6571e+01     2.864303e-04
  2.6857e+01     3.067989e-04
  2.7142e+01     3.280704e-04
  2.7428e+01     3.502049e-04
  2.7714e+01     3.731499e-04
  2.8000e+01     3.968400e-04
  2.8285e+01     4.211972e-04
  2.8571e+01     4.461310e-04
  2.8857e+01     4.715393e-04
  2.9142e+01     4.973096e-04
  2.9428e+01     5.233204e-04
  2.9714e+01     5.494433e-04
  3.0000e+01     5.755456e-04
  3.0285e+01     6.014924e-04
  3.0571e+01     6.271496e-04
  3.0857e+01     6.523867e-04
  3.1142e+01     6.770795e-04
  3.1428e+01     7.011124e-04
  3.1714e+01     7.243810e-04
  3.2000e+01     7.467937e-04
  3.2285e+01     7.682730e-04
  3.2571e+01     7.887563e-04
  3.2857e+01     8.081966e-04
  3.3142e+01     8.265618e-04
  3.3428e+01     8.438348e-04
  3.3714e+01     8.600117e-04
  3.4000e+01     8.751013e-04
  3.4285e+01     8.891232e-04
  3.4571e+01     9.021063e-04
  3.4857e+01     9.140872e-04
  3.5142e+01     9.251087e-04
  3.5428e+01     9.352181e-04
  3.5714e+01     9.444659e-04
  3.6000e+01     9.529044e-04
  3.6285e+01     9.605867e-04
  3.6571e+01     9.675660e-04
  3.6857e+01     9.738944e-04
  3.7142e+01     9.796225e-04
  3.7428e+01     9.847989e-04
  3.7714e+01     9.894699e-04
  3.8000e+01     9.936795e-04
  3.8285e+01     9.974685e-04
  3.8571e+01     1.000875e-03
  3.8857e+01     1.003936e-03
  3.9142e+01     1.006682e-03
  3.9428e+01     1.009145e-03
  3.9714e+01     1.011352e-03
  4.0000e+01     1.013329e-03
  4.0285e+01     1.015098e-03
  4.0571e+01     1.016681e-03
  4.0857e+01     1.018096e-03
  4.1142e+01     1.019361e-03
  4.1428e+01     1.020491e-03
  4.1714e+01     1.021501e-03
  4.2000e+01     1.022402e-03
  4.2285e+01     1.023207e-03
  4.2571e+01     1.023925e-03
  4.2857e+01     1.024566e-03
  4.3142e+01     1.025137e-03
  4.3428e+01     1.025647e-03
  4.3714e+01     1.026102e-03
  4.4000e+01     1.026507e-03
  4.4285e+01     1.026869e-03
  4.4571e+01     1.027191e-03
  4.4857e+01     1.027479e-03
  4.5142e+01     1.027735e-03
  4.5428e+01     1.027963e-03
  4.5714e+01     1.028166e-03
  4.6000e+01     1.028348e-03
  4.6285e+01     1.028509e-03
  4.6571e+01     1.028653e-03
  4.6857e+01     1.028781e-03
  4.7142e+01     1.028896e-03
  4.7428e+01     1.028998e-03
  4.7714e+01     1.029088e-03
  4.8000e+01     1.029169e-03
  4.8285e+01     1.029241e-03
  4.8571e+01     1.029305e-03
  4.8857e+01     1.029362e-03
  4.9142e+01     1.029413e-03
  4.9428e+01     1.029459e-03
  4.9714e+01     1.029499e-03
  5.0000e+01     1.029535e-03
  5.0285e+01     1.029567e-03
  5.0571e+01     1.029596e-03
  5.0857e+01     1.029621e-03
  5.1142e+01     1.029644e-03
  5.1428e+01     1.029664e-03
  5.1714e+01     1.029682e-03
  5.2000e+01     1.029698e-03
  5.2285e+01     1.029712e-03
  5.2571e+01     1.029725e-03
  5.2857e+01     1.029736e-03
  5.3142e+01     1.029746e-03
  5.3428e+01     1.029755e-03
  5.3714e+01     1.029763e-03
  5.4000e+01     1.029771e-03
  5.4285e+01     1.029777e-03
  5.4571e+01     1.029783e-03
  5.4857e+01     1.029788e-03
  5.5142e+01     1.029792e-03
  5.5428e+01     1.029796e-03
  5.5714e+01     1.029800e-03
  5.6000e+01     1.029803e-03
  5.6285e+01     1.029806e-03
  5.6571e+01     1.029808e-03
  5.6857e+01     1.029810e-03
  5.7142e+01     1.029812e-03
  5.7428e+01     1.029814e-03
  5.7714e+01     1.029816e-03
  5.8000e+01     1.029817e-03
  5.8285e+01     1.029818e-03
  5.8571e+01     1.029820e-03
  5.8857e+01     1.029821e-03
  5.9142e+01     1.029821e-03
  5.9428e+01     1.029822e-03
  5.9714e+01     1.029823e-03
