# Epidemic | deceased members [ x-unit: transmission cycles | y-unit: ]
  0.0000e+00     0.000000e+00
  2.8571e-01     6.448001e-09
  5.7143e-01     1.173752e-08
  8.5714e-01     1.607669e-08
  1.1428e+00     1.963626e-08
  1.4285e+00     2.255629e-08
  1.7142e+00     2.495169e-08
  2.0000e+00     2.691671e-08
  2.2857e+00     2.852868e-08
  2.5714e+00     2.985103e-08
  2.8571e+00     3.093580e-08
  3.1428e+00     3.182567e-08
  3.4285e+00     3.255566e-08
  3.7142e+00     3.315449e-08
  4.0000e+00     3.364573e-08
  4.2857e+00     3.404871e-08
  4.5714e+00     3.437929e-08
  4.8571e+00     3.465047e-08
  5.1428e+00     3.487293e-08
  5.4285e+00     3.505542e-08
  5.7142e+00     3.520512e-08
  6.0000e+00     3.532793e-08
  6.2857e+00     3.542867e-08
  6.5714e+00     3.551131e-08
  6.8571e+00     3.557910e-08
  7.1428e+00     3.563472e-08
  7.4285e+00     3.568034e-08
  7.7142e+00     3.571776e-08
  8.0000e+00     3.574846e-08
  8.2857e+00     3.577365e-08
  8.5714e+00     3.579431e-08
  8.8571e+00     3.581125e-08
  9.1428e+00     3.582516e-08
  9.4285e+00     3.583656e-08
  9.7142e+00     3.584592e-08
  1.0000e+01     3.585359e-08
  1.0285e+01     3.585989e-08
  1.0571e+01     3.586505e-08
  1.0857e+01     3.586929e-08
  1.1142e+01     3.587277e-08
  1.1428e+01     3.587562e-08
  1.1714e+01     3.587796e-08
  1.2000e+01     3.587987e-08
  1.2285e+01     3.588145e-08
  1.2571e+01     3.588274e-08
  1.2857e+01     3.588380e-08
  1.3142e+01     3.588467e-08
  1.3428e+01     3.588538e-08
  1.3714e+01     3.588597e-08
  1.4000e+01     3.588644e-08
  1.4285e+01     3.588684e-08
  1.4571e+01     3.588716e-08
  1.4857e+01     3.588743e-08
  1.5142e+01     3.588764e-08
  1.5428e+01     3.588782e-08
  1.5714e+01     3.588797e-08
  1.6000e+01     3.588809e-08
  1.6285e+01     3.588819e-08
  1.6571e+01     3.588827e-08
  1.6857e+01     3.588833e-08
  1.7142e+01     3.588839e-08
  1.7428e+01     3.588843e-08
  1.7714e+01     3.588847e-08
  1.8000e+01     3.588850e-08
  1.8285e+01     3.588852e-08
  1.8571e+01     3.588854e-08
  1.8857e+01     3.588856e-08
  1.9142e+01     3.588857e-08
  1.9428e+01     3.588858e-08
  1.9714e+01     3.588859e-08
  2.0000e+01     3.588860e-08
  2.0285e+01     3.588861e-08
  2.0571e+01     3.588861e-08
  2.0857e+01     3.588862e-08
  2.1142e+01     3.588862e-08
  2.1428e+01     3.588862e-08
  2.1714e+01     3.588862e-08
  2.2000e+01     3.588863e-08
  2.2285e+01     3.588863e-08
  2.2571e+01     3.588863e-08
  2.2857e+01     3.588863e-08
  2.3142e+01     3.588863e-08
  2.3428e+01     3.588863e-08
  2.3714e+01     3.588863e-08
  2.4000e+01     3.588863e-08
  2.4285e+01     3.588863e-08
  2.4571e+01     3.588863e-08
  2.4857e+01     3.588863e-08
  2.5142e+01     3.588863e-08
  2.5428e+01     3.588863e-08
  2.5714e+01     3.588863e-08
  2.6000e+01     3.588863e-08
  2.6285e+01     3.588863e-08
  2.6571e+01     3.588863e-08
  2.6857e+01     3.588863e-08
  2.7142e+01     3.588863e-08
  2.7428e+01     3.588863e-08
  2.7714e+01     3.588863e-08
  2.8000e+01     3.588863e-08
  2.8285e+01     3.588863e-08
  2.8571e+01     3.588863e-08
  2.8857e+01     3.588863e-08
  2.9142e+01     3.588863e-08
  2.9428e+01     3.588863e-08
  2.9714e+01     3.588863e-08
  3.0000e+01     3.588863e-08
  3.0285e+01     3.588863e-08
  3.0571e+01     3.588863e-08
  3.0857e+01     3.588863e-08
  3.1142e+01     3.588863e-08
  3.1428e+01     3.588863e-08
  3.1714e+01     3.588863e-08
  3.2000e+01     3.588863e-08
  3.2285e+01     3.588863e-08
  3.2571e+01     3.588863e-08
  3.2857e+01     3.588863e-08
  3.3142e+01     3.588863e-08
  3.3428e+01     3.588863e-08
  3.3714e+01     3.588863e-08
  3.4000e+01     3.588863e-08
  3.4285e+01     3.588863e-08
  3.4571e+01     3.588863e-08
  3.4857e+01     3.588863e-08
  3.5142e+01     3.588863e-08
  3.5428e+01     3.588863e-08
  3.5714e+01     3.588863e-08
  3.6000e+01     3.588863e-08
  3.6285e+01     3.588863e-08
  3.6571e+01     3.588863e-08
  3.6857e+01     3.588863e-08
  3.7142e+01     3.588863e-08
  3.7428e+01     3.588863e-08
  3.7714e+01     3.588863e-08
  3.8000e+01     3.588863e-08
  3.8285e+01     3.588863e-08
  3.8571e+01     3.588863e-08
  3.8857e+01     3.588863e-08
  3.9142e+01     3.588863e-08
  3.9428e+01     3.588863e-08
  3.9714e+01     3.588863e-08
  4.0000e+01     3.588863e-08
  4.0285e+01     3.588863e-08
  4.0571e+01     3.588863e-08
  4.0857e+01     3.588863e-08
  4.1142e+01     3.588863e-08
  4.1428e+01     3.588863e-08
  4.1714e+01     3.588863e-08
  4.2000e+01     3.588863e-08
  4.2285e+01     3.588863e-08
  4.2571e+01     3.588863e-08
  4.2857e+01     3.588863e-08
  4.3142e+01     3.588863e-08
  4.3428e+01     3.588863e-08
  4.3714e+01     3.588863e-08
  4.4000e+01     3.588863e-08
  4.4285e+01     3.588863e-08
  4.4571e+01     3.588863e-08
  4.4857e+01     3.588863e-08
  4.5142e+01     3.588863e-08
  4.5428e+01     3.588863e-08
  4.5714e+01     3.588863e-08
  4.6000e+01     3.588863e-08
  4.6285e+01     3.588863e-08
  4.6571e+01     3.588863e-08
  4.6857e+01     3.588863e-08
  4.7142e+01     3.588863e-08
  4.7428e+01     3.588863e-08
  4.7714e+01     3.588863e-08
  4.8000e+01     3.588863e-08
  4.8285e+01     3.588863e-08
  4.8571e+01     3.588863e-08
  4.8857e+01     3.588863e-08
  4.9142e+01     3.588863e-08
  4.9428e+01     3.588863e-08
  4.9714e+01     3.588863e-08
  5.0000e+01     3.588863e-08
  5.0285e+01     3.588863e-08
  5.0571e+01     3.588863e-08
  5.0857e+01     3.588863e-08
  5.1142e+01     3.588863e-08
  5.1428e+01     3.588863e-08
  5.1714e+01     3.588863e-08
  5.2000e+01     3.588863e-08
  5.2285e+01     3.588863e-08
  5.2571e+01     3.588863e-08
  5.2857e+01     3.588863e-08
  5.3142e+01     3.588863e-08
  5.3428e+01     3.588863e-08
  5.3714e+01     3.588863e-08
  5.4000e+01     3.588863e-08
  5.4285e+01     3.588863e-08
  5.4571e+01     3.588863e-08
  5.4857e+01     3.588863e-08
  5.5142e+01     3.588863e-08
  5.5428e+01     3.588863e-08
  5.5714e+01     3.588863e-08
  5.6000e+01     3.588863e-08
  5.6285e+01     3.588863e-08
  5.6571e+01     3.588863e-08
  5.6857e+01     3.588863e-08
  5.7142e+01     3.588863e-08
  5.7428e+01     3.588863e-08
  5.7714e+01     3.588863e-08
  5.8000e+01     3.588863e-08
  5.8285e+01     3.588863e-08
  5.8571e+01     3.588863e-08
  5.8857e+01     3.588863e-08
  5.9142e+01     3.588863e-08
  5.9428e+01     3.588863e-08
  5.9714e+01     3.588863e-08
