# Epidemic | deceased members [ x-unit: transmission cycles | y-unit: ]
  0.0000e+00     0.000000e+00
  2.8571e-01     8.400587e-09
  5.7143e-01     1.975981e-08
  8.5714e-01     3.511964e-08
  1.1428e+00     5.588903e-08
  1.4285e+00     8.397307e-08
  1.7142e+00     1.219477e-07
  2.0000e+00     1.732959e-07
  2.2857e+00     2.427270e-07
  2.5714e+00     3.366080e-07
  2.8571e+00     4.635473e-07
  3.1428e+00     6.351824e-07
  3.4285e+00     8.672452e-07
  3.7142e+00     1.181000e-06
  4.0000e+00     1.605185e-06
  4.2857e+00     2.178632e-06
  4.5714e+00     2.953799e-06
  4.8571e+00     4.001528e-06
  5.1428e+00     5.417438e-06
  5.4285e+00     7.330519e-06
  5.7142e+00     9.914625e-06
  6.0000e+00     1.340381e-05
  6.2857e+00     1.811267e-05
  6.5714e+00     2.446319e-05
  6.8571e+00     3.301973e-05
  7.1428e+00     4.453412e-05
  7.4285e+00     6.000247e-05
  7.7142e+00     8.073475e-05
  8.0000e+00     1.084359e-04
  8.2857e+00     1.452926e-04
  8.5714e+00     1.940522e-04
  8.8571e+00     2.580627e-04
  9.1428e+00     3.412205e-04
  9.4285e+00     4.477343e-04
  9.7142e+00     5.815700e-04
  1.0000e+01     7.454110e-04
  1.0285e+01     9.390042e-04
  1.0571e+01     1.156971e-03
  1.0857e+01     1.386686e-03
  1.1142e+01     1.607694e-03
  1.1428e+01     1.794869e-03
  1.1714e+01     1.926696e-03
  1.2000e+01     1.995742e-03
