# Epidemic | reproduction number
# [ x-unit: transmission cycles | y-unit: members infected by one sick member ]
  0.0000e+00     1.000000e+00
  2.8571e-01     9.999966e-01
  5.7143e-01     9.999930e-01
  8.5714e-01     9.999895e-01
  1.1428e+00     9.999859e-01
  1.4285e+00     9.999823e-01
  1.7142e+00     9.999788e-01
  2.0000e+00     9.999752e-01
  2.2857e+00     9.999716e-01
  2.5714e+00     9.999680e-01
  2.8571e+00     9.999645e-01
  3.1428e+00     9.999609e-01
  3.4285e+00     9.999573e-01
  3.7142e+00     9.999538e-01
  4.0000e+00     9.999502e-01
  4.2857e+00     9.999466e-01
  4.5714e+00     9.999430e-01
  4.8571e+00     9.999395e-01
  5.1428e+00     9.999359e-01
  5.4285e+00     9.999323e-01
  5.7142e+00     9.999288e-01
  6.0000e+00     9.999252e-01
  6.2857e+00     9.999216e-01
  6.5714e+00     9.999180e-01
  6.8571e+00     9.999145e-01
  7.1428e+00     9.999109e-01
  7.4285e+00     9.999073e-01
  7.7142e+00     9.999038e-01
  8.0000e+00     9.999002e-01
  8.2857e+00     9.998966e-01
  8.5714e+00     9.998931e-01
  8.8571e+00     9.998895e-01
  9.1428e+00     9.998859e-01
  9.4285e+00     9.998823e-01
  9.7142e+00     9.998788e-01
  1.0000e+01     9.998752e-01
  1.0285e+01     9.998716e-01
  1.0571e+01     9.998681e-01
  1.0857e+01     9.998645e-01
  1.1142e+01     9.998609e-01
  1.1428e+01     9.998574e-01
  1.1714e+01     9.998538e-01
  1.2000e+01     9.998502e-01
  1.2285e+01     9.998467e-01
  1.2571e+01     9.998431e-01
  1.2857e+01     9.998395e-01
  1.3142e+01     9.998360e-01
  1.3428e+01     9.998324e-01
  1.3714e+01     9.998288e-01
  1.4000e+01     9.998252e-01
  1.4285e+01     9.998217e-01
  1.4571e+01     9.998181e-01
  1.4857e+01     9.998145e-01
  1.5142e+01     9.998110e-01
  1.5428e+01     9.998074e-01
  1.5714e+01     9.998039e-01
  1.6000e+01     9.998003e-01
  1.6285e+01     9.997967e-01
  1.6571e+01     9.997932e-01
  1.6857e+01     9.997896e-01
  1.7142e+01     9.997860e-01
  1.7428e+01     9.997825e-01
  1.7714e+01     9.997789e-01
  1.8000e+01     9.997753e-01
  1.8285e+01     9.997718e-01
  1.8571e+01     9.997682e-01
  1.8857e+01     9.997646e-01
  1.9142e+01     9.997611e-01
  1.9428e+01     9.997575e-01
  1.9714e+01     9.997539e-01
  2.0000e+01     9.997504e-01
  2.0285e+01     9.997468e-01
  2.0571e+01     9.997433e-01
  2.0857e+01     9.997397e-01
  2.1142e+01     9.997361e-01
  2.1428e+01     9.997326e-01
  2.1714e+01     9.997290e-01
  2.2000e+01     9.997255e-01
  2.2285e+01     9.997219e-01
  2.2571e+01     9.997183e-01
  2.2857e+01     9.997148e-01
  2.3142e+01     9.997112e-01
  2.3428e+01     9.997077e-01
  2.3714e+01     9.997041e-01
  2.4000e+01     9.997005e-01
  2.4285e+01     9.996970e-01
  2.4571e+01     9.996934e-01
  2.4857e+01     9.996899e-01
  2.5142e+01     9.996863e-01
  2.5428e+01     9.996827e-01
  2.5714e+01     9.996792e-01
  2.6000e+01     9.996756e-01
  2.6285e+01     9.996721e-01
  2.6571e+01     9.996685e-01
  2.6857e+01     9.996650e-01
  2.7142e+01     9.996614e-01
  2.7428e+01     9.996579e-01
  2.7714e+01     9.996543e-01
  2.8000e+01     9.996507e-01
  2.8285e+01     9.996472e-01
  2.8571e+01     9.996436e-01
  2.8857e+01     9.996401e-01
  2.9142e+01     9.996365e-01
  2.9428e+01     9.996330e-01
  2.9714e+01     9.996294e-01
  3.0000e+01     9.996259e-01
  3.0285e+01     9.996223e-01
  3.0571e+01     9.996188e-01
  3.0857e+01     9.996152e-01
  3.1142e+01     9.996117e-01
  3.1428e+01     9.996081e-01
  3.1714e+01     9.996046e-01
  3.2000e+01     9.996010e-01
  3.2285e+01     9.995975e-01
  3.2571e+01     9.995939e-01
  3.2857e+01     9.995904e-01
  3.3142e+01     9.995868e-01
  3.3428e+01     9.995833e-01
  3.3714e+01     9.995797e-01
  3.4000e+01     9.995762e-01
  3.4285e+01     9.995727e-01
  3.4571e+01     9.995691e-01
  3.4857e+01     9.995656e-01
  3.5142e+01     9.995620e-01
  3.5428e+01     9.995585e-01
  3.5714e+01     9.995549e-01
  3.6000e+01     9.995514e-01
  3.6285e+01     9.995478e-01
  3.6571e+01     9.995443e-01
  3.6857e+01     9.995408e-01
  3.7142e+01     9.995372e-01
  3.7428e+01     9.995337e-01
  3.7714e+01     9.995301e-01
  3.8000e+01     9.995266e-01
  3.8285e+01     9.995231e-01
  3.8571e+01     9.995195e-01
  3.8857e+01     9.995160e-01
  3.9142e+01     9.995124e-01
  3.9428e+01     9.995089e-01
  3.9714e+01     9.995054e-01
  4.0000e+01     9.995018e-01
  4.0285e+01     9.994983e-01
  4.0571e+01     9.994948e-01
  4.0857e+01     9.994912e-01
  4.1142e+01     9.994877e-01
  4.1428e+01     9.994842e-01
  4.1714e+01     9.994806e-01
  4.2000e+01     9.994771e-01
  4.2285e+01     9.994736e-01
  4.2571e+01     9.994700e-01
  4.2857e+01     9.994665e-01
  4.3142e+01     9.994630e-01
  4.3428e+01     9.994594e-01
  4.3714e+01     9.994559e-01
  4.4000e+01     9.994524e-01
  4.4285e+01     9.994489e-01
  4.4571e+01     9.994453e-01
  4.4857e+01     9.994418e-01
  4.5142e+01     9.994383e-01
  4.5428e+01     9.994347e-01
  4.5714e+01     9.994312e-01
  4.6000e+01     9.994277e-01
  4.6285e+01     9.994242e-01
  4.6571e+01     9.994206e-01
  4.6857e+01     9.994171e-01
  4.7142e+01     9.994136e-01
  4.7428e+01     9.994101e-01
  4.7714e+01     9.994066e-01
  4.8000e+01     9.994030e-01
  4.8285e+01     9.993995e-01
  4.8571e+01     9.993960e-01
  4.8857e+01     9.993925e-01
  4.9142e+01     9.993890e-01
  4.9428e+01     9.993854e-01
  4.9714e+01     9.993819e-01
  5.0000e+01     9.993784e-01
  5.0285e+01     9.993749e-01
  5.0571e+01     9.993714e-01
  5.0857e+01     9.993679e-01
  5.1142e+01     9.993644e-01
  5.1428e+01     9.993608e-01
  5.1714e+01     9.993573e-01
  5.2000e+01     9.993538e-01
  5.2285e+01     9.993503e-01
  5.2571e+01     9.993468e-01
  5.2857e+01     9.993433e-01
  5.3142e+01     9.993398e-01
  5.3428e+01     9.993363e-01
  5.3714e+01     9.993328e-01
  5.4000e+01     9.993292e-01
  5.4285e+01     9.993257e-01
  5.4571e+01     9.993222e-01
  5.4857e+01     9.993187e-01
  5.5142e+01     9.993152e-01
  5.5428e+01     9.993117e-01
  5.5714e+01     9.993082e-01
  5.6000e+01     9.993047e-01
  5.6285e+01     9.993012e-01
  5.6571e+01     9.992977e-01
  5.6857e+01     9.992942e-01
  5.7142e+01     9.992907e-01
  5.7428e+01     9.992872e-01
  5.7714e+01     9.992837e-01
  5.8000e+01     9.992802e-01
  5.8285e+01     9.992767e-01
  5.8571e+01     9.992732e-01
  5.8857e+01     9.992697e-01
  5.9142e+01     9.992662e-01
  5.9428e+01     9.992627e-01
  5.9714e+01     9.992592e-01
