# Epidemic | reproduction number
# [ x-unit: transmission cycles | y-unit: members infected by one sick member ]
  0.0000e+00     2.000000e+00
  2.8571e-01     1.999992e+00
  5.7143e-01     1.999982e+00
  8.5714e-01     1.999971e+00
  1.1428e+00     1.999957e+00
  1.4285e+00     1.999939e+00
  1.7142e+00     1.999918e+00
  2.0000e+00     1.999892e+00
  2.2857e+00     1.999861e+00
  2.5714e+00     1.999822e+00
  2.8571e+00     1.999776e+00
  3.1428e+00     1.999719e+00
  3.4285e+00     1.999649e+00
  3.7142e+00     1.999565e+00
  4.0000e+00     1.999462e+00
  4.2857e+00     1.999336e+00
  4.5714e+00     1.999183e+00
  4.8571e+00     1.998996e+00
  5.1428e+00     1.998768e+00
  5.4285e+00     1.998491e+00
  5.7142e+00     1.998153e+00
  6.0000e+00     1.997741e+00
  6.2857e+00     1.997238e+00
  6.5714e+00     1.996626e+00
  6.8571e+00     1.995881e+00
  7.1428e+00     1.994972e+00
  7.4285e+00     1.993866e+00
  7.7142e+00     1.992518e+00
  8.0000e+00     1.990877e+00
  8.2857e+00     1.988879e+00
  8.5714e+00     1.986448e+00
  8.8571e+00     1.983490e+00
  9.1428e+00     1.979892e+00
  9.4285e+00     1.975520e+00
  9.7142e+00     1.970208e+00
  1.0000e+01     1.963761e+00
  1.0285e+01     1.955943e+00
  1.0571e+01     1.946474e+00
  1.0857e+01     1.935021e+00
  1.1142e+01     1.921191e+00
  1.1428e+01     1.904527e+00
  1.1714e+01     1.884496e+00
  1.2000e+01     1.860492e+00
  1.2285e+01     1.831832e+00
  1.2571e+01     1.797767e+00
  1.2857e+01     1.757493e+00
  1.3142e+01     1.710189e+00
  1.3428e+01     1.655060e+00
  1.3714e+01     1.591413e+00
  1.4000e+01     1.518753e+00
  1.4285e+01     1.436907e+00
  1.4571e+01     1.346164e+00
  1.4857e+01     1.247418e+00
  1.5142e+01     1.142275e+00
  1.5428e+01     1.033101e+00
  1.5714e+01     9.229417e-01
  1.6000e+01     8.152988e-01
  1.6285e+01     7.137601e-01
  1.6571e+01     6.215308e-01
  1.6857e+01     5.409840e-01
  1.7142e+01     4.733576e-01
  1.7428e+01     4.186928e-01
  1.7714e+01     3.760220e-01
  1.8000e+01     3.437199e-01
  1.8285e+01     3.198882e-01
  1.8571e+01     3.026651e-01
  1.8857e+01     2.904153e-01
  1.9142e+01     2.818064e-01
  1.9428e+01     2.758088e-01
  1.9714e+01     2.716566e-01
  2.0000e+01     2.687946e-01
  2.0285e+01     2.668280e-01
  2.0571e+01     2.654795e-01
  2.0857e+01     2.645563e-01
  2.1142e+01     2.639249e-01
  2.1428e+01     2.634933e-01
  2.1714e+01     2.631985e-01
  2.2000e+01     2.629971e-01
  2.2285e+01     2.628597e-01
  2.2571e+01     2.627658e-01
  2.2857e+01     2.627018e-01
  2.3142e+01     2.626580e-01
  2.3428e+01     2.626282e-01
  2.3714e+01     2.626078e-01
  2.4000e+01     2.625939e-01
  2.4285e+01     2.625844e-01
  2.4571e+01     2.625780e-01
  2.4857e+01     2.625735e-01
  2.5142e+01     2.625705e-01
  2.5428e+01     2.625685e-01
  2.5714e+01     2.625671e-01
  2.6000e+01     2.625661e-01
  2.6285e+01     2.625655e-01
  2.6571e+01     2.625650e-01
  2.6857e+01     2.625647e-01
  2.7142e+01     2.625645e-01
  2.7428e+01     2.625644e-01
  2.7714e+01     2.625643e-01
  2.8000e+01     2.625642e-01
  2.8285e+01     2.625641e-01
  2.8571e+01     2.625641e-01
  2.8857e+01     2.625641e-01
  2.9142e+01     2.625641e-01
  2.9428e+01     2.625641e-01
  2.9714e+01     2.625641e-01
  3.0000e+01     2.625641e-01
  3.0285e+01     2.625641e-01
  3.0571e+01     2.625641e-01
  3.0857e+01     2.625641e-01
  3.1142e+01     2.625641e-01
  3.1428e+01     2.625641e-01
  3.1714e+01     2.625641e-01
  3.2000e+01     2.625641e-01
  3.2285e+01     2.625641e-01
  3.2571e+01     2.625641e-01
  3.2857e+01     2.625641e-01
  3.3142e+01     2.625641e-01
  3.3428e+01     2.625641e-01
  3.3714e+01     2.625641e-01
  3.4000e+01     2.625641e-01
  3.4285e+01     2.625641e-01
  3.4571e+01     2.625641e-01
  3.4857e+01     2.625641e-01
  3.5142e+01     2.625641e-01
  3.5428e+01     2.625641e-01
  3.5714e+01     2.625641e-01
  3.6000e+01     2.625641e-01
  3.6285e+01     2.625641e-01
  3.6571e+01     2.625641e-01
  3.6857e+01     2.625641e-01
  3.7142e+01     2.625641e-01
  3.7428e+01     2.625641e-01
  3.7714e+01     2.625641e-01
  3.8000e+01     2.625641e-01
  3.8285e+01     2.625641e-01
  3.8571e+01     2.625641e-01
  3.8857e+01     2.625641e-01
  3.9142e+01     2.625641e-01
  3.9428e+01     2.625641e-01
  3.9714e+01     2.625641e-01
  4.0000e+01     2.625641e-01
  4.0285e+01     2.625641e-01
  4.0571e+01     2.625641e-01
  4.0857e+01     2.625641e-01
  4.1142e+01     2.625641e-01
  4.1428e+01     2.625641e-01
  4.1714e+01     2.625641e-01
  4.2000e+01     2.625641e-01
  4.2285e+01     2.625641e-01
  4.2571e+01     2.625641e-01
  4.2857e+01     2.625641e-01
  4.3142e+01     2.625641e-01
  4.3428e+01     2.625641e-01
  4.3714e+01     2.625641e-01
  4.4000e+01     2.625641e-01
  4.4285e+01     2.625641e-01
  4.4571e+01     2.625641e-01
  4.4857e+01     2.625641e-01
  4.5142e+01     2.625641e-01
  4.5428e+01     2.625641e-01
  4.5714e+01     2.625641e-01
  4.6000e+01     2.625641e-01
  4.6285e+01     2.625641e-01
  4.6571e+01     2.625641e-01
  4.6857e+01     2.625641e-01
  4.7142e+01     2.625641e-01
  4.7428e+01     2.625641e-01
  4.7714e+01     2.625641e-01
  4.8000e+01     2.625641e-01
  4.8285e+01     2.625641e-01
  4.8571e+01     2.625641e-01
  4.8857e+01     2.625641e-01
  4.9142e+01     2.625641e-01
  4.9428e+01     2.625641e-01
  4.9714e+01     2.625641e-01
  5.0000e+01     2.625641e-01
  5.0285e+01     2.625641e-01
  5.0571e+01     2.625641e-01
  5.0857e+01     2.625641e-01
  5.1142e+01     2.625641e-01
  5.1428e+01     2.625641e-01
  5.1714e+01     2.625641e-01
  5.2000e+01     2.625641e-01
  5.2285e+01     2.625641e-01
  5.2571e+01     2.625641e-01
  5.2857e+01     2.625641e-01
  5.3142e+01     2.625641e-01
  5.3428e+01     2.625641e-01
  5.3714e+01     2.625641e-01
  5.4000e+01     2.625641e-01
  5.4285e+01     2.625641e-01
  5.4571e+01     2.625641e-01
  5.4857e+01     2.625641e-01
  5.5142e+01     2.625641e-01
  5.5428e+01     2.625641e-01
  5.5714e+01     2.625641e-01
  5.6000e+01     2.625641e-01
  5.6285e+01     2.625641e-01
  5.6571e+01     2.625641e-01
  5.6857e+01     2.625641e-01
  5.7142e+01     2.625641e-01
  5.7428e+01     2.625641e-01
  5.7714e+01     2.625641e-01
  5.8000e+01     2.625641e-01
  5.8285e+01     2.625641e-01
  5.8571e+01     2.625641e-01
  5.8857e+01     2.625641e-01
  5.9142e+01     2.625641e-01
  5.9428e+01     2.625641e-01
  5.9714e+01     2.625641e-01
