# Epidemic | reproduction number
# [ x-unit: transmission cycles | y-unit: members infected by one sick member ]
  0.0000e+00     2.500000e+00
  2.8571e-01     2.499990e+00
  5.7143e-01     2.499977e+00
  8.5714e-01     2.499960e+00
  1.1428e+00     2.499937e+00
  1.4285e+00     2.499908e+00
  1.7142e+00     2.499871e+00
  2.0000e+00     2.499822e+00
  2.2857e+00     2.499759e+00
  2.5714e+00     2.499676e+00
  2.8571e+00     2.499569e+00
  3.1428e+00     2.499430e+00
  3.4285e+00     2.499250e+00
  3.7142e+00     2.499015e+00
  4.0000e+00     2.498711e+00
  4.2857e+00     2.498315e+00
  4.5714e+00     2.497801e+00
  4.8571e+00     2.497133e+00
  5.1428e+00     2.496265e+00
  5.4285e+00     2.495139e+00
  5.7142e+00     2.493676e+00
  6.0000e+00     2.491776e+00
  6.2857e+00     2.489311e+00
  6.5714e+00     2.486111e+00
  6.8571e+00     2.481961e+00
  7.1428e+00     2.476580e+00
  7.4285e+00     2.469608e+00
  7.7142e+00     2.460581e+00
  8.0000e+00     2.448907e+00
  8.2857e+00     2.433829e+00
  8.5714e+00     2.414391e+00
  8.8571e+00     2.389387e+00
  9.1428e+00     2.357324e+00
  9.4285e+00     2.316366e+00
  9.7142e+00     2.264310e+00
  1.0000e+01     2.198583e+00
  1.0285e+01     2.116296e+00
  1.0571e+01     2.014403e+00
  1.0857e+01     1.890014e+00
  1.1142e+01     1.740925e+00
  1.1428e+01     1.566405e+00
  1.1714e+01     1.368219e+00
  1.2000e+01     1.151721e+00
  1.2285e+01     9.265887e-01
  1.2571e+01     7.065569e-01
  1.2857e+01     5.074533e-01
  1.3142e+01     3.433888e-01
  1.3428e+01     2.222676e-01
  1.3714e+01     1.431095e-01
  1.4000e+01     9.737927e-02
  1.4285e+01     7.368829e-02
  1.4571e+01     6.236857e-02
  1.4857e+01     5.722379e-02
  1.5142e+01     5.494682e-02
  1.5428e+01     5.395186e-02
  1.5714e+01     5.351962e-02
  1.6000e+01     5.333232e-02
  1.6285e+01     5.325125e-02
  1.6571e+01     5.321618e-02
  1.6857e+01     5.320101e-02
  1.7142e+01     5.319445e-02
  1.7428e+01     5.319161e-02
  1.7714e+01     5.319038e-02
  1.8000e+01     5.318985e-02
  1.8285e+01     5.318962e-02
  1.8571e+01     5.318952e-02
  1.8857e+01     5.318948e-02
  1.9142e+01     5.318946e-02
  1.9428e+01     5.318945e-02
  1.9714e+01     5.318945e-02
  2.0000e+01     5.318945e-02
  2.0285e+01     5.318945e-02
  2.0571e+01     5.318945e-02
  2.0857e+01     5.318945e-02
  2.1142e+01     5.318945e-02
  2.1428e+01     5.318945e-02
  2.1714e+01     5.318945e-02
  2.2000e+01     5.318945e-02
  2.2285e+01     5.318945e-02
  2.2571e+01     5.318945e-02
  2.2857e+01     5.318945e-02
  2.3142e+01     5.318945e-02
  2.3428e+01     5.318945e-02
  2.3714e+01     5.318945e-02
  2.4000e+01     5.318945e-02
  2.4285e+01     5.318945e-02
  2.4571e+01     5.318945e-02
  2.4857e+01     5.318945e-02
  2.5142e+01     5.318945e-02
  2.5428e+01     5.318945e-02
  2.5714e+01     5.318945e-02
  2.6000e+01     5.318945e-02
  2.6285e+01     5.318945e-02
  2.6571e+01     5.318945e-02
  2.6857e+01     5.318945e-02
  2.7142e+01     5.318945e-02
  2.7428e+01     5.318945e-02
  2.7714e+01     5.318945e-02
  2.8000e+01     5.318945e-02
  2.8285e+01     5.318945e-02
  2.8571e+01     5.318945e-02
  2.8857e+01     5.318945e-02
  2.9142e+01     5.318945e-02
  2.9428e+01     5.318945e-02
  2.9714e+01     5.318945e-02
  3.0000e+01     5.318945e-02
  3.0285e+01     5.318945e-02
  3.0571e+01     5.318945e-02
  3.0857e+01     5.318945e-02
  3.1142e+01     5.318945e-02
  3.1428e+01     5.318945e-02
  3.1714e+01     5.318945e-02
  3.2000e+01     5.318945e-02
  3.2285e+01     5.318945e-02
  3.2571e+01     5.318945e-02
  3.2857e+01     5.318945e-02
  3.3142e+01     5.318945e-02
  3.3428e+01     5.318945e-02
  3.3714e+01     5.318945e-02
  3.4000e+01     5.318945e-02
  3.4285e+01     5.318945e-02
  3.4571e+01     5.318945e-02
  3.4857e+01     5.318945e-02
  3.5142e+01     5.318945e-02
  3.5428e+01     5.318945e-02
  3.5714e+01     5.318945e-02
  3.6000e+01     5.318945e-02
  3.6285e+01     5.318945e-02
  3.6571e+01     5.318945e-02
  3.6857e+01     5.318945e-02
  3.7142e+01     5.318945e-02
  3.7428e+01     5.318945e-02
  3.7714e+01     5.318945e-02
  3.8000e+01     5.318945e-02
  3.8285e+01     5.318945e-02
  3.8571e+01     5.318945e-02
  3.8857e+01     5.318945e-02
  3.9142e+01     5.318945e-02
  3.9428e+01     5.318945e-02
  3.9714e+01     5.318945e-02
  4.0000e+01     5.318945e-02
  4.0285e+01     5.318945e-02
  4.0571e+01     5.318945e-02
  4.0857e+01     5.318945e-02
  4.1142e+01     5.318945e-02
  4.1428e+01     5.318945e-02
  4.1714e+01     5.318945e-02
  4.2000e+01     5.318945e-02
  4.2285e+01     5.318945e-02
  4.2571e+01     5.318945e-02
  4.2857e+01     5.318945e-02
  4.3142e+01     5.318945e-02
  4.3428e+01     5.318945e-02
  4.3714e+01     5.318945e-02
  4.4000e+01     5.318945e-02
  4.4285e+01     5.318945e-02
  4.4571e+01     5.318945e-02
  4.4857e+01     5.318945e-02
  4.5142e+01     5.318945e-02
  4.5428e+01     5.318945e-02
  4.5714e+01     5.318945e-02
  4.6000e+01     5.318945e-02
  4.6285e+01     5.318945e-02
  4.6571e+01     5.318945e-02
  4.6857e+01     5.318945e-02
  4.7142e+01     5.318945e-02
  4.7428e+01     5.318945e-02
  4.7714e+01     5.318945e-02
  4.8000e+01     5.318945e-02
  4.8285e+01     5.318945e-02
  4.8571e+01     5.318945e-02
  4.8857e+01     5.318945e-02
  4.9142e+01     5.318945e-02
  4.9428e+01     5.318945e-02
  4.9714e+01     5.318945e-02
  5.0000e+01     5.318945e-02
  5.0285e+01     5.318945e-02
  5.0571e+01     5.318945e-02
  5.0857e+01     5.318945e-02
  5.1142e+01     5.318945e-02
  5.1428e+01     5.318945e-02
  5.1714e+01     5.318945e-02
  5.2000e+01     5.318945e-02
  5.2285e+01     5.318945e-02
  5.2571e+01     5.318945e-02
  5.2857e+01     5.318945e-02
  5.3142e+01     5.318945e-02
  5.3428e+01     5.318945e-02
  5.3714e+01     5.318945e-02
  5.4000e+01     5.318945e-02
  5.4285e+01     5.318945e-02
  5.4571e+01     5.318945e-02
  5.4857e+01     5.318945e-02
  5.5142e+01     5.318945e-02
  5.5428e+01     5.318945e-02
  5.5714e+01     5.318945e-02
  5.6000e+01     5.318945e-02
  5.6285e+01     5.318945e-02
  5.6571e+01     5.318945e-02
  5.6857e+01     5.318945e-02
  5.7142e+01     5.318945e-02
  5.7428e+01     5.318945e-02
  5.7714e+01     5.318945e-02
  5.8000e+01     5.318945e-02
  5.8285e+01     5.318945e-02
  5.8571e+01     5.318945e-02
  5.8857e+01     5.318945e-02
  5.9142e+01     5.318945e-02
  5.9428e+01     5.318945e-02
  5.9714e+01     5.318945e-02
