# Epidemic | reproduction number
# [ x-unit: transmission cycles | y-unit: members infected by one sick member ]
  0.0000e+00     1.125000e+00
  2.8571e-01     1.124996e+00
  5.7143e-01     1.124991e+00
  8.5714e-01     1.124987e+00
  1.1428e+00     1.124983e+00
  1.4285e+00     1.124978e+00
  1.7142e+00     1.124973e+00
  2.0000e+00     1.124968e+00
  2.2857e+00     1.124963e+00
  2.5714e+00     1.124958e+00
  2.8571e+00     1.124952e+00
  3.1428e+00     1.124946e+00
  3.4285e+00     1.124940e+00
  3.7142e+00     1.124934e+00
  4.0000e+00     1.124928e+00
  4.2857e+00     1.124921e+00
  4.5714e+00     1.124915e+00
  4.8571e+00     1.124908e+00
  5.1428e+00     1.124900e+00
  5.4285e+00     1.124893e+00
  5.7142e+00     1.124885e+00
  6.0000e+00     1.124877e+00
  6.2857e+00     1.124869e+00
  6.5714e+00     1.124860e+00
  6.8571e+00     1.124852e+00
  7.1428e+00     1.124842e+00
  7.4285e+00     1.124833e+00
  7.7142e+00     1.124823e+00
  8.0000e+00     1.124813e+00
  8.2857e+00     1.124803e+00
  8.5714e+00     1.124792e+00
  8.8571e+00     1.124781e+00
  9.1428e+00     1.124769e+00
  9.4285e+00     1.124757e+00
  9.7142e+00     1.124745e+00
  1.0000e+01     1.124732e+00
  1.0285e+01     1.124719e+00
  1.0571e+01     1.124705e+00
  1.0857e+01     1.124691e+00
  1.1142e+01     1.124676e+00
  1.1428e+01     1.124661e+00
  1.1714e+01     1.124645e+00
  1.2000e+01     1.124629e+00
  1.2285e+01     1.124612e+00
  1.2571e+01     1.124595e+00
  1.2857e+01     1.124577e+00
  1.3142e+01     1.124558e+00
  1.3428e+01     1.124539e+00
  1.3714e+01     1.124519e+00
  1.4000e+01     1.124499e+00
  1.4285e+01     1.124478e+00
  1.4571e+01     1.124456e+00
  1.4857e+01     1.124433e+00
  1.5142e+01     1.124410e+00
  1.5428e+01     1.124386e+00
  1.5714e+01     1.124361e+00
  1.6000e+01     1.124335e+00
  1.6285e+01     1.124308e+00
  1.6571e+01     1.124280e+00
  1.6857e+01     1.124252e+00
  1.7142e+01     1.124222e+00
  1.7428e+01     1.124191e+00
  1.7714e+01     1.124160e+00
  1.8000e+01     1.124127e+00
  1.8285e+01     1.124093e+00
  1.8571e+01     1.124058e+00
  1.8857e+01     1.124022e+00
  1.9142e+01     1.123984e+00
  1.9428e+01     1.123946e+00
  1.9714e+01     1.123906e+00
  2.0000e+01     1.123864e+00
  2.0285e+01     1.123822e+00
  2.0571e+01     1.123777e+00
  2.0857e+01     1.123732e+00
  2.1142e+01     1.123684e+00
  2.1428e+01     1.123635e+00
  2.1714e+01     1.123585e+00
  2.2000e+01     1.123533e+00
  2.2285e+01     1.123479e+00
  2.2571e+01     1.123423e+00
  2.2857e+01     1.123365e+00
  2.3142e+01     1.123305e+00
  2.3428e+01     1.123244e+00
  2.3714e+01     1.123180e+00
  2.4000e+01     1.123114e+00
  2.4285e+01     1.123046e+00
  2.4571e+01     1.122976e+00
  2.4857e+01     1.122903e+00
  2.5142e+01     1.122827e+00
  2.5428e+01     1.122750e+00
  2.5714e+01     1.122669e+00
  2.6000e+01     1.122586e+00
  2.6285e+01     1.122500e+00
  2.6571e+01     1.122411e+00
  2.6857e+01     1.122320e+00
  2.7142e+01     1.122225e+00
  2.7428e+01     1.122127e+00
  2.7714e+01     1.122025e+00
  2.8000e+01     1.121921e+00
  2.8285e+01     1.121813e+00
  2.8571e+01     1.121701e+00
  2.8857e+01     1.121585e+00
  2.9142e+01     1.121466e+00
  2.9428e+01     1.121343e+00
  2.9714e+01     1.121215e+00
  3.0000e+01     1.121083e+00
  3.0285e+01     1.120947e+00
  3.0571e+01     1.120807e+00
  3.0857e+01     1.120661e+00
  3.1142e+01     1.120511e+00
  3.1428e+01     1.120356e+00
  3.1714e+01     1.120196e+00
  3.2000e+01     1.120031e+00
  3.2285e+01     1.119860e+00
  3.2571e+01     1.119684e+00
  3.2857e+01     1.119501e+00
  3.3142e+01     1.119313e+00
  3.3428e+01     1.119119e+00
  3.3714e+01     1.118918e+00
  3.4000e+01     1.118711e+00
  3.4285e+01     1.118497e+00
  3.4571e+01     1.118276e+00
  3.4857e+01     1.118048e+00
  3.5142e+01     1.117812e+00
  3.5428e+01     1.117569e+00
  3.5714e+01     1.117318e+00
  3.6000e+01     1.117059e+00
  3.6285e+01     1.116791e+00
  3.6571e+01     1.116515e+00
  3.6857e+01     1.116231e+00
  3.7142e+01     1.115937e+00
  3.7428e+01     1.115633e+00
  3.7714e+01     1.115320e+00
  3.8000e+01     1.114998e+00
  3.8285e+01     1.114665e+00
  3.8571e+01     1.114321e+00
  3.8857e+01     1.113967e+00
  3.9142e+01     1.113601e+00
  3.9428e+01     1.113225e+00
  3.9714e+01     1.112836e+00
  4.0000e+01     1.112435e+00
  4.0285e+01     1.112023e+00
  4.0571e+01     1.111597e+00
  4.0857e+01     1.111158e+00
  4.1142e+01     1.110706e+00
  4.1428e+01     1.110240e+00
  4.1714e+01     1.109760e+00
  4.2000e+01     1.109265e+00
  4.2285e+01     1.108756e+00
  4.2571e+01     1.108231e+00
  4.2857e+01     1.107691e+00
  4.3142e+01     1.107135e+00
  4.3428e+01     1.106562e+00
  4.3714e+01     1.105972e+00
  4.4000e+01     1.105366e+00
  4.4285e+01     1.104741e+00
  4.4571e+01     1.104099e+00
  4.4857e+01     1.103438e+00
  4.5142e+01     1.102758e+00
  4.5428e+01     1.102059e+00
  4.5714e+01     1.101341e+00
  4.6000e+01     1.100602e+00
  4.6285e+01     1.099843e+00
  4.6571e+01     1.099063e+00
  4.6857e+01     1.098261e+00
  4.7142e+01     1.097438e+00
  4.7428e+01     1.096592e+00
  4.7714e+01     1.095724e+00
  4.8000e+01     1.094833e+00
  4.8285e+01     1.093919e+00
  4.8571e+01     1.092981e+00
  4.8857e+01     1.092019e+00
  4.9142e+01     1.091032e+00
  4.9428e+01     1.090020e+00
  4.9714e+01     1.088984e+00
  5.0000e+01     1.087921e+00
  5.0285e+01     1.086833e+00
  5.0571e+01     1.085719e+00
  5.0857e+01     1.084578e+00
  5.1142e+01     1.083410e+00
  5.1428e+01     1.082215e+00
  5.1714e+01     1.080993e+00
  5.2000e+01     1.079743e+00
  5.2285e+01     1.078466e+00
  5.2571e+01     1.077161e+00
  5.2857e+01     1.075828e+00
  5.3142e+01     1.074467e+00
  5.3428e+01     1.073077e+00
  5.3714e+01     1.071660e+00
  5.4000e+01     1.070214e+00
  5.4285e+01     1.068739e+00
  5.4571e+01     1.067237e+00
  5.4857e+01     1.065706e+00
  5.5142e+01     1.064147e+00
  5.5428e+01     1.062560e+00
  5.5714e+01     1.060945e+00
  5.6000e+01     1.059303e+00
  5.6285e+01     1.057634e+00
  5.6571e+01     1.055938e+00
  5.6857e+01     1.054215e+00
  5.7142e+01     1.052466e+00
  5.7428e+01     1.050691e+00
  5.7714e+01     1.048891e+00
  5.8000e+01     1.047066e+00
  5.8285e+01     1.045217e+00
  5.8571e+01     1.043345e+00
  5.8857e+01     1.041449e+00
  5.9142e+01     1.039532e+00
  5.9428e+01     1.037593e+00
  5.9714e+01     1.035634e+00
