# Epidemic | reproduction number
# [ x-unit: transmission cycles | y-unit: members infected by one sick member ]
  0.0000e+00     5.000000e-01
  2.8571e-01     4.999985e-01
  5.7143e-01     4.999971e-01
  8.5714e-01     4.999960e-01
  1.1428e+00     4.999951e-01
  1.4285e+00     4.999944e-01
  1.7142e+00     4.999938e-01
  2.0000e+00     4.999933e-01
  2.2857e+00     4.999929e-01
  2.5714e+00     4.999926e-01
  2.8571e+00     4.999923e-01
  3.1428e+00     4.999921e-01
  3.4285e+00     4.999919e-01
  3.7142e+00     4.999917e-01
  4.0000e+00     4.999916e-01
  4.2857e+00     4.999915e-01
  4.5714e+00     4.999914e-01
  4.8571e+00     4.999913e-01
  5.1428e+00     4.999913e-01
  5.4285e+00     4.999912e-01
  5.7142e+00     4.999912e-01
  6.0000e+00     4.999912e-01
  6.2857e+00     4.999911e-01
  6.5714e+00     4.999911e-01
  6.8571e+00     4.999911e-01
  7.1428e+00     4.999911e-01
  7.4285e+00     4.999911e-01
  7.7142e+00     4.999911e-01
  8.0000e+00     4.999911e-01
  8.2857e+00     4.999911e-01
  8.5714e+00     4.999911e-01
  8.8571e+00     4.999910e-01
  9.1428e+00     4.999910e-01
  9.4285e+00     4.999910e-01
  9.7142e+00     4.999910e-01
  1.0000e+01     4.999910e-01
  1.0285e+01     4.999910e-01
  1.0571e+01     4.999910e-01
  1.0857e+01     4.999910e-01
  1.1142e+01     4.999910e-01
  1.1428e+01     4.999910e-01
  1.1714e+01     4.999910e-01
  1.2000e+01     4.999910e-01
  1.2285e+01     4.999910e-01
  1.2571e+01     4.999910e-01
  1.2857e+01     4.999910e-01
  1.3142e+01     4.999910e-01
  1.3428e+01     4.999910e-01
  1.3714e+01     4.999910e-01
  1.4000e+01     4.999910e-01
  1.4285e+01     4.999910e-01
  1.4571e+01     4.999910e-01
  1.4857e+01     4.999910e-01
  1.5142e+01     4.999910e-01
  1.5428e+01     4.999910e-01
  1.5714e+01     4.999910e-01
  1.6000e+01     4.999910e-01
  1.6285e+01     4.999910e-01
  1.6571e+01     4.999910e-01
  1.6857e+01     4.999910e-01
  1.7142e+01     4.999910e-01
  1.7428e+01     4.999910e-01
  1.7714e+01     4.999910e-01
  1.8000e+01     4.999910e-01
  1.8285e+01     4.999910e-01
  1.8571e+01     4.999910e-01
  1.8857e+01     4.999910e-01
  1.9142e+01     4.999910e-01
  1.9428e+01     4.999910e-01
  1.9714e+01     4.999910e-01
  2.0000e+01     4.999910e-01
  2.0285e+01     4.999910e-01
  2.0571e+01     4.999910e-01
  2.0857e+01     4.999910e-01
  2.1142e+01     4.999910e-01
  2.1428e+01     4.999910e-01
  2.1714e+01     4.999910e-01
  2.2000e+01     4.999910e-01
  2.2285e+01     4.999910e-01
  2.2571e+01     4.999910e-01
  2.2857e+01     4.999910e-01
  2.3142e+01     4.999910e-01
  2.3428e+01     4.999910e-01
  2.3714e+01     4.999910e-01
  2.4000e+01     4.999910e-01
  2.4285e+01     4.999910e-01
  2.4571e+01     4.999910e-01
  2.4857e+01     4.999910e-01
  2.5142e+01     4.999910e-01
  2.5428e+01     4.999910e-01
  2.5714e+01     4.999910e-01
  2.6000e+01     4.999910e-01
  2.6285e+01     4.999910e-01
  2.6571e+01     4.999910e-01
  2.6857e+01     4.999910e-01
  2.7142e+01     4.999910e-01
  2.7428e+01     4.999910e-01
  2.7714e+01     4.999910e-01
  2.8000e+01     4.999910e-01
  2.8285e+01     4.999910e-01
  2.8571e+01     4.999910e-01
  2.8857e+01     4.999910e-01
  2.9142e+01     4.999910e-01
  2.9428e+01     4.999910e-01
  2.9714e+01     4.999910e-01
  3.0000e+01     4.999910e-01
  3.0285e+01     4.999910e-01
  3.0571e+01     4.999910e-01
  3.0857e+01     4.999910e-01
  3.1142e+01     4.999910e-01
  3.1428e+01     4.999910e-01
  3.1714e+01     4.999910e-01
  3.2000e+01     4.999910e-01
  3.2285e+01     4.999910e-01
  3.2571e+01     4.999910e-01
  3.2857e+01     4.999910e-01
  3.3142e+01     4.999910e-01
  3.3428e+01     4.999910e-01
  3.3714e+01     4.999910e-01
  3.4000e+01     4.999910e-01
  3.4285e+01     4.999910e-01
  3.4571e+01     4.999910e-01
  3.4857e+01     4.999910e-01
  3.5142e+01     4.999910e-01
  3.5428e+01     4.999910e-01
  3.5714e+01     4.999910e-01
  3.6000e+01     4.999910e-01
  3.6285e+01     4.999910e-01
  3.6571e+01     4.999910e-01
  3.6857e+01     4.999910e-01
  3.7142e+01     4.999910e-01
  3.7428e+01     4.999910e-01
  3.7714e+01     4.999910e-01
  3.8000e+01     4.999910e-01
  3.8285e+01     4.999910e-01
  3.8571e+01     4.999910e-01
  3.8857e+01     4.999910e-01
  3.9142e+01     4.999910e-01
  3.9428e+01     4.999910e-01
  3.9714e+01     4.999910e-01
  4.0000e+01     4.999910e-01
  4.0285e+01     4.999910e-01
  4.0571e+01     4.999910e-01
  4.0857e+01     4.999910e-01
  4.1142e+01     4.999910e-01
  4.1428e+01     4.999910e-01
  4.1714e+01     4.999910e-01
  4.2000e+01     4.999910e-01
  4.2285e+01     4.999910e-01
  4.2571e+01     4.999910e-01
  4.2857e+01     4.999910e-01
  4.3142e+01     4.999910e-01
  4.3428e+01     4.999910e-01
  4.3714e+01     4.999910e-01
  4.4000e+01     4.999910e-01
  4.4285e+01     4.999910e-01
  4.4571e+01     4.999910e-01
  4.4857e+01     4.999910e-01
  4.5142e+01     4.999910e-01
  4.5428e+01     4.999910e-01
  4.5714e+01     4.999910e-01
  4.6000e+01     4.999910e-01
  4.6285e+01     4.999910e-01
  4.6571e+01     4.999910e-01
  4.6857e+01     4.999910e-01
  4.7142e+01     4.999910e-01
  4.7428e+01     4.999910e-01
  4.7714e+01     4.999910e-01
  4.8000e+01     4.999910e-01
  4.8285e+01     4.999910e-01
  4.8571e+01     4.999910e-01
  4.8857e+01     4.999910e-01
  4.9142e+01     4.999910e-01
  4.9428e+01     4.999910e-01
  4.9714e+01     4.999910e-01
  5.0000e+01     4.999910e-01
  5.0285e+01     4.999910e-01
  5.0571e+01     4.999910e-01
  5.0857e+01     4.999910e-01
  5.1142e+01     4.999910e-01
  5.1428e+01     4.999910e-01
  5.1714e+01     4.999910e-01
  5.2000e+01     4.999910e-01
  5.2285e+01     4.999910e-01
  5.2571e+01     4.999910e-01
  5.2857e+01     4.999910e-01
  5.3142e+01     4.999910e-01
  5.3428e+01     4.999910e-01
  5.3714e+01     4.999910e-01
  5.4000e+01     4.999910e-01
  5.4285e+01     4.999910e-01
  5.4571e+01     4.999910e-01
  5.4857e+01     4.999910e-01
  5.5142e+01     4.999910e-01
  5.5428e+01     4.999910e-01
  5.5714e+01     4.999910e-01
  5.6000e+01     4.999910e-01
  5.6285e+01     4.999910e-01
  5.6571e+01     4.999910e-01
  5.6857e+01     4.999910e-01
  5.7142e+01     4.999910e-01
  5.7428e+01     4.999910e-01
  5.7714e+01     4.999910e-01
  5.8000e+01     4.999910e-01
  5.8285e+01     4.999910e-01
  5.8571e+01     4.999910e-01
  5.8857e+01     4.999910e-01
  5.9142e+01     4.999910e-01
  5.9428e+01     4.999910e-01
  5.9714e+01     4.999910e-01
