# Epidemic | reproduction number
# [ x-unit: transmission cycles | y-unit: members infected by one sick member ]
  0.0000e+00     1.375000e+00
  2.8571e-01     1.374995e+00
  5.7143e-01     1.374989e+00
  8.5714e-01     1.374983e+00
  1.1428e+00     1.374976e+00
  1.4285e+00     1.374969e+00
  1.7142e+00     1.374961e+00
  2.0000e+00     1.374952e+00
  2.2857e+00     1.374942e+00
  2.5714e+00     1.374932e+00
  2.8571e+00     1.374920e+00
  3.1428e+00     1.374907e+00
  3.4285e+00     1.374893e+00
  3.7142e+00     1.374878e+00
  4.0000e+00     1.374861e+00
  4.2857e+00     1.374843e+00
  4.5714e+00     1.374823e+00
  4.8571e+00     1.374801e+00
  5.1428e+00     1.374777e+00
  5.4285e+00     1.374750e+00
  5.7142e+00     1.374721e+00
  6.0000e+00     1.374690e+00
  6.2857e+00     1.374655e+00
  6.5714e+00     1.374617e+00
  6.8571e+00     1.374576e+00
  7.1428e+00     1.374530e+00
  7.4285e+00     1.374480e+00
  7.7142e+00     1.374426e+00
  8.0000e+00     1.374366e+00
  8.2857e+00     1.374300e+00
  8.5714e+00     1.374229e+00
  8.8571e+00     1.374150e+00
  9.1428e+00     1.374064e+00
  9.4285e+00     1.373970e+00
  9.7142e+00     1.373867e+00
  1.0000e+01     1.373754e+00
  1.0285e+01     1.373631e+00
  1.0571e+01     1.373495e+00
  1.0857e+01     1.373347e+00
  1.1142e+01     1.373185e+00
  1.1428e+01     1.373007e+00
  1.1714e+01     1.372813e+00
  1.2000e+01     1.372600e+00
  1.2285e+01     1.372367e+00
  1.2571e+01     1.372112e+00
  1.2857e+01     1.371833e+00
  1.3142e+01     1.371527e+00
  1.3428e+01     1.371193e+00
  1.3714e+01     1.370827e+00
  1.4000e+01     1.370426e+00
  1.4285e+01     1.369988e+00
  1.4571e+01     1.369508e+00
  1.4857e+01     1.368984e+00
  1.5142e+01     1.368410e+00
  1.5428e+01     1.367782e+00
  1.5714e+01     1.367096e+00
  1.6000e+01     1.366345e+00
  1.6285e+01     1.365524e+00
  1.6571e+01     1.364627e+00
  1.6857e+01     1.363647e+00
  1.7142e+01     1.362576e+00
  1.7428e+01     1.361406e+00
  1.7714e+01     1.360128e+00
  1.8000e+01     1.358733e+00
  1.8285e+01     1.357210e+00
  1.8571e+01     1.355548e+00
  1.8857e+01     1.353735e+00
  1.9142e+01     1.351758e+00
  1.9428e+01     1.349604e+00
  1.9714e+01     1.347257e+00
  2.0000e+01     1.344701e+00
  2.0285e+01     1.341920e+00
  2.0571e+01     1.338894e+00
  2.0857e+01     1.335606e+00
  2.1142e+01     1.332035e+00
  2.1428e+01     1.328158e+00
  2.1714e+01     1.323954e+00
  2.2000e+01     1.319400e+00
  2.2285e+01     1.314470e+00
  2.2571e+01     1.309139e+00
  2.2857e+01     1.303382e+00
  2.3142e+01     1.297173e+00
  2.3428e+01     1.290484e+00
  2.3714e+01     1.283290e+00
  2.4000e+01     1.275565e+00
  2.4285e+01     1.267284e+00
  2.4571e+01     1.258423e+00
  2.4857e+01     1.248961e+00
  2.5142e+01     1.238878e+00
  2.5428e+01     1.228160e+00
  2.5714e+01     1.216793e+00
  2.6000e+01     1.204771e+00
  2.6285e+01     1.192093e+00
  2.6571e+01     1.178762e+00
  2.6857e+01     1.164790e+00
  2.7142e+01     1.150197e+00
  2.7428e+01     1.135008e+00
  2.7714e+01     1.119260e+00
  2.8000e+01     1.102998e+00
  2.8285e+01     1.086274e+00
  2.8571e+01     1.069150e+00
  2.8857e+01     1.051696e+00
  2.9142e+01     1.033990e+00
  2.9428e+01     1.016113e+00
  2.9714e+01     9.981561e-01
  3.0000e+01     9.802079e-01
  3.0285e+01     9.623619e-01
  3.0571e+01     9.447105e-01
  3.0857e+01     9.273435e-01
  3.1142e+01     9.103465e-01
  3.1428e+01     8.937994e-01
  3.1714e+01     8.777744e-01
  3.2000e+01     8.623349e-01
  3.2285e+01     8.475347e-01
  3.2571e+01     8.334174e-01
  3.2857e+01     8.200157e-01
  3.3142e+01     8.073523e-01
  3.3428e+01     7.954394e-01
  3.3714e+01     7.842802e-01
  3.4000e+01     7.738690e-01
  3.4285e+01     7.641926e-01
  3.4571e+01     7.552316e-01
  3.4857e+01     7.469610e-01
  3.5142e+01     7.393514e-01
  3.5428e+01     7.323707e-01
  3.5714e+01     7.259841e-01
  3.6000e+01     7.201557e-01
  3.6285e+01     7.148489e-01
  3.6571e+01     7.100273e-01
  3.6857e+01     7.056550e-01
  3.7142e+01     7.016972e-01
  3.7428e+01     6.981202e-01
  3.7714e+01     6.948922e-01
  3.8000e+01     6.919830e-01
  3.8285e+01     6.893642e-01
  3.8571e+01     6.870094e-01
  3.8857e+01     6.848941e-01
  3.9142e+01     6.829956e-01
  3.9428e+01     6.812930e-01
  3.9714e+01     6.797672e-01
  4.0000e+01     6.784007e-01
  4.0285e+01     6.771776e-01
  4.0571e+01     6.760834e-01
  4.0857e+01     6.751050e-01
  4.1142e+01     6.742304e-01
  4.1428e+01     6.734490e-01
  4.1714e+01     6.727511e-01
  4.2000e+01     6.721279e-01
  4.2285e+01     6.715716e-01
  4.2571e+01     6.710750e-01
  4.2857e+01     6.706320e-01
  4.3142e+01     6.702367e-01
  4.3428e+01     6.698842e-01
  4.3714e+01     6.695698e-01
  4.4000e+01     6.692894e-01
  4.4285e+01     6.690394e-01
  4.4571e+01     6.688165e-01
  4.4857e+01     6.686179e-01
  4.5142e+01     6.684408e-01
  4.5428e+01     6.682829e-01
  4.5714e+01     6.681423e-01
  4.6000e+01     6.680169e-01
  4.6285e+01     6.679052e-01
  4.6571e+01     6.678057e-01
  4.6857e+01     6.677170e-01
  4.7142e+01     6.676379e-01
  4.7428e+01     6.675675e-01
  4.7714e+01     6.675048e-01
  4.8000e+01     6.674489e-01
  4.8285e+01     6.673991e-01
  4.8571e+01     6.673547e-01
  4.8857e+01     6.673152e-01
  4.9142e+01     6.672800e-01
  4.9428e+01     6.672486e-01
  4.9714e+01     6.672207e-01
  5.0000e+01     6.671958e-01
  5.0285e+01     6.671736e-01
  5.0571e+01     6.671539e-01
  5.0857e+01     6.671363e-01
  5.1142e+01     6.671206e-01
  5.1428e+01     6.671066e-01
  5.1714e+01     6.670942e-01
  5.2000e+01     6.670831e-01
  5.2285e+01     6.670733e-01
  5.2571e+01     6.670645e-01
  5.2857e+01     6.670566e-01
  5.3142e+01     6.670497e-01
  5.3428e+01     6.670434e-01
  5.3714e+01     6.670379e-01
  5.4000e+01     6.670330e-01
  5.4285e+01     6.670286e-01
  5.4571e+01     6.670247e-01
  5.4857e+01     6.670212e-01
  5.5142e+01     6.670181e-01
  5.5428e+01     6.670153e-01
  5.5714e+01     6.670129e-01
  5.6000e+01     6.670107e-01
  5.6285e+01     6.670087e-01
  5.6571e+01     6.670070e-01
  5.6857e+01     6.670054e-01
  5.7142e+01     6.670041e-01
  5.7428e+01     6.670028e-01
  5.7714e+01     6.670017e-01
  5.8000e+01     6.670008e-01
  5.8285e+01     6.669999e-01
  5.8571e+01     6.669991e-01
  5.8857e+01     6.669984e-01
  5.9142e+01     6.669978e-01
  5.9428e+01     6.669973e-01
  5.9714e+01     6.669968e-01
