# Epidemic | total incidence [ x-unit: transmission cycles | y-unit: ]
  0.0000e+00     0.000000e+00
  2.8571e-01     1.299263e-05
  5.7143e-01     1.688081e-05
  8.5714e-01     2.193254e-05
  1.1428e+00     2.849597e-05
  1.4285e+00     3.702344e-05
  1.7142e+00     4.810259e-05
  2.0000e+00     6.249683e-05
  2.2857e+00     8.119789e-05
  2.5714e+00     1.054940e-04
  2.8571e+00     1.370586e-04
  3.1428e+00     1.780650e-04
  3.4285e+00     2.313359e-04
  3.7142e+00     3.005364e-04
  4.0000e+00     3.904251e-04
  4.2857e+00     5.071787e-04
  4.5714e+00     6.588123e-04
  4.8571e+00     8.557225e-04
  5.1428e+00     1.111389e-03
  5.4285e+00     1.443276e-03
  5.7142e+00     1.873995e-03
  6.0000e+00     2.432785e-03
  6.2857e+00     3.157405e-03
  6.5714e+00     4.096523e-03
  6.8571e+00     5.312721e-03
  7.1428e+00     6.886206e-03
  7.4285e+00     8.919351e-03
  7.7142e+00     1.154208e-02
  8.0000e+00     1.491805e-02
  8.2857e+00     1.925136e-02
  8.5714e+00     2.479301e-02
  8.8571e+00     3.184583e-02
  9.1428e+00     4.076530e-02
  9.4285e+00     5.195189e-02
  9.7142e+00     6.582822e-02
  1.0000e+01     8.279079e-02
  1.0285e+01     1.031225e-01
  1.0571e+01     1.268503e-01
  1.0857e+01     1.535344e-01
  1.1142e+01     1.819940e-01
  1.1428e+01     2.100108e-01
  1.1714e+01     2.341304e-01
  1.2000e+01     2.497819e-01
  1.2285e+01     2.520175e-01
  1.2571e+01     2.370835e-01
  1.2857e+01     2.045844e-01
  1.3142e+01     1.591594e-01
  1.3428e+01     1.099440e-01
  1.3714e+01     6.693436e-02
  1.4000e+01     3.617731e-02
  1.4285e+01     1.778453e-02
  1.4571e+01     8.213846e-03
  1.4857e+01     3.664455e-03
  1.5142e+01     1.607169e-03
  1.5428e+01     6.993639e-04
  1.5714e+01     3.032686e-04
  1.6000e+01     1.313068e-04
  1.6285e+01     5.681437e-05
  1.6571e+01     2.457559e-05
  1.6857e+01     1.062907e-05
  1.7142e+01     4.596882e-06
  1.7428e+01     1.988022e-06
  1.7714e+01     8.597550e-07
  1.8000e+01     3.718145e-07
  1.8285e+01     1.607967e-07
  1.8571e+01     6.953885e-08
  1.8857e+01     3.007307e-08
  1.9142e+01     1.300553e-08
  1.9428e+01     5.624424e-09
  1.9714e+01     2.432362e-09
  2.0000e+01     1.051909e-09
  2.0285e+01     4.549132e-10
  2.0571e+01     1.967336e-10
  2.0857e+01     8.508025e-11
  2.1142e+01     3.679416e-11
  2.1428e+01     1.591216e-11
  2.1714e+01     6.881438e-12
  2.2000e+01     2.975975e-12
  2.2285e+01     1.287003e-12
  2.2571e+01     5.565826e-13
  2.2857e+01     2.407020e-13
  2.3142e+01     1.040950e-13
  2.3428e+01     4.501736e-14
  2.3714e+01     1.946840e-14
  2.4000e+01     8.419383e-15
  2.4285e+01     3.641082e-15
  2.4571e+01     1.574637e-15
  2.4857e+01     6.809743e-16
  2.5142e+01     2.944970e-16
  2.5428e+01     1.273594e-16
  2.5714e+01     5.507837e-17
  2.6000e+01     2.381942e-17
  2.6285e+01     1.030105e-17
  2.6571e+01     4.454834e-18
  2.6857e+01     1.926556e-18
  2.7142e+01     8.331665e-19
  2.7428e+01     3.603147e-19
  2.7714e+01     1.558232e-19
  2.8000e+01     6.738794e-20
  2.8285e+01     2.914287e-20
  2.8571e+01     1.260325e-20
  2.8857e+01     5.450453e-21
  2.9142e+01     2.357126e-21
  2.9428e+01     1.019372e-21
  2.9714e+01     4.408421e-22
  3.0000e+01     1.906484e-22
  3.0285e+01     8.244860e-23
  3.0571e+01     3.565607e-23
  3.0857e+01     1.541997e-23
  3.1142e+01     6.668585e-24
  3.1428e+01     2.883924e-24
  3.1714e+01     1.247194e-24
  3.2000e+01     5.393667e-25
  3.2285e+01     2.332568e-25
  3.2571e+01     1.008752e-25
  3.2857e+01     4.362491e-26
  3.3142e+01     1.886621e-26
  3.3428e+01     8.158960e-27
  3.3714e+01     3.528458e-27
  3.4000e+01     1.525932e-27
  3.4285e+01     6.599108e-28
  3.4571e+01     2.853878e-28
  3.4857e+01     1.234200e-28
  3.5142e+01     5.337472e-29
  3.5428e+01     2.308266e-29
  3.5714e+01     9.982421e-30
  3.6000e+01     4.317040e-30
  3.6285e+01     1.866965e-30
  3.6571e+01     8.073955e-31
  3.6857e+01     3.491696e-31
  3.7142e+01     1.510034e-31
  3.7428e+01     6.530354e-32
  3.7714e+01     2.824144e-32
  3.8000e+01     1.221341e-32
  3.8285e+01     5.281863e-33
  3.8571e+01     2.284217e-33
  3.8857e+01     9.878418e-34
  3.9142e+01     4.272062e-34
  3.9428e+01     1.847514e-34
  3.9714e+01     7.989835e-35
  4.0000e+01     3.455317e-35
  4.0285e+01     1.494301e-35
  4.0571e+01     6.462317e-36
  4.0857e+01     2.794720e-36
  4.1142e+01     1.208616e-36
  4.1428e+01     5.226833e-37
  4.1714e+01     2.260418e-37
  4.2000e+01     9.775499e-38
  4.2285e+01     4.227553e-38
  4.2571e+01     1.828265e-38
  4.2857e+01     7.906592e-39
  4.3142e+01     3.419318e-39
  4.3428e+01     1.478732e-39
  4.3714e+01     6.394988e-40
  4.4000e+01     2.765603e-40
  4.4285e+01     1.196024e-40
  4.4571e+01     5.172377e-41
  4.4857e+01     2.236868e-41
  4.5142e+01     9.673651e-42
  4.5428e+01     4.183508e-42
  4.5714e+01     1.809217e-42
  4.6000e+01     7.824216e-43
  4.6285e+01     3.383693e-43
  4.6571e+01     1.463326e-43
  4.6857e+01     6.328361e-44
  4.7142e+01     2.736789e-44
  4.7428e+01     1.183563e-44
  4.7714e+01     5.118488e-45
  4.8000e+01     2.213563e-45
  4.8285e+01     9.572865e-46
  4.8571e+01     4.139921e-46
  4.8857e+01     1.790368e-46
  4.9142e+01     7.742698e-47
  4.9428e+01     3.348440e-47
  4.9714e+01     1.448080e-47
  5.0000e+01     6.262428e-48
  5.0285e+01     2.708276e-48
  5.0571e+01     1.171232e-48
  5.0857e+01     5.065160e-49
  5.1142e+01     2.190500e-49
  5.1428e+01     9.473129e-50
  5.1714e+01     4.096789e-50
  5.2000e+01     1.771714e-50
  5.2285e+01     7.662030e-51
  5.2571e+01     3.313553e-51
  5.2857e+01     1.432993e-51
  5.3142e+01     6.197182e-52
  5.3428e+01     2.680059e-52
  5.3714e+01     1.159030e-52
  5.4000e+01     5.012388e-53
  5.4285e+01     2.167678e-53
  5.4571e+01     9.374432e-54
  5.4857e+01     4.054106e-54
  5.5142e+01     1.753256e-54
  5.5428e+01     7.582202e-55
  5.5714e+01     3.279031e-55
  5.6000e+01     1.418063e-55
  5.6285e+01     6.132616e-56
  5.6571e+01     2.652137e-56
  5.6857e+01     1.146954e-56
  5.7142e+01     4.960166e-57
  5.7428e+01     2.145094e-57
  5.7714e+01     9.276763e-58
  5.8000e+01     4.011868e-58
  5.8285e+01     1.734989e-58
  5.8571e+01     7.503206e-59
  5.8857e+01     3.244868e-59
  5.9142e+01     1.403289e-59
  5.9428e+01     6.068722e-60
  5.9714e+01     2.624505e-60
