# Epidemic | total incidence [ x-unit: transmission cycles | y-unit: ]
  0.0000e+00     0.000000e+00
  5.7143e-02     1.064790e-05
  1.1429e-01     1.133778e-05
  1.7143e-01     1.207236e-05
  2.2857e-01     1.285453e-05
  2.8571e-01     1.368737e-05
  3.4286e-01     1.457418e-05
  4.0000e-01     1.551844e-05
  4.5714e-01     1.652388e-05
  5.1429e-01     1.759445e-05
  5.7143e-01     1.873439e-05
  6.2857e-01     1.994819e-05
  6.8571e-01     2.124062e-05
  7.4286e-01     2.261679e-05
  8.0000e-01     2.408212e-05
  8.5714e-01     2.564238e-05
  9.1429e-01     2.730372e-05
  9.7143e-01     2.907271e-05
  1.0285e+00     3.095629e-05
  1.0857e+00     3.296191e-05
  1.1428e+00     3.509747e-05
  1.2000e+00     3.737138e-05
  1.2571e+00     3.979261e-05
  1.3142e+00     4.237070e-05
  1.3714e+00     4.511581e-05
  1.4285e+00     4.803876e-05
  1.4857e+00     5.115107e-05
  1.5428e+00     5.446501e-05
  1.6000e+00     5.799364e-05
  1.6571e+00     6.175086e-05
  1.7142e+00     6.575148e-05
  1.7714e+00     7.001128e-05
  1.8285e+00     7.454702e-05
  1.8857e+00     7.937660e-05
  1.9428e+00     8.451904e-05
  2.0000e+00     8.999459e-05
  2.0571e+00     9.582485e-05
  2.1142e+00     1.020328e-04
  2.1714e+00     1.086428e-04
  2.2285e+00     1.156811e-04
  2.2857e+00     1.231752e-04
  2.3428e+00     1.311548e-04
  2.4000e+00     1.396512e-04
  2.4571e+00     1.486979e-04
  2.5142e+00     1.583306e-04
  2.5714e+00     1.685872e-04
  2.6285e+00     1.795081e-04
  2.6857e+00     1.911363e-04
  2.7428e+00     2.035176e-04
  2.8000e+00     2.167007e-04
  2.8571e+00     2.307376e-04
  2.9142e+00     2.456835e-04
  2.9714e+00     2.615973e-04
  3.0285e+00     2.785415e-04
  3.0857e+00     2.965830e-04
  3.1428e+00     3.157926e-04
  3.2000e+00     3.362460e-04
  3.2571e+00     3.580236e-04
  3.3142e+00     3.812111e-04
  3.3714e+00     4.058997e-04
  3.4285e+00     4.321866e-04
  3.4857e+00     4.601750e-04
  3.5428e+00     4.899751e-04
  3.6000e+00     5.217039e-04
  3.6571e+00     5.554861e-04
  3.7142e+00     5.914545e-04
  3.7714e+00     6.297504e-04
  3.8285e+00     6.705242e-04
  3.8857e+00     7.139360e-04
  3.9428e+00     7.601561e-04
  4.0000e+00     8.093660e-04
  4.0571e+00     8.617588e-04
  4.1142e+00     9.175399e-04
  4.1714e+00     9.769279e-04
  4.2285e+00     1.040156e-03
  4.2857e+00     1.107471e-03
  4.3428e+00     1.179137e-03
  4.4000e+00     1.255435e-03
  4.4571e+00     1.336664e-03
  4.5142e+00     1.423139e-03
  4.5714e+00     1.515201e-03
  4.6285e+00     1.613208e-03
  4.6857e+00     1.717543e-03
  4.7428e+00     1.828613e-03
  4.8000e+00     1.946851e-03
  4.8571e+00     2.072719e-03
  4.9142e+00     2.206704e-03
  4.9714e+00     2.349330e-03
  5.0285e+00     2.501150e-03
  5.0857e+00     2.662754e-03
  5.1428e+00     2.834768e-03
  5.2000e+00     3.017860e-03
  5.2571e+00     3.212737e-03
  5.3142e+00     3.420153e-03
  5.3714e+00     3.640909e-03
  5.4285e+00     3.875857e-03
  5.4857e+00     4.125899e-03
  5.5428e+00     4.391999e-03
  5.6000e+00     4.675176e-03
  5.6571e+00     4.976516e-03
  5.7142e+00     5.297170e-03
  5.7714e+00     5.638363e-03
  5.8285e+00     6.001393e-03
  5.8857e+00     6.387639e-03
  5.9428e+00     6.798565e-03
  6.0000e+00     7.235725e-03
  6.0571e+00     7.700764e-03
  6.1142e+00     8.195433e-03
  6.1714e+00     8.721582e-03
  6.2285e+00     9.281176e-03
  6.2857e+00     9.876297e-03
  6.3428e+00     1.050915e-02
  6.4000e+00     1.118207e-02
  6.4571e+00     1.189752e-02
  6.5142e+00     1.265813e-02
  6.5714e+00     1.346666e-02
  6.6285e+00     1.432603e-02
  6.6857e+00     1.523934e-02
  6.7428e+00     1.620984e-02
  6.8000e+00     1.724099e-02
  6.8571e+00     1.833642e-02
  6.9142e+00     1.949995e-02
  6.9714e+00     2.073563e-02
  7.0285e+00     2.204769e-02
  7.0857e+00     2.344062e-02
  7.1428e+00     2.491909e-02
  7.2000e+00     2.648804e-02
  7.2571e+00     2.815264e-02
  7.3142e+00     2.991828e-02
  7.3714e+00     3.179064e-02
  7.4285e+00     3.377563e-02
  7.4857e+00     3.587941e-02
  7.5428e+00     3.810840e-02
  7.6000e+00     4.046927e-02
  7.6571e+00     4.296896e-02
  7.7142e+00     4.561462e-02
  7.7714e+00     4.841365e-02
  7.8285e+00     5.137367e-02
  7.8857e+00     5.450250e-02
  7.9428e+00     5.780815e-02
  8.0000e+00     6.129876e-02
  8.0571e+00     6.498262e-02
  8.1142e+00     6.886807e-02
  8.1714e+00     7.296350e-02
  8.2285e+00     7.727726e-02
  8.2857e+00     8.181764e-02
  8.3428e+00     8.659273e-02
  8.4000e+00     9.161036e-02
  8.4571e+00     9.687801e-02
  8.5142e+00     1.024027e-01
  8.5714e+00     1.081908e-01
  8.6285e+00     1.142480e-01
  8.6857e+00     1.205789e-01
  8.7428e+00     1.271871e-01
  8.8000e+00     1.340749e-01
  8.8571e+00     1.412430e-01
  8.9142e+00     1.486903e-01
  8.9714e+00     1.564136e-01
  9.0285e+00     1.644072e-01
  9.0857e+00     1.726629e-01
  9.1428e+00     1.811693e-01
  9.2000e+00     1.899114e-01
  9.2571e+00     1.988707e-01
  9.3142e+00     2.080243e-01
  9.3714e+00     2.173445e-01
  9.4285e+00     2.267986e-01
  9.4857e+00     2.363485e-01
  9.5428e+00     2.459501e-01
  9.6000e+00     2.555529e-01
  9.6571e+00     2.650998e-01
  9.7142e+00     2.745267e-01
  9.7714e+00     2.837623e-01
  9.8285e+00     2.927281e-01
  9.8857e+00     3.013380e-01
  9.9428e+00     3.094990e-01
  1.0000e+01     3.171112e-01
  1.0057e+01     3.240681e-01
  1.0114e+01     3.302579e-01
  1.0171e+01     3.355644e-01
  1.0228e+01     3.398681e-01
  1.0285e+01     3.430481e-01
  1.0342e+01     3.449843e-01
  1.0400e+01     3.455597e-01
  1.0457e+01     3.446631e-01
  1.0514e+01     3.421925e-01
  1.0571e+01     3.380585e-01
  1.0628e+01     3.321878e-01
  1.0685e+01     3.245275e-01
  1.0742e+01     3.150488e-01
  1.0800e+01     3.037509e-01
  1.0857e+01     2.906643e-01
  1.0914e+01     2.758534e-01
  1.0971e+01     2.594192e-01
  1.1028e+01     2.414987e-01
  1.1085e+01     2.222641e-01
  1.1142e+01     2.019183e-01
  1.1200e+01     1.806858e-01
  1.1257e+01     1.587944e-01
  1.1314e+01     1.364367e-01
  1.1371e+01     1.136565e-01
  1.1428e+01     8.974981e-02
