# Epidemic | total incidence [ x-unit: transmission cycles | y-unit: ]
  0.0000e+00     0.000000e+00
  2.8571e-01     1.173381e-05
  5.7143e-01     1.376822e-05
  8.5714e-01     1.615534e-05
  1.1428e+00     1.895629e-05
  1.4285e+00     2.224282e-05
  1.7142e+00     2.609909e-05
  2.0000e+00     3.062385e-05
  2.2857e+00     3.593295e-05
  2.5714e+00     4.216230e-05
  2.8571e+00     4.947136e-05
  3.1428e+00     5.804719e-05
  3.4285e+00     6.810923e-05
  3.7142e+00     7.991489e-05
  4.0000e+00     9.376611e-05
  4.2857e+00     1.100170e-04
  4.5714e+00     1.290830e-04
  4.8571e+00     1.514511e-04
  5.1428e+00     1.776925e-04
  5.4285e+00     2.084769e-04
  5.7142e+00     2.445893e-04
  6.0000e+00     2.869500e-04
  6.2857e+00     3.366372e-04
  6.5714e+00     3.949145e-04
  6.8571e+00     4.632618e-04
  7.1428e+00     5.434120e-04
  7.4285e+00     6.373939e-04
  7.7142e+00     7.475809e-04
  8.0000e+00     8.767489e-04
  8.2857e+00     1.028142e-03
  8.5714e+00     1.205551e-03
  8.8571e+00     1.413397e-03
  9.1428e+00     1.656837e-03
  9.4285e+00     1.941876e-03
  9.7142e+00     2.275499e-03
  1.0000e+01     2.665816e-03
  1.0285e+01     3.122229e-03
  1.0571e+01     3.655608e-03
  1.0857e+01     4.278492e-03
  1.1142e+01     5.005300e-03
  1.1428e+01     5.852543e-03
  1.1714e+01     6.839050e-03
  1.2000e+01     7.986169e-03
  1.2285e+01     9.317942e-03
  1.2571e+01     1.086122e-02
  1.2857e+01     1.264570e-02
  1.3142e+01     1.470378e-02
  1.3428e+01     1.707022e-02
  1.3714e+01     1.978155e-02
  1.4000e+01     2.287498e-02
  1.4285e+01     2.638686e-02
  1.4571e+01     3.035047e-02
  1.4857e+01     3.479287e-02
  1.5142e+01     3.973091e-02
  1.5428e+01     4.516612e-02
  1.5714e+01     5.107848e-02
  1.6000e+01     5.741934e-02
  1.6285e+01     6.410380e-02
  1.6571e+01     7.100341e-02
  1.6857e+01     7.794027e-02
  1.7142e+01     8.468448e-02
  1.7428e+01     9.095668e-02
  1.7714e+01     9.643822e-02
  1.8000e+01     1.007904e-01
  1.8285e+01     1.036838e-01
  1.8571e+01     1.048349e-01
  1.8857e+01     1.040479e-01
  1.9142e+01     1.012510e-01
  1.9428e+01     9.652216e-02
  1.9714e+01     9.009254e-02
  2.0000e+01     8.232596e-02
  2.0285e+01     7.367491e-02
  2.0571e+01     6.462256e-02
  2.0857e+01     5.562354e-02
  2.1142e+01     4.705643e-02
  2.1428e+01     3.919608e-02
  2.1714e+01     3.220756e-02
  2.2000e+01     2.615742e-02
  2.2285e+01     2.103521e-02
  2.2571e+01     1.677799e-02
  2.2857e+01     1.329285e-02
  2.3142e+01     1.047458e-02
  2.3428e+01     8.217926e-03
  2.3714e+01     6.425136e-03
  2.4000e+01     5.009704e-03
  2.4285e+01     3.897675e-03
  2.4571e+01     3.027371e-03
  2.4857e+01     2.348297e-03
  2.5142e+01     1.819676e-03
  2.5428e+01     1.408926e-03
  2.5714e+01     1.090218e-03
  2.6000e+01     8.431980e-04
  2.6285e+01     6.519047e-04
  2.6571e+01     5.038642e-04
  2.6857e+01     3.893553e-04
  2.7142e+01     3.008179e-04
  2.7428e+01     2.323826e-04
  2.7714e+01     1.794976e-04
  2.8000e+01     1.386370e-04
  2.8285e+01     1.070713e-04
  2.8571e+01     8.268869e-05
  2.8857e+01     6.385624e-05
  2.9142e+01     4.931151e-05
  2.9428e+01     3.807884e-05
  2.9714e+01     2.940436e-05
  3.0000e+01     2.270566e-05
  3.0285e+01     1.753284e-05
  3.0571e+01     1.353839e-05
  3.0857e+01     1.045392e-05
  3.1142e+01     8.072147e-06
  3.1428e+01     6.233006e-06
  3.1714e+01     4.812878e-06
  3.2000e+01     3.716304e-06
  3.2285e+01     2.869570e-06
  3.2571e+01     2.215756e-06
  3.2857e+01     1.710908e-06
  3.3142e+01     1.321086e-06
  3.3428e+01     1.020082e-06
  3.3714e+01     7.876602e-07
  3.4000e+01     6.081947e-07
  3.4285e+01     4.696196e-07
  3.4571e+01     3.626183e-07
  3.4857e+01     2.799969e-07
  3.5142e+01     2.162005e-07
  3.5428e+01     1.669398e-07
  3.5714e+01     1.289031e-07
  3.6000e+01     9.953289e-08
  3.6285e+01     7.685460e-08
  3.6571e+01     5.934350e-08
  3.6857e+01     4.582225e-08
  3.7142e+01     3.538178e-08
  3.7428e+01     2.732014e-08
  3.7714e+01     2.109532e-08
  3.8000e+01     1.628881e-08
  3.8285e+01     1.257745e-08
  3.8571e+01     9.711713e-09
  3.8857e+01     7.498926e-09
  3.9142e+01     5.790316e-09
  3.9428e+01     4.471008e-09
  3.9714e+01     3.452301e-09
  4.0000e+01     2.665704e-09
  4.0285e+01     2.058331e-09
  4.0571e+01     1.589346e-09
  4.0857e+01     1.227218e-09
  4.1142e+01     9.475995e-10
  4.1428e+01     7.316915e-10
  4.1714e+01     5.649776e-10
  4.2000e+01     4.362490e-10
  4.2285e+01     3.368509e-10
  4.2571e+01     2.601003e-10
  4.2857e+01     2.008372e-10
  4.3142e+01     1.550770e-10
  4.3428e+01     1.197431e-10
  4.3714e+01     9.245997e-11
  4.4000e+01     7.139322e-11
  4.4285e+01     5.512647e-11
  4.4571e+01     4.256606e-11
  4.4857e+01     3.286750e-11
  4.5142e+01     2.537873e-11
  4.5428e+01     1.959625e-11
  4.5714e+01     1.513130e-11
  4.6000e+01     1.168368e-11
  4.6285e+01     9.021582e-12
  4.6571e+01     6.966040e-12
  4.6857e+01     5.378847e-12
  4.7142e+01     4.153291e-12
  4.7428e+01     3.206975e-12
  4.7714e+01     2.476275e-12
  4.8000e+01     1.912062e-12
  4.8285e+01     1.476404e-12
  4.8571e+01     1.140009e-12
  4.8857e+01     8.802614e-13
  4.9142e+01     6.796963e-13
  4.9428e+01     5.248293e-13
  4.9714e+01     4.052484e-13
  5.0000e+01     3.129137e-13
  5.0285e+01     2.416172e-13
  5.0571e+01     1.865653e-13
  5.0857e+01     1.440569e-13
  5.1142e+01     1.112340e-13
  5.1428e+01     8.588961e-14
  5.1714e+01     6.631990e-14
  5.2000e+01     5.120909e-14
  5.2285e+01     3.954124e-14
  5.2571e+01     3.053188e-14
  5.2857e+01     2.357527e-14
  5.3142e+01     1.820371e-14
  5.3428e+01     1.405605e-14
  5.3714e+01     1.085341e-14
  5.4000e+01     8.380493e-15
  5.4285e+01     6.471021e-15
  5.4571e+01     4.996617e-15
  5.4857e+01     3.858151e-15
  5.5142e+01     2.979082e-15
  5.5428e+01     2.300306e-15
  5.5714e+01     1.776188e-15
  5.6000e+01     1.371488e-15
  5.6285e+01     1.058998e-15
  5.6571e+01     8.177086e-16
  5.6857e+01     6.313959e-16
  5.7142e+01     4.875341e-16
  5.7428e+01     3.764508e-16
  5.7714e+01     2.906775e-16
  5.8000e+01     2.244474e-16
  5.8285e+01     1.733077e-16
  5.8571e+01     1.338200e-16
  5.8857e+01     1.033295e-16
  5.9142e+01     7.978615e-17
  5.9428e+01     6.160709e-17
  5.9714e+01     4.757009e-17
