# Epidemic | total incidence [ x-unit: transmission cycles | y-unit: ]
  0.0000e+00     0.000000e+00
  2.8571e-01     1.095254e-05
  5.7143e-01     1.199580e-05
  8.5714e-01     1.313842e-05
  1.1428e+00     1.438985e-05
  1.4285e+00     1.576046e-05
  1.7142e+00     1.726159e-05
  2.0000e+00     1.890566e-05
  2.2857e+00     2.070629e-05
  2.5714e+00     2.267836e-05
  2.8571e+00     2.483819e-05
  3.1428e+00     2.720365e-05
  3.4285e+00     2.979431e-05
  3.7142e+00     3.263157e-05
  4.0000e+00     3.573891e-05
  4.2857e+00     3.914200e-05
  4.5714e+00     4.286897e-05
  4.8571e+00     4.695059e-05
  5.1428e+00     5.142059e-05
  5.4285e+00     5.631587e-05
  5.7142e+00     6.167682e-05
  6.0000e+00     6.754769e-05
  6.2857e+00     7.397687e-05
  6.5714e+00     8.101737e-05
  6.8571e+00     8.872720e-05
  7.1428e+00     9.716983e-05
  7.4285e+00     1.064147e-04
  7.7142e+00     1.165380e-04
  8.0000e+00     1.276227e-04
  8.2857e+00     1.397599e-04
  8.5714e+00     1.530493e-04
  8.8571e+00     1.675997e-04
  9.1428e+00     1.835302e-04
  9.4285e+00     2.009712e-04
  9.7142e+00     2.200650e-04
  1.0000e+01     2.409676e-04
  1.0285e+01     2.638490e-04
  1.0571e+01     2.888954e-04
  1.0857e+01     3.163100e-04
  1.1142e+01     3.463149e-04
  1.1428e+01     3.791526e-04
  1.1714e+01     4.150880e-04
  1.2000e+01     4.544099e-04
  1.2285e+01     4.974337e-04
  1.2571e+01     5.445033e-04
  1.2857e+01     5.959937e-04
  1.3142e+01     6.523134e-04
  1.3428e+01     7.139075e-04
  1.3714e+01     7.812604e-04
  1.4000e+01     8.548993e-04
  1.4285e+01     9.353972e-04
  1.4571e+01     1.023377e-03
  1.4857e+01     1.119514e-03
  1.5142e+01     1.224541e-03
  1.5428e+01     1.339254e-03
  1.5714e+01     1.464511e-03
  1.6000e+01     1.601243e-03
  1.6285e+01     1.750452e-03
  1.6571e+01     1.913220e-03
  1.6857e+01     2.090713e-03
  1.7142e+01     2.284179e-03
  1.7428e+01     2.494962e-03
  1.7714e+01     2.724493e-03
  1.8000e+01     2.974305e-03
  1.8285e+01     3.246025e-03
  1.8571e+01     3.541378e-03
  1.8857e+01     3.862188e-03
  1.9142e+01     4.210373e-03
  1.9428e+01     4.587942e-03
  1.9714e+01     4.996983e-03
  2.0000e+01     5.439660e-03
  2.0285e+01     5.918191e-03
  2.0571e+01     6.434832e-03
  2.0857e+01     6.991856e-03
  2.1142e+01     7.591517e-03
  2.1428e+01     8.236015e-03
  2.1714e+01     8.927454e-03
  2.2000e+01     9.667785e-03
  2.2285e+01     1.045875e-02
  2.2571e+01     1.130179e-02
  2.2857e+01     1.219799e-02
  2.3142e+01     1.314797e-02
  2.3428e+01     1.415179e-02
  2.3714e+01     1.520881e-02
  2.4000e+01     1.631762e-02
  2.4285e+01     1.747585e-02
  2.4571e+01     1.868010e-02
  2.4857e+01     1.992576e-02
  2.5142e+01     2.120695e-02
  2.5428e+01     2.251635e-02
  2.5714e+01     2.384515e-02
  2.6000e+01     2.518301e-02
  2.6285e+01     2.651800e-02
  2.6571e+01     2.783672e-02
  2.6857e+01     2.912433e-02
  2.7142e+01     3.036475e-02
  2.7428e+01     3.154091e-02
  2.7714e+01     3.263511e-02
  2.8000e+01     3.362937e-02
  2.8285e+01     3.450596e-02
  2.8571e+01     3.524792e-02
  2.8857e+01     3.583965e-02
  2.9142e+01     3.626746e-02
  2.9428e+01     3.652019e-02
  2.9714e+01     3.658968e-02
  3.0000e+01     3.647123e-02
  3.0285e+01     3.616386e-02
  3.0571e+01     3.567051e-02
  3.0857e+01     3.499798e-02
  3.1142e+01     3.415679e-02
  3.1428e+01     3.316078e-02
  3.1714e+01     3.202666e-02
  3.2000e+01     3.077338e-02
  3.2285e+01     2.942146e-02
  3.2571e+01     2.799226e-02
  3.2857e+01     2.650726e-02
  3.3142e+01     2.498744e-02
  3.3428e+01     2.345268e-02
  3.3714e+01     2.192130e-02
  3.4000e+01     2.040970e-02
  3.4285e+01     1.893214e-02
  3.4571e+01     1.750058e-02
  3.4857e+01     1.612475e-02
  3.5142e+01     1.481212e-02
  3.5428e+01     1.356815e-02
  3.5714e+01     1.239636e-02
  3.6000e+01     1.129866e-02
  3.6285e+01     1.027551e-02
  3.6571e+01     9.326163e-03
  3.6857e+01     8.448933e-03
  3.7142e+01     7.641360e-03
  3.7428e+01     6.900418e-03
  3.7714e+01     6.222679e-03
  3.8000e+01     5.604454e-03
  3.8285e+01     5.041913e-03
  3.8571e+01     4.531179e-03
  3.8857e+01     4.068412e-03
  3.9142e+01     3.649861e-03
  3.9428e+01     3.271914e-03
  3.9714e+01     2.931126e-03
  4.0000e+01     2.624243e-03
  4.0285e+01     2.348214e-03
  4.0571e+01     2.100196e-03
  4.0857e+01     1.877554e-03
  4.1142e+01     1.677859e-03
  4.1428e+01     1.498879e-03
  4.1714e+01     1.338573e-03
  4.2000e+01     1.195078e-03
  4.2285e+01     1.066699e-03
  4.2571e+01     9.518985e-04
  4.2857e+01     8.492838e-04
  4.3142e+01     7.575963e-04
  4.3428e+01     6.756999e-04
  4.3714e+01     6.025712e-04
  4.4000e+01     5.372890e-04
  4.4285e+01     4.790255e-04
  4.4571e+01     4.270371e-04
  4.4857e+01     3.806568e-04
  4.5142e+01     3.392867e-04
  4.5428e+01     3.023912e-04
  4.5714e+01     2.694908e-04
  4.6000e+01     2.401563e-04
  4.6285e+01     2.140041e-04
  4.6571e+01     1.906913e-04
  4.6857e+01     1.699112e-04
  4.7142e+01     1.513902e-04
  4.7428e+01     1.348837e-04
  4.7714e+01     1.201736e-04
  4.8000e+01     1.070650e-04
  4.8285e+01     9.538420e-05
  4.8571e+01     8.497604e-05
  4.8857e+01     7.570225e-05
  4.9142e+01     6.743947e-05
  4.9428e+01     6.007771e-05
  4.9714e+01     5.351889e-05
  5.0000e+01     4.767557e-05
  5.0285e+01     4.246981e-05
  5.0571e+01     3.783214e-05
  5.0857e+01     3.370063e-05
  5.1142e+01     3.002009e-05
  5.1428e+01     2.674135e-05
  5.1714e+01     2.382057e-05
  5.2000e+01     2.121870e-05
  5.2285e+01     1.890095e-05
  5.2571e+01     1.683630e-05
  5.2857e+01     1.499712e-05
  5.3142e+01     1.335882e-05
  5.3428e+01     1.189945e-05
  5.3714e+01     1.059948e-05
  5.4000e+01     9.441511e-06
  5.4285e+01     8.410028e-06
  5.4571e+01     7.491221e-06
  5.4857e+01     6.672784e-06
  5.5142e+01     5.943756e-06
  5.5428e+01     5.294370e-06
  5.5714e+01     4.715928e-06
  5.6000e+01     4.200679e-06
  5.6285e+01     3.741722e-06
  5.6571e+01     3.332908e-06
  5.6857e+01     2.968757e-06
  5.7142e+01     2.644392e-06
  5.7428e+01     2.355465e-06
  5.7714e+01     2.098105e-06
  5.8000e+01     1.868864e-06
  5.8285e+01     1.664670e-06
  5.8571e+01     1.482785e-06
  5.8857e+01     1.320773e-06
  5.9142e+01     1.176462e-06
  5.9428e+01     1.047919e-06
  5.9714e+01     9.334209e-07
