# Epidemic | total incidence [ x-unit: transmission cycles | y-unit: ]
  0.0000e+00     0.000000e+00
  2.8571e-01     1.352194e-05
  5.7143e-01     1.828427e-05
  8.5714e-01     2.472381e-05
  1.1428e+00     3.343121e-05
  1.4285e+00     4.520507e-05
  1.7142e+00     6.112520e-05
  2.0000e+00     8.265149e-05
  2.2857e+00     1.117577e-04
  2.5714e+00     1.511120e-04
  2.8571e+00     2.043215e-04
  3.1428e+00     2.762612e-04
  3.4285e+00     3.735196e-04
  3.7142e+00     5.049986e-04
  4.0000e+00     6.827228e-04
  4.2857e+00     9.229287e-04
  4.5714e+00     1.247529e-03
  4.8571e+00     1.686077e-03
  5.1428e+00     2.278393e-03
  5.4285e+00     3.078065e-03
  5.7142e+00     4.157087e-03
  6.0000e+00     5.611951e-03
  6.2857e+00     7.571577e-03
  6.5714e+00     1.020746e-02
  6.8571e+00     1.374636e-02
  7.1428e+00     1.848560e-02
  7.4285e+00     2.481049e-02
  7.7142e+00     3.321202e-02
  8.0000e+00     4.430066e-02
  8.2857e+00     5.880772e-02
  8.5714e+00     7.755829e-02
  8.8571e+00     1.013886e-01
  9.1428e+00     1.309655e-01
  9.4285e+00     1.664492e-01
  9.7142e+00     2.069404e-01
  1.0000e+01     2.496932e-01
  1.0285e+01     2.892300e-01
  1.0571e+01     3.168279e-01
  1.0857e+01     3.213641e-01
  1.1142e+01     2.928482e-01
  1.1428e+01     2.290890e-01
  1.1714e+01     1.424193e-01
  1.2000e+01     5.726283e-02
