# Epidemic | total incidence [ x-unit: transmission cycles | y-unit: ]
  0.0000e+00     0.000000e+00
  2.8571e-01     9.625663e-06
  5.7143e-01     9.265330e-06
  8.5714e-01     8.918478e-06
  1.1428e+00     8.584602e-06
  1.4285e+00     8.263218e-06
  1.7142e+00     7.953859e-06
  2.0000e+00     7.656076e-06
  2.2857e+00     7.369436e-06
  2.5714e+00     7.093522e-06
  2.8571e+00     6.827933e-06
  3.1428e+00     6.572284e-06
  3.4285e+00     6.326202e-06
  3.7142e+00     6.089330e-06
  4.0000e+00     5.861324e-06
  4.2857e+00     5.641852e-06
  4.5714e+00     5.430595e-06
  4.8571e+00     5.227245e-06
  5.1428e+00     5.031507e-06
  5.4285e+00     4.843096e-06
  5.7142e+00     4.661738e-06
  6.0000e+00     4.487169e-06
  6.2857e+00     4.319135e-06
  6.5714e+00     4.157392e-06
  6.8571e+00     4.001705e-06
  7.1428e+00     3.851845e-06
  7.4285e+00     3.707597e-06
  7.7142e+00     3.568749e-06
  8.0000e+00     3.435100e-06
  8.2857e+00     3.306454e-06
  8.5714e+00     3.182626e-06
  8.8571e+00     3.063434e-06
  9.1428e+00     2.948704e-06
  9.4285e+00     2.838271e-06
  9.7142e+00     2.731973e-06
  1.0000e+01     2.629655e-06
  1.0285e+01     2.531168e-06
  1.0571e+01     2.436370e-06
  1.0857e+01     2.345121e-06
  1.1142e+01     2.257289e-06
  1.1428e+01     2.172746e-06
  1.1714e+01     2.091369e-06
  1.2000e+01     2.013040e-06
  1.2285e+01     1.937644e-06
  1.2571e+01     1.865071e-06
  1.2857e+01     1.795216e-06
  1.3142e+01     1.727978e-06
  1.3428e+01     1.663257e-06
  1.3714e+01     1.600960e-06
  1.4000e+01     1.540996e-06
  1.4285e+01     1.483278e-06
  1.4571e+01     1.427722e-06
  1.4857e+01     1.374246e-06
  1.5142e+01     1.322773e-06
  1.5428e+01     1.273228e-06
  1.5714e+01     1.225538e-06
  1.6000e+01     1.179635e-06
  1.6285e+01     1.135450e-06
  1.6571e+01     1.092921e-06
  1.6857e+01     1.051984e-06
  1.7142e+01     1.012581e-06
  1.7428e+01     9.746532e-07
  1.7714e+01     9.381462e-07
  1.8000e+01     9.030064e-07
  1.8285e+01     8.691828e-07
  1.8571e+01     8.366261e-07
  1.8857e+01     8.052887e-07
  1.9142e+01     7.751251e-07
  1.9428e+01     7.460913e-07
  1.9714e+01     7.181449e-07
  2.0000e+01     6.912453e-07
  2.0285e+01     6.653532e-07
  2.0571e+01     6.404309e-07
  2.0857e+01     6.164421e-07
  2.1142e+01     5.933518e-07
  2.1428e+01     5.711263e-07
  2.1714e+01     5.497334e-07
  2.2000e+01     5.291417e-07
  2.2285e+01     5.093214e-07
  2.2571e+01     4.902434e-07
  2.2857e+01     4.718800e-07
  2.3142e+01     4.542044e-07
  2.3428e+01     4.371909e-07
  2.3714e+01     4.208147e-07
  2.4000e+01     4.050519e-07
  2.4285e+01     3.898795e-07
  2.4571e+01     3.752754e-07
  2.4857e+01     3.612184e-07
  2.5142e+01     3.476878e-07
  2.5428e+01     3.346641e-07
  2.5714e+01     3.221283e-07
  2.6000e+01     3.100619e-07
  2.6285e+01     2.984476e-07
  2.6571e+01     2.872683e-07
  2.6857e+01     2.765077e-07
  2.7142e+01     2.661503e-07
  2.7428e+01     2.561807e-07
  2.7714e+01     2.465846e-07
  2.8000e+01     2.373480e-07
  2.8285e+01     2.284573e-07
  2.8571e+01     2.198997e-07
  2.8857e+01     2.116626e-07
  2.9142e+01     2.037341e-07
  2.9428e+01     1.961025e-07
  2.9714e+01     1.887568e-07
  3.0000e+01     1.816863e-07
  3.0285e+01     1.748806e-07
  3.0571e+01     1.683298e-07
  3.0857e+01     1.620245e-07
  3.1142e+01     1.559553e-07
  3.1428e+01     1.501134e-07
  3.1714e+01     1.444904e-07
  3.2000e+01     1.390780e-07
  3.2285e+01     1.338683e-07
  3.2571e+01     1.288538e-07
  3.2857e+01     1.240271e-07
  3.3142e+01     1.193812e-07
  3.3428e+01     1.149094e-07
  3.3714e+01     1.106050e-07
  3.4000e+01     1.064619e-07
  3.4285e+01     1.024740e-07
  3.4571e+01     9.863545e-08
  3.4857e+01     9.494070e-08
  3.5142e+01     9.138434e-08
  3.5428e+01     8.796121e-08
  3.5714e+01     8.466629e-08
  3.6000e+01     8.149480e-08
  3.6285e+01     7.844211e-08
  3.6571e+01     7.550377e-08
  3.6857e+01     7.267549e-08
  3.7142e+01     6.995316e-08
  3.7428e+01     6.733280e-08
  3.7714e+01     6.481060e-08
  3.8000e+01     6.238288e-08
  3.8285e+01     6.004609e-08
  3.8571e+01     5.779684e-08
  3.8857e+01     5.563184e-08
  3.9142e+01     5.354794e-08
  3.9428e+01     5.154210e-08
  3.9714e+01     4.961139e-08
  4.0000e+01     4.775301e-08
  4.0285e+01     4.596424e-08
  4.0571e+01     4.424247e-08
  4.0857e+01     4.258520e-08
  4.1142e+01     4.099001e-08
  4.1428e+01     3.945457e-08
  4.1714e+01     3.797665e-08
  4.2000e+01     3.655409e-08
  4.2285e+01     3.518482e-08
  4.2571e+01     3.386683e-08
  4.2857e+01     3.259822e-08
  4.3142e+01     3.137713e-08
  4.3428e+01     3.020178e-08
  4.3714e+01     2.907046e-08
  4.4000e+01     2.798151e-08
  4.4285e+01     2.693335e-08
  4.4571e+01     2.592446e-08
  4.4857e+01     2.495336e-08
  4.5142e+01     2.401864e-08
  4.5428e+01     2.311893e-08
  4.5714e+01     2.225292e-08
  4.6000e+01     2.141935e-08
  4.6285e+01     2.061700e-08
  4.6571e+01     1.984471e-08
  4.6857e+01     1.910135e-08
  4.7142e+01     1.838584e-08
  4.7428e+01     1.769712e-08
  4.7714e+01     1.703421e-08
  4.8000e+01     1.639613e-08
  4.8285e+01     1.578195e-08
  4.8571e+01     1.519077e-08
  4.8857e+01     1.462174e-08
  4.9142e+01     1.407403e-08
  4.9428e+01     1.354683e-08
  4.9714e+01     1.303938e-08
  5.0000e+01     1.255094e-08
  5.0285e+01     1.208080e-08
  5.0571e+01     1.162826e-08
  5.0857e+01     1.119268e-08
  5.1142e+01     1.077342e-08
  5.1428e+01     1.036986e-08
  5.1714e+01     9.981413e-09
  5.2000e+01     9.607520e-09
  5.2285e+01     9.247633e-09
  5.2571e+01     8.901227e-09
  5.2857e+01     8.567796e-09
  5.3142e+01     8.246856e-09
  5.3428e+01     7.937938e-09
  5.3714e+01     7.640591e-09
  5.4000e+01     7.354383e-09
  5.4285e+01     7.078896e-09
  5.4571e+01     6.813728e-09
  5.4857e+01     6.558494e-09
  5.5142e+01     6.312820e-09
  5.5428e+01     6.076348e-09
  5.5714e+01     5.848735e-09
  5.6000e+01     5.629648e-09
  5.6285e+01     5.418767e-09
  5.6571e+01     5.215786e-09
  5.6857e+01     5.020408e-09
  5.7142e+01     4.832349e-09
  5.7428e+01     4.651335e-09
  5.7714e+01     4.477101e-09
  5.8000e+01     4.309393e-09
  5.8285e+01     4.147968e-09
  5.8571e+01     3.992590e-09
  5.8857e+01     3.843032e-09
  5.9142e+01     3.699076e-09
  5.9428e+01     3.560513e-09
  5.9714e+01     3.427140e-09
