# Epidemic | total incidence [ x-unit: transmission cycles | y-unit: ]
  0.0000e+00     0.000000e+00
  2.8571e-01     1.219013e-05
  5.7143e-01     1.485991e-05
  8.5714e-01     1.811437e-05
  1.1428e+00     2.208155e-05
  1.4285e+00     2.691752e-05
  1.7142e+00     3.281249e-05
  2.0000e+00     3.999833e-05
  2.2857e+00     4.875765e-05
  2.5714e+00     5.943490e-05
  2.8571e+00     7.244987e-05
  3.1428e+00     8.831419e-05
  3.4285e+00     1.076513e-04
  3.7142e+00     1.312211e-04
  4.0000e+00     1.599492e-04
  4.2857e+00     1.949635e-04
  4.5714e+00     2.376379e-04
  4.8571e+00     2.896461e-04
  5.1428e+00     3.530261e-04
  5.4285e+00     4.302593e-04
  5.7142e+00     5.243660e-04
  6.0000e+00     6.390214e-04
  6.2857e+00     7.786959e-04
  6.5714e+00     9.488240e-04
  6.8571e+00     1.156009e-03
  7.1428e+00     1.408268e-03
  7.4285e+00     1.715326e-03
  7.7142e+00     2.088966e-03
  8.0000e+00     2.543448e-03
  8.2857e+00     3.095999e-03
  8.5714e+00     3.767388e-03
  8.8571e+00     4.582592e-03
  9.1428e+00     5.571558e-03
  9.4285e+00     6.770050e-03
  9.7142e+00     8.220578e-03
  1.0000e+01     9.973368e-03
  1.0285e+01     1.208731e-02
  1.0571e+01     1.463080e-02
  1.0857e+01     1.768227e-02
  1.1142e+01     2.133022e-02
  1.1428e+01     2.567234e-02
  1.1714e+01     3.081321e-02
  1.2000e+01     3.685992e-02
  1.2285e+01     4.391472e-02
  1.2571e+01     5.206359e-02
  1.2857e+01     6.135964e-02
  1.3142e+01     7.180041e-02
  1.3428e+01     8.329861e-02
  1.3714e+01     9.564741e-02
  1.4000e+01     1.084837e-01
  1.4285e+01     1.212564e-01
  1.4571e+01     1.332116e-01
  1.4857e+01     1.434110e-01
  1.5142e+01     1.508011e-01
  1.5428e+01     1.543459e-01
  1.5714e+01     1.532196e-01
  1.6000e+01     1.470254e-01
  1.6285e+01     1.359773e-01
  1.6571e+01     1.209603e-01
  1.6857e+01     1.034109e-01
  1.7142e+01     8.502560e-02
  1.7428e+01     6.739305e-02
  1.7714e+01     5.169031e-02
  1.8000e+01     3.854806e-02
  1.8285e+01     2.809494e-02
  1.8571e+01     2.011106e-02
  1.8857e+01     1.420093e-02
  1.9142e+01     9.927319e-03
  1.9428e+01     6.889657e-03
  1.9714e+01     4.756941e-03
  2.0000e+01     3.272575e-03
  2.0285e+01     2.245746e-03
  2.0571e+01     1.538428e-03
  2.0857e+01     1.052626e-03
  2.1142e+01     7.196387e-04
  2.1428e+01     4.917113e-04
  2.1714e+01     3.358447e-04
  2.2000e+01     2.293255e-04
  2.2285e+01     1.565626e-04
  2.2571e+01     1.068735e-04
  2.2857e+01     7.294841e-05
  2.3142e+01     4.978937e-05
  2.3428e+01     3.398133e-05
  2.3714e+01     2.319170e-05
  2.4000e+01     1.582766e-05
  2.4285e+01     1.080179e-05
  2.4571e+01     7.371753e-06
  2.4857e+01     5.030874e-06
  2.5142e+01     3.433320e-06
  2.5428e+01     2.343064e-06
  2.5714e+01     1.599017e-06
  2.6000e+01     1.091243e-06
  2.6285e+01     7.447138e-07
  2.6571e+01     5.082264e-07
  2.6857e+01     3.468365e-07
  2.7142e+01     2.366967e-07
  2.7428e+01     1.615324e-07
  2.7714e+01     1.102369e-07
  2.8000e+01     7.523056e-08
  2.8285e+01     5.134067e-08
  2.8571e+01     3.503715e-08
  2.8857e+01     2.391091e-08
  2.9142e+01     1.631786e-08
  2.9428e+01     1.113603e-08
  2.9714e+01     7.599723e-09
  3.0000e+01     5.186388e-09
  3.0285e+01     3.539421e-09
  3.0571e+01     2.415458e-09
  3.0857e+01     1.648415e-09
  3.1142e+01     1.124952e-09
  3.1428e+01     7.677169e-10
  3.1714e+01     5.239240e-10
  3.2000e+01     3.575490e-10
  3.2285e+01     2.440073e-10
  3.2571e+01     1.665214e-10
  3.2857e+01     1.136416e-10
  3.3142e+01     7.755404e-11
  3.3428e+01     5.292631e-11
  3.3714e+01     3.611926e-11
  3.4000e+01     2.464938e-11
  3.4285e+01     1.682183e-11
  3.4571e+01     1.147996e-11
  3.4857e+01     7.834436e-12
  3.5142e+01     5.346566e-12
  3.5428e+01     3.648734e-12
  3.5714e+01     2.490058e-12
  3.6000e+01     1.699326e-12
  3.6285e+01     1.159695e-12
  3.6571e+01     7.914273e-13
  3.6857e+01     5.401051e-13
  3.7142e+01     3.685916e-13
  3.7428e+01     2.515433e-13
  3.7714e+01     1.716643e-13
  3.8000e+01     1.171513e-13
  3.8285e+01     7.994924e-14
  3.8571e+01     5.456091e-14
  3.8857e+01     3.723478e-14
  3.9142e+01     2.541066e-14
  3.9428e+01     1.734136e-14
  3.9714e+01     1.183451e-14
  4.0000e+01     8.076397e-15
  4.0285e+01     5.511691e-15
  4.0571e+01     3.761422e-15
  4.0857e+01     2.566961e-15
  4.1142e+01     1.751808e-15
  4.1428e+01     1.195512e-15
  4.1714e+01     8.158700e-16
  4.2000e+01     5.567859e-16
  4.2285e+01     3.799753e-16
  4.2571e+01     2.593120e-16
  4.2857e+01     1.769660e-16
  4.3142e+01     1.207694e-16
  4.3428e+01     8.241842e-17
  4.3714e+01     5.624598e-17
  4.4000e+01     3.838475e-17
  4.4285e+01     2.619546e-17
  4.4571e+01     1.787694e-17
  4.4857e+01     1.220002e-17
  4.5142e+01     8.325831e-18
  4.5428e+01     5.681916e-18
  4.5714e+01     3.877591e-18
  4.6000e+01     2.646240e-18
  4.6285e+01     1.805912e-18
  4.6571e+01     1.232434e-18
  4.6857e+01     8.410677e-19
  4.7142e+01     5.739818e-19
  4.7428e+01     3.917106e-19
  4.7714e+01     2.673207e-19
  4.8000e+01     1.824315e-19
  4.8285e+01     1.244993e-19
  4.8571e+01     8.496386e-20
  4.8857e+01     5.798310e-20
  4.9142e+01     3.957024e-20
  4.9428e+01     2.700449e-20
  4.9714e+01     1.842906e-20
  5.0000e+01     1.257681e-20
  5.0285e+01     8.582969e-21
  5.0571e+01     5.857399e-21
  5.0857e+01     3.997348e-21
  5.1142e+01     2.727968e-21
  5.1428e+01     1.861686e-21
  5.1714e+01     1.270497e-21
  5.2000e+01     8.670435e-22
  5.2285e+01     5.917089e-22
  5.2571e+01     4.038084e-22
  5.2857e+01     2.755767e-22
  5.3142e+01     1.880658e-22
  5.3428e+01     1.283444e-22
  5.3714e+01     8.758792e-23
  5.4000e+01     5.977388e-23
  5.4285e+01     4.079234e-23
  5.4571e+01     2.783850e-23
  5.4857e+01     1.899823e-23
  5.5142e+01     1.296523e-23
  5.5428e+01     8.848049e-24
  5.5714e+01     6.038301e-24
  5.6000e+01     4.120804e-24
  5.6285e+01     2.812219e-24
  5.6571e+01     1.919183e-24
  5.6857e+01     1.309736e-24
  5.7142e+01     8.938216e-25
  5.7428e+01     6.099834e-25
  5.7714e+01     4.162797e-25
  5.8000e+01     2.840877e-25
  5.8285e+01     1.938741e-25
  5.8571e+01     1.323082e-25
  5.8857e+01     9.029301e-26
  5.9142e+01     6.161995e-26
  5.9428e+01     4.205219e-26
  5.9714e+01     2.869828e-26
