# Epidemic | total incidence [ x-unit: transmission cycles | y-unit: ]
  0.0000e+00     0.000000e+00
  2.8571e-01     1.260734e-05
  5.7143e-01     1.589447e-05
  8.5714e-01     2.003864e-05
  1.1428e+00     2.526326e-05
  1.4285e+00     3.185000e-05
  1.7142e+00     4.015393e-05
  2.0000e+00     5.062266e-05
  2.2857e+00     6.382041e-05
  2.5714e+00     8.045839e-05
  2.8571e+00     1.014331e-04
  3.1428e+00     1.278743e-04
  3.4285e+00     1.612060e-04
  3.7142e+00     2.032226e-04
  4.0000e+00     2.561850e-04
  4.2857e+00     3.229416e-04
  4.5714e+00     4.070802e-04
  4.8571e+00     5.131187e-04
  5.1428e+00     6.467445e-04
  5.4285e+00     8.151151e-04
  5.7142e+00     1.027232e-03
  6.0000e+00     1.294413e-03
  6.2857e+00     1.630869e-03
  6.5714e+00     2.054436e-03
  6.8571e+00     2.587464e-03
  7.1428e+00     3.257920e-03
  7.4285e+00     4.100727e-03
  7.7142e+00     5.159380e-03
  8.0000e+00     6.487878e-03
  8.2857e+00     8.152976e-03
  8.5714e+00     1.023675e-02
  8.8571e+00     1.283941e-02
  9.1428e+00     1.608217e-02
  9.4285e+00     2.010990e-02
  9.7142e+00     2.509292e-02
  1.0000e+01     3.122693e-02
  1.0285e+01     3.872978e-02
  1.0571e+01     4.783248e-02
  1.0857e+01     5.876156e-02
  1.1142e+01     7.170833e-02
  1.1428e+01     8.678032e-02
  1.1714e+01     1.039302e-01
  1.2000e+01     1.228600e-01
  1.2285e+01     1.429066e-01
  1.2571e+01     1.629266e-01
  1.2857e+01     1.812222e-01
  1.3142e+01     1.955771e-01
  1.3428e+01     2.034871e-01
  1.3714e+01     2.026532e-01
  1.4000e+01     1.917103e-01
  1.4285e+01     1.709813e-01
  1.4571e+01     1.428595e-01
  1.4857e+01     1.114069e-01
  1.5142e+01     8.112431e-02
  1.5428e+01     5.546498e-02
  1.5714e+01     3.596277e-02
  1.6000e+01     2.238702e-02
  1.6285e+01     1.354067e-02
  1.6571e+01     8.035830e-03
  1.6857e+01     4.712333e-03
  1.7142e+01     2.743408e-03
  1.7428e+01     1.590270e-03
  1.7714e+01     9.194983e-04
  1.8000e+01     5.308724e-04
  1.8285e+01     3.062370e-04
  1.8571e+01     1.765673e-04
  1.8857e+01     1.017744e-04
  1.9142e+01     5.865373e-05
  1.9428e+01     3.379958e-05
  1.9714e+01     1.947615e-05
  2.0000e+01     1.122228e-05
  2.0285e+01     6.466235e-06
  2.0571e+01     3.725779e-06
  2.0857e+01     2.146743e-06
  2.1142e+01     1.236920e-06
  2.1428e+01     7.126927e-07
  2.1714e+01     4.106412e-07
  2.2000e+01     2.366041e-07
  2.2285e+01     1.363271e-07
  2.2571e+01     7.854918e-08
  2.2857e+01     4.525861e-08
  2.3142e+01     2.607719e-08
  2.3428e+01     1.502520e-08
  2.3714e+01     8.657245e-09
  2.4000e+01     4.988146e-09
  2.4285e+01     2.874079e-09
  2.4571e+01     1.655992e-09
  2.4857e+01     9.541521e-10
  2.5142e+01     5.497650e-10
  2.5428e+01     3.167645e-10
  2.5714e+01     1.825139e-10
  2.6000e+01     1.051612e-10
  2.6285e+01     6.059195e-11
  2.6571e+01     3.491197e-11
  2.6857e+01     2.011564e-11
  2.7142e+01     1.159026e-11
  2.7428e+01     6.678099e-12
  2.7714e+01     3.847798e-12
  2.8000e+01     2.217031e-12
  2.8285e+01     1.277413e-12
  2.8571e+01     7.360219e-13
  2.8857e+01     4.240823e-13
  2.9142e+01     2.443485e-13
  2.9428e+01     1.407891e-13
  2.9714e+01     8.112012e-14
  3.0000e+01     4.673993e-14
  3.0285e+01     2.693069e-14
  3.0571e+01     1.551697e-14
  3.0857e+01     8.940596e-15
  3.1142e+01     5.151408e-15
  3.1428e+01     2.968147e-15
  3.1714e+01     1.710192e-15
  3.2000e+01     9.853814e-16
  3.2285e+01     5.677587e-16
  3.2571e+01     3.271322e-16
  3.2857e+01     1.884876e-16
  3.3142e+01     1.086031e-16
  3.3428e+01     6.257512e-17
  3.3714e+01     3.605464e-17
  3.4000e+01     2.077402e-17
  3.4285e+01     1.196961e-17
  3.4571e+01     6.896672e-18
  3.4857e+01     3.973736e-18
  3.5142e+01     2.289594e-18
  3.5428e+01     1.319222e-18
  3.5714e+01     7.601118e-19
  3.6000e+01     4.379625e-19
  3.6285e+01     2.523460e-19
  3.6571e+01     1.453971e-19
  3.6857e+01     8.377518e-20
  3.7142e+01     4.826973e-20
  3.7428e+01     2.781213e-20
  3.7714e+01     1.602484e-20
  3.8000e+01     9.233221e-21
  3.8285e+01     5.320013e-21
  3.8571e+01     3.065294e-21
  3.8857e+01     1.766167e-21
  3.9142e+01     1.017633e-21
  3.9428e+01     5.863414e-22
  3.9714e+01     3.378392e-22
  4.0000e+01     1.946568e-22
  4.0285e+01     1.121577e-22
  4.0571e+01     6.462320e-23
  4.0857e+01     3.723471e-23
  4.1142e+01     2.145396e-23
  4.1428e+01     1.236138e-23
  4.1714e+01     7.122400e-24
  4.2000e+01     4.103797e-24
  4.2285e+01     2.364533e-24
  4.2571e+01     1.362400e-24
  4.2857e+01     7.849902e-25
  4.3142e+01     4.522970e-25
  4.3428e+01     2.606053e-25
  4.3714e+01     1.501560e-25
  4.4000e+01     8.651713e-26
  4.4285e+01     4.984959e-26
  4.4571e+01     2.872242e-26
  4.4857e+01     1.654933e-26
  4.5142e+01     9.535424e-27
  4.5428e+01     5.494137e-27
  4.5714e+01     3.165621e-27
  4.6000e+01     1.823973e-27
  4.6285e+01     1.050940e-27
  4.6571e+01     6.055324e-28
  4.6857e+01     3.488967e-28
  4.7142e+01     2.010279e-28
  4.7428e+01     1.158286e-28
  4.7714e+01     6.673831e-29
  4.8000e+01     3.845340e-29
  4.8285e+01     2.215614e-29
  4.8571e+01     1.276596e-29
  4.8857e+01     7.355516e-30
  4.9142e+01     4.238114e-30
  4.9428e+01     2.441924e-30
  4.9714e+01     1.406992e-30
  5.0000e+01     8.106829e-31
  5.0285e+01     4.671007e-31
  5.0571e+01     2.691349e-31
  5.0857e+01     1.550706e-31
  5.1142e+01     8.934883e-32
  5.1428e+01     5.148116e-32
  5.1714e+01     2.966251e-32
  5.2000e+01     1.709099e-32
  5.2285e+01     9.847518e-33
  5.2571e+01     5.673960e-33
  5.2857e+01     3.269232e-33
  5.3142e+01     1.883672e-33
  5.3428e+01     1.085337e-33
  5.3714e+01     6.253514e-34
  5.4000e+01     3.603160e-34
  5.4285e+01     2.076075e-34
  5.4571e+01     1.196197e-34
  5.4857e+01     6.892266e-35
  5.5142e+01     3.971197e-35
  5.5428e+01     2.288131e-35
  5.5714e+01     1.318379e-35
  5.6000e+01     7.596261e-36
  5.6285e+01     4.376827e-36
  5.6571e+01     2.521848e-36
  5.6857e+01     1.453042e-36
  5.7142e+01     8.372165e-37
  5.7428e+01     4.823888e-37
  5.7714e+01     2.779436e-37
  5.8000e+01     1.601460e-37
  5.8285e+01     9.227321e-38
  5.8571e+01     5.316614e-38
  5.8857e+01     3.063336e-38
  5.9142e+01     1.765038e-38
  5.9428e+01     1.016983e-38
  5.9714e+01     5.859668e-39
