# Epidemic | total incidence [ x-unit: transmission cycles | y-unit: ]
  0.0000e+00     0.000000e+00
  2.8571e-01     9.999995e-06
  5.7143e-01     9.999980e-06
  8.5714e-01     9.999955e-06
  1.1428e+00     9.999919e-06
  1.4285e+00     9.999874e-06
  1.7142e+00     9.999818e-06
  2.0000e+00     9.999752e-06
  2.2857e+00     9.999676e-06
  2.5714e+00     9.999589e-06
  2.8571e+00     9.999492e-06
  3.1428e+00     9.999385e-06
  3.4285e+00     9.999268e-06
  3.7142e+00     9.999141e-06
  4.0000e+00     9.999004e-06
  4.2857e+00     9.998856e-06
  4.5714e+00     9.998698e-06
  4.8571e+00     9.998530e-06
  5.1428e+00     9.998352e-06
  5.4285e+00     9.998163e-06
  5.7142e+00     9.997965e-06
  6.0000e+00     9.997756e-06
  6.2857e+00     9.997537e-06
  6.5714e+00     9.997307e-06
  6.8571e+00     9.997068e-06
  7.1428e+00     9.996818e-06
  7.4285e+00     9.996558e-06
  7.7142e+00     9.996288e-06
  8.0000e+00     9.996008e-06
  8.2857e+00     9.995718e-06
  8.5714e+00     9.995417e-06
  8.8571e+00     9.995106e-06
  9.1428e+00     9.994785e-06
  9.4285e+00     9.994454e-06
  9.7142e+00     9.994113e-06
  1.0000e+01     9.993761e-06
  1.0285e+01     9.993400e-06
  1.0571e+01     9.993028e-06
  1.0857e+01     9.992646e-06
  1.1142e+01     9.992253e-06
  1.1428e+01     9.991851e-06
  1.1714e+01     9.991438e-06
  1.2000e+01     9.991016e-06
  1.2285e+01     9.990583e-06
  1.2571e+01     9.990140e-06
  1.2857e+01     9.989686e-06
  1.3142e+01     9.989223e-06
  1.3428e+01     9.988749e-06
  1.3714e+01     9.988266e-06
  1.4000e+01     9.987772e-06
  1.4285e+01     9.987268e-06
  1.4571e+01     9.986754e-06
  1.4857e+01     9.986229e-06
  1.5142e+01     9.985695e-06
  1.5428e+01     9.985150e-06
  1.5714e+01     9.984595e-06
  1.6000e+01     9.984030e-06
  1.6285e+01     9.983455e-06
  1.6571e+01     9.982870e-06
  1.6857e+01     9.982275e-06
  1.7142e+01     9.981669e-06
  1.7428e+01     9.981053e-06
  1.7714e+01     9.980428e-06
  1.8000e+01     9.979792e-06
  1.8285e+01     9.979146e-06
  1.8571e+01     9.978490e-06
  1.8857e+01     9.977823e-06
  1.9142e+01     9.977147e-06
  1.9428e+01     9.976461e-06
  1.9714e+01     9.975764e-06
  2.0000e+01     9.975057e-06
  2.0285e+01     9.974341e-06
  2.0571e+01     9.973614e-06
  2.0857e+01     9.972877e-06
  2.1142e+01     9.972130e-06
  2.1428e+01     9.971372e-06
  2.1714e+01     9.970605e-06
  2.2000e+01     9.969828e-06
  2.2285e+01     9.969040e-06
  2.2571e+01     9.968243e-06
  2.2857e+01     9.967435e-06
  2.3142e+01     9.966617e-06
  2.3428e+01     9.965790e-06
  2.3714e+01     9.964952e-06
  2.4000e+01     9.964104e-06
  2.4285e+01     9.963246e-06
  2.4571e+01     9.962378e-06
  2.4857e+01     9.961500e-06
  2.5142e+01     9.960612e-06
  2.5428e+01     9.959714e-06
  2.5714e+01     9.958805e-06
  2.6000e+01     9.957887e-06
  2.6285e+01     9.956959e-06
  2.6571e+01     9.956021e-06
  2.6857e+01     9.955072e-06
  2.7142e+01     9.954114e-06
  2.7428e+01     9.953146e-06
  2.7714e+01     9.952167e-06
  2.8000e+01     9.951179e-06
  2.8285e+01     9.950180e-06
  2.8571e+01     9.949172e-06
  2.8857e+01     9.948154e-06
  2.9142e+01     9.947125e-06
  2.9428e+01     9.946087e-06
  2.9714e+01     9.945038e-06
  3.0000e+01     9.943980e-06
  3.0285e+01     9.942912e-06
  3.0571e+01     9.941833e-06
  3.0857e+01     9.940745e-06
  3.1142e+01     9.939647e-06
  3.1428e+01     9.938538e-06
  3.1714e+01     9.937420e-06
  3.2000e+01     9.936292e-06
  3.2285e+01     9.935154e-06
  3.2571e+01     9.934006e-06
  3.2857e+01     9.932848e-06
  3.3142e+01     9.931680e-06
  3.3428e+01     9.930502e-06
  3.3714e+01     9.929314e-06
  3.4000e+01     9.928117e-06
  3.4285e+01     9.926909e-06
  3.4571e+01     9.925691e-06
  3.4857e+01     9.924464e-06
  3.5142e+01     9.923227e-06
  3.5428e+01     9.921979e-06
  3.5714e+01     9.920722e-06
  3.6000e+01     9.919455e-06
  3.6285e+01     9.918178e-06
  3.6571e+01     9.916892e-06
  3.6857e+01     9.915595e-06
  3.7142e+01     9.914288e-06
  3.7428e+01     9.912972e-06
  3.7714e+01     9.911646e-06
  3.8000e+01     9.910310e-06
  3.8285e+01     9.908964e-06
  3.8571e+01     9.907608e-06
  3.8857e+01     9.906242e-06
  3.9142e+01     9.904867e-06
  3.9428e+01     9.903482e-06
  3.9714e+01     9.902087e-06
  4.0000e+01     9.900682e-06
  4.0285e+01     9.899267e-06
  4.0571e+01     9.897843e-06
  4.0857e+01     9.896408e-06
  4.1142e+01     9.894964e-06
  4.1428e+01     9.893510e-06
  4.1714e+01     9.892047e-06
  4.2000e+01     9.890573e-06
  4.2285e+01     9.889090e-06
  4.2571e+01     9.887597e-06
  4.2857e+01     9.886094e-06
  4.3142e+01     9.884582e-06
  4.3428e+01     9.883060e-06
  4.3714e+01     9.881528e-06
  4.4000e+01     9.879986e-06
  4.4285e+01     9.878435e-06
  4.4571e+01     9.876874e-06
  4.4857e+01     9.875303e-06
  4.5142e+01     9.873723e-06
  4.5428e+01     9.872132e-06
  4.5714e+01     9.870532e-06
  4.6000e+01     9.868923e-06
  4.6285e+01     9.867304e-06
  4.6571e+01     9.865675e-06
  4.6857e+01     9.864036e-06
  4.7142e+01     9.862388e-06
  4.7428e+01     9.860730e-06
  4.7714e+01     9.859062e-06
  4.8000e+01     9.857385e-06
  4.8285e+01     9.855698e-06
  4.8571e+01     9.854002e-06
  4.8857e+01     9.852296e-06
  4.9142e+01     9.850580e-06
  4.9428e+01     9.848855e-06
  4.9714e+01     9.847120e-06
  5.0000e+01     9.845375e-06
  5.0285e+01     9.843621e-06
  5.0571e+01     9.841857e-06
  5.0857e+01     9.840084e-06
  5.1142e+01     9.838301e-06
  5.1428e+01     9.836509e-06
  5.1714e+01     9.834707e-06
  5.2000e+01     9.832896e-06
  5.2285e+01     9.831075e-06
  5.2571e+01     9.829244e-06
  5.2857e+01     9.827404e-06
  5.3142e+01     9.825555e-06
  5.3428e+01     9.823695e-06
  5.3714e+01     9.821827e-06
  5.4000e+01     9.819949e-06
  5.4285e+01     9.818061e-06
  5.4571e+01     9.816164e-06
  5.4857e+01     9.814258e-06
  5.5142e+01     9.812342e-06
  5.5428e+01     9.810416e-06
  5.5714e+01     9.808482e-06
  5.6000e+01     9.806537e-06
  5.6285e+01     9.804583e-06
  5.6571e+01     9.802620e-06
  5.6857e+01     9.800648e-06
  5.7142e+01     9.798666e-06
  5.7428e+01     9.796674e-06
  5.7714e+01     9.794674e-06
  5.8000e+01     9.792663e-06
  5.8285e+01     9.790644e-06
  5.8571e+01     9.788615e-06
  5.8857e+01     9.786577e-06
  5.9142e+01     9.784529e-06
  5.9428e+01     9.782472e-06
  5.9714e+01     9.780406e-06
