# Epidemic | 7 days incidence [ x-unit: days | y-unit: per 100000 ]
  0.0000e+00     3.618006e+02
  2.0000e-01     3.596286e+02
  4.0000e-01     3.574791e+02
  6.0000e-01     3.553517e+02
  8.0000e-01     3.532462e+02
  1.0000e+00     3.511625e+02
  1.2000e+00     3.491004e+02
  1.4000e+00     3.470596e+02
  1.6000e+00     3.450400e+02
  1.8000e+00     3.430413e+02
  2.0000e+00     3.410634e+02
  2.2000e+00     3.391060e+02
  2.4000e+00     3.371690e+02
  2.6000e+00     3.352523e+02
  2.8000e+00     3.333555e+02
  3.0000e+00     3.314785e+02
  3.2000e+00     3.296212e+02
  3.4000e+00     3.277833e+02
  3.6000e+00     3.259647e+02
  3.8000e+00     3.241651e+02
  4.0000e+00     3.223845e+02
  4.2000e+00     3.206226e+02
  4.4000e+00     3.188793e+02
  4.6000e+00     3.171543e+02
  4.8000e+00     3.154476e+02
  5.0000e+00     3.137589e+02
  5.2000e+00     3.120880e+02
  5.4000e+00     3.104349e+02
  5.6000e+00     3.087993e+02
  5.8000e+00     3.071811e+02
  6.0000e+00     3.055801e+02
  6.2000e+00     3.039962e+02
  6.4000e+00     3.024292e+02
  6.6000e+00     3.008789e+02
  6.8000e+00     2.993452e+02
  7.0000e+00     2.978279e+02
  7.2000e+00     2.967077e+02
  7.4000e+00     2.956374e+02
  7.6000e+00     2.945743e+02
  7.8000e+00     2.935183e+02
  8.0000e+00     2.924694e+02
  8.2000e+00     2.914276e+02
  8.4000e+00     2.903928e+02
  8.6000e+00     2.893650e+02
  8.8000e+00     2.883443e+02
  9.0000e+00     2.873305e+02
  9.2000e+00     2.863237e+02
  9.4000e+00     2.853238e+02
  9.6000e+00     2.843308e+02
  9.8000e+00     2.833447e+02
  1.0000e+01     2.823655e+02
  1.0200e+01     2.813930e+02
  1.0400e+01     2.804274e+02
  1.0600e+01     2.794686e+02
  1.0800e+01     2.785165e+02
  1.1000e+01     2.775711e+02
  1.1200e+01     2.766324e+02
  1.1400e+01     2.757004e+02
  1.1600e+01     2.747751e+02
  1.1800e+01     2.738563e+02
  1.2000e+01     2.729442e+02
  1.2200e+01     2.720386e+02
  1.2400e+01     2.711396e+02
  1.2600e+01     2.702471e+02
  1.2800e+01     2.693611e+02
  1.3000e+01     2.684816e+02
  1.3200e+01     2.676085e+02
  1.3400e+01     2.667418e+02
  1.3600e+01     2.658815e+02
  1.3800e+01     2.650276e+02
  1.4000e+01     2.641800e+02
  1.4200e+01     2.633388e+02
  1.4400e+01     2.625038e+02
  1.4600e+01     2.616750e+02
  1.4800e+01     2.608525e+02
  1.5000e+01     2.600362e+02
  1.5200e+01     2.592261e+02
  1.5400e+01     2.584221e+02
  1.5600e+01     2.576243e+02
  1.5800e+01     2.568326e+02
  1.6000e+01     2.560469e+02
  1.6200e+01     2.552673e+02
  1.6400e+01     2.544937e+02
  1.6600e+01     2.537261e+02
  1.6800e+01     2.529645e+02
  1.7000e+01     2.522088e+02
  1.7200e+01     2.514590e+02
  1.7400e+01     2.507151e+02
  1.7600e+01     2.499771e+02
  1.7800e+01     2.492449e+02
  1.8000e+01     2.485185e+02
  1.8200e+01     2.477979e+02
  1.8400e+01     2.470831e+02
  1.8600e+01     2.463740e+02
  1.8800e+01     2.456706e+02
  1.9000e+01     2.449728e+02
  1.9200e+01     2.442808e+02
  1.9400e+01     2.435943e+02
  1.9600e+01     2.429135e+02
  1.9800e+01     2.422382e+02
  2.0000e+01     2.415685e+02
  2.0200e+01     2.409043e+02
  2.0400e+01     2.402456e+02
  2.0600e+01     2.395924e+02
  2.0800e+01     2.389446e+02
  2.1000e+01     2.383023e+02
  2.1200e+01     2.374940e+02
  2.1400e+01     2.366767e+02
  2.1600e+01     2.358695e+02
  2.1800e+01     2.350723e+02
  2.2000e+01     2.342851e+02
  2.2200e+01     2.335078e+02
  2.2400e+01     2.327402e+02
  2.2600e+01     2.319824e+02
  2.2800e+01     2.312342e+02
  2.3000e+01     2.304956e+02
  2.3200e+01     2.297664e+02
  2.3400e+01     2.290467e+02
  2.3600e+01     2.283363e+02
  2.3800e+01     2.276352e+02
  2.4000e+01     2.269433e+02
  2.4200e+01     2.262605e+02
  2.4400e+01     2.255868e+02
  2.4600e+01     2.249221e+02
  2.4800e+01     2.242663e+02
  2.5000e+01     2.236194e+02
  2.5200e+01     2.229813e+02
  2.5400e+01     2.223519e+02
  2.5600e+01     2.217312e+02
  2.5800e+01     2.211190e+02
  2.6000e+01     2.205155e+02
  2.6200e+01     2.199204e+02
  2.6400e+01     2.193337e+02
  2.6600e+01     2.187554e+02
  2.6800e+01     2.181854e+02
  2.7000e+01     2.176237e+02
  2.7200e+01     2.170701e+02
  2.7400e+01     2.165247e+02
  2.7600e+01     2.159874e+02
  2.7800e+01     2.154581e+02
  2.8000e+01     2.149368e+02
  2.8200e+01     2.144234e+02
  2.8400e+01     2.139178e+02
  2.8600e+01     2.134201e+02
  2.8800e+01     2.129302e+02
  2.9000e+01     2.124479e+02
  2.9200e+01     2.119734e+02
  2.9400e+01     2.115064e+02
  2.9600e+01     2.110470e+02
  2.9800e+01     2.105952e+02
  3.0000e+01     2.101508e+02
  3.0200e+01     2.097139e+02
  3.0400e+01     2.092844e+02
  3.0600e+01     2.088622e+02
  3.0800e+01     2.084473e+02
  3.1000e+01     2.080396e+02
  3.1200e+01     2.076392e+02
  3.1400e+01     2.072460e+02
  3.1600e+01     2.068599e+02
  3.1800e+01     2.064808e+02
  3.2000e+01     2.061089e+02
  3.2200e+01     2.057440e+02
  3.2400e+01     2.053860e+02
  3.2600e+01     2.050350e+02
  3.2800e+01     2.046909e+02
  3.3000e+01     2.043537e+02
  3.3200e+01     2.040233e+02
  3.3400e+01     2.036997e+02
  3.3600e+01     2.033828e+02
  3.3800e+01     2.030727e+02
  3.4000e+01     2.027693e+02
  3.4200e+01     2.024726e+02
  3.4400e+01     2.021825e+02
  3.4600e+01     2.018990e+02
  3.4800e+01     2.016221e+02
  3.5000e+01     2.013517e+02
  3.5200e+01     2.010879e+02
  3.5400e+01     2.008305e+02
  3.5600e+01     2.005796e+02
  3.5800e+01     2.003351e+02
  3.6000e+01     2.000970e+02
  3.6200e+01     1.998653e+02
  3.6400e+01     1.996400e+02
  3.6600e+01     1.994210e+02
  3.6800e+01     1.992082e+02
  3.7000e+01     1.990018e+02
  3.7200e+01     1.988016e+02
  3.7400e+01     1.986076e+02
  3.7600e+01     1.984199e+02
  3.7800e+01     1.982383e+02
  3.8000e+01     1.980629e+02
  3.8200e+01     1.978937e+02
  3.8400e+01     1.977305e+02
  3.8600e+01     1.975735e+02
  3.8800e+01     1.974226e+02
  3.9000e+01     1.972777e+02
  3.9200e+01     1.971389e+02
  3.9400e+01     1.970060e+02
  3.9600e+01     1.968792e+02
  3.9800e+01     1.967584e+02
  4.0000e+01     1.966436e+02
  4.0200e+01     1.965348e+02
  4.0400e+01     1.964319e+02
  4.0600e+01     1.963349e+02
  4.0800e+01     1.962438e+02
  4.1000e+01     1.961586e+02
  4.1200e+01     1.960794e+02
  4.1400e+01     1.960060e+02
  4.1600e+01     1.959385e+02
  4.1800e+01     1.958768e+02
  4.2000e+01     1.958210e+02
  4.2200e+01     1.957710e+02
  4.2400e+01     1.957268e+02
  4.2600e+01     1.956884e+02
  4.2800e+01     1.956558e+02
  4.3000e+01     1.956291e+02
  4.3200e+01     1.956081e+02
  4.3400e+01     1.955929e+02
  4.3600e+01     1.955834e+02
  4.3800e+01     1.955797e+02
  4.4000e+01     1.955818e+02
  4.4200e+01     1.955896e+02
  4.4400e+01     1.956031e+02
  4.4600e+01     1.956224e+02
  4.4800e+01     1.956475e+02
  4.5000e+01     1.956782e+02
  4.5200e+01     1.957147e+02
  4.5400e+01     1.957569e+02
  4.5600e+01     1.958048e+02
  4.5800e+01     1.958584e+02
  4.6000e+01     1.959177e+02
  4.6200e+01     1.959827e+02
  4.6400e+01     1.960535e+02
  4.6600e+01     1.961299e+02
  4.6800e+01     1.962121e+02
  4.7000e+01     1.962999e+02
  4.7200e+01     1.963935e+02
  4.7400e+01     1.964928e+02
  4.7600e+01     1.965978e+02
  4.7800e+01     1.967084e+02
  4.8000e+01     1.968249e+02
  4.8200e+01     1.969470e+02
  4.8400e+01     1.970748e+02
  4.8600e+01     1.972084e+02
  4.8800e+01     1.973477e+02
  4.9000e+01     1.974927e+02
  4.9200e+01     1.976434e+02
  4.9400e+01     1.977999e+02
  4.9600e+01     1.979621e+02
  4.9800e+01     1.981301e+02
  5.0000e+01     1.983038e+02
  5.0200e+01     1.984834e+02
  5.0400e+01     1.986686e+02
  5.0600e+01     1.988597e+02
  5.0800e+01     1.990565e+02
  5.1000e+01     1.992592e+02
  5.1200e+01     1.994676e+02
  5.1400e+01     1.996819e+02
  5.1600e+01     1.999019e+02
  5.1800e+01     2.001278e+02
  5.2000e+01     2.003596e+02
  5.2200e+01     2.005972e+02
  5.2400e+01     2.008407e+02
  5.2600e+01     2.010901e+02
  5.2800e+01     2.013453e+02
  5.3000e+01     2.016065e+02
  5.3200e+01     2.018736e+02
  5.3400e+01     2.021466e+02
  5.3600e+01     2.024255e+02
  5.3800e+01     2.027104e+02
  5.4000e+01     2.030013e+02
  5.4200e+01     2.032982e+02
  5.4400e+01     2.036011e+02
  5.4600e+01     2.039100e+02
  5.4800e+01     2.042250e+02
  5.5000e+01     2.045460e+02
  5.5200e+01     2.048730e+02
  5.5400e+01     2.052062e+02
  5.5600e+01     2.055455e+02
  5.5800e+01     2.058909e+02
  5.6000e+01     2.062425e+02
  5.6200e+01     2.066002e+02
  5.6400e+01     2.069641e+02
  5.6600e+01     2.073342e+02
  5.6800e+01     2.077106e+02
  5.7000e+01     2.080932e+02
  5.7200e+01     2.084821e+02
  5.7400e+01     2.088773e+02
  5.7600e+01     2.092788e+02
  5.7800e+01     2.096866e+02
  5.8000e+01     2.101008e+02
  5.8200e+01     2.105214e+02
  5.8400e+01     2.109484e+02
  5.8600e+01     2.113819e+02
  5.8800e+01     2.118218e+02
  5.9000e+01     2.122682e+02
  5.9200e+01     2.127211e+02
  5.9400e+01     2.131805e+02
  5.9600e+01     2.136466e+02
  5.9800e+01     2.141192e+02
  6.0000e+01     2.145985e+02
  6.0200e+01     2.150844e+02
  6.0400e+01     2.155770e+02
  6.0600e+01     2.160763e+02
  6.0800e+01     2.165823e+02
  6.1000e+01     2.170951e+02
  6.1200e+01     2.176148e+02
  6.1400e+01     2.181412e+02
  6.1600e+01     2.186746e+02
  6.1800e+01     2.192148e+02
  6.2000e+01     2.197619e+02
  6.2200e+01     2.203161e+02
  6.2400e+01     2.208772e+02
  6.2600e+01     2.214454e+02
  6.2800e+01     2.220206e+02
  6.3000e+01     2.226029e+02
  6.3200e+01     2.231924e+02
  6.3400e+01     2.237890e+02
  6.3600e+01     2.243929e+02
  6.3800e+01     2.250040e+02
  6.4000e+01     2.256224e+02
  6.4200e+01     2.262481e+02
  6.4400e+01     2.268812e+02
  6.4600e+01     2.275216e+02
  6.4800e+01     2.281696e+02
  6.5000e+01     2.288250e+02
  6.5200e+01     2.294879e+02
  6.5400e+01     2.301583e+02
  6.5600e+01     2.308364e+02
  6.5800e+01     2.315221e+02
  6.6000e+01     2.322156e+02
  6.6200e+01     2.329167e+02
  6.6400e+01     2.336256e+02
  6.6600e+01     2.343423e+02
  6.6800e+01     2.350669e+02
  6.7000e+01     2.357994e+02
  6.7200e+01     2.365399e+02
  6.7400e+01     2.372883e+02
  6.7600e+01     2.380448e+02
  6.7800e+01     2.388094e+02
  6.8000e+01     2.395821e+02
  6.8200e+01     2.403630e+02
  6.8400e+01     2.411521e+02
  6.8600e+01     2.419495e+02
  6.8800e+01     2.427553e+02
  6.9000e+01     2.435694e+02
  6.9200e+01     2.443920e+02
  6.9400e+01     2.452230e+02
  6.9600e+01     2.460626e+02
  6.9800e+01     2.469108e+02
  7.0000e+01     2.477676e+02
  7.0200e+01     2.486331e+02
  7.0400e+01     2.495074e+02
  7.0600e+01     2.503905e+02
  7.0800e+01     2.512824e+02
  7.1000e+01     2.521832e+02
  7.1200e+01     2.530930e+02
  7.1400e+01     2.540118e+02
  7.1600e+01     2.549397e+02
  7.1800e+01     2.558768e+02
  7.2000e+01     2.568230e+02
  7.2200e+01     2.577785e+02
  7.2400e+01     2.587433e+02
  7.2600e+01     2.597175e+02
  7.2800e+01     2.607011e+02
  7.3000e+01     2.616943e+02
  7.3200e+01     2.626969e+02
  7.3400e+01     2.637092e+02
  7.3600e+01     2.647312e+02
  7.3800e+01     2.657629e+02
  7.4000e+01     2.668045e+02
  7.4200e+01     2.678559e+02
  7.4400e+01     2.689172e+02
  7.4600e+01     2.699886e+02
  7.4800e+01     2.710700e+02
  7.5000e+01     2.721615e+02
  7.5200e+01     2.732633e+02
  7.5400e+01     2.743753e+02
  7.5600e+01     2.754977e+02
  7.5800e+01     2.766305e+02
  7.6000e+01     2.777737e+02
  7.6200e+01     2.789275e+02
  7.6400e+01     2.800919e+02
  7.6600e+01     2.812671e+02
  7.6800e+01     2.824529e+02
  7.7000e+01     2.836496e+02
  7.7200e+01     2.848572e+02
  7.7400e+01     2.860758e+02
  7.7600e+01     2.873055e+02
  7.7800e+01     2.885462e+02
  7.8000e+01     2.897982e+02
  7.8200e+01     2.910615e+02
  7.8400e+01     2.923361e+02
  7.8600e+01     2.936221e+02
  7.8800e+01     2.949197e+02
  7.9000e+01     2.962288e+02
  7.9200e+01     2.975496e+02
  7.9400e+01     2.988822e+02
  7.9600e+01     3.002266e+02
  7.9800e+01     3.015829e+02
  8.0000e+01     3.029512e+02
  8.0200e+01     3.043315e+02
  8.0400e+01     3.057240e+02
  8.0600e+01     3.071288e+02
  8.0800e+01     3.085458e+02
  8.1000e+01     3.099753e+02
  8.1200e+01     3.114172e+02
  8.1400e+01     3.128717e+02
  8.1600e+01     3.143389e+02
  8.1800e+01     3.158189e+02
  8.2000e+01     3.173116e+02
  8.2200e+01     3.188173e+02
  8.2400e+01     3.203360e+02
  8.2600e+01     3.218678e+02
  8.2800e+01     3.234127e+02
  8.3000e+01     3.249710e+02
  8.3200e+01     3.265426e+02
  8.3400e+01     3.281276e+02
  8.3600e+01     3.297262e+02
  8.3800e+01     3.313385e+02
  8.4000e+01     3.329645e+02
  8.4200e+01     3.346043e+02
  8.4400e+01     3.362580e+02
  8.4600e+01     3.379257e+02
  8.4800e+01     3.396076e+02
  8.5000e+01     3.413036e+02
  8.5200e+01     3.430139e+02
  8.5400e+01     3.447387e+02
  8.5600e+01     3.464779e+02
  8.5800e+01     3.482317e+02
  8.6000e+01     3.500002e+02
  8.6200e+01     3.517835e+02
  8.6400e+01     3.535817e+02
  8.6600e+01     3.553949e+02
  8.6800e+01     3.572231e+02
  8.7000e+01     3.590665e+02
  8.7200e+01     3.609252e+02
  8.7400e+01     3.627993e+02
  8.7600e+01     3.646889e+02
  8.7800e+01     3.665941e+02
  8.8000e+01     3.685150e+02
  8.8200e+01     3.704516e+02
  8.8400e+01     3.724042e+02
  8.8600e+01     3.743727e+02
  8.8800e+01     3.763574e+02
  8.9000e+01     3.783583e+02
  8.9200e+01     3.803755e+02
  8.9400e+01     3.824091e+02
  8.9600e+01     3.844592e+02
  8.9800e+01     3.865260e+02
  9.0000e+01     3.886095e+02
  9.0200e+01     3.907099e+02
  9.0400e+01     3.928272e+02
  9.0600e+01     3.949616e+02
  9.0800e+01     3.971132e+02
  9.1000e+01     3.992821e+02
  9.1200e+01     4.014683e+02
  9.1400e+01     4.036720e+02
  9.1600e+01     4.058934e+02
  9.1800e+01     4.081324e+02
  9.2000e+01     4.103893e+02
  9.2200e+01     4.126641e+02
  9.2400e+01     4.149570e+02
  9.2600e+01     4.172680e+02
  9.2800e+01     4.195973e+02
  9.3000e+01     4.219450e+02
  9.3200e+01     4.243112e+02
  9.3400e+01     4.266959e+02
  9.3600e+01     4.290994e+02
  9.3800e+01     4.315217e+02
  9.4000e+01     4.339629e+02
  9.4200e+01     4.364232e+02
  9.4400e+01     4.389027e+02
  9.4600e+01     4.414014e+02
  9.4800e+01     4.439195e+02
  9.5000e+01     4.464570e+02
  9.5200e+01     4.490142e+02
  9.5400e+01     4.515911e+02
  9.5600e+01     4.541879e+02
  9.5800e+01     4.568045e+02
  9.6000e+01     4.594413e+02
  9.6200e+01     4.620982e+02
  9.6400e+01     4.647753e+02
  9.6600e+01     4.674729e+02
  9.6800e+01     4.701909e+02
  9.7000e+01     4.729296e+02
  9.7200e+01     4.756889e+02
  9.7400e+01     4.784691e+02
  9.7600e+01     4.812702e+02
  9.7800e+01     4.840924e+02
  9.8000e+01     4.869357e+02
  9.8200e+01     4.898003e+02
  9.8400e+01     4.926863e+02
  9.8600e+01     4.955937e+02
  9.8800e+01     4.985227e+02
  9.9000e+01     5.014734e+02
  9.9200e+01     5.044459e+02
  9.9400e+01     5.074404e+02
  9.9600e+01     5.104568e+02
  9.9800e+01     5.134953e+02
  1.0000e+02     5.165561e+02
  1.0020e+02     5.196392e+02
  1.0040e+02     5.227447e+02
  1.0060e+02     5.258727e+02
  1.0080e+02     5.290234e+02
  1.0100e+02     5.321968e+02
  1.0120e+02     5.353930e+02
  1.0140e+02     5.386121e+02
  1.0160e+02     5.418543e+02
  1.0180e+02     5.451196e+02
  1.0200e+02     5.484081e+02
  1.0220e+02     5.517199e+02
  1.0240e+02     5.550551e+02
  1.0260e+02     5.584138e+02
  1.0280e+02     5.617961e+02
  1.0300e+02     5.652020e+02
  1.0320e+02     5.686317e+02
  1.0340e+02     5.720853e+02
  1.0360e+02     5.755628e+02
  1.0380e+02     5.790643e+02
  1.0400e+02     5.825899e+02
  1.0420e+02     5.861397e+02
  1.0440e+02     5.897138e+02
  1.0460e+02     5.933122e+02
  1.0480e+02     5.969350e+02
  1.0500e+02     6.005823e+02
  1.0520e+02     6.042541e+02
  1.0540e+02     6.079506e+02
  1.0560e+02     6.116718e+02
  1.0580e+02     6.154178e+02
  1.0600e+02     6.191886e+02
  1.0620e+02     6.229843e+02
  1.0640e+02     6.268050e+02
  1.0660e+02     6.306506e+02
  1.0680e+02     6.345214e+02
  1.0700e+02     6.384173e+02
  1.0720e+02     6.423383e+02
  1.0740e+02     6.462846e+02
  1.0760e+02     6.502561e+02
  1.0780e+02     6.542530e+02
  1.0800e+02     6.582753e+02
  1.0820e+02     6.623229e+02
  1.0840e+02     6.663960e+02
  1.0860e+02     6.704945e+02
  1.0880e+02     6.746185e+02
  1.0900e+02     6.787681e+02
  1.0920e+02     6.829432e+02
  1.0940e+02     6.871439e+02
  1.0960e+02     6.913702e+02
  1.0980e+02     6.956221e+02
  1.1000e+02     6.998996e+02
  1.1020e+02     7.042028e+02
  1.1040e+02     7.085315e+02
  1.1060e+02     7.128860e+02
  1.1080e+02     7.172660e+02
  1.1100e+02     7.216717e+02
  1.1120e+02     7.261030e+02
  1.1140e+02     7.305599e+02
  1.1160e+02     7.350423e+02
  1.1180e+02     7.395504e+02
  1.1200e+02     7.440840e+02
  1.1220e+02     7.486431e+02
  1.1240e+02     7.532277e+02
  1.1260e+02     7.578377e+02
  1.1280e+02     7.624731e+02
  1.1300e+02     7.671339e+02
  1.1320e+02     7.718200e+02
  1.1340e+02     7.765313e+02
  1.1360e+02     7.812678e+02
  1.1380e+02     7.860294e+02
  1.1400e+02     7.908161e+02
  1.1420e+02     7.956278e+02
  1.1440e+02     8.004643e+02
  1.1460e+02     8.053257e+02
  1.1480e+02     8.102118e+02
  1.1500e+02     8.151225e+02
  1.1520e+02     8.200577e+02
  1.1540e+02     8.250174e+02
  1.1560e+02     8.300013e+02
  1.1580e+02     8.350094e+02
  1.1600e+02     8.400416e+02
  1.1620e+02     8.450978e+02
  1.1640e+02     8.501777e+02
  1.1660e+02     8.552813e+02
  1.1680e+02     8.604084e+02
  1.1700e+02     8.655588e+02
  1.1720e+02     8.707325e+02
  1.1740e+02     8.759292e+02
  1.1760e+02     8.811487e+02
  1.1780e+02     8.863909e+02
  1.1800e+02     8.916557e+02
  1.1820e+02     8.969427e+02
  1.1840e+02     9.022518e+02
  1.1860e+02     9.075828e+02
  1.1880e+02     9.129355e+02
  1.1900e+02     9.183097e+02
  1.1920e+02     9.237051e+02
  1.1940e+02     9.291215e+02
  1.1960e+02     9.345587e+02
  1.1980e+02     9.400164e+02
  1.2000e+02     9.454943e+02
  1.2020e+02     9.509923e+02
  1.2040e+02     9.565099e+02
  1.2060e+02     9.620471e+02
  1.2080e+02     9.676033e+02
  1.2100e+02     9.731784e+02
  1.2120e+02     9.787721e+02
  1.2140e+02     9.843841e+02
  1.2160e+02     9.900140e+02
  1.2180e+02     9.956614e+02
  1.2200e+02     1.001326e+03
  1.2220e+02     1.007007e+03
  1.2240e+02     1.012706e+03
  1.2260e+02     1.018420e+03
  1.2280e+02     1.024150e+03
  1.2300e+02     1.029896e+03
  1.2320e+02     1.035657e+03
  1.2340e+02     1.041433e+03
  1.2360e+02     1.047223e+03
  1.2380e+02     1.053026e+03
  1.2400e+02     1.058844e+03
  1.2420e+02     1.064674e+03
  1.2440e+02     1.070517e+03
  1.2460e+02     1.076372e+03
  1.2480e+02     1.082238e+03
  1.2500e+02     1.088116e+03
  1.2520e+02     1.094005e+03
  1.2540e+02     1.099904e+03
  1.2560e+02     1.105812e+03
  1.2580e+02     1.111730e+03
  1.2600e+02     1.117657e+03
  1.2620e+02     1.123592e+03
  1.2640e+02     1.129535e+03
  1.2660e+02     1.135485e+03
  1.2680e+02     1.141441e+03
  1.2700e+02     1.147404e+03
  1.2720e+02     1.153372e+03
  1.2740e+02     1.159345e+03
  1.2760e+02     1.165323e+03
  1.2780e+02     1.171304e+03
  1.2800e+02     1.177288e+03
  1.2820e+02     1.183275e+03
  1.2840e+02     1.189264e+03
  1.2860e+02     1.195254e+03
  1.2880e+02     1.201245e+03
  1.2900e+02     1.207236e+03
  1.2920e+02     1.213226e+03
  1.2940e+02     1.219215e+03
  1.2960e+02     1.225202e+03
  1.2980e+02     1.231186e+03
  1.3000e+02     1.237167e+03
  1.3020e+02     1.243144e+03
  1.3040e+02     1.249116e+03
  1.3060e+02     1.255083e+03
  1.3080e+02     1.261043e+03
  1.3100e+02     1.266997e+03
  1.3120e+02     1.272943e+03
  1.3140e+02     1.278880e+03
  1.3160e+02     1.284808e+03
  1.3180e+02     1.290727e+03
  1.3200e+02     1.296634e+03
  1.3220e+02     1.302530e+03
  1.3240e+02     1.308414e+03
  1.3260e+02     1.314284e+03
  1.3280e+02     1.320141e+03
  1.3300e+02     1.325983e+03
  1.3320e+02     1.331809e+03
  1.3340e+02     1.337619e+03
  1.3360e+02     1.343412e+03
  1.3380e+02     1.349186e+03
  1.3400e+02     1.354942e+03
  1.3420e+02     1.360678e+03
  1.3440e+02     1.366393e+03
  1.3460e+02     1.372087e+03
  1.3480e+02     1.377759e+03
  1.3500e+02     1.383407e+03
  1.3520e+02     1.389031e+03
  1.3540e+02     1.394630e+03
  1.3560e+02     1.400203e+03
  1.3580e+02     1.405750e+03
  1.3600e+02     1.411268e+03
  1.3620e+02     1.416758e+03
  1.3640e+02     1.422219e+03
  1.3660e+02     1.427649e+03
  1.3680e+02     1.433047e+03
  1.3700e+02     1.438414e+03
  1.3720e+02     1.443747e+03
  1.3740e+02     1.449046e+03
  1.3760e+02     1.454310e+03
  1.3780e+02     1.459538e+03
  1.3800e+02     1.464729e+03
  1.3820e+02     1.469882e+03
  1.3840e+02     1.474996e+03
  1.3860e+02     1.480070e+03
  1.3880e+02     1.485104e+03
  1.3900e+02     1.490096e+03
  1.3920e+02     1.495046e+03
  1.3940e+02     1.499952e+03
  1.3960e+02     1.504813e+03
  1.3980e+02     1.509629e+03
  1.4000e+02     1.514399e+03
  1.4020e+02     1.519121e+03
  1.4040e+02     1.523795e+03
  1.4060e+02     1.528420e+03
  1.4080e+02     1.532995e+03
  1.4100e+02     1.537519e+03
  1.4120e+02     1.541991e+03
  1.4140e+02     1.546410e+03
  1.4160e+02     1.550775e+03
  1.4180e+02     1.555086e+03
  1.4200e+02     1.559341e+03
  1.4220e+02     1.563539e+03
  1.4240e+02     1.567680e+03
  1.4260e+02     1.571762e+03
  1.4280e+02     1.575786e+03
  1.4300e+02     1.579749e+03
  1.4320e+02     1.583651e+03
  1.4340e+02     1.587492e+03
  1.4360e+02     1.591270e+03
  1.4380e+02     1.594984e+03
  1.4400e+02     1.598634e+03
  1.4420e+02     1.602219e+03
  1.4440e+02     1.605737e+03
  1.4460e+02     1.609189e+03
  1.4480e+02     1.612573e+03
  1.4500e+02     1.615889e+03
  1.4520e+02     1.619135e+03
  1.4540e+02     1.622311e+03
  1.4560e+02     1.625417e+03
  1.4580e+02     1.628451e+03
  1.4600e+02     1.631412e+03
  1.4620e+02     1.634301e+03
  1.4640e+02     1.637116e+03
  1.4660e+02     1.639856e+03
  1.4680e+02     1.642522e+03
  1.4700e+02     1.645111e+03
  1.4720e+02     1.647625e+03
  1.4740e+02     1.650061e+03
  1.4760e+02     1.652419e+03
  1.4780e+02     1.654699e+03
  1.4800e+02     1.656900e+03
  1.4820e+02     1.659022e+03
  1.4840e+02     1.661063e+03
  1.4860e+02     1.663024e+03
  1.4880e+02     1.664903e+03
  1.4900e+02     1.666701e+03
  1.4920e+02     1.668417e+03
  1.4940e+02     1.670050e+03
  1.4960e+02     1.671600e+03
  1.4980e+02     1.673067e+03
  1.5000e+02     1.674449e+03
  1.5020e+02     1.675747e+03
  1.5040e+02     1.676960e+03
  1.5060e+02     1.678088e+03
  1.5080e+02     1.679131e+03
  1.5100e+02     1.680087e+03
  1.5120e+02     1.680958e+03
  1.5140e+02     1.681742e+03
  1.5160e+02     1.682439e+03
  1.5180e+02     1.683050e+03
  1.5200e+02     1.683573e+03
  1.5220e+02     1.684009e+03
  1.5240e+02     1.684357e+03
  1.5260e+02     1.684617e+03
  1.5280e+02     1.684790e+03
  1.5300e+02     1.684874e+03
  1.5320e+02     1.684871e+03
  1.5340e+02     1.684779e+03
  1.5360e+02     1.684599e+03
  1.5380e+02     1.684330e+03
  1.5400e+02     1.683974e+03
  1.5420e+02     1.683529e+03
  1.5440e+02     1.682995e+03
  1.5460e+02     1.682374e+03
  1.5480e+02     1.681664e+03
  1.5500e+02     1.680866e+03
  1.5520e+02     1.679981e+03
  1.5540e+02     1.679007e+03
  1.5560e+02     1.677946e+03
  1.5580e+02     1.676798e+03
  1.5600e+02     1.675562e+03
  1.5620e+02     1.674239e+03
  1.5640e+02     1.672830e+03
  1.5660e+02     1.671334e+03
  1.5680e+02     1.669752e+03
  1.5700e+02     1.668083e+03
  1.5720e+02     1.666330e+03
  1.5740e+02     1.664491e+03
  1.5760e+02     1.662567e+03
  1.5780e+02     1.660559e+03
  1.5800e+02     1.658467e+03
  1.5820e+02     1.656291e+03
  1.5840e+02     1.654032e+03
  1.5860e+02     1.651691e+03
  1.5880e+02     1.649267e+03
  1.5900e+02     1.646762e+03
  1.5920e+02     1.644176e+03
  1.5940e+02     1.641509e+03
  1.5960e+02     1.638762e+03
  1.5980e+02     1.635936e+03
  1.6000e+02     1.633031e+03
  1.6020e+02     1.630048e+03
  1.6040e+02     1.626987e+03
  1.6060e+02     1.623850e+03
  1.6080e+02     1.620636e+03
  1.6100e+02     1.617348e+03
  1.6120e+02     1.613984e+03
  1.6140e+02     1.610546e+03
  1.6160e+02     1.607036e+03
  1.6180e+02     1.603452e+03
  1.6200e+02     1.599797e+03
  1.6220e+02     1.596072e+03
  1.6240e+02     1.592276e+03
  1.6260e+02     1.588411e+03
  1.6280e+02     1.584477e+03
  1.6300e+02     1.580476e+03
  1.6320e+02     1.576408e+03
  1.6340e+02     1.572274e+03
  1.6360e+02     1.568075e+03
  1.6380e+02     1.563812e+03
  1.6400e+02     1.559486e+03
  1.6420e+02     1.555098e+03
  1.6440e+02     1.550648e+03
  1.6460e+02     1.546138e+03
  1.6480e+02     1.541569e+03
  1.6500e+02     1.536941e+03
  1.6520e+02     1.532256e+03
  1.6540e+02     1.527514e+03
  1.6560e+02     1.522716e+03
  1.6580e+02     1.517864e+03
  1.6600e+02     1.512958e+03
  1.6620e+02     1.508000e+03
  1.6640e+02     1.502990e+03
  1.6660e+02     1.497930e+03
  1.6680e+02     1.492820e+03
  1.6700e+02     1.487662e+03
  1.6720e+02     1.482456e+03
  1.6740e+02     1.477204e+03
  1.6760e+02     1.471906e+03
  1.6780e+02     1.466564e+03
  1.6800e+02     1.461178e+03
  1.6820e+02     1.455751e+03
  1.6840e+02     1.450282e+03
  1.6860e+02     1.444772e+03
  1.6880e+02     1.439224e+03
  1.6900e+02     1.433638e+03
  1.6920e+02     1.428014e+03
  1.6940e+02     1.422355e+03
  1.6960e+02     1.416660e+03
  1.6980e+02     1.410932e+03
  1.7000e+02     1.405170e+03
  1.7020e+02     1.399377e+03
  1.7040e+02     1.393553e+03
  1.7060e+02     1.387700e+03
  1.7080e+02     1.381817e+03
  1.7100e+02     1.375907e+03
  1.7120e+02     1.369970e+03
  1.7140e+02     1.364008e+03
  1.7160e+02     1.358021e+03
  1.7180e+02     1.352010e+03
  1.7200e+02     1.345977e+03
  1.7220e+02     1.339923e+03
  1.7240e+02     1.333847e+03
  1.7260e+02     1.327752e+03
  1.7280e+02     1.321639e+03
  1.7300e+02     1.315508e+03
  1.7320e+02     1.309360e+03
  1.7340e+02     1.303196e+03
  1.7360e+02     1.297018e+03
  1.7380e+02     1.290826e+03
  1.7400e+02     1.284621e+03
  1.7420e+02     1.278405e+03
  1.7440e+02     1.272177e+03
  1.7460e+02     1.265940e+03
  1.7480e+02     1.259693e+03
  1.7500e+02     1.253438e+03
  1.7520e+02     1.247176e+03
  1.7540e+02     1.240907e+03
  1.7560e+02     1.234633e+03
  1.7580e+02     1.228354e+03
  1.7600e+02     1.222071e+03
  1.7620e+02     1.215785e+03
  1.7640e+02     1.209497e+03
  1.7660e+02     1.203208e+03
  1.7680e+02     1.196918e+03
  1.7700e+02     1.190629e+03
  1.7720e+02     1.184341e+03
  1.7740e+02     1.178054e+03
  1.7760e+02     1.171770e+03
  1.7780e+02     1.165490e+03
  1.7800e+02     1.159214e+03
  1.7820e+02     1.152942e+03
  1.7840e+02     1.146677e+03
  1.7860e+02     1.140417e+03
  1.7880e+02     1.134165e+03
  1.7900e+02     1.127920e+03
  1.7920e+02     1.121684e+03
  1.7940e+02     1.115457e+03
  1.7960e+02     1.109240e+03
  1.7980e+02     1.103033e+03
  1.8000e+02     1.096838e+03
  1.8020e+02     1.090654e+03
  1.8040e+02     1.084482e+03
  1.8060e+02     1.078323e+03
  1.8080e+02     1.072178e+03
  1.8100e+02     1.066046e+03
  1.8120e+02     1.059930e+03
  1.8140e+02     1.053828e+03
  1.8160e+02     1.047742e+03
  1.8180e+02     1.041673e+03
  1.8200e+02     1.035620e+03
  1.8220e+02     1.029585e+03
  1.8240e+02     1.023567e+03
  1.8260e+02     1.017568e+03
  1.8280e+02     1.011588e+03
  1.8300e+02     1.005626e+03
  1.8320e+02     9.996852e+02
  1.8340e+02     9.937637e+02
  1.8360e+02     9.878628e+02
  1.8380e+02     9.819829e+02
  1.8400e+02     9.761243e+02
  1.8420e+02     9.702875e+02
  1.8440e+02     9.644729e+02
  1.8460e+02     9.586808e+02
  1.8480e+02     9.529117e+02
  1.8500e+02     9.471658e+02
  1.8520e+02     9.414435e+02
  1.8540e+02     9.357451e+02
  1.8560e+02     9.300710e+02
  1.8580e+02     9.244215e+02
  1.8600e+02     9.187969e+02
  1.8620e+02     9.131974e+02
  1.8640e+02     9.076234e+02
  1.8660e+02     9.020752e+02
  1.8680e+02     8.965529e+02
  1.8700e+02     8.910569e+02
  1.8720e+02     8.855874e+02
  1.8740e+02     8.801446e+02
  1.8760e+02     8.747288e+02
  1.8780e+02     8.693401e+02
  1.8800e+02     8.639788e+02
  1.8820e+02     8.586452e+02
  1.8840e+02     8.533393e+02
  1.8860e+02     8.480613e+02
  1.8880e+02     8.428115e+02
  1.8900e+02     8.375900e+02
  1.8920e+02     8.323969e+02
  1.8940e+02     8.272324e+02
  1.8960e+02     8.220967e+02
  1.8980e+02     8.169899e+02
  1.9000e+02     8.119120e+02
  1.9020e+02     8.068633e+02
  1.9040e+02     8.018438e+02
  1.9060e+02     7.968537e+02
  1.9080e+02     7.918930e+02
  1.9100e+02     7.869618e+02
  1.9120e+02     7.820602e+02
  1.9140e+02     7.771883e+02
  1.9160e+02     7.723461e+02
  1.9180e+02     7.675338e+02
  1.9200e+02     7.627513e+02
  1.9220e+02     7.579987e+02
  1.9240e+02     7.532761e+02
  1.9260e+02     7.485834e+02
  1.9280e+02     7.439208e+02
  1.9300e+02     7.392883e+02
  1.9320e+02     7.346858e+02
  1.9340e+02     7.301134e+02
  1.9360e+02     7.255711e+02
  1.9380e+02     7.210589e+02
  1.9400e+02     7.165767e+02
  1.9420e+02     7.121247e+02
  1.9440e+02     7.077027e+02
  1.9460e+02     7.033108e+02
  1.9480e+02     6.989489e+02
  1.9500e+02     6.946170e+02
  1.9520e+02     6.903151e+02
  1.9540e+02     6.860431e+02
  1.9560e+02     6.818011e+02
  1.9580e+02     6.775888e+02
  1.9600e+02     6.734064e+02
  1.9620e+02     6.692538e+02
  1.9640e+02     6.651308e+02
  1.9660e+02     6.610375e+02
  1.9680e+02     6.569738e+02
  1.9700e+02     6.529395e+02
  1.9720e+02     6.489347e+02
  1.9740e+02     6.449593e+02
  1.9760e+02     6.410131e+02
  1.9780e+02     6.370962e+02
  1.9800e+02     6.332084e+02
  1.9820e+02     6.293496e+02
  1.9840e+02     6.255197e+02
  1.9860e+02     6.217187e+02
  1.9880e+02     6.179465e+02
  1.9900e+02     6.142029e+02
  1.9920e+02     6.104879e+02
  1.9940e+02     6.068014e+02
  1.9960e+02     6.031432e+02
  1.9980e+02     5.995132e+02
  2.0000e+02     5.959114e+02
  2.0020e+02     5.923376e+02
  2.0040e+02     5.887917e+02
  2.0060e+02     5.852736e+02
  2.0080e+02     5.817832e+02
  2.0100e+02     5.783204e+02
  2.0120e+02     5.748850e+02
  2.0140e+02     5.714769e+02
  2.0160e+02     5.680960e+02
  2.0180e+02     5.647421e+02
  2.0200e+02     5.614152e+02
  2.0220e+02     5.581151e+02
  2.0240e+02     5.548417e+02
  2.0260e+02     5.515948e+02
  2.0280e+02     5.483744e+02
  2.0300e+02     5.451802e+02
  2.0320e+02     5.420122e+02
  2.0340e+02     5.388702e+02
  2.0360e+02     5.357540e+02
  2.0380e+02     5.326636e+02
  2.0400e+02     5.295988e+02
  2.0420e+02     5.265594e+02
  2.0440e+02     5.235454e+02
  2.0460e+02     5.205565e+02
  2.0480e+02     5.175927e+02
  2.0500e+02     5.146538e+02
  2.0520e+02     5.117396e+02
  2.0540e+02     5.088500e+02
  2.0560e+02     5.059849e+02
  2.0580e+02     5.031441e+02
  2.0600e+02     5.003275e+02
  2.0620e+02     4.975349e+02
  2.0640e+02     4.947662e+02
  2.0660e+02     4.920212e+02
  2.0680e+02     4.892999e+02
  2.0700e+02     4.866019e+02
  2.0720e+02     4.839273e+02
  2.0740e+02     4.812759e+02
  2.0760e+02     4.786474e+02
  2.0780e+02     4.760418e+02
  2.0800e+02     4.734590e+02
  2.0820e+02     4.708987e+02
  2.0840e+02     4.683608e+02
  2.0860e+02     4.658452e+02
  2.0880e+02     4.633518e+02
  2.0900e+02     4.608803e+02
  2.0920e+02     4.584307e+02
  2.0940e+02     4.560028e+02
  2.0960e+02     4.535964e+02
  2.0980e+02     4.512115e+02
  2.1000e+02     4.488478e+02
  2.1020e+02     4.465052e+02
  2.1040e+02     4.441837e+02
  2.1060e+02     4.418829e+02
  2.1080e+02     4.396029e+02
  2.1100e+02     4.373434e+02
  2.1120e+02     4.351043e+02
  2.1140e+02     4.328855e+02
  2.1160e+02     4.306868e+02
  2.1180e+02     4.285081e+02
  2.1200e+02     4.263492e+02
  2.1220e+02     4.242101e+02
  2.1240e+02     4.220905e+02
  2.1260e+02     4.199904e+02
  2.1280e+02     4.179095e+02
  2.1300e+02     4.158478e+02
  2.1320e+02     4.138051e+02
  2.1340e+02     4.117813e+02
  2.1360e+02     4.097763e+02
  2.1380e+02     4.077898e+02
  2.1400e+02     4.058219e+02
  2.1420e+02     4.038723e+02
  2.1440e+02     4.019409e+02
  2.1460e+02     4.000276e+02
  2.1480e+02     3.981322e+02
  2.1500e+02     3.962547e+02
  2.1520e+02     3.943948e+02
  2.1540e+02     3.925525e+02
  2.1560e+02     3.907277e+02
  2.1580e+02     3.889201e+02
  2.1600e+02     3.871298e+02
  2.1620e+02     3.853565e+02
  2.1640e+02     3.836001e+02
  2.1660e+02     3.818605e+02
  2.1680e+02     3.801376e+02
  2.1700e+02     3.784313e+02
  2.1720e+02     3.767414e+02
  2.1740e+02     3.750678e+02
  2.1760e+02     3.734104e+02
  2.1780e+02     3.717691e+02
  2.1800e+02     3.701438e+02
  2.1820e+02     3.685342e+02
  2.1840e+02     3.669405e+02
  2.1860e+02     3.653623e+02
  2.1880e+02     3.637996e+02
  2.1900e+02     3.622523e+02
  2.1920e+02     3.607202e+02
  2.1940e+02     3.592033e+02
  2.1960e+02     3.577015e+02
  2.1980e+02     3.562145e+02
  2.2000e+02     3.547424e+02
  2.2020e+02     3.532850e+02
  2.2040e+02     3.518422e+02
  2.2060e+02     3.504139e+02
  2.2080e+02     3.490000e+02
  2.2100e+02     3.476003e+02
  2.2120e+02     3.462149e+02
  2.2140e+02     3.448435e+02
  2.2160e+02     3.434860e+02
  2.2180e+02     3.421425e+02
  2.2200e+02     3.408127e+02
  2.2220e+02     3.394965e+02
  2.2240e+02     3.381940e+02
  2.2260e+02     3.369048e+02
  2.2280e+02     3.356291e+02
  2.2300e+02     3.343666e+02
  2.2320e+02     3.331173e+02
  2.2340e+02     3.318811e+02
  2.2360e+02     3.306579e+02
  2.2380e+02     3.294475e+02
  2.2400e+02     3.282499e+02
  2.2420e+02     3.270651e+02
  2.2440e+02     3.258928e+02
  2.2460e+02     3.247331e+02
  2.2480e+02     3.235858e+02
  2.2500e+02     3.224509e+02
  2.2520e+02     3.213282e+02
  2.2540e+02     3.202177e+02
  2.2560e+02     3.191192e+02
  2.2580e+02     3.180328e+02
  2.2600e+02     3.169583e+02
  2.2620e+02     3.158956e+02
  2.2640e+02     3.148446e+02
  2.2660e+02     3.138053e+02
  2.2680e+02     3.127776e+02
  2.2700e+02     3.117614e+02
  2.2720e+02     3.107566e+02
  2.2740e+02     3.097632e+02
  2.2760e+02     3.087810e+02
  2.2780e+02     3.078100e+02
  2.2800e+02     3.068501e+02
  2.2820e+02     3.059013e+02
  2.2840e+02     3.049634e+02
  2.2860e+02     3.040364e+02
  2.2880e+02     3.031202e+02
  2.2900e+02     3.022147e+02
  2.2920e+02     3.013200e+02
  2.2940e+02     3.004358e+02
  2.2960e+02     2.995621e+02
  2.2980e+02     2.986989e+02
  2.3000e+02     2.978461e+02
  2.3020e+02     2.970036e+02
  2.3040e+02     2.961714e+02
  2.3060e+02     2.953493e+02
  2.3080e+02     2.945374e+02
  2.3100e+02     2.937355e+02
  2.3120e+02     2.929436e+02
  2.3140e+02     2.921617e+02
  2.3160e+02     2.913896e+02
  2.3180e+02     2.906273e+02
  2.3200e+02     2.898748e+02
  2.3220e+02     2.891319e+02
  2.3240e+02     2.883987e+02
  2.3260e+02     2.876750e+02
  2.3280e+02     2.869608e+02
  2.3300e+02     2.862561e+02
  2.3320e+02     2.855607e+02
  2.3340e+02     2.848747e+02
  2.3360e+02     2.841980e+02
  2.3380e+02     2.835305e+02
  2.3400e+02     2.828721e+02
  2.3420e+02     2.822229e+02
  2.3440e+02     2.815827e+02
  2.3460e+02     2.809516e+02
  2.3480e+02     2.803294e+02
  2.3500e+02     2.797161e+02
  2.3520e+02     2.791116e+02
  2.3540e+02     2.785160e+02
  2.3560e+02     2.779291e+02
  2.3580e+02     2.773509e+02
  2.3600e+02     2.767814e+02
  2.3620e+02     2.762205e+02
  2.3640e+02     2.756681e+02
  2.3660e+02     2.751243e+02
  2.3680e+02     2.745890e+02
  2.3700e+02     2.740620e+02
  2.3720e+02     2.735435e+02
  2.3740e+02     2.730333e+02
  2.3760e+02     2.725314e+02
  2.3780e+02     2.720378e+02
  2.3800e+02     2.715524e+02
  2.3820e+02     2.710752e+02
  2.3840e+02     2.706061e+02
  2.3860e+02     2.701451e+02
  2.3880e+02     2.696921e+02
  2.3900e+02     2.692472e+02
  2.3920e+02     2.688102e+02
  2.3940e+02     2.683812e+02
  2.3960e+02     2.679601e+02
  2.3980e+02     2.675469e+02
  2.4000e+02     2.671415e+02
  2.4020e+02     2.667439e+02
  2.4040e+02     2.663540e+02
  2.4060e+02     2.659719e+02
  2.4080e+02     2.655975e+02
  2.4100e+02     2.652308e+02
  2.4120e+02     2.648716e+02
  2.4140e+02     2.645201e+02
  2.4160e+02     2.641762e+02
  2.4180e+02     2.638398e+02
  2.4200e+02     2.635109e+02
  2.4220e+02     2.631894e+02
  2.4240e+02     2.628755e+02
  2.4260e+02     2.625689e+02
  2.4280e+02     2.622698e+02
  2.4300e+02     2.619780e+02
  2.4320e+02     2.616935e+02
  2.4340e+02     2.614164e+02
  2.4360e+02     2.611465e+02
  2.4380e+02     2.608839e+02
  2.4400e+02     2.606286e+02
  2.4420e+02     2.603804e+02
  2.4440e+02     2.601395e+02
  2.4460e+02     2.599057e+02
  2.4480e+02     2.596790e+02
  2.4500e+02     2.594595e+02
  2.4520e+02     2.592470e+02
  2.4540e+02     2.590417e+02
  2.4560e+02     2.588434e+02
  2.4580e+02     2.586521e+02
  2.4600e+02     2.584679e+02
  2.4620e+02     2.582906e+02
  2.4640e+02     2.581203e+02
  2.4660e+02     2.579570e+02
  2.4680e+02     2.578006e+02
  2.4700e+02     2.576512e+02
  2.4720e+02     2.575086e+02
  2.4740e+02     2.573730e+02
  2.4760e+02     2.572442e+02
  2.4780e+02     2.571223e+02
  2.4800e+02     2.570072e+02
  2.4820e+02     2.568990e+02
  2.4840e+02     2.567975e+02
  2.4860e+02     2.567029e+02
  2.4880e+02     2.566151e+02
  2.4900e+02     2.565340e+02
  2.4920e+02     2.564597e+02
  2.4940e+02     2.563921e+02
  2.4960e+02     2.563313e+02
  2.4980e+02     2.562772e+02
  2.5000e+02     2.562299e+02
  2.5020e+02     2.561892e+02
  2.5040e+02     2.561552e+02
  2.5060e+02     2.561280e+02
  2.5080e+02     2.561074e+02
  2.5100e+02     2.560935e+02
  2.5120e+02     2.560862e+02
  2.5140e+02     2.560856e+02
  2.5160e+02     2.560917e+02
  2.5180e+02     2.561044e+02
  2.5200e+02     2.561237e+02
  2.5220e+02     2.561497e+02
  2.5240e+02     2.561823e+02
  2.5260e+02     2.562215e+02
  2.5280e+02     2.562674e+02
  2.5300e+02     2.563198e+02
  2.5320e+02     2.563789e+02
  2.5340e+02     2.564446e+02
  2.5360e+02     2.565169e+02
  2.5380e+02     2.565957e+02
  2.5400e+02     2.566812e+02
  2.5420e+02     2.567733e+02
  2.5440e+02     2.568720e+02
  2.5460e+02     2.569773e+02
  2.5480e+02     2.570891e+02
  2.5500e+02     2.572076e+02
  2.5520e+02     2.573327e+02
  2.5540e+02     2.574643e+02
  2.5560e+02     2.576026e+02
  2.5580e+02     2.577475e+02
  2.5600e+02     2.578990e+02
  2.5620e+02     2.580571e+02
  2.5640e+02     2.582218e+02
  2.5660e+02     2.583931e+02
  2.5680e+02     2.585710e+02
  2.5700e+02     2.587556e+02
  2.5720e+02     2.589468e+02
  2.5740e+02     2.591446e+02
  2.5760e+02     2.593491e+02
  2.5780e+02     2.595602e+02
  2.5800e+02     2.597779e+02
  2.5820e+02     2.600023e+02
  2.5840e+02     2.602334e+02
  2.5860e+02     2.604712e+02
  2.5880e+02     2.607156e+02
  2.5900e+02     2.609667e+02
  2.5920e+02     2.612245e+02
  2.5940e+02     2.614891e+02
  2.5960e+02     2.617603e+02
  2.5980e+02     2.620383e+02
  2.6000e+02     2.623230e+02
  2.6020e+02     2.626145e+02
  2.6040e+02     2.629127e+02
  2.6060e+02     2.632177e+02
  2.6080e+02     2.635295e+02
  2.6100e+02     2.638480e+02
  2.6120e+02     2.641734e+02
  2.6140e+02     2.645056e+02
  2.6160e+02     2.648446e+02
  2.6180e+02     2.651905e+02
  2.6200e+02     2.655433e+02
  2.6220e+02     2.659029e+02
  2.6240e+02     2.662694e+02
  2.6260e+02     2.666428e+02
  2.6280e+02     2.670232e+02
  2.6300e+02     2.674105e+02
  2.6320e+02     2.678047e+02
  2.6340e+02     2.682060e+02
  2.6360e+02     2.686142e+02
  2.6380e+02     2.690294e+02
  2.6400e+02     2.694517e+02
  2.6420e+02     2.698810e+02
  2.6440e+02     2.703174e+02
  2.6460e+02     2.707608e+02
  2.6480e+02     2.712114e+02
  2.6500e+02     2.716691e+02
  2.6520e+02     2.721339e+02
  2.6540e+02     2.726059e+02
  2.6560e+02     2.730851e+02
  2.6580e+02     2.735715e+02
  2.6600e+02     2.740652e+02
  2.6620e+02     2.745661e+02
  2.6640e+02     2.750743e+02
  2.6660e+02     2.755898e+02
  2.6680e+02     2.761126e+02
  2.6700e+02     2.766427e+02
  2.6720e+02     2.771803e+02
  2.6740e+02     2.777252e+02
  2.6760e+02     2.782776e+02
  2.6780e+02     2.788374e+02
  2.6800e+02     2.794047e+02
  2.6820e+02     2.799795e+02
  2.6840e+02     2.805618e+02
  2.6860e+02     2.811517e+02
  2.6880e+02     2.817492e+02
  2.6900e+02     2.823542e+02
  2.6920e+02     2.829670e+02
  2.6940e+02     2.835874e+02
  2.6960e+02     2.842155e+02
  2.6980e+02     2.848513e+02
  2.7000e+02     2.854949e+02
  2.7020e+02     2.861463e+02
  2.7040e+02     2.868055e+02
  2.7060e+02     2.874726e+02
  2.7080e+02     2.881475e+02
  2.7100e+02     2.888304e+02
  2.7120e+02     2.895212e+02
  2.7140e+02     2.902200e+02
  2.7160e+02     2.909269e+02
  2.7180e+02     2.916417e+02
  2.7200e+02     2.923647e+02
  2.7220e+02     2.930958e+02
  2.7240e+02     2.938350e+02
  2.7260e+02     2.945824e+02
  2.7280e+02     2.953380e+02
  2.7300e+02     2.961019e+02
  2.7320e+02     2.968741e+02
  2.7340e+02     2.976547e+02
  2.7360e+02     2.984436e+02
  2.7380e+02     2.992409e+02
  2.7400e+02     3.000466e+02
  2.7420e+02     3.008609e+02
  2.7440e+02     3.016836e+02
  2.7460e+02     3.025149e+02
  2.7480e+02     3.033549e+02
  2.7500e+02     3.042034e+02
  2.7520e+02     3.050607e+02
  2.7540e+02     3.059267e+02
  2.7560e+02     3.068014e+02
  2.7580e+02     3.076849e+02
  2.7600e+02     3.085773e+02
  2.7620e+02     3.094786e+02
  2.7640e+02     3.103888e+02
  2.7660e+02     3.113080e+02
  2.7680e+02     3.122362e+02
  2.7700e+02     3.131735e+02
  2.7720e+02     3.141198e+02
  2.7740e+02     3.150753e+02
  2.7760e+02     3.160401e+02
  2.7780e+02     3.170140e+02
  2.7800e+02     3.179973e+02
  2.7820e+02     3.189898e+02
  2.7840e+02     3.199918e+02
  2.7860e+02     3.210032e+02
  2.7880e+02     3.220240e+02
  2.7900e+02     3.230544e+02
  2.7920e+02     3.240944e+02
  2.7940e+02     3.251439e+02
  2.7960e+02     3.262031e+02
  2.7980e+02     3.272721e+02
  2.8000e+02     3.283508e+02
  2.8020e+02     3.294393e+02
  2.8040e+02     3.305377e+02
  2.8060e+02     3.316460e+02
  2.8080e+02     3.327643e+02
  2.8100e+02     3.338926e+02
  2.8120e+02     3.350309e+02
  2.8140e+02     3.361794e+02
  2.8160e+02     3.373380e+02
  2.8180e+02     3.385069e+02
  2.8200e+02     3.396861e+02
  2.8220e+02     3.408756e+02
  2.8240e+02     3.420754e+02
  2.8260e+02     3.432857e+02
  2.8280e+02     3.445066e+02
  2.8300e+02     3.457379e+02
  2.8320e+02     3.469799e+02
  2.8340e+02     3.482325e+02
  2.8360e+02     3.494958e+02
  2.8380e+02     3.507699e+02
  2.8400e+02     3.520549e+02
  2.8420e+02     3.533507e+02
  2.8440e+02     3.546575e+02
  2.8460e+02     3.559752e+02
  2.8480e+02     3.573041e+02
  2.8500e+02     3.586440e+02
  2.8520e+02     3.599951e+02
  2.8540e+02     3.613575e+02
  2.8560e+02     3.627311e+02
  2.8580e+02     3.641161e+02
  2.8600e+02     3.655125e+02
  2.8620e+02     3.669203e+02
  2.8640e+02     3.683397e+02
  2.8660e+02     3.697707e+02
  2.8680e+02     3.712134e+02
  2.8700e+02     3.726677e+02
  2.8720e+02     3.741339e+02
  2.8740e+02     3.756118e+02
  2.8760e+02     3.771017e+02
  2.8780e+02     3.786035e+02
  2.8800e+02     3.801174e+02
  2.8820e+02     3.816433e+02
  2.8840e+02     3.831814e+02
  2.8860e+02     3.847316e+02
  2.8880e+02     3.862942e+02
  2.8900e+02     3.878691e+02
  2.8920e+02     3.894564e+02
  2.8940e+02     3.910561e+02
  2.8960e+02     3.926684e+02
  2.8980e+02     3.942933e+02
  2.9000e+02     3.959309e+02
  2.9020e+02     3.975811e+02
  2.9040e+02     3.992442e+02
  2.9060e+02     4.009201e+02
  2.9080e+02     4.026089e+02
  2.9100e+02     4.043107e+02
  2.9120e+02     4.060255e+02
  2.9140e+02     4.077535e+02
  2.9160e+02     4.094946e+02
  2.9180e+02     4.112490e+02
  2.9200e+02     4.130167e+02
  2.9220e+02     4.147978e+02
  2.9240e+02     4.165923e+02
  2.9260e+02     4.184003e+02
  2.9280e+02     4.202219e+02
  2.9300e+02     4.220572e+02
  2.9320e+02     4.239061e+02
  2.9340e+02     4.257689e+02
  2.9360e+02     4.276454e+02
  2.9380e+02     4.295359e+02
  2.9400e+02     4.314404e+02
  2.9420e+02     4.333589e+02
  2.9440e+02     4.352915e+02
  2.9460e+02     4.372383e+02
  2.9480e+02     4.391993e+02
  2.9500e+02     4.411747e+02
  2.9520e+02     4.431644e+02
  2.9540e+02     4.451686e+02
  2.9560e+02     4.471873e+02
  2.9580e+02     4.492205e+02
  2.9600e+02     4.512684e+02
  2.9620e+02     4.533310e+02
  2.9640e+02     4.554084e+02
  2.9660e+02     4.575006e+02
  2.9680e+02     4.596077e+02
  2.9700e+02     4.617298e+02
  2.9720e+02     4.638670e+02
  2.9740e+02     4.660192e+02
  2.9760e+02     4.681866e+02
  2.9780e+02     4.703693e+02
  2.9800e+02     4.725672e+02
  2.9820e+02     4.747805e+02
  2.9840e+02     4.770093e+02
  2.9860e+02     4.792535e+02
  2.9880e+02     4.815133e+02
  2.9900e+02     4.837887e+02
  2.9920e+02     4.860797e+02
  2.9940e+02     4.883866e+02
  2.9960e+02     4.907092e+02
  2.9980e+02     4.930477e+02
  3.0000e+02     4.954021e+02
  3.0020e+02     4.977725e+02
  3.0040e+02     5.001590e+02
  3.0060e+02     5.025616e+02
  3.0080e+02     5.049803e+02
  3.0100e+02     5.074153e+02
  3.0120e+02     5.098666e+02
  3.0140e+02     5.123342e+02
  3.0160e+02     5.148182e+02
  3.0180e+02     5.173187e+02
  3.0200e+02     5.198357e+02
  3.0220e+02     5.223693e+02
  3.0240e+02     5.249195e+02
  3.0260e+02     5.274863e+02
  3.0280e+02     5.300700e+02
  3.0300e+02     5.326704e+02
  3.0320e+02     5.352876e+02
  3.0340e+02     5.379218e+02
  3.0360e+02     5.405729e+02
  3.0380e+02     5.432410e+02
  3.0400e+02     5.459261e+02
  3.0420e+02     5.486283e+02
  3.0440e+02     5.513477e+02
  3.0460e+02     5.540842e+02
  3.0480e+02     5.568380e+02
  3.0500e+02     5.596091e+02
  3.0520e+02     5.623974e+02
  3.0540e+02     5.652032e+02
  3.0560e+02     5.680263e+02
  3.0580e+02     5.708669e+02
  3.0600e+02     5.737250e+02
  3.0620e+02     5.766006e+02
  3.0640e+02     5.794937e+02
  3.0660e+02     5.824045e+02
  3.0680e+02     5.853328e+02
  3.0700e+02     5.882789e+02
  3.0720e+02     5.912426e+02
  3.0740e+02     5.942240e+02
  3.0760e+02     5.972233e+02
  3.0780e+02     6.002402e+02
  3.0800e+02     6.032750e+02
  3.0820e+02     6.063277e+02
  3.0840e+02     6.093982e+02
  3.0860e+02     6.124865e+02
  3.0880e+02     6.155928e+02
  3.0900e+02     6.187170e+02
  3.0920e+02     6.218591e+02
  3.0940e+02     6.250192e+02
  3.0960e+02     6.281972e+02
  3.0980e+02     6.313932e+02
  3.1000e+02     6.346072e+02
  3.1020e+02     6.378392e+02
  3.1040e+02     6.410892e+02
  3.1060e+02     6.443572e+02
  3.1080e+02     6.476432e+02
  3.1100e+02     6.509473e+02
  3.1120e+02     6.542693e+02
  3.1140e+02     6.576094e+02
  3.1160e+02     6.609674e+02
  3.1180e+02     6.643435e+02
  3.1200e+02     6.677375e+02
  3.1220e+02     6.711495e+02
  3.1240e+02     6.745795e+02
  3.1260e+02     6.780274e+02
  3.1280e+02     6.814932e+02
  3.1300e+02     6.849770e+02
  3.1320e+02     6.884786e+02
  3.1340e+02     6.919981e+02
  3.1360e+02     6.955355e+02
  3.1380e+02     6.990906e+02
  3.1400e+02     7.026635e+02
  3.1420e+02     7.062541e+02
  3.1440e+02     7.098624e+02
  3.1460e+02     7.134884e+02
  3.1480e+02     7.171319e+02
  3.1500e+02     7.207931e+02
  3.1520e+02     7.244717e+02
  3.1540e+02     7.281678e+02
  3.1560e+02     7.318813e+02
  3.1580e+02     7.356122e+02
  3.1600e+02     7.393603e+02
  3.1620e+02     7.431256e+02
  3.1640e+02     7.469081e+02
  3.1660e+02     7.507077e+02
  3.1680e+02     7.545243e+02
  3.1700e+02     7.583579e+02
  3.1720e+02     7.622083e+02
  3.1740e+02     7.660754e+02
  3.1760e+02     7.699592e+02
  3.1780e+02     7.738597e+02
  3.1800e+02     7.777766e+02
  3.1820e+02     7.817099e+02
  3.1840e+02     7.856595e+02
  3.1860e+02     7.896254e+02
  3.1880e+02     7.936073e+02
  3.1900e+02     7.976052e+02
  3.1920e+02     8.016189e+02
  3.1940e+02     8.056484e+02
  3.1960e+02     8.096935e+02
  3.1980e+02     8.137541e+02
  3.2000e+02     8.178301e+02
  3.2020e+02     8.219213e+02
  3.2040e+02     8.260276e+02
  3.2060e+02     8.301488e+02
  3.2080e+02     8.342848e+02
  3.2100e+02     8.384355e+02
  3.2120e+02     8.426007e+02
  3.2140e+02     8.467802e+02
  3.2160e+02     8.509738e+02
  3.2180e+02     8.551815e+02
  3.2200e+02     8.594030e+02
  3.2220e+02     8.636382e+02
  3.2240e+02     8.678868e+02
  3.2260e+02     8.721487e+02
  3.2280e+02     8.764238e+02
  3.2300e+02     8.807117e+02
  3.2320e+02     8.850123e+02
  3.2340e+02     8.893255e+02
  3.2360e+02     8.936509e+02
  3.2380e+02     8.979884e+02
  3.2400e+02     9.023378e+02
  3.2420e+02     9.066988e+02
  3.2440e+02     9.110712e+02
  3.2460e+02     9.154549e+02
  3.2480e+02     9.198494e+02
  3.2500e+02     9.242547e+02
  3.2520e+02     9.286704e+02
  3.2540e+02     9.330964e+02
  3.2560e+02     9.375323e+02
  3.2580e+02     9.419778e+02
  3.2600e+02     9.464329e+02
  3.2620e+02     9.508970e+02
  3.2640e+02     9.553701e+02
  3.2660e+02     9.598517e+02
  3.2680e+02     9.643416e+02
  3.2700e+02     9.688396e+02
  3.2720e+02     9.733453e+02
  3.2740e+02     9.778584e+02
  3.2760e+02     9.823786e+02
  3.2780e+02     9.869056e+02
  3.2800e+02     9.914391e+02
  3.2820e+02     9.959788e+02
  3.2840e+02     1.000524e+03
  3.2860e+02     1.005075e+03
  3.2880e+02     1.009631e+03
  3.2900e+02     1.014192e+03
  3.2920e+02     1.018757e+03
  3.2940e+02     1.023327e+03
  3.2960e+02     1.027900e+03
  3.2980e+02     1.032477e+03
  3.3000e+02     1.037057e+03
  3.3020e+02     1.041639e+03
  3.3040e+02     1.046224e+03
  3.3060e+02     1.050810e+03
  3.3080e+02     1.055398e+03
  3.3100e+02     1.059987e+03
  3.3120e+02     1.064577e+03
  3.3140e+02     1.069167e+03
  3.3160e+02     1.073757e+03
  3.3180e+02     1.078347e+03
  3.3200e+02     1.082935e+03
  3.3220e+02     1.087522e+03
  3.3240e+02     1.092108e+03
  3.3260e+02     1.096691e+03
  3.3280e+02     1.101271e+03
  3.3300e+02     1.105848e+03
  3.3320e+02     1.110422e+03
  3.3340e+02     1.114991e+03
  3.3360e+02     1.119556e+03
  3.3380e+02     1.124117e+03
  3.3400e+02     1.128671e+03
  3.3420e+02     1.133220e+03
  3.3440e+02     1.137762e+03
  3.3460e+02     1.142298e+03
  3.3480e+02     1.146826e+03
  3.3500e+02     1.151346e+03
  3.3520e+02     1.155858e+03
  3.3540e+02     1.160361e+03
  3.3560e+02     1.164855e+03
  3.3580e+02     1.169338e+03
  3.3600e+02     1.173812e+03
  3.3620e+02     1.178274e+03
  3.3640e+02     1.182725e+03
  3.3660e+02     1.187164e+03
  3.3680e+02     1.191591e+03
  3.3700e+02     1.196004e+03
  3.3720e+02     1.200404e+03
  3.3740e+02     1.204790e+03
  3.3760e+02     1.209161e+03
  3.3780e+02     1.213517e+03
  3.3800e+02     1.217858e+03
  3.3820e+02     1.222182e+03
  3.3840e+02     1.226489e+03
  3.3860e+02     1.230779e+03
  3.3880e+02     1.235051e+03
  3.3900e+02     1.239304e+03
  3.3920e+02     1.243538e+03
  3.3940e+02     1.247752e+03
  3.3960e+02     1.251947e+03
  3.3980e+02     1.256120e+03
  3.4000e+02     1.260272e+03
  3.4020e+02     1.264402e+03
  3.4040e+02     1.268510e+03
  3.4060e+02     1.272594e+03
  3.4080e+02     1.276654e+03
  3.4100e+02     1.280691e+03
  3.4120e+02     1.284702e+03
  3.4140e+02     1.288688e+03
  3.4160e+02     1.292648e+03
  3.4180e+02     1.296581e+03
  3.4200e+02     1.300487e+03
  3.4220e+02     1.304365e+03
  3.4240e+02     1.308215e+03
  3.4260e+02     1.312036e+03
  3.4280e+02     1.315827e+03
  3.4300e+02     1.319588e+03
  3.4320e+02     1.323318e+03
  3.4340e+02     1.327016e+03
  3.4360e+02     1.330683e+03
  3.4380e+02     1.334317e+03
  3.4400e+02     1.337919e+03
  3.4420e+02     1.341486e+03
  3.4440e+02     1.345019e+03
  3.4460e+02     1.348517e+03
  3.4480e+02     1.351980e+03
  3.4500e+02     1.355407e+03
  3.4520e+02     1.358797e+03
  3.4540e+02     1.362149e+03
  3.4560e+02     1.365464e+03
  3.4580e+02     1.368741e+03
  3.4600e+02     1.371979e+03
  3.4620e+02     1.375177e+03
  3.4640e+02     1.378336e+03
  3.4660e+02     1.381454e+03
  3.4680e+02     1.384530e+03
  3.4700e+02     1.387565e+03
  3.4720e+02     1.390558e+03
  3.4740e+02     1.393508e+03
  3.4760e+02     1.396415e+03
  3.4780e+02     1.399277e+03
  3.4800e+02     1.402096e+03
  3.4820e+02     1.404869e+03
  3.4840e+02     1.407598e+03
  3.4860e+02     1.410280e+03
  3.4880e+02     1.412916e+03
  3.4900e+02     1.415505e+03
  3.4920e+02     1.418046e+03
  3.4940e+02     1.420540e+03
  3.4960e+02     1.422985e+03
  3.4980e+02     1.425382e+03
  3.5000e+02     1.427729e+03
  3.5020e+02     1.430026e+03
  3.5040e+02     1.432273e+03
  3.5060e+02     1.434470e+03
  3.5080e+02     1.436615e+03
  3.5100e+02     1.438709e+03
  3.5120e+02     1.440751e+03
  3.5140e+02     1.442740e+03
  3.5160e+02     1.444677e+03
  3.5180e+02     1.446560e+03
  3.5200e+02     1.448390e+03
  3.5220e+02     1.450166e+03
  3.5240e+02     1.451888e+03
  3.5260e+02     1.453555e+03
  3.5280e+02     1.455167e+03
  3.5300e+02     1.456723e+03
  3.5320e+02     1.458224e+03
  3.5340e+02     1.459668e+03
  3.5360e+02     1.461057e+03
  3.5380e+02     1.462388e+03
  3.5400e+02     1.463663e+03
  3.5420e+02     1.464880e+03
  3.5440e+02     1.466040e+03
  3.5460e+02     1.467142e+03
  3.5480e+02     1.468186e+03
  3.5500e+02     1.469172e+03
  3.5520e+02     1.470099e+03
  3.5540e+02     1.470968e+03
  3.5560e+02     1.471777e+03
  3.5580e+02     1.472527e+03
  3.5600e+02     1.473218e+03
  3.5620e+02     1.473850e+03
  3.5640e+02     1.474422e+03
  3.5660e+02     1.474934e+03
  3.5680e+02     1.475386e+03
  3.5700e+02     1.475778e+03
  3.5720e+02     1.476109e+03
  3.5740e+02     1.476381e+03
  3.5760e+02     1.476592e+03
  3.5780e+02     1.476742e+03
  3.5800e+02     1.476832e+03
  3.5820e+02     1.476861e+03
  3.5840e+02     1.476830e+03
  3.5860e+02     1.476738e+03
  3.5880e+02     1.476585e+03
  3.5900e+02     1.476371e+03
  3.5920e+02     1.476097e+03
  3.5940e+02     1.475762e+03
  3.5960e+02     1.475367e+03
  3.5980e+02     1.474910e+03
