# Epidemic | 7 days incidence [ x-unit: days | y-unit: per 100000 ]
  0.0000e+00     3.618006e+02
  2.0000e-01     3.596234e+02
  4.0000e-01     3.574572e+02
  6.0000e-01     3.553019e+02
  8.0000e-01     3.531576e+02
  1.0000e+00     3.510241e+02
  1.2000e+00     3.489017e+02
  1.4000e+00     3.467902e+02
  1.6000e+00     3.446897e+02
  1.8000e+00     3.426001e+02
  2.0000e+00     3.405215e+02
  2.2000e+00     3.384539e+02
  2.4000e+00     3.363972e+02
  2.6000e+00     3.343515e+02
  2.8000e+00     3.323168e+02
  3.0000e+00     3.302930e+02
  3.2000e+00     3.282801e+02
  3.4000e+00     3.262782e+02
  3.6000e+00     3.242872e+02
  3.8000e+00     3.223071e+02
  4.0000e+00     3.203380e+02
  4.2000e+00     3.183797e+02
  4.4000e+00     3.164323e+02
  4.6000e+00     3.144958e+02
  4.8000e+00     3.125702e+02
  5.0000e+00     3.106554e+02
  5.2000e+00     3.087514e+02
  5.4000e+00     3.068582e+02
  5.6000e+00     3.049758e+02
  5.8000e+00     3.031042e+02
  6.0000e+00     3.012433e+02
  6.2000e+00     2.993932e+02
  6.4000e+00     2.975537e+02
  6.6000e+00     2.957250e+02
  6.8000e+00     2.939069e+02
  7.0000e+00     2.920994e+02
  7.2000e+00     2.907326e+02
  7.4000e+00     2.894191e+02
  7.6000e+00     2.881108e+02
  7.8000e+00     2.868077e+02
  8.0000e+00     2.855097e+02
  8.2000e+00     2.842169e+02
  8.4000e+00     2.829292e+02
  8.6000e+00     2.816466e+02
  8.8000e+00     2.803691e+02
  9.0000e+00     2.790967e+02
  9.2000e+00     2.778295e+02
  9.4000e+00     2.765673e+02
  9.6000e+00     2.753101e+02
  9.8000e+00     2.740580e+02
  1.0000e+01     2.728109e+02
  1.0200e+01     2.715689e+02
  1.0400e+01     2.703319e+02
  1.0600e+01     2.690999e+02
  1.0800e+01     2.678728e+02
  1.1000e+01     2.666508e+02
  1.1200e+01     2.654337e+02
  1.1400e+01     2.642216e+02
  1.1600e+01     2.630144e+02
  1.1800e+01     2.618121e+02
  1.2000e+01     2.606148e+02
  1.2200e+01     2.594224e+02
  1.2400e+01     2.582349e+02
  1.2600e+01     2.570523e+02
  1.2800e+01     2.558745e+02
  1.3000e+01     2.547017e+02
  1.3200e+01     2.535337e+02
  1.3400e+01     2.523705e+02
  1.3600e+01     2.512122e+02
  1.3800e+01     2.500588e+02
  1.4000e+01     2.489101e+02
  1.4200e+01     2.477662e+02
  1.4400e+01     2.466272e+02
  1.4600e+01     2.454929e+02
  1.4800e+01     2.443635e+02
  1.5000e+01     2.432387e+02
  1.5200e+01     2.421188e+02
  1.5400e+01     2.410036e+02
  1.5600e+01     2.398931e+02
  1.5800e+01     2.387874e+02
  1.6000e+01     2.376864e+02
  1.6200e+01     2.365901e+02
  1.6400e+01     2.354985e+02
  1.6600e+01     2.344116e+02
  1.6800e+01     2.333293e+02
  1.7000e+01     2.322517e+02
  1.7200e+01     2.311788e+02
  1.7400e+01     2.301106e+02
  1.7600e+01     2.290469e+02
  1.7800e+01     2.279879e+02
  1.8000e+01     2.269336e+02
  1.8200e+01     2.258838e+02
  1.8400e+01     2.248386e+02
  1.8600e+01     2.237980e+02
  1.8800e+01     2.227620e+02
  1.9000e+01     2.217306e+02
  1.9200e+01     2.207037e+02
  1.9400e+01     2.196813e+02
  1.9600e+01     2.186635e+02
  1.9800e+01     2.176503e+02
  2.0000e+01     2.166415e+02
  2.0200e+01     2.156372e+02
  2.0400e+01     2.146375e+02
  2.0600e+01     2.136422e+02
  2.0800e+01     2.126514e+02
  2.1000e+01     2.116650e+02
  2.1200e+01     2.104058e+02
  2.1400e+01     2.091241e+02
  2.1600e+01     2.078509e+02
  2.1800e+01     2.065863e+02
  2.2000e+01     2.053301e+02
  2.2200e+01     2.040823e+02
  2.2400e+01     2.028428e+02
  2.2600e+01     2.016117e+02
  2.2800e+01     2.003888e+02
  2.3000e+01     1.991742e+02
  2.3200e+01     1.979677e+02
  2.3400e+01     1.967694e+02
  2.3600e+01     1.955791e+02
  2.3800e+01     1.943969e+02
  2.4000e+01     1.932227e+02
  2.4200e+01     1.920565e+02
  2.4400e+01     1.908982e+02
  2.4600e+01     1.897477e+02
  2.4800e+01     1.886051e+02
  2.5000e+01     1.874703e+02
  2.5200e+01     1.863431e+02
  2.5400e+01     1.852237e+02
  2.5600e+01     1.841119e+02
  2.5800e+01     1.830077e+02
  2.6000e+01     1.819111e+02
  2.6200e+01     1.808220e+02
  2.6400e+01     1.797404e+02
  2.6600e+01     1.786661e+02
  2.6800e+01     1.775993e+02
  2.7000e+01     1.765398e+02
  2.7200e+01     1.754876e+02
  2.7400e+01     1.744426e+02
  2.7600e+01     1.734049e+02
  2.7800e+01     1.723743e+02
  2.8000e+01     1.713508e+02
  2.8200e+01     1.703344e+02
  2.8400e+01     1.693250e+02
  2.8600e+01     1.683226e+02
  2.8800e+01     1.673272e+02
  2.9000e+01     1.663386e+02
  2.9200e+01     1.653569e+02
  2.9400e+01     1.643821e+02
  2.9600e+01     1.634140e+02
  2.9800e+01     1.624526e+02
  3.0000e+01     1.614979e+02
  3.0200e+01     1.605499e+02
  3.0400e+01     1.596085e+02
  3.0600e+01     1.586736e+02
  3.0800e+01     1.577453e+02
  3.1000e+01     1.568234e+02
  3.1200e+01     1.559080e+02
  3.1400e+01     1.549990e+02
  3.1600e+01     1.540963e+02
  3.1800e+01     1.531999e+02
  3.2000e+01     1.523098e+02
  3.2200e+01     1.514260e+02
  3.2400e+01     1.505483e+02
  3.2600e+01     1.496768e+02
  3.2800e+01     1.488114e+02
  3.3000e+01     1.479520e+02
  3.3200e+01     1.470987e+02
  3.3400e+01     1.462514e+02
  3.3600e+01     1.454101e+02
  3.3800e+01     1.445746e+02
  3.4000e+01     1.437450e+02
  3.4200e+01     1.429213e+02
  3.4400e+01     1.421033e+02
  3.4600e+01     1.412911e+02
  3.4800e+01     1.404847e+02
  3.5000e+01     1.396839e+02
  3.5200e+01     1.388887e+02
  3.5400e+01     1.380992e+02
  3.5600e+01     1.373152e+02
  3.5800e+01     1.365367e+02
  3.6000e+01     1.357637e+02
  3.6200e+01     1.349962e+02
  3.6400e+01     1.342341e+02
  3.6600e+01     1.334774e+02
  3.6800e+01     1.327260e+02
  3.7000e+01     1.319799e+02
  3.7200e+01     1.312391e+02
  3.7400e+01     1.305035e+02
  3.7600e+01     1.297731e+02
  3.7800e+01     1.290479e+02
  3.8000e+01     1.283278e+02
  3.8200e+01     1.276128e+02
  3.8400e+01     1.269029e+02
  3.8600e+01     1.261979e+02
  3.8800e+01     1.254980e+02
  3.9000e+01     1.248030e+02
  3.9200e+01     1.241129e+02
  3.9400e+01     1.234277e+02
  3.9600e+01     1.227474e+02
  3.9800e+01     1.220718e+02
  4.0000e+01     1.214011e+02
  4.0200e+01     1.207351e+02
  4.0400e+01     1.200738e+02
  4.0600e+01     1.194172e+02
  4.0800e+01     1.187652e+02
  4.1000e+01     1.181178e+02
  4.1200e+01     1.174751e+02
  4.1400e+01     1.168368e+02
  4.1600e+01     1.162031e+02
  4.1800e+01     1.155739e+02
  4.2000e+01     1.149492e+02
  4.2200e+01     1.143288e+02
  4.2400e+01     1.137129e+02
  4.2600e+01     1.131013e+02
  4.2800e+01     1.124940e+02
  4.3000e+01     1.118911e+02
  4.3200e+01     1.112924e+02
  4.3400e+01     1.106979e+02
  4.3600e+01     1.101076e+02
  4.3800e+01     1.095216e+02
  4.4000e+01     1.089396e+02
  4.4200e+01     1.083618e+02
  4.4400e+01     1.077881e+02
  4.4600e+01     1.072185e+02
  4.4800e+01     1.066528e+02
  4.5000e+01     1.060912e+02
  4.5200e+01     1.055335e+02
  4.5400e+01     1.049798e+02
  4.5600e+01     1.044300e+02
  4.5800e+01     1.038841e+02
  4.6000e+01     1.033421e+02
  4.6200e+01     1.028038e+02
  4.6400e+01     1.022694e+02
  4.6600e+01     1.017388e+02
  4.6800e+01     1.012119e+02
  4.7000e+01     1.006887e+02
  4.7200e+01     1.001692e+02
  4.7400e+01     9.965348e+01
  4.7600e+01     9.914132e+01
  4.7800e+01     9.863277e+01
  4.8000e+01     9.812781e+01
  4.8200e+01     9.762642e+01
  4.8400e+01     9.712857e+01
  4.8600e+01     9.663422e+01
  4.8800e+01     9.614337e+01
  4.9000e+01     9.565597e+01
  4.9200e+01     9.517201e+01
  4.9400e+01     9.469147e+01
  4.9600e+01     9.421431e+01
  4.9800e+01     9.374051e+01
  5.0000e+01     9.327005e+01
  5.0200e+01     9.280291e+01
  5.0400e+01     9.233905e+01
  5.0600e+01     9.187846e+01
  5.0800e+01     9.142111e+01
  5.1000e+01     9.096698e+01
  5.1200e+01     9.051605e+01
  5.1400e+01     9.006828e+01
  5.1600e+01     8.962367e+01
  5.1800e+01     8.918218e+01
  5.2000e+01     8.874380e+01
  5.2200e+01     8.830849e+01
  5.2400e+01     8.787625e+01
  5.2600e+01     8.744703e+01
  5.2800e+01     8.702084e+01
  5.3000e+01     8.659763e+01
  5.3200e+01     8.617740e+01
  5.3400e+01     8.576011e+01
  5.3600e+01     8.534575e+01
  5.3800e+01     8.493429e+01
  5.4000e+01     8.452572e+01
  5.4200e+01     8.412002e+01
  5.4400e+01     8.371715e+01
  5.4600e+01     8.331711e+01
  5.4800e+01     8.291987e+01
  5.5000e+01     8.252541e+01
  5.5200e+01     8.213371e+01
  5.5400e+01     8.174475e+01
  5.5600e+01     8.135852e+01
  5.5800e+01     8.097498e+01
  5.6000e+01     8.059412e+01
  5.6200e+01     8.021593e+01
  5.6400e+01     7.984038e+01
  5.6600e+01     7.946745e+01
  5.6800e+01     7.909712e+01
  5.7000e+01     7.872938e+01
  5.7200e+01     7.836421e+01
  5.7400e+01     7.800159e+01
  5.7600e+01     7.764149e+01
  5.7800e+01     7.728390e+01
  5.8000e+01     7.692881e+01
  5.8200e+01     7.657619e+01
  5.8400e+01     7.622603e+01
  5.8600e+01     7.587830e+01
  5.8800e+01     7.553300e+01
  5.9000e+01     7.519010e+01
  5.9200e+01     7.484958e+01
  5.9400e+01     7.451144e+01
  5.9600e+01     7.417564e+01
  5.9800e+01     7.384218e+01
  6.0000e+01     7.351104e+01
  6.0200e+01     7.318220e+01
  6.0400e+01     7.285564e+01
  6.0600e+01     7.253135e+01
  6.0800e+01     7.220931e+01
  6.1000e+01     7.188950e+01
  6.1200e+01     7.157192e+01
  6.1400e+01     7.125653e+01
  6.1600e+01     7.094334e+01
  6.1800e+01     7.063231e+01
  6.2000e+01     7.032344e+01
  6.2200e+01     7.001670e+01
  6.2400e+01     6.971210e+01
  6.2600e+01     6.940960e+01
  6.2800e+01     6.910919e+01
  6.3000e+01     6.881086e+01
  6.3200e+01     6.851460e+01
  6.3400e+01     6.822038e+01
  6.3600e+01     6.792820e+01
  6.3800e+01     6.763804e+01
  6.4000e+01     6.734988e+01
  6.4200e+01     6.706372e+01
  6.4400e+01     6.677953e+01
  6.4600e+01     6.649730e+01
  6.4800e+01     6.621702e+01
  6.5000e+01     6.593867e+01
  6.5200e+01     6.566225e+01
  6.5400e+01     6.538773e+01
  6.5600e+01     6.511510e+01
  6.5800e+01     6.484435e+01
  6.6000e+01     6.457547e+01
  6.6200e+01     6.430844e+01
  6.6400e+01     6.404325e+01
  6.6600e+01     6.377988e+01
  6.6800e+01     6.351833e+01
  6.7000e+01     6.325858e+01
  6.7200e+01     6.300062e+01
  6.7400e+01     6.274443e+01
  6.7600e+01     6.249000e+01
  6.7800e+01     6.223732e+01
  6.8000e+01     6.198638e+01
  6.8200e+01     6.173717e+01
  6.8400e+01     6.148966e+01
  6.8600e+01     6.124386e+01
  6.8800e+01     6.099975e+01
  6.9000e+01     6.075731e+01
  6.9200e+01     6.051654e+01
  6.9400e+01     6.027742e+01
  6.9600e+01     6.003994e+01
  6.9800e+01     5.980409e+01
  7.0000e+01     5.956986e+01
  7.0200e+01     5.933723e+01
  7.0400e+01     5.910620e+01
  7.0600e+01     5.887676e+01
  7.0800e+01     5.864889e+01
  7.1000e+01     5.842258e+01
  7.1200e+01     5.819782e+01
  7.1400e+01     5.797460e+01
  7.1600e+01     5.775291e+01
  7.1800e+01     5.753275e+01
  7.2000e+01     5.731408e+01
  7.2200e+01     5.709692e+01
  7.2400e+01     5.688125e+01
  7.2600e+01     5.666705e+01
  7.2800e+01     5.645432e+01
  7.3000e+01     5.624304e+01
  7.3200e+01     5.603321e+01
  7.3400e+01     5.582482e+01
  7.3600e+01     5.561785e+01
  7.3800e+01     5.541230e+01
  7.4000e+01     5.520816e+01
  7.4200e+01     5.500541e+01
  7.4400e+01     5.480405e+01
  7.4600e+01     5.460407e+01
  7.4800e+01     5.440546e+01
  7.5000e+01     5.420821e+01
  7.5200e+01     5.401230e+01
  7.5400e+01     5.381774e+01
  7.5600e+01     5.362451e+01
  7.5800e+01     5.343260e+01
  7.6000e+01     5.324200e+01
  7.6200e+01     5.305271e+01
  7.6400e+01     5.286471e+01
  7.6600e+01     5.267800e+01
  7.6800e+01     5.249256e+01
  7.7000e+01     5.230840e+01
  7.7200e+01     5.212549e+01
  7.7400e+01     5.194384e+01
  7.7600e+01     5.176343e+01
  7.7800e+01     5.158425e+01
  7.8000e+01     5.140630e+01
  7.8200e+01     5.122957e+01
  7.8400e+01     5.105405e+01
  7.8600e+01     5.087973e+01
  7.8800e+01     5.070661e+01
  7.9000e+01     5.053467e+01
  7.9200e+01     5.036390e+01
  7.9400e+01     5.019431e+01
  7.9600e+01     5.002588e+01
  7.9800e+01     4.985860e+01
  8.0000e+01     4.969247e+01
  8.0200e+01     4.952748e+01
  8.0400e+01     4.936362e+01
  8.0600e+01     4.920089e+01
  8.0800e+01     4.903927e+01
  8.1000e+01     4.887876e+01
  8.1200e+01     4.871935e+01
  8.1400e+01     4.856103e+01
  8.1600e+01     4.840381e+01
  8.1800e+01     4.824766e+01
  8.2000e+01     4.809258e+01
  8.2200e+01     4.793857e+01
  8.2400e+01     4.778562e+01
  8.2600e+01     4.763372e+01
  8.2800e+01     4.748287e+01
  8.3000e+01     4.733305e+01
  8.3200e+01     4.718427e+01
  8.3400e+01     4.703651e+01
  8.3600e+01     4.688976e+01
  8.3800e+01     4.674403e+01
  8.4000e+01     4.659931e+01
  8.4200e+01     4.645558e+01
  8.4400e+01     4.631284e+01
  8.4600e+01     4.617109e+01
  8.4800e+01     4.603032e+01
  8.5000e+01     4.589052e+01
  8.5200e+01     4.575169e+01
  8.5400e+01     4.561381e+01
  8.5600e+01     4.547689e+01
  8.5800e+01     4.534092e+01
  8.6000e+01     4.520590e+01
  8.6200e+01     4.507180e+01
  8.6400e+01     4.493864e+01
  8.6600e+01     4.480640e+01
  8.6800e+01     4.467508e+01
  8.7000e+01     4.454467e+01
  8.7200e+01     4.441517e+01
  8.7400e+01     4.428657e+01
  8.7600e+01     4.415887e+01
  8.7800e+01     4.403205e+01
  8.8000e+01     4.390612e+01
  8.8200e+01     4.378107e+01
  8.8400e+01     4.365689e+01
  8.8600e+01     4.353358e+01
  8.8800e+01     4.341113e+01
  8.9000e+01     4.328953e+01
  8.9200e+01     4.316879e+01
  8.9400e+01     4.304890e+01
  8.9600e+01     4.292984e+01
  8.9800e+01     4.281162e+01
  9.0000e+01     4.269424e+01
  9.0200e+01     4.257768e+01
  9.0400e+01     4.246193e+01
  9.0600e+01     4.234701e+01
  9.0800e+01     4.223289e+01
  9.1000e+01     4.211958e+01
  9.1200e+01     4.200708e+01
  9.1400e+01     4.189536e+01
  9.1600e+01     4.178444e+01
  9.1800e+01     4.167431e+01
  9.2000e+01     4.156495e+01
  9.2200e+01     4.145637e+01
  9.2400e+01     4.134857e+01
  9.2600e+01     4.124153e+01
  9.2800e+01     4.113526e+01
  9.3000e+01     4.102974e+01
  9.3200e+01     4.092498e+01
  9.3400e+01     4.082097e+01
  9.3600e+01     4.071770e+01
  9.3800e+01     4.061517e+01
  9.4000e+01     4.051338e+01
  9.4200e+01     4.041233e+01
  9.4400e+01     4.031199e+01
  9.4600e+01     4.021239e+01
  9.4800e+01     4.011350e+01
  9.5000e+01     4.001533e+01
  9.5200e+01     3.991786e+01
  9.5400e+01     3.982111e+01
  9.5600e+01     3.972505e+01
  9.5800e+01     3.962970e+01
  9.6000e+01     3.953504e+01
  9.6200e+01     3.944107e+01
  9.6400e+01     3.934779e+01
  9.6600e+01     3.925519e+01
  9.6800e+01     3.916327e+01
  9.7000e+01     3.907202e+01
  9.7200e+01     3.898145e+01
  9.7400e+01     3.889154e+01
  9.7600e+01     3.880229e+01
  9.7800e+01     3.871371e+01
  9.8000e+01     3.862578e+01
  9.8200e+01     3.853851e+01
  9.8400e+01     3.845188e+01
  9.8600e+01     3.836590e+01
  9.8800e+01     3.828056e+01
  9.9000e+01     3.819586e+01
  9.9200e+01     3.811179e+01
  9.9400e+01     3.802835e+01
  9.9600e+01     3.794555e+01
  9.9800e+01     3.786336e+01
  1.0000e+02     3.778180e+01
  1.0020e+02     3.770085e+01
  1.0040e+02     3.762052e+01
  1.0060e+02     3.754080e+01
  1.0080e+02     3.746169e+01
  1.0100e+02     3.738318e+01
  1.0120e+02     3.730527e+01
  1.0140e+02     3.722796e+01
  1.0160e+02     3.715125e+01
  1.0180e+02     3.707513e+01
  1.0200e+02     3.699959e+01
  1.0220e+02     3.692464e+01
  1.0240e+02     3.685027e+01
  1.0260e+02     3.677649e+01
  1.0280e+02     3.670328e+01
  1.0300e+02     3.663064e+01
  1.0320e+02     3.655857e+01
  1.0340e+02     3.648707e+01
  1.0360e+02     3.641613e+01
  1.0380e+02     3.634576e+01
  1.0400e+02     3.627594e+01
  1.0420e+02     3.620668e+01
  1.0440e+02     3.613797e+01
  1.0460e+02     3.606982e+01
  1.0480e+02     3.600221e+01
  1.0500e+02     3.593514e+01
  1.0520e+02     3.586862e+01
  1.0540e+02     3.580264e+01
  1.0560e+02     3.573719e+01
  1.0580e+02     3.567228e+01
  1.0600e+02     3.560790e+01
  1.0620e+02     3.554404e+01
  1.0640e+02     3.548072e+01
  1.0660e+02     3.541791e+01
  1.0680e+02     3.535563e+01
  1.0700e+02     3.529387e+01
  1.0720e+02     3.523262e+01
  1.0740e+02     3.517189e+01
  1.0760e+02     3.511167e+01
  1.0780e+02     3.505195e+01
  1.0800e+02     3.499275e+01
  1.0820e+02     3.493404e+01
  1.0840e+02     3.487584e+01
  1.0860e+02     3.481814e+01
  1.0880e+02     3.476094e+01
  1.0900e+02     3.470423e+01
  1.0920e+02     3.464801e+01
  1.0940e+02     3.459228e+01
  1.0960e+02     3.453704e+01
  1.0980e+02     3.448229e+01
  1.1000e+02     3.442802e+01
  1.1020e+02     3.437423e+01
  1.1040e+02     3.432092e+01
  1.1060e+02     3.426809e+01
  1.1080e+02     3.421573e+01
  1.1100e+02     3.416385e+01
  1.1120e+02     3.411243e+01
  1.1140e+02     3.406149e+01
  1.1160e+02     3.401101e+01
  1.1180e+02     3.396100e+01
  1.1200e+02     3.391145e+01
  1.1220e+02     3.386236e+01
  1.1240e+02     3.381373e+01
  1.1260e+02     3.376555e+01
  1.1280e+02     3.371783e+01
  1.1300e+02     3.367057e+01
  1.1320e+02     3.362375e+01
  1.1340e+02     3.357738e+01
  1.1360e+02     3.353147e+01
  1.1380e+02     3.348599e+01
  1.1400e+02     3.344096e+01
  1.1420e+02     3.339638e+01
  1.1440e+02     3.335223e+01
  1.1460e+02     3.330852e+01
  1.1480e+02     3.326525e+01
  1.1500e+02     3.322241e+01
  1.1520e+02     3.318001e+01
  1.1540e+02     3.313804e+01
  1.1560e+02     3.309650e+01
  1.1580e+02     3.305538e+01
  1.1600e+02     3.301470e+01
  1.1620e+02     3.297444e+01
  1.1640e+02     3.293460e+01
  1.1660e+02     3.289518e+01
  1.1680e+02     3.285618e+01
  1.1700e+02     3.281760e+01
  1.1720e+02     3.277944e+01
  1.1740e+02     3.274170e+01
  1.1760e+02     3.270437e+01
  1.1780e+02     3.266745e+01
  1.1800e+02     3.263094e+01
  1.1820e+02     3.259484e+01
  1.1840e+02     3.255915e+01
  1.1860e+02     3.252387e+01
  1.1880e+02     3.248899e+01
  1.1900e+02     3.245452e+01
  1.1920e+02     3.242045e+01
  1.1940e+02     3.238678e+01
  1.1960e+02     3.235351e+01
  1.1980e+02     3.232063e+01
  1.2000e+02     3.228816e+01
  1.2020e+02     3.225608e+01
  1.2040e+02     3.222440e+01
  1.2060e+02     3.219311e+01
  1.2080e+02     3.216221e+01
  1.2100e+02     3.213170e+01
  1.2120e+02     3.210158e+01
  1.2140e+02     3.207185e+01
  1.2160e+02     3.204250e+01
  1.2180e+02     3.201354e+01
  1.2200e+02     3.198497e+01
  1.2220e+02     3.195678e+01
  1.2240e+02     3.192897e+01
  1.2260e+02     3.190155e+01
  1.2280e+02     3.187450e+01
  1.2300e+02     3.184783e+01
  1.2320e+02     3.182154e+01
  1.2340e+02     3.179563e+01
  1.2360e+02     3.177009e+01
  1.2380e+02     3.174493e+01
  1.2400e+02     3.172014e+01
  1.2420e+02     3.169572e+01
  1.2440e+02     3.167168e+01
  1.2460e+02     3.164800e+01
  1.2480e+02     3.162470e+01
  1.2500e+02     3.160176e+01
  1.2520e+02     3.157919e+01
  1.2540e+02     3.155699e+01
  1.2560e+02     3.153515e+01
  1.2580e+02     3.151368e+01
  1.2600e+02     3.149257e+01
  1.2620e+02     3.147183e+01
  1.2640e+02     3.145144e+01
  1.2660e+02     3.143142e+01
  1.2680e+02     3.141176e+01
  1.2700e+02     3.139246e+01
  1.2720e+02     3.137351e+01
  1.2740e+02     3.135492e+01
  1.2760e+02     3.133669e+01
  1.2780e+02     3.131882e+01
  1.2800e+02     3.130130e+01
  1.2820e+02     3.128414e+01
  1.2840e+02     3.126733e+01
  1.2860e+02     3.125087e+01
  1.2880e+02     3.123477e+01
  1.2900e+02     3.121901e+01
  1.2920e+02     3.120361e+01
  1.2940e+02     3.118856e+01
  1.2960e+02     3.117385e+01
  1.2980e+02     3.115950e+01
  1.3000e+02     3.114549e+01
  1.3020e+02     3.113183e+01
  1.3040e+02     3.111852e+01
  1.3060e+02     3.110555e+01
  1.3080e+02     3.109293e+01
  1.3100e+02     3.108066e+01
  1.3120e+02     3.106872e+01
  1.3140e+02     3.105714e+01
  1.3160e+02     3.104589e+01
  1.3180e+02     3.103499e+01
  1.3200e+02     3.102443e+01
  1.3220e+02     3.101421e+01
  1.3240e+02     3.100433e+01
  1.3260e+02     3.099479e+01
  1.3280e+02     3.098559e+01
  1.3300e+02     3.097673e+01
  1.3320e+02     3.096821e+01
  1.3340e+02     3.096002e+01
  1.3360e+02     3.095218e+01
  1.3380e+02     3.094467e+01
  1.3400e+02     3.093750e+01
  1.3420e+02     3.093066e+01
  1.3440e+02     3.092417e+01
  1.3460e+02     3.091800e+01
  1.3480e+02     3.091217e+01
  1.3500e+02     3.090668e+01
  1.3520e+02     3.090152e+01
  1.3540e+02     3.089670e+01
  1.3560e+02     3.089221e+01
  1.3580e+02     3.088805e+01
  1.3600e+02     3.088422e+01
  1.3620e+02     3.088073e+01
  1.3640e+02     3.087757e+01
  1.3660e+02     3.087474e+01
  1.3680e+02     3.087224e+01
  1.3700e+02     3.087008e+01
  1.3720e+02     3.086824e+01
  1.3740e+02     3.086674e+01
  1.3760e+02     3.086557e+01
  1.3780e+02     3.086473e+01
  1.3800e+02     3.086421e+01
  1.3820e+02     3.086403e+01
  1.3840e+02     3.086418e+01
  1.3860e+02     3.086465e+01
  1.3880e+02     3.086546e+01
  1.3900e+02     3.086659e+01
  1.3920e+02     3.086806e+01
  1.3940e+02     3.086985e+01
  1.3960e+02     3.087197e+01
  1.3980e+02     3.087442e+01
  1.4000e+02     3.087719e+01
  1.4020e+02     3.088030e+01
  1.4040e+02     3.088373e+01
  1.4060e+02     3.088749e+01
  1.4080e+02     3.089158e+01
  1.4100e+02     3.089600e+01
  1.4120e+02     3.090074e+01
  1.4140e+02     3.090581e+01
  1.4160e+02     3.091121e+01
  1.4180e+02     3.091694e+01
  1.4200e+02     3.092299e+01
  1.4220e+02     3.092937e+01
  1.4240e+02     3.093608e+01
  1.4260e+02     3.094311e+01
  1.4280e+02     3.095048e+01
  1.4300e+02     3.095817e+01
  1.4320e+02     3.096618e+01
  1.4340e+02     3.097453e+01
  1.4360e+02     3.098320e+01
  1.4380e+02     3.099220e+01
  1.4400e+02     3.100152e+01
  1.4420e+02     3.101118e+01
  1.4440e+02     3.102116e+01
  1.4460e+02     3.103147e+01
  1.4480e+02     3.104211e+01
  1.4500e+02     3.105307e+01
  1.4520e+02     3.106437e+01
  1.4540e+02     3.107599e+01
  1.4560e+02     3.108794e+01
  1.4580e+02     3.110021e+01
  1.4600e+02     3.111282e+01
  1.4620e+02     3.112576e+01
  1.4640e+02     3.113902e+01
  1.4660e+02     3.115261e+01
  1.4680e+02     3.116654e+01
  1.4700e+02     3.118079e+01
  1.4720e+02     3.119537e+01
  1.4740e+02     3.121028e+01
  1.4760e+02     3.122553e+01
  1.4780e+02     3.124110e+01
  1.4800e+02     3.125700e+01
  1.4820e+02     3.127324e+01
  1.4840e+02     3.128980e+01
  1.4860e+02     3.130670e+01
  1.4880e+02     3.132393e+01
  1.4900e+02     3.134149e+01
  1.4920e+02     3.135938e+01
  1.4940e+02     3.137761e+01
  1.4960e+02     3.139616e+01
  1.4980e+02     3.141506e+01
  1.5000e+02     3.143428e+01
  1.5020e+02     3.145384e+01
  1.5040e+02     3.147374e+01
  1.5060e+02     3.149397e+01
  1.5080e+02     3.151453e+01
  1.5100e+02     3.153543e+01
  1.5120e+02     3.155667e+01
  1.5140e+02     3.157824e+01
  1.5160e+02     3.160015e+01
  1.5180e+02     3.162240e+01
  1.5200e+02     3.164498e+01
  1.5220e+02     3.166790e+01
  1.5240e+02     3.169116e+01
  1.5260e+02     3.171477e+01
  1.5280e+02     3.173871e+01
  1.5300e+02     3.176299e+01
  1.5320e+02     3.178761e+01
  1.5340e+02     3.181257e+01
  1.5360e+02     3.183787e+01
  1.5380e+02     3.186352e+01
  1.5400e+02     3.188951e+01
  1.5420e+02     3.191584e+01
  1.5440e+02     3.194252e+01
  1.5460e+02     3.196954e+01
  1.5480e+02     3.199690e+01
  1.5500e+02     3.202461e+01
  1.5520e+02     3.205267e+01
  1.5540e+02     3.208107e+01
  1.5560e+02     3.210982e+01
  1.5580e+02     3.213892e+01
  1.5600e+02     3.216837e+01
  1.5620e+02     3.219817e+01
  1.5640e+02     3.222832e+01
  1.5660e+02     3.225882e+01
  1.5680e+02     3.228967e+01
  1.5700e+02     3.232087e+01
  1.5720e+02     3.235242e+01
  1.5740e+02     3.238433e+01
  1.5760e+02     3.241659e+01
  1.5780e+02     3.244921e+01
  1.5800e+02     3.248219e+01
  1.5820e+02     3.251551e+01
  1.5840e+02     3.254920e+01
  1.5860e+02     3.258325e+01
  1.5880e+02     3.261765e+01
  1.5900e+02     3.265241e+01
  1.5920e+02     3.268754e+01
  1.5940e+02     3.272302e+01
  1.5960e+02     3.275887e+01
  1.5980e+02     3.279508e+01
  1.6000e+02     3.283165e+01
  1.6020e+02     3.286859e+01
  1.6040e+02     3.290590e+01
  1.6060e+02     3.294357e+01
  1.6080e+02     3.298160e+01
  1.6100e+02     3.302001e+01
  1.6120e+02     3.305878e+01
  1.6140e+02     3.309793e+01
  1.6160e+02     3.313744e+01
  1.6180e+02     3.317733e+01
  1.6200e+02     3.321759e+01
  1.6220e+02     3.325822e+01
  1.6240e+02     3.329923e+01
  1.6260e+02     3.334062e+01
  1.6280e+02     3.338238e+01
  1.6300e+02     3.342452e+01
  1.6320e+02     3.346703e+01
  1.6340e+02     3.350993e+01
  1.6360e+02     3.355321e+01
  1.6380e+02     3.359687e+01
  1.6400e+02     3.364091e+01
  1.6420e+02     3.368534e+01
  1.6440e+02     3.373015e+01
  1.6460e+02     3.377534e+01
  1.6480e+02     3.382093e+01
  1.6500e+02     3.386690e+01
  1.6520e+02     3.391327e+01
  1.6540e+02     3.396002e+01
  1.6560e+02     3.400716e+01
  1.6580e+02     3.405470e+01
  1.6600e+02     3.410263e+01
  1.6620e+02     3.415096e+01
  1.6640e+02     3.419969e+01
  1.6660e+02     3.424881e+01
  1.6680e+02     3.429833e+01
  1.6700e+02     3.434825e+01
  1.6720e+02     3.439857e+01
  1.6740e+02     3.444930e+01
  1.6760e+02     3.450043e+01
  1.6780e+02     3.455196e+01
  1.6800e+02     3.460390e+01
  1.6820e+02     3.465625e+01
  1.6840e+02     3.470901e+01
  1.6860e+02     3.476217e+01
  1.6880e+02     3.481575e+01
  1.6900e+02     3.486975e+01
  1.6920e+02     3.492415e+01
  1.6940e+02     3.497898e+01
  1.6960e+02     3.503422e+01
  1.6980e+02     3.508987e+01
  1.7000e+02     3.514595e+01
  1.7020e+02     3.520245e+01
  1.7040e+02     3.525938e+01
  1.7060e+02     3.531672e+01
  1.7080e+02     3.537450e+01
  1.7100e+02     3.543270e+01
  1.7120e+02     3.549133e+01
  1.7140e+02     3.555038e+01
  1.7160e+02     3.560988e+01
  1.7180e+02     3.566980e+01
  1.7200e+02     3.573016e+01
  1.7220e+02     3.579095e+01
  1.7240e+02     3.585219e+01
  1.7260e+02     3.591386e+01
  1.7280e+02     3.597597e+01
  1.7300e+02     3.603853e+01
  1.7320e+02     3.610153e+01
  1.7340e+02     3.616497e+01
  1.7360e+02     3.622887e+01
  1.7380e+02     3.629321e+01
  1.7400e+02     3.635800e+01
  1.7420e+02     3.642325e+01
  1.7440e+02     3.648895e+01
  1.7460e+02     3.655510e+01
  1.7480e+02     3.662172e+01
  1.7500e+02     3.668879e+01
  1.7520e+02     3.675632e+01
  1.7540e+02     3.682432e+01
  1.7560e+02     3.689278e+01
  1.7580e+02     3.696171e+01
  1.7600e+02     3.703110e+01
  1.7620e+02     3.710096e+01
  1.7640e+02     3.717130e+01
  1.7660e+02     3.724211e+01
  1.7680e+02     3.731340e+01
  1.7700e+02     3.738516e+01
  1.7720e+02     3.745740e+01
  1.7740e+02     3.753012e+01
  1.7760e+02     3.760333e+01
  1.7780e+02     3.767702e+01
  1.7800e+02     3.775120e+01
  1.7820e+02     3.782586e+01
  1.7840e+02     3.790102e+01
  1.7860e+02     3.797667e+01
  1.7880e+02     3.805281e+01
  1.7900e+02     3.812946e+01
  1.7920e+02     3.820659e+01
  1.7940e+02     3.828423e+01
  1.7960e+02     3.836238e+01
  1.7980e+02     3.844103e+01
  1.8000e+02     3.852018e+01
  1.8020e+02     3.859984e+01
  1.8040e+02     3.868002e+01
  1.8060e+02     3.876071e+01
  1.8080e+02     3.884191e+01
  1.8100e+02     3.892363e+01
  1.8120e+02     3.900587e+01
  1.8140e+02     3.908863e+01
  1.8160e+02     3.917192e+01
  1.8180e+02     3.925573e+01
  1.8200e+02     3.934008e+01
  1.8220e+02     3.942495e+01
  1.8240e+02     3.951035e+01
  1.8260e+02     3.959629e+01
  1.8280e+02     3.968277e+01
  1.8300e+02     3.976979e+01
  1.8320e+02     3.985735e+01
  1.8340e+02     3.994546e+01
  1.8360e+02     4.003411e+01
  1.8380e+02     4.012331e+01
  1.8400e+02     4.021306e+01
  1.8420e+02     4.030337e+01
  1.8440e+02     4.039423e+01
  1.8460e+02     4.048566e+01
  1.8480e+02     4.057764e+01
  1.8500e+02     4.067019e+01
  1.8520e+02     4.076330e+01
  1.8540e+02     4.085699e+01
  1.8560e+02     4.095124e+01
  1.8580e+02     4.104607e+01
  1.8600e+02     4.114147e+01
  1.8620e+02     4.123746e+01
  1.8640e+02     4.133403e+01
  1.8660e+02     4.143118e+01
  1.8680e+02     4.152891e+01
  1.8700e+02     4.162724e+01
  1.8720e+02     4.172616e+01
  1.8740e+02     4.182568e+01
  1.8760e+02     4.192579e+01
  1.8780e+02     4.202650e+01
  1.8800e+02     4.212782e+01
  1.8820e+02     4.222974e+01
  1.8840e+02     4.233227e+01
  1.8860e+02     4.243541e+01
  1.8880e+02     4.253917e+01
  1.8900e+02     4.264354e+01
  1.8920e+02     4.274853e+01
  1.8940e+02     4.285415e+01
  1.8960e+02     4.296039e+01
  1.8980e+02     4.306726e+01
  1.9000e+02     4.317476e+01
  1.9020e+02     4.328290e+01
  1.9040e+02     4.339167e+01
  1.9060e+02     4.350109e+01
  1.9080e+02     4.361114e+01
  1.9100e+02     4.372185e+01
  1.9120e+02     4.383320e+01
  1.9140e+02     4.394520e+01
  1.9160e+02     4.405787e+01
  1.9180e+02     4.417119e+01
  1.9200e+02     4.428517e+01
  1.9220e+02     4.439981e+01
  1.9240e+02     4.451513e+01
  1.9260e+02     4.463111e+01
  1.9280e+02     4.474777e+01
  1.9300e+02     4.486511e+01
  1.9320e+02     4.498313e+01
  1.9340e+02     4.510183e+01
  1.9360e+02     4.522122e+01
  1.9380e+02     4.534130e+01
  1.9400e+02     4.546207e+01
  1.9420e+02     4.558355e+01
  1.9440e+02     4.570572e+01
  1.9460e+02     4.582860e+01
  1.9480e+02     4.595218e+01
  1.9500e+02     4.607647e+01
  1.9520e+02     4.620148e+01
  1.9540e+02     4.632721e+01
  1.9560e+02     4.645366e+01
  1.9580e+02     4.658083e+01
  1.9600e+02     4.670873e+01
  1.9620e+02     4.683737e+01
  1.9640e+02     4.696673e+01
  1.9660e+02     4.709684e+01
  1.9680e+02     4.722769e+01
  1.9700e+02     4.735929e+01
  1.9720e+02     4.749164e+01
  1.9740e+02     4.762474e+01
  1.9760e+02     4.775859e+01
  1.9780e+02     4.789321e+01
  1.9800e+02     4.802860e+01
  1.9820e+02     4.816475e+01
  1.9840e+02     4.830167e+01
  1.9860e+02     4.843937e+01
  1.9880e+02     4.857785e+01
  1.9900e+02     4.871712e+01
  1.9920e+02     4.885717e+01
  1.9940e+02     4.899801e+01
  1.9960e+02     4.913965e+01
  1.9980e+02     4.928209e+01
  2.0000e+02     4.942534e+01
  2.0020e+02     4.956939e+01
  2.0040e+02     4.971425e+01
  2.0060e+02     4.985993e+01
  2.0080e+02     5.000643e+01
  2.0100e+02     5.015375e+01
  2.0120e+02     5.030190e+01
  2.0140e+02     5.045088e+01
  2.0160e+02     5.060070e+01
  2.0180e+02     5.075136e+01
  2.0200e+02     5.090286e+01
  2.0220e+02     5.105522e+01
  2.0240e+02     5.120842e+01
  2.0260e+02     5.136249e+01
  2.0280e+02     5.151741e+01
  2.0300e+02     5.167321e+01
  2.0320e+02     5.182987e+01
  2.0340e+02     5.198741e+01
  2.0360e+02     5.214583e+01
  2.0380e+02     5.230513e+01
  2.0400e+02     5.246532e+01
  2.0420e+02     5.262640e+01
  2.0440e+02     5.278839e+01
  2.0460e+02     5.295127e+01
  2.0480e+02     5.311506e+01
  2.0500e+02     5.327976e+01
  2.0520e+02     5.344538e+01
  2.0540e+02     5.361192e+01
  2.0560e+02     5.377938e+01
  2.0580e+02     5.394778e+01
  2.0600e+02     5.411711e+01
  2.0620e+02     5.428738e+01
  2.0640e+02     5.445859e+01
  2.0660e+02     5.463075e+01
  2.0680e+02     5.480387e+01
  2.0700e+02     5.497795e+01
  2.0720e+02     5.515299e+01
  2.0740e+02     5.532900e+01
  2.0760e+02     5.550598e+01
  2.0780e+02     5.568394e+01
  2.0800e+02     5.586289e+01
  2.0820e+02     5.604282e+01
  2.0840e+02     5.622375e+01
  2.0860e+02     5.640568e+01
  2.0880e+02     5.658862e+01
  2.0900e+02     5.677256e+01
  2.0920e+02     5.695752e+01
  2.0940e+02     5.714350e+01
  2.0960e+02     5.733050e+01
  2.0980e+02     5.751853e+01
  2.1000e+02     5.770760e+01
  2.1020e+02     5.789772e+01
  2.1040e+02     5.808888e+01
  2.1060e+02     5.828109e+01
  2.1080e+02     5.847435e+01
  2.1100e+02     5.866869e+01
  2.1120e+02     5.886409e+01
  2.1140e+02     5.906056e+01
  2.1160e+02     5.925812e+01
  2.1180e+02     5.945675e+01
  2.1200e+02     5.965649e+01
  2.1220e+02     5.985731e+01
  2.1240e+02     6.005924e+01
  2.1260e+02     6.026228e+01
  2.1280e+02     6.046643e+01
  2.1300e+02     6.067170e+01
  2.1320e+02     6.087810e+01
  2.1340e+02     6.108563e+01
  2.1360e+02     6.129429e+01
  2.1380e+02     6.150410e+01
  2.1400e+02     6.171506e+01
  2.1420e+02     6.192717e+01
  2.1440e+02     6.214045e+01
  2.1460e+02     6.235489e+01
  2.1480e+02     6.257050e+01
  2.1500e+02     6.278730e+01
  2.1520e+02     6.300528e+01
  2.1540e+02     6.322445e+01
  2.1560e+02     6.344482e+01
  2.1580e+02     6.366639e+01
  2.1600e+02     6.388918e+01
  2.1620e+02     6.411318e+01
  2.1640e+02     6.433840e+01
  2.1660e+02     6.456486e+01
  2.1680e+02     6.479255e+01
  2.1700e+02     6.502148e+01
  2.1720e+02     6.525166e+01
  2.1740e+02     6.548310e+01
  2.1760e+02     6.571580e+01
  2.1780e+02     6.594976e+01
  2.1800e+02     6.618501e+01
  2.1820e+02     6.642153e+01
  2.1840e+02     6.665934e+01
  2.1860e+02     6.689845e+01
  2.1880e+02     6.713886e+01
  2.1900e+02     6.738058e+01
  2.1920e+02     6.762362e+01
  2.1940e+02     6.786798e+01
  2.1960e+02     6.811366e+01
  2.1980e+02     6.836069e+01
  2.2000e+02     6.860905e+01
  2.2020e+02     6.885877e+01
  2.2040e+02     6.910985e+01
  2.2060e+02     6.936229e+01
  2.2080e+02     6.961610e+01
  2.2100e+02     6.987129e+01
  2.2120e+02     7.012787e+01
  2.2140e+02     7.038584e+01
  2.2160e+02     7.064521e+01
  2.2180e+02     7.090599e+01
  2.2200e+02     7.116818e+01
  2.2220e+02     7.143180e+01
  2.2240e+02     7.169685e+01
  2.2260e+02     7.196333e+01
  2.2280e+02     7.223126e+01
  2.2300e+02     7.250064e+01
  2.2320e+02     7.277149e+01
  2.2340e+02     7.304380e+01
  2.2360e+02     7.331758e+01
  2.2380e+02     7.359285e+01
  2.2400e+02     7.386961e+01
  2.2420e+02     7.414787e+01
  2.2440e+02     7.442763e+01
  2.2460e+02     7.470891e+01
  2.2480e+02     7.499171e+01
  2.2500e+02     7.527605e+01
  2.2520e+02     7.556191e+01
  2.2540e+02     7.584933e+01
  2.2560e+02     7.613830e+01
  2.2580e+02     7.642883e+01
  2.2600e+02     7.672093e+01
  2.2620e+02     7.701461e+01
  2.2640e+02     7.730988e+01
  2.2660e+02     7.760674e+01
  2.2680e+02     7.790520e+01
  2.2700e+02     7.820528e+01
  2.2720e+02     7.850697e+01
  2.2740e+02     7.881029e+01
  2.2760e+02     7.911525e+01
  2.2780e+02     7.942186e+01
  2.2800e+02     7.973011e+01
  2.2820e+02     8.004003e+01
  2.2840e+02     8.035162e+01
  2.2860e+02     8.066489e+01
  2.2880e+02     8.097985e+01
  2.2900e+02     8.129650e+01
  2.2920e+02     8.161486e+01
  2.2940e+02     8.193493e+01
  2.2960e+02     8.225673e+01
  2.2980e+02     8.258025e+01
  2.3000e+02     8.290552e+01
  2.3020e+02     8.323254e+01
  2.3040e+02     8.356131e+01
  2.3060e+02     8.389186e+01
  2.3080e+02     8.422417e+01
  2.3100e+02     8.455828e+01
  2.3120e+02     8.489418e+01
  2.3140e+02     8.523188e+01
  2.3160e+02     8.557140e+01
  2.3180e+02     8.591274e+01
  2.3200e+02     8.625591e+01
  2.3220e+02     8.660092e+01
  2.3240e+02     8.694778e+01
  2.3260e+02     8.729650e+01
  2.3280e+02     8.764709e+01
  2.3300e+02     8.799956e+01
  2.3320e+02     8.835392e+01
  2.3340e+02     8.871018e+01
  2.3360e+02     8.906834e+01
  2.3380e+02     8.942842e+01
  2.3400e+02     8.979042e+01
  2.3420e+02     9.015437e+01
  2.3440e+02     9.052026e+01
  2.3460e+02     9.088810e+01
  2.3480e+02     9.125792e+01
  2.3500e+02     9.162970e+01
  2.3520e+02     9.200348e+01
  2.3540e+02     9.237925e+01
  2.3560e+02     9.275702e+01
  2.3580e+02     9.313681e+01
  2.3600e+02     9.351863e+01
  2.3620e+02     9.390248e+01
  2.3640e+02     9.428838e+01
  2.3660e+02     9.467633e+01
  2.3680e+02     9.506636e+01
  2.3700e+02     9.545846e+01
  2.3720e+02     9.585264e+01
  2.3740e+02     9.624892e+01
  2.3760e+02     9.664732e+01
  2.3780e+02     9.704783e+01
  2.3800e+02     9.745047e+01
  2.3820e+02     9.785524e+01
  2.3840e+02     9.826217e+01
  2.3860e+02     9.867126e+01
  2.3880e+02     9.908252e+01
  2.3900e+02     9.949597e+01
  2.3920e+02     9.991160e+01
  2.3940e+02     1.003294e+02
  2.3960e+02     1.007495e+02
  2.3980e+02     1.011717e+02
  2.4000e+02     1.015962e+02
  2.4020e+02     1.020230e+02
  2.4040e+02     1.024520e+02
  2.4060e+02     1.028833e+02
  2.4080e+02     1.033169e+02
  2.4100e+02     1.037527e+02
  2.4120e+02     1.041909e+02
  2.4140e+02     1.046314e+02
  2.4160e+02     1.050742e+02
  2.4180e+02     1.055193e+02
  2.4200e+02     1.059668e+02
  2.4220e+02     1.064166e+02
  2.4240e+02     1.068688e+02
  2.4260e+02     1.073234e+02
  2.4280e+02     1.077804e+02
  2.4300e+02     1.082398e+02
  2.4320e+02     1.087015e+02
  2.4340e+02     1.091658e+02
  2.4360e+02     1.096324e+02
  2.4380e+02     1.101015e+02
  2.4400e+02     1.105731e+02
  2.4420e+02     1.110471e+02
  2.4440e+02     1.115237e+02
  2.4460e+02     1.120027e+02
  2.4480e+02     1.124842e+02
  2.4500e+02     1.129682e+02
  2.4520e+02     1.134548e+02
  2.4540e+02     1.139439e+02
  2.4560e+02     1.144356e+02
  2.4580e+02     1.149299e+02
  2.4600e+02     1.154267e+02
  2.4620e+02     1.159261e+02
  2.4640e+02     1.164281e+02
  2.4660e+02     1.169327e+02
  2.4680e+02     1.174400e+02
  2.4700e+02     1.179498e+02
  2.4720e+02     1.184624e+02
  2.4740e+02     1.189776e+02
  2.4760e+02     1.194954e+02
  2.4780e+02     1.200160e+02
  2.4800e+02     1.205392e+02
  2.4820e+02     1.210652e+02
  2.4840e+02     1.215939e+02
  2.4860e+02     1.221253e+02
  2.4880e+02     1.226595e+02
  2.4900e+02     1.231964e+02
  2.4920e+02     1.237361e+02
  2.4940e+02     1.242786e+02
  2.4960e+02     1.248239e+02
  2.4980e+02     1.253720e+02
  2.5000e+02     1.259229e+02
  2.5020e+02     1.264766e+02
  2.5040e+02     1.270332e+02
  2.5060e+02     1.275927e+02
  2.5080e+02     1.281550e+02
  2.5100e+02     1.287202e+02
  2.5120e+02     1.292883e+02
  2.5140e+02     1.298593e+02
  2.5160e+02     1.304332e+02
  2.5180e+02     1.310101e+02
  2.5200e+02     1.315899e+02
  2.5220e+02     1.321726e+02
  2.5240e+02     1.327584e+02
  2.5260e+02     1.333471e+02
  2.5280e+02     1.339388e+02
  2.5300e+02     1.345335e+02
  2.5320e+02     1.351312e+02
  2.5340e+02     1.357320e+02
  2.5360e+02     1.363358e+02
  2.5380e+02     1.369427e+02
  2.5400e+02     1.375527e+02
  2.5420e+02     1.381657e+02
  2.5440e+02     1.387818e+02
  2.5460e+02     1.394011e+02
  2.5480e+02     1.400234e+02
  2.5500e+02     1.406489e+02
  2.5520e+02     1.412776e+02
  2.5540e+02     1.419094e+02
  2.5560e+02     1.425444e+02
  2.5580e+02     1.431825e+02
  2.5600e+02     1.438239e+02
  2.5620e+02     1.444685e+02
  2.5640e+02     1.451163e+02
  2.5660e+02     1.457673e+02
  2.5680e+02     1.464216e+02
  2.5700e+02     1.470791e+02
  2.5720e+02     1.477399e+02
  2.5740e+02     1.484040e+02
  2.5760e+02     1.490714e+02
  2.5780e+02     1.497422e+02
  2.5800e+02     1.504162e+02
  2.5820e+02     1.510936e+02
  2.5840e+02     1.517743e+02
  2.5860e+02     1.524584e+02
  2.5880e+02     1.531458e+02
  2.5900e+02     1.538367e+02
  2.5920e+02     1.545309e+02
  2.5940e+02     1.552286e+02
  2.5960e+02     1.559297e+02
  2.5980e+02     1.566342e+02
  2.6000e+02     1.573422e+02
  2.6020e+02     1.580536e+02
  2.6040e+02     1.587685e+02
  2.6060e+02     1.594869e+02
  2.6080e+02     1.602088e+02
  2.6100e+02     1.609342e+02
  2.6120e+02     1.616631e+02
  2.6140e+02     1.623956e+02
  2.6160e+02     1.631316e+02
  2.6180e+02     1.638711e+02
  2.6200e+02     1.646143e+02
  2.6220e+02     1.653610e+02
  2.6240e+02     1.661113e+02
  2.6260e+02     1.668652e+02
  2.6280e+02     1.676228e+02
  2.6300e+02     1.683839e+02
  2.6320e+02     1.691488e+02
  2.6340e+02     1.699172e+02
  2.6360e+02     1.706894e+02
  2.6380e+02     1.714652e+02
  2.6400e+02     1.722447e+02
  2.6420e+02     1.730279e+02
  2.6440e+02     1.738148e+02
  2.6460e+02     1.746054e+02
  2.6480e+02     1.753998e+02
  2.6500e+02     1.761979e+02
  2.6520e+02     1.769998e+02
  2.6540e+02     1.778055e+02
  2.6560e+02     1.786149e+02
  2.6580e+02     1.794281e+02
  2.6600e+02     1.802452e+02
  2.6620e+02     1.810660e+02
  2.6640e+02     1.818907e+02
  2.6660e+02     1.827192e+02
  2.6680e+02     1.835515e+02
  2.6700e+02     1.843877e+02
  2.6720e+02     1.852278e+02
  2.6740e+02     1.860717e+02
  2.6760e+02     1.869195e+02
  2.6780e+02     1.877713e+02
  2.6800e+02     1.886269e+02
  2.6820e+02     1.894864e+02
  2.6840e+02     1.903499e+02
  2.6860e+02     1.912173e+02
  2.6880e+02     1.920887e+02
  2.6900e+02     1.929640e+02
  2.6920e+02     1.938433e+02
  2.6940e+02     1.947266e+02
  2.6960e+02     1.956138e+02
  2.6980e+02     1.965051e+02
  2.7000e+02     1.974003e+02
  2.7020e+02     1.982996e+02
  2.7040e+02     1.992029e+02
  2.7060e+02     2.001102e+02
  2.7080e+02     2.010215e+02
  2.7100e+02     2.019369e+02
  2.7120e+02     2.028564e+02
  2.7140e+02     2.037799e+02
  2.7160e+02     2.047075e+02
  2.7180e+02     2.056392e+02
  2.7200e+02     2.065750e+02
  2.7220e+02     2.075148e+02
  2.7240e+02     2.084588e+02
  2.7260e+02     2.094069e+02
  2.7280e+02     2.103590e+02
  2.7300e+02     2.113154e+02
  2.7320e+02     2.122758e+02
  2.7340e+02     2.132404e+02
  2.7360e+02     2.142091e+02
  2.7380e+02     2.151820e+02
  2.7400e+02     2.161591e+02
  2.7420e+02     2.171403e+02
  2.7440e+02     2.181257e+02
  2.7460e+02     2.191152e+02
  2.7480e+02     2.201090e+02
  2.7500e+02     2.211069e+02
  2.7520e+02     2.221090e+02
  2.7540e+02     2.231154e+02
  2.7560e+02     2.241259e+02
  2.7580e+02     2.251406e+02
  2.7600e+02     2.261596e+02
  2.7620e+02     2.271827e+02
  2.7640e+02     2.282101e+02
  2.7660e+02     2.292417e+02
  2.7680e+02     2.302776e+02
  2.7700e+02     2.313176e+02
  2.7720e+02     2.323620e+02
  2.7740e+02     2.334105e+02
  2.7760e+02     2.344633e+02
  2.7780e+02     2.355203e+02
  2.7800e+02     2.365816e+02
  2.7820e+02     2.376471e+02
  2.7840e+02     2.387169e+02
  2.7860e+02     2.397910e+02
  2.7880e+02     2.408693e+02
  2.7900e+02     2.419518e+02
  2.7920e+02     2.430386e+02
  2.7940e+02     2.441297e+02
  2.7960e+02     2.452250e+02
  2.7980e+02     2.463246e+02
  2.8000e+02     2.474284e+02
  2.8020e+02     2.485365e+02
  2.8040e+02     2.496489e+02
  2.8060e+02     2.507655e+02
  2.8080e+02     2.518864e+02
  2.8100e+02     2.530115e+02
  2.8120e+02     2.541409e+02
  2.8140e+02     2.552745e+02
  2.8160e+02     2.564124e+02
  2.8180e+02     2.575545e+02
  2.8200e+02     2.587009e+02
  2.8220e+02     2.598515e+02
  2.8240e+02     2.610063e+02
  2.8260e+02     2.621654e+02
  2.8280e+02     2.633287e+02
  2.8300e+02     2.644963e+02
  2.8320e+02     2.656680e+02
  2.8340e+02     2.668440e+02
  2.8360e+02     2.680242e+02
  2.8380e+02     2.692086e+02
  2.8400e+02     2.703972e+02
  2.8420e+02     2.715900e+02
  2.8440e+02     2.727870e+02
  2.8460e+02     2.739881e+02
  2.8480e+02     2.751934e+02
  2.8500e+02     2.764029e+02
  2.8520e+02     2.776166e+02
  2.8540e+02     2.788344e+02
  2.8560e+02     2.800564e+02
  2.8580e+02     2.812824e+02
  2.8600e+02     2.825126e+02
  2.8620e+02     2.837470e+02
  2.8640e+02     2.849854e+02
  2.8660e+02     2.862279e+02
  2.8680e+02     2.874745e+02
  2.8700e+02     2.887251e+02
  2.8720e+02     2.899799e+02
  2.8740e+02     2.912386e+02
  2.8760e+02     2.925014e+02
  2.8780e+02     2.937683e+02
  2.8800e+02     2.950391e+02
  2.8820e+02     2.963139e+02
  2.8840e+02     2.975927e+02
  2.8860e+02     2.988755e+02
  2.8880e+02     3.001623e+02
  2.8900e+02     3.014529e+02
  2.8920e+02     3.027475e+02
  2.8940e+02     3.040460e+02
  2.8960e+02     3.053484e+02
  2.8980e+02     3.066546e+02
  2.9000e+02     3.079647e+02
  2.9020e+02     3.092787e+02
  2.9040e+02     3.105964e+02
  2.9060e+02     3.119180e+02
  2.9080e+02     3.132433e+02
  2.9100e+02     3.145724e+02
  2.9120e+02     3.159052e+02
  2.9140e+02     3.172418e+02
  2.9160e+02     3.185820e+02
  2.9180e+02     3.199259e+02
  2.9200e+02     3.212735e+02
  2.9220e+02     3.226247e+02
  2.9240e+02     3.239795e+02
  2.9260e+02     3.253379e+02
  2.9280e+02     3.266998e+02
  2.9300e+02     3.280653e+02
  2.9320e+02     3.294343e+02
  2.9340e+02     3.308068e+02
  2.9360e+02     3.321827e+02
  2.9380e+02     3.335621e+02
  2.9400e+02     3.349449e+02
  2.9420e+02     3.363310e+02
  2.9440e+02     3.377205e+02
  2.9460e+02     3.391134e+02
  2.9480e+02     3.405095e+02
  2.9500e+02     3.419088e+02
  2.9520e+02     3.433114e+02
  2.9540e+02     3.447172e+02
  2.9560e+02     3.461262e+02
  2.9580e+02     3.475383e+02
  2.9600e+02     3.489535e+02
  2.9620e+02     3.503718e+02
  2.9640e+02     3.517931e+02
  2.9660e+02     3.532174e+02
  2.9680e+02     3.546447e+02
  2.9700e+02     3.560750e+02
  2.9720e+02     3.575081e+02
  2.9740e+02     3.589440e+02
  2.9760e+02     3.603829e+02
  2.9780e+02     3.618244e+02
  2.9800e+02     3.632688e+02
  2.9820e+02     3.647158e+02
  2.9840e+02     3.661655e+02
  2.9860e+02     3.676179e+02
  2.9880e+02     3.690728e+02
  2.9900e+02     3.705303e+02
  2.9920e+02     3.719903e+02
  2.9940e+02     3.734528e+02
  2.9960e+02     3.749176e+02
  2.9980e+02     3.763849e+02
  3.0000e+02     3.778545e+02
  3.0020e+02     3.793263e+02
  3.0040e+02     3.808005e+02
  3.0060e+02     3.822768e+02
  3.0080e+02     3.837553e+02
  3.0100e+02     3.852358e+02
  3.0120e+02     3.867185e+02
  3.0140e+02     3.882031e+02
  3.0160e+02     3.896897e+02
  3.0180e+02     3.911782e+02
  3.0200e+02     3.926686e+02
  3.0220e+02     3.941608e+02
  3.0240e+02     3.956547e+02
  3.0260e+02     3.971504e+02
  3.0280e+02     3.986477e+02
  3.0300e+02     4.001466e+02
  3.0320e+02     4.016470e+02
  3.0340e+02     4.031489e+02
  3.0360e+02     4.046523e+02
  3.0380e+02     4.061570e+02
  3.0400e+02     4.076631e+02
  3.0420e+02     4.091705e+02
  3.0440e+02     4.106790e+02
  3.0460e+02     4.121887e+02
  3.0480e+02     4.136995e+02
  3.0500e+02     4.152113e+02
  3.0520e+02     4.167241e+02
  3.0540e+02     4.182379e+02
  3.0560e+02     4.197524e+02
  3.0580e+02     4.212678e+02
  3.0600e+02     4.227838e+02
  3.0620e+02     4.243006e+02
  3.0640e+02     4.258179e+02
  3.0660e+02     4.273358e+02
  3.0680e+02     4.288541e+02
  3.0700e+02     4.303729e+02
  3.0720e+02     4.318920e+02
  3.0740e+02     4.334113e+02
  3.0760e+02     4.349309e+02
  3.0780e+02     4.364506e+02
  3.0800e+02     4.379703e+02
  3.0820e+02     4.394901e+02
  3.0840e+02     4.410097e+02
  3.0860e+02     4.425293e+02
  3.0880e+02     4.440486e+02
  3.0900e+02     4.455676e+02
  3.0920e+02     4.470863e+02
  3.0940e+02     4.486046e+02
  3.0960e+02     4.501223e+02
  3.0980e+02     4.516394e+02
  3.1000e+02     4.531560e+02
  3.1020e+02     4.546717e+02
  3.1040e+02     4.561867e+02
  3.1060e+02     4.577008e+02
  3.1080e+02     4.592139e+02
  3.1100e+02     4.607260e+02
  3.1120e+02     4.622370e+02
  3.1140e+02     4.637468e+02
  3.1160e+02     4.652553e+02
  3.1180e+02     4.667624e+02
  3.1200e+02     4.682682e+02
  3.1220e+02     4.697724e+02
  3.1240e+02     4.712750e+02
  3.1260e+02     4.727759e+02
  3.1280e+02     4.742751e+02
  3.1300e+02     4.757725e+02
  3.1320e+02     4.772679e+02
  3.1340e+02     4.787613e+02
  3.1360e+02     4.802526e+02
  3.1380e+02     4.817418e+02
  3.1400e+02     4.832287e+02
  3.1420e+02     4.847132e+02
  3.1440e+02     4.861953e+02
  3.1460e+02     4.876749e+02
  3.1480e+02     4.891519e+02
  3.1500e+02     4.906261e+02
  3.1520e+02     4.920976e+02
  3.1540e+02     4.935662e+02
  3.1560e+02     4.950319e+02
  3.1580e+02     4.964945e+02
  3.1600e+02     4.979540e+02
  3.1620e+02     4.994102e+02
  3.1640e+02     5.008632e+02
  3.1660e+02     5.023127e+02
  3.1680e+02     5.037587e+02
  3.1700e+02     5.052011e+02
  3.1720e+02     5.066398e+02
  3.1740e+02     5.080748e+02
  3.1760e+02     5.095058e+02
  3.1780e+02     5.109330e+02
  3.1800e+02     5.123560e+02
  3.1820e+02     5.137749e+02
  3.1840e+02     5.151896e+02
  3.1860e+02     5.165999e+02
  3.1880e+02     5.180058e+02
  3.1900e+02     5.194072e+02
  3.1920e+02     5.208040e+02
  3.1940e+02     5.221960e+02
  3.1960e+02     5.235832e+02
  3.1980e+02     5.249655e+02
  3.2000e+02     5.263429e+02
  3.2020e+02     5.277151e+02
  3.2040e+02     5.290821e+02
  3.2060e+02     5.304438e+02
  3.2080e+02     5.318002e+02
  3.2100e+02     5.331510e+02
  3.2120e+02     5.344963e+02
  3.2140e+02     5.358359e+02
  3.2160e+02     5.371697e+02
  3.2180e+02     5.384976e+02
  3.2200e+02     5.398196e+02
  3.2220e+02     5.411355e+02
  3.2240e+02     5.424453e+02
  3.2260e+02     5.437488e+02
  3.2280e+02     5.450459e+02
  3.2300e+02     5.463366e+02
  3.2320e+02     5.476207e+02
  3.2340e+02     5.488982e+02
  3.2360e+02     5.501689e+02
  3.2380e+02     5.514328e+02
  3.2400e+02     5.526897e+02
  3.2420e+02     5.539396e+02
  3.2440e+02     5.551823e+02
  3.2460e+02     5.564179e+02
  3.2480e+02     5.576460e+02
  3.2500e+02     5.588668e+02
  3.2520e+02     5.600800e+02
  3.2540e+02     5.612857e+02
  3.2560e+02     5.624836e+02
  3.2580e+02     5.636736e+02
  3.2600e+02     5.648558e+02
  3.2620e+02     5.660300e+02
  3.2640e+02     5.671961e+02
  3.2660e+02     5.683539e+02
  3.2680e+02     5.695035e+02
  3.2700e+02     5.706447e+02
  3.2720e+02     5.717774e+02
  3.2740e+02     5.729016e+02
  3.2760e+02     5.740170e+02
  3.2780e+02     5.751237e+02
  3.2800e+02     5.762216e+02
  3.2820e+02     5.773105e+02
  3.2840e+02     5.783904e+02
  3.2860e+02     5.794611e+02
  3.2880e+02     5.805226e+02
  3.2900e+02     5.815748e+02
  3.2920e+02     5.826176e+02
  3.2940e+02     5.836509e+02
  3.2960e+02     5.846746e+02
  3.2980e+02     5.856886e+02
  3.3000e+02     5.866928e+02
  3.3020e+02     5.876872e+02
  3.3040e+02     5.886717e+02
  3.3060e+02     5.896461e+02
  3.3080e+02     5.906105e+02
  3.3100e+02     5.915646e+02
  3.3120e+02     5.925084e+02
  3.3140e+02     5.934419e+02
  3.3160e+02     5.943649e+02
  3.3180e+02     5.952773e+02
  3.3200e+02     5.961792e+02
  3.3220e+02     5.970703e+02
  3.3240e+02     5.979507e+02
  3.3260e+02     5.988202e+02
  3.3280e+02     5.996787e+02
  3.3300e+02     6.005262e+02
  3.3320e+02     6.013626e+02
  3.3340e+02     6.021878e+02
  3.3360e+02     6.030018e+02
  3.3380e+02     6.038044e+02
  3.3400e+02     6.045956e+02
  3.3420e+02     6.053754e+02
  3.3440e+02     6.061435e+02
  3.3460e+02     6.069001e+02
  3.3480e+02     6.076449e+02
  3.3500e+02     6.083779e+02
  3.3520e+02     6.090992e+02
  3.3540e+02     6.098084e+02
  3.3560e+02     6.105058e+02
  3.3580e+02     6.111910e+02
  3.3600e+02     6.118641e+02
  3.3620e+02     6.125251e+02
  3.3640e+02     6.131738e+02
  3.3660e+02     6.138102e+02
  3.3680e+02     6.144342e+02
  3.3700e+02     6.150458e+02
  3.3720e+02     6.156449e+02
  3.3740e+02     6.162315e+02
  3.3760e+02     6.168054e+02
  3.3780e+02     6.173666e+02
  3.3800e+02     6.179152e+02
  3.3820e+02     6.184509e+02
  3.3840e+02     6.189738e+02
  3.3860e+02     6.194839e+02
  3.3880e+02     6.199810e+02
  3.3900e+02     6.204651e+02
  3.3920e+02     6.209361e+02
  3.3940e+02     6.213941e+02
  3.3960e+02     6.218389e+02
  3.3980e+02     6.222706e+02
  3.4000e+02     6.226890e+02
  3.4020e+02     6.230942e+02
  3.4040e+02     6.234861e+02
  3.4060e+02     6.238646e+02
  3.4080e+02     6.242297e+02
  3.4100e+02     6.245814e+02
  3.4120e+02     6.249197e+02
  3.4140e+02     6.252444e+02
  3.4160e+02     6.255556e+02
  3.4180e+02     6.258532e+02
  3.4200e+02     6.261373e+02
  3.4220e+02     6.264077e+02
  3.4240e+02     6.266644e+02
  3.4260e+02     6.269075e+02
  3.4280e+02     6.271369e+02
  3.4300e+02     6.273525e+02
  3.4320e+02     6.275543e+02
  3.4340e+02     6.277424e+02
  3.4360e+02     6.279166e+02
  3.4380e+02     6.280771e+02
  3.4400e+02     6.282237e+02
  3.4420e+02     6.283564e+02
  3.4440e+02     6.284752e+02
  3.4460e+02     6.285802e+02
  3.4480e+02     6.286713e+02
  3.4500e+02     6.287484e+02
  3.4520e+02     6.288116e+02
  3.4540e+02     6.288609e+02
  3.4560e+02     6.288962e+02
  3.4580e+02     6.289176e+02
  3.4600e+02     6.289251e+02
  3.4620e+02     6.289186e+02
  3.4640e+02     6.288981e+02
  3.4660e+02     6.288637e+02
  3.4680e+02     6.288153e+02
  3.4700e+02     6.287529e+02
  3.4720e+02     6.286766e+02
  3.4740e+02     6.285864e+02
  3.4760e+02     6.284822e+02
  3.4780e+02     6.283641e+02
  3.4800e+02     6.282321e+02
  3.4820e+02     6.280862e+02
  3.4840e+02     6.279263e+02
  3.4860e+02     6.277526e+02
  3.4880e+02     6.275651e+02
  3.4900e+02     6.273636e+02
  3.4920e+02     6.271484e+02
  3.4940e+02     6.269193e+02
  3.4960e+02     6.266764e+02
  3.4980e+02     6.264198e+02
  3.5000e+02     6.261494e+02
  3.5020e+02     6.258653e+02
  3.5040e+02     6.255674e+02
  3.5060e+02     6.252560e+02
  3.5080e+02     6.249308e+02
  3.5100e+02     6.245921e+02
  3.5120e+02     6.242398e+02
  3.5140e+02     6.238740e+02
  3.5160e+02     6.234946e+02
  3.5180e+02     6.231017e+02
  3.5200e+02     6.226955e+02
  3.5220e+02     6.222758e+02
  3.5240e+02     6.218428e+02
  3.5260e+02     6.213964e+02
  3.5280e+02     6.209368e+02
  3.5300e+02     6.204639e+02
  3.5320e+02     6.199778e+02
  3.5340e+02     6.194786e+02
  3.5360e+02     6.189664e+02
  3.5380e+02     6.184410e+02
  3.5400e+02     6.179027e+02
  3.5420e+02     6.173514e+02
  3.5440e+02     6.167872e+02
  3.5460e+02     6.162102e+02
  3.5480e+02     6.156204e+02
  3.5500e+02     6.150179e+02
  3.5520e+02     6.144027e+02
  3.5540e+02     6.137749e+02
  3.5560e+02     6.131345e+02
  3.5580e+02     6.124816e+02
  3.5600e+02     6.118163e+02
  3.5620e+02     6.111387e+02
  3.5640e+02     6.104487e+02
  3.5660e+02     6.097465e+02
  3.5680e+02     6.090321e+02
  3.5700e+02     6.083056e+02
  3.5720e+02     6.075671e+02
  3.5740e+02     6.068166e+02
  3.5760e+02     6.060542e+02
  3.5780e+02     6.052800e+02
  3.5800e+02     6.044940e+02
  3.5820e+02     6.036963e+02
  3.5840e+02     6.028871e+02
  3.5860e+02     6.020663e+02
  3.5880e+02     6.012340e+02
  3.5900e+02     6.003904e+02
  3.5920e+02     5.995354e+02
  3.5940e+02     5.986692e+02
  3.5960e+02     5.977919e+02
  3.5980e+02     5.969036e+02
