# Epidemic | 7 days incidence [ x-unit: days | y-unit: per 100000 ]
  0.0000e+00     3.618006e+02
  2.0000e-01     3.596210e+02
  4.0000e-01     3.574472e+02
  6.0000e-01     3.552791e+02
  8.0000e-01     3.531169e+02
  1.0000e+00     3.509606e+02
  1.2000e+00     3.488105e+02
  1.4000e+00     3.466665e+02
  1.6000e+00     3.445288e+02
  1.8000e+00     3.423974e+02
  2.0000e+00     3.402725e+02
  2.2000e+00     3.381541e+02
  2.4000e+00     3.360424e+02
  2.6000e+00     3.339374e+02
  2.8000e+00     3.318392e+02
  3.0000e+00     3.297478e+02
  3.2000e+00     3.276634e+02
  3.4000e+00     3.255861e+02
  3.6000e+00     3.235159e+02
  3.8000e+00     3.214528e+02
  4.0000e+00     3.193970e+02
  4.2000e+00     3.173486e+02
  4.4000e+00     3.153075e+02
  4.6000e+00     3.132740e+02
  4.8000e+00     3.112479e+02
  5.0000e+00     3.092295e+02
  5.2000e+00     3.072187e+02
  5.4000e+00     3.052156e+02
  5.6000e+00     3.032203e+02
  5.8000e+00     3.012329e+02
  6.0000e+00     2.992533e+02
  6.2000e+00     2.972817e+02
  6.4000e+00     2.953181e+02
  6.6000e+00     2.933625e+02
  6.8000e+00     2.914150e+02
  7.0000e+00     2.894757e+02
  7.2000e+00     2.879972e+02
  7.4000e+00     2.865736e+02
  7.6000e+00     2.851544e+02
  7.8000e+00     2.837397e+02
  8.0000e+00     2.823294e+02
  8.2000e+00     2.809236e+02
  8.4000e+00     2.795222e+02
  8.6000e+00     2.781253e+02
  8.8000e+00     2.767327e+02
  9.0000e+00     2.753447e+02
  9.2000e+00     2.739610e+02
  9.4000e+00     2.725818e+02
  9.6000e+00     2.712069e+02
  9.8000e+00     2.698365e+02
  1.0000e+01     2.684706e+02
  1.0200e+01     2.671090e+02
  1.0400e+01     2.657519e+02
  1.0600e+01     2.643992e+02
  1.0800e+01     2.630509e+02
  1.1000e+01     2.617070e+02
  1.1200e+01     2.603676e+02
  1.1400e+01     2.590325e+02
  1.1600e+01     2.577019e+02
  1.1800e+01     2.563757e+02
  1.2000e+01     2.550539e+02
  1.2200e+01     2.537365e+02
  1.2400e+01     2.524236e+02
  1.2600e+01     2.511150e+02
  1.2800e+01     2.498109e+02
  1.3000e+01     2.485111e+02
  1.3200e+01     2.472158e+02
  1.3400e+01     2.459249e+02
  1.3600e+01     2.446385e+02
  1.3800e+01     2.433564e+02
  1.4000e+01     2.420787e+02
  1.4200e+01     2.408055e+02
  1.4400e+01     2.395367e+02
  1.4600e+01     2.382723e+02
  1.4800e+01     2.370123e+02
  1.5000e+01     2.357568e+02
  1.5200e+01     2.345056e+02
  1.5400e+01     2.332589e+02
  1.5600e+01     2.320166e+02
  1.5800e+01     2.307788e+02
  1.6000e+01     2.295453e+02
  1.6200e+01     2.283163e+02
  1.6400e+01     2.270917e+02
  1.6600e+01     2.258715e+02
  1.6800e+01     2.246558e+02
  1.7000e+01     2.234445e+02
  1.7200e+01     2.222376e+02
  1.7400e+01     2.210351e+02
  1.7600e+01     2.198371e+02
  1.7800e+01     2.186435e+02
  1.8000e+01     2.174543e+02
  1.8200e+01     2.162696e+02
  1.8400e+01     2.150893e+02
  1.8600e+01     2.139134e+02
  1.8800e+01     2.127419e+02
  1.9000e+01     2.115749e+02
  1.9200e+01     2.104123e+02
  1.9400e+01     2.092542e+02
  1.9600e+01     2.081005e+02
  1.9800e+01     2.069512e+02
  2.0000e+01     2.058064e+02
  2.0200e+01     2.046660e+02
  2.0400e+01     2.035300e+02
  2.0600e+01     2.023985e+02
  2.0800e+01     2.012714e+02
  2.1000e+01     2.001487e+02
  2.1200e+01     1.987127e+02
  2.1400e+01     1.972499e+02
  2.1600e+01     1.957959e+02
  2.1800e+01     1.943506e+02
  2.2000e+01     1.929140e+02
  2.2200e+01     1.914861e+02
  2.2400e+01     1.900668e+02
  2.2600e+01     1.886563e+02
  2.2800e+01     1.872543e+02
  2.3000e+01     1.858609e+02
  2.3200e+01     1.844762e+02
  2.3400e+01     1.831000e+02
  2.3600e+01     1.817324e+02
  2.3800e+01     1.803733e+02
  2.4000e+01     1.790227e+02
  2.4200e+01     1.776806e+02
  2.4400e+01     1.763470e+02
  2.4600e+01     1.750218e+02
  2.4800e+01     1.737050e+02
  2.5000e+01     1.723966e+02
  2.5200e+01     1.710966e+02
  2.5400e+01     1.698049e+02
  2.5600e+01     1.685216e+02
  2.5800e+01     1.672465e+02
  2.6000e+01     1.659797e+02
  2.6200e+01     1.647211e+02
  2.6400e+01     1.634707e+02
  2.6600e+01     1.622285e+02
  2.6800e+01     1.609944e+02
  2.7000e+01     1.597685e+02
  2.7200e+01     1.585507e+02
  2.7400e+01     1.573409e+02
  2.7600e+01     1.561391e+02
  2.7800e+01     1.549454e+02
  2.8000e+01     1.537596e+02
  2.8200e+01     1.525818e+02
  2.8400e+01     1.514118e+02
  2.8600e+01     1.502498e+02
  2.8800e+01     1.490956e+02
  2.9000e+01     1.479492e+02
  2.9200e+01     1.468105e+02
  2.9400e+01     1.456797e+02
  2.9600e+01     1.445565e+02
  2.9800e+01     1.434410e+02
  3.0000e+01     1.423332e+02
  3.0200e+01     1.412330e+02
  3.0400e+01     1.401404e+02
  3.0600e+01     1.390553e+02
  3.0800e+01     1.379777e+02
  3.1000e+01     1.369076e+02
  3.1200e+01     1.358450e+02
  3.1400e+01     1.347898e+02
  3.1600e+01     1.337419e+02
  3.1800e+01     1.327014e+02
  3.2000e+01     1.316682e+02
  3.2200e+01     1.306422e+02
  3.2400e+01     1.296235e+02
  3.2600e+01     1.286120e+02
  3.2800e+01     1.276077e+02
  3.3000e+01     1.266104e+02
  3.3200e+01     1.256203e+02
  3.3400e+01     1.246372e+02
  3.3600e+01     1.236612e+02
  3.3800e+01     1.226921e+02
  3.4000e+01     1.217300e+02
  3.4200e+01     1.207748e+02
  3.4400e+01     1.198264e+02
  3.4600e+01     1.188849e+02
  3.4800e+01     1.179502e+02
  3.5000e+01     1.170223e+02
  3.5200e+01     1.161011e+02
  3.5400e+01     1.151865e+02
  3.5600e+01     1.142787e+02
  3.5800e+01     1.133774e+02
  3.6000e+01     1.124828e+02
  3.6200e+01     1.115946e+02
  3.6400e+01     1.107130e+02
  3.6600e+01     1.098379e+02
  3.6800e+01     1.089692e+02
  3.7000e+01     1.081069e+02
  3.7200e+01     1.072509e+02
  3.7400e+01     1.064013e+02
  3.7600e+01     1.055580e+02
  3.7800e+01     1.047209e+02
  3.8000e+01     1.038900e+02
  3.8200e+01     1.030653e+02
  3.8400e+01     1.022468e+02
  3.8600e+01     1.014343e+02
  3.8800e+01     1.006279e+02
  3.9000e+01     9.982762e+01
  3.9200e+01     9.903326e+01
  3.9400e+01     9.824486e+01
  3.9600e+01     9.746238e+01
  3.9800e+01     9.668579e+01
  4.0000e+01     9.591505e+01
  4.0200e+01     9.515012e+01
  4.0400e+01     9.439097e+01
  4.0600e+01     9.363756e+01
  4.0800e+01     9.288985e+01
  4.1000e+01     9.214782e+01
  4.1200e+01     9.141141e+01
  4.1400e+01     9.068061e+01
  4.1600e+01     8.995536e+01
  4.1800e+01     8.923565e+01
  4.2000e+01     8.852142e+01
  4.2200e+01     8.781265e+01
  4.2400e+01     8.710930e+01
  4.2600e+01     8.641134e+01
  4.2800e+01     8.571872e+01
  4.3000e+01     8.503143e+01
  4.3200e+01     8.434941e+01
  4.3400e+01     8.367264e+01
  4.3600e+01     8.300108e+01
  4.3800e+01     8.233470e+01
  4.4000e+01     8.167346e+01
  4.4200e+01     8.101732e+01
  4.4400e+01     8.036626e+01
  4.4600e+01     7.972025e+01
  4.4800e+01     7.907923e+01
  4.5000e+01     7.844319e+01
  4.5200e+01     7.781209e+01
  4.5400e+01     7.718590e+01
  4.5600e+01     7.656457e+01
  4.5800e+01     7.594809e+01
  4.6000e+01     7.533641e+01
  4.6200e+01     7.472950e+01
  4.6400e+01     7.412733e+01
  4.6600e+01     7.352987e+01
  4.6800e+01     7.293708e+01
  4.7000e+01     7.234894e+01
  4.7200e+01     7.176540e+01
  4.7400e+01     7.118644e+01
  4.7600e+01     7.061203e+01
  4.7800e+01     7.004213e+01
  4.8000e+01     6.947671e+01
  4.8200e+01     6.891574e+01
  4.8400e+01     6.835919e+01
  4.8600e+01     6.780703e+01
  4.8800e+01     6.725922e+01
  4.9000e+01     6.671574e+01
  4.9200e+01     6.617655e+01
  4.9400e+01     6.564163e+01
  4.9600e+01     6.511094e+01
  4.9800e+01     6.458445e+01
  5.0000e+01     6.406214e+01
  5.0200e+01     6.354397e+01
  5.0400e+01     6.302991e+01
  5.0600e+01     6.251993e+01
  5.0800e+01     6.201401e+01
  5.1000e+01     6.151211e+01
  5.1200e+01     6.101420e+01
  5.1400e+01     6.052026e+01
  5.1600e+01     6.003025e+01
  5.1800e+01     5.954416e+01
  5.2000e+01     5.906194e+01
  5.2200e+01     5.858357e+01
  5.2400e+01     5.810902e+01
  5.2600e+01     5.763826e+01
  5.2800e+01     5.717128e+01
  5.3000e+01     5.670802e+01
  5.3200e+01     5.624848e+01
  5.3400e+01     5.579262e+01
  5.3600e+01     5.534042e+01
  5.3800e+01     5.489184e+01
  5.4000e+01     5.444686e+01
  5.4200e+01     5.400546e+01
  5.4400e+01     5.356760e+01
  5.4600e+01     5.313326e+01
  5.4800e+01     5.270242e+01
  5.5000e+01     5.227504e+01
  5.5200e+01     5.185110e+01
  5.5400e+01     5.143058e+01
  5.5600e+01     5.101345e+01
  5.5800e+01     5.059968e+01
  5.6000e+01     5.018924e+01
  5.6200e+01     4.978212e+01
  5.6400e+01     4.937829e+01
  5.6600e+01     4.897772e+01
  5.6800e+01     4.858039e+01
  5.7000e+01     4.818627e+01
  5.7200e+01     4.779533e+01
  5.7400e+01     4.740756e+01
  5.7600e+01     4.702293e+01
  5.7800e+01     4.664142e+01
  5.8000e+01     4.626299e+01
  5.8200e+01     4.588764e+01
  5.8400e+01     4.551532e+01
  5.8600e+01     4.514603e+01
  5.8800e+01     4.477973e+01
  5.9000e+01     4.441641e+01
  5.9200e+01     4.405603e+01
  5.9400e+01     4.369858e+01
  5.9600e+01     4.334404e+01
  5.9800e+01     4.299238e+01
  6.0000e+01     4.264358e+01
  6.0200e+01     4.229762e+01
  6.0400e+01     4.195447e+01
  6.0600e+01     4.161412e+01
  6.0800e+01     4.127653e+01
  6.1000e+01     4.094170e+01
  6.1200e+01     4.060959e+01
  6.1400e+01     4.028019e+01
  6.1600e+01     3.995348e+01
  6.1800e+01     3.962943e+01
  6.2000e+01     3.930802e+01
  6.2200e+01     3.898923e+01
  6.2400e+01     3.867305e+01
  6.2600e+01     3.835945e+01
  6.2800e+01     3.804841e+01
  6.3000e+01     3.773991e+01
  6.3200e+01     3.743393e+01
  6.3400e+01     3.713044e+01
  6.3600e+01     3.682944e+01
  6.3800e+01     3.653091e+01
  6.4000e+01     3.623481e+01
  6.4200e+01     3.594113e+01
  6.4400e+01     3.564986e+01
  6.4600e+01     3.536097e+01
  6.4800e+01     3.507444e+01
  6.5000e+01     3.479026e+01
  6.5200e+01     3.450841e+01
  6.5400e+01     3.422886e+01
  6.5600e+01     3.395161e+01
  6.5800e+01     3.367662e+01
  6.6000e+01     3.340389e+01
  6.6200e+01     3.313339e+01
  6.6400e+01     3.286512e+01
  6.6600e+01     3.259904e+01
  6.6800e+01     3.233514e+01
  6.7000e+01     3.207340e+01
  6.7200e+01     3.181382e+01
  6.7400e+01     3.155636e+01
  6.7600e+01     3.130101e+01
  6.7800e+01     3.104776e+01
  6.8000e+01     3.079659e+01
  6.8200e+01     3.054748e+01
  6.8400e+01     3.030042e+01
  6.8600e+01     3.005538e+01
  6.8800e+01     2.981235e+01
  6.9000e+01     2.957132e+01
  6.9200e+01     2.933227e+01
  6.9400e+01     2.909519e+01
  6.9600e+01     2.886005e+01
  6.9800e+01     2.862684e+01
  7.0000e+01     2.839555e+01
  7.0200e+01     2.816616e+01
  7.0400e+01     2.793865e+01
  7.0600e+01     2.771302e+01
  7.0800e+01     2.748924e+01
  7.1000e+01     2.726729e+01
  7.1200e+01     2.704718e+01
  7.1400e+01     2.682887e+01
  7.1600e+01     2.661236e+01
  7.1800e+01     2.639762e+01
  7.2000e+01     2.618466e+01
  7.2200e+01     2.597344e+01
  7.2400e+01     2.576396e+01
  7.2600e+01     2.555620e+01
  7.2800e+01     2.535015e+01
  7.3000e+01     2.514580e+01
  7.3200e+01     2.494313e+01
  7.3400e+01     2.474212e+01
  7.3600e+01     2.454277e+01
  7.3800e+01     2.434506e+01
  7.4000e+01     2.414897e+01
  7.4200e+01     2.395450e+01
  7.4400e+01     2.376163e+01
  7.4600e+01     2.357034e+01
  7.4800e+01     2.338063e+01
  7.5000e+01     2.319247e+01
  7.5200e+01     2.300587e+01
  7.5400e+01     2.282080e+01
  7.5600e+01     2.263725e+01
  7.5800e+01     2.245522e+01
  7.6000e+01     2.227468e+01
  7.6200e+01     2.209562e+01
  7.6400e+01     2.191804e+01
  7.6600e+01     2.174192e+01
  7.6800e+01     2.156725e+01
  7.7000e+01     2.139402e+01
  7.7200e+01     2.122221e+01
  7.7400e+01     2.105181e+01
  7.7600e+01     2.088282e+01
  7.7800e+01     2.071521e+01
  7.8000e+01     2.054899e+01
  7.8200e+01     2.038413e+01
  7.8400e+01     2.022063e+01
  7.8600e+01     2.005847e+01
  7.8800e+01     1.989764e+01
  7.9000e+01     1.973814e+01
  7.9200e+01     1.957995e+01
  7.9400e+01     1.942306e+01
  7.9600e+01     1.926746e+01
  7.9800e+01     1.911314e+01
  8.0000e+01     1.896009e+01
  8.0200e+01     1.880830e+01
  8.0400e+01     1.865775e+01
  8.0600e+01     1.850845e+01
  8.0800e+01     1.836037e+01
  8.1000e+01     1.821350e+01
  8.1200e+01     1.806785e+01
  8.1400e+01     1.792339e+01
  8.1600e+01     1.778011e+01
  8.1800e+01     1.763802e+01
  8.2000e+01     1.749709e+01
  8.2200e+01     1.735732e+01
  8.2400e+01     1.721870e+01
  8.2600e+01     1.708121e+01
  8.2800e+01     1.694486e+01
  8.3000e+01     1.680963e+01
  8.3200e+01     1.667550e+01
  8.3400e+01     1.654248e+01
  8.3600e+01     1.641055e+01
  8.3800e+01     1.627970e+01
  8.4000e+01     1.614993e+01
  8.4200e+01     1.602122e+01
  8.4400e+01     1.589357e+01
  8.4600e+01     1.576696e+01
  8.4800e+01     1.564140e+01
  8.5000e+01     1.551686e+01
  8.5200e+01     1.539335e+01
  8.5400e+01     1.527084e+01
  8.5600e+01     1.514935e+01
  8.5800e+01     1.502885e+01
  8.6000e+01     1.490933e+01
  8.6200e+01     1.479080e+01
  8.6400e+01     1.467324e+01
  8.6600e+01     1.455664e+01
  8.6800e+01     1.444100e+01
  8.7000e+01     1.432631e+01
  8.7200e+01     1.421255e+01
  8.7400e+01     1.409973e+01
  8.7600e+01     1.398783e+01
  8.7800e+01     1.387685e+01
  8.8000e+01     1.376677e+01
  8.8200e+01     1.365760e+01
  8.8400e+01     1.354932e+01
  8.8600e+01     1.344193e+01
  8.8800e+01     1.333542e+01
  8.9000e+01     1.322977e+01
  8.9200e+01     1.312500e+01
  8.9400e+01     1.302108e+01
  8.9600e+01     1.291800e+01
  8.9800e+01     1.281578e+01
  9.0000e+01     1.271438e+01
  9.0200e+01     1.261382e+01
  9.0400e+01     1.251408e+01
  9.0600e+01     1.241515e+01
  9.0800e+01     1.231704e+01
  9.1000e+01     1.221972e+01
  9.1200e+01     1.212320e+01
  9.1400e+01     1.202746e+01
  9.1600e+01     1.193251e+01
  9.1800e+01     1.183834e+01
  9.2000e+01     1.174493e+01
  9.2200e+01     1.165228e+01
  9.2400e+01     1.156039e+01
  9.2600e+01     1.146925e+01
  9.2800e+01     1.137886e+01
  9.3000e+01     1.128920e+01
  9.3200e+01     1.120027e+01
  9.3400e+01     1.111207e+01
  9.3600e+01     1.102458e+01
  9.3800e+01     1.093781e+01
  9.4000e+01     1.085175e+01
  9.4200e+01     1.076639e+01
  9.4400e+01     1.068172e+01
  9.4600e+01     1.059774e+01
  9.4800e+01     1.051445e+01
  9.5000e+01     1.043183e+01
  9.5200e+01     1.034989e+01
  9.5400e+01     1.026861e+01
  9.5600e+01     1.018799e+01
  9.5800e+01     1.010803e+01
  9.6000e+01     1.002872e+01
  9.6200e+01     9.950063e+00
  9.6400e+01     9.872038e+00
  9.6600e+01     9.794646e+00
  9.6800e+01     9.717884e+00
  9.7000e+01     9.641745e+00
  9.7200e+01     9.566225e+00
  9.7400e+01     9.491318e+00
  9.7600e+01     9.417019e+00
  9.7800e+01     9.343323e+00
  9.8000e+01     9.270225e+00
  9.8200e+01     9.197721e+00
  9.8400e+01     9.125805e+00
  9.8600e+01     9.054472e+00
  9.8800e+01     8.983717e+00
  9.9000e+01     8.913536e+00
  9.9200e+01     8.843924e+00
  9.9400e+01     8.774876e+00
  9.9600e+01     8.706387e+00
  9.9800e+01     8.638454e+00
  1.0000e+02     8.571070e+00
  1.0020e+02     8.504232e+00
  1.0040e+02     8.437935e+00
  1.0060e+02     8.372174e+00
  1.0080e+02     8.306946e+00
  1.0100e+02     8.242245e+00
  1.0120e+02     8.178068e+00
  1.0140e+02     8.114409e+00
  1.0160e+02     8.051265e+00
  1.0180e+02     7.988631e+00
  1.0200e+02     7.926504e+00
  1.0220e+02     7.864878e+00
  1.0240e+02     7.803750e+00
  1.0260e+02     7.743116e+00
  1.0280e+02     7.682971e+00
  1.0300e+02     7.623311e+00
  1.0320e+02     7.564133e+00
  1.0340e+02     7.505432e+00
  1.0360e+02     7.447205e+00
  1.0380e+02     7.389447e+00
  1.0400e+02     7.332155e+00
  1.0420e+02     7.275324e+00
  1.0440e+02     7.218952e+00
  1.0460e+02     7.163033e+00
  1.0480e+02     7.107565e+00
  1.0500e+02     7.052543e+00
  1.0520e+02     6.997965e+00
  1.0540e+02     6.943825e+00
  1.0560e+02     6.890121e+00
  1.0580e+02     6.836849e+00
  1.0600e+02     6.784006e+00
  1.0620e+02     6.731587e+00
  1.0640e+02     6.679589e+00
  1.0660e+02     6.628010e+00
  1.0680e+02     6.576845e+00
  1.0700e+02     6.526090e+00
  1.0720e+02     6.475743e+00
  1.0740e+02     6.425801e+00
  1.0760e+02     6.376259e+00
  1.0780e+02     6.327114e+00
  1.0800e+02     6.278364e+00
  1.0820e+02     6.230005e+00
  1.0840e+02     6.182033e+00
  1.0860e+02     6.134446e+00
  1.0880e+02     6.087240e+00
  1.0900e+02     6.040413e+00
  1.0920e+02     5.993960e+00
  1.0940e+02     5.947880e+00
  1.0960e+02     5.902168e+00
  1.0980e+02     5.856822e+00
  1.1000e+02     5.811838e+00
  1.1020e+02     5.767215e+00
  1.1040e+02     5.722948e+00
  1.1060e+02     5.679036e+00
  1.1080e+02     5.635474e+00
  1.1100e+02     5.592260e+00
  1.1120e+02     5.549391e+00
  1.1140e+02     5.506865e+00
  1.1160e+02     5.464678e+00
  1.1180e+02     5.422828e+00
  1.1200e+02     5.381312e+00
  1.1220e+02     5.340127e+00
  1.1240e+02     5.299271e+00
  1.1260e+02     5.258740e+00
  1.1280e+02     5.218532e+00
  1.1300e+02     5.178645e+00
  1.1320e+02     5.139075e+00
  1.1340e+02     5.099821e+00
  1.1360e+02     5.060879e+00
  1.1380e+02     5.022247e+00
  1.1400e+02     4.983922e+00
  1.1420e+02     4.945902e+00
  1.1440e+02     4.908185e+00
  1.1460e+02     4.870767e+00
  1.1480e+02     4.833647e+00
  1.1500e+02     4.796822e+00
  1.1520e+02     4.760289e+00
  1.1540e+02     4.724047e+00
  1.1560e+02     4.688092e+00
  1.1580e+02     4.652423e+00
  1.1600e+02     4.617037e+00
  1.1620e+02     4.581931e+00
  1.1640e+02     4.547104e+00
  1.1660e+02     4.512553e+00
  1.1680e+02     4.478276e+00
  1.1700e+02     4.444270e+00
  1.1720e+02     4.410534e+00
  1.1740e+02     4.377065e+00
  1.1760e+02     4.343861e+00
  1.1780e+02     4.310920e+00
  1.1800e+02     4.278239e+00
  1.1820e+02     4.245817e+00
  1.1840e+02     4.213652e+00
  1.1860e+02     4.181740e+00
  1.1880e+02     4.150081e+00
  1.1900e+02     4.118672e+00
  1.1920e+02     4.087511e+00
  1.1940e+02     4.056596e+00
  1.1960e+02     4.025925e+00
  1.1980e+02     3.995497e+00
  1.2000e+02     3.965308e+00
  1.2020e+02     3.935358e+00
  1.2040e+02     3.905643e+00
  1.2060e+02     3.876163e+00
  1.2080e+02     3.846915e+00
  1.2100e+02     3.817898e+00
  1.2120e+02     3.789109e+00
  1.2140e+02     3.760547e+00
  1.2160e+02     3.732209e+00
  1.2180e+02     3.704095e+00
  1.2200e+02     3.676202e+00
  1.2220e+02     3.648528e+00
  1.2240e+02     3.621072e+00
  1.2260e+02     3.593831e+00
  1.2280e+02     3.566805e+00
  1.2300e+02     3.539991e+00
  1.2320e+02     3.513387e+00
  1.2340e+02     3.486992e+00
  1.2360e+02     3.460805e+00
  1.2380e+02     3.434823e+00
  1.2400e+02     3.409044e+00
  1.2420e+02     3.383468e+00
  1.2440e+02     3.358093e+00
  1.2460e+02     3.332916e+00
  1.2480e+02     3.307936e+00
  1.2500e+02     3.283152e+00
  1.2520e+02     3.258562e+00
  1.2540e+02     3.234165e+00
  1.2560e+02     3.209958e+00
  1.2580e+02     3.185941e+00
  1.2600e+02     3.162111e+00
  1.2620e+02     3.138468e+00
  1.2640e+02     3.115010e+00
  1.2660e+02     3.091734e+00
  1.2680e+02     3.068641e+00
  1.2700e+02     3.045728e+00
  1.2720e+02     3.022994e+00
  1.2740e+02     3.000437e+00
  1.2760e+02     2.978056e+00
  1.2780e+02     2.955850e+00
  1.2800e+02     2.933817e+00
  1.2820e+02     2.911955e+00
  1.2840e+02     2.890264e+00
  1.2860e+02     2.868742e+00
  1.2880e+02     2.847387e+00
  1.2900e+02     2.826199e+00
  1.2920e+02     2.805176e+00
  1.2940e+02     2.784316e+00
  1.2960e+02     2.763618e+00
  1.2980e+02     2.743081e+00
  1.3000e+02     2.722704e+00
  1.3020e+02     2.702485e+00
  1.3040e+02     2.682423e+00
  1.3060e+02     2.662517e+00
  1.3080e+02     2.642765e+00
  1.3100e+02     2.623167e+00
  1.3120e+02     2.603721e+00
  1.3140e+02     2.584425e+00
  1.3160e+02     2.565280e+00
  1.3180e+02     2.546282e+00
  1.3200e+02     2.527432e+00
  1.3220e+02     2.508728e+00
  1.3240e+02     2.490168e+00
  1.3260e+02     2.471752e+00
  1.3280e+02     2.453479e+00
  1.3300e+02     2.435347e+00
  1.3320e+02     2.417355e+00
  1.3340e+02     2.399503e+00
  1.3360e+02     2.381788e+00
  1.3380e+02     2.364210e+00
  1.3400e+02     2.346768e+00
  1.3420e+02     2.329461e+00
  1.3440e+02     2.312287e+00
  1.3460e+02     2.295246e+00
  1.3480e+02     2.278336e+00
  1.3500e+02     2.261557e+00
  1.3520e+02     2.244907e+00
  1.3540e+02     2.228385e+00
  1.3560e+02     2.211991e+00
  1.3580e+02     2.195722e+00
  1.3600e+02     2.179580e+00
  1.3620e+02     2.163561e+00
  1.3640e+02     2.147665e+00
  1.3660e+02     2.131892e+00
  1.3680e+02     2.116240e+00
  1.3700e+02     2.100709e+00
  1.3720e+02     2.085297e+00
  1.3740e+02     2.070003e+00
  1.3760e+02     2.054827e+00
  1.3780e+02     2.039767e+00
  1.3800e+02     2.024823e+00
  1.3820e+02     2.009993e+00
  1.3840e+02     1.995277e+00
  1.3860e+02     1.980674e+00
  1.3880e+02     1.966183e+00
  1.3900e+02     1.951803e+00
  1.3920e+02     1.937533e+00
  1.3940e+02     1.923372e+00
  1.3960e+02     1.909320e+00
  1.3980e+02     1.895375e+00
  1.4000e+02     1.881537e+00
  1.4020e+02     1.867805e+00
  1.4040e+02     1.854178e+00
  1.4060e+02     1.840655e+00
  1.4080e+02     1.827235e+00
  1.4100e+02     1.813918e+00
  1.4120e+02     1.800702e+00
  1.4140e+02     1.787588e+00
  1.4160e+02     1.774573e+00
  1.4180e+02     1.761658e+00
  1.4200e+02     1.748841e+00
  1.4220e+02     1.736122e+00
  1.4240e+02     1.723500e+00
  1.4260e+02     1.710974e+00
  1.4280e+02     1.698543e+00
  1.4300e+02     1.686207e+00
  1.4320e+02     1.673965e+00
  1.4340e+02     1.661816e+00
  1.4360e+02     1.649759e+00
  1.4380e+02     1.637794e+00
  1.4400e+02     1.625920e+00
  1.4420e+02     1.614137e+00
  1.4440e+02     1.602442e+00
  1.4460e+02     1.590837e+00
  1.4480e+02     1.579320e+00
  1.4500e+02     1.567890e+00
  1.4520e+02     1.556546e+00
  1.4540e+02     1.545289e+00
  1.4560e+02     1.534117e+00
  1.4580e+02     1.523030e+00
  1.4600e+02     1.512027e+00
  1.4620e+02     1.501107e+00
  1.4640e+02     1.490270e+00
  1.4660e+02     1.479515e+00
  1.4680e+02     1.468841e+00
  1.4700e+02     1.458248e+00
  1.4720e+02     1.447735e+00
  1.4740e+02     1.437301e+00
  1.4760e+02     1.426947e+00
  1.4780e+02     1.416670e+00
  1.4800e+02     1.406471e+00
  1.4820e+02     1.396349e+00
  1.4840e+02     1.386304e+00
  1.4860e+02     1.376334e+00
  1.4880e+02     1.366440e+00
  1.4900e+02     1.356620e+00
  1.4920e+02     1.346874e+00
  1.4940e+02     1.337202e+00
  1.4960e+02     1.327602e+00
  1.4980e+02     1.318075e+00
  1.5000e+02     1.308619e+00
  1.5020e+02     1.299234e+00
  1.5040e+02     1.289921e+00
  1.5060e+02     1.280677e+00
  1.5080e+02     1.271502e+00
  1.5100e+02     1.262397e+00
  1.5120e+02     1.253360e+00
  1.5140e+02     1.244391e+00
  1.5160e+02     1.235489e+00
  1.5180e+02     1.226654e+00
  1.5200e+02     1.217885e+00
  1.5220e+02     1.209182e+00
  1.5240e+02     1.200544e+00
  1.5260e+02     1.191971e+00
  1.5280e+02     1.183462e+00
  1.5300e+02     1.175017e+00
  1.5320e+02     1.166635e+00
  1.5340e+02     1.158316e+00
  1.5360e+02     1.150059e+00
  1.5380e+02     1.141864e+00
  1.5400e+02     1.133730e+00
  1.5420e+02     1.125657e+00
  1.5440e+02     1.117645e+00
  1.5460e+02     1.109692e+00
  1.5480e+02     1.101798e+00
  1.5500e+02     1.093964e+00
  1.5520e+02     1.086188e+00
  1.5540e+02     1.078470e+00
  1.5560e+02     1.070809e+00
  1.5580e+02     1.063206e+00
  1.5600e+02     1.055659e+00
  1.5620e+02     1.048168e+00
  1.5640e+02     1.040734e+00
  1.5660e+02     1.033354e+00
  1.5680e+02     1.026030e+00
  1.5700e+02     1.018760e+00
  1.5720e+02     1.011544e+00
  1.5740e+02     1.004381e+00
  1.5760e+02     9.972729e-01
  1.5780e+02     9.902167e-01
  1.5800e+02     9.832129e-01
  1.5820e+02     9.762611e-01
  1.5840e+02     9.693609e-01
  1.5860e+02     9.625119e-01
  1.5880e+02     9.557137e-01
  1.5900e+02     9.489659e-01
  1.5920e+02     9.422681e-01
  1.5940e+02     9.356200e-01
  1.5960e+02     9.290211e-01
  1.5980e+02     9.224711e-01
  1.6000e+02     9.159695e-01
  1.6020e+02     9.095161e-01
  1.6040e+02     9.031104e-01
  1.6060e+02     8.967521e-01
  1.6080e+02     8.904408e-01
  1.6100e+02     8.841761e-01
  1.6120e+02     8.779578e-01
  1.6140e+02     8.717853e-01
  1.6160e+02     8.656584e-01
  1.6180e+02     8.595768e-01
  1.6200e+02     8.535400e-01
  1.6220e+02     8.475477e-01
  1.6240e+02     8.415996e-01
  1.6260e+02     8.356954e-01
  1.6280e+02     8.298347e-01
  1.6300e+02     8.240171e-01
  1.6320e+02     8.182424e-01
  1.6340e+02     8.125101e-01
  1.6360e+02     8.068201e-01
  1.6380e+02     8.011719e-01
  1.6400e+02     7.955652e-01
  1.6420e+02     7.899998e-01
  1.6440e+02     7.844752e-01
  1.6460e+02     7.789913e-01
  1.6480e+02     7.735476e-01
  1.6500e+02     7.681439e-01
  1.6520e+02     7.627798e-01
  1.6540e+02     7.574551e-01
  1.6560e+02     7.521694e-01
  1.6580e+02     7.469225e-01
  1.6600e+02     7.417140e-01
  1.6620e+02     7.365437e-01
  1.6640e+02     7.314113e-01
  1.6660e+02     7.263164e-01
  1.6680e+02     7.212588e-01
  1.6700e+02     7.162382e-01
  1.6720e+02     7.112544e-01
  1.6740e+02     7.063070e-01
  1.6760e+02     7.013957e-01
  1.6780e+02     6.965204e-01
  1.6800e+02     6.916806e-01
  1.6820e+02     6.868762e-01
  1.6840e+02     6.821068e-01
  1.6860e+02     6.773723e-01
  1.6880e+02     6.726723e-01
  1.6900e+02     6.680065e-01
  1.6920e+02     6.633748e-01
  1.6940e+02     6.587768e-01
  1.6960e+02     6.542123e-01
  1.6980e+02     6.496811e-01
  1.7000e+02     6.451828e-01
  1.7020e+02     6.407173e-01
  1.7040e+02     6.362842e-01
  1.7060e+02     6.318834e-01
  1.7080e+02     6.275146e-01
  1.7100e+02     6.231775e-01
  1.7120e+02     6.188720e-01
  1.7140e+02     6.145977e-01
  1.7160e+02     6.103545e-01
  1.7180e+02     6.061420e-01
  1.7200e+02     6.019601e-01
  1.7220e+02     5.978085e-01
  1.7240e+02     5.936871e-01
  1.7260e+02     5.895955e-01
  1.7280e+02     5.855335e-01
  1.7300e+02     5.815010e-01
  1.7320e+02     5.774977e-01
  1.7340e+02     5.735233e-01
  1.7360e+02     5.695777e-01
  1.7380e+02     5.656606e-01
  1.7400e+02     5.617719e-01
  1.7420e+02     5.579113e-01
  1.7440e+02     5.540785e-01
  1.7460e+02     5.502735e-01
  1.7480e+02     5.464959e-01
  1.7500e+02     5.427456e-01
  1.7520e+02     5.390223e-01
  1.7540e+02     5.353260e-01
  1.7560e+02     5.316562e-01
  1.7580e+02     5.280130e-01
  1.7600e+02     5.243959e-01
  1.7620e+02     5.208050e-01
  1.7640e+02     5.172399e-01
  1.7660e+02     5.137004e-01
  1.7680e+02     5.101864e-01
  1.7700e+02     5.066978e-01
  1.7720e+02     5.032342e-01
  1.7740e+02     4.997955e-01
  1.7760e+02     4.963815e-01
  1.7780e+02     4.929920e-01
  1.7800e+02     4.896269e-01
  1.7820e+02     4.862859e-01
  1.7840e+02     4.829690e-01
  1.7860e+02     4.796758e-01
  1.7880e+02     4.764062e-01
  1.7900e+02     4.731601e-01
  1.7920e+02     4.699372e-01
  1.7940e+02     4.667375e-01
  1.7960e+02     4.635606e-01
  1.7980e+02     4.604065e-01
  1.8000e+02     4.572750e-01
  1.8020e+02     4.541659e-01
  1.8040e+02     4.510790e-01
  1.8060e+02     4.480142e-01
  1.8080e+02     4.449713e-01
  1.8100e+02     4.419502e-01
  1.8120e+02     4.389506e-01
  1.8140e+02     4.359725e-01
  1.8160e+02     4.330156e-01
  1.8180e+02     4.300798e-01
  1.8200e+02     4.271649e-01
  1.8220e+02     4.242708e-01
  1.8240e+02     4.213974e-01
  1.8260e+02     4.185445e-01
  1.8280e+02     4.157118e-01
  1.8300e+02     4.128994e-01
  1.8320e+02     4.101069e-01
  1.8340e+02     4.073343e-01
  1.8360e+02     4.045815e-01
  1.8380e+02     4.018482e-01
  1.8400e+02     3.991344e-01
  1.8420e+02     3.964399e-01
  1.8440e+02     3.937645e-01
  1.8460e+02     3.911081e-01
  1.8480e+02     3.884705e-01
  1.8500e+02     3.858517e-01
  1.8520e+02     3.832514e-01
  1.8540e+02     3.806696e-01
  1.8560e+02     3.781061e-01
  1.8580e+02     3.755608e-01
  1.8600e+02     3.730335e-01
  1.8620e+02     3.705241e-01
  1.8640e+02     3.680325e-01
  1.8660e+02     3.655585e-01
  1.8680e+02     3.631020e-01
  1.8700e+02     3.606629e-01
  1.8720e+02     3.582411e-01
  1.8740e+02     3.558363e-01
  1.8760e+02     3.534486e-01
  1.8780e+02     3.510777e-01
  1.8800e+02     3.487236e-01
  1.8820e+02     3.463860e-01
  1.8840e+02     3.440650e-01
  1.8860e+02     3.417603e-01
  1.8880e+02     3.394719e-01
  1.8900e+02     3.371997e-01
  1.8920e+02     3.349434e-01
  1.8940e+02     3.327030e-01
  1.8960e+02     3.304784e-01
  1.8980e+02     3.282695e-01
  1.9000e+02     3.260761e-01
  1.9020e+02     3.238982e-01
  1.9040e+02     3.217355e-01
  1.9060e+02     3.195881e-01
  1.9080e+02     3.174558e-01
  1.9100e+02     3.153384e-01
  1.9120e+02     3.132359e-01
  1.9140e+02     3.111482e-01
  1.9160e+02     3.090751e-01
  1.9180e+02     3.070166e-01
  1.9200e+02     3.049725e-01
  1.9220e+02     3.029427e-01
  1.9240e+02     3.009272e-01
  1.9260e+02     2.989258e-01
  1.9280e+02     2.969384e-01
  1.9300e+02     2.949649e-01
  1.9320e+02     2.930052e-01
  1.9340e+02     2.910593e-01
  1.9360e+02     2.891269e-01
  1.9380e+02     2.872081e-01
  1.9400e+02     2.853027e-01
  1.9420e+02     2.834106e-01
  1.9440e+02     2.815317e-01
  1.9460e+02     2.796659e-01
  1.9480e+02     2.778131e-01
  1.9500e+02     2.759733e-01
  1.9520e+02     2.741463e-01
  1.9540e+02     2.723321e-01
  1.9560e+02     2.705305e-01
  1.9580e+02     2.687414e-01
  1.9600e+02     2.669649e-01
  1.9620e+02     2.652007e-01
  1.9640e+02     2.634487e-01
  1.9660e+02     2.617090e-01
  1.9680e+02     2.599814e-01
  1.9700e+02     2.582657e-01
  1.9720e+02     2.565620e-01
  1.9740e+02     2.548702e-01
  1.9760e+02     2.531901e-01
  1.9780e+02     2.515217e-01
  1.9800e+02     2.498648e-01
  1.9820e+02     2.482195e-01
  1.9840e+02     2.465855e-01
  1.9860e+02     2.449629e-01
  1.9880e+02     2.433516e-01
  1.9900e+02     2.417514e-01
  1.9920e+02     2.401623e-01
  1.9940e+02     2.385842e-01
  1.9960e+02     2.370170e-01
  1.9980e+02     2.354607e-01
  2.0000e+02     2.339152e-01
  2.0020e+02     2.323803e-01
  2.0040e+02     2.308561e-01
  2.0060e+02     2.293423e-01
  2.0080e+02     2.278391e-01
  2.0100e+02     2.263462e-01
  2.0120e+02     2.248637e-01
  2.0140e+02     2.233913e-01
  2.0160e+02     2.219292e-01
  2.0180e+02     2.204771e-01
  2.0200e+02     2.190350e-01
  2.0220e+02     2.176029e-01
  2.0240e+02     2.161806e-01
  2.0260e+02     2.147682e-01
  2.0280e+02     2.133654e-01
  2.0300e+02     2.119724e-01
  2.0320e+02     2.105889e-01
  2.0340e+02     2.092149e-01
  2.0360e+02     2.078504e-01
  2.0380e+02     2.064952e-01
  2.0400e+02     2.051494e-01
  2.0420e+02     2.038128e-01
  2.0440e+02     2.024854e-01
  2.0460e+02     2.011671e-01
  2.0480e+02     1.998579e-01
  2.0500e+02     1.985576e-01
  2.0520e+02     1.972662e-01
  2.0540e+02     1.959837e-01
  2.0560e+02     1.947100e-01
  2.0580e+02     1.934451e-01
  2.0600e+02     1.921887e-01
  2.0620e+02     1.909410e-01
  2.0640e+02     1.897019e-01
  2.0660e+02     1.884712e-01
  2.0680e+02     1.872489e-01
  2.0700e+02     1.860350e-01
  2.0720e+02     1.848294e-01
  2.0740e+02     1.836320e-01
  2.0760e+02     1.824428e-01
  2.0780e+02     1.812617e-01
  2.0800e+02     1.800887e-01
  2.0820e+02     1.789236e-01
  2.0840e+02     1.777666e-01
  2.0860e+02     1.766174e-01
  2.0880e+02     1.754760e-01
  2.0900e+02     1.743425e-01
  2.0920e+02     1.732166e-01
  2.0940e+02     1.720984e-01
  2.0960e+02     1.709879e-01
  2.0980e+02     1.698848e-01
  2.1000e+02     1.687893e-01
  2.1020e+02     1.677013e-01
  2.1040e+02     1.666206e-01
  2.1060e+02     1.655473e-01
  2.1080e+02     1.644813e-01
  2.1100e+02     1.634225e-01
  2.1120e+02     1.623709e-01
  2.1140e+02     1.613264e-01
  2.1160e+02     1.602890e-01
  2.1180e+02     1.592587e-01
  2.1200e+02     1.582353e-01
  2.1220e+02     1.572189e-01
  2.1240e+02     1.562094e-01
  2.1260e+02     1.552067e-01
  2.1280e+02     1.542108e-01
  2.1300e+02     1.532216e-01
  2.1320e+02     1.522391e-01
  2.1340e+02     1.512633e-01
  2.1360e+02     1.502941e-01
  2.1380e+02     1.493314e-01
  2.1400e+02     1.483752e-01
  2.1420e+02     1.474255e-01
  2.1440e+02     1.464822e-01
  2.1460e+02     1.455453e-01
  2.1480e+02     1.446147e-01
  2.1500e+02     1.436903e-01
  2.1520e+02     1.427722e-01
  2.1540e+02     1.418603e-01
  2.1560e+02     1.409545e-01
  2.1580e+02     1.400549e-01
  2.1600e+02     1.391613e-01
  2.1620e+02     1.382737e-01
  2.1640e+02     1.373920e-01
  2.1660e+02     1.365164e-01
  2.1680e+02     1.356466e-01
  2.1700e+02     1.347826e-01
  2.1720e+02     1.339245e-01
  2.1740e+02     1.330721e-01
  2.1760e+02     1.322254e-01
  2.1780e+02     1.313844e-01
  2.1800e+02     1.305491e-01
  2.1820e+02     1.297194e-01
  2.1840e+02     1.288952e-01
  2.1860e+02     1.280766e-01
  2.1880e+02     1.272634e-01
  2.1900e+02     1.264557e-01
  2.1920e+02     1.256534e-01
  2.1940e+02     1.248565e-01
  2.1960e+02     1.240649e-01
  2.1980e+02     1.232786e-01
  2.2000e+02     1.224976e-01
  2.2020e+02     1.217218e-01
  2.2040e+02     1.209512e-01
  2.2060e+02     1.201857e-01
  2.2080e+02     1.194254e-01
  2.2100e+02     1.186701e-01
  2.2120e+02     1.179198e-01
  2.2140e+02     1.171746e-01
  2.2160e+02     1.164343e-01
  2.2180e+02     1.156990e-01
  2.2200e+02     1.149686e-01
  2.2220e+02     1.142430e-01
  2.2240e+02     1.135223e-01
  2.2260e+02     1.128064e-01
  2.2280e+02     1.120952e-01
  2.2300e+02     1.113888e-01
  2.2320e+02     1.106871e-01
  2.2340e+02     1.099900e-01
  2.2360e+02     1.092976e-01
  2.2380e+02     1.086097e-01
  2.2400e+02     1.079265e-01
  2.2420e+02     1.072478e-01
  2.2440e+02     1.065736e-01
  2.2460e+02     1.059038e-01
  2.2480e+02     1.052385e-01
  2.2500e+02     1.045777e-01
  2.2520e+02     1.039212e-01
  2.2540e+02     1.032690e-01
  2.2560e+02     1.026212e-01
  2.2580e+02     1.019777e-01
  2.2600e+02     1.013384e-01
  2.2620e+02     1.007033e-01
  2.2640e+02     1.000725e-01
  2.2660e+02     9.944582e-02
  2.2680e+02     9.882330e-02
  2.2700e+02     9.820489e-02
  2.2720e+02     9.759057e-02
  2.2740e+02     9.698030e-02
  2.2760e+02     9.637407e-02
  2.2780e+02     9.577183e-02
  2.2800e+02     9.517357e-02
  2.2820e+02     9.457926e-02
  2.2840e+02     9.398887e-02
  2.2860e+02     9.340236e-02
  2.2880e+02     9.281973e-02
  2.2900e+02     9.224093e-02
  2.2920e+02     9.166594e-02
  2.2940e+02     9.109474e-02
  2.2960e+02     9.052730e-02
  2.2980e+02     8.996359e-02
  2.3000e+02     8.940359e-02
  2.3020e+02     8.884727e-02
  2.3040e+02     8.829461e-02
  2.3060e+02     8.774557e-02
  2.3080e+02     8.720015e-02
  2.3100e+02     8.665830e-02
  2.3120e+02     8.612001e-02
  2.3140e+02     8.558526e-02
  2.3160e+02     8.505401e-02
  2.3180e+02     8.452624e-02
  2.3200e+02     8.400193e-02
  2.3220e+02     8.348106e-02
  2.3240e+02     8.296360e-02
  2.3260e+02     8.244953e-02
  2.3280e+02     8.193882e-02
  2.3300e+02     8.143146e-02
  2.3320e+02     8.092742e-02
  2.3340e+02     8.042667e-02
  2.3360e+02     7.992919e-02
  2.3380e+02     7.943496e-02
  2.3400e+02     7.894397e-02
  2.3420e+02     7.845618e-02
  2.3440e+02     7.797157e-02
  2.3460e+02     7.749013e-02
  2.3480e+02     7.701183e-02
  2.3500e+02     7.653664e-02
  2.3520e+02     7.606456e-02
  2.3540e+02     7.559555e-02
  2.3560e+02     7.512960e-02
  2.3580e+02     7.466668e-02
  2.3600e+02     7.420677e-02
  2.3620e+02     7.374986e-02
  2.3640e+02     7.329593e-02
  2.3660e+02     7.284494e-02
  2.3680e+02     7.239689e-02
  2.3700e+02     7.195175e-02
  2.3720e+02     7.150950e-02
  2.3740e+02     7.107012e-02
  2.3760e+02     7.063360e-02
  2.3780e+02     7.019991e-02
  2.3800e+02     6.976903e-02
  2.3820e+02     6.934095e-02
  2.3840e+02     6.891565e-02
  2.3860e+02     6.849310e-02
  2.3880e+02     6.807329e-02
  2.3900e+02     6.765620e-02
  2.3920e+02     6.724181e-02
  2.3940e+02     6.683010e-02
  2.3960e+02     6.642106e-02
  2.3980e+02     6.601466e-02
  2.4000e+02     6.561089e-02
  2.4020e+02     6.520974e-02
  2.4040e+02     6.481117e-02
  2.4060e+02     6.441518e-02
  2.4080e+02     6.402175e-02
  2.4100e+02     6.363086e-02
  2.4120e+02     6.324249e-02
  2.4140e+02     6.285662e-02
  2.4160e+02     6.247325e-02
  2.4180e+02     6.209234e-02
  2.4200e+02     6.171389e-02
  2.4220e+02     6.133788e-02
  2.4240e+02     6.096430e-02
  2.4260e+02     6.059311e-02
  2.4280e+02     6.022432e-02
  2.4300e+02     5.985790e-02
  2.4320e+02     5.949384e-02
  2.4340e+02     5.913211e-02
  2.4360e+02     5.877272e-02
  2.4380e+02     5.841563e-02
  2.4400e+02     5.806084e-02
  2.4420e+02     5.770832e-02
  2.4440e+02     5.735807e-02
  2.4460e+02     5.701006e-02
  2.4480e+02     5.666429e-02
  2.4500e+02     5.632074e-02
  2.4520e+02     5.597938e-02
  2.4540e+02     5.564022e-02
  2.4560e+02     5.530323e-02
  2.4580e+02     5.496839e-02
  2.4600e+02     5.463570e-02
  2.4620e+02     5.430514e-02
  2.4640e+02     5.397670e-02
  2.4660e+02     5.365035e-02
  2.4680e+02     5.332609e-02
  2.4700e+02     5.300391e-02
  2.4720e+02     5.268378e-02
  2.4740e+02     5.236570e-02
  2.4760e+02     5.204965e-02
  2.4780e+02     5.173561e-02
  2.4800e+02     5.142358e-02
  2.4820e+02     5.111354e-02
  2.4840e+02     5.080548e-02
  2.4860e+02     5.049938e-02
  2.4880e+02     5.019523e-02
  2.4900e+02     4.989302e-02
  2.4920e+02     4.959273e-02
  2.4940e+02     4.929436e-02
  2.4960e+02     4.899788e-02
  2.4980e+02     4.870329e-02
  2.5000e+02     4.841058e-02
  2.5020e+02     4.811972e-02
  2.5040e+02     4.783071e-02
  2.5060e+02     4.754354e-02
  2.5080e+02     4.725820e-02
  2.5100e+02     4.697466e-02
  2.5120e+02     4.669292e-02
  2.5140e+02     4.641298e-02
  2.5160e+02     4.613480e-02
  2.5180e+02     4.585839e-02
  2.5200e+02     4.558374e-02
  2.5220e+02     4.531082e-02
  2.5240e+02     4.503963e-02
  2.5260e+02     4.477016e-02
  2.5280e+02     4.450240e-02
  2.5300e+02     4.423633e-02
  2.5320e+02     4.397194e-02
  2.5340e+02     4.370922e-02
  2.5360e+02     4.344817e-02
  2.5380e+02     4.318876e-02
  2.5400e+02     4.293099e-02
  2.5420e+02     4.267486e-02
  2.5440e+02     4.242033e-02
  2.5460e+02     4.216742e-02
  2.5480e+02     4.191610e-02
  2.5500e+02     4.166636e-02
  2.5520e+02     4.141820e-02
  2.5540e+02     4.117161e-02
  2.5560e+02     4.092656e-02
  2.5580e+02     4.068306e-02
  2.5600e+02     4.044110e-02
  2.5620e+02     4.020065e-02
  2.5640e+02     3.996172e-02
  2.5660e+02     3.972430e-02
  2.5680e+02     3.948836e-02
  2.5700e+02     3.925391e-02
  2.5720e+02     3.902093e-02
  2.5740e+02     3.878941e-02
  2.5760e+02     3.855935e-02
  2.5780e+02     3.833074e-02
  2.5800e+02     3.810355e-02
  2.5820e+02     3.787780e-02
  2.5840e+02     3.765345e-02
  2.5860e+02     3.743052e-02
  2.5880e+02     3.720898e-02
  2.5900e+02     3.698883e-02
  2.5920e+02     3.677006e-02
  2.5940e+02     3.655266e-02
  2.5960e+02     3.633661e-02
  2.5980e+02     3.612193e-02
  2.6000e+02     3.590858e-02
  2.6020e+02     3.569656e-02
  2.6040e+02     3.548588e-02
  2.6060e+02     3.527651e-02
  2.6080e+02     3.506844e-02
  2.6100e+02     3.486168e-02
  2.6120e+02     3.465620e-02
  2.6140e+02     3.445201e-02
  2.6160e+02     3.424909e-02
  2.6180e+02     3.404744e-02
  2.6200e+02     3.384704e-02
  2.6220e+02     3.364790e-02
  2.6240e+02     3.344999e-02
  2.6260e+02     3.325331e-02
  2.6280e+02     3.305786e-02
  2.6300e+02     3.286363e-02
  2.6320e+02     3.267061e-02
  2.6340e+02     3.247878e-02
  2.6360e+02     3.228815e-02
  2.6380e+02     3.209870e-02
  2.6400e+02     3.191043e-02
  2.6420e+02     3.172333e-02
  2.6440e+02     3.153739e-02
  2.6460e+02     3.135260e-02
  2.6480e+02     3.116896e-02
  2.6500e+02     3.098646e-02
  2.6520e+02     3.080510e-02
  2.6540e+02     3.062485e-02
  2.6560e+02     3.044572e-02
  2.6580e+02     3.026771e-02
  2.6600e+02     3.009079e-02
  2.6620e+02     2.991497e-02
  2.6640e+02     2.974024e-02
  2.6660e+02     2.956659e-02
  2.6680e+02     2.939401e-02
  2.6700e+02     2.922250e-02
  2.6720e+02     2.905205e-02
  2.6740e+02     2.888265e-02
  2.6760e+02     2.871430e-02
  2.6780e+02     2.854699e-02
  2.6800e+02     2.838071e-02
  2.6820e+02     2.821545e-02
  2.6840e+02     2.805122e-02
  2.6860e+02     2.788800e-02
  2.6880e+02     2.772578e-02
  2.6900e+02     2.756456e-02
  2.6920e+02     2.740434e-02
  2.6940e+02     2.724510e-02
  2.6960e+02     2.708685e-02
  2.6980e+02     2.692956e-02
  2.7000e+02     2.677325e-02
  2.7020e+02     2.661789e-02
  2.7040e+02     2.646349e-02
  2.7060e+02     2.631004e-02
  2.7080e+02     2.615754e-02
  2.7100e+02     2.600596e-02
  2.7120e+02     2.585532e-02
  2.7140e+02     2.570561e-02
  2.7160e+02     2.555681e-02
  2.7180e+02     2.540892e-02
  2.7200e+02     2.526194e-02
  2.7220e+02     2.511587e-02
  2.7240e+02     2.497068e-02
  2.7260e+02     2.482639e-02
  2.7280e+02     2.468298e-02
  2.7300e+02     2.454045e-02
  2.7320e+02     2.439879e-02
  2.7340e+02     2.425799e-02
  2.7360e+02     2.411806e-02
  2.7380e+02     2.397898e-02
  2.7400e+02     2.384076e-02
  2.7420e+02     2.370337e-02
  2.7440e+02     2.356683e-02
  2.7460e+02     2.343112e-02
  2.7480e+02     2.329623e-02
  2.7500e+02     2.316217e-02
  2.7520e+02     2.302893e-02
  2.7540e+02     2.289650e-02
  2.7560e+02     2.276488e-02
  2.7580e+02     2.263406e-02
  2.7600e+02     2.250403e-02
  2.7620e+02     2.237480e-02
  2.7640e+02     2.224635e-02
  2.7660e+02     2.211869e-02
  2.7680e+02     2.199180e-02
  2.7700e+02     2.186569e-02
  2.7720e+02     2.174034e-02
  2.7740e+02     2.161575e-02
  2.7760e+02     2.149192e-02
  2.7780e+02     2.136884e-02
  2.7800e+02     2.124650e-02
  2.7820e+02     2.112491e-02
  2.7840e+02     2.100406e-02
  2.7860e+02     2.088394e-02
  2.7880e+02     2.076455e-02
  2.7900e+02     2.064588e-02
  2.7920e+02     2.052793e-02
  2.7940e+02     2.041070e-02
  2.7960e+02     2.029417e-02
  2.7980e+02     2.017835e-02
  2.8000e+02     2.006324e-02
  2.8020e+02     1.994881e-02
  2.8040e+02     1.983508e-02
  2.8060e+02     1.972204e-02
  2.8080e+02     1.960968e-02
  2.8100e+02     1.949800e-02
  2.8120e+02     1.938699e-02
  2.8140e+02     1.927665e-02
  2.8160e+02     1.916698e-02
  2.8180e+02     1.905797e-02
  2.8200e+02     1.894962e-02
  2.8220e+02     1.884192e-02
  2.8240e+02     1.873487e-02
  2.8260e+02     1.862846e-02
  2.8280e+02     1.852270e-02
  2.8300e+02     1.841757e-02
  2.8320e+02     1.831308e-02
  2.8340e+02     1.820921e-02
  2.8360e+02     1.810597e-02
  2.8380e+02     1.800335e-02
  2.8400e+02     1.790134e-02
  2.8420e+02     1.779995e-02
  2.8440e+02     1.769917e-02
  2.8460e+02     1.759899e-02
  2.8480e+02     1.749941e-02
  2.8500e+02     1.740044e-02
  2.8520e+02     1.730205e-02
  2.8540e+02     1.720426e-02
  2.8560e+02     1.710705e-02
  2.8580e+02     1.701042e-02
  2.8600e+02     1.691438e-02
  2.8620e+02     1.681890e-02
  2.8640e+02     1.672400e-02
  2.8660e+02     1.662967e-02
  2.8680e+02     1.653590e-02
  2.8700e+02     1.644270e-02
  2.8720e+02     1.635005e-02
  2.8740e+02     1.625795e-02
  2.8760e+02     1.616640e-02
  2.8780e+02     1.607541e-02
  2.8800e+02     1.598495e-02
  2.8820e+02     1.589503e-02
  2.8840e+02     1.580565e-02
  2.8860e+02     1.571681e-02
  2.8880e+02     1.562849e-02
  2.8900e+02     1.554070e-02
  2.8920e+02     1.545344e-02
  2.8940e+02     1.536669e-02
  2.8960e+02     1.528046e-02
  2.8980e+02     1.519474e-02
  2.9000e+02     1.510954e-02
  2.9020e+02     1.502484e-02
  2.9040e+02     1.494064e-02
  2.9060e+02     1.485694e-02
  2.9080e+02     1.477375e-02
  2.9100e+02     1.469104e-02
  2.9120e+02     1.460883e-02
  2.9140e+02     1.452711e-02
  2.9160e+02     1.444587e-02
  2.9180e+02     1.436511e-02
  2.9200e+02     1.428483e-02
  2.9220e+02     1.420503e-02
  2.9240e+02     1.412570e-02
  2.9260e+02     1.404684e-02
  2.9280e+02     1.396845e-02
  2.9300e+02     1.389052e-02
  2.9320e+02     1.381306e-02
  2.9340e+02     1.373605e-02
  2.9360e+02     1.365950e-02
  2.9380e+02     1.358340e-02
  2.9400e+02     1.350775e-02
  2.9420e+02     1.343254e-02
  2.9440e+02     1.335779e-02
  2.9460e+02     1.328347e-02
  2.9480e+02     1.320959e-02
  2.9500e+02     1.313615e-02
  2.9520e+02     1.306314e-02
  2.9540e+02     1.299057e-02
  2.9560e+02     1.291842e-02
  2.9580e+02     1.284669e-02
  2.9600e+02     1.277539e-02
  2.9620e+02     1.270451e-02
  2.9640e+02     1.263405e-02
  2.9660e+02     1.256400e-02
  2.9680e+02     1.249436e-02
  2.9700e+02     1.242513e-02
  2.9720e+02     1.235631e-02
  2.9740e+02     1.228790e-02
  2.9760e+02     1.221988e-02
  2.9780e+02     1.215227e-02
  2.9800e+02     1.208505e-02
  2.9820e+02     1.201823e-02
  2.9840e+02     1.195180e-02
  2.9860e+02     1.188576e-02
  2.9880e+02     1.182011e-02
  2.9900e+02     1.175484e-02
  2.9920e+02     1.168996e-02
  2.9940e+02     1.162545e-02
  2.9960e+02     1.156133e-02
  2.9980e+02     1.149757e-02
  3.0000e+02     1.143420e-02
  3.0020e+02     1.137119e-02
  3.0040e+02     1.130855e-02
  3.0060e+02     1.124628e-02
  3.0080e+02     1.118437e-02
  3.0100e+02     1.112282e-02
  3.0120e+02     1.106164e-02
  3.0140e+02     1.100081e-02
  3.0160e+02     1.094034e-02
  3.0180e+02     1.088021e-02
  3.0200e+02     1.082044e-02
  3.0220e+02     1.076102e-02
  3.0240e+02     1.070195e-02
  3.0260e+02     1.064322e-02
  3.0280e+02     1.058483e-02
  3.0300e+02     1.052678e-02
  3.0320e+02     1.046907e-02
  3.0340e+02     1.041170e-02
  3.0360e+02     1.035466e-02
  3.0380e+02     1.029795e-02
  3.0400e+02     1.024157e-02
  3.0420e+02     1.018552e-02
  3.0440e+02     1.012980e-02
  3.0460e+02     1.007440e-02
  3.0480e+02     1.001932e-02
  3.0500e+02     9.964557e-03
  3.0520e+02     9.910116e-03
  3.0540e+02     9.855990e-03
  3.0560e+02     9.802179e-03
  3.0580e+02     9.748680e-03
  3.0600e+02     9.695490e-03
  3.0620e+02     9.642609e-03
  3.0640e+02     9.590035e-03
  3.0660e+02     9.537765e-03
  3.0680e+02     9.485797e-03
  3.0700e+02     9.434130e-03
  3.0720e+02     9.382763e-03
  3.0740e+02     9.331692e-03
  3.0760e+02     9.280917e-03
  3.0780e+02     9.230435e-03
  3.0800e+02     9.180245e-03
  3.0820e+02     9.130345e-03
  3.0840e+02     9.080733e-03
  3.0860e+02     9.031407e-03
  3.0880e+02     8.982366e-03
  3.0900e+02     8.933608e-03
  3.0920e+02     8.885131e-03
  3.0940e+02     8.836934e-03
  3.0960e+02     8.789014e-03
  3.0980e+02     8.741371e-03
  3.1000e+02     8.694002e-03
  3.1020e+02     8.646906e-03
  3.1040e+02     8.600080e-03
  3.1060e+02     8.553525e-03
  3.1080e+02     8.507237e-03
  3.1100e+02     8.461215e-03
  3.1120e+02     8.415457e-03
  3.1140e+02     8.369963e-03
  3.1160e+02     8.324730e-03
  3.1180e+02     8.279757e-03
  3.1200e+02     8.235042e-03
  3.1220e+02     8.190584e-03
  3.1240e+02     8.146380e-03
  3.1260e+02     8.102431e-03
  3.1280e+02     8.058733e-03
  3.1300e+02     8.015285e-03
  3.1320e+02     7.972087e-03
  3.1340e+02     7.929136e-03
  3.1360e+02     7.886431e-03
  3.1380e+02     7.843970e-03
  3.1400e+02     7.801753e-03
  3.1420e+02     7.759777e-03
  3.1440e+02     7.718041e-03
  3.1460e+02     7.676543e-03
  3.1480e+02     7.635283e-03
  3.1500e+02     7.594258e-03
  3.1520e+02     7.553468e-03
  3.1540e+02     7.512911e-03
  3.1560e+02     7.472585e-03
  3.1580e+02     7.432489e-03
  3.1600e+02     7.392622e-03
  3.1620e+02     7.352982e-03
  3.1640e+02     7.313568e-03
  3.1660e+02     7.274379e-03
  3.1680e+02     7.235413e-03
  3.1700e+02     7.196669e-03
  3.1720e+02     7.158145e-03
  3.1740e+02     7.119841e-03
  3.1760e+02     7.081754e-03
  3.1780e+02     7.043885e-03
  3.1800e+02     7.006230e-03
  3.1820e+02     6.968789e-03
  3.1840e+02     6.931562e-03
  3.1860e+02     6.894545e-03
  3.1880e+02     6.857739e-03
  3.1900e+02     6.821142e-03
  3.1920e+02     6.784752e-03
  3.1940e+02     6.748569e-03
  3.1960e+02     6.712591e-03
  3.1980e+02     6.676817e-03
  3.2000e+02     6.641246e-03
  3.2020e+02     6.605876e-03
  3.2040e+02     6.570706e-03
  3.2060e+02     6.535736e-03
  3.2080e+02     6.500963e-03
  3.2100e+02     6.466387e-03
  3.2120e+02     6.432007e-03
  3.2140e+02     6.397821e-03
  3.2160e+02     6.363829e-03
  3.2180e+02     6.330028e-03
  3.2200e+02     6.296419e-03
  3.2220e+02     6.262999e-03
  3.2240e+02     6.229768e-03
  3.2260e+02     6.196724e-03
  3.2280e+02     6.163867e-03
  3.2300e+02     6.131195e-03
  3.2320e+02     6.098707e-03
  3.2340e+02     6.066402e-03
  3.2360e+02     6.034280e-03
  3.2380e+02     6.002338e-03
  3.2400e+02     5.970576e-03
  3.2420e+02     5.938993e-03
  3.2440e+02     5.907587e-03
  3.2460e+02     5.876359e-03
  3.2480e+02     5.845305e-03
  3.2500e+02     5.814427e-03
  3.2520e+02     5.783722e-03
  3.2540e+02     5.753189e-03
  3.2560e+02     5.722828e-03
  3.2580e+02     5.692637e-03
  3.2600e+02     5.662616e-03
  3.2620e+02     5.632763e-03
  3.2640e+02     5.603077e-03
  3.2660e+02     5.573558e-03
  3.2680e+02     5.544205e-03
  3.2700e+02     5.515016e-03
  3.2720e+02     5.485990e-03
  3.2740e+02     5.457127e-03
  3.2760e+02     5.428426e-03
  3.2780e+02     5.399885e-03
  3.2800e+02     5.371504e-03
  3.2820e+02     5.343281e-03
  3.2840e+02     5.315216e-03
  3.2860e+02     5.287308e-03
  3.2880e+02     5.259556e-03
  3.2900e+02     5.231959e-03
  3.2920e+02     5.204516e-03
  3.2940e+02     5.177227e-03
  3.2960e+02     5.150089e-03
  3.2980e+02     5.123103e-03
  3.3000e+02     5.096267e-03
  3.3020e+02     5.069581e-03
  3.3040e+02     5.043044e-03
  3.3060e+02     5.016654e-03
  3.3080e+02     4.990412e-03
  3.3100e+02     4.964315e-03
  3.3120e+02     4.938364e-03
  3.3140e+02     4.912557e-03
  3.3160e+02     4.886894e-03
  3.3180e+02     4.861373e-03
  3.3200e+02     4.835994e-03
  3.3220e+02     4.810757e-03
  3.3240e+02     4.785659e-03
  3.3260e+02     4.760701e-03
  3.3280e+02     4.735881e-03
  3.3300e+02     4.711199e-03
  3.3320e+02     4.686654e-03
  3.3340e+02     4.662245e-03
  3.3360e+02     4.637971e-03
  3.3380e+02     4.613832e-03
  3.3400e+02     4.589826e-03
  3.3420e+02     4.565954e-03
  3.3440e+02     4.542214e-03
  3.3460e+02     4.518605e-03
  3.3480e+02     4.495127e-03
  3.3500e+02     4.471778e-03
  3.3520e+02     4.448559e-03
  3.3540e+02     4.425468e-03
  3.3560e+02     4.402504e-03
  3.3580e+02     4.379668e-03
  3.3600e+02     4.356958e-03
  3.3620e+02     4.334372e-03
  3.3640e+02     4.311912e-03
  3.3660e+02     4.289576e-03
  3.3680e+02     4.267362e-03
  3.3700e+02     4.245272e-03
  3.3720e+02     4.223302e-03
  3.3740e+02     4.201454e-03
  3.3760e+02     4.179727e-03
  3.3780e+02     4.158119e-03
  3.3800e+02     4.136630e-03
  3.3820e+02     4.115259e-03
  3.3840e+02     4.094005e-03
  3.3860e+02     4.072869e-03
  3.3880e+02     4.051849e-03
  3.3900e+02     4.030944e-03
  3.3920e+02     4.010154e-03
  3.3940e+02     3.989479e-03
  3.3960e+02     3.968917e-03
  3.3980e+02     3.948467e-03
  3.4000e+02     3.928130e-03
  3.4020e+02     3.907905e-03
  3.4040e+02     3.887790e-03
  3.4060e+02     3.867786e-03
  3.4080e+02     3.847891e-03
  3.4100e+02     3.828105e-03
  3.4120e+02     3.808428e-03
  3.4140e+02     3.788858e-03
  3.4160e+02     3.769395e-03
  3.4180e+02     3.750039e-03
  3.4200e+02     3.730789e-03
  3.4220e+02     3.711644e-03
  3.4240e+02     3.692604e-03
  3.4260e+02     3.673668e-03
  3.4280e+02     3.654835e-03
  3.4300e+02     3.636105e-03
  3.4320e+02     3.617477e-03
  3.4340e+02     3.598951e-03
  3.4360e+02     3.580526e-03
  3.4380e+02     3.562201e-03
  3.4400e+02     3.543976e-03
  3.4420e+02     3.525851e-03
  3.4440e+02     3.507824e-03
  3.4460e+02     3.489896e-03
  3.4480e+02     3.472065e-03
  3.4500e+02     3.454331e-03
  3.4520e+02     3.436694e-03
  3.4540e+02     3.419153e-03
  3.4560e+02     3.401707e-03
  3.4580e+02     3.384356e-03
  3.4600e+02     3.367099e-03
  3.4620e+02     3.349936e-03
  3.4640e+02     3.332866e-03
  3.4660e+02     3.315889e-03
  3.4680e+02     3.299004e-03
  3.4700e+02     3.282210e-03
  3.4720e+02     3.265508e-03
  3.4740e+02     3.248896e-03
  3.4760e+02     3.232375e-03
  3.4780e+02     3.215942e-03
  3.4800e+02     3.199599e-03
  3.4820e+02     3.183345e-03
  3.4840e+02     3.167178e-03
  3.4860e+02     3.151099e-03
  3.4880e+02     3.135106e-03
  3.4900e+02     3.119201e-03
  3.4920e+02     3.103381e-03
  3.4940e+02     3.087647e-03
  3.4960e+02     3.071998e-03
  3.4980e+02     3.056433e-03
  3.5000e+02     3.040952e-03
  3.5020e+02     3.025555e-03
  3.5040e+02     3.010241e-03
  3.5060e+02     2.995010e-03
  3.5080e+02     2.979861e-03
  3.5100e+02     2.964793e-03
  3.5120e+02     2.949807e-03
  3.5140e+02     2.934901e-03
  3.5160e+02     2.920076e-03
  3.5180e+02     2.905330e-03
  3.5200e+02     2.890664e-03
  3.5220e+02     2.876077e-03
  3.5240e+02     2.861568e-03
  3.5260e+02     2.847137e-03
  3.5280e+02     2.832784e-03
  3.5300e+02     2.818508e-03
  3.5320e+02     2.804309e-03
  3.5340e+02     2.790186e-03
  3.5360e+02     2.776138e-03
  3.5380e+02     2.762166e-03
  3.5400e+02     2.748270e-03
  3.5420e+02     2.734447e-03
  3.5440e+02     2.720699e-03
  3.5460e+02     2.707024e-03
  3.5480e+02     2.693423e-03
  3.5500e+02     2.679895e-03
  3.5520e+02     2.666439e-03
  3.5540e+02     2.653055e-03
  3.5560e+02     2.639742e-03
  3.5580e+02     2.626501e-03
  3.5600e+02     2.613331e-03
  3.5620e+02     2.600231e-03
  3.5640e+02     2.587201e-03
  3.5660e+02     2.574241e-03
  3.5680e+02     2.561350e-03
  3.5700e+02     2.548528e-03
  3.5720e+02     2.535774e-03
  3.5740e+02     2.523088e-03
  3.5760e+02     2.510470e-03
  3.5780e+02     2.497920e-03
  3.5800e+02     2.485436e-03
  3.5820e+02     2.473018e-03
  3.5840e+02     2.460667e-03
  3.5860e+02     2.448382e-03
  3.5880e+02     2.436162e-03
  3.5900e+02     2.424007e-03
  3.5920e+02     2.411917e-03
  3.5940e+02     2.399891e-03
  3.5960e+02     2.387929e-03
  3.5980e+02     2.376031e-03
