# Epidemic | 7 days incidence [ x-unit: days | y-unit: per 100000 ]
  0.0000e+00     3.618006e+02
  2.0000e-01     3.596217e+02
  4.0000e-01     3.574499e+02
  6.0000e-01     3.552853e+02
  8.0000e-01     3.531280e+02
  1.0000e+00     3.509780e+02
  1.2000e+00     3.488354e+02
  1.4000e+00     3.467002e+02
  1.6000e+00     3.445727e+02
  1.8000e+00     3.424527e+02
  2.0000e+00     3.403405e+02
  2.2000e+00     3.382359e+02
  2.4000e+00     3.361392e+02
  2.6000e+00     3.340504e+02
  2.8000e+00     3.319695e+02
  3.0000e+00     3.298966e+02
  3.2000e+00     3.278317e+02
  3.4000e+00     3.257750e+02
  3.6000e+00     3.237264e+02
  3.8000e+00     3.216860e+02
  4.0000e+00     3.196538e+02
  4.2000e+00     3.176300e+02
  4.4000e+00     3.156145e+02
  4.6000e+00     3.136074e+02
  4.8000e+00     3.116087e+02
  5.0000e+00     3.096186e+02
  5.2000e+00     3.076369e+02
  5.4000e+00     3.056638e+02
  5.6000e+00     3.036993e+02
  5.8000e+00     3.017434e+02
  6.0000e+00     2.997962e+02
  6.2000e+00     2.978577e+02
  6.4000e+00     2.959279e+02
  6.6000e+00     2.940068e+02
  6.8000e+00     2.920946e+02
  7.0000e+00     2.901911e+02
  7.2000e+00     2.887430e+02
  7.4000e+00     2.873493e+02
  7.6000e+00     2.859603e+02
  7.8000e+00     2.845759e+02
  8.0000e+00     2.831962e+02
  8.2000e+00     2.818210e+02
  8.4000e+00     2.804505e+02
  8.6000e+00     2.790846e+02
  8.8000e+00     2.777233e+02
  9.0000e+00     2.763666e+02
  9.2000e+00     2.750145e+02
  9.4000e+00     2.736670e+02
  9.6000e+00     2.723240e+02
  9.8000e+00     2.709857e+02
  1.0000e+01     2.696519e+02
  1.0200e+01     2.683227e+02
  1.0400e+01     2.669981e+02
  1.0600e+01     2.656780e+02
  1.0800e+01     2.643625e+02
  1.1000e+01     2.630515e+02
  1.1200e+01     2.617451e+02
  1.1400e+01     2.604432e+02
  1.1600e+01     2.591459e+02
  1.1800e+01     2.578531e+02
  1.2000e+01     2.565649e+02
  1.2200e+01     2.552812e+02
  1.2400e+01     2.540020e+02
  1.2600e+01     2.527274e+02
  1.2800e+01     2.514573e+02
  1.3000e+01     2.501917e+02
  1.3200e+01     2.489306e+02
  1.3400e+01     2.476741e+02
  1.3600e+01     2.464220e+02
  1.3800e+01     2.451745e+02
  1.4000e+01     2.439315e+02
  1.4200e+01     2.426929e+02
  1.4400e+01     2.414589e+02
  1.4600e+01     2.402294e+02
  1.4800e+01     2.390044e+02
  1.5000e+01     2.377839e+02
  1.5200e+01     2.365679e+02
  1.5400e+01     2.353563e+02
  1.5600e+01     2.341493e+02
  1.5800e+01     2.329467e+02
  1.6000e+01     2.317487e+02
  1.6200e+01     2.305551e+02
  1.6400e+01     2.293660e+02
  1.6600e+01     2.281813e+02
  1.6800e+01     2.270012e+02
  1.7000e+01     2.258255e+02
  1.7200e+01     2.246543e+02
  1.7400e+01     2.234875e+02
  1.7600e+01     2.223253e+02
  1.7800e+01     2.211675e+02
  1.8000e+01     2.200141e+02
  1.8200e+01     2.188652e+02
  1.8400e+01     2.177208e+02
  1.8600e+01     2.165808e+02
  1.8800e+01     2.154452e+02
  1.9000e+01     2.143141e+02
  1.9200e+01     2.131875e+02
  1.9400e+01     2.120653e+02
  1.9600e+01     2.109475e+02
  1.9800e+01     2.098342e+02
  2.0000e+01     2.087253e+02
  2.0200e+01     2.076208e+02
  2.0400e+01     2.065208e+02
  2.0600e+01     2.054252e+02
  2.0800e+01     2.043340e+02
  2.1000e+01     2.032472e+02
  2.1200e+01     2.018576e+02
  2.1400e+01     2.004423e+02
  2.1600e+01     1.990357e+02
  2.1800e+01     1.976376e+02
  2.2000e+01     1.962482e+02
  2.2200e+01     1.948672e+02
  2.2400e+01     1.934949e+02
  2.2600e+01     1.921310e+02
  2.2800e+01     1.907756e+02
  2.3000e+01     1.894286e+02
  2.3200e+01     1.880901e+02
  2.3400e+01     1.867600e+02
  2.3600e+01     1.854382e+02
  2.3800e+01     1.841248e+02
  2.4000e+01     1.828197e+02
  2.4200e+01     1.815229e+02
  2.4400e+01     1.802343e+02
  2.4600e+01     1.789540e+02
  2.4800e+01     1.776818e+02
  2.5000e+01     1.764179e+02
  2.5200e+01     1.751620e+02
  2.5400e+01     1.739143e+02
  2.5600e+01     1.726746e+02
  2.5800e+01     1.714430e+02
  2.6000e+01     1.702193e+02
  2.6200e+01     1.690037e+02
  2.6400e+01     1.677960e+02
  2.6600e+01     1.665962e+02
  2.6800e+01     1.654043e+02
  2.7000e+01     1.642202e+02
  2.7200e+01     1.630439e+02
  2.7400e+01     1.618754e+02
  2.7600e+01     1.607147e+02
  2.7800e+01     1.595617e+02
  2.8000e+01     1.584163e+02
  2.8200e+01     1.572786e+02
  2.8400e+01     1.561485e+02
  2.8600e+01     1.550259e+02
  2.8800e+01     1.539109e+02
  2.9000e+01     1.528034e+02
  2.9200e+01     1.517034e+02
  2.9400e+01     1.506108e+02
  2.9600e+01     1.495256e+02
  2.9800e+01     1.484477e+02
  3.0000e+01     1.473772e+02
  3.0200e+01     1.463139e+02
  3.0400e+01     1.452579e+02
  3.0600e+01     1.442092e+02
  3.0800e+01     1.431676e+02
  3.1000e+01     1.421331e+02
  3.1200e+01     1.411058e+02
  3.1400e+01     1.400855e+02
  3.1600e+01     1.390723e+02
  3.1800e+01     1.380660e+02
  3.2000e+01     1.370668e+02
  3.2200e+01     1.360744e+02
  3.2400e+01     1.350889e+02
  3.2600e+01     1.341103e+02
  3.2800e+01     1.331385e+02
  3.3000e+01     1.321735e+02
  3.3200e+01     1.312152e+02
  3.3400e+01     1.302636e+02
  3.3600e+01     1.293187e+02
  3.3800e+01     1.283804e+02
  3.4000e+01     1.274487e+02
  3.4200e+01     1.265236e+02
  3.4400e+01     1.256050e+02
  3.4600e+01     1.246929e+02
  3.4800e+01     1.237872e+02
  3.5000e+01     1.228879e+02
  3.5200e+01     1.219950e+02
  3.5400e+01     1.211084e+02
  3.5600e+01     1.202282e+02
  3.5800e+01     1.193542e+02
  3.6000e+01     1.184864e+02
  3.6200e+01     1.176248e+02
  3.6400e+01     1.167694e+02
  3.6600e+01     1.159200e+02
  3.6800e+01     1.150768e+02
  3.7000e+01     1.142396e+02
  3.7200e+01     1.134084e+02
  3.7400e+01     1.125832e+02
  3.7600e+01     1.117639e+02
  3.7800e+01     1.109505e+02
  3.8000e+01     1.101430e+02
  3.8200e+01     1.093413e+02
  3.8400e+01     1.085454e+02
  3.8600e+01     1.077552e+02
  3.8800e+01     1.069708e+02
  3.9000e+01     1.061921e+02
  3.9200e+01     1.054190e+02
  3.9400e+01     1.046515e+02
  3.9600e+01     1.038896e+02
  3.9800e+01     1.031332e+02
  4.0000e+01     1.023823e+02
  4.0200e+01     1.016369e+02
  4.0400e+01     1.008970e+02
  4.0600e+01     1.001624e+02
  4.0800e+01     9.943327e+01
  4.1000e+01     9.870942e+01
  4.1200e+01     9.799086e+01
  4.1400e+01     9.727757e+01
  4.1600e+01     9.656951e+01
  4.1800e+01     9.586664e+01
  4.2000e+01     9.516894e+01
  4.2200e+01     9.447636e+01
  4.2400e+01     9.378888e+01
  4.2600e+01     9.310646e+01
  4.2800e+01     9.242906e+01
  4.3000e+01     9.175666e+01
  4.3200e+01     9.108922e+01
  4.3400e+01     9.042670e+01
  4.3600e+01     8.976908e+01
  4.3800e+01     8.911632e+01
  4.4000e+01     8.846839e+01
  4.4200e+01     8.782525e+01
  4.4400e+01     8.718688e+01
  4.4600e+01     8.655324e+01
  4.4800e+01     8.592430e+01
  4.5000e+01     8.530002e+01
  4.5200e+01     8.468038e+01
  4.5400e+01     8.406535e+01
  4.5600e+01     8.345489e+01
  4.5800e+01     8.284896e+01
  4.6000e+01     8.224755e+01
  4.6200e+01     8.165061e+01
  4.6400e+01     8.105812e+01
  4.6600e+01     8.047005e+01
  4.6800e+01     7.988637e+01
  4.7000e+01     7.930704e+01
  4.7200e+01     7.873203e+01
  4.7400e+01     7.816132e+01
  4.7600e+01     7.759487e+01
  4.7800e+01     7.703266e+01
  4.8000e+01     7.647465e+01
  4.8200e+01     7.592082e+01
  4.8400e+01     7.537113e+01
  4.8600e+01     7.482556e+01
  4.8800e+01     7.428408e+01
  4.9000e+01     7.374665e+01
  4.9200e+01     7.321325e+01
  4.9400e+01     7.268386e+01
  4.9600e+01     7.215844e+01
  4.9800e+01     7.163696e+01
  5.0000e+01     7.111940e+01
  5.0200e+01     7.060572e+01
  5.0400e+01     7.009590e+01
  5.0600e+01     6.958992e+01
  5.0800e+01     6.908774e+01
  5.1000e+01     6.858934e+01
  5.1200e+01     6.809468e+01
  5.1400e+01     6.760375e+01
  5.1600e+01     6.711652e+01
  5.1800e+01     6.663295e+01
  5.2000e+01     6.615303e+01
  5.2200e+01     6.567672e+01
  5.2400e+01     6.520400e+01
  5.2600e+01     6.473484e+01
  5.2800e+01     6.426922e+01
  5.3000e+01     6.380711e+01
  5.3200e+01     6.334849e+01
  5.3400e+01     6.289332e+01
  5.3600e+01     6.244159e+01
  5.3800e+01     6.199327e+01
  5.4000e+01     6.154834e+01
  5.4200e+01     6.110676e+01
  5.4400e+01     6.066852e+01
  5.4600e+01     6.023359e+01
  5.4800e+01     5.980194e+01
  5.5000e+01     5.937355e+01
  5.5200e+01     5.894840e+01
  5.5400e+01     5.852647e+01
  5.5600e+01     5.810772e+01
  5.5800e+01     5.769213e+01
  5.6000e+01     5.727969e+01
  5.6200e+01     5.687037e+01
  5.6400e+01     5.646414e+01
  5.6600e+01     5.606098e+01
  5.6800e+01     5.566088e+01
  5.7000e+01     5.526379e+01
  5.7200e+01     5.486971e+01
  5.7400e+01     5.447862e+01
  5.7600e+01     5.409048e+01
  5.7800e+01     5.370527e+01
  5.8000e+01     5.332298e+01
  5.8200e+01     5.294359e+01
  5.8400e+01     5.256706e+01
  5.8600e+01     5.219338e+01
  5.8800e+01     5.182253e+01
  5.9000e+01     5.145449e+01
  5.9200e+01     5.108923e+01
  5.9400e+01     5.072673e+01
  5.9600e+01     5.036698e+01
  5.9800e+01     5.000995e+01
  6.0000e+01     4.965562e+01
  6.0200e+01     4.930397e+01
  6.0400e+01     4.895498e+01
  6.0600e+01     4.860864e+01
  6.0800e+01     4.826491e+01
  6.1000e+01     4.792378e+01
  6.1200e+01     4.758523e+01
  6.1400e+01     4.724925e+01
  6.1600e+01     4.691580e+01
  6.1800e+01     4.658488e+01
  6.2000e+01     4.625646e+01
  6.2200e+01     4.593053e+01
  6.2400e+01     4.560705e+01
  6.2600e+01     4.528603e+01
  6.2800e+01     4.496743e+01
  6.3000e+01     4.465124e+01
  6.3200e+01     4.433744e+01
  6.3400e+01     4.402601e+01
  6.3600e+01     4.371694e+01
  6.3800e+01     4.341020e+01
  6.4000e+01     4.310578e+01
  6.4200e+01     4.280365e+01
  6.4400e+01     4.250381e+01
  6.4600e+01     4.220624e+01
  6.4800e+01     4.191091e+01
  6.5000e+01     4.161781e+01
  6.5200e+01     4.132693e+01
  6.5400e+01     4.103824e+01
  6.5600e+01     4.075173e+01
  6.5800e+01     4.046738e+01
  6.6000e+01     4.018517e+01
  6.6200e+01     3.990510e+01
  6.6400e+01     3.962713e+01
  6.6600e+01     3.935127e+01
  6.6800e+01     3.907748e+01
  6.7000e+01     3.880576e+01
  6.7200e+01     3.853608e+01
  6.7400e+01     3.826844e+01
  6.7600e+01     3.800281e+01
  6.7800e+01     3.773918e+01
  6.8000e+01     3.747754e+01
  6.8200e+01     3.721787e+01
  6.8400e+01     3.696015e+01
  6.8600e+01     3.670437e+01
  6.8800e+01     3.645052e+01
  6.9000e+01     3.619857e+01
  6.9200e+01     3.594852e+01
  6.9400e+01     3.570035e+01
  6.9600e+01     3.545405e+01
  6.9800e+01     3.520959e+01
  7.0000e+01     3.496697e+01
  7.0200e+01     3.472618e+01
  7.0400e+01     3.448719e+01
  7.0600e+01     3.425000e+01
  7.0800e+01     3.401458e+01
  7.1000e+01     3.378093e+01
  7.1200e+01     3.354904e+01
  7.1400e+01     3.331888e+01
  7.1600e+01     3.309045e+01
  7.1800e+01     3.286373e+01
  7.2000e+01     3.263871e+01
  7.2200e+01     3.241538e+01
  7.2400e+01     3.219371e+01
  7.2600e+01     3.197371e+01
  7.2800e+01     3.175535e+01
  7.3000e+01     3.153863e+01
  7.3200e+01     3.132352e+01
  7.3400e+01     3.111003e+01
  7.3600e+01     3.089813e+01
  7.3800e+01     3.068781e+01
  7.4000e+01     3.047907e+01
  7.4200e+01     3.027188e+01
  7.4400e+01     3.006624e+01
  7.4600e+01     2.986213e+01
  7.4800e+01     2.965955e+01
  7.5000e+01     2.945848e+01
  7.5200e+01     2.925890e+01
  7.5400e+01     2.906082e+01
  7.5600e+01     2.886420e+01
  7.5800e+01     2.866906e+01
  7.6000e+01     2.847536e+01
  7.6200e+01     2.828311e+01
  7.6400e+01     2.809228e+01
  7.6600e+01     2.790288e+01
  7.6800e+01     2.771488e+01
  7.7000e+01     2.752828e+01
  7.7200e+01     2.734307e+01
  7.7400e+01     2.715923e+01
  7.7600e+01     2.697675e+01
  7.7800e+01     2.679563e+01
  7.8000e+01     2.661585e+01
  7.8200e+01     2.643741e+01
  7.8400e+01     2.626029e+01
  7.8600e+01     2.608448e+01
  7.8800e+01     2.590997e+01
  7.9000e+01     2.573675e+01
  7.9200e+01     2.556481e+01
  7.9400e+01     2.539415e+01
  7.9600e+01     2.522475e+01
  7.9800e+01     2.505659e+01
  8.0000e+01     2.488969e+01
  8.0200e+01     2.472401e+01
  8.0400e+01     2.455956e+01
  8.0600e+01     2.439631e+01
  8.0800e+01     2.423428e+01
  8.1000e+01     2.407344e+01
  8.1200e+01     2.391378e+01
  8.1400e+01     2.375530e+01
  8.1600e+01     2.359798e+01
  8.1800e+01     2.344182e+01
  8.2000e+01     2.328682e+01
  8.2200e+01     2.313295e+01
  8.2400e+01     2.298021e+01
  8.2600e+01     2.282859e+01
  8.2800e+01     2.267809e+01
  8.3000e+01     2.252869e+01
  8.3200e+01     2.238039e+01
  8.3400e+01     2.223317e+01
  8.3600e+01     2.208704e+01
  8.3800e+01     2.194197e+01
  8.4000e+01     2.179797e+01
  8.4200e+01     2.165502e+01
  8.4400e+01     2.151311e+01
  8.4600e+01     2.137225e+01
  8.4800e+01     2.123241e+01
  8.5000e+01     2.109359e+01
  8.5200e+01     2.095579e+01
  8.5400e+01     2.081900e+01
  8.5600e+01     2.068320e+01
  8.5800e+01     2.054839e+01
  8.6000e+01     2.041456e+01
  8.6200e+01     2.028171e+01
  8.6400e+01     2.014983e+01
  8.6600e+01     2.001891e+01
  8.6800e+01     1.988893e+01
  8.7000e+01     1.975991e+01
  8.7200e+01     1.963182e+01
  8.7400e+01     1.950466e+01
  8.7600e+01     1.937842e+01
  8.7800e+01     1.925310e+01
  8.8000e+01     1.912869e+01
  8.8200e+01     1.900518e+01
  8.8400e+01     1.888257e+01
  8.8600e+01     1.876084e+01
  8.8800e+01     1.864000e+01
  8.9000e+01     1.852003e+01
  8.9200e+01     1.840092e+01
  8.9400e+01     1.828268e+01
  8.9600e+01     1.816529e+01
  8.9800e+01     1.804875e+01
  9.0000e+01     1.793305e+01
  9.0200e+01     1.781818e+01
  9.0400e+01     1.770414e+01
  9.0600e+01     1.759092e+01
  9.0800e+01     1.747852e+01
  9.1000e+01     1.736693e+01
  9.1200e+01     1.725614e+01
  9.1400e+01     1.714614e+01
  9.1600e+01     1.703694e+01
  9.1800e+01     1.692852e+01
  9.2000e+01     1.682088e+01
  9.2200e+01     1.671401e+01
  9.2400e+01     1.660790e+01
  9.2600e+01     1.650256e+01
  9.2800e+01     1.639797e+01
  9.3000e+01     1.629413e+01
  9.3200e+01     1.619103e+01
  9.3400e+01     1.608867e+01
  9.3600e+01     1.598704e+01
  9.3800e+01     1.588614e+01
  9.4000e+01     1.578596e+01
  9.4200e+01     1.568649e+01
  9.4400e+01     1.558773e+01
  9.4600e+01     1.548967e+01
  9.4800e+01     1.539232e+01
  9.5000e+01     1.529565e+01
  9.5200e+01     1.519968e+01
  9.5400e+01     1.510438e+01
  9.5600e+01     1.500977e+01
  9.5800e+01     1.491582e+01
  9.6000e+01     1.482254e+01
  9.6200e+01     1.472993e+01
  9.6400e+01     1.463797e+01
  9.6600e+01     1.454666e+01
  9.6800e+01     1.445600e+01
  9.7000e+01     1.436598e+01
  9.7200e+01     1.427659e+01
  9.7400e+01     1.418784e+01
  9.7600e+01     1.409972e+01
  9.7800e+01     1.401221e+01
  9.8000e+01     1.392533e+01
  9.8200e+01     1.383906e+01
  9.8400e+01     1.375339e+01
  9.8600e+01     1.366833e+01
  9.8800e+01     1.358387e+01
  9.9000e+01     1.350000e+01
  9.9200e+01     1.341673e+01
  9.9400e+01     1.333403e+01
  9.9600e+01     1.325192e+01
  9.9800e+01     1.317039e+01
  1.0000e+02     1.308942e+01
  1.0020e+02     1.300903e+01
  1.0040e+02     1.292920e+01
  1.0060e+02     1.284992e+01
  1.0080e+02     1.277121e+01
  1.0100e+02     1.269304e+01
  1.0120e+02     1.261542e+01
  1.0140e+02     1.253834e+01
  1.0160e+02     1.246180e+01
  1.0180e+02     1.238579e+01
  1.0200e+02     1.231031e+01
  1.0220e+02     1.223536e+01
  1.0240e+02     1.216093e+01
  1.0260e+02     1.208702e+01
  1.0280e+02     1.201363e+01
  1.0300e+02     1.194074e+01
  1.0320e+02     1.186836e+01
  1.0340e+02     1.179648e+01
  1.0360e+02     1.172510e+01
  1.0380e+02     1.165422e+01
  1.0400e+02     1.158383e+01
  1.0420e+02     1.151392e+01
  1.0440e+02     1.144450e+01
  1.0460e+02     1.137556e+01
  1.0480e+02     1.130710e+01
  1.0500e+02     1.123911e+01
  1.0520e+02     1.117158e+01
  1.0540e+02     1.110453e+01
  1.0560e+02     1.103793e+01
  1.0580e+02     1.097180e+01
  1.0600e+02     1.090612e+01
  1.0620e+02     1.084089e+01
  1.0640e+02     1.077611e+01
  1.0660e+02     1.071178e+01
  1.0680e+02     1.064789e+01
  1.0700e+02     1.058444e+01
  1.0720e+02     1.052142e+01
  1.0740e+02     1.045884e+01
  1.0760e+02     1.039668e+01
  1.0780e+02     1.033495e+01
  1.0800e+02     1.027364e+01
  1.0820e+02     1.021275e+01
  1.0840e+02     1.015228e+01
  1.0860e+02     1.009222e+01
  1.0880e+02     1.003257e+01
  1.0900e+02     9.973330e+00
  1.0920e+02     9.914491e+00
  1.0940e+02     9.856053e+00
  1.0960e+02     9.798013e+00
  1.0980e+02     9.740368e+00
  1.1000e+02     9.683114e+00
  1.1020e+02     9.626250e+00
  1.1040e+02     9.569771e+00
  1.1060e+02     9.513676e+00
  1.1080e+02     9.457962e+00
  1.1100e+02     9.402625e+00
  1.1120e+02     9.347662e+00
  1.1140e+02     9.293072e+00
  1.1160e+02     9.238851e+00
  1.1180e+02     9.184997e+00
  1.1200e+02     9.131506e+00
  1.1220e+02     9.078376e+00
  1.1240e+02     9.025605e+00
  1.1260e+02     8.973190e+00
  1.1280e+02     8.921127e+00
  1.1300e+02     8.869415e+00
  1.1320e+02     8.818051e+00
  1.1340e+02     8.767033e+00
  1.1360e+02     8.716357e+00
  1.1380e+02     8.666022e+00
  1.1400e+02     8.616024e+00
  1.1420e+02     8.566361e+00
  1.1440e+02     8.517032e+00
  1.1460e+02     8.468032e+00
  1.1480e+02     8.419361e+00
  1.1500e+02     8.371015e+00
  1.1520e+02     8.322992e+00
  1.1540e+02     8.275290e+00
  1.1560e+02     8.227907e+00
  1.1580e+02     8.180839e+00
  1.1600e+02     8.134085e+00
  1.1620e+02     8.087643e+00
  1.1640e+02     8.041509e+00
  1.1660e+02     7.995683e+00
  1.1680e+02     7.950161e+00
  1.1700e+02     7.904941e+00
  1.1720e+02     7.860022e+00
  1.1740e+02     7.815401e+00
  1.1760e+02     7.771075e+00
  1.1780e+02     7.727043e+00
  1.1800e+02     7.683303e+00
  1.1820e+02     7.639852e+00
  1.1840e+02     7.596688e+00
  1.1860e+02     7.553809e+00
  1.1880e+02     7.511214e+00
  1.1900e+02     7.468899e+00
  1.1920e+02     7.426864e+00
  1.1940e+02     7.385105e+00
  1.1960e+02     7.343621e+00
  1.1980e+02     7.302411e+00
  1.2000e+02     7.261471e+00
  1.2020e+02     7.220800e+00
  1.2040e+02     7.180397e+00
  1.2060e+02     7.140258e+00
  1.2080e+02     7.100382e+00
  1.2100e+02     7.060768e+00
  1.2120e+02     7.021413e+00
  1.2140e+02     6.982316e+00
  1.2160e+02     6.943474e+00
  1.2180e+02     6.904887e+00
  1.2200e+02     6.866551e+00
  1.2220e+02     6.828465e+00
  1.2240e+02     6.790627e+00
  1.2260e+02     6.753037e+00
  1.2280e+02     6.715690e+00
  1.2300e+02     6.678587e+00
  1.2320e+02     6.641725e+00
  1.2340e+02     6.605103e+00
  1.2360e+02     6.568718e+00
  1.2380e+02     6.532570e+00
  1.2400e+02     6.496656e+00
  1.2420e+02     6.460974e+00
  1.2440e+02     6.425524e+00
  1.2460e+02     6.390303e+00
  1.2480e+02     6.355310e+00
  1.2500e+02     6.320543e+00
  1.2520e+02     6.286000e+00
  1.2540e+02     6.251680e+00
  1.2560e+02     6.217582e+00
  1.2580e+02     6.183703e+00
  1.2600e+02     6.150042e+00
  1.2620e+02     6.116598e+00
  1.2640e+02     6.083369e+00
  1.2660e+02     6.050353e+00
  1.2680e+02     6.017549e+00
  1.2700e+02     5.984956e+00
  1.2720e+02     5.952572e+00
  1.2740e+02     5.920395e+00
  1.2760e+02     5.888424e+00
  1.2780e+02     5.856658e+00
  1.2800e+02     5.825095e+00
  1.2820e+02     5.793734e+00
  1.2840e+02     5.762572e+00
  1.2860e+02     5.731610e+00
  1.2880e+02     5.700844e+00
  1.2900e+02     5.670275e+00
  1.2920e+02     5.639901e+00
  1.2940e+02     5.609719e+00
  1.2960e+02     5.579730e+00
  1.2980e+02     5.549931e+00
  1.3000e+02     5.520321e+00
  1.3020e+02     5.490899e+00
  1.3040e+02     5.461663e+00
  1.3060e+02     5.432613e+00
  1.3080e+02     5.403746e+00
  1.3100e+02     5.375062e+00
  1.3120e+02     5.346559e+00
  1.3140e+02     5.318237e+00
  1.3160e+02     5.290093e+00
  1.3180e+02     5.262126e+00
  1.3200e+02     5.234336e+00
  1.3220e+02     5.206721e+00
  1.3240e+02     5.179279e+00
  1.3260e+02     5.152010e+00
  1.3280e+02     5.124913e+00
  1.3300e+02     5.097985e+00
  1.3320e+02     5.071227e+00
  1.3340e+02     5.044636e+00
  1.3360e+02     5.018212e+00
  1.3380e+02     4.991953e+00
  1.3400e+02     4.965859e+00
  1.3420e+02     4.939928e+00
  1.3440e+02     4.914159e+00
  1.3460e+02     4.888550e+00
  1.3480e+02     4.863102e+00
  1.3500e+02     4.837812e+00
  1.3520e+02     4.812679e+00
  1.3540e+02     4.787703e+00
  1.3560e+02     4.762883e+00
  1.3580e+02     4.738216e+00
  1.3600e+02     4.713703e+00
  1.3620e+02     4.689342e+00
  1.3640e+02     4.665132e+00
  1.3660e+02     4.641072e+00
  1.3680e+02     4.617161e+00
  1.3700e+02     4.593398e+00
  1.3720e+02     4.569782e+00
  1.3740e+02     4.546312e+00
  1.3760e+02     4.522987e+00
  1.3780e+02     4.499806e+00
  1.3800e+02     4.476768e+00
  1.3820e+02     4.453871e+00
  1.3840e+02     4.431116e+00
  1.3860e+02     4.408501e+00
  1.3880e+02     4.386024e+00
  1.3900e+02     4.363686e+00
  1.3920e+02     4.341485e+00
  1.3940e+02     4.319420e+00
  1.3960e+02     4.297490e+00
  1.3980e+02     4.275695e+00
  1.4000e+02     4.254033e+00
  1.4020e+02     4.232503e+00
  1.4040e+02     4.211105e+00
  1.4060e+02     4.189838e+00
  1.4080e+02     4.168701e+00
  1.4100e+02     4.147692e+00
  1.4120e+02     4.126812e+00
  1.4140e+02     4.106058e+00
  1.4160e+02     4.085431e+00
  1.4180e+02     4.064929e+00
  1.4200e+02     4.044552e+00
  1.4220e+02     4.024299e+00
  1.4240e+02     4.004168e+00
  1.4260e+02     3.984160e+00
  1.4280e+02     3.964272e+00
  1.4300e+02     3.944505e+00
  1.4320e+02     3.924858e+00
  1.4340e+02     3.905329e+00
  1.4360e+02     3.885918e+00
  1.4380e+02     3.866625e+00
  1.4400e+02     3.847448e+00
  1.4420e+02     3.828386e+00
  1.4440e+02     3.809439e+00
  1.4460e+02     3.790606e+00
  1.4480e+02     3.771887e+00
  1.4500e+02     3.753280e+00
  1.4520e+02     3.734784e+00
  1.4540e+02     3.716400e+00
  1.4560e+02     3.698125e+00
  1.4580e+02     3.679961e+00
  1.4600e+02     3.661905e+00
  1.4620e+02     3.643957e+00
  1.4640e+02     3.626116e+00
  1.4660e+02     3.608382e+00
  1.4680e+02     3.590753e+00
  1.4700e+02     3.573230e+00
  1.4720e+02     3.555811e+00
  1.4740e+02     3.538496e+00
  1.4760e+02     3.521284e+00
  1.4780e+02     3.504174e+00
  1.4800e+02     3.487166e+00
  1.4820e+02     3.470259e+00
  1.4840e+02     3.453452e+00
  1.4860e+02     3.436745e+00
  1.4880e+02     3.420137e+00
  1.4900e+02     3.403627e+00
  1.4920e+02     3.387215e+00
  1.4940e+02     3.370899e+00
  1.4960e+02     3.354681e+00
  1.4980e+02     3.338557e+00
  1.5000e+02     3.322529e+00
  1.5020e+02     3.306596e+00
  1.5040e+02     3.290756e+00
  1.5060e+02     3.275009e+00
  1.5080e+02     3.259355e+00
  1.5100e+02     3.243793e+00
  1.5120e+02     3.228323e+00
  1.5140e+02     3.212943e+00
  1.5160e+02     3.197653e+00
  1.5180e+02     3.182453e+00
  1.5200e+02     3.167341e+00
  1.5220e+02     3.152319e+00
  1.5240e+02     3.137383e+00
  1.5260e+02     3.122536e+00
  1.5280e+02     3.107774e+00
  1.5300e+02     3.093099e+00
  1.5320e+02     3.078510e+00
  1.5340e+02     3.064005e+00
  1.5360e+02     3.049585e+00
  1.5380e+02     3.035248e+00
  1.5400e+02     3.020995e+00
  1.5420e+02     3.006824e+00
  1.5440e+02     2.992736e+00
  1.5460e+02     2.978730e+00
  1.5480e+02     2.964804e+00
  1.5500e+02     2.950959e+00
  1.5520e+02     2.937194e+00
  1.5540e+02     2.923509e+00
  1.5560e+02     2.909903e+00
  1.5580e+02     2.896375e+00
  1.5600e+02     2.882925e+00
  1.5620e+02     2.869553e+00
  1.5640e+02     2.856258e+00
  1.5660e+02     2.843039e+00
  1.5680e+02     2.829896e+00
  1.5700e+02     2.816829e+00
  1.5720e+02     2.803837e+00
  1.5740e+02     2.790919e+00
  1.5760e+02     2.778075e+00
  1.5780e+02     2.765305e+00
  1.5800e+02     2.752607e+00
  1.5820e+02     2.739983e+00
  1.5840e+02     2.727430e+00
  1.5860e+02     2.714950e+00
  1.5880e+02     2.702540e+00
  1.5900e+02     2.690201e+00
  1.5920e+02     2.677933e+00
  1.5940e+02     2.665734e+00
  1.5960e+02     2.653605e+00
  1.5980e+02     2.641544e+00
  1.6000e+02     2.629552e+00
  1.6020e+02     2.617629e+00
  1.6040e+02     2.605772e+00
  1.6060e+02     2.593983e+00
  1.6080e+02     2.582261e+00
  1.6100e+02     2.570605e+00
  1.6120e+02     2.559015e+00
  1.6140e+02     2.547490e+00
  1.6160e+02     2.536031e+00
  1.6180e+02     2.524636e+00
  1.6200e+02     2.513305e+00
  1.6220e+02     2.502038e+00
  1.6240e+02     2.490835e+00
  1.6260e+02     2.479694e+00
  1.6280e+02     2.468616e+00
  1.6300e+02     2.457601e+00
  1.6320e+02     2.446647e+00
  1.6340e+02     2.435754e+00
  1.6360e+02     2.424923e+00
  1.6380e+02     2.414152e+00
  1.6400e+02     2.403442e+00
  1.6420e+02     2.392791e+00
  1.6440e+02     2.382200e+00
  1.6460e+02     2.371668e+00
  1.6480e+02     2.361194e+00
  1.6500e+02     2.350779e+00
  1.6520e+02     2.340422e+00
  1.6540e+02     2.330123e+00
  1.6560e+02     2.319881e+00
  1.6580e+02     2.309695e+00
  1.6600e+02     2.299567e+00
  1.6620e+02     2.289494e+00
  1.6640e+02     2.279478e+00
  1.6660e+02     2.269516e+00
  1.6680e+02     2.259610e+00
  1.6700e+02     2.249759e+00
  1.6720e+02     2.239962e+00
  1.6740e+02     2.230220e+00
  1.6760e+02     2.220531e+00
  1.6780e+02     2.210895e+00
  1.6800e+02     2.201313e+00
  1.6820e+02     2.191783e+00
  1.6840e+02     2.182306e+00
  1.6860e+02     2.172880e+00
  1.6880e+02     2.163507e+00
  1.6900e+02     2.154185e+00
  1.6920e+02     2.144914e+00
  1.6940e+02     2.135694e+00
  1.6960e+02     2.126525e+00
  1.6980e+02     2.117405e+00
  1.7000e+02     2.108336e+00
  1.7020e+02     2.099316e+00
  1.7040e+02     2.090345e+00
  1.7060e+02     2.081423e+00
  1.7080e+02     2.072550e+00
  1.7100e+02     2.063725e+00
  1.7120e+02     2.054949e+00
  1.7140e+02     2.046220e+00
  1.7160e+02     2.037538e+00
  1.7180e+02     2.028904e+00
  1.7200e+02     2.020316e+00
  1.7220e+02     2.011775e+00
  1.7240e+02     2.003280e+00
  1.7260e+02     1.994832e+00
  1.7280e+02     1.986428e+00
  1.7300e+02     1.978071e+00
  1.7320e+02     1.969758e+00
  1.7340e+02     1.961491e+00
  1.7360e+02     1.953268e+00
  1.7380e+02     1.945089e+00
  1.7400e+02     1.936954e+00
  1.7420e+02     1.928864e+00
  1.7440e+02     1.920816e+00
  1.7460e+02     1.912812e+00
  1.7480e+02     1.904851e+00
  1.7500e+02     1.896933e+00
  1.7520e+02     1.889057e+00
  1.7540e+02     1.881223e+00
  1.7560e+02     1.873431e+00
  1.7580e+02     1.865681e+00
  1.7600e+02     1.857972e+00
  1.7620e+02     1.850304e+00
  1.7640e+02     1.842678e+00
  1.7660e+02     1.835092e+00
  1.7680e+02     1.827546e+00
  1.7700e+02     1.820041e+00
  1.7720e+02     1.812575e+00
  1.7740e+02     1.805150e+00
  1.7760e+02     1.797763e+00
  1.7780e+02     1.790416e+00
  1.7800e+02     1.783108e+00
  1.7820e+02     1.775839e+00
  1.7840e+02     1.768608e+00
  1.7860e+02     1.761415e+00
  1.7880e+02     1.754261e+00
  1.7900e+02     1.747144e+00
  1.7920e+02     1.740065e+00
  1.7940e+02     1.733023e+00
  1.7960e+02     1.726018e+00
  1.7980e+02     1.719050e+00
  1.8000e+02     1.712119e+00
  1.8020e+02     1.705225e+00
  1.8040e+02     1.698366e+00
  1.8060e+02     1.691544e+00
  1.8080e+02     1.684757e+00
  1.8100e+02     1.678006e+00
  1.8120e+02     1.671291e+00
  1.8140e+02     1.664610e+00
  1.8160e+02     1.657965e+00
  1.8180e+02     1.651354e+00
  1.8200e+02     1.644778e+00
  1.8220e+02     1.638236e+00
  1.8240e+02     1.631729e+00
  1.8260e+02     1.625255e+00
  1.8280e+02     1.618815e+00
  1.8300e+02     1.612408e+00
  1.8320e+02     1.606035e+00
  1.8340e+02     1.599695e+00
  1.8360e+02     1.593388e+00
  1.8380e+02     1.587113e+00
  1.8400e+02     1.580871e+00
  1.8420e+02     1.574662e+00
  1.8440e+02     1.568485e+00
  1.8460e+02     1.562339e+00
  1.8480e+02     1.556226e+00
  1.8500e+02     1.550143e+00
  1.8520e+02     1.544093e+00
  1.8540e+02     1.538073e+00
  1.8560e+02     1.532085e+00
  1.8580e+02     1.526127e+00
  1.8600e+02     1.520201e+00
  1.8620e+02     1.514304e+00
  1.8640e+02     1.508438e+00
  1.8660e+02     1.502602e+00
  1.8680e+02     1.496796e+00
  1.8700e+02     1.491020e+00
  1.8720e+02     1.485273e+00
  1.8740e+02     1.479556e+00
  1.8760e+02     1.473868e+00
  1.8780e+02     1.468209e+00
  1.8800e+02     1.462579e+00
  1.8820e+02     1.456978e+00
  1.8840e+02     1.451405e+00
  1.8860e+02     1.445861e+00
  1.8880e+02     1.440345e+00
  1.8900e+02     1.434857e+00
  1.8920e+02     1.429397e+00
  1.8940e+02     1.423964e+00
  1.8960e+02     1.418560e+00
  1.8980e+02     1.413182e+00
  1.9000e+02     1.407832e+00
  1.9020e+02     1.402509e+00
  1.9040e+02     1.397213e+00
  1.9060e+02     1.391944e+00
  1.9080e+02     1.386702e+00
  1.9100e+02     1.381486e+00
  1.9120e+02     1.376296e+00
  1.9140e+02     1.371133e+00
  1.9160e+02     1.365995e+00
  1.9180e+02     1.360883e+00
  1.9200e+02     1.355797e+00
  1.9220e+02     1.350737e+00
  1.9240e+02     1.345702e+00
  1.9260e+02     1.340693e+00
  1.9280e+02     1.335708e+00
  1.9300e+02     1.330749e+00
  1.9320e+02     1.325814e+00
  1.9340e+02     1.320904e+00
  1.9360e+02     1.316019e+00
  1.9380e+02     1.311158e+00
  1.9400e+02     1.306321e+00
  1.9420e+02     1.301509e+00
  1.9440e+02     1.296720e+00
  1.9460e+02     1.291956e+00
  1.9480e+02     1.287215e+00
  1.9500e+02     1.282498e+00
  1.9520e+02     1.277804e+00
  1.9540e+02     1.273133e+00
  1.9560e+02     1.268486e+00
  1.9580e+02     1.263862e+00
  1.9600e+02     1.259261e+00
  1.9620e+02     1.254682e+00
  1.9640e+02     1.250126e+00
  1.9660e+02     1.245593e+00
  1.9680e+02     1.241082e+00
  1.9700e+02     1.236594e+00
  1.9720e+02     1.232127e+00
  1.9740e+02     1.227683e+00
  1.9760e+02     1.223260e+00
  1.9780e+02     1.218860e+00
  1.9800e+02     1.214481e+00
  1.9820e+02     1.210123e+00
  1.9840e+02     1.205787e+00
  1.9860e+02     1.201473e+00
  1.9880e+02     1.197179e+00
  1.9900e+02     1.192906e+00
  1.9920e+02     1.188655e+00
  1.9940e+02     1.184424e+00
  1.9960e+02     1.180214e+00
  1.9980e+02     1.176025e+00
  2.0000e+02     1.171856e+00
  2.0020e+02     1.167707e+00
  2.0040e+02     1.163579e+00
  2.0060e+02     1.159471e+00
  2.0080e+02     1.155382e+00
  2.0100e+02     1.151314e+00
  2.0120e+02     1.147266e+00
  2.0140e+02     1.143237e+00
  2.0160e+02     1.139228e+00
  2.0180e+02     1.135238e+00
  2.0200e+02     1.131267e+00
  2.0220e+02     1.127316e+00
  2.0240e+02     1.123384e+00
  2.0260e+02     1.119471e+00
  2.0280e+02     1.115577e+00
  2.0300e+02     1.111702e+00
  2.0320e+02     1.107845e+00
  2.0340e+02     1.104007e+00
  2.0360e+02     1.100188e+00
  2.0380e+02     1.096387e+00
  2.0400e+02     1.092604e+00
  2.0420e+02     1.088840e+00
  2.0440e+02     1.085094e+00
  2.0460e+02     1.081365e+00
  2.0480e+02     1.077655e+00
  2.0500e+02     1.073962e+00
  2.0520e+02     1.070287e+00
  2.0540e+02     1.066630e+00
  2.0560e+02     1.062990e+00
  2.0580e+02     1.059368e+00
  2.0600e+02     1.055763e+00
  2.0620e+02     1.052175e+00
  2.0640e+02     1.048604e+00
  2.0660e+02     1.045051e+00
  2.0680e+02     1.041514e+00
  2.0700e+02     1.037994e+00
  2.0720e+02     1.034491e+00
  2.0740e+02     1.031005e+00
  2.0760e+02     1.027535e+00
  2.0780e+02     1.024081e+00
  2.0800e+02     1.020644e+00
  2.0820e+02     1.017224e+00
  2.0840e+02     1.013819e+00
  2.0860e+02     1.010431e+00
  2.0880e+02     1.007059e+00
  2.0900e+02     1.003703e+00
  2.0920e+02     1.000362e+00
  2.0940e+02     9.970379e-01
  2.0960e+02     9.937290e-01
  2.0980e+02     9.904357e-01
  2.1000e+02     9.871579e-01
  2.1020e+02     9.838955e-01
  2.1040e+02     9.806485e-01
  2.1060e+02     9.774168e-01
  2.1080e+02     9.742003e-01
  2.1100e+02     9.709989e-01
  2.1120e+02     9.678125e-01
  2.1140e+02     9.646411e-01
  2.1160e+02     9.614845e-01
  2.1180e+02     9.583427e-01
  2.1200e+02     9.552157e-01
  2.1220e+02     9.521032e-01
  2.1240e+02     9.490054e-01
  2.1260e+02     9.459220e-01
  2.1280e+02     9.428529e-01
  2.1300e+02     9.397983e-01
  2.1320e+02     9.367578e-01
  2.1340e+02     9.337315e-01
  2.1360e+02     9.307193e-01
  2.1380e+02     9.277212e-01
  2.1400e+02     9.247369e-01
  2.1420e+02     9.217666e-01
  2.1440e+02     9.188100e-01
  2.1460e+02     9.158671e-01
  2.1480e+02     9.129379e-01
  2.1500e+02     9.100223e-01
  2.1520e+02     9.071201e-01
  2.1540e+02     9.042314e-01
  2.1560e+02     9.013561e-01
  2.1580e+02     8.984940e-01
  2.1600e+02     8.956452e-01
  2.1620e+02     8.928095e-01
  2.1640e+02     8.899868e-01
  2.1660e+02     8.871772e-01
  2.1680e+02     8.843805e-01
  2.1700e+02     8.815967e-01
  2.1720e+02     8.788257e-01
  2.1740e+02     8.760674e-01
  2.1760e+02     8.733218e-01
  2.1780e+02     8.705888e-01
  2.1800e+02     8.678683e-01
  2.1820e+02     8.651603e-01
  2.1840e+02     8.624647e-01
  2.1860e+02     8.597815e-01
  2.1880e+02     8.571105e-01
  2.1900e+02     8.544517e-01
  2.1920e+02     8.518050e-01
  2.1940e+02     8.491705e-01
  2.1960e+02     8.465480e-01
  2.1980e+02     8.439374e-01
  2.2000e+02     8.413387e-01
  2.2020e+02     8.387518e-01
  2.2040e+02     8.361767e-01
  2.2060e+02     8.336133e-01
  2.2080e+02     8.310616e-01
  2.2100e+02     8.285214e-01
  2.2120e+02     8.259928e-01
  2.2140e+02     8.234757e-01
  2.2160e+02     8.209699e-01
  2.2180e+02     8.184755e-01
  2.2200e+02     8.159924e-01
  2.2220e+02     8.135205e-01
  2.2240e+02     8.110598e-01
  2.2260e+02     8.086102e-01
  2.2280e+02     8.061716e-01
  2.2300e+02     8.037440e-01
  2.2320e+02     8.013274e-01
  2.2340e+02     7.989217e-01
  2.2360e+02     7.965268e-01
  2.2380e+02     7.941427e-01
  2.2400e+02     7.917693e-01
  2.2420e+02     7.894065e-01
  2.2440e+02     7.870544e-01
  2.2460e+02     7.847128e-01
  2.2480e+02     7.823817e-01
  2.2500e+02     7.800611e-01
  2.2520e+02     7.777509e-01
  2.2540e+02     7.754510e-01
  2.2560e+02     7.731613e-01
  2.2580e+02     7.708820e-01
  2.2600e+02     7.686128e-01
  2.2620e+02     7.663537e-01
  2.2640e+02     7.641047e-01
  2.2660e+02     7.618657e-01
  2.2680e+02     7.596367e-01
  2.2700e+02     7.574176e-01
  2.2720e+02     7.552084e-01
  2.2740e+02     7.530091e-01
  2.2760e+02     7.508195e-01
  2.2780e+02     7.486396e-01
  2.2800e+02     7.464694e-01
  2.2820e+02     7.443088e-01
  2.2840e+02     7.421578e-01
  2.2860e+02     7.400163e-01
  2.2880e+02     7.378843e-01
  2.2900e+02     7.357618e-01
  2.2920e+02     7.336486e-01
  2.2940e+02     7.315448e-01
  2.2960e+02     7.294502e-01
  2.2980e+02     7.273649e-01
  2.3000e+02     7.252888e-01
  2.3020e+02     7.232218e-01
  2.3040e+02     7.211640e-01
  2.3060e+02     7.191152e-01
  2.3080e+02     7.170754e-01
  2.3100e+02     7.150446e-01
  2.3120e+02     7.130227e-01
  2.3140e+02     7.110097e-01
  2.3160e+02     7.090055e-01
  2.3180e+02     7.070101e-01
  2.3200e+02     7.050235e-01
  2.3220e+02     7.030456e-01
  2.3240e+02     7.010763e-01
  2.3260e+02     6.991156e-01
  2.3280e+02     6.971635e-01
  2.3300e+02     6.952200e-01
  2.3320e+02     6.932849e-01
  2.3340e+02     6.913583e-01
  2.3360e+02     6.894400e-01
  2.3380e+02     6.875302e-01
  2.3400e+02     6.856286e-01
  2.3420e+02     6.837354e-01
  2.3440e+02     6.818504e-01
  2.3460e+02     6.799735e-01
  2.3480e+02     6.781049e-01
  2.3500e+02     6.762443e-01
  2.3520e+02     6.743918e-01
  2.3540e+02     6.725474e-01
  2.3560e+02     6.707110e-01
  2.3580e+02     6.688825e-01
  2.3600e+02     6.670619e-01
  2.3620e+02     6.652492e-01
  2.3640e+02     6.634444e-01
  2.3660e+02     6.616473e-01
  2.3680e+02     6.598581e-01
  2.3700e+02     6.580765e-01
  2.3720e+02     6.563027e-01
  2.3740e+02     6.545365e-01
  2.3760e+02     6.527779e-01
  2.3780e+02     6.510268e-01
  2.3800e+02     6.492834e-01
  2.3820e+02     6.475474e-01
  2.3840e+02     6.458189e-01
  2.3860e+02     6.440978e-01
  2.3880e+02     6.423841e-01
  2.3900e+02     6.406778e-01
  2.3920e+02     6.389788e-01
  2.3940e+02     6.372870e-01
  2.3960e+02     6.356026e-01
  2.3980e+02     6.339253e-01
  2.4000e+02     6.322552e-01
  2.4020e+02     6.305923e-01
  2.4040e+02     6.289365e-01
  2.4060e+02     6.272878e-01
  2.4080e+02     6.256461e-01
  2.4100e+02     6.240114e-01
  2.4120e+02     6.223837e-01
  2.4140e+02     6.207629e-01
  2.4160e+02     6.191490e-01
  2.4180e+02     6.175420e-01
  2.4200e+02     6.159419e-01
  2.4220e+02     6.143486e-01
  2.4240e+02     6.127620e-01
  2.4260e+02     6.111822e-01
  2.4280e+02     6.096091e-01
  2.4300e+02     6.080427e-01
  2.4320e+02     6.064829e-01
  2.4340e+02     6.049297e-01
  2.4360e+02     6.033831e-01
  2.4380e+02     6.018431e-01
  2.4400e+02     6.003096e-01
  2.4420e+02     5.987826e-01
  2.4440e+02     5.972621e-01
  2.4460e+02     5.957479e-01
  2.4480e+02     5.942402e-01
  2.4500e+02     5.927389e-01
  2.4520e+02     5.912438e-01
  2.4540e+02     5.897551e-01
  2.4560e+02     5.882727e-01
  2.4580e+02     5.867965e-01
  2.4600e+02     5.853266e-01
  2.4620e+02     5.838628e-01
  2.4640e+02     5.824052e-01
  2.4660e+02     5.809537e-01
  2.4680e+02     5.795083e-01
  2.4700e+02     5.780690e-01
  2.4720e+02     5.766357e-01
  2.4740e+02     5.752085e-01
  2.4760e+02     5.737872e-01
  2.4780e+02     5.723719e-01
  2.4800e+02     5.709626e-01
  2.4820e+02     5.695591e-01
  2.4840e+02     5.681615e-01
  2.4860e+02     5.667698e-01
  2.4880e+02     5.653839e-01
  2.4900e+02     5.640038e-01
  2.4920e+02     5.626294e-01
  2.4940e+02     5.612608e-01
  2.4960e+02     5.598979e-01
  2.4980e+02     5.585407e-01
  2.5000e+02     5.571891e-01
  2.5020e+02     5.558432e-01
  2.5040e+02     5.545029e-01
  2.5060e+02     5.531682e-01
  2.5080e+02     5.518390e-01
  2.5100e+02     5.505154e-01
  2.5120e+02     5.491973e-01
  2.5140e+02     5.478846e-01
  2.5160e+02     5.465774e-01
  2.5180e+02     5.452757e-01
  2.5200e+02     5.439793e-01
  2.5220e+02     5.426883e-01
  2.5240e+02     5.414027e-01
  2.5260e+02     5.401224e-01
  2.5280e+02     5.388474e-01
  2.5300e+02     5.375777e-01
  2.5320e+02     5.363133e-01
  2.5340e+02     5.350540e-01
  2.5360e+02     5.338000e-01
  2.5380e+02     5.325512e-01
  2.5400e+02     5.313075e-01
  2.5420e+02     5.300690e-01
  2.5440e+02     5.288356e-01
  2.5460e+02     5.276073e-01
  2.5480e+02     5.263840e-01
  2.5500e+02     5.251658e-01
  2.5520e+02     5.239526e-01
  2.5540e+02     5.227444e-01
  2.5560e+02     5.215412e-01
  2.5580e+02     5.203430e-01
  2.5600e+02     5.191496e-01
  2.5620e+02     5.179612e-01
  2.5640e+02     5.167777e-01
  2.5660e+02     5.155990e-01
  2.5680e+02     5.144252e-01
  2.5700e+02     5.132562e-01
  2.5720e+02     5.120920e-01
  2.5740e+02     5.109325e-01
  2.5760e+02     5.097779e-01
  2.5780e+02     5.086279e-01
  2.5800e+02     5.074827e-01
  2.5820e+02     5.063422e-01
  2.5840e+02     5.052063e-01
  2.5860e+02     5.040751e-01
  2.5880e+02     5.029485e-01
  2.5900e+02     5.018265e-01
  2.5920e+02     5.007091e-01
  2.5940e+02     4.995963e-01
  2.5960e+02     4.984880e-01
  2.5980e+02     4.973843e-01
  2.6000e+02     4.962851e-01
  2.6020e+02     4.951903e-01
  2.6040e+02     4.941000e-01
  2.6060e+02     4.930142e-01
  2.6080e+02     4.919327e-01
  2.6100e+02     4.908557e-01
  2.6120e+02     4.897831e-01
  2.6140e+02     4.887149e-01
  2.6160e+02     4.876510e-01
  2.6180e+02     4.865914e-01
  2.6200e+02     4.855361e-01
  2.6220e+02     4.844852e-01
  2.6240e+02     4.834385e-01
  2.6260e+02     4.823960e-01
  2.6280e+02     4.813578e-01
  2.6300e+02     4.803238e-01
  2.6320e+02     4.792940e-01
  2.6340e+02     4.782684e-01
  2.6360e+02     4.772469e-01
  2.6380e+02     4.762296e-01
  2.6400e+02     4.752164e-01
  2.6420e+02     4.742074e-01
  2.6440e+02     4.732024e-01
  2.6460e+02     4.722014e-01
  2.6480e+02     4.712046e-01
  2.6500e+02     4.702117e-01
  2.6520e+02     4.692229e-01
  2.6540e+02     4.682381e-01
  2.6560e+02     4.672573e-01
  2.6580e+02     4.662804e-01
  2.6600e+02     4.653075e-01
  2.6620e+02     4.643385e-01
  2.6640e+02     4.633735e-01
  2.6660e+02     4.624123e-01
  2.6680e+02     4.614550e-01
  2.6700e+02     4.605016e-01
  2.6720e+02     4.595520e-01
  2.6740e+02     4.586062e-01
  2.6760e+02     4.576643e-01
  2.6780e+02     4.567262e-01
  2.6800e+02     4.557918e-01
  2.6820e+02     4.548612e-01
  2.6840e+02     4.539344e-01
  2.6860e+02     4.530113e-01
  2.6880e+02     4.520919e-01
  2.6900e+02     4.511762e-01
  2.6920e+02     4.502642e-01
  2.6940e+02     4.493559e-01
  2.6960e+02     4.484512e-01
  2.6980e+02     4.475501e-01
  2.7000e+02     4.466527e-01
  2.7020e+02     4.457589e-01
  2.7040e+02     4.448687e-01
  2.7060e+02     4.439821e-01
  2.7080e+02     4.430990e-01
  2.7100e+02     4.422195e-01
  2.7120e+02     4.413435e-01
  2.7140e+02     4.404710e-01
  2.7160e+02     4.396020e-01
  2.7180e+02     4.387365e-01
  2.7200e+02     4.378745e-01
  2.7220e+02     4.370159e-01
  2.7240e+02     4.361608e-01
  2.7260e+02     4.353091e-01
  2.7280e+02     4.344609e-01
  2.7300e+02     4.336160e-01
  2.7320e+02     4.327745e-01
  2.7340e+02     4.319364e-01
  2.7360e+02     4.311016e-01
  2.7380e+02     4.302702e-01
  2.7400e+02     4.294421e-01
  2.7420e+02     4.286174e-01
  2.7440e+02     4.277959e-01
  2.7460e+02     4.269777e-01
  2.7480e+02     4.261628e-01
  2.7500e+02     4.253512e-01
  2.7520e+02     4.245428e-01
  2.7540e+02     4.237376e-01
  2.7560e+02     4.229357e-01
  2.7580e+02     4.221370e-01
  2.7600e+02     4.213414e-01
  2.7620e+02     4.205491e-01
  2.7640e+02     4.197599e-01
  2.7660e+02     4.189738e-01
  2.7680e+02     4.181910e-01
  2.7700e+02     4.174112e-01
  2.7720e+02     4.166345e-01
  2.7740e+02     4.158610e-01
  2.7760e+02     4.150906e-01
  2.7780e+02     4.143232e-01
  2.7800e+02     4.135589e-01
  2.7820e+02     4.127976e-01
  2.7840e+02     4.120394e-01
  2.7860e+02     4.112842e-01
  2.7880e+02     4.105321e-01
  2.7900e+02     4.097829e-01
  2.7920e+02     4.090367e-01
  2.7940e+02     4.082935e-01
  2.7960e+02     4.075533e-01
  2.7980e+02     4.068160e-01
  2.8000e+02     4.060817e-01
  2.8020e+02     4.053503e-01
  2.8040e+02     4.046218e-01
  2.8060e+02     4.038962e-01
  2.8080e+02     4.031736e-01
  2.8100e+02     4.024538e-01
  2.8120e+02     4.017369e-01
  2.8140e+02     4.010228e-01
  2.8160e+02     4.003116e-01
  2.8180e+02     3.996032e-01
  2.8200e+02     3.988977e-01
  2.8220e+02     3.981950e-01
  2.8240e+02     3.974951e-01
  2.8260e+02     3.967979e-01
  2.8280e+02     3.961036e-01
  2.8300e+02     3.954120e-01
  2.8320e+02     3.947232e-01
  2.8340e+02     3.940371e-01
  2.8360e+02     3.933538e-01
  2.8380e+02     3.926732e-01
  2.8400e+02     3.919953e-01
  2.8420e+02     3.913201e-01
  2.8440e+02     3.906477e-01
  2.8460e+02     3.899779e-01
  2.8480e+02     3.893107e-01
  2.8500e+02     3.886463e-01
  2.8520e+02     3.879845e-01
  2.8540e+02     3.873253e-01
  2.8560e+02     3.866688e-01
  2.8580e+02     3.860149e-01
  2.8600e+02     3.853636e-01
  2.8620e+02     3.847149e-01
  2.8640e+02     3.840688e-01
  2.8660e+02     3.834253e-01
  2.8680e+02     3.827843e-01
  2.8700e+02     3.821459e-01
  2.8720e+02     3.815101e-01
  2.8740e+02     3.808768e-01
  2.8760e+02     3.802460e-01
  2.8780e+02     3.796178e-01
  2.8800e+02     3.789920e-01
  2.8820e+02     3.783688e-01
  2.8840e+02     3.777481e-01
  2.8860e+02     3.771298e-01
  2.8880e+02     3.765140e-01
  2.8900e+02     3.759007e-01
  2.8920e+02     3.752898e-01
  2.8940e+02     3.746814e-01
  2.8960e+02     3.740754e-01
  2.8980e+02     3.734719e-01
  2.9000e+02     3.728707e-01
  2.9020e+02     3.722720e-01
  2.9040e+02     3.716757e-01
  2.9060e+02     3.710817e-01
  2.9080e+02     3.704902e-01
  2.9100e+02     3.699010e-01
  2.9120e+02     3.693141e-01
  2.9140e+02     3.687297e-01
  2.9160e+02     3.681475e-01
  2.9180e+02     3.675677e-01
  2.9200e+02     3.669903e-01
  2.9220e+02     3.664151e-01
  2.9240e+02     3.658423e-01
  2.9260e+02     3.652717e-01
  2.9280e+02     3.647035e-01
  2.9300e+02     3.641375e-01
  2.9320e+02     3.635738e-01
  2.9340e+02     3.630124e-01
  2.9360e+02     3.624532e-01
  2.9380e+02     3.618963e-01
  2.9400e+02     3.613417e-01
  2.9420e+02     3.607892e-01
  2.9440e+02     3.602390e-01
  2.9460e+02     3.596910e-01
  2.9480e+02     3.591452e-01
  2.9500e+02     3.586016e-01
  2.9520e+02     3.580602e-01
  2.9540e+02     3.575210e-01
  2.9560e+02     3.569840e-01
  2.9580e+02     3.564491e-01
  2.9600e+02     3.559164e-01
  2.9620e+02     3.553858e-01
  2.9640e+02     3.548574e-01
  2.9660e+02     3.543311e-01
  2.9680e+02     3.538069e-01
  2.9700e+02     3.532849e-01
  2.9720e+02     3.527650e-01
  2.9740e+02     3.522472e-01
  2.9760e+02     3.517315e-01
  2.9780e+02     3.512178e-01
  2.9800e+02     3.507063e-01
  2.9820e+02     3.501968e-01
  2.9840e+02     3.496894e-01
  2.9860e+02     3.491841e-01
  2.9880e+02     3.486808e-01
  2.9900e+02     3.481795e-01
  2.9920e+02     3.476803e-01
  2.9940e+02     3.471831e-01
  2.9960e+02     3.466880e-01
  2.9980e+02     3.461948e-01
  3.0000e+02     3.457037e-01
  3.0020e+02     3.452145e-01
  3.0040e+02     3.447274e-01
  3.0060e+02     3.442422e-01
  3.0080e+02     3.437591e-01
  3.0100e+02     3.432779e-01
  3.0120e+02     3.427986e-01
  3.0140e+02     3.423214e-01
  3.0160e+02     3.418460e-01
  3.0180e+02     3.413727e-01
  3.0200e+02     3.409012e-01
  3.0220e+02     3.404317e-01
  3.0240e+02     3.399641e-01
  3.0260e+02     3.394985e-01
  3.0280e+02     3.390347e-01
  3.0300e+02     3.385728e-01
  3.0320e+02     3.381129e-01
  3.0340e+02     3.376548e-01
  3.0360e+02     3.371986e-01
  3.0380e+02     3.367443e-01
  3.0400e+02     3.362919e-01
  3.0420e+02     3.358414e-01
  3.0440e+02     3.353926e-01
  3.0460e+02     3.349458e-01
  3.0480e+02     3.345008e-01
  3.0500e+02     3.340576e-01
  3.0520e+02     3.336163e-01
  3.0540e+02     3.331768e-01
  3.0560e+02     3.327391e-01
  3.0580e+02     3.323032e-01
  3.0600e+02     3.318691e-01
  3.0620e+02     3.314369e-01
  3.0640e+02     3.310064e-01
  3.0660e+02     3.305777e-01
  3.0680e+02     3.301508e-01
  3.0700e+02     3.297257e-01
  3.0720e+02     3.293024e-01
  3.0740e+02     3.288808e-01
  3.0760e+02     3.284609e-01
  3.0780e+02     3.280429e-01
  3.0800e+02     3.276266e-01
  3.0820e+02     3.272120e-01
  3.0840e+02     3.267991e-01
  3.0860e+02     3.263880e-01
  3.0880e+02     3.259786e-01
  3.0900e+02     3.255709e-01
  3.0920e+02     3.251650e-01
  3.0940e+02     3.247607e-01
  3.0960e+02     3.243582e-01
  3.0980e+02     3.239573e-01
  3.1000e+02     3.235582e-01
  3.1020e+02     3.231607e-01
  3.1040e+02     3.227649e-01
  3.1060e+02     3.223707e-01
  3.1080e+02     3.219783e-01
  3.1100e+02     3.215875e-01
  3.1120e+02     3.211983e-01
  3.1140e+02     3.208108e-01
  3.1160e+02     3.204250e-01
  3.1180e+02     3.200408e-01
  3.1200e+02     3.196582e-01
  3.1220e+02     3.192773e-01
  3.1240e+02     3.188980e-01
  3.1260e+02     3.185203e-01
  3.1280e+02     3.181442e-01
  3.1300e+02     3.177697e-01
  3.1320e+02     3.173968e-01
  3.1340e+02     3.170256e-01
  3.1360e+02     3.166559e-01
  3.1380e+02     3.162878e-01
  3.1400e+02     3.159213e-01
  3.1420e+02     3.155564e-01
  3.1440e+02     3.151930e-01
  3.1460e+02     3.148312e-01
  3.1480e+02     3.144710e-01
  3.1500e+02     3.141124e-01
  3.1520e+02     3.137552e-01
  3.1540e+02     3.133997e-01
  3.1560e+02     3.130457e-01
  3.1580e+02     3.126932e-01
  3.1600e+02     3.123422e-01
  3.1620e+02     3.119928e-01
  3.1640e+02     3.116449e-01
  3.1660e+02     3.112986e-01
  3.1680e+02     3.109537e-01
  3.1700e+02     3.106104e-01
  3.1720e+02     3.102685e-01
  3.1740e+02     3.099282e-01
  3.1760e+02     3.095893e-01
  3.1780e+02     3.092520e-01
  3.1800e+02     3.089161e-01
  3.1820e+02     3.085817e-01
  3.1840e+02     3.082488e-01
  3.1860e+02     3.079174e-01
  3.1880e+02     3.075874e-01
  3.1900e+02     3.072589e-01
  3.1920e+02     3.069319e-01
  3.1940e+02     3.066063e-01
  3.1960e+02     3.062822e-01
  3.1980e+02     3.059595e-01
  3.2000e+02     3.056382e-01
  3.2020e+02     3.053184e-01
  3.2040e+02     3.050000e-01
  3.2060e+02     3.046831e-01
  3.2080e+02     3.043676e-01
  3.2100e+02     3.040535e-01
  3.2120e+02     3.037408e-01
  3.2140e+02     3.034295e-01
  3.2160e+02     3.031197e-01
  3.2180e+02     3.028112e-01
  3.2200e+02     3.025041e-01
  3.2220e+02     3.021985e-01
  3.2240e+02     3.018942e-01
  3.2260e+02     3.015913e-01
  3.2280e+02     3.012898e-01
  3.2300e+02     3.009897e-01
  3.2320e+02     3.006909e-01
  3.2340e+02     3.003936e-01
  3.2360e+02     3.000975e-01
  3.2380e+02     2.998029e-01
  3.2400e+02     2.995096e-01
  3.2420e+02     2.992177e-01
  3.2440e+02     2.989271e-01
  3.2460e+02     2.986379e-01
  3.2480e+02     2.983500e-01
  3.2500e+02     2.980634e-01
  3.2520e+02     2.977782e-01
  3.2540e+02     2.974943e-01
  3.2560e+02     2.972118e-01
  3.2580e+02     2.969306e-01
  3.2600e+02     2.966506e-01
  3.2620e+02     2.963721e-01
  3.2640e+02     2.960948e-01
  3.2660e+02     2.958188e-01
  3.2680e+02     2.955442e-01
  3.2700e+02     2.952708e-01
  3.2720e+02     2.949987e-01
  3.2740e+02     2.947280e-01
  3.2760e+02     2.944585e-01
  3.2780e+02     2.941903e-01
  3.2800e+02     2.939234e-01
  3.2820e+02     2.936578e-01
  3.2840e+02     2.933934e-01
  3.2860e+02     2.931304e-01
  3.2880e+02     2.928686e-01
  3.2900e+02     2.926080e-01
  3.2920e+02     2.923488e-01
  3.2940e+02     2.920908e-01
  3.2960e+02     2.918340e-01
  3.2980e+02     2.915785e-01
  3.3000e+02     2.913243e-01
  3.3020e+02     2.910713e-01
  3.3040e+02     2.908195e-01
  3.3060e+02     2.905690e-01
  3.3080e+02     2.903197e-01
  3.3100e+02     2.900717e-01
  3.3120e+02     2.898248e-01
  3.3140e+02     2.895793e-01
  3.3160e+02     2.893349e-01
  3.3180e+02     2.890917e-01
  3.3200e+02     2.888498e-01
  3.3220e+02     2.886091e-01
  3.3240e+02     2.883696e-01
  3.3260e+02     2.881313e-01
  3.3280e+02     2.878942e-01
  3.3300e+02     2.876583e-01
  3.3320e+02     2.874236e-01
  3.3340e+02     2.871901e-01
  3.3360e+02     2.869578e-01
  3.3380e+02     2.867267e-01
  3.3400e+02     2.864967e-01
  3.3420e+02     2.862680e-01
  3.3440e+02     2.860404e-01
  3.3460e+02     2.858140e-01
  3.3480e+02     2.855888e-01
  3.3500e+02     2.853647e-01
  3.3520e+02     2.851419e-01
  3.3540e+02     2.849202e-01
  3.3560e+02     2.846996e-01
  3.3580e+02     2.844802e-01
  3.3600e+02     2.842620e-01
  3.3620e+02     2.840449e-01
  3.3640e+02     2.838289e-01
  3.3660e+02     2.836142e-01
  3.3680e+02     2.834005e-01
  3.3700e+02     2.831880e-01
  3.3720e+02     2.829767e-01
  3.3740e+02     2.827664e-01
  3.3760e+02     2.825573e-01
  3.3780e+02     2.823494e-01
  3.3800e+02     2.821426e-01
  3.3820e+02     2.819368e-01
  3.3840e+02     2.817323e-01
  3.3860e+02     2.815288e-01
  3.3880e+02     2.813265e-01
  3.3900e+02     2.811252e-01
  3.3920e+02     2.809251e-01
  3.3940e+02     2.807261e-01
  3.3960e+02     2.805282e-01
  3.3980e+02     2.803314e-01
  3.4000e+02     2.801357e-01
  3.4020e+02     2.799411e-01
  3.4040e+02     2.797476e-01
  3.4060e+02     2.795552e-01
  3.4080e+02     2.793639e-01
  3.4100e+02     2.791737e-01
  3.4120e+02     2.789846e-01
  3.4140e+02     2.787965e-01
  3.4160e+02     2.786095e-01
  3.4180e+02     2.784237e-01
  3.4200e+02     2.782388e-01
  3.4220e+02     2.780551e-01
  3.4240e+02     2.778724e-01
  3.4260e+02     2.776908e-01
  3.4280e+02     2.775103e-01
  3.4300e+02     2.773309e-01
  3.4320e+02     2.771525e-01
  3.4340e+02     2.769751e-01
  3.4360e+02     2.767988e-01
  3.4380e+02     2.766236e-01
  3.4400e+02     2.764494e-01
  3.4420e+02     2.762763e-01
  3.4440e+02     2.761042e-01
  3.4460e+02     2.759332e-01
  3.4480e+02     2.757632e-01
  3.4500e+02     2.755943e-01
  3.4520e+02     2.754264e-01
  3.4540e+02     2.752595e-01
  3.4560e+02     2.750937e-01
  3.4580e+02     2.749289e-01
  3.4600e+02     2.747651e-01
  3.4620e+02     2.746024e-01
  3.4640e+02     2.744407e-01
  3.4660e+02     2.742800e-01
  3.4680e+02     2.741203e-01
  3.4700e+02     2.739617e-01
  3.4720e+02     2.738041e-01
  3.4740e+02     2.736474e-01
  3.4760e+02     2.734919e-01
  3.4780e+02     2.733373e-01
  3.4800e+02     2.731837e-01
  3.4820e+02     2.730311e-01
  3.4840e+02     2.728796e-01
  3.4860e+02     2.727290e-01
  3.4880e+02     2.725795e-01
  3.4900e+02     2.724309e-01
  3.4920e+02     2.722834e-01
  3.4940e+02     2.721368e-01
  3.4960e+02     2.719912e-01
  3.4980e+02     2.718467e-01
  3.5000e+02     2.717031e-01
  3.5020e+02     2.715605e-01
  3.5040e+02     2.714189e-01
  3.5060e+02     2.712783e-01
  3.5080e+02     2.711386e-01
  3.5100e+02     2.710000e-01
  3.5120e+02     2.708623e-01
  3.5140e+02     2.707256e-01
  3.5160e+02     2.705898e-01
  3.5180e+02     2.704551e-01
  3.5200e+02     2.703213e-01
  3.5220e+02     2.701885e-01
  3.5240e+02     2.700566e-01
  3.5260e+02     2.699257e-01
  3.5280e+02     2.697958e-01
  3.5300e+02     2.696669e-01
  3.5320e+02     2.695389e-01
  3.5340e+02     2.694118e-01
  3.5360e+02     2.692858e-01
  3.5380e+02     2.691606e-01
  3.5400e+02     2.690365e-01
  3.5420e+02     2.689133e-01
  3.5440e+02     2.687910e-01
  3.5460e+02     2.686697e-01
  3.5480e+02     2.685493e-01
  3.5500e+02     2.684299e-01
  3.5520e+02     2.683114e-01
  3.5540e+02     2.681939e-01
  3.5560e+02     2.680773e-01
  3.5580e+02     2.679616e-01
  3.5600e+02     2.678469e-01
  3.5620e+02     2.677331e-01
  3.5640e+02     2.676203e-01
  3.5660e+02     2.675084e-01
  3.5680e+02     2.673974e-01
  3.5700e+02     2.672873e-01
  3.5720e+02     2.671782e-01
  3.5740e+02     2.670700e-01
  3.5760e+02     2.669627e-01
  3.5780e+02     2.668564e-01
  3.5800e+02     2.667510e-01
  3.5820e+02     2.666465e-01
  3.5840e+02     2.665429e-01
  3.5860e+02     2.664402e-01
  3.5880e+02     2.663385e-01
  3.5900e+02     2.662376e-01
  3.5920e+02     2.661377e-01
  3.5940e+02     2.660387e-01
  3.5960e+02     2.659406e-01
  3.5980e+02     2.658434e-01
