# Epidemic | 7 days incidence [ x-unit: days | y-unit: per 100000 ]
  0.0000e+00     3.618006e+02
  2.0000e-01     3.596208e+02
  4.0000e-01     3.574462e+02
  6.0000e-01     3.552770e+02
  8.0000e-01     3.531132e+02
  1.0000e+00     3.509548e+02
  1.2000e+00     3.488022e+02
  1.4000e+00     3.466552e+02
  1.6000e+00     3.445141e+02
  1.8000e+00     3.423790e+02
  2.0000e+00     3.402498e+02
  2.2000e+00     3.381269e+02
  2.4000e+00     3.360101e+02
  2.6000e+00     3.338997e+02
  2.8000e+00     3.317957e+02
  3.0000e+00     3.296982e+02
  3.2000e+00     3.276073e+02
  3.4000e+00     3.255231e+02
  3.6000e+00     3.234457e+02
  3.8000e+00     3.213751e+02
  4.0000e+00     3.193114e+02
  4.2000e+00     3.172548e+02
  4.4000e+00     3.152052e+02
  4.6000e+00     3.131628e+02
  4.8000e+00     3.111276e+02
  5.0000e+00     3.090997e+02
  5.2000e+00     3.070792e+02
  5.4000e+00     3.050662e+02
  5.6000e+00     3.030606e+02
  5.8000e+00     3.010627e+02
  6.0000e+00     2.990723e+02
  6.2000e+00     2.970897e+02
  6.4000e+00     2.951148e+02
  6.6000e+00     2.931477e+02
  6.8000e+00     2.911885e+02
  7.0000e+00     2.892372e+02
  7.2000e+00     2.877486e+02
  7.4000e+00     2.863150e+02
  7.6000e+00     2.848858e+02
  7.8000e+00     2.834610e+02
  8.0000e+00     2.820406e+02
  8.2000e+00     2.806246e+02
  8.4000e+00     2.792129e+02
  8.6000e+00     2.778057e+02
  8.8000e+00     2.764028e+02
  9.0000e+00     2.750042e+02
  9.2000e+00     2.736101e+02
  9.4000e+00     2.722203e+02
  9.6000e+00     2.708349e+02
  9.8000e+00     2.694539e+02
  1.0000e+01     2.680772e+02
  1.0200e+01     2.667049e+02
  1.0400e+01     2.653370e+02
  1.0600e+01     2.639735e+02
  1.0800e+01     2.626143e+02
  1.1000e+01     2.612595e+02
  1.1200e+01     2.599091e+02
  1.1400e+01     2.585631e+02
  1.1600e+01     2.572214e+02
  1.1800e+01     2.558841e+02
  1.2000e+01     2.545512e+02
  1.2200e+01     2.532226e+02
  1.2400e+01     2.518985e+02
  1.2600e+01     2.505787e+02
  1.2800e+01     2.492633e+02
  1.3000e+01     2.479522e+02
  1.3200e+01     2.466456e+02
  1.3400e+01     2.453434e+02
  1.3600e+01     2.440455e+02
  1.3800e+01     2.427520e+02
  1.4000e+01     2.414629e+02
  1.4200e+01     2.401782e+02
  1.4400e+01     2.388979e+02
  1.4600e+01     2.376220e+02
  1.4800e+01     2.363504e+02
  1.5000e+01     2.350833e+02
  1.5200e+01     2.338206e+02
  1.5400e+01     2.325623e+02
  1.5600e+01     2.313083e+02
  1.5800e+01     2.300588e+02
  1.6000e+01     2.288137e+02
  1.6200e+01     2.275730e+02
  1.6400e+01     2.263367e+02
  1.6600e+01     2.251048e+02
  1.6800e+01     2.238773e+02
  1.7000e+01     2.226543e+02
  1.7200e+01     2.214356e+02
  1.7400e+01     2.202214e+02
  1.7600e+01     2.190116e+02
  1.7800e+01     2.178062e+02
  1.8000e+01     2.166053e+02
  1.8200e+01     2.154087e+02
  1.8400e+01     2.142166e+02
  1.8600e+01     2.130290e+02
  1.8800e+01     2.118457e+02
  1.9000e+01     2.106669e+02
  1.9200e+01     2.094925e+02
  1.9400e+01     2.083226e+02
  1.9600e+01     2.071571e+02
  1.9800e+01     2.059960e+02
  2.0000e+01     2.048394e+02
  2.0200e+01     2.036872e+02
  2.0400e+01     2.025394e+02
  2.0600e+01     2.013961e+02
  2.0800e+01     2.002573e+02
  2.1000e+01     1.991229e+02
  2.1200e+01     1.976717e+02
  2.1400e+01     1.961934e+02
  2.1600e+01     1.947239e+02
  2.1800e+01     1.932632e+02
  2.2000e+01     1.918112e+02
  2.2200e+01     1.903680e+02
  2.2400e+01     1.889335e+02
  2.2600e+01     1.875077e+02
  2.2800e+01     1.860906e+02
  2.3000e+01     1.846821e+02
  2.3200e+01     1.832824e+02
  2.3400e+01     1.818912e+02
  2.3600e+01     1.805087e+02
  2.3800e+01     1.791348e+02
  2.4000e+01     1.777695e+02
  2.4200e+01     1.764128e+02
  2.4400e+01     1.750646e+02
  2.4600e+01     1.737249e+02
  2.4800e+01     1.723937e+02
  2.5000e+01     1.710710e+02
  2.5200e+01     1.697567e+02
  2.5400e+01     1.684509e+02
  2.5600e+01     1.671534e+02
  2.5800e+01     1.658644e+02
  2.6000e+01     1.645837e+02
  2.6200e+01     1.633113e+02
  2.6400e+01     1.620473e+02
  2.6600e+01     1.607915e+02
  2.6800e+01     1.595439e+02
  2.7000e+01     1.583046e+02
  2.7200e+01     1.570735e+02
  2.7400e+01     1.558505e+02
  2.7600e+01     1.546357e+02
  2.7800e+01     1.534290e+02
  2.8000e+01     1.522304e+02
  2.8200e+01     1.510398e+02
  2.8400e+01     1.498572e+02
  2.8600e+01     1.486826e+02
  2.8800e+01     1.475160e+02
  2.9000e+01     1.463573e+02
  2.9200e+01     1.452065e+02
  2.9400e+01     1.440636e+02
  2.9600e+01     1.429285e+02
  2.9800e+01     1.418011e+02
  3.0000e+01     1.406816e+02
  3.0200e+01     1.395698e+02
  3.0400e+01     1.384657e+02
  3.0600e+01     1.373692e+02
  3.0800e+01     1.362804e+02
  3.1000e+01     1.351992e+02
  3.1200e+01     1.341256e+02
  3.1400e+01     1.330595e+02
  3.1600e+01     1.320008e+02
  3.1800e+01     1.309497e+02
  3.2000e+01     1.299060e+02
  3.2200e+01     1.288696e+02
  3.2400e+01     1.278407e+02
  3.2600e+01     1.268190e+02
  3.2800e+01     1.258047e+02
  3.3000e+01     1.247976e+02
  3.3200e+01     1.237977e+02
  3.3400e+01     1.228050e+02
  3.3600e+01     1.218194e+02
  3.3800e+01     1.208410e+02
  3.4000e+01     1.198696e+02
  3.4200e+01     1.189052e+02
  3.4400e+01     1.179479e+02
  3.4600e+01     1.169975e+02
  3.4800e+01     1.160541e+02
  3.5000e+01     1.151175e+02
  3.5200e+01     1.141878e+02
  3.5400e+01     1.132649e+02
  3.5600e+01     1.123488e+02
  3.5800e+01     1.114394e+02
  3.6000e+01     1.105368e+02
  3.6200e+01     1.096408e+02
  3.6400e+01     1.087514e+02
  3.6600e+01     1.078687e+02
  3.6800e+01     1.069925e+02
  3.7000e+01     1.061228e+02
  3.7200e+01     1.052596e+02
  3.7400e+01     1.044029e+02
  3.7600e+01     1.035526e+02
  3.7800e+01     1.027086e+02
  3.8000e+01     1.018710e+02
  3.8200e+01     1.010397e+02
  3.8400e+01     1.002147e+02
  3.8600e+01     9.939589e+01
  3.8800e+01     9.858326e+01
  3.9000e+01     9.777679e+01
  3.9200e+01     9.697643e+01
  3.9400e+01     9.618215e+01
  3.9600e+01     9.539392e+01
  3.9800e+01     9.461169e+01
  4.0000e+01     9.383543e+01
  4.0200e+01     9.306510e+01
  4.0400e+01     9.230067e+01
  4.0600e+01     9.154210e+01
  4.0800e+01     9.078935e+01
  4.1000e+01     9.004239e+01
  4.1200e+01     8.930118e+01
  4.1400e+01     8.856569e+01
  4.1600e+01     8.783587e+01
  4.1800e+01     8.711170e+01
  4.2000e+01     8.639313e+01
  4.2200e+01     8.568013e+01
  4.2400e+01     8.497266e+01
  4.2600e+01     8.427070e+01
  4.2800e+01     8.357420e+01
  4.3000e+01     8.288312e+01
  4.3200e+01     8.219744e+01
  4.3400e+01     8.151711e+01
  4.3600e+01     8.084210e+01
  4.3800e+01     8.017239e+01
  4.4000e+01     7.950792e+01
  4.4200e+01     7.884867e+01
  4.4400e+01     7.819459e+01
  4.4600e+01     7.754567e+01
  4.4800e+01     7.690186e+01
  4.5000e+01     7.626313e+01
  4.5200e+01     7.562944e+01
  4.5400e+01     7.500075e+01
  4.5600e+01     7.437705e+01
  4.5800e+01     7.375828e+01
  4.6000e+01     7.314442e+01
  4.6200e+01     7.253544e+01
  4.6400e+01     7.193129e+01
  4.6600e+01     7.133196e+01
  4.6800e+01     7.073739e+01
  4.7000e+01     7.014757e+01
  4.7200e+01     6.956245e+01
  4.7400e+01     6.898200e+01
  4.7600e+01     6.840620e+01
  4.7800e+01     6.783501e+01
  4.8000e+01     6.726839e+01
  4.8200e+01     6.670631e+01
  4.8400e+01     6.614875e+01
  4.8600e+01     6.559567e+01
  4.8800e+01     6.504703e+01
  4.9000e+01     6.450281e+01
  4.9200e+01     6.396297e+01
  4.9400e+01     6.342749e+01
  4.9600e+01     6.289633e+01
  4.9800e+01     6.236946e+01
  5.0000e+01     6.184685e+01
  5.0200e+01     6.132846e+01
  5.0400e+01     6.081428e+01
  5.0600e+01     6.030426e+01
  5.0800e+01     5.979838e+01
  5.1000e+01     5.929660e+01
  5.1200e+01     5.879890e+01
  5.1400e+01     5.830525e+01
  5.1600e+01     5.781561e+01
  5.1800e+01     5.732996e+01
  5.2000e+01     5.684827e+01
  5.2200e+01     5.637051e+01
  5.2400e+01     5.589665e+01
  5.2600e+01     5.542665e+01
  5.2800e+01     5.496050e+01
  5.3000e+01     5.449816e+01
  5.3200e+01     5.403961e+01
  5.3400e+01     5.358481e+01
  5.3600e+01     5.313374e+01
  5.3800e+01     5.268637e+01
  5.4000e+01     5.224267e+01
  5.4200e+01     5.180261e+01
  5.4400e+01     5.136617e+01
  5.4600e+01     5.093332e+01
  5.4800e+01     5.050403e+01
  5.5000e+01     5.007828e+01
  5.5200e+01     4.965603e+01
  5.5400e+01     4.923727e+01
  5.5600e+01     4.882196e+01
  5.5800e+01     4.841008e+01
  5.6000e+01     4.800160e+01
  5.6200e+01     4.759649e+01
  5.6400e+01     4.719474e+01
  5.6600e+01     4.679631e+01
  5.6800e+01     4.640118e+01
  5.7000e+01     4.600932e+01
  5.7200e+01     4.562071e+01
  5.7400e+01     4.523532e+01
  5.7600e+01     4.485313e+01
  5.7800e+01     4.447411e+01
  5.8000e+01     4.409824e+01
  5.8200e+01     4.372549e+01
  5.8400e+01     4.335584e+01
  5.8600e+01     4.298926e+01
  5.8800e+01     4.262574e+01
  5.9000e+01     4.226524e+01
  5.9200e+01     4.190775e+01
  5.9400e+01     4.155323e+01
  5.9600e+01     4.120168e+01
  5.9800e+01     4.085305e+01
  6.0000e+01     4.050733e+01
  6.0200e+01     4.016451e+01
  6.0400e+01     3.982454e+01
  6.0600e+01     3.948742e+01
  6.0800e+01     3.915311e+01
  6.1000e+01     3.882160e+01
  6.1200e+01     3.849286e+01
  6.1400e+01     3.816688e+01
  6.1600e+01     3.784363e+01
  6.1800e+01     3.752308e+01
  6.2000e+01     3.720522e+01
  6.2200e+01     3.689003e+01
  6.2400e+01     3.657748e+01
  6.2600e+01     3.626756e+01
  6.2800e+01     3.596023e+01
  6.3000e+01     3.565549e+01
  6.3200e+01     3.535330e+01
  6.3400e+01     3.505366e+01
  6.3600e+01     3.475653e+01
  6.3800e+01     3.446191e+01
  6.4000e+01     3.416976e+01
  6.4200e+01     3.388007e+01
  6.4400e+01     3.359282e+01
  6.4600e+01     3.330799e+01
  6.4800e+01     3.302556e+01
  6.5000e+01     3.274551e+01
  6.5200e+01     3.246782e+01
  6.5400e+01     3.219247e+01
  6.5600e+01     3.191944e+01
  6.5800e+01     3.164872e+01
  6.6000e+01     3.138028e+01
  6.6200e+01     3.111411e+01
  6.6400e+01     3.085019e+01
  6.6600e+01     3.058849e+01
  6.6800e+01     3.032901e+01
  6.7000e+01     3.007172e+01
  6.7200e+01     2.981661e+01
  6.7400e+01     2.956365e+01
  6.7600e+01     2.931283e+01
  6.7800e+01     2.906414e+01
  6.8000e+01     2.881755e+01
  6.8200e+01     2.857305e+01
  6.8400e+01     2.833061e+01
  6.8600e+01     2.809023e+01
  6.8800e+01     2.785189e+01
  6.9000e+01     2.761557e+01
  6.9200e+01     2.738125e+01
  6.9400e+01     2.714892e+01
  6.9600e+01     2.691855e+01
  6.9800e+01     2.669015e+01
  7.0000e+01     2.646367e+01
  7.0200e+01     2.623912e+01
  7.0400e+01     2.601648e+01
  7.0600e+01     2.579573e+01
  7.0800e+01     2.557685e+01
  7.1000e+01     2.535983e+01
  7.1200e+01     2.514465e+01
  7.1400e+01     2.493130e+01
  7.1600e+01     2.471976e+01
  7.1800e+01     2.451002e+01
  7.2000e+01     2.430207e+01
  7.2200e+01     2.409588e+01
  7.2400e+01     2.389144e+01
  7.2600e+01     2.368875e+01
  7.2800e+01     2.348777e+01
  7.3000e+01     2.328851e+01
  7.3200e+01     2.309095e+01
  7.3400e+01     2.289506e+01
  7.3600e+01     2.270084e+01
  7.3800e+01     2.250828e+01
  7.4000e+01     2.231735e+01
  7.4200e+01     2.212805e+01
  7.4400e+01     2.194036e+01
  7.4600e+01     2.175428e+01
  7.4800e+01     2.156977e+01
  7.5000e+01     2.138684e+01
  7.5200e+01     2.120547e+01
  7.5400e+01     2.102564e+01
  7.5600e+01     2.084735e+01
  7.5800e+01     2.067057e+01
  7.6000e+01     2.049530e+01
  7.6200e+01     2.032153e+01
  7.6400e+01     2.014924e+01
  7.6600e+01     1.997842e+01
  7.6800e+01     1.980905e+01
  7.7000e+01     1.964113e+01
  7.7200e+01     1.947464e+01
  7.7400e+01     1.930958e+01
  7.7600e+01     1.914592e+01
  7.7800e+01     1.898365e+01
  7.8000e+01     1.882278e+01
  7.8200e+01     1.866327e+01
  7.8400e+01     1.850513e+01
  7.8600e+01     1.834834e+01
  7.8800e+01     1.819288e+01
  7.9000e+01     1.803875e+01
  7.9200e+01     1.788594e+01
  7.9400e+01     1.773443e+01
  7.9600e+01     1.758422e+01
  7.9800e+01     1.743529e+01
  8.0000e+01     1.728763e+01
  8.0200e+01     1.714124e+01
  8.0400e+01     1.699609e+01
  8.0600e+01     1.685218e+01
  8.0800e+01     1.670951e+01
  8.1000e+01     1.656805e+01
  8.1200e+01     1.642780e+01
  8.1400e+01     1.628875e+01
  8.1600e+01     1.615088e+01
  8.1800e+01     1.601420e+01
  8.2000e+01     1.587868e+01
  8.2200e+01     1.574432e+01
  8.2400e+01     1.561111e+01
  8.2600e+01     1.547904e+01
  8.2800e+01     1.534809e+01
  8.3000e+01     1.521827e+01
  8.3200e+01     1.508955e+01
  8.3400e+01     1.496194e+01
  8.3600e+01     1.483541e+01
  8.3800e+01     1.470997e+01
  8.4000e+01     1.458560e+01
  8.4200e+01     1.446229e+01
  8.4400e+01     1.434004e+01
  8.4600e+01     1.421883e+01
  8.4800e+01     1.409866e+01
  8.5000e+01     1.397951e+01
  8.5200e+01     1.386139e+01
  8.5400e+01     1.374427e+01
  8.5600e+01     1.362816e+01
  8.5800e+01     1.351303e+01
  8.6000e+01     1.339890e+01
  8.6200e+01     1.328573e+01
  8.6400e+01     1.317354e+01
  8.6600e+01     1.306230e+01
  8.6800e+01     1.295202e+01
  8.7000e+01     1.284267e+01
  8.7200e+01     1.273427e+01
  8.7400e+01     1.262679e+01
  8.7600e+01     1.252022e+01
  8.7800e+01     1.241457e+01
  8.8000e+01     1.230983e+01
  8.8200e+01     1.220597e+01
  8.8400e+01     1.210301e+01
  8.8600e+01     1.200092e+01
  8.8800e+01     1.189971e+01
  8.9000e+01     1.179936e+01
  8.9200e+01     1.169988e+01
  8.9400e+01     1.160124e+01
  8.9600e+01     1.150344e+01
  8.9800e+01     1.140648e+01
  9.0000e+01     1.131035e+01
  9.0200e+01     1.121504e+01
  9.0400e+01     1.112054e+01
  9.0600e+01     1.102686e+01
  9.0800e+01     1.093397e+01
  9.1000e+01     1.084188e+01
  9.1200e+01     1.075057e+01
  9.1400e+01     1.066004e+01
  9.1600e+01     1.057029e+01
  9.1800e+01     1.048130e+01
  9.2000e+01     1.039308e+01
  9.2200e+01     1.030561e+01
  9.2400e+01     1.021888e+01
  9.2600e+01     1.013290e+01
  9.2800e+01     1.004765e+01
  9.3000e+01     9.963129e+00
  9.3200e+01     9.879330e+00
  9.3400e+01     9.796246e+00
  9.3600e+01     9.713871e+00
  9.3800e+01     9.632200e+00
  9.4000e+01     9.551226e+00
  9.4200e+01     9.470944e+00
  9.4400e+01     9.391347e+00
  9.4600e+01     9.312429e+00
  9.4800e+01     9.234186e+00
  9.5000e+01     9.156610e+00
  9.5200e+01     9.079696e+00
  9.5400e+01     9.003439e+00
  9.5600e+01     8.927833e+00
  9.5800e+01     8.852872e+00
  9.6000e+01     8.778550e+00
  9.6200e+01     8.704863e+00
  9.6400e+01     8.631804e+00
  9.6600e+01     8.559369e+00
  9.6800e+01     8.487552e+00
  9.7000e+01     8.416347e+00
  9.7200e+01     8.345750e+00
  9.7400e+01     8.275754e+00
  9.7600e+01     8.206356e+00
  9.7800e+01     8.137549e+00
  9.8000e+01     8.069330e+00
  9.8200e+01     8.001691e+00
  9.8400e+01     7.934630e+00
  9.8600e+01     7.868140e+00
  9.8800e+01     7.802217e+00
  9.9000e+01     7.736856e+00
  9.9200e+01     7.672052e+00
  9.9400e+01     7.607800e+00
  9.9600e+01     7.544095e+00
  9.9800e+01     7.480934e+00
  1.0000e+02     7.418310e+00
  1.0020e+02     7.356220e+00
  1.0040e+02     7.294659e+00
  1.0060e+02     7.233622e+00
  1.0080e+02     7.173105e+00
  1.0100e+02     7.113103e+00
  1.0120e+02     7.053613e+00
  1.0140e+02     6.994628e+00
  1.0160e+02     6.936146e+00
  1.0180e+02     6.878162e+00
  1.0200e+02     6.820671e+00
  1.0220e+02     6.763669e+00
  1.0240e+02     6.707153e+00
  1.0260e+02     6.651117e+00
  1.0280e+02     6.595559e+00
  1.0300e+02     6.540472e+00
  1.0320e+02     6.485855e+00
  1.0340e+02     6.431702e+00
  1.0360e+02     6.378009e+00
  1.0380e+02     6.324773e+00
  1.0400e+02     6.271990e+00
  1.0420e+02     6.219655e+00
  1.0440e+02     6.167766e+00
  1.0460e+02     6.116317e+00
  1.0480e+02     6.065306e+00
  1.0500e+02     6.014728e+00
  1.0520e+02     5.964579e+00
  1.0540e+02     5.914857e+00
  1.0560e+02     5.865558e+00
  1.0580e+02     5.816677e+00
  1.0600e+02     5.768211e+00
  1.0620e+02     5.720157e+00
  1.0640e+02     5.672510e+00
  1.0660e+02     5.625269e+00
  1.0680e+02     5.578428e+00
  1.0700e+02     5.531985e+00
  1.0720e+02     5.485936e+00
  1.0740e+02     5.440278e+00
  1.0760e+02     5.395007e+00
  1.0780e+02     5.350120e+00
  1.0800e+02     5.305614e+00
  1.0820e+02     5.261486e+00
  1.0840e+02     5.217732e+00
  1.0860e+02     5.174348e+00
  1.0880e+02     5.131333e+00
  1.0900e+02     5.088682e+00
  1.0920e+02     5.046393e+00
  1.0940e+02     5.004462e+00
  1.0960e+02     4.962887e+00
  1.0980e+02     4.921664e+00
  1.1000e+02     4.880790e+00
  1.1020e+02     4.840262e+00
  1.1040e+02     4.800078e+00
  1.1060e+02     4.760234e+00
  1.1080e+02     4.720727e+00
  1.1100e+02     4.681555e+00
  1.1120e+02     4.642714e+00
  1.1140e+02     4.604202e+00
  1.1160e+02     4.566016e+00
  1.1180e+02     4.528154e+00
  1.1200e+02     4.490611e+00
  1.1220e+02     4.453386e+00
  1.1240e+02     4.416476e+00
  1.1260e+02     4.379879e+00
  1.1280e+02     4.343590e+00
  1.1300e+02     4.307609e+00
  1.1320e+02     4.271931e+00
  1.1340e+02     4.236556e+00
  1.1360e+02     4.201479e+00
  1.1380e+02     4.166699e+00
  1.1400e+02     4.132212e+00
  1.1420e+02     4.098017e+00
  1.1440e+02     4.064111e+00
  1.1460e+02     4.030491e+00
  1.1480e+02     3.997155e+00
  1.1500e+02     3.964100e+00
  1.1520e+02     3.931325e+00
  1.1540e+02     3.898826e+00
  1.1560e+02     3.866601e+00
  1.1580e+02     3.834648e+00
  1.1600e+02     3.802965e+00
  1.1620e+02     3.771549e+00
  1.1640e+02     3.740399e+00
  1.1660e+02     3.709510e+00
  1.1680e+02     3.678883e+00
  1.1700e+02     3.648513e+00
  1.1720e+02     3.618400e+00
  1.1740e+02     3.588540e+00
  1.1760e+02     3.558932e+00
  1.1780e+02     3.529574e+00
  1.1800e+02     3.500462e+00
  1.1820e+02     3.471596e+00
  1.1840e+02     3.442974e+00
  1.1860e+02     3.414592e+00
  1.1880e+02     3.386449e+00
  1.1900e+02     3.358543e+00
  1.1920e+02     3.330872e+00
  1.1940e+02     3.303434e+00
  1.1960e+02     3.276226e+00
  1.1980e+02     3.249248e+00
  1.2000e+02     3.222496e+00
  1.2020e+02     3.195970e+00
  1.2040e+02     3.169666e+00
  1.2060e+02     3.143584e+00
  1.2080e+02     3.117721e+00
  1.2100e+02     3.092075e+00
  1.2120e+02     3.066645e+00
  1.2140e+02     3.041429e+00
  1.2160e+02     3.016424e+00
  1.2180e+02     2.991630e+00
  1.2200e+02     2.967044e+00
  1.2220e+02     2.942664e+00
  1.2240e+02     2.918489e+00
  1.2260e+02     2.894516e+00
  1.2280e+02     2.870745e+00
  1.2300e+02     2.847174e+00
  1.2320e+02     2.823800e+00
  1.2340e+02     2.800623e+00
  1.2360e+02     2.777639e+00
  1.2380e+02     2.754849e+00
  1.2400e+02     2.732250e+00
  1.2420e+02     2.709840e+00
  1.2440e+02     2.687618e+00
  1.2460e+02     2.665582e+00
  1.2480e+02     2.643731e+00
  1.2500e+02     2.622063e+00
  1.2520e+02     2.600576e+00
  1.2540e+02     2.579270e+00
  1.2560e+02     2.558142e+00
  1.2580e+02     2.537191e+00
  1.2600e+02     2.516415e+00
  1.2620e+02     2.495813e+00
  1.2640e+02     2.475384e+00
  1.2660e+02     2.455125e+00
  1.2680e+02     2.435036e+00
  1.2700e+02     2.415115e+00
  1.2720e+02     2.395361e+00
  1.2740e+02     2.375771e+00
  1.2760e+02     2.356346e+00
  1.2780e+02     2.337083e+00
  1.2800e+02     2.317981e+00
  1.2820e+02     2.299039e+00
  1.2840e+02     2.280254e+00
  1.2860e+02     2.261627e+00
  1.2880e+02     2.243156e+00
  1.2900e+02     2.224838e+00
  1.2920e+02     2.206674e+00
  1.2940e+02     2.188661e+00
  1.2960e+02     2.170798e+00
  1.2980e+02     2.153085e+00
  1.3000e+02     2.135519e+00
  1.3020e+02     2.118100e+00
  1.3040e+02     2.100827e+00
  1.3060e+02     2.083697e+00
  1.3080e+02     2.066710e+00
  1.3100e+02     2.049865e+00
  1.3120e+02     2.033160e+00
  1.3140e+02     2.016594e+00
  1.3160e+02     2.000167e+00
  1.3180e+02     1.983876e+00
  1.3200e+02     1.967721e+00
  1.3220e+02     1.951701e+00
  1.3240e+02     1.935813e+00
  1.3260e+02     1.920059e+00
  1.3280e+02     1.904435e+00
  1.3300e+02     1.888941e+00
  1.3320e+02     1.873577e+00
  1.3340e+02     1.858340e+00
  1.3360e+02     1.843230e+00
  1.3380e+02     1.828245e+00
  1.3400e+02     1.813385e+00
  1.3420e+02     1.798649e+00
  1.3440e+02     1.784035e+00
  1.3460e+02     1.769543e+00
  1.3480e+02     1.755171e+00
  1.3500e+02     1.740918e+00
  1.3520e+02     1.726784e+00
  1.3540e+02     1.712767e+00
  1.3560e+02     1.698867e+00
  1.3580e+02     1.685082e+00
  1.3600e+02     1.671411e+00
  1.3620e+02     1.657854e+00
  1.3640e+02     1.644409e+00
  1.3660e+02     1.631076e+00
  1.3680e+02     1.617854e+00
  1.3700e+02     1.604741e+00
  1.3720e+02     1.591737e+00
  1.3740e+02     1.578841e+00
  1.3760e+02     1.566051e+00
  1.3780e+02     1.553368e+00
  1.3800e+02     1.540790e+00
  1.3820e+02     1.528316e+00
  1.3840e+02     1.515945e+00
  1.3860e+02     1.503677e+00
  1.3880e+02     1.491510e+00
  1.3900e+02     1.479444e+00
  1.3920e+02     1.467478e+00
  1.3940e+02     1.455611e+00
  1.3960e+02     1.443842e+00
  1.3980e+02     1.432170e+00
  1.4000e+02     1.420595e+00
  1.4020e+02     1.409116e+00
  1.4040e+02     1.397732e+00
  1.4060e+02     1.386442e+00
  1.4080e+02     1.375245e+00
  1.4100e+02     1.364140e+00
  1.4120e+02     1.353128e+00
  1.4140e+02     1.342206e+00
  1.4160e+02     1.331375e+00
  1.4180e+02     1.320633e+00
  1.4200e+02     1.309979e+00
  1.4220e+02     1.299414e+00
  1.4240e+02     1.288936e+00
  1.4260e+02     1.278544e+00
  1.4280e+02     1.268238e+00
  1.4300e+02     1.258017e+00
  1.4320e+02     1.247881e+00
  1.4340e+02     1.237828e+00
  1.4360e+02     1.227857e+00
  1.4380e+02     1.217969e+00
  1.4400e+02     1.208163e+00
  1.4420e+02     1.198437e+00
  1.4440e+02     1.188792e+00
  1.4460e+02     1.179226e+00
  1.4480e+02     1.169738e+00
  1.4500e+02     1.160329e+00
  1.4520e+02     1.150997e+00
  1.4540e+02     1.141743e+00
  1.4560e+02     1.132564e+00
  1.4580e+02     1.123461e+00
  1.4600e+02     1.114432e+00
  1.4620e+02     1.105478e+00
  1.4640e+02     1.096598e+00
  1.4660e+02     1.087790e+00
  1.4680e+02     1.079055e+00
  1.4700e+02     1.070392e+00
  1.4720e+02     1.061800e+00
  1.4740e+02     1.053279e+00
  1.4760e+02     1.044827e+00
  1.4780e+02     1.036445e+00
  1.4800e+02     1.028132e+00
  1.4820e+02     1.019887e+00
  1.4840e+02     1.011710e+00
  1.4860e+02     1.003600e+00
  1.4880e+02     9.955566e-01
  1.4900e+02     9.875790e-01
  1.4920e+02     9.796669e-01
  1.4940e+02     9.718196e-01
  1.4960e+02     9.640367e-01
  1.4980e+02     9.563175e-01
  1.5000e+02     9.486617e-01
  1.5020e+02     9.410686e-01
  1.5040e+02     9.335377e-01
  1.5060e+02     9.260685e-01
  1.5080e+02     9.186605e-01
  1.5100e+02     9.113131e-01
  1.5120e+02     9.040259e-01
  1.5140e+02     8.967984e-01
  1.5160e+02     8.896300e-01
  1.5180e+02     8.825203e-01
  1.5200e+02     8.754687e-01
  1.5220e+02     8.684748e-01
  1.5240e+02     8.615382e-01
  1.5260e+02     8.546582e-01
  1.5280e+02     8.478345e-01
  1.5300e+02     8.410665e-01
  1.5320e+02     8.343539e-01
  1.5340e+02     8.276961e-01
  1.5360e+02     8.210928e-01
  1.5380e+02     8.145433e-01
  1.5400e+02     8.080473e-01
  1.5420e+02     8.016044e-01
  1.5440e+02     7.952141e-01
  1.5460e+02     7.888759e-01
  1.5480e+02     7.825895e-01
  1.5500e+02     7.763543e-01
  1.5520e+02     7.701700e-01
  1.5540e+02     7.640361e-01
  1.5560e+02     7.579523e-01
  1.5580e+02     7.519181e-01
  1.5600e+02     7.459330e-01
  1.5620e+02     7.399967e-01
  1.5640e+02     7.341088e-01
  1.5660e+02     7.282689e-01
  1.5680e+02     7.224765e-01
  1.5700e+02     7.167313e-01
  1.5720e+02     7.110328e-01
  1.5740e+02     7.053808e-01
  1.5760e+02     6.997748e-01
  1.5780e+02     6.942143e-01
  1.5800e+02     6.886992e-01
  1.5820e+02     6.832288e-01
  1.5840e+02     6.778030e-01
  1.5860e+02     6.724213e-01
  1.5880e+02     6.670834e-01
  1.5900e+02     6.617888e-01
  1.5920e+02     6.565373e-01
  1.5940e+02     6.513284e-01
  1.5960e+02     6.461619e-01
  1.5980e+02     6.410373e-01
  1.6000e+02     6.359543e-01
  1.6020e+02     6.309126e-01
  1.6040e+02     6.259118e-01
  1.6060e+02     6.209517e-01
  1.6080e+02     6.160317e-01
  1.6100e+02     6.111517e-01
  1.6120e+02     6.063113e-01
  1.6140e+02     6.015101e-01
  1.6160e+02     5.967479e-01
  1.6180e+02     5.920242e-01
  1.6200e+02     5.873389e-01
  1.6220e+02     5.826915e-01
  1.6240e+02     5.780818e-01
  1.6260e+02     5.735094e-01
  1.6280e+02     5.689741e-01
  1.6300e+02     5.644755e-01
  1.6320e+02     5.600133e-01
  1.6340e+02     5.555872e-01
  1.6360e+02     5.511970e-01
  1.6380e+02     5.468422e-01
  1.6400e+02     5.425227e-01
  1.6420e+02     5.382382e-01
  1.6440e+02     5.339883e-01
  1.6460e+02     5.297728e-01
  1.6480e+02     5.255913e-01
  1.6500e+02     5.214437e-01
  1.6520e+02     5.173295e-01
  1.6540e+02     5.132486e-01
  1.6560e+02     5.092007e-01
  1.6580e+02     5.051855e-01
  1.6600e+02     5.012026e-01
  1.6620e+02     4.972520e-01
  1.6640e+02     4.933332e-01
  1.6660e+02     4.894461e-01
  1.6680e+02     4.855903e-01
  1.6700e+02     4.817656e-01
  1.6720e+02     4.779718e-01
  1.6740e+02     4.742086e-01
  1.6760e+02     4.704757e-01
  1.6780e+02     4.667729e-01
  1.6800e+02     4.631000e-01
  1.6820e+02     4.594567e-01
  1.6840e+02     4.558427e-01
  1.6860e+02     4.522578e-01
  1.6880e+02     4.487018e-01
  1.6900e+02     4.451744e-01
  1.6920e+02     4.416755e-01
  1.6940e+02     4.382047e-01
  1.6960e+02     4.347618e-01
  1.6980e+02     4.313466e-01
  1.7000e+02     4.279589e-01
  1.7020e+02     4.245985e-01
  1.7040e+02     4.212651e-01
  1.7060e+02     4.179585e-01
  1.7080e+02     4.146784e-01
  1.7100e+02     4.114247e-01
  1.7120e+02     4.081972e-01
  1.7140e+02     4.049956e-01
  1.7160e+02     4.018197e-01
  1.7180e+02     3.986694e-01
  1.7200e+02     3.955443e-01
  1.7220e+02     3.924443e-01
  1.7240e+02     3.893692e-01
  1.7260e+02     3.863188e-01
  1.7280e+02     3.832928e-01
  1.7300e+02     3.802911e-01
  1.7320e+02     3.773135e-01
  1.7340e+02     3.743598e-01
  1.7360e+02     3.714298e-01
  1.7380e+02     3.685232e-01
  1.7400e+02     3.656400e-01
  1.7420e+02     3.627798e-01
  1.7440e+02     3.599426e-01
  1.7460e+02     3.571280e-01
  1.7480e+02     3.543361e-01
  1.7500e+02     3.515665e-01
  1.7520e+02     3.488190e-01
  1.7540e+02     3.460935e-01
  1.7560e+02     3.433899e-01
  1.7580e+02     3.407079e-01
  1.7600e+02     3.380473e-01
  1.7620e+02     3.354080e-01
  1.7640e+02     3.327899e-01
  1.7660e+02     3.301926e-01
  1.7680e+02     3.276161e-01
  1.7700e+02     3.250603e-01
  1.7720e+02     3.225248e-01
  1.7740e+02     3.200096e-01
  1.7760e+02     3.175145e-01
  1.7780e+02     3.150393e-01
  1.7800e+02     3.125838e-01
  1.7820e+02     3.101480e-01
  1.7840e+02     3.077316e-01
  1.7860e+02     3.053345e-01
  1.7880e+02     3.029565e-01
  1.7900e+02     3.005975e-01
  1.7920e+02     2.982573e-01
  1.7940e+02     2.959358e-01
  1.7960e+02     2.936327e-01
  1.7980e+02     2.913481e-01
  1.8000e+02     2.890816e-01
  1.8020e+02     2.868332e-01
  1.8040e+02     2.846027e-01
  1.8060e+02     2.823900e-01
  1.8080e+02     2.801948e-01
  1.8100e+02     2.780172e-01
  1.8120e+02     2.758569e-01
  1.8140e+02     2.737138e-01
  1.8160e+02     2.715878e-01
  1.8180e+02     2.694786e-01
  1.8200e+02     2.673863e-01
  1.8220e+02     2.653105e-01
  1.8240e+02     2.632513e-01
  1.8260e+02     2.612085e-01
  1.8280e+02     2.591819e-01
  1.8300e+02     2.571714e-01
  1.8320e+02     2.551768e-01
  1.8340e+02     2.531982e-01
  1.8360e+02     2.512352e-01
  1.8380e+02     2.492878e-01
  1.8400e+02     2.473559e-01
  1.8420e+02     2.454393e-01
  1.8440e+02     2.435379e-01
  1.8460e+02     2.416516e-01
  1.8480e+02     2.397803e-01
  1.8500e+02     2.379238e-01
  1.8520e+02     2.360821e-01
  1.8540e+02     2.342549e-01
  1.8560e+02     2.324423e-01
  1.8580e+02     2.306440e-01
  1.8600e+02     2.288599e-01
  1.8620e+02     2.270900e-01
  1.8640e+02     2.253341e-01
  1.8660e+02     2.235921e-01
  1.8680e+02     2.218639e-01
  1.8700e+02     2.201494e-01
  1.8720e+02     2.184485e-01
  1.8740e+02     2.167610e-01
  1.8760e+02     2.150869e-01
  1.8780e+02     2.134260e-01
  1.8800e+02     2.117782e-01
  1.8820e+02     2.101435e-01
  1.8840e+02     2.085217e-01
  1.8860e+02     2.069127e-01
  1.8880e+02     2.053165e-01
  1.8900e+02     2.037328e-01
  1.8920e+02     2.021617e-01
  1.8940e+02     2.006030e-01
  1.8960e+02     1.990566e-01
  1.8980e+02     1.975224e-01
  1.9000e+02     1.960003e-01
  1.9020e+02     1.944902e-01
  1.9040e+02     1.929921e-01
  1.9060e+02     1.915057e-01
  1.9080e+02     1.900311e-01
  1.9100e+02     1.885681e-01
  1.9120e+02     1.871167e-01
  1.9140e+02     1.856767e-01
  1.9160e+02     1.842481e-01
  1.9180e+02     1.828307e-01
  1.9200e+02     1.814244e-01
  1.9220e+02     1.800293e-01
  1.9240e+02     1.786452e-01
  1.9260e+02     1.772719e-01
  1.9280e+02     1.759095e-01
  1.9300e+02     1.745578e-01
  1.9320e+02     1.732167e-01
  1.9340e+02     1.718862e-01
  1.9360e+02     1.705661e-01
  1.9380e+02     1.692564e-01
  1.9400e+02     1.679571e-01
  1.9420e+02     1.666679e-01
  1.9440e+02     1.653889e-01
  1.9460e+02     1.641200e-01
  1.9480e+02     1.628610e-01
  1.9500e+02     1.616119e-01
  1.9520e+02     1.603726e-01
  1.9540e+02     1.591430e-01
  1.9560e+02     1.579232e-01
  1.9580e+02     1.567128e-01
  1.9600e+02     1.555120e-01
  1.9620e+02     1.543206e-01
  1.9640e+02     1.531386e-01
  1.9660e+02     1.519658e-01
  1.9680e+02     1.508023e-01
  1.9700e+02     1.496478e-01
  1.9720e+02     1.485025e-01
  1.9740e+02     1.473661e-01
  1.9760e+02     1.462386e-01
  1.9780e+02     1.451199e-01
  1.9800e+02     1.440100e-01
  1.9820e+02     1.429088e-01
  1.9840e+02     1.418162e-01
  1.9860e+02     1.407322e-01
  1.9880e+02     1.396567e-01
  1.9900e+02     1.385896e-01
  1.9920e+02     1.375308e-01
  1.9940e+02     1.364803e-01
  1.9960e+02     1.354381e-01
  1.9980e+02     1.344040e-01
  2.0000e+02     1.333779e-01
  2.0020e+02     1.323600e-01
  2.0040e+02     1.313499e-01
  2.0060e+02     1.303478e-01
  2.0080e+02     1.293535e-01
  2.0100e+02     1.283669e-01
  2.0120e+02     1.273881e-01
  2.0140e+02     1.264169e-01
  2.0160e+02     1.254533e-01
  2.0180e+02     1.244972e-01
  2.0200e+02     1.235486e-01
  2.0220e+02     1.226074e-01
  2.0240e+02     1.216735e-01
  2.0260e+02     1.207470e-01
  2.0280e+02     1.198276e-01
  2.0300e+02     1.189154e-01
  2.0320e+02     1.180104e-01
  2.0340e+02     1.171123e-01
  2.0360e+02     1.162213e-01
  2.0380e+02     1.153373e-01
  2.0400e+02     1.144601e-01
  2.0420e+02     1.135897e-01
  2.0440e+02     1.127262e-01
  2.0460e+02     1.118693e-01
  2.0480e+02     1.110191e-01
  2.0500e+02     1.101756e-01
  2.0520e+02     1.093386e-01
  2.0540e+02     1.085081e-01
  2.0560e+02     1.076841e-01
  2.0580e+02     1.068665e-01
  2.0600e+02     1.060553e-01
  2.0620e+02     1.052503e-01
  2.0640e+02     1.044516e-01
  2.0660e+02     1.036592e-01
  2.0680e+02     1.028729e-01
  2.0700e+02     1.020926e-01
  2.0720e+02     1.013185e-01
  2.0740e+02     1.005504e-01
  2.0760e+02     9.978821e-02
  2.0780e+02     9.903196e-02
  2.0800e+02     9.828159e-02
  2.0820e+02     9.753704e-02
  2.0840e+02     9.679826e-02
  2.0860e+02     9.606522e-02
  2.0880e+02     9.533786e-02
  2.0900e+02     9.461614e-02
  2.0920e+02     9.390002e-02
  2.0940e+02     9.318946e-02
  2.0960e+02     9.248440e-02
  2.0980e+02     9.178480e-02
  2.1000e+02     9.109063e-02
  2.1020e+02     9.040183e-02
  2.1040e+02     8.971837e-02
  2.1060e+02     8.904020e-02
  2.1080e+02     8.836728e-02
  2.1100e+02     8.769957e-02
  2.1120e+02     8.703703e-02
  2.1140e+02     8.637961e-02
  2.1160e+02     8.572728e-02
  2.1180e+02     8.508000e-02
  2.1200e+02     8.443772e-02
  2.1220e+02     8.380041e-02
  2.1240e+02     8.316803e-02
  2.1260e+02     8.254054e-02
  2.1280e+02     8.191789e-02
  2.1300e+02     8.130006e-02
  2.1320e+02     8.068700e-02
  2.1340e+02     8.007867e-02
  2.1360e+02     7.947504e-02
  2.1380e+02     7.887608e-02
  2.1400e+02     7.828173e-02
  2.1420e+02     7.769198e-02
  2.1440e+02     7.710677e-02
  2.1460e+02     7.652608e-02
  2.1480e+02     7.594987e-02
  2.1500e+02     7.537811e-02
  2.1520e+02     7.481075e-02
  2.1540e+02     7.424777e-02
  2.1560e+02     7.368912e-02
  2.1580e+02     7.313478e-02
  2.1600e+02     7.258472e-02
  2.1620e+02     7.203889e-02
  2.1640e+02     7.149726e-02
  2.1660e+02     7.095981e-02
  2.1680e+02     7.042650e-02
  2.1700e+02     6.989729e-02
  2.1720e+02     6.937215e-02
  2.1740e+02     6.885105e-02
  2.1760e+02     6.833397e-02
  2.1780e+02     6.782086e-02
  2.1800e+02     6.731170e-02
  2.1820e+02     6.680645e-02
  2.1840e+02     6.630509e-02
  2.1860e+02     6.580758e-02
  2.1880e+02     6.531390e-02
  2.1900e+02     6.482401e-02
  2.1920e+02     6.433788e-02
  2.1940e+02     6.385549e-02
  2.1960e+02     6.337680e-02
  2.1980e+02     6.290179e-02
  2.2000e+02     6.243042e-02
  2.2020e+02     6.196268e-02
  2.2040e+02     6.149852e-02
  2.2060e+02     6.103792e-02
  2.2080e+02     6.058086e-02
  2.2100e+02     6.012730e-02
  2.2120e+02     5.967722e-02
  2.2140e+02     5.923059e-02
  2.2160e+02     5.878739e-02
  2.2180e+02     5.834758e-02
  2.2200e+02     5.791114e-02
  2.2220e+02     5.747805e-02
  2.2240e+02     5.704827e-02
  2.2260e+02     5.662179e-02
  2.2280e+02     5.619857e-02
  2.2300e+02     5.577859e-02
  2.2320e+02     5.536183e-02
  2.2340e+02     5.494825e-02
  2.2360e+02     5.453784e-02
  2.2380e+02     5.413057e-02
  2.2400e+02     5.372642e-02
  2.2420e+02     5.332535e-02
  2.2440e+02     5.292735e-02
  2.2460e+02     5.253240e-02
  2.2480e+02     5.214046e-02
  2.2500e+02     5.175152e-02
  2.2520e+02     5.136555e-02
  2.2540e+02     5.098253e-02
  2.2560e+02     5.060243e-02
  2.2580e+02     5.022524e-02
  2.2600e+02     4.985093e-02
  2.2620e+02     4.947947e-02
  2.2640e+02     4.911085e-02
  2.2660e+02     4.874504e-02
  2.2680e+02     4.838203e-02
  2.2700e+02     4.802178e-02
  2.2720e+02     4.766428e-02
  2.2740e+02     4.730950e-02
  2.2760e+02     4.695743e-02
  2.2780e+02     4.660805e-02
  2.2800e+02     4.626132e-02
  2.2820e+02     4.591724e-02
  2.2840e+02     4.557578e-02
  2.2860e+02     4.523692e-02
  2.2880e+02     4.490064e-02
  2.2900e+02     4.456692e-02
  2.2920e+02     4.423574e-02
  2.2940e+02     4.390709e-02
  2.2960e+02     4.358093e-02
  2.2980e+02     4.325726e-02
  2.3000e+02     4.293604e-02
  2.3020e+02     4.261727e-02
  2.3040e+02     4.230093e-02
  2.3060e+02     4.198699e-02
  2.3080e+02     4.167543e-02
  2.3100e+02     4.136625e-02
  2.3120e+02     4.105941e-02
  2.3140e+02     4.075490e-02
  2.3160e+02     4.045271e-02
  2.3180e+02     4.015281e-02
  2.3200e+02     3.985519e-02
  2.3220e+02     3.955983e-02
  2.3240e+02     3.926671e-02
  2.3260e+02     3.897582e-02
  2.3280e+02     3.868713e-02
  2.3300e+02     3.840063e-02
  2.3320e+02     3.811631e-02
  2.3340e+02     3.783414e-02
  2.3360e+02     3.755411e-02
  2.3380e+02     3.727621e-02
  2.3400e+02     3.700041e-02
  2.3420e+02     3.672670e-02
  2.3440e+02     3.645506e-02
  2.3460e+02     3.618549e-02
  2.3480e+02     3.591795e-02
  2.3500e+02     3.565244e-02
  2.3520e+02     3.538894e-02
  2.3540e+02     3.512743e-02
  2.3560e+02     3.486791e-02
  2.3580e+02     3.461035e-02
  2.3600e+02     3.435473e-02
  2.3620e+02     3.410105e-02
  2.3640e+02     3.384929e-02
  2.3660e+02     3.359943e-02
  2.3680e+02     3.335146e-02
  2.3700e+02     3.310537e-02
  2.3720e+02     3.286114e-02
  2.3740e+02     3.261875e-02
  2.3760e+02     3.237819e-02
  2.3780e+02     3.213945e-02
  2.3800e+02     3.190251e-02
  2.3820e+02     3.166736e-02
  2.3840e+02     3.143399e-02
  2.3860e+02     3.120237e-02
  2.3880e+02     3.097251e-02
  2.3900e+02     3.074438e-02
  2.3920e+02     3.051797e-02
  2.3940e+02     3.029327e-02
  2.3960e+02     3.007026e-02
  2.3980e+02     2.984894e-02
  2.4000e+02     2.962928e-02
  2.4020e+02     2.941128e-02
  2.4040e+02     2.919492e-02
  2.4060e+02     2.898019e-02
  2.4080e+02     2.876708e-02
  2.4100e+02     2.855558e-02
  2.4120e+02     2.834566e-02
  2.4140e+02     2.813733e-02
  2.4160e+02     2.793056e-02
  2.4180e+02     2.772536e-02
  2.4200e+02     2.752169e-02
  2.4220e+02     2.731956e-02
  2.4240e+02     2.711895e-02
  2.4260e+02     2.691984e-02
  2.4280e+02     2.672224e-02
  2.4300e+02     2.652612e-02
  2.4320e+02     2.633147e-02
  2.4340e+02     2.613829e-02
  2.4360e+02     2.594656e-02
  2.4380e+02     2.575627e-02
  2.4400e+02     2.556741e-02
  2.4420e+02     2.537996e-02
  2.4440e+02     2.519393e-02
  2.4460e+02     2.500929e-02
  2.4480e+02     2.482603e-02
  2.4500e+02     2.464415e-02
  2.4520e+02     2.446364e-02
  2.4540e+02     2.428448e-02
  2.4560e+02     2.410666e-02
  2.4580e+02     2.393018e-02
  2.4600e+02     2.375502e-02
  2.4620e+02     2.358118e-02
  2.4640e+02     2.340863e-02
  2.4660e+02     2.323738e-02
  2.4680e+02     2.306742e-02
  2.4700e+02     2.289872e-02
  2.4720e+02     2.273129e-02
  2.4740e+02     2.256512e-02
  2.4760e+02     2.240018e-02
  2.4780e+02     2.223649e-02
  2.4800e+02     2.207401e-02
  2.4820e+02     2.191276e-02
  2.4840e+02     2.175271e-02
  2.4860e+02     2.159385e-02
  2.4880e+02     2.143619e-02
  2.4900e+02     2.127970e-02
  2.4920e+02     2.112439e-02
  2.4940e+02     2.097023e-02
  2.4960e+02     2.081723e-02
  2.4980e+02     2.066537e-02
  2.5000e+02     2.051464e-02
  2.5020e+02     2.036505e-02
  2.5040e+02     2.021656e-02
  2.5060e+02     2.006919e-02
  2.5080e+02     1.992292e-02
  2.5100e+02     1.977774e-02
  2.5120e+02     1.963364e-02
  2.5140e+02     1.949062e-02
  2.5160e+02     1.934866e-02
  2.5180e+02     1.920776e-02
  2.5200e+02     1.906792e-02
  2.5220e+02     1.892911e-02
  2.5240e+02     1.879135e-02
  2.5260e+02     1.865460e-02
  2.5280e+02     1.851888e-02
  2.5300e+02     1.838417e-02
  2.5320e+02     1.825046e-02
  2.5340e+02     1.811775e-02
  2.5360e+02     1.798603e-02
  2.5380e+02     1.785528e-02
  2.5400e+02     1.772551e-02
  2.5420e+02     1.759671e-02
  2.5440e+02     1.746887e-02
  2.5460e+02     1.734197e-02
  2.5480e+02     1.721602e-02
  2.5500e+02     1.709101e-02
  2.5520e+02     1.696693e-02
  2.5540e+02     1.684377e-02
  2.5560e+02     1.672152e-02
  2.5580e+02     1.660018e-02
  2.5600e+02     1.647975e-02
  2.5620e+02     1.636021e-02
  2.5640e+02     1.624156e-02
  2.5660e+02     1.612379e-02
  2.5680e+02     1.600689e-02
  2.5700e+02     1.589086e-02
  2.5720e+02     1.577569e-02
  2.5740e+02     1.566138e-02
  2.5760e+02     1.554792e-02
  2.5780e+02     1.543529e-02
  2.5800e+02     1.532351e-02
  2.5820e+02     1.521255e-02
  2.5840e+02     1.510242e-02
  2.5860e+02     1.499310e-02
  2.5880e+02     1.488459e-02
  2.5900e+02     1.477688e-02
  2.5920e+02     1.466998e-02
  2.5940e+02     1.456387e-02
  2.5960e+02     1.445854e-02
  2.5980e+02     1.435399e-02
  2.6000e+02     1.425022e-02
  2.6020e+02     1.414721e-02
  2.6040e+02     1.404497e-02
  2.6060e+02     1.394348e-02
  2.6080e+02     1.384275e-02
  2.6100e+02     1.374276e-02
  2.6120e+02     1.364351e-02
  2.6140e+02     1.354499e-02
  2.6160e+02     1.344720e-02
  2.6180e+02     1.335014e-02
  2.6200e+02     1.325379e-02
  2.6220e+02     1.315816e-02
  2.6240e+02     1.306323e-02
  2.6260e+02     1.296900e-02
  2.6280e+02     1.287547e-02
  2.6300e+02     1.278263e-02
  2.6320e+02     1.269048e-02
  2.6340e+02     1.259900e-02
  2.6360e+02     1.250820e-02
  2.6380e+02     1.241807e-02
  2.6400e+02     1.232861e-02
  2.6420e+02     1.223980e-02
  2.6440e+02     1.215166e-02
  2.6460e+02     1.206416e-02
  2.6480e+02     1.197730e-02
  2.6500e+02     1.189109e-02
  2.6520e+02     1.180551e-02
  2.6540e+02     1.172056e-02
  2.6560e+02     1.163624e-02
  2.6580e+02     1.155254e-02
  2.6600e+02     1.146946e-02
  2.6620e+02     1.138699e-02
  2.6640e+02     1.130512e-02
  2.6660e+02     1.122386e-02
  2.6680e+02     1.114320e-02
  2.6700e+02     1.106313e-02
  2.6720e+02     1.098365e-02
  2.6740e+02     1.090475e-02
  2.6760e+02     1.082644e-02
  2.6780e+02     1.074870e-02
  2.6800e+02     1.067153e-02
  2.6820e+02     1.059493e-02
  2.6840e+02     1.051889e-02
  2.6860e+02     1.044341e-02
  2.6880e+02     1.036849e-02
  2.6900e+02     1.029411e-02
  2.6920e+02     1.022028e-02
  2.6940e+02     1.014700e-02
  2.6960e+02     1.007425e-02
  2.6980e+02     1.000204e-02
  2.7000e+02     9.930354e-03
  2.7020e+02     9.859197e-03
  2.7040e+02     9.788562e-03
  2.7060e+02     9.718445e-03
  2.7080e+02     9.648843e-03
  2.7100e+02     9.579751e-03
  2.7120e+02     9.511165e-03
  2.7140e+02     9.443082e-03
  2.7160e+02     9.375499e-03
  2.7180e+02     9.308410e-03
  2.7200e+02     9.241814e-03
  2.7220e+02     9.175705e-03
  2.7240e+02     9.110080e-03
  2.7260e+02     9.044936e-03
  2.7280e+02     8.980269e-03
  2.7300e+02     8.916075e-03
  2.7320e+02     8.852352e-03
  2.7340e+02     8.789094e-03
  2.7360e+02     8.726300e-03
  2.7380e+02     8.663964e-03
  2.7400e+02     8.602085e-03
  2.7420e+02     8.540659e-03
  2.7440e+02     8.479681e-03
  2.7460e+02     8.419149e-03
  2.7480e+02     8.359060e-03
  2.7500e+02     8.299410e-03
  2.7520e+02     8.240196e-03
  2.7540e+02     8.181414e-03
  2.7560e+02     8.123062e-03
  2.7580e+02     8.065136e-03
  2.7600e+02     8.007632e-03
  2.7620e+02     7.950549e-03
  2.7640e+02     7.893882e-03
  2.7660e+02     7.837629e-03
  2.7680e+02     7.781787e-03
  2.7700e+02     7.726351e-03
  2.7720e+02     7.671320e-03
  2.7740e+02     7.616691e-03
  2.7760e+02     7.562460e-03
  2.7780e+02     7.508624e-03
  2.7800e+02     7.455180e-03
  2.7820e+02     7.402126e-03
  2.7840e+02     7.349459e-03
  2.7860e+02     7.297175e-03
  2.7880e+02     7.245273e-03
  2.7900e+02     7.193748e-03
  2.7920e+02     7.142598e-03
  2.7940e+02     7.091821e-03
  2.7960e+02     7.041413e-03
  2.7980e+02     6.991372e-03
  2.8000e+02     6.941696e-03
  2.8020e+02     6.892381e-03
  2.8040e+02     6.843424e-03
  2.8060e+02     6.794824e-03
  2.8080e+02     6.746577e-03
  2.8100e+02     6.698680e-03
  2.8120e+02     6.651132e-03
  2.8140e+02     6.603930e-03
  2.8160e+02     6.557070e-03
  2.8180e+02     6.510551e-03
  2.8200e+02     6.464370e-03
  2.8220e+02     6.418524e-03
  2.8240e+02     6.373011e-03
  2.8260e+02     6.327829e-03
  2.8280e+02     6.282974e-03
  2.8300e+02     6.238446e-03
  2.8320e+02     6.194240e-03
  2.8340e+02     6.150355e-03
  2.8360e+02     6.106788e-03
  2.8380e+02     6.063537e-03
  2.8400e+02     6.020600e-03
  2.8420e+02     5.977974e-03
  2.8440e+02     5.935658e-03
  2.8460e+02     5.893648e-03
  2.8480e+02     5.851942e-03
  2.8500e+02     5.810539e-03
  2.8520e+02     5.769435e-03
  2.8540e+02     5.728629e-03
  2.8560e+02     5.688119e-03
  2.8580e+02     5.647902e-03
  2.8600e+02     5.607976e-03
  2.8620e+02     5.568339e-03
  2.8640e+02     5.528989e-03
  2.8660e+02     5.489924e-03
  2.8680e+02     5.451141e-03
  2.8700e+02     5.412639e-03
  2.8720e+02     5.374415e-03
  2.8740e+02     5.336467e-03
  2.8760e+02     5.298794e-03
  2.8780e+02     5.261393e-03
  2.8800e+02     5.224263e-03
  2.8820e+02     5.187401e-03
  2.8840e+02     5.150805e-03
  2.8860e+02     5.114473e-03
  2.8880e+02     5.078404e-03
  2.8900e+02     5.042595e-03
  2.8920e+02     5.007045e-03
  2.8940e+02     4.971751e-03
  2.8960e+02     4.936712e-03
  2.8980e+02     4.901926e-03
  2.9000e+02     4.867391e-03
  2.9020e+02     4.833105e-03
  2.9040e+02     4.799066e-03
  2.9060e+02     4.765273e-03
  2.9080e+02     4.731723e-03
  2.9100e+02     4.698415e-03
  2.9120e+02     4.665347e-03
  2.9140e+02     4.632518e-03
  2.9160e+02     4.599924e-03
  2.9180e+02     4.567566e-03
  2.9200e+02     4.535441e-03
  2.9220e+02     4.503547e-03
  2.9240e+02     4.471883e-03
  2.9260e+02     4.440446e-03
  2.9280e+02     4.409236e-03
  2.9300e+02     4.378251e-03
  2.9320e+02     4.347488e-03
  2.9340e+02     4.316947e-03
  2.9360e+02     4.286625e-03
  2.9380e+02     4.256522e-03
  2.9400e+02     4.226635e-03
  2.9420e+02     4.196962e-03
  2.9440e+02     4.167503e-03
  2.9460e+02     4.138256e-03
  2.9480e+02     4.109219e-03
  2.9500e+02     4.080390e-03
  2.9520e+02     4.051769e-03
  2.9540e+02     4.023353e-03
  2.9560e+02     3.995141e-03
  2.9580e+02     3.967131e-03
  2.9600e+02     3.939323e-03
  2.9620e+02     3.911714e-03
  2.9640e+02     3.884303e-03
  2.9660e+02     3.857089e-03
  2.9680e+02     3.830070e-03
  2.9700e+02     3.803245e-03
  2.9720e+02     3.776612e-03
  2.9740e+02     3.750170e-03
  2.9760e+02     3.723918e-03
  2.9780e+02     3.697854e-03
  2.9800e+02     3.671977e-03
  2.9820e+02     3.646285e-03
  2.9840e+02     3.620777e-03
  2.9860e+02     3.595451e-03
  2.9880e+02     3.570307e-03
  2.9900e+02     3.545343e-03
  2.9920e+02     3.520558e-03
  2.9940e+02     3.495950e-03
  2.9960e+02     3.471518e-03
  2.9980e+02     3.447261e-03
  3.0000e+02     3.423178e-03
  3.0020e+02     3.399267e-03
  3.0040e+02     3.375526e-03
  3.0060e+02     3.351956e-03
  3.0080e+02     3.328554e-03
  3.0100e+02     3.305319e-03
  3.0120e+02     3.282251e-03
  3.0140e+02     3.259347e-03
  3.0160e+02     3.236606e-03
  3.0180e+02     3.214029e-03
  3.0200e+02     3.191612e-03
  3.0220e+02     3.169355e-03
  3.0240e+02     3.147258e-03
  3.0260e+02     3.125318e-03
  3.0280e+02     3.103534e-03
  3.0300e+02     3.081907e-03
  3.0320e+02     3.060433e-03
  3.0340e+02     3.039112e-03
  3.0360e+02     3.017944e-03
  3.0380e+02     2.996927e-03
  3.0400e+02     2.976059e-03
  3.0420e+02     2.955340e-03
  3.0440e+02     2.934769e-03
  3.0460e+02     2.914344e-03
  3.0480e+02     2.894065e-03
  3.0500e+02     2.873930e-03
  3.0520e+02     2.853939e-03
  3.0540e+02     2.834090e-03
  3.0560e+02     2.814383e-03
  3.0580e+02     2.794815e-03
  3.0600e+02     2.775387e-03
  3.0620e+02     2.756097e-03
  3.0640e+02     2.736945e-03
  3.0660e+02     2.717929e-03
  3.0680e+02     2.699047e-03
  3.0700e+02     2.680301e-03
  3.0720e+02     2.661687e-03
  3.0740e+02     2.643206e-03
  3.0760e+02     2.624856e-03
  3.0780e+02     2.606637e-03
  3.0800e+02     2.588547e-03
  3.0820e+02     2.570585e-03
  3.0840e+02     2.552752e-03
  3.0860e+02     2.535044e-03
  3.0880e+02     2.517463e-03
  3.0900e+02     2.500006e-03
  3.0920e+02     2.482674e-03
  3.0940e+02     2.465464e-03
  3.0960e+02     2.448376e-03
  3.0980e+02     2.431410e-03
  3.1000e+02     2.414564e-03
  3.1020e+02     2.397837e-03
  3.1040e+02     2.381229e-03
  3.1060e+02     2.364739e-03
  3.1080e+02     2.348366e-03
  3.1100e+02     2.332109e-03
  3.1120e+02     2.315967e-03
  3.1140e+02     2.299939e-03
  3.1160e+02     2.284025e-03
  3.1180e+02     2.268224e-03
  3.1200e+02     2.252534e-03
  3.1220e+02     2.236956e-03
  3.1240e+02     2.221487e-03
  3.1260e+02     2.206129e-03
  3.1280e+02     2.190879e-03
  3.1300e+02     2.175737e-03
  3.1320e+02     2.160702e-03
  3.1340e+02     2.145773e-03
  3.1360e+02     2.130950e-03
  3.1380e+02     2.116232e-03
  3.1400e+02     2.101618e-03
  3.1420e+02     2.087107e-03
  3.1440e+02     2.072699e-03
  3.1460e+02     2.058393e-03
  3.1480e+02     2.044187e-03
  3.1500e+02     2.030082e-03
  3.1520e+02     2.016077e-03
  3.1540e+02     2.002170e-03
  3.1560e+02     1.988362e-03
  3.1580e+02     1.974651e-03
  3.1600e+02     1.961037e-03
  3.1620e+02     1.947519e-03
  3.1640e+02     1.934097e-03
  3.1660e+02     1.920769e-03
  3.1680e+02     1.907535e-03
  3.1700e+02     1.894394e-03
  3.1720e+02     1.881346e-03
  3.1740e+02     1.868390e-03
  3.1760e+02     1.855526e-03
  3.1780e+02     1.842752e-03
  3.1800e+02     1.830068e-03
  3.1820e+02     1.817474e-03
  3.1840e+02     1.804968e-03
  3.1860e+02     1.792550e-03
  3.1880e+02     1.780220e-03
  3.1900e+02     1.767976e-03
  3.1920e+02     1.755819e-03
  3.1940e+02     1.743747e-03
  3.1960e+02     1.731760e-03
  3.1980e+02     1.719858e-03
  3.2000e+02     1.708039e-03
  3.2020e+02     1.696304e-03
  3.2040e+02     1.684651e-03
  3.2060e+02     1.673079e-03
  3.2080e+02     1.661590e-03
  3.2100e+02     1.650181e-03
  3.2120e+02     1.638852e-03
  3.2140e+02     1.627603e-03
  3.2160e+02     1.616432e-03
  3.2180e+02     1.605341e-03
  3.2200e+02     1.594327e-03
  3.2220e+02     1.583390e-03
  3.2240e+02     1.572531e-03
  3.2260e+02     1.561747e-03
  3.2280e+02     1.551040e-03
  3.2300e+02     1.540407e-03
  3.2320e+02     1.529849e-03
  3.2340e+02     1.519365e-03
  3.2360e+02     1.508955e-03
  3.2380e+02     1.498617e-03
  3.2400e+02     1.488352e-03
  3.2420e+02     1.478159e-03
  3.2440e+02     1.468038e-03
  3.2460e+02     1.457987e-03
  3.2480e+02     1.448007e-03
  3.2500e+02     1.438097e-03
  3.2520e+02     1.428256e-03
  3.2540e+02     1.418484e-03
  3.2560e+02     1.408781e-03
  3.2580e+02     1.399145e-03
  3.2600e+02     1.389577e-03
  3.2620e+02     1.380076e-03
  3.2640e+02     1.370641e-03
  3.2660e+02     1.361273e-03
  3.2680e+02     1.351970e-03
  3.2700e+02     1.342732e-03
  3.2720e+02     1.333558e-03
  3.2740e+02     1.324449e-03
  3.2760e+02     1.315403e-03
  3.2780e+02     1.306421e-03
  3.2800e+02     1.297501e-03
  3.2820e+02     1.288644e-03
  3.2840e+02     1.279849e-03
  3.2860e+02     1.271115e-03
  3.2880e+02     1.262442e-03
  3.2900e+02     1.253830e-03
  3.2920e+02     1.245278e-03
  3.2940e+02     1.236785e-03
  3.2960e+02     1.228352e-03
  3.2980e+02     1.219977e-03
  3.3000e+02     1.211661e-03
  3.3020e+02     1.203404e-03
  3.3040e+02     1.195203e-03
  3.3060e+02     1.187060e-03
  3.3080e+02     1.178974e-03
  3.3100e+02     1.170944e-03
  3.3120e+02     1.162970e-03
  3.3140e+02     1.155051e-03
  3.3160e+02     1.147188e-03
  3.3180e+02     1.139380e-03
  3.3200e+02     1.131625e-03
  3.3220e+02     1.123925e-03
  3.3240e+02     1.116279e-03
  3.3260e+02     1.108686e-03
  3.3280e+02     1.101145e-03
  3.3300e+02     1.093658e-03
  3.3320e+02     1.086222e-03
  3.3340e+02     1.078838e-03
  3.3360e+02     1.071505e-03
  3.3380e+02     1.064223e-03
  3.3400e+02     1.056992e-03
  3.3420e+02     1.049812e-03
  3.3440e+02     1.042681e-03
  3.3460e+02     1.035600e-03
  3.3480e+02     1.028568e-03
  3.3500e+02     1.021585e-03
  3.3520e+02     1.014650e-03
  3.3540e+02     1.007764e-03
  3.3560e+02     1.000925e-03
  3.3580e+02     9.941338e-04
  3.3600e+02     9.873898e-04
  3.3620e+02     9.806927e-04
  3.3640e+02     9.740420e-04
  3.3660e+02     9.674375e-04
  3.3680e+02     9.608789e-04
  3.3700e+02     9.543657e-04
  3.3720e+02     9.478977e-04
  3.3740e+02     9.414746e-04
  3.3760e+02     9.350960e-04
  3.3780e+02     9.287616e-04
  3.3800e+02     9.224712e-04
  3.3820e+02     9.162243e-04
  3.3840e+02     9.100208e-04
  3.3860e+02     9.038602e-04
  3.3880e+02     8.977423e-04
  3.3900e+02     8.916668e-04
  3.3920e+02     8.856333e-04
  3.3940e+02     8.796417e-04
  3.3960e+02     8.736915e-04
  3.3980e+02     8.677825e-04
  3.4000e+02     8.619144e-04
  3.4020e+02     8.560869e-04
  3.4040e+02     8.502998e-04
  3.4060e+02     8.445526e-04
  3.4080e+02     8.388452e-04
  3.4100e+02     8.331773e-04
  3.4120e+02     8.275486e-04
  3.4140e+02     8.219588e-04
  3.4160e+02     8.164076e-04
  3.4180e+02     8.108948e-04
  3.4200e+02     8.054201e-04
  3.4220e+02     7.999832e-04
  3.4240e+02     7.945839e-04
  3.4260e+02     7.892219e-04
  3.4280e+02     7.838968e-04
  3.4300e+02     7.786086e-04
  3.4320e+02     7.733569e-04
  3.4340e+02     7.681414e-04
  3.4360e+02     7.629619e-04
  3.4380e+02     7.578181e-04
  3.4400e+02     7.527099e-04
  3.4420e+02     7.476368e-04
  3.4440e+02     7.425988e-04
  3.4460e+02     7.375955e-04
  3.4480e+02     7.326267e-04
  3.4500e+02     7.276921e-04
  3.4520e+02     7.227915e-04
  3.4540e+02     7.179248e-04
  3.4560e+02     7.130915e-04
  3.4580e+02     7.082916e-04
  3.4600e+02     7.035247e-04
  3.4620e+02     6.987906e-04
  3.4640e+02     6.940892e-04
  3.4660e+02     6.894201e-04
  3.4680e+02     6.847831e-04
  3.4700e+02     6.801781e-04
  3.4720e+02     6.756047e-04
  3.4740e+02     6.710628e-04
  3.4760e+02     6.665522e-04
  3.4780e+02     6.620726e-04
  3.4800e+02     6.576238e-04
  3.4820e+02     6.532055e-04
  3.4840e+02     6.488177e-04
  3.4860e+02     6.444600e-04
  3.4880e+02     6.401323e-04
  3.4900e+02     6.358343e-04
  3.4920e+02     6.315658e-04
  3.4940e+02     6.273266e-04
  3.4960e+02     6.231166e-04
  3.4980e+02     6.189355e-04
  3.5000e+02     6.147830e-04
  3.5020e+02     6.106591e-04
  3.5040e+02     6.065635e-04
  3.5060e+02     6.024960e-04
  3.5080e+02     5.984564e-04
  3.5100e+02     5.944446e-04
  3.5120e+02     5.904602e-04
  3.5140e+02     5.865032e-04
  3.5160e+02     5.825733e-04
  3.5180e+02     5.786703e-04
  3.5200e+02     5.747941e-04
  3.5220e+02     5.709445e-04
  3.5240e+02     5.671212e-04
  3.5260e+02     5.633242e-04
  3.5280e+02     5.595531e-04
  3.5300e+02     5.558079e-04
  3.5320e+02     5.520883e-04
  3.5340e+02     5.483942e-04
  3.5360e+02     5.447254e-04
  3.5380e+02     5.410818e-04
  3.5400e+02     5.374630e-04
  3.5420e+02     5.338690e-04
  3.5440e+02     5.302996e-04
  3.5460e+02     5.267546e-04
  3.5480e+02     5.232339e-04
  3.5500e+02     5.197372e-04
  3.5520e+02     5.162645e-04
  3.5540e+02     5.128155e-04
  3.5560e+02     5.093901e-04
  3.5580e+02     5.059881e-04
  3.5600e+02     5.026093e-04
  3.5620e+02     4.992536e-04
  3.5640e+02     4.959208e-04
  3.5660e+02     4.926108e-04
  3.5680e+02     4.893234e-04
  3.5700e+02     4.860585e-04
  3.5720e+02     4.828158e-04
  3.5740e+02     4.795953e-04
  3.5760e+02     4.763968e-04
  3.5780e+02     4.732200e-04
  3.5800e+02     4.700650e-04
  3.5820e+02     4.669315e-04
  3.5840e+02     4.638193e-04
  3.5860e+02     4.607284e-04
  3.5880e+02     4.576585e-04
  3.5900e+02     4.546096e-04
  3.5920e+02     4.515815e-04
  3.5940e+02     4.485739e-04
  3.5960e+02     4.455869e-04
  3.5980e+02     4.426203e-04
