# Epidemic | 7 days incidence [ x-unit: days | y-unit: per 100000 ]
  0.0000e+00     3.618006e+02
  2.0000e-01     3.596178e+02
  4.0000e-01     3.574335e+02
  6.0000e-01     3.552479e+02
  8.0000e-01     3.530613e+02
  1.0000e+00     3.508739e+02
  1.2000e+00     3.486859e+02
  1.4000e+00     3.464975e+02
  1.6000e+00     3.443089e+02
  1.8000e+00     3.421204e+02
  2.0000e+00     3.399322e+02
  2.2000e+00     3.377445e+02
  2.4000e+00     3.355575e+02
  2.6000e+00     3.333714e+02
  2.8000e+00     3.311864e+02
  3.0000e+00     3.290027e+02
  3.2000e+00     3.268205e+02
  3.4000e+00     3.246400e+02
  3.6000e+00     3.224615e+02
  3.8000e+00     3.202851e+02
  4.0000e+00     3.181110e+02
  4.2000e+00     3.159393e+02
  4.4000e+00     3.137704e+02
  4.6000e+00     3.116043e+02
  4.8000e+00     3.094413e+02
  5.0000e+00     3.072815e+02
  5.2000e+00     3.051251e+02
  5.4000e+00     3.029723e+02
  5.6000e+00     3.008233e+02
  5.8000e+00     2.986782e+02
  6.0000e+00     2.965372e+02
  6.2000e+00     2.944005e+02
  6.4000e+00     2.922682e+02
  6.6000e+00     2.901405e+02
  6.8000e+00     2.880176e+02
  7.0000e+00     2.858996e+02
  7.2000e+00     2.842700e+02
  7.4000e+00     2.826977e+02
  7.6000e+00     2.811289e+02
  7.8000e+00     2.795639e+02
  8.0000e+00     2.780024e+02
  8.2000e+00     2.764446e+02
  8.4000e+00     2.748904e+02
  8.6000e+00     2.733400e+02
  8.8000e+00     2.717932e+02
  9.0000e+00     2.702501e+02
  9.2000e+00     2.687108e+02
  9.4000e+00     2.671752e+02
  9.6000e+00     2.656434e+02
  9.8000e+00     2.641154e+02
  1.0000e+01     2.625912e+02
  1.0200e+01     2.610708e+02
  1.0400e+01     2.595543e+02
  1.0600e+01     2.580415e+02
  1.0800e+01     2.565327e+02
  1.1000e+01     2.550278e+02
  1.1200e+01     2.535267e+02
  1.1400e+01     2.520296e+02
  1.1600e+01     2.505364e+02
  1.1800e+01     2.490472e+02
  1.2000e+01     2.475619e+02
  1.2200e+01     2.460806e+02
  1.2400e+01     2.446034e+02
  1.2600e+01     2.431301e+02
  1.2800e+01     2.416609e+02
  1.3000e+01     2.401958e+02
  1.3200e+01     2.387347e+02
  1.3400e+01     2.372777e+02
  1.3600e+01     2.358249e+02
  1.3800e+01     2.343762e+02
  1.4000e+01     2.329316e+02
  1.4200e+01     2.314912e+02
  1.4400e+01     2.300550e+02
  1.4600e+01     2.286229e+02
  1.4800e+01     2.271951e+02
  1.5000e+01     2.257716e+02
  1.5200e+01     2.243522e+02
  1.5400e+01     2.229372e+02
  1.5600e+01     2.215264e+02
  1.5800e+01     2.201200e+02
  1.6000e+01     2.187179e+02
  1.6200e+01     2.173201e+02
  1.6400e+01     2.159267e+02
  1.6600e+01     2.145377e+02
  1.6800e+01     2.131531e+02
  1.7000e+01     2.117729e+02
  1.7200e+01     2.103971e+02
  1.7400e+01     2.090258e+02
  1.7600e+01     2.076590e+02
  1.7800e+01     2.062966e+02
  1.8000e+01     2.049388e+02
  1.8200e+01     2.035855e+02
  1.8400e+01     2.022367e+02
  1.8600e+01     2.008925e+02
  1.8800e+01     1.995529e+02
  1.9000e+01     1.982178e+02
  1.9200e+01     1.968874e+02
  1.9400e+01     1.955616e+02
  1.9600e+01     1.942405e+02
  1.9800e+01     1.929241e+02
  2.0000e+01     1.916123e+02
  2.0200e+01     1.903052e+02
  2.0400e+01     1.890029e+02
  2.0600e+01     1.877053e+02
  2.0800e+01     1.864125e+02
  2.1000e+01     1.851244e+02
  2.1200e+01     1.834760e+02
  2.1400e+01     1.817966e+02
  2.1600e+01     1.801270e+02
  2.1800e+01     1.784673e+02
  2.2000e+01     1.768174e+02
  2.2200e+01     1.751775e+02
  2.2400e+01     1.735474e+02
  2.2600e+01     1.719274e+02
  2.2800e+01     1.703173e+02
  2.3000e+01     1.687172e+02
  2.3200e+01     1.671271e+02
  2.3400e+01     1.655471e+02
  2.3600e+01     1.639771e+02
  2.3800e+01     1.624172e+02
  2.4000e+01     1.608673e+02
  2.4200e+01     1.593276e+02
  2.4400e+01     1.577979e+02
  2.4600e+01     1.562783e+02
  2.4800e+01     1.547689e+02
  2.5000e+01     1.532695e+02
  2.5200e+01     1.517803e+02
  2.5400e+01     1.503012e+02
  2.5600e+01     1.488322e+02
  2.5800e+01     1.473734e+02
  2.6000e+01     1.459246e+02
  2.6200e+01     1.444860e+02
  2.6400e+01     1.430575e+02
  2.6600e+01     1.416391e+02
  2.6800e+01     1.402307e+02
  2.7000e+01     1.388325e+02
  2.7200e+01     1.374443e+02
  2.7400e+01     1.360662e+02
  2.7600e+01     1.346982e+02
  2.7800e+01     1.333402e+02
  2.8000e+01     1.319922e+02
  2.8200e+01     1.306543e+02
  2.8400e+01     1.293263e+02
  2.8600e+01     1.280083e+02
  2.8800e+01     1.267003e+02
  2.9000e+01     1.254022e+02
  2.9200e+01     1.241140e+02
  2.9400e+01     1.228357e+02
  2.9600e+01     1.215673e+02
  2.9800e+01     1.203087e+02
  3.0000e+01     1.190600e+02
  3.0200e+01     1.178211e+02
  3.0400e+01     1.165919e+02
  3.0600e+01     1.153725e+02
  3.0800e+01     1.141628e+02
  3.1000e+01     1.129627e+02
  3.1200e+01     1.117724e+02
  3.1400e+01     1.105917e+02
  3.1600e+01     1.094205e+02
  3.1800e+01     1.082590e+02
  3.2000e+01     1.071069e+02
  3.2200e+01     1.059644e+02
  3.2400e+01     1.048313e+02
  3.2600e+01     1.037077e+02
  3.2800e+01     1.025934e+02
  3.3000e+01     1.014885e+02
  3.3200e+01     1.003929e+02
  3.3400e+01     9.930668e+01
  3.3600e+01     9.822964e+01
  3.3800e+01     9.716180e+01
  3.4000e+01     9.610313e+01
  3.4200e+01     9.505358e+01
  3.4400e+01     9.401312e+01
  3.4600e+01     9.298171e+01
  3.4800e+01     9.195931e+01
  3.5000e+01     9.094587e+01
  3.5200e+01     8.994135e+01
  3.5400e+01     8.894570e+01
  3.5600e+01     8.795890e+01
  3.5800e+01     8.698088e+01
  3.6000e+01     8.601162e+01
  3.6200e+01     8.505106e+01
  3.6400e+01     8.409916e+01
  3.6600e+01     8.315587e+01
  3.6800e+01     8.222115e+01
  3.7000e+01     8.129495e+01
  3.7200e+01     8.037723e+01
  3.7400e+01     7.946794e+01
  3.7600e+01     7.856704e+01
  3.7800e+01     7.767447e+01
  3.8000e+01     7.679019e+01
  3.8200e+01     7.591416e+01
  3.8400e+01     7.504631e+01
  3.8600e+01     7.418662e+01
  3.8800e+01     7.333502e+01
  3.9000e+01     7.249148e+01
  3.9200e+01     7.165593e+01
  3.9400e+01     7.082834e+01
  3.9600e+01     7.000865e+01
  3.9800e+01     6.919682e+01
  4.0000e+01     6.839279e+01
  4.0200e+01     6.759652e+01
  4.0400e+01     6.680795e+01
  4.0600e+01     6.602705e+01
  4.0800e+01     6.525374e+01
  4.1000e+01     6.448800e+01
  4.1200e+01     6.372976e+01
  4.1400e+01     6.297898e+01
  4.1600e+01     6.223561e+01
  4.1800e+01     6.149960e+01
  4.2000e+01     6.077089e+01
  4.2200e+01     6.004944e+01
  4.2400e+01     5.933519e+01
  4.2600e+01     5.862810e+01
  4.2800e+01     5.792812e+01
  4.3000e+01     5.723519e+01
  4.3200e+01     5.654926e+01
  4.3400e+01     5.587029e+01
  4.3600e+01     5.519823e+01
  4.3800e+01     5.453302e+01
  4.4000e+01     5.387461e+01
  4.4200e+01     5.322295e+01
  4.4400e+01     5.257800e+01
  4.4600e+01     5.193970e+01
  4.4800e+01     5.130800e+01
  4.5000e+01     5.068286e+01
  4.5200e+01     5.006422e+01
  4.5400e+01     4.945203e+01
  4.5600e+01     4.884624e+01
  4.5800e+01     4.824681e+01
  4.6000e+01     4.765368e+01
  4.6200e+01     4.706681e+01
  4.6400e+01     4.648614e+01
  4.6600e+01     4.591162e+01
  4.6800e+01     4.534322e+01
  4.7000e+01     4.478087e+01
  4.7200e+01     4.422452e+01
  4.7400e+01     4.367414e+01
  4.7600e+01     4.312967e+01
  4.7800e+01     4.259106e+01
  4.8000e+01     4.205826e+01
  4.8200e+01     4.153123e+01
  4.8400e+01     4.100991e+01
  4.8600e+01     4.049427e+01
  4.8800e+01     3.998425e+01
  4.9000e+01     3.947980e+01
  4.9200e+01     3.898088e+01
  4.9400e+01     3.848744e+01
  4.9600e+01     3.799943e+01
  4.9800e+01     3.751681e+01
  5.0000e+01     3.703953e+01
  5.0200e+01     3.656754e+01
  5.0400e+01     3.610079e+01
  5.0600e+01     3.563925e+01
  5.0800e+01     3.518286e+01
  5.1000e+01     3.473158e+01
  5.1200e+01     3.428536e+01
  5.1400e+01     3.384417e+01
  5.1600e+01     3.340794e+01
  5.1800e+01     3.297664e+01
  5.2000e+01     3.255023e+01
  5.2200e+01     3.212866e+01
  5.2400e+01     3.171188e+01
  5.2600e+01     3.129985e+01
  5.2800e+01     3.089253e+01
  5.3000e+01     3.048987e+01
  5.3200e+01     3.009184e+01
  5.3400e+01     2.969838e+01
  5.3600e+01     2.930946e+01
  5.3800e+01     2.892503e+01
  5.4000e+01     2.854505e+01
  5.4200e+01     2.816948e+01
  5.4400e+01     2.779827e+01
  5.4600e+01     2.743139e+01
  5.4800e+01     2.706879e+01
  5.5000e+01     2.671044e+01
  5.5200e+01     2.635629e+01
  5.5400e+01     2.600629e+01
  5.5600e+01     2.566042e+01
  5.5800e+01     2.531863e+01
  5.6000e+01     2.498088e+01
  5.6200e+01     2.464713e+01
  5.6400e+01     2.431734e+01
  5.6600e+01     2.399148e+01
  5.6800e+01     2.366950e+01
  5.7000e+01     2.335136e+01
  5.7200e+01     2.303704e+01
  5.7400e+01     2.272648e+01
  5.7600e+01     2.241965e+01
  5.7800e+01     2.211651e+01
  5.8000e+01     2.181704e+01
  5.8200e+01     2.152118e+01
  5.8400e+01     2.122890e+01
  5.8600e+01     2.094018e+01
  5.8800e+01     2.065496e+01
  5.9000e+01     2.037321e+01
  5.9200e+01     2.009491e+01
  5.9400e+01     1.982000e+01
  5.9600e+01     1.954847e+01
  5.9800e+01     1.928026e+01
  6.0000e+01     1.901536e+01
  6.0200e+01     1.875372e+01
  6.0400e+01     1.849530e+01
  6.0600e+01     1.824009e+01
  6.0800e+01     1.798803e+01
  6.1000e+01     1.773911e+01
  6.1200e+01     1.749328e+01
  6.1400e+01     1.725051e+01
  6.1600e+01     1.701078e+01
  6.1800e+01     1.677404e+01
  6.2000e+01     1.654026e+01
  6.2200e+01     1.630942e+01
  6.2400e+01     1.608149e+01
  6.2600e+01     1.585642e+01
  6.2800e+01     1.563419e+01
  6.3000e+01     1.541477e+01
  6.3200e+01     1.519814e+01
  6.3400e+01     1.498424e+01
  6.3600e+01     1.477307e+01
  6.3800e+01     1.456459e+01
  6.4000e+01     1.435876e+01
  6.4200e+01     1.415556e+01
  6.4400e+01     1.395497e+01
  6.4600e+01     1.375694e+01
  6.4800e+01     1.356146e+01
  6.5000e+01     1.336850e+01
  6.5200e+01     1.317802e+01
  6.5400e+01     1.299000e+01
  6.5600e+01     1.280441e+01
  6.5800e+01     1.262122e+01
  6.6000e+01     1.244041e+01
  6.6200e+01     1.226195e+01
  6.6400e+01     1.208582e+01
  6.6600e+01     1.191198e+01
  6.6800e+01     1.174041e+01
  6.7000e+01     1.157109e+01
  6.7200e+01     1.140398e+01
  6.7400e+01     1.123907e+01
  6.7600e+01     1.107633e+01
  6.7800e+01     1.091573e+01
  6.8000e+01     1.075726e+01
  6.8200e+01     1.060087e+01
  6.8400e+01     1.044656e+01
  6.8600e+01     1.029429e+01
  6.8800e+01     1.014404e+01
  6.9000e+01     9.995798e+00
  6.9200e+01     9.849525e+00
  6.9400e+01     9.705205e+00
  6.9600e+01     9.562813e+00
  6.9800e+01     9.422328e+00
  7.0000e+01     9.283726e+00
  7.0200e+01     9.146987e+00
  7.0400e+01     9.012086e+00
  7.0600e+01     8.879003e+00
  7.0800e+01     8.747716e+00
  7.1000e+01     8.618204e+00
  7.1200e+01     8.490445e+00
  7.1400e+01     8.364418e+00
  7.1600e+01     8.240103e+00
  7.1800e+01     8.117478e+00
  7.2000e+01     7.996524e+00
  7.2200e+01     7.877220e+00
  7.2400e+01     7.759547e+00
  7.2600e+01     7.643484e+00
  7.2800e+01     7.529012e+00
  7.3000e+01     7.416111e+00
  7.3200e+01     7.304763e+00
  7.3400e+01     7.194948e+00
  7.3600e+01     7.086647e+00
  7.3800e+01     6.979843e+00
  7.4000e+01     6.874516e+00
  7.4200e+01     6.770648e+00
  7.4400e+01     6.668221e+00
  7.4600e+01     6.567218e+00
  7.4800e+01     6.467620e+00
  7.5000e+01     6.369411e+00
  7.5200e+01     6.272573e+00
  7.5400e+01     6.177088e+00
  7.5600e+01     6.082940e+00
  7.5800e+01     5.990112e+00
  7.6000e+01     5.898588e+00
  7.6200e+01     5.808351e+00
  7.6400e+01     5.719385e+00
  7.6600e+01     5.631673e+00
  7.6800e+01     5.545201e+00
  7.7000e+01     5.459952e+00
  7.7200e+01     5.375910e+00
  7.7400e+01     5.293061e+00
  7.7600e+01     5.211389e+00
  7.7800e+01     5.130879e+00
  7.8000e+01     5.051517e+00
  7.8200e+01     4.973287e+00
  7.8400e+01     4.896174e+00
  7.8600e+01     4.820166e+00
  7.8800e+01     4.745246e+00
  7.9000e+01     4.671403e+00
  7.9200e+01     4.598620e+00
  7.9400e+01     4.526885e+00
  7.9600e+01     4.456184e+00
  7.9800e+01     4.386503e+00
  8.0000e+01     4.317830e+00
  8.0200e+01     4.250151e+00
  8.0400e+01     4.183453e+00
  8.0600e+01     4.117723e+00
  8.0800e+01     4.052948e+00
  8.1000e+01     3.989117e+00
  8.1200e+01     3.926216e+00
  8.1400e+01     3.864233e+00
  8.1600e+01     3.803157e+00
  8.1800e+01     3.742974e+00
  8.2000e+01     3.683674e+00
  8.2200e+01     3.625244e+00
  8.2400e+01     3.567673e+00
  8.2600e+01     3.510950e+00
  8.2800e+01     3.455063e+00
  8.3000e+01     3.400000e+00
  8.3200e+01     3.345752e+00
  8.3400e+01     3.292306e+00
  8.3600e+01     3.239653e+00
  8.3800e+01     3.187781e+00
  8.4000e+01     3.136680e+00
  8.4200e+01     3.086340e+00
  8.4400e+01     3.036750e+00
  8.4600e+01     2.987900e+00
  8.4800e+01     2.939779e+00
  8.5000e+01     2.892379e+00
  8.5200e+01     2.845689e+00
  8.5400e+01     2.799700e+00
  8.5600e+01     2.754401e+00
  8.5800e+01     2.709784e+00
  8.6000e+01     2.665840e+00
  8.6200e+01     2.622558e+00
  8.6400e+01     2.579929e+00
  8.6600e+01     2.537946e+00
  8.6800e+01     2.496598e+00
  8.7000e+01     2.455877e+00
  8.7200e+01     2.415775e+00
  8.7400e+01     2.376283e+00
  8.7600e+01     2.337391e+00
  8.7800e+01     2.299093e+00
  8.8000e+01     2.261379e+00
  8.8200e+01     2.224242e+00
  8.8400e+01     2.187673e+00
  8.8600e+01     2.151665e+00
  8.8800e+01     2.116209e+00
  8.9000e+01     2.081298e+00
  8.9200e+01     2.046924e+00
  8.9400e+01     2.013079e+00
  8.9600e+01     1.979757e+00
  8.9800e+01     1.946949e+00
  9.0000e+01     1.914649e+00
  9.0200e+01     1.882849e+00
  9.0400e+01     1.851542e+00
  9.0600e+01     1.820721e+00
  9.0800e+01     1.790379e+00
  9.1000e+01     1.760510e+00
  9.1200e+01     1.731106e+00
  9.1400e+01     1.702160e+00
  9.1600e+01     1.673667e+00
  9.1800e+01     1.645620e+00
  9.2000e+01     1.618013e+00
  9.2200e+01     1.590838e+00
  9.2400e+01     1.564090e+00
  9.2600e+01     1.537763e+00
  9.2800e+01     1.511850e+00
  9.3000e+01     1.486345e+00
  9.3200e+01     1.461244e+00
  9.3400e+01     1.436539e+00
  9.3600e+01     1.412224e+00
  9.3800e+01     1.388296e+00
  9.4000e+01     1.364746e+00
  9.4200e+01     1.341571e+00
  9.4400e+01     1.318764e+00
  9.4600e+01     1.296321e+00
  9.4800e+01     1.274235e+00
  9.5000e+01     1.252502e+00
  9.5200e+01     1.231116e+00
  9.5400e+01     1.210073e+00
  9.5600e+01     1.189367e+00
  9.5800e+01     1.168992e+00
  9.6000e+01     1.148946e+00
  9.6200e+01     1.129221e+00
  9.6400e+01     1.109814e+00
  9.6600e+01     1.090720e+00
  9.6800e+01     1.071934e+00
  9.7000e+01     1.053452e+00
  9.7200e+01     1.035269e+00
  9.7400e+01     1.017380e+00
  9.7600e+01     9.997825e-01
  9.7800e+01     9.824699e-01
  9.8000e+01     9.654389e-01
  9.8200e+01     9.486851e-01
  9.8400e+01     9.322043e-01
  9.8600e+01     9.159926e-01
  9.8800e+01     9.000457e-01
  9.9000e+01     8.843597e-01
  9.9200e+01     8.689306e-01
  9.9400e+01     8.537546e-01
  9.9600e+01     8.388277e-01
  9.9800e+01     8.241462e-01
  1.0000e+02     8.097063e-01
  1.0020e+02     7.955043e-01
  1.0040e+02     7.815366e-01
  1.0060e+02     7.677997e-01
  1.0080e+02     7.542899e-01
  1.0100e+02     7.410038e-01
  1.0120e+02     7.279379e-01
  1.0140e+02     7.150888e-01
  1.0160e+02     7.024533e-01
  1.0180e+02     6.900279e-01
  1.0200e+02     6.778095e-01
  1.0220e+02     6.657948e-01
  1.0240e+02     6.539807e-01
  1.0260e+02     6.423641e-01
  1.0280e+02     6.309419e-01
  1.0300e+02     6.197110e-01
  1.0320e+02     6.086685e-01
  1.0340e+02     5.978114e-01
  1.0360e+02     5.871369e-01
  1.0380e+02     5.766420e-01
  1.0400e+02     5.663240e-01
  1.0420e+02     5.561801e-01
  1.0440e+02     5.462075e-01
  1.0460e+02     5.364036e-01
  1.0480e+02     5.267657e-01
  1.0500e+02     5.172911e-01
  1.0520e+02     5.079773e-01
  1.0540e+02     4.988218e-01
  1.0560e+02     4.898219e-01
  1.0580e+02     4.809754e-01
  1.0600e+02     4.722796e-01
  1.0620e+02     4.637323e-01
  1.0640e+02     4.553310e-01
  1.0660e+02     4.470735e-01
  1.0680e+02     4.389574e-01
  1.0700e+02     4.309804e-01
  1.0720e+02     4.231404e-01
  1.0740e+02     4.154351e-01
  1.0760e+02     4.078624e-01
  1.0780e+02     4.004202e-01
  1.0800e+02     3.931062e-01
  1.0820e+02     3.859186e-01
  1.0840e+02     3.788552e-01
  1.0860e+02     3.719140e-01
  1.0880e+02     3.650930e-01
  1.0900e+02     3.583904e-01
  1.0920e+02     3.518041e-01
  1.0940e+02     3.453323e-01
  1.0960e+02     3.389732e-01
  1.0980e+02     3.327248e-01
  1.1000e+02     3.265854e-01
  1.1020e+02     3.205532e-01
  1.1040e+02     3.146264e-01
  1.1060e+02     3.088034e-01
  1.1080e+02     3.030824e-01
  1.1100e+02     2.974617e-01
  1.1120e+02     2.919397e-01
  1.1140e+02     2.865148e-01
  1.1160e+02     2.811853e-01
  1.1180e+02     2.759498e-01
  1.1200e+02     2.708065e-01
  1.1220e+02     2.657541e-01
  1.1240e+02     2.607910e-01
  1.1260e+02     2.559158e-01
  1.1280e+02     2.511269e-01
  1.1300e+02     2.464229e-01
  1.1320e+02     2.418024e-01
  1.1340e+02     2.372641e-01
  1.1360e+02     2.328065e-01
  1.1380e+02     2.284284e-01
  1.1400e+02     2.241283e-01
  1.1420e+02     2.199049e-01
  1.1440e+02     2.157571e-01
  1.1460e+02     2.116835e-01
  1.1480e+02     2.076828e-01
  1.1500e+02     2.037539e-01
  1.1520e+02     1.998955e-01
  1.1540e+02     1.961064e-01
  1.1560e+02     1.923855e-01
  1.1580e+02     1.887316e-01
  1.1600e+02     1.851436e-01
  1.1620e+02     1.816203e-01
  1.1640e+02     1.781607e-01
  1.1660e+02     1.747637e-01
  1.1680e+02     1.714282e-01
  1.1700e+02     1.681531e-01
  1.1720e+02     1.649375e-01
  1.1740e+02     1.617803e-01
  1.1760e+02     1.586805e-01
  1.1780e+02     1.556371e-01
  1.1800e+02     1.526492e-01
  1.1820e+02     1.497158e-01
  1.1840e+02     1.468360e-01
  1.1860e+02     1.440088e-01
  1.1880e+02     1.412334e-01
  1.1900e+02     1.385088e-01
  1.1920e+02     1.358343e-01
  1.1940e+02     1.332088e-01
  1.1960e+02     1.306315e-01
  1.1980e+02     1.281017e-01
  1.2000e+02     1.256185e-01
  1.2020e+02     1.231811e-01
  1.2040e+02     1.207887e-01
  1.2060e+02     1.184405e-01
  1.2080e+02     1.161357e-01
  1.2100e+02     1.138736e-01
  1.2120e+02     1.116535e-01
  1.2140e+02     1.094745e-01
  1.2160e+02     1.073360e-01
  1.2180e+02     1.052373e-01
  1.2200e+02     1.031776e-01
  1.2220e+02     1.011564e-01
  1.2240e+02     9.917280e-02
  1.2260e+02     9.722628e-02
  1.2280e+02     9.531615e-02
  1.2300e+02     9.344176e-02
  1.2320e+02     9.160248e-02
  1.2340e+02     8.979770e-02
  1.2360e+02     8.802679e-02
  1.2380e+02     8.628916e-02
  1.2400e+02     8.458422e-02
  1.2420e+02     8.291139e-02
  1.2440e+02     8.127008e-02
  1.2460e+02     7.965975e-02
  1.2480e+02     7.807983e-02
  1.2500e+02     7.652979e-02
  1.2520e+02     7.500909e-02
  1.2540e+02     7.351720e-02
  1.2560e+02     7.205361e-02
  1.2580e+02     7.061781e-02
  1.2600e+02     6.920930e-02
  1.2620e+02     6.782758e-02
  1.2640e+02     6.647218e-02
  1.2660e+02     6.514262e-02
  1.2680e+02     6.383844e-02
  1.2700e+02     6.255917e-02
  1.2720e+02     6.130437e-02
  1.2740e+02     6.007358e-02
  1.2760e+02     5.886638e-02
  1.2780e+02     5.768234e-02
  1.2800e+02     5.652103e-02
  1.2820e+02     5.538205e-02
  1.2840e+02     5.426498e-02
  1.2860e+02     5.316942e-02
  1.2880e+02     5.209499e-02
  1.2900e+02     5.104129e-02
  1.2920e+02     5.000795e-02
  1.2940e+02     4.899459e-02
  1.2960e+02     4.800085e-02
  1.2980e+02     4.702636e-02
  1.3000e+02     4.607078e-02
  1.3020e+02     4.513375e-02
  1.3040e+02     4.421494e-02
  1.3060e+02     4.331399e-02
  1.3080e+02     4.243060e-02
  1.3100e+02     4.156443e-02
  1.3120e+02     4.071516e-02
  1.3140e+02     3.988247e-02
  1.3160e+02     3.906607e-02
  1.3180e+02     3.826565e-02
  1.3200e+02     3.748092e-02
  1.3220e+02     3.671157e-02
  1.3240e+02     3.595732e-02
  1.3260e+02     3.521790e-02
  1.3280e+02     3.449302e-02
  1.3300e+02     3.378241e-02
  1.3320e+02     3.308581e-02
  1.3340e+02     3.240296e-02
  1.3360e+02     3.173359e-02
  1.3380e+02     3.107745e-02
  1.3400e+02     3.043429e-02
  1.3420e+02     2.980387e-02
  1.3440e+02     2.918595e-02
  1.3460e+02     2.858030e-02
  1.3480e+02     2.798668e-02
  1.3500e+02     2.740486e-02
  1.3520e+02     2.683462e-02
  1.3540e+02     2.627574e-02
  1.3560e+02     2.572801e-02
  1.3580e+02     2.519122e-02
  1.3600e+02     2.466515e-02
  1.3620e+02     2.414960e-02
  1.3640e+02     2.364438e-02
  1.3660e+02     2.314928e-02
  1.3680e+02     2.266411e-02
  1.3700e+02     2.218869e-02
  1.3720e+02     2.172282e-02
  1.3740e+02     2.126633e-02
  1.3760e+02     2.081903e-02
  1.3780e+02     2.038074e-02
  1.3800e+02     1.995130e-02
  1.3820e+02     1.953053e-02
  1.3840e+02     1.911827e-02
  1.3860e+02     1.871435e-02
  1.3880e+02     1.831862e-02
  1.3900e+02     1.793091e-02
  1.3920e+02     1.755106e-02
  1.3940e+02     1.717894e-02
  1.3960e+02     1.681438e-02
  1.3980e+02     1.645724e-02
  1.4000e+02     1.610737e-02
  1.4020e+02     1.576464e-02
  1.4040e+02     1.542891e-02
  1.4060e+02     1.510004e-02
  1.4080e+02     1.477789e-02
  1.4100e+02     1.446234e-02
  1.4120e+02     1.415325e-02
  1.4140e+02     1.385050e-02
  1.4160e+02     1.355397e-02
  1.4180e+02     1.326353e-02
  1.4200e+02     1.297907e-02
  1.4220e+02     1.270046e-02
  1.4240e+02     1.242759e-02
  1.4260e+02     1.216035e-02
  1.4280e+02     1.189863e-02
  1.4300e+02     1.164232e-02
  1.4320e+02     1.139131e-02
  1.4340e+02     1.114550e-02
  1.4360e+02     1.090478e-02
  1.4380e+02     1.066906e-02
  1.4400e+02     1.043823e-02
  1.4420e+02     1.021220e-02
  1.4440e+02     9.990865e-03
  1.4460e+02     9.774144e-03
  1.4480e+02     9.561939e-03
  1.4500e+02     9.354162e-03
  1.4520e+02     9.150722e-03
  1.4540e+02     8.951535e-03
  1.4560e+02     8.756515e-03
  1.4580e+02     8.565579e-03
  1.4600e+02     8.378645e-03
  1.4620e+02     8.195632e-03
  1.4640e+02     8.016462e-03
  1.4660e+02     7.841058e-03
  1.4680e+02     7.669344e-03
  1.4700e+02     7.501246e-03
  1.4720e+02     7.336691e-03
  1.4740e+02     7.175607e-03
  1.4760e+02     7.017924e-03
  1.4780e+02     6.863575e-03
  1.4800e+02     6.712490e-03
  1.4820e+02     6.564604e-03
  1.4840e+02     6.419853e-03
  1.4860e+02     6.278173e-03
  1.4880e+02     6.139500e-03
  1.4900e+02     6.003775e-03
  1.4920e+02     5.870937e-03
  1.4940e+02     5.740927e-03
  1.4960e+02     5.613688e-03
  1.4980e+02     5.489163e-03
  1.5000e+02     5.367297e-03
  1.5020e+02     5.248035e-03
  1.5040e+02     5.131323e-03
  1.5060e+02     5.017111e-03
  1.5080e+02     4.905345e-03
  1.5100e+02     4.795977e-03
  1.5120e+02     4.688957e-03
  1.5140e+02     4.584236e-03
  1.5160e+02     4.481768e-03
  1.5180e+02     4.381505e-03
  1.5200e+02     4.283402e-03
  1.5220e+02     4.187415e-03
  1.5240e+02     4.093500e-03
  1.5260e+02     4.001613e-03
  1.5280e+02     3.911714e-03
  1.5300e+02     3.823760e-03
  1.5320e+02     3.737712e-03
  1.5340e+02     3.653529e-03
  1.5360e+02     3.571174e-03
  1.5380e+02     3.490607e-03
  1.5400e+02     3.411792e-03
  1.5420e+02     3.334692e-03
  1.5440e+02     3.259271e-03
  1.5460e+02     3.185494e-03
  1.5480e+02     3.113327e-03
  1.5500e+02     3.042736e-03
  1.5520e+02     2.973688e-03
  1.5540e+02     2.906150e-03
  1.5560e+02     2.840092e-03
  1.5580e+02     2.775481e-03
  1.5600e+02     2.712288e-03
  1.5620e+02     2.650482e-03
  1.5640e+02     2.590034e-03
  1.5660e+02     2.530916e-03
  1.5680e+02     2.473100e-03
  1.5700e+02     2.416557e-03
  1.5720e+02     2.361261e-03
  1.5740e+02     2.307186e-03
  1.5760e+02     2.254306e-03
  1.5780e+02     2.202594e-03
  1.5800e+02     2.152028e-03
  1.5820e+02     2.102581e-03
  1.5840e+02     2.054231e-03
  1.5860e+02     2.006953e-03
  1.5880e+02     1.960726e-03
  1.5900e+02     1.915527e-03
  1.5920e+02     1.871332e-03
  1.5940e+02     1.828123e-03
  1.5960e+02     1.785876e-03
  1.5980e+02     1.744572e-03
  1.6000e+02     1.704189e-03
  1.6020e+02     1.664710e-03
  1.6040e+02     1.626113e-03
  1.6060e+02     1.588380e-03
  1.6080e+02     1.551493e-03
  1.6100e+02     1.515433e-03
  1.6120e+02     1.480183e-03
  1.6140e+02     1.445724e-03
  1.6160e+02     1.412040e-03
  1.6180e+02     1.379114e-03
  1.6200e+02     1.346930e-03
  1.6220e+02     1.315471e-03
  1.6240e+02     1.284722e-03
  1.6260e+02     1.254667e-03
  1.6280e+02     1.225292e-03
  1.6300e+02     1.196581e-03
  1.6320e+02     1.168520e-03
  1.6340e+02     1.141095e-03
  1.6360e+02     1.114292e-03
  1.6380e+02     1.088098e-03
  1.6400e+02     1.062498e-03
  1.6420e+02     1.037481e-03
  1.6440e+02     1.013033e-03
  1.6460e+02     9.891420e-04
  1.6480e+02     9.657956e-04
  1.6500e+02     9.429818e-04
  1.6520e+02     9.206890e-04
  1.6540e+02     8.989057e-04
  1.6560e+02     8.776208e-04
  1.6580e+02     8.568232e-04
  1.6600e+02     8.365021e-04
  1.6620e+02     8.166471e-04
  1.6640e+02     7.972479e-04
  1.6660e+02     7.782943e-04
  1.6680e+02     7.597765e-04
  1.6700e+02     7.416849e-04
  1.6720e+02     7.240099e-04
  1.6740e+02     7.067424e-04
  1.6760e+02     6.898733e-04
  1.6780e+02     6.733937e-04
  1.6800e+02     6.572950e-04
  1.6820e+02     6.415686e-04
  1.6840e+02     6.262063e-04
  1.6860e+02     6.111999e-04
  1.6880e+02     5.965415e-04
  1.6900e+02     5.822233e-04
  1.6920e+02     5.682377e-04
  1.6940e+02     5.545773e-04
  1.6960e+02     5.412347e-04
  1.6980e+02     5.282027e-04
  1.7000e+02     5.154746e-04
  1.7020e+02     5.030433e-04
  1.7040e+02     4.909022e-04
  1.7060e+02     4.790448e-04
  1.7080e+02     4.674647e-04
  1.7100e+02     4.561556e-04
  1.7120e+02     4.451115e-04
  1.7140e+02     4.343262e-04
  1.7160e+02     4.237940e-04
  1.7180e+02     4.135091e-04
  1.7200e+02     4.034660e-04
  1.7220e+02     3.936591e-04
  1.7240e+02     3.840831e-04
  1.7260e+02     3.747326e-04
  1.7280e+02     3.656027e-04
  1.7300e+02     3.566883e-04
  1.7320e+02     3.479844e-04
  1.7340e+02     3.394862e-04
  1.7360e+02     3.311892e-04
  1.7380e+02     3.230886e-04
  1.7400e+02     3.151799e-04
  1.7420e+02     3.074589e-04
  1.7440e+02     2.999211e-04
  1.7460e+02     2.925624e-04
  1.7480e+02     2.853787e-04
  1.7500e+02     2.783659e-04
  1.7520e+02     2.715202e-04
  1.7540e+02     2.648376e-04
  1.7560e+02     2.583144e-04
  1.7580e+02     2.519470e-04
  1.7600e+02     2.457317e-04
  1.7620e+02     2.396651e-04
  1.7640e+02     2.337436e-04
  1.7660e+02     2.279640e-04
  1.7680e+02     2.223230e-04
  1.7700e+02     2.168173e-04
  1.7720e+02     2.114438e-04
  1.7740e+02     2.061994e-04
  1.7760e+02     2.010812e-04
  1.7780e+02     1.960862e-04
  1.7800e+02     1.912115e-04
  1.7820e+02     1.864544e-04
  1.7840e+02     1.818120e-04
  1.7860e+02     1.772817e-04
  1.7880e+02     1.728610e-04
  1.7900e+02     1.685472e-04
  1.7920e+02     1.643378e-04
  1.7940e+02     1.602304e-04
  1.7960e+02     1.562226e-04
  1.7980e+02     1.523120e-04
  1.8000e+02     1.484965e-04
  1.8020e+02     1.447736e-04
  1.8040e+02     1.411414e-04
  1.8060e+02     1.375975e-04
  1.8080e+02     1.341401e-04
  1.8100e+02     1.307669e-04
  1.8120e+02     1.274761e-04
  1.8140e+02     1.242656e-04
  1.8160e+02     1.211336e-04
  1.8180e+02     1.180782e-04
  1.8200e+02     1.150977e-04
  1.8220e+02     1.121901e-04
  1.8240e+02     1.093539e-04
  1.8260e+02     1.065873e-04
  1.8280e+02     1.038886e-04
  1.8300e+02     1.012563e-04
  1.8320e+02     9.868874e-05
  1.8340e+02     9.618439e-05
  1.8360e+02     9.374175e-05
  1.8380e+02     9.135934e-05
  1.8400e+02     8.903574e-05
  1.8420e+02     8.676953e-05
  1.8440e+02     8.455933e-05
  1.8460e+02     8.240382e-05
  1.8480e+02     8.030167e-05
  1.8500e+02     7.825161e-05
  1.8520e+02     7.625239e-05
  1.8540e+02     7.430279e-05
  1.8560e+02     7.240161e-05
  1.8580e+02     7.054768e-05
  1.8600e+02     6.873988e-05
  1.8620e+02     6.697708e-05
  1.8640e+02     6.525821e-05
  1.8660e+02     6.358220e-05
  1.8680e+02     6.194801e-05
  1.8700e+02     6.035463e-05
  1.8720e+02     5.880109e-05
  1.8740e+02     5.728640e-05
  1.8760e+02     5.580963e-05
  1.8780e+02     5.436986e-05
  1.8800e+02     5.296620e-05
  1.8820e+02     5.159775e-05
  1.8840e+02     5.026367e-05
  1.8860e+02     4.896312e-05
  1.8880e+02     4.769528e-05
  1.8900e+02     4.645935e-05
  1.8920e+02     4.525456e-05
  1.8940e+02     4.408014e-05
  1.8960e+02     4.293535e-05
  1.8980e+02     4.181947e-05
  1.9000e+02     4.073179e-05
  1.9020e+02     3.967162e-05
  1.9040e+02     3.863828e-05
  1.9060e+02     3.763111e-05
  1.9080e+02     3.664947e-05
  1.9100e+02     3.569274e-05
  1.9120e+02     3.476029e-05
  1.9140e+02     3.385154e-05
  1.9160e+02     3.296589e-05
  1.9180e+02     3.210279e-05
  1.9200e+02     3.126166e-05
  1.9220e+02     3.044197e-05
  1.9240e+02     2.964319e-05
  1.9260e+02     2.886479e-05
  1.9280e+02     2.810629e-05
  1.9300e+02     2.736717e-05
  1.9320e+02     2.664696e-05
  1.9340e+02     2.594520e-05
  1.9360e+02     2.526142e-05
  1.9380e+02     2.459517e-05
  1.9400e+02     2.394602e-05
  1.9420e+02     2.331355e-05
  1.9440e+02     2.269733e-05
  1.9460e+02     2.209696e-05
  1.9480e+02     2.151204e-05
  1.9500e+02     2.094220e-05
  1.9520e+02     2.038705e-05
  1.9540e+02     1.984622e-05
  1.9560e+02     1.931936e-05
  1.9580e+02     1.880611e-05
  1.9600e+02     1.830613e-05
  1.9620e+02     1.781910e-05
  1.9640e+02     1.734468e-05
  1.9660e+02     1.688255e-05
  1.9680e+02     1.643242e-05
  1.9700e+02     1.599397e-05
  1.9720e+02     1.556691e-05
  1.9740e+02     1.515095e-05
  1.9760e+02     1.474582e-05
  1.9780e+02     1.435123e-05
  1.9800e+02     1.396693e-05
  1.9820e+02     1.359265e-05
  1.9840e+02     1.322813e-05
  1.9860e+02     1.287314e-05
  1.9880e+02     1.252743e-05
  1.9900e+02     1.219075e-05
  1.9920e+02     1.186289e-05
  1.9940e+02     1.154362e-05
  1.9960e+02     1.123272e-05
  1.9980e+02     1.092998e-05
  2.0000e+02     1.063519e-05
  2.0020e+02     1.034814e-05
  2.0040e+02     1.006864e-05
  2.0060e+02     9.796491e-06
  2.0080e+02     9.531512e-06
  2.0100e+02     9.273517e-06
  2.0120e+02     9.022325e-06
  2.0140e+02     8.777764e-06
  2.0160e+02     8.539662e-06
  2.0180e+02     8.307854e-06
  2.0200e+02     8.082178e-06
  2.0220e+02     7.862477e-06
  2.0240e+02     7.648596e-06
  2.0260e+02     7.440385e-06
  2.0280e+02     7.237698e-06
  2.0300e+02     7.040394e-06
  2.0320e+02     6.848331e-06
  2.0340e+02     6.661377e-06
  2.0360e+02     6.479397e-06
  2.0380e+02     6.302263e-06
  2.0400e+02     6.129850e-06
  2.0420e+02     5.962035e-06
  2.0440e+02     5.798700e-06
  2.0460e+02     5.639727e-06
  2.0480e+02     5.485003e-06
  2.0500e+02     5.334418e-06
  2.0520e+02     5.187864e-06
  2.0540e+02     5.045236e-06
  2.0560e+02     4.906432e-06
  2.0580e+02     4.771352e-06
  2.0600e+02     4.639898e-06
  2.0620e+02     4.511976e-06
  2.0640e+02     4.387494e-06
  2.0660e+02     4.266361e-06
  2.0680e+02     4.148490e-06
  2.0700e+02     4.033795e-06
  2.0720e+02     3.922193e-06
  2.0740e+02     3.813603e-06
  2.0760e+02     3.707946e-06
  2.0780e+02     3.605144e-06
  2.0800e+02     3.505122e-06
  2.0820e+02     3.407808e-06
  2.0840e+02     3.313129e-06
  2.0860e+02     3.221017e-06
  2.0880e+02     3.131403e-06
  2.0900e+02     3.044222e-06
  2.0920e+02     2.959409e-06
  2.0940e+02     2.876901e-06
  2.0960e+02     2.796638e-06
  2.0980e+02     2.718561e-06
  2.1000e+02     2.642610e-06
  2.1020e+02     2.568730e-06
  2.1040e+02     2.496866e-06
  2.1060e+02     2.426964e-06
  2.1080e+02     2.358971e-06
  2.1100e+02     2.292838e-06
  2.1120e+02     2.228515e-06
  2.1140e+02     2.165952e-06
  2.1160e+02     2.105105e-06
  2.1180e+02     2.045925e-06
  2.1200e+02     1.988370e-06
  2.1220e+02     1.932395e-06
  2.1240e+02     1.877959e-06
  2.1260e+02     1.825019e-06
  2.1280e+02     1.773537e-06
  2.1300e+02     1.723472e-06
  2.1320e+02     1.674787e-06
  2.1340e+02     1.627445e-06
  2.1360e+02     1.581410e-06
  2.1380e+02     1.536646e-06
  2.1400e+02     1.493119e-06
  2.1420e+02     1.450797e-06
  2.1440e+02     1.409645e-06
  2.1460e+02     1.369634e-06
  2.1480e+02     1.330732e-06
  2.1500e+02     1.292909e-06
  2.1520e+02     1.256135e-06
  2.1540e+02     1.220384e-06
  2.1560e+02     1.185626e-06
  2.1580e+02     1.151835e-06
  2.1600e+02     1.118985e-06
  2.1620e+02     1.087049e-06
  2.1640e+02     1.056005e-06
  2.1660e+02     1.025826e-06
  2.1680e+02     9.964895e-07
  2.1700e+02     9.679728e-07
  2.1720e+02     9.402533e-07
  2.1740e+02     9.133094e-07
  2.1760e+02     8.871198e-07
  2.1780e+02     8.616640e-07
  2.1800e+02     8.369218e-07
  2.1820e+02     8.128738e-07
  2.1840e+02     7.895010e-07
  2.1860e+02     7.667849e-07
  2.1880e+02     7.447075e-07
  2.1900e+02     7.232512e-07
  2.1920e+02     7.023991e-07
  2.1940e+02     6.821344e-07
  2.1960e+02     6.624412e-07
  2.1980e+02     6.433035e-07
  2.2000e+02     6.247063e-07
  2.2020e+02     6.066345e-07
  2.2040e+02     5.890737e-07
  2.2060e+02     5.720097e-07
  2.2080e+02     5.554289e-07
  2.2100e+02     5.393180e-07
  2.2120e+02     5.236638e-07
  2.2140e+02     5.084538e-07
  2.2160e+02     4.936757e-07
  2.2180e+02     4.793175e-07
  2.2200e+02     4.653675e-07
  2.2220e+02     4.518145e-07
  2.2240e+02     4.386474e-07
  2.2260e+02     4.258554e-07
  2.2280e+02     4.134282e-07
  2.2300e+02     4.013556e-07
  2.2320e+02     3.896276e-07
  2.2340e+02     3.782348e-07
  2.2360e+02     3.671678e-07
  2.2380e+02     3.564174e-07
  2.2400e+02     3.459748e-07
  2.2420e+02     3.358314e-07
  2.2440e+02     3.259788e-07
  2.2460e+02     3.164090e-07
  2.2480e+02     3.071139e-07
  2.2500e+02     2.980858e-07
  2.2520e+02     2.893174e-07
  2.2540e+02     2.808012e-07
  2.2560e+02     2.725303e-07
  2.2580e+02     2.644976e-07
  2.2600e+02     2.566965e-07
  2.2620e+02     2.491205e-07
  2.2640e+02     2.417632e-07
  2.2660e+02     2.346185e-07
  2.2680e+02     2.276803e-07
  2.2700e+02     2.209429e-07
  2.2720e+02     2.144005e-07
  2.2740e+02     2.080477e-07
  2.2760e+02     2.018790e-07
  2.2780e+02     1.958893e-07
  2.2800e+02     1.900735e-07
  2.2820e+02     1.844266e-07
  2.2840e+02     1.789439e-07
  2.2860e+02     1.736207e-07
  2.2880e+02     1.684524e-07
  2.2900e+02     1.634347e-07
  2.2920e+02     1.585633e-07
  2.2940e+02     1.538340e-07
  2.2960e+02     1.492427e-07
  2.2980e+02     1.447855e-07
  2.3000e+02     1.404586e-07
  2.3020e+02     1.362582e-07
  2.3040e+02     1.321808e-07
  2.3060e+02     1.282229e-07
  2.3080e+02     1.243809e-07
  2.3100e+02     1.206516e-07
  2.3120e+02     1.170318e-07
  2.3140e+02     1.135183e-07
  2.3160e+02     1.101080e-07
  2.3180e+02     1.067981e-07
  2.3200e+02     1.035855e-07
  2.3220e+02     1.004676e-07
  2.3240e+02     9.744150e-08
  2.3260e+02     9.450467e-08
  2.3280e+02     9.165450e-08
  2.3300e+02     8.888850e-08
  2.3320e+02     8.620422e-08
  2.3340e+02     8.359932e-08
  2.3360e+02     8.107150e-08
  2.3380e+02     7.861852e-08
  2.3400e+02     7.623822e-08
  2.3420e+02     7.392849e-08
  2.3440e+02     7.168728e-08
  2.3460e+02     6.951262e-08
  2.3480e+02     6.740256e-08
  2.3500e+02     6.535523e-08
  2.3520e+02     6.336881e-08
  2.3540e+02     6.144152e-08
  2.3560e+02     5.957163e-08
  2.3580e+02     5.775749e-08
  2.3600e+02     5.599746e-08
  2.3620e+02     5.428997e-08
  2.3640e+02     5.263347e-08
  2.3660e+02     5.102648e-08
  2.3680e+02     4.946756e-08
  2.3700e+02     4.795529e-08
  2.3720e+02     4.648831e-08
  2.3740e+02     4.506530e-08
  2.3760e+02     4.368496e-08
  2.3780e+02     4.234604e-08
  2.3800e+02     4.104732e-08
  2.3820e+02     3.978763e-08
  2.3840e+02     3.856582e-08
  2.3860e+02     3.738076e-08
  2.3880e+02     3.623139e-08
  2.3900e+02     3.511665e-08
  2.3920e+02     3.403551e-08
  2.3940e+02     3.298699e-08
  2.3960e+02     3.197012e-08
  2.3980e+02     3.098397e-08
  2.4000e+02     3.002763e-08
  2.4020e+02     2.910022e-08
  2.4040e+02     2.820088e-08
  2.4060e+02     2.732877e-08
  2.4080e+02     2.648310e-08
  2.4100e+02     2.566308e-08
  2.4120e+02     2.486794e-08
  2.4140e+02     2.409695e-08
  2.4160e+02     2.334939e-08
  2.4180e+02     2.262456e-08
  2.4200e+02     2.192179e-08
  2.4220e+02     2.124042e-08
  2.4240e+02     2.057980e-08
  2.4260e+02     1.993933e-08
  2.4280e+02     1.931839e-08
  2.4300e+02     1.871642e-08
  2.4320e+02     1.813283e-08
  2.4340e+02     1.756708e-08
  2.4360e+02     1.701863e-08
  2.4380e+02     1.648698e-08
  2.4400e+02     1.597161e-08
  2.4420e+02     1.547203e-08
  2.4440e+02     1.498777e-08
  2.4460e+02     1.451838e-08
  2.4480e+02     1.406340e-08
  2.4500e+02     1.362240e-08
  2.4520e+02     1.319496e-08
  2.4540e+02     1.278067e-08
  2.4560e+02     1.237914e-08
  2.4580e+02     1.198998e-08
  2.4600e+02     1.161282e-08
  2.4620e+02     1.124729e-08
  2.4640e+02     1.089305e-08
  2.4660e+02     1.054974e-08
  2.4680e+02     1.021705e-08
  2.4700e+02     9.894653e-09
  2.4720e+02     9.582230e-09
  2.4740e+02     9.279483e-09
  2.4760e+02     8.986117e-09
  2.4780e+02     8.701849e-09
  2.4800e+02     8.426402e-09
  2.4820e+02     8.159507e-09
  2.4840e+02     7.900905e-09
  2.4860e+02     7.650342e-09
  2.4880e+02     7.407575e-09
  2.4900e+02     7.172365e-09
  2.4920e+02     6.944481e-09
  2.4940e+02     6.723701e-09
  2.4960e+02     6.509807e-09
  2.4980e+02     6.302589e-09
  2.5000e+02     6.101842e-09
  2.5020e+02     5.907369e-09
  2.5040e+02     5.718977e-09
  2.5060e+02     5.536480e-09
  2.5080e+02     5.359697e-09
  2.5100e+02     5.188453e-09
  2.5120e+02     5.022578e-09
  2.5140e+02     4.861906e-09
  2.5160e+02     4.706278e-09
  2.5180e+02     4.555538e-09
  2.5200e+02     4.409537e-09
  2.5220e+02     4.268127e-09
  2.5240e+02     4.131168e-09
  2.5260e+02     3.998522e-09
  2.5280e+02     3.870056e-09
  2.5300e+02     3.745640e-09
  2.5320e+02     3.625151e-09
  2.5340e+02     3.508465e-09
  2.5360e+02     3.395466e-09
  2.5380e+02     3.286038e-09
  2.5400e+02     3.180073e-09
  2.5420e+02     3.077461e-09
  2.5440e+02     2.978100e-09
  2.5460e+02     2.881887e-09
  2.5480e+02     2.788726e-09
  2.5500e+02     2.698521e-09
  2.5520e+02     2.611180e-09
  2.5540e+02     2.526615e-09
  2.5560e+02     2.444738e-09
  2.5580e+02     2.365466e-09
  2.5600e+02     2.288717e-09
  2.5620e+02     2.214413e-09
  2.5640e+02     2.142478e-09
  2.5660e+02     2.072837e-09
  2.5680e+02     2.005418e-09
  2.5700e+02     1.940152e-09
  2.5720e+02     1.876972e-09
  2.5740e+02     1.815813e-09
  2.5760e+02     1.756609e-09
  2.5780e+02     1.699302e-09
  2.5800e+02     1.643830e-09
  2.5820e+02     1.590136e-09
  2.5840e+02     1.538165e-09
  2.5860e+02     1.487862e-09
  2.5880e+02     1.439174e-09
  2.5900e+02     1.392051e-09
  2.5920e+02     1.346443e-09
  2.5940e+02     1.302303e-09
  2.5960e+02     1.259584e-09
  2.5980e+02     1.218241e-09
  2.6000e+02     1.178231e-09
  2.6020e+02     1.139511e-09
  2.6040e+02     1.102042e-09
  2.6060e+02     1.065782e-09
  2.6080e+02     1.030695e-09
  2.6100e+02     9.967415e-10
  2.6120e+02     9.638872e-10
  2.6140e+02     9.320966e-10
  2.6160e+02     9.013359e-10
  2.6180e+02     8.715725e-10
  2.6200e+02     8.427746e-10
  2.6220e+02     8.149114e-10
  2.6240e+02     7.879532e-10
  2.6260e+02     7.618711e-10
  2.6280e+02     7.366373e-10
  2.6300e+02     7.122245e-10
  2.6320e+02     6.886066e-10
  2.6340e+02     6.657581e-10
  2.6360e+02     6.436546e-10
  2.6380e+02     6.222721e-10
  2.6400e+02     6.015875e-10
  2.6420e+02     5.815785e-10
  2.6440e+02     5.622234e-10
  2.6460e+02     5.435013e-10
  2.6480e+02     5.253918e-10
  2.6500e+02     5.078752e-10
  2.6520e+02     4.909325e-10
  2.6540e+02     4.745452e-10
  2.6560e+02     4.586955e-10
  2.6580e+02     4.433660e-10
  2.6600e+02     4.285400e-10
  2.6620e+02     4.142012e-10
  2.6640e+02     4.003339e-10
  2.6660e+02     3.869229e-10
  2.6680e+02     3.739535e-10
  2.6700e+02     3.614113e-10
  2.6720e+02     3.492826e-10
  2.6740e+02     3.375539e-10
  2.6760e+02     3.262123e-10
  2.6780e+02     3.152453e-10
  2.6800e+02     3.046407e-10
  2.6820e+02     2.943868e-10
  2.6840e+02     2.844721e-10
  2.6860e+02     2.748856e-10
  2.6880e+02     2.656167e-10
  2.6900e+02     2.566551e-10
  2.6920e+02     2.479907e-10
  2.6940e+02     2.396138e-10
  2.6960e+02     2.315151e-10
  2.6980e+02     2.236855e-10
  2.7000e+02     2.161162e-10
  2.7020e+02     2.087988e-10
  2.7040e+02     2.017249e-10
  2.7060e+02     1.948866e-10
  2.7080e+02     1.882763e-10
  2.7100e+02     1.818864e-10
  2.7120e+02     1.757098e-10
  2.7140e+02     1.697393e-10
  2.7160e+02     1.639684e-10
  2.7180e+02     1.583904e-10
  2.7200e+02     1.529989e-10
  2.7220e+02     1.477880e-10
  2.7240e+02     1.427515e-10
  2.7260e+02     1.378839e-10
  2.7280e+02     1.331794e-10
  2.7300e+02     1.286328e-10
  2.7320e+02     1.242388e-10
  2.7340e+02     1.199925e-10
  2.7360e+02     1.158889e-10
  2.7380e+02     1.119233e-10
  2.7400e+02     1.080911e-10
  2.7420e+02     1.043880e-10
  2.7440e+02     1.008097e-10
  2.7460e+02     9.735199e-11
  2.7480e+02     9.401095e-11
  2.7500e+02     9.078269e-11
  2.7520e+02     8.766346e-11
  2.7540e+02     8.464965e-11
  2.7560e+02     8.173776e-11
  2.7580e+02     7.892439e-11
  2.7600e+02     7.620628e-11
  2.7620e+02     7.358025e-11
  2.7640e+02     7.104323e-11
  2.7660e+02     6.859227e-11
  2.7680e+02     6.622448e-11
  2.7700e+02     6.393711e-11
  2.7720e+02     6.172745e-11
  2.7740e+02     5.959292e-11
  2.7760e+02     5.753101e-11
  2.7780e+02     5.553929e-11
  2.7800e+02     5.361540e-11
  2.7820e+02     5.175708e-11
  2.7840e+02     4.996213e-11
  2.7860e+02     4.822843e-11
  2.7880e+02     4.655392e-11
  2.7900e+02     4.493662e-11
  2.7920e+02     4.337459e-11
  2.7940e+02     4.186599e-11
  2.7960e+02     4.040903e-11
  2.7980e+02     3.900195e-11
  2.8000e+02     3.764308e-11
  2.8020e+02     3.633081e-11
  2.8040e+02     3.506355e-11
  2.8060e+02     3.383978e-11
  2.8080e+02     3.265805e-11
  2.8100e+02     3.151693e-11
  2.8120e+02     3.041505e-11
  2.8140e+02     2.935108e-11
  2.8160e+02     2.832374e-11
  2.8180e+02     2.733179e-11
  2.8200e+02     2.637403e-11
  2.8220e+02     2.544929e-11
  2.8240e+02     2.455648e-11
  2.8260e+02     2.369448e-11
  2.8280e+02     2.286227e-11
  2.8300e+02     2.205883e-11
  2.8320e+02     2.128318e-11
  2.8340e+02     2.053438e-11
  2.8360e+02     1.981150e-11
  2.8380e+02     1.911368e-11
  2.8400e+02     1.844005e-11
  2.8420e+02     1.778979e-11
  2.8440e+02     1.716210e-11
  2.8460e+02     1.655621e-11
  2.8480e+02     1.597138e-11
  2.8500e+02     1.540688e-11
  2.8520e+02     1.486203e-11
  2.8540e+02     1.433614e-11
  2.8560e+02     1.382858e-11
  2.8580e+02     1.333871e-11
  2.8600e+02     1.286592e-11
  2.8620e+02     1.240962e-11
  2.8640e+02     1.196927e-11
  2.8660e+02     1.154429e-11
  2.8680e+02     1.113417e-11
  2.8700e+02     1.073840e-11
  2.8720e+02     1.035648e-11
  2.8740e+02     9.987930e-12
  2.8760e+02     9.632297e-12
  2.8780e+02     9.289131e-12
  2.8800e+02     8.958004e-12
  2.8820e+02     8.638499e-12
  2.8840e+02     8.330216e-12
  2.8860e+02     8.032766e-12
  2.8880e+02     7.745775e-12
  2.8900e+02     7.468882e-12
  2.8920e+02     7.201735e-12
  2.8940e+02     6.943998e-12
  2.8960e+02     6.695345e-12
  2.8980e+02     6.455461e-12
  2.9000e+02     6.224040e-12
  2.9020e+02     6.000790e-12
  2.9040e+02     5.785426e-12
  2.9060e+02     5.577675e-12
  2.9080e+02     5.377271e-12
  2.9100e+02     5.183959e-12
  2.9120e+02     4.997491e-12
  2.9140e+02     4.817630e-12
  2.9160e+02     4.644144e-12
  2.9180e+02     4.476812e-12
  2.9200e+02     4.315418e-12
  2.9220e+02     4.159755e-12
  2.9240e+02     4.009623e-12
  2.9260e+02     3.864829e-12
  2.9280e+02     3.725184e-12
  2.9300e+02     3.590511e-12
  2.9320e+02     3.460633e-12
  2.9340e+02     3.335383e-12
  2.9360e+02     3.214598e-12
  2.9380e+02     3.098123e-12
  2.9400e+02     2.985805e-12
  2.9420e+02     2.877498e-12
  2.9440e+02     2.773062e-12
  2.9460e+02     2.672360e-12
  2.9480e+02     2.575261e-12
  2.9500e+02     2.481637e-12
  2.9520e+02     2.391367e-12
  2.9540e+02     2.304332e-12
  2.9560e+02     2.220418e-12
  2.9580e+02     2.139515e-12
  2.9600e+02     2.061516e-12
  2.9620e+02     1.986319e-12
  2.9640e+02     1.913824e-12
  2.9660e+02     1.843937e-12
  2.9680e+02     1.776564e-12
  2.9700e+02     1.711617e-12
  2.9720e+02     1.649009e-12
  2.9740e+02     1.588658e-12
  2.9760e+02     1.530483e-12
  2.9780e+02     1.474408e-12
  2.9800e+02     1.420357e-12
  2.9820e+02     1.368259e-12
  2.9840e+02     1.318044e-12
  2.9860e+02     1.269645e-12
  2.9880e+02     1.222997e-12
  2.9900e+02     1.178038e-12
  2.9920e+02     1.134709e-12
  2.9940e+02     1.092950e-12
  2.9960e+02     1.052705e-12
  2.9980e+02     1.013921e-12
  3.0000e+02     9.765453e-13
  3.0020e+02     9.405274e-13
  3.0040e+02     9.058189e-13
  3.0060e+02     8.723727e-13
  3.0080e+02     8.401438e-13
  3.0100e+02     8.090885e-13
  3.0120e+02     7.791646e-13
  3.0140e+02     7.503316e-13
  3.0160e+02     7.225502e-13
  3.0180e+02     6.957828e-13
  3.0200e+02     6.699929e-13
  3.0220e+02     6.451452e-13
  3.0240e+02     6.212059e-13
  3.0260e+02     5.981422e-13
  3.0280e+02     5.759227e-13
  3.0300e+02     5.545168e-13
  3.0320e+02     5.338953e-13
  3.0340e+02     5.140297e-13
  3.0360e+02     4.948928e-13
  3.0380e+02     4.764583e-13
  3.0400e+02     4.587008e-13
  3.0420e+02     4.415957e-13
  3.0440e+02     4.251195e-13
  3.0460e+02     4.092494e-13
  3.0480e+02     3.939633e-13
  3.0500e+02     3.792402e-13
  3.0520e+02     3.650595e-13
  3.0540e+02     3.514017e-13
  3.0560e+02     3.382476e-13
  3.0580e+02     3.255791e-13
  3.0600e+02     3.133784e-13
  3.0620e+02     3.016285e-13
  3.0640e+02     2.903130e-13
  3.0660e+02     2.794160e-13
  3.0680e+02     2.689224e-13
  3.0700e+02     2.588174e-13
  3.0720e+02     2.490868e-13
  3.0740e+02     2.397169e-13
  3.0760e+02     2.306946e-13
  3.0780e+02     2.220072e-13
  3.0800e+02     2.136424e-13
  3.0820e+02     2.055884e-13
  3.0840e+02     1.978338e-13
  3.0860e+02     1.903676e-13
  3.0880e+02     1.831794e-13
  3.0900e+02     1.762588e-13
  3.0920e+02     1.695961e-13
  3.0940e+02     1.631817e-13
  3.0960e+02     1.570066e-13
  3.0980e+02     1.510620e-13
  3.1000e+02     1.453394e-13
  3.1020e+02     1.398306e-13
  3.1040e+02     1.345277e-13
  3.1060e+02     1.294232e-13
  3.1080e+02     1.245097e-13
  3.1100e+02     1.197802e-13
  3.1120e+02     1.152279e-13
  3.1140e+02     1.108462e-13
  3.1160e+02     1.066289e-13
  3.1180e+02     1.025699e-13
  3.1200e+02     9.866325e-14
  3.1220e+02     9.490340e-14
  3.1240e+02     9.128488e-14
  3.1260e+02     8.780246e-14
  3.1280e+02     8.445109e-14
  3.1300e+02     8.122591e-14
  3.1320e+02     7.812223e-14
  3.1340e+02     7.513555e-14
  3.1360e+02     7.226151e-14
  3.1380e+02     6.949592e-14
  3.1400e+02     6.683474e-14
  3.1420e+02     6.427411e-14
  3.1440e+02     6.181025e-14
  3.1460e+02     5.943958e-14
  3.1480e+02     5.715861e-14
  3.1500e+02     5.496400e-14
  3.1520e+02     5.285253e-14
  3.1540e+02     5.082108e-14
  3.1560e+02     4.886667e-14
  3.1580e+02     4.698641e-14
  3.1600e+02     4.517754e-14
  3.1620e+02     4.343738e-14
  3.1640e+02     4.176335e-14
  3.1660e+02     4.015298e-14
  3.1680e+02     3.860388e-14
  3.1700e+02     3.711375e-14
  3.1720e+02     3.568038e-14
  3.1740e+02     3.430163e-14
  3.1760e+02     3.297545e-14
  3.1780e+02     3.169987e-14
  3.1800e+02     3.047298e-14
  3.1820e+02     2.929295e-14
  3.1840e+02     2.815801e-14
  3.1860e+02     2.706646e-14
  3.1880e+02     2.601667e-14
  3.1900e+02     2.500706e-14
  3.1920e+02     2.403612e-14
  3.1940e+02     2.310238e-14
  3.1960e+02     2.220443e-14
  3.1980e+02     2.134094e-14
  3.2000e+02     2.051058e-14
  3.2020e+02     1.971211e-14
  3.2040e+02     1.894431e-14
  3.2060e+02     1.820603e-14
  3.2080e+02     1.749615e-14
  3.2100e+02     1.681359e-14
  3.2120e+02     1.615731e-14
  3.2140e+02     1.552631e-14
  3.2160e+02     1.491963e-14
  3.2180e+02     1.433636e-14
  3.2200e+02     1.377559e-14
  3.2220e+02     1.323647e-14
  3.2240e+02     1.271817e-14
  3.2260e+02     1.221991e-14
  3.2280e+02     1.174092e-14
  3.2300e+02     1.128046e-14
  3.2320e+02     1.083782e-14
  3.2340e+02     1.041233e-14
  3.2360e+02     1.000333e-14
  3.2380e+02     9.610193e-15
  3.2400e+02     9.232305e-15
  3.2420e+02     8.869085e-15
  3.2440e+02     8.519971e-15
  3.2460e+02     8.184424e-15
  3.2480e+02     7.861923e-15
  3.2500e+02     7.551968e-15
  3.2520e+02     7.254076e-15
  3.2540e+02     6.967785e-15
  3.2560e+02     6.692649e-15
  3.2580e+02     6.428238e-15
  3.2600e+02     6.174141e-15
  3.2620e+02     5.929960e-15
  3.2640e+02     5.695314e-15
  3.2660e+02     5.469835e-15
  3.2680e+02     5.253169e-15
  3.2700e+02     5.044977e-15
  3.2720e+02     4.844932e-15
  3.2740e+02     4.652719e-15
  3.2760e+02     4.468035e-15
  3.2780e+02     4.290589e-15
  3.2800e+02     4.120102e-15
  3.2820e+02     3.956304e-15
  3.2840e+02     3.798935e-15
  3.2860e+02     3.647748e-15
  3.2880e+02     3.502502e-15
  3.2900e+02     3.362967e-15
  3.2920e+02     3.228921e-15
  3.2940e+02     3.100151e-15
  3.2960e+02     2.976452e-15
  3.2980e+02     2.857627e-15
  3.3000e+02     2.743487e-15
  3.3020e+02     2.633848e-15
  3.3040e+02     2.528537e-15
  3.3060e+02     2.427384e-15
  3.3080e+02     2.330227e-15
  3.3100e+02     2.236911e-15
  3.3120e+02     2.147285e-15
  3.3140e+02     2.061206e-15
  3.3160e+02     1.978534e-15
  3.3180e+02     1.899137e-15
  3.3200e+02     1.822887e-15
  3.3220e+02     1.749661e-15
  3.3240e+02     1.679340e-15
  3.3260e+02     1.611810e-15
  3.3280e+02     1.546962e-15
  3.3300e+02     1.484691e-15
  3.3320e+02     1.424896e-15
  3.3340e+02     1.367480e-15
  3.3360e+02     1.312348e-15
  3.3380e+02     1.259412e-15
  3.3400e+02     1.208586e-15
  3.3420e+02     1.159785e-15
  3.3440e+02     1.112931e-15
  3.3460e+02     1.067946e-15
  3.3480e+02     1.024758e-15
  3.3500e+02     9.832942e-16
  3.3520e+02     9.434882e-16
  3.3540e+02     9.052739e-16
  3.3560e+02     8.685887e-16
  3.3580e+02     8.333719e-16
  3.3600e+02     7.995657e-16
  3.3620e+02     7.671142e-16
  3.3640e+02     7.359638e-16
  3.3660e+02     7.060631e-16
  3.3680e+02     6.773624e-16
  3.3700e+02     6.498143e-16
  3.3720e+02     6.233730e-16
  3.3740e+02     5.979946e-16
  3.3760e+02     5.736369e-16
  3.3780e+02     5.502595e-16
  3.3800e+02     5.278233e-16
  3.3820e+02     5.062909e-16
  3.3840e+02     4.856263e-16
  3.3860e+02     4.657950e-16
  3.3880e+02     4.467639e-16
  3.3900e+02     4.285010e-16
  3.3920e+02     4.109758e-16
  3.3940e+02     3.941587e-16
  3.3960e+02     3.780215e-16
  3.3980e+02     3.625372e-16
  3.4000e+02     3.476795e-16
  3.4020e+02     3.334234e-16
  3.4040e+02     3.197450e-16
  3.4060e+02     3.066210e-16
  3.4080e+02     2.940293e-16
  3.4100e+02     2.819486e-16
  3.4120e+02     2.703583e-16
  3.4140e+02     2.592388e-16
  3.4160e+02     2.485712e-16
  3.4180e+02     2.383375e-16
  3.4200e+02     2.285200e-16
  3.4220e+02     2.191022e-16
  3.4240e+02     2.100679e-16
  3.4260e+02     2.014017e-16
  3.4280e+02     1.930889e-16
  3.4300e+02     1.851151e-16
  3.4320e+02     1.774667e-16
  3.4340e+02     1.701306e-16
  3.4360e+02     1.630943e-16
  3.4380e+02     1.563455e-16
  3.4400e+02     1.498727e-16
  3.4420e+02     1.436648e-16
  3.4440e+02     1.377109e-16
  3.4460e+02     1.320010e-16
  3.4480e+02     1.265250e-16
  3.4500e+02     1.212736e-16
  3.4520e+02     1.162375e-16
  3.4540e+02     1.114082e-16
  3.4560e+02     1.067772e-16
  3.4580e+02     1.023364e-16
  3.4600e+02     9.807819e-17
  3.4620e+02     9.399510e-17
  3.4640e+02     9.008002e-17
  3.4660e+02     8.632612e-17
  3.4680e+02     8.272685e-17
  3.4700e+02     7.927592e-17
  3.4720e+02     7.596727e-17
  3.4740e+02     7.279512e-17
  3.4760e+02     6.975390e-17
  3.4780e+02     6.683827e-17
  3.4800e+02     6.404311e-17
  3.4820e+02     6.136350e-17
  3.4840e+02     5.879471e-17
  3.4860e+02     5.633223e-17
  3.4880e+02     5.397170e-17
  3.4900e+02     5.170895e-17
  3.4920e+02     4.953998e-17
  3.4940e+02     4.746094e-17
  3.4960e+02     4.546816e-17
  3.4980e+02     4.355810e-17
  3.5000e+02     4.172736e-17
  3.5020e+02     3.997269e-17
  3.5040e+02     3.829096e-17
  3.5060e+02     3.667919e-17
  3.5080e+02     3.513448e-17
  3.5100e+02     3.365409e-17
  3.5120e+02     3.223537e-17
  3.5140e+02     3.087578e-17
  3.5160e+02     2.957288e-17
  3.5180e+02     2.832434e-17
  3.5200e+02     2.712791e-17
  3.5220e+02     2.598145e-17
  3.5240e+02     2.488290e-17
  3.5260e+02     2.383027e-17
  3.5280e+02     2.282167e-17
  3.5300e+02     2.185527e-17
  3.5320e+02     2.092934e-17
  3.5340e+02     2.004220e-17
  3.5360e+02     1.919223e-17
  3.5380e+02     1.837791e-17
  3.5400e+02     1.759775e-17
  3.5420e+02     1.685034e-17
  3.5440e+02     1.613432e-17
  3.5460e+02     1.544839e-17
  3.5480e+02     1.479129e-17
  3.5500e+02     1.416182e-17
  3.5520e+02     1.355885e-17
  3.5540e+02     1.298126e-17
  3.5560e+02     1.242801e-17
  3.5580e+02     1.189807e-17
  3.5600e+02     1.139048e-17
  3.5620e+02     1.090430e-17
  3.5640e+02     1.043864e-17
  3.5660e+02     9.992648e-18
  3.5680e+02     9.565500e-18
  3.5700e+02     9.156408e-18
  3.5720e+02     8.764619e-18
  3.5740e+02     8.389409e-18
  3.5760e+02     8.030084e-18
  3.5780e+02     7.685979e-18
  3.5800e+02     7.356458e-18
  3.5820e+02     7.040909e-18
  3.5840e+02     6.738746e-18
  3.5860e+02     6.449407e-18
  3.5880e+02     6.172356e-18
  3.5900e+02     5.907076e-18
  3.5920e+02     5.653072e-18
  3.5940e+02     5.409870e-18
  3.5960e+02     5.177017e-18
  3.5980e+02     4.954077e-18
