# Epidemic | 7 days incidence [ x-unit: days | y-unit: per 100000 ]
  0.0000e+00     3.618006e+02
  2.0000e-01     3.596269e+02
  4.0000e-01     3.574718e+02
  6.0000e-01     3.553351e+02
  8.0000e-01     3.532167e+02
  1.0000e+00     3.511164e+02
  1.2000e+00     3.490342e+02
  1.4000e+00     3.469699e+02
  1.6000e+00     3.449233e+02
  1.8000e+00     3.428944e+02
  2.0000e+00     3.408830e+02
  2.2000e+00     3.388889e+02
  2.4000e+00     3.369121e+02
  2.6000e+00     3.349524e+02
  2.8000e+00     3.330097e+02
  3.0000e+00     3.310839e+02
  3.2000e+00     3.291748e+02
  3.4000e+00     3.272823e+02
  3.6000e+00     3.254063e+02
  3.8000e+00     3.235467e+02
  4.0000e+00     3.217033e+02
  4.2000e+00     3.198760e+02
  4.4000e+00     3.180647e+02
  4.6000e+00     3.162693e+02
  4.8000e+00     3.144896e+02
  5.0000e+00     3.127255e+02
  5.2000e+00     3.109769e+02
  5.4000e+00     3.092437e+02
  5.6000e+00     3.075258e+02
  5.8000e+00     3.058230e+02
  6.0000e+00     3.041353e+02
  6.2000e+00     3.024624e+02
  6.4000e+00     3.008044e+02
  6.6000e+00     2.991610e+02
  6.8000e+00     2.975322e+02
  7.0000e+00     2.959178e+02
  7.2000e+00     2.947150e+02
  7.4000e+00     2.935632e+02
  7.6000e+00     2.924178e+02
  7.8000e+00     2.912788e+02
  8.0000e+00     2.901463e+02
  8.2000e+00     2.890201e+02
  8.4000e+00     2.879003e+02
  8.6000e+00     2.867868e+02
  8.8000e+00     2.856796e+02
  9.0000e+00     2.845787e+02
  9.2000e+00     2.834841e+02
  9.4000e+00     2.823957e+02
  9.6000e+00     2.813135e+02
  9.8000e+00     2.802375e+02
  1.0000e+01     2.791677e+02
  1.0200e+01     2.781041e+02
  1.0400e+01     2.770466e+02
  1.0600e+01     2.759951e+02
  1.0800e+01     2.749498e+02
  1.1000e+01     2.739106e+02
  1.1200e+01     2.728773e+02
  1.1400e+01     2.718501e+02
  1.1600e+01     2.708289e+02
  1.1800e+01     2.698137e+02
  1.2000e+01     2.688044e+02
  1.2200e+01     2.678011e+02
  1.2400e+01     2.668036e+02
  1.2600e+01     2.658121e+02
  1.2800e+01     2.648264e+02
  1.3000e+01     2.638466e+02
  1.3200e+01     2.628725e+02
  1.3400e+01     2.619043e+02
  1.3600e+01     2.609419e+02
  1.3800e+01     2.599852e+02
  1.4000e+01     2.590342e+02
  1.4200e+01     2.580889e+02
  1.4400e+01     2.571494e+02
  1.4600e+01     2.562155e+02
  1.4800e+01     2.552872e+02
  1.5000e+01     2.543646e+02
  1.5200e+01     2.534475e+02
  1.5400e+01     2.525361e+02
  1.5600e+01     2.516302e+02
  1.5800e+01     2.507298e+02
  1.6000e+01     2.498349e+02
  1.6200e+01     2.489455e+02
  1.6400e+01     2.480616e+02
  1.6600e+01     2.471831e+02
  1.6800e+01     2.463101e+02
  1.7000e+01     2.454425e+02
  1.7200e+01     2.445802e+02
  1.7400e+01     2.437233e+02
  1.7600e+01     2.428717e+02
  1.7800e+01     2.420254e+02
  1.8000e+01     2.411844e+02
  1.8200e+01     2.403487e+02
  1.8400e+01     2.395182e+02
  1.8600e+01     2.386930e+02
  1.8800e+01     2.378729e+02
  1.9000e+01     2.370580e+02
  1.9200e+01     2.362483e+02
  1.9400e+01     2.354437e+02
  1.9600e+01     2.346442e+02
  1.9800e+01     2.338498e+02
  2.0000e+01     2.330605e+02
  2.0200e+01     2.322762e+02
  2.0400e+01     2.314970e+02
  2.0600e+01     2.307227e+02
  2.0800e+01     2.299535e+02
  2.1000e+01     2.291891e+02
  2.1200e+01     2.282203e+02
  2.1400e+01     2.272373e+02
  2.1600e+01     2.262635e+02
  2.1800e+01     2.252990e+02
  2.2000e+01     2.243435e+02
  2.2200e+01     2.233971e+02
  2.2400e+01     2.224596e+02
  2.2600e+01     2.215311e+02
  2.2800e+01     2.206114e+02
  2.3000e+01     2.197004e+02
  2.3200e+01     2.187981e+02
  2.3400e+01     2.179044e+02
  2.3600e+01     2.170193e+02
  2.3800e+01     2.161426e+02
  2.4000e+01     2.152744e+02
  2.4200e+01     2.144145e+02
  2.4400e+01     2.135629e+02
  2.4600e+01     2.127195e+02
  2.4800e+01     2.118843e+02
  2.5000e+01     2.110572e+02
  2.5200e+01     2.102380e+02
  2.5400e+01     2.094269e+02
  2.5600e+01     2.086236e+02
  2.5800e+01     2.078282e+02
  2.6000e+01     2.070406e+02
  2.6200e+01     2.062607e+02
  2.6400e+01     2.054884e+02
  2.6600e+01     2.047237e+02
  2.6800e+01     2.039666e+02
  2.7000e+01     2.032170e+02
  2.7200e+01     2.024748e+02
  2.7400e+01     2.017400e+02
  2.7600e+01     2.010124e+02
  2.7800e+01     2.002922e+02
  2.8000e+01     1.995791e+02
  2.8200e+01     1.988732e+02
  2.8400e+01     1.981744e+02
  2.8600e+01     1.974826e+02
  2.8800e+01     1.967978e+02
  2.9000e+01     1.961200e+02
  2.9200e+01     1.954490e+02
  2.9400e+01     1.947849e+02
  2.9600e+01     1.941276e+02
  2.9800e+01     1.934769e+02
  3.0000e+01     1.928330e+02
  3.0200e+01     1.921957e+02
  3.0400e+01     1.915650e+02
  3.0600e+01     1.909408e+02
  3.0800e+01     1.903232e+02
  3.1000e+01     1.897119e+02
  3.1200e+01     1.891071e+02
  3.1400e+01     1.885086e+02
  3.1600e+01     1.879164e+02
  3.1800e+01     1.873305e+02
  3.2000e+01     1.867507e+02
  3.2200e+01     1.861772e+02
  3.2400e+01     1.856098e+02
  3.2600e+01     1.850484e+02
  3.2800e+01     1.844931e+02
  3.3000e+01     1.839438e+02
  3.3200e+01     1.834005e+02
  3.3400e+01     1.828631e+02
  3.3600e+01     1.823315e+02
  3.3800e+01     1.818058e+02
  3.4000e+01     1.812859e+02
  3.4200e+01     1.807717e+02
  3.4400e+01     1.802632e+02
  3.4600e+01     1.797604e+02
  3.4800e+01     1.792633e+02
  3.5000e+01     1.787717e+02
  3.5200e+01     1.782857e+02
  3.5400e+01     1.778053e+02
  3.5600e+01     1.773303e+02
  3.5800e+01     1.768608e+02
  3.6000e+01     1.763967e+02
  3.6200e+01     1.759379e+02
  3.6400e+01     1.754845e+02
  3.6600e+01     1.750365e+02
  3.6800e+01     1.745937e+02
  3.7000e+01     1.741561e+02
  3.7200e+01     1.737238e+02
  3.7400e+01     1.732966e+02
  3.7600e+01     1.728746e+02
  3.7800e+01     1.724577e+02
  3.8000e+01     1.720458e+02
  3.8200e+01     1.716391e+02
  3.8400e+01     1.712373e+02
  3.8600e+01     1.708405e+02
  3.8800e+01     1.704487e+02
  3.9000e+01     1.700618e+02
  3.9200e+01     1.696798e+02
  3.9400e+01     1.693027e+02
  3.9600e+01     1.689304e+02
  3.9800e+01     1.685629e+02
  4.0000e+01     1.682002e+02
  4.0200e+01     1.678423e+02
  4.0400e+01     1.674891e+02
  4.0600e+01     1.671406e+02
  4.0800e+01     1.667967e+02
  4.1000e+01     1.664575e+02
  4.1200e+01     1.661230e+02
  4.1400e+01     1.657930e+02
  4.1600e+01     1.654676e+02
  4.1800e+01     1.651467e+02
  4.2000e+01     1.648304e+02
  4.2200e+01     1.645185e+02
  4.2400e+01     1.642112e+02
  4.2600e+01     1.639082e+02
  4.2800e+01     1.636097e+02
  4.3000e+01     1.633156e+02
  4.3200e+01     1.630259e+02
  4.3400e+01     1.627406e+02
  4.3600e+01     1.624595e+02
  4.3800e+01     1.621828e+02
  4.4000e+01     1.619104e+02
  4.4200e+01     1.616422e+02
  4.4400e+01     1.613783e+02
  4.4600e+01     1.611186e+02
  4.4800e+01     1.608632e+02
  4.5000e+01     1.606119e+02
  4.5200e+01     1.603648e+02
  4.5400e+01     1.601218e+02
  4.5600e+01     1.598830e+02
  4.5800e+01     1.596482e+02
  4.6000e+01     1.594176e+02
  4.6200e+01     1.591910e+02
  4.6400e+01     1.589685e+02
  4.6600e+01     1.587501e+02
  4.6800e+01     1.585356e+02
  4.7000e+01     1.583252e+02
  4.7200e+01     1.581187e+02
  4.7400e+01     1.579162e+02
  4.7600e+01     1.577177e+02
  4.7800e+01     1.575231e+02
  4.8000e+01     1.573324e+02
  4.8200e+01     1.571456e+02
  4.8400e+01     1.569628e+02
  4.8600e+01     1.567837e+02
  4.8800e+01     1.566086e+02
  4.9000e+01     1.564373e+02
  4.9200e+01     1.562698e+02
  4.9400e+01     1.561062e+02
  4.9600e+01     1.559464e+02
  4.9800e+01     1.557903e+02
  5.0000e+01     1.556380e+02
  5.0200e+01     1.554895e+02
  5.0400e+01     1.553448e+02
  5.0600e+01     1.552038e+02
  5.0800e+01     1.550665e+02
  5.1000e+01     1.549329e+02
  5.1200e+01     1.548030e+02
  5.1400e+01     1.546769e+02
  5.1600e+01     1.545544e+02
  5.1800e+01     1.544355e+02
  5.2000e+01     1.543204e+02
  5.2200e+01     1.542089e+02
  5.2400e+01     1.541010e+02
  5.2600e+01     1.539967e+02
  5.2800e+01     1.538961e+02
  5.3000e+01     1.537991e+02
  5.3200e+01     1.537057e+02
  5.3400e+01     1.536159e+02
  5.3600e+01     1.535296e+02
  5.3800e+01     1.534470e+02
  5.4000e+01     1.533679e+02
  5.4200e+01     1.532923e+02
  5.4400e+01     1.532203e+02
  5.4600e+01     1.531519e+02
  5.4800e+01     1.530869e+02
  5.5000e+01     1.530255e+02
  5.5200e+01     1.529677e+02
  5.5400e+01     1.529133e+02
  5.5600e+01     1.528625e+02
  5.5800e+01     1.528151e+02
  5.6000e+01     1.527712e+02
  5.6200e+01     1.527309e+02
  5.6400e+01     1.526940e+02
  5.6600e+01     1.526606e+02
  5.6800e+01     1.526306e+02
  5.7000e+01     1.526041e+02
  5.7200e+01     1.525811e+02
  5.7400e+01     1.525616e+02
  5.7600e+01     1.525455e+02
  5.7800e+01     1.525328e+02
  5.8000e+01     1.525236e+02
  5.8200e+01     1.525178e+02
  5.8400e+01     1.525155e+02
  5.8600e+01     1.525166e+02
  5.8800e+01     1.525211e+02
  5.9000e+01     1.525290e+02
  5.9200e+01     1.525404e+02
  5.9400e+01     1.525552e+02
  5.9600e+01     1.525734e+02
  5.9800e+01     1.525950e+02
  6.0000e+01     1.526201e+02
  6.0200e+01     1.526486e+02
  6.0400e+01     1.526804e+02
  6.0600e+01     1.527157e+02
  6.0800e+01     1.527544e+02
  6.1000e+01     1.527965e+02
  6.1200e+01     1.528420e+02
  6.1400e+01     1.528909e+02
  6.1600e+01     1.529432e+02
  6.1800e+01     1.529990e+02
  6.2000e+01     1.530581e+02
  6.2200e+01     1.531206e+02
  6.2400e+01     1.531866e+02
  6.2600e+01     1.532559e+02
  6.2800e+01     1.533287e+02
  6.3000e+01     1.534049e+02
  6.3200e+01     1.534844e+02
  6.3400e+01     1.535674e+02
  6.3600e+01     1.536539e+02
  6.3800e+01     1.537437e+02
  6.4000e+01     1.538369e+02
  6.4200e+01     1.539336e+02
  6.4400e+01     1.540337e+02
  6.4600e+01     1.541372e+02
  6.4800e+01     1.542441e+02
  6.5000e+01     1.543545e+02
  6.5200e+01     1.544683e+02
  6.5400e+01     1.545855e+02
  6.5600e+01     1.547062e+02
  6.5800e+01     1.548303e+02
  6.6000e+01     1.549579e+02
  6.6200e+01     1.550889e+02
  6.6400e+01     1.552234e+02
  6.6600e+01     1.553614e+02
  6.6800e+01     1.555028e+02
  6.7000e+01     1.556477e+02
  6.7200e+01     1.557960e+02
  6.7400e+01     1.559479e+02
  6.7600e+01     1.561032e+02
  6.7800e+01     1.562620e+02
  6.8000e+01     1.564244e+02
  6.8200e+01     1.565902e+02
  6.8400e+01     1.567595e+02
  6.8600e+01     1.569324e+02
  6.8800e+01     1.571088e+02
  6.9000e+01     1.572887e+02
  6.9200e+01     1.574722e+02
  6.9400e+01     1.576592e+02
  6.9600e+01     1.578497e+02
  6.9800e+01     1.580438e+02
  7.0000e+01     1.582415e+02
  7.0200e+01     1.584428e+02
  7.0400e+01     1.586476e+02
  7.0600e+01     1.588561e+02
  7.0800e+01     1.590681e+02
  7.1000e+01     1.592838e+02
  7.1200e+01     1.595031e+02
  7.1400e+01     1.597260e+02
  7.1600e+01     1.599525e+02
  7.1800e+01     1.601827e+02
  7.2000e+01     1.604166e+02
  7.2200e+01     1.606541e+02
  7.2400e+01     1.608953e+02
  7.2600e+01     1.611402e+02
  7.2800e+01     1.613888e+02
  7.3000e+01     1.616411e+02
  7.3200e+01     1.618971e+02
  7.3400e+01     1.621569e+02
  7.3600e+01     1.624204e+02
  7.3800e+01     1.626876e+02
  7.4000e+01     1.629586e+02
  7.4200e+01     1.632334e+02
  7.4400e+01     1.635120e+02
  7.4600e+01     1.637944e+02
  7.4800e+01     1.640807e+02
  7.5000e+01     1.643707e+02
  7.5200e+01     1.646646e+02
  7.5400e+01     1.649623e+02
  7.5600e+01     1.652640e+02
  7.5800e+01     1.655695e+02
  7.6000e+01     1.658788e+02
  7.6200e+01     1.661922e+02
  7.6400e+01     1.665094e+02
  7.6600e+01     1.668306e+02
  7.6800e+01     1.671557e+02
  7.7000e+01     1.674848e+02
  7.7200e+01     1.678179e+02
  7.7400e+01     1.681549e+02
  7.7600e+01     1.684960e+02
  7.7800e+01     1.688412e+02
  7.8000e+01     1.691903e+02
  7.8200e+01     1.695436e+02
  7.8400e+01     1.699009e+02
  7.8600e+01     1.702623e+02
  7.8800e+01     1.706278e+02
  7.9000e+01     1.709975e+02
  7.9200e+01     1.713712e+02
  7.9400e+01     1.717492e+02
  7.9600e+01     1.721314e+02
  7.9800e+01     1.725177e+02
  8.0000e+01     1.729082e+02
  8.0200e+01     1.733030e+02
  8.0400e+01     1.737021e+02
  8.0600e+01     1.741054e+02
  8.0800e+01     1.745130e+02
  8.1000e+01     1.749249e+02
  8.1200e+01     1.753412e+02
  8.1400e+01     1.757618e+02
  8.1600e+01     1.761868e+02
  8.1800e+01     1.766161e+02
  8.2000e+01     1.770499e+02
  8.2200e+01     1.774881e+02
  8.2400e+01     1.779307e+02
  8.2600e+01     1.783778e+02
  8.2800e+01     1.788294e+02
  8.3000e+01     1.792856e+02
  8.3200e+01     1.797462e+02
  8.3400e+01     1.802114e+02
  8.3600e+01     1.806812e+02
  8.3800e+01     1.811556e+02
  8.4000e+01     1.816346e+02
  8.4200e+01     1.821183e+02
  8.4400e+01     1.826066e+02
  8.4600e+01     1.830997e+02
  8.4800e+01     1.835974e+02
  8.5000e+01     1.840999e+02
  8.5200e+01     1.846071e+02
  8.5400e+01     1.851191e+02
  8.5600e+01     1.856360e+02
  8.5800e+01     1.861577e+02
  8.6000e+01     1.866842e+02
  8.6200e+01     1.872156e+02
  8.6400e+01     1.877519e+02
  8.6600e+01     1.882932e+02
  8.6800e+01     1.888394e+02
  8.7000e+01     1.893906e+02
  8.7200e+01     1.899469e+02
  8.7400e+01     1.905081e+02
  8.7600e+01     1.910745e+02
  8.7800e+01     1.916459e+02
  8.8000e+01     1.922224e+02
  8.8200e+01     1.928041e+02
  8.8400e+01     1.933910e+02
  8.8600e+01     1.939831e+02
  8.8800e+01     1.945804e+02
  8.9000e+01     1.951829e+02
  8.9200e+01     1.957908e+02
  8.9400e+01     1.964040e+02
  8.9600e+01     1.970225e+02
  8.9800e+01     1.976464e+02
  9.0000e+01     1.982757e+02
  9.0200e+01     1.989104e+02
  9.0400e+01     1.995506e+02
  9.0600e+01     2.001963e+02
  9.0800e+01     2.008475e+02
  9.1000e+01     2.015043e+02
  9.1200e+01     2.021666e+02
  9.1400e+01     2.028346e+02
  9.1600e+01     2.035082e+02
  9.1800e+01     2.041875e+02
  9.2000e+01     2.048726e+02
  9.2200e+01     2.055633e+02
  9.2400e+01     2.062599e+02
  9.2600e+01     2.069622e+02
  9.2800e+01     2.076704e+02
  9.3000e+01     2.083845e+02
  9.3200e+01     2.091045e+02
  9.3400e+01     2.098304e+02
  9.3600e+01     2.105624e+02
  9.3800e+01     2.113003e+02
  9.4000e+01     2.120443e+02
  9.4200e+01     2.127943e+02
  9.4400e+01     2.135505e+02
  9.4600e+01     2.143129e+02
  9.4800e+01     2.150814e+02
  9.5000e+01     2.158561e+02
  9.5200e+01     2.166371e+02
  9.5400e+01     2.174244e+02
  9.5600e+01     2.182181e+02
  9.5800e+01     2.190181e+02
  9.6000e+01     2.198245e+02
  9.6200e+01     2.206374e+02
  9.6400e+01     2.214567e+02
  9.6600e+01     2.222826e+02
  9.6800e+01     2.231150e+02
  9.7000e+01     2.239541e+02
  9.7200e+01     2.247997e+02
  9.7400e+01     2.256521e+02
  9.7600e+01     2.265111e+02
  9.7800e+01     2.273769e+02
  9.8000e+01     2.282495e+02
  9.8200e+01     2.291290e+02
  9.8400e+01     2.300153e+02
  9.8600e+01     2.309085e+02
  9.8800e+01     2.318087e+02
  9.9000e+01     2.327159e+02
  9.9200e+01     2.336301e+02
  9.9400e+01     2.345514e+02
  9.9600e+01     2.354798e+02
  9.9800e+01     2.364154e+02
  1.0000e+02     2.373582e+02
  1.0020e+02     2.383082e+02
  1.0040e+02     2.392655e+02
  1.0060e+02     2.402302e+02
  1.0080e+02     2.412022e+02
  1.0100e+02     2.421817e+02
  1.0120e+02     2.431686e+02
  1.0140e+02     2.441630e+02
  1.0160e+02     2.451650e+02
  1.0180e+02     2.461746e+02
  1.0200e+02     2.471919e+02
  1.0220e+02     2.482168e+02
  1.0240e+02     2.492494e+02
  1.0260e+02     2.502899e+02
  1.0280e+02     2.513381e+02
  1.0300e+02     2.523942e+02
  1.0320e+02     2.534583e+02
  1.0340e+02     2.545303e+02
  1.0360e+02     2.556103e+02
  1.0380e+02     2.566984e+02
  1.0400e+02     2.577946e+02
  1.0420e+02     2.588989e+02
  1.0440e+02     2.600115e+02
  1.0460e+02     2.611323e+02
  1.0480e+02     2.622614e+02
  1.0500e+02     2.633988e+02
  1.0520e+02     2.645446e+02
  1.0540e+02     2.656989e+02
  1.0560e+02     2.668617e+02
  1.0580e+02     2.680330e+02
  1.0600e+02     2.692129e+02
  1.0620e+02     2.704014e+02
  1.0640e+02     2.715986e+02
  1.0660e+02     2.728046e+02
  1.0680e+02     2.740194e+02
  1.0700e+02     2.752430e+02
  1.0720e+02     2.764755e+02
  1.0740e+02     2.777170e+02
  1.0760e+02     2.789674e+02
  1.0780e+02     2.802269e+02
  1.0800e+02     2.814955e+02
  1.0820e+02     2.827732e+02
  1.0840e+02     2.840602e+02
  1.0860e+02     2.853564e+02
  1.0880e+02     2.866619e+02
  1.0900e+02     2.879768e+02
  1.0920e+02     2.893011e+02
  1.0940e+02     2.906349e+02
  1.0960e+02     2.919781e+02
  1.0980e+02     2.933310e+02
  1.1000e+02     2.946935e+02
  1.1020e+02     2.960656e+02
  1.1040e+02     2.974475e+02
  1.1060e+02     2.988392e+02
  1.1080e+02     3.002408e+02
  1.1100e+02     3.016522e+02
  1.1120e+02     3.030736e+02
  1.1140e+02     3.045050e+02
  1.1160e+02     3.059464e+02
  1.1180e+02     3.073980e+02
  1.1200e+02     3.088597e+02
  1.1220e+02     3.103317e+02
  1.1240e+02     3.118139e+02
  1.1260e+02     3.133065e+02
  1.1280e+02     3.148095e+02
  1.1300e+02     3.163229e+02
  1.1320e+02     3.178468e+02
  1.1340e+02     3.193813e+02
  1.1360e+02     3.209264e+02
  1.1380e+02     3.224822e+02
  1.1400e+02     3.240486e+02
  1.1420e+02     3.256259e+02
  1.1440e+02     3.272140e+02
  1.1460e+02     3.288130e+02
  1.1480e+02     3.304230e+02
  1.1500e+02     3.320440e+02
  1.1520e+02     3.336760e+02
  1.1540e+02     3.353191e+02
  1.1560e+02     3.369735e+02
  1.1580e+02     3.386390e+02
  1.1600e+02     3.403159e+02
  1.1620e+02     3.420040e+02
  1.1640e+02     3.437036e+02
  1.1660e+02     3.454147e+02
  1.1680e+02     3.471372e+02
  1.1700e+02     3.488713e+02
  1.1720e+02     3.506171e+02
  1.1740e+02     3.523745e+02
  1.1760e+02     3.541436e+02
  1.1780e+02     3.559246e+02
  1.1800e+02     3.577174e+02
  1.1820e+02     3.595221e+02
  1.1840e+02     3.613387e+02
  1.1860e+02     3.631674e+02
  1.1880e+02     3.650081e+02
  1.1900e+02     3.668610e+02
  1.1920e+02     3.687260e+02
  1.1940e+02     3.706033e+02
  1.1960e+02     3.724928e+02
  1.1980e+02     3.743947e+02
  1.2000e+02     3.763090e+02
  1.2020e+02     3.782358e+02
  1.2040e+02     3.801750e+02
  1.2060e+02     3.821269e+02
  1.2080e+02     3.840913e+02
  1.2100e+02     3.860684e+02
  1.2120e+02     3.880582e+02
  1.2140e+02     3.900607e+02
  1.2160e+02     3.920761e+02
  1.2180e+02     3.941044e+02
  1.2200e+02     3.961456e+02
  1.2220e+02     3.981997e+02
  1.2240e+02     4.002669e+02
  1.2260e+02     4.023472e+02
  1.2280e+02     4.044406e+02
  1.2300e+02     4.065472e+02
  1.2320e+02     4.086670e+02
  1.2340e+02     4.108001e+02
  1.2360e+02     4.129465e+02
  1.2380e+02     4.151063e+02
  1.2400e+02     4.172795e+02
  1.2420e+02     4.194661e+02
  1.2440e+02     4.216663e+02
  1.2460e+02     4.238801e+02
  1.2480e+02     4.261074e+02
  1.2500e+02     4.283484e+02
  1.2520e+02     4.306031e+02
  1.2540e+02     4.328716e+02
  1.2560e+02     4.351538e+02
  1.2580e+02     4.374498e+02
  1.2600e+02     4.397597e+02
  1.2620e+02     4.420836e+02
  1.2640e+02     4.444213e+02
  1.2660e+02     4.467731e+02
  1.2680e+02     4.491389e+02
  1.2700e+02     4.515187e+02
  1.2720e+02     4.539127e+02
  1.2740e+02     4.563208e+02
  1.2760e+02     4.587431e+02
  1.2780e+02     4.611796e+02
  1.2800e+02     4.636303e+02
  1.2820e+02     4.660953e+02
  1.2840e+02     4.685747e+02
  1.2860e+02     4.710684e+02
  1.2880e+02     4.735764e+02
  1.2900e+02     4.760989e+02
  1.2920e+02     4.786358e+02
  1.2940e+02     4.811872e+02
  1.2960e+02     4.837531e+02
  1.2980e+02     4.863335e+02
  1.3000e+02     4.889284e+02
  1.3020e+02     4.915379e+02
  1.3040e+02     4.941620e+02
  1.3060e+02     4.968007e+02
  1.3080e+02     4.994540e+02
  1.3100e+02     5.021220e+02
  1.3120e+02     5.048047e+02
  1.3140e+02     5.075020e+02
  1.3160e+02     5.102141e+02
  1.3180e+02     5.129408e+02
  1.3200e+02     5.156823e+02
  1.3220e+02     5.184386e+02
  1.3240e+02     5.212096e+02
  1.3260e+02     5.239953e+02
  1.3280e+02     5.267958e+02
  1.3300e+02     5.296111e+02
  1.3320e+02     5.324412e+02
  1.3340e+02     5.352860e+02
  1.3360e+02     5.381457e+02
  1.3380e+02     5.410201e+02
  1.3400e+02     5.439093e+02
  1.3420e+02     5.468133e+02
  1.3440e+02     5.497320e+02
  1.3460e+02     5.526655e+02
  1.3480e+02     5.556138e+02
  1.3500e+02     5.585769e+02
  1.3520e+02     5.615546e+02
  1.3540e+02     5.645471e+02
  1.3560e+02     5.675543e+02
  1.3580e+02     5.705762e+02
  1.3600e+02     5.736128e+02
  1.3620e+02     5.766640e+02
  1.3640e+02     5.797298e+02
  1.3660e+02     5.828103e+02
  1.3680e+02     5.859053e+02
  1.3700e+02     5.890149e+02
  1.3720e+02     5.921390e+02
  1.3740e+02     5.952776e+02
  1.3760e+02     5.984306e+02
  1.3780e+02     6.015980e+02
  1.3800e+02     6.047798e+02
  1.3820e+02     6.079759e+02
  1.3840e+02     6.111864e+02
  1.3860e+02     6.144110e+02
  1.3880e+02     6.176498e+02
  1.3900e+02     6.209028e+02
  1.3920e+02     6.241699e+02
  1.3940e+02     6.274510e+02
  1.3960e+02     6.307460e+02
  1.3980e+02     6.340550e+02
  1.4000e+02     6.373778e+02
  1.4020e+02     6.407144e+02
  1.4040e+02     6.440647e+02
  1.4060e+02     6.474287e+02
  1.4080e+02     6.508062e+02
  1.4100e+02     6.541971e+02
  1.4120e+02     6.576015e+02
  1.4140e+02     6.610193e+02
  1.4160e+02     6.644502e+02
  1.4180e+02     6.678944e+02
  1.4200e+02     6.713515e+02
  1.4220e+02     6.748217e+02
  1.4240e+02     6.783047e+02
  1.4260e+02     6.818005e+02
  1.4280e+02     6.853090e+02
  1.4300e+02     6.888300e+02
  1.4320e+02     6.923635e+02
  1.4340e+02     6.959093e+02
  1.4360e+02     6.994674e+02
  1.4380e+02     7.030375e+02
  1.4400e+02     7.066197e+02
  1.4420e+02     7.102137e+02
  1.4440e+02     7.138195e+02
  1.4460e+02     7.174368e+02
  1.4480e+02     7.210657e+02
  1.4500e+02     7.247058e+02
  1.4520e+02     7.283572e+02
  1.4540e+02     7.320196e+02
  1.4560e+02     7.356929e+02
  1.4580e+02     7.393770e+02
  1.4600e+02     7.430716e+02
  1.4620e+02     7.467767e+02
  1.4640e+02     7.504921e+02
  1.4660e+02     7.542176e+02
  1.4680e+02     7.579530e+02
  1.4700e+02     7.616982e+02
  1.4720e+02     7.654530e+02
  1.4740e+02     7.692172e+02
  1.4760e+02     7.729906e+02
  1.4780e+02     7.767731e+02
  1.4800e+02     7.805644e+02
  1.4820e+02     7.843644e+02
  1.4840e+02     7.881729e+02
  1.4860e+02     7.919895e+02
  1.4880e+02     7.958143e+02
  1.4900e+02     7.996469e+02
  1.4920e+02     8.034871e+02
  1.4940e+02     8.073347e+02
  1.4960e+02     8.111895e+02
  1.4980e+02     8.150513e+02
  1.5000e+02     8.189198e+02
  1.5020e+02     8.227948e+02
  1.5040e+02     8.266761e+02
  1.5060e+02     8.305634e+02
  1.5080e+02     8.344564e+02
  1.5100e+02     8.383550e+02
  1.5120e+02     8.422589e+02
  1.5140e+02     8.461678e+02
  1.5160e+02     8.500814e+02
  1.5180e+02     8.539996e+02
  1.5200e+02     8.579219e+02
  1.5220e+02     8.618482e+02
  1.5240e+02     8.657782e+02
  1.5260e+02     8.697116e+02
  1.5280e+02     8.736481e+02
  1.5300e+02     8.775874e+02
  1.5320e+02     8.815292e+02
  1.5340e+02     8.854733e+02
  1.5360e+02     8.894193e+02
  1.5380e+02     8.933669e+02
  1.5400e+02     8.973158e+02
  1.5420e+02     9.012657e+02
  1.5440e+02     9.052164e+02
  1.5460e+02     9.091673e+02
  1.5480e+02     9.131184e+02
  1.5500e+02     9.170691e+02
  1.5520e+02     9.210192e+02
  1.5540e+02     9.249684e+02
  1.5560e+02     9.289162e+02
  1.5580e+02     9.328624e+02
  1.5600e+02     9.368067e+02
  1.5620e+02     9.407486e+02
  1.5640e+02     9.446878e+02
  1.5660e+02     9.486239e+02
  1.5680e+02     9.525566e+02
  1.5700e+02     9.564856e+02
  1.5720e+02     9.604104e+02
  1.5740e+02     9.643306e+02
  1.5760e+02     9.682460e+02
  1.5780e+02     9.721561e+02
  1.5800e+02     9.760605e+02
  1.5820e+02     9.799588e+02
  1.5840e+02     9.838507e+02
  1.5860e+02     9.877358e+02
  1.5880e+02     9.916136e+02
  1.5900e+02     9.954838e+02
  1.5920e+02     9.993459e+02
  1.5940e+02     1.003199e+03
  1.5960e+02     1.007044e+03
  1.5980e+02     1.010880e+03
  1.6000e+02     1.014705e+03
  1.6020e+02     1.018521e+03
  1.6040e+02     1.022326e+03
  1.6060e+02     1.026121e+03
  1.6080e+02     1.029904e+03
  1.6100e+02     1.033675e+03
  1.6120e+02     1.037434e+03
  1.6140e+02     1.041180e+03
  1.6160e+02     1.044913e+03
  1.6180e+02     1.048632e+03
  1.6200e+02     1.052338e+03
  1.6220e+02     1.056029e+03
  1.6240e+02     1.059705e+03
  1.6260e+02     1.063366e+03
  1.6280e+02     1.067011e+03
  1.6300e+02     1.070640e+03
  1.6320e+02     1.074252e+03
  1.6340e+02     1.077847e+03
  1.6360e+02     1.081424e+03
  1.6380e+02     1.084983e+03
  1.6400e+02     1.088524e+03
  1.6420e+02     1.092046e+03
  1.6440e+02     1.095548e+03
  1.6460e+02     1.099030e+03
  1.6480e+02     1.102492e+03
  1.6500e+02     1.105934e+03
  1.6520e+02     1.109353e+03
  1.6540e+02     1.112752e+03
  1.6560e+02     1.116127e+03
  1.6580e+02     1.119481e+03
  1.6600e+02     1.122811e+03
  1.6620e+02     1.126117e+03
  1.6640e+02     1.129399e+03
  1.6660e+02     1.132657e+03
  1.6680e+02     1.135889e+03
  1.6700e+02     1.139096e+03
  1.6720e+02     1.142278e+03
  1.6740e+02     1.145432e+03
  1.6760e+02     1.148560e+03
  1.6780e+02     1.151660e+03
  1.6800e+02     1.154733e+03
  1.6820e+02     1.157777e+03
  1.6840e+02     1.160793e+03
  1.6860e+02     1.163779e+03
  1.6880e+02     1.166735e+03
  1.6900e+02     1.169662e+03
  1.6920e+02     1.172558e+03
  1.6940e+02     1.175422e+03
  1.6960e+02     1.178256e+03
  1.6980e+02     1.181057e+03
  1.7000e+02     1.183826e+03
  1.7020e+02     1.186562e+03
  1.7040e+02     1.189265e+03
  1.7060e+02     1.191934e+03
  1.7080e+02     1.194569e+03
  1.7100e+02     1.197169e+03
  1.7120e+02     1.199734e+03
  1.7140e+02     1.202264e+03
  1.7160e+02     1.204758e+03
  1.7180e+02     1.207216e+03
  1.7200e+02     1.209637e+03
  1.7220e+02     1.212021e+03
  1.7240e+02     1.214367e+03
  1.7260e+02     1.216676e+03
  1.7280e+02     1.218946e+03
  1.7300e+02     1.221177e+03
  1.7320e+02     1.223369e+03
  1.7340e+02     1.225522e+03
  1.7360e+02     1.227635e+03
  1.7380e+02     1.229707e+03
  1.7400e+02     1.231739e+03
  1.7420e+02     1.233730e+03
  1.7440e+02     1.235680e+03
  1.7460e+02     1.237588e+03
  1.7480e+02     1.239454e+03
  1.7500e+02     1.241277e+03
  1.7520e+02     1.243058e+03
  1.7540e+02     1.244795e+03
  1.7560e+02     1.246490e+03
  1.7580e+02     1.248140e+03
  1.7600e+02     1.249747e+03
  1.7620e+02     1.251309e+03
  1.7640e+02     1.252826e+03
  1.7660e+02     1.254299e+03
  1.7680e+02     1.255726e+03
  1.7700e+02     1.257108e+03
  1.7720e+02     1.258444e+03
  1.7740e+02     1.259734e+03
  1.7760e+02     1.260978e+03
  1.7780e+02     1.262175e+03
  1.7800e+02     1.263325e+03
  1.7820e+02     1.264429e+03
  1.7840e+02     1.265485e+03
  1.7860e+02     1.266494e+03
  1.7880e+02     1.267455e+03
  1.7900e+02     1.268368e+03
  1.7920e+02     1.269233e+03
  1.7940e+02     1.270050e+03
  1.7960e+02     1.270819e+03
  1.7980e+02     1.271539e+03
  1.8000e+02     1.272210e+03
  1.8020e+02     1.272832e+03
  1.8040e+02     1.273405e+03
  1.8060e+02     1.273929e+03
  1.8080e+02     1.274404e+03
  1.8100e+02     1.274829e+03
  1.8120e+02     1.275205e+03
  1.8140e+02     1.275531e+03
  1.8160e+02     1.275808e+03
  1.8180e+02     1.276034e+03
  1.8200e+02     1.276211e+03
  1.8220e+02     1.276338e+03
  1.8240e+02     1.276415e+03
  1.8260e+02     1.276442e+03
  1.8280e+02     1.276418e+03
  1.8300e+02     1.276345e+03
  1.8320e+02     1.276222e+03
  1.8340e+02     1.276048e+03
  1.8360e+02     1.275824e+03
  1.8380e+02     1.275551e+03
  1.8400e+02     1.275227e+03
  1.8420e+02     1.274853e+03
  1.8440e+02     1.274429e+03
  1.8460e+02     1.273955e+03
  1.8480e+02     1.273431e+03
  1.8500e+02     1.272858e+03
  1.8520e+02     1.272235e+03
  1.8540e+02     1.271562e+03
  1.8560e+02     1.270839e+03
  1.8580e+02     1.270067e+03
  1.8600e+02     1.269246e+03
  1.8620e+02     1.268375e+03
  1.8640e+02     1.267455e+03
  1.8660e+02     1.266487e+03
  1.8680e+02     1.265469e+03
  1.8700e+02     1.264403e+03
  1.8720e+02     1.263289e+03
  1.8740e+02     1.262126e+03
  1.8760e+02     1.260915e+03
  1.8780e+02     1.259656e+03
  1.8800e+02     1.258350e+03
  1.8820e+02     1.256996e+03
  1.8840e+02     1.255595e+03
  1.8860e+02     1.254146e+03
  1.8880e+02     1.252651e+03
  1.8900e+02     1.251110e+03
  1.8920e+02     1.249522e+03
  1.8940e+02     1.247888e+03
  1.8960e+02     1.246208e+03
  1.8980e+02     1.244483e+03
  1.9000e+02     1.242713e+03
  1.9020e+02     1.240898e+03
  1.9040e+02     1.239038e+03
  1.9060e+02     1.237134e+03
  1.9080e+02     1.235186e+03
  1.9100e+02     1.233194e+03
  1.9120e+02     1.231160e+03
  1.9140e+02     1.229082e+03
  1.9160e+02     1.226961e+03
  1.9180e+02     1.224799e+03
  1.9200e+02     1.222594e+03
  1.9220e+02     1.220348e+03
  1.9240e+02     1.218061e+03
  1.9260e+02     1.215733e+03
  1.9280e+02     1.213364e+03
  1.9300e+02     1.210956e+03
  1.9320e+02     1.208508e+03
  1.9340e+02     1.206021e+03
  1.9360e+02     1.203495e+03
  1.9380e+02     1.200930e+03
  1.9400e+02     1.198328e+03
  1.9420e+02     1.195689e+03
  1.9440e+02     1.193012e+03
  1.9460e+02     1.190298e+03
  1.9480e+02     1.187549e+03
  1.9500e+02     1.184763e+03
  1.9520e+02     1.181942e+03
  1.9540e+02     1.179087e+03
  1.9560e+02     1.176197e+03
  1.9580e+02     1.173273e+03
  1.9600e+02     1.170316e+03
  1.9620e+02     1.167325e+03
  1.9640e+02     1.164302e+03
  1.9660e+02     1.161247e+03
  1.9680e+02     1.158161e+03
  1.9700e+02     1.155043e+03
  1.9720e+02     1.151895e+03
  1.9740e+02     1.148717e+03
  1.9760e+02     1.145509e+03
  1.9780e+02     1.142272e+03
  1.9800e+02     1.139006e+03
  1.9820e+02     1.135712e+03
  1.9840e+02     1.132391e+03
  1.9860e+02     1.129042e+03
  1.9880e+02     1.125667e+03
  1.9900e+02     1.122266e+03
  1.9920e+02     1.118839e+03
  1.9940e+02     1.115387e+03
  1.9960e+02     1.111910e+03
  1.9980e+02     1.108409e+03
  2.0000e+02     1.104885e+03
  2.0020e+02     1.101338e+03
  2.0040e+02     1.097768e+03
  2.0060e+02     1.094176e+03
  2.0080e+02     1.090562e+03
  2.0100e+02     1.086927e+03
  2.0120e+02     1.083272e+03
  2.0140e+02     1.079597e+03
  2.0160e+02     1.075902e+03
  2.0180e+02     1.072189e+03
  2.0200e+02     1.068457e+03
  2.0220e+02     1.064707e+03
  2.0240e+02     1.060939e+03
  2.0260e+02     1.057155e+03
  2.0280e+02     1.053354e+03
  2.0300e+02     1.049537e+03
  2.0320e+02     1.045704e+03
  2.0340e+02     1.041857e+03
  2.0360e+02     1.037995e+03
  2.0380e+02     1.034119e+03
  2.0400e+02     1.030230e+03
  2.0420e+02     1.026328e+03
  2.0440e+02     1.022413e+03
  2.0460e+02     1.018486e+03
  2.0480e+02     1.014548e+03
  2.0500e+02     1.010599e+03
  2.0520e+02     1.006639e+03
  2.0540e+02     1.002669e+03
  2.0560e+02     9.986902e+02
  2.0580e+02     9.947016e+02
  2.0600e+02     9.907043e+02
  2.0620e+02     9.866989e+02
  2.0640e+02     9.826857e+02
  2.0660e+02     9.786652e+02
  2.0680e+02     9.746378e+02
  2.0700e+02     9.706042e+02
  2.0720e+02     9.665645e+02
  2.0740e+02     9.625194e+02
  2.0760e+02     9.584693e+02
  2.0780e+02     9.544146e+02
  2.0800e+02     9.503556e+02
  2.0820e+02     9.462930e+02
  2.0840e+02     9.422270e+02
  2.0860e+02     9.381581e+02
  2.0880e+02     9.340868e+02
  2.0900e+02     9.300134e+02
  2.0920e+02     9.259383e+02
  2.0940e+02     9.218620e+02
  2.0960e+02     9.177848e+02
  2.0980e+02     9.137071e+02
  2.1000e+02     9.096294e+02
  2.1020e+02     9.055520e+02
  2.1040e+02     9.014753e+02
  2.1060e+02     8.973997e+02
  2.1080e+02     8.933255e+02
  2.1100e+02     8.892531e+02
  2.1120e+02     8.851829e+02
  2.1140e+02     8.811153e+02
  2.1160e+02     8.770505e+02
  2.1180e+02     8.729890e+02
  2.1200e+02     8.689311e+02
  2.1220e+02     8.648771e+02
  2.1240e+02     8.608274e+02
  2.1260e+02     8.567822e+02
  2.1280e+02     8.527420e+02
  2.1300e+02     8.487070e+02
  2.1320e+02     8.446776e+02
  2.1340e+02     8.406540e+02
  2.1360e+02     8.366366e+02
  2.1380e+02     8.326257e+02
  2.1400e+02     8.286216e+02
  2.1420e+02     8.246245e+02
  2.1440e+02     8.206348e+02
  2.1460e+02     8.166526e+02
  2.1480e+02     8.126784e+02
  2.1500e+02     8.087124e+02
  2.1520e+02     8.047548e+02
  2.1540e+02     8.008060e+02
  2.1560e+02     7.968661e+02
  2.1580e+02     7.929354e+02
  2.1600e+02     7.890142e+02
  2.1620e+02     7.851027e+02
  2.1640e+02     7.812011e+02
  2.1660e+02     7.773097e+02
  2.1680e+02     7.734287e+02
  2.1700e+02     7.695584e+02
  2.1720e+02     7.656989e+02
  2.1740e+02     7.618505e+02
  2.1760e+02     7.580134e+02
  2.1780e+02     7.541877e+02
  2.1800e+02     7.503738e+02
  2.1820e+02     7.465717e+02
  2.1840e+02     7.427817e+02
  2.1860e+02     7.390040e+02
  2.1880e+02     7.352387e+02
  2.1900e+02     7.314860e+02
  2.1920e+02     7.277461e+02
  2.1940e+02     7.240192e+02
  2.1960e+02     7.203054e+02
  2.1980e+02     7.166049e+02
  2.2000e+02     7.129179e+02
  2.2020e+02     7.092445e+02
  2.2040e+02     7.055848e+02
  2.2060e+02     7.019390e+02
  2.2080e+02     6.983073e+02
  2.2100e+02     6.946897e+02
  2.2120e+02     6.910864e+02
  2.2140e+02     6.874976e+02
  2.2160e+02     6.839233e+02
  2.2180e+02     6.803637e+02
  2.2200e+02     6.768188e+02
  2.2220e+02     6.732889e+02
  2.2240e+02     6.697740e+02
  2.2260e+02     6.662742e+02
  2.2280e+02     6.627897e+02
  2.2300e+02     6.593204e+02
  2.2320e+02     6.558666e+02
  2.2340e+02     6.524282e+02
  2.2360e+02     6.490055e+02
  2.2380e+02     6.455984e+02
  2.2400e+02     6.422070e+02
  2.2420e+02     6.388315e+02
  2.2440e+02     6.354719e+02
  2.2460e+02     6.321283e+02
  2.2480e+02     6.288006e+02
  2.2500e+02     6.254891e+02
  2.2520e+02     6.221938e+02
  2.2540e+02     6.189146e+02
  2.2560e+02     6.156518e+02
  2.2580e+02     6.124052e+02
  2.2600e+02     6.091750e+02
  2.2620e+02     6.059613e+02
  2.2640e+02     6.027639e+02
  2.2660e+02     5.995831e+02
  2.2680e+02     5.964188e+02
  2.2700e+02     5.932711e+02
  2.2720e+02     5.901400e+02
  2.2740e+02     5.870254e+02
  2.2760e+02     5.839276e+02
  2.2780e+02     5.808464e+02
  2.2800e+02     5.777819e+02
  2.2820e+02     5.747341e+02
  2.2840e+02     5.717030e+02
  2.2860e+02     5.686887e+02
  2.2880e+02     5.656911e+02
  2.2900e+02     5.627103e+02
  2.2920e+02     5.597462e+02
  2.2940e+02     5.567989e+02
  2.2960e+02     5.538684e+02
  2.2980e+02     5.509546e+02
  2.3000e+02     5.480576e+02
  2.3020e+02     5.451774e+02
  2.3040e+02     5.423139e+02
  2.3060e+02     5.394672e+02
  2.3080e+02     5.366372e+02
  2.3100e+02     5.338239e+02
  2.3120e+02     5.310274e+02
  2.3140e+02     5.282475e+02
  2.3160e+02     5.254843e+02
  2.3180e+02     5.227378e+02
  2.3200e+02     5.200079e+02
  2.3220e+02     5.172946e+02
  2.3240e+02     5.145979e+02
  2.3260e+02     5.119177e+02
  2.3280e+02     5.092541e+02
  2.3300e+02     5.066070e+02
  2.3320e+02     5.039764e+02
  2.3340e+02     5.013622e+02
  2.3360e+02     4.987644e+02
  2.3380e+02     4.961829e+02
  2.3400e+02     4.936179e+02
  2.3420e+02     4.910691e+02
  2.3440e+02     4.885365e+02
  2.3460e+02     4.860202e+02
  2.3480e+02     4.835201e+02
  2.3500e+02     4.810361e+02
  2.3520e+02     4.785681e+02
  2.3540e+02     4.761163e+02
  2.3560e+02     4.736804e+02
  2.3580e+02     4.712605e+02
  2.3600e+02     4.688565e+02
  2.3620e+02     4.664683e+02
  2.3640e+02     4.640960e+02
  2.3660e+02     4.617394e+02
  2.3680e+02     4.593985e+02
  2.3700e+02     4.570732e+02
  2.3720e+02     4.547636e+02
  2.3740e+02     4.524694e+02
  2.3760e+02     4.501908e+02
  2.3780e+02     4.479276e+02
  2.3800e+02     4.456798e+02
  2.3820e+02     4.434473e+02
  2.3840e+02     4.412301e+02
  2.3860e+02     4.390280e+02
  2.3880e+02     4.368411e+02
  2.3900e+02     4.346693e+02
  2.3920e+02     4.325125e+02
  2.3940e+02     4.303707e+02
  2.3960e+02     4.282438e+02
  2.3980e+02     4.261317e+02
  2.4000e+02     4.240343e+02
  2.4020e+02     4.219517e+02
  2.4040e+02     4.198838e+02
  2.4060e+02     4.178304e+02
  2.4080e+02     4.157915e+02
  2.4100e+02     4.137671e+02
  2.4120e+02     4.117571e+02
  2.4140e+02     4.097614e+02
  2.4160e+02     4.077799e+02
  2.4180e+02     4.058126e+02
  2.4200e+02     4.038595e+02
  2.4220e+02     4.019204e+02
  2.4240e+02     3.999954e+02
  2.4260e+02     3.980842e+02
  2.4280e+02     3.961869e+02
  2.4300e+02     3.943034e+02
  2.4320e+02     3.924336e+02
  2.4340e+02     3.905774e+02
  2.4360e+02     3.887349e+02
  2.4380e+02     3.869058e+02
  2.4400e+02     3.850902e+02
  2.4420e+02     3.832880e+02
  2.4440e+02     3.814991e+02
  2.4460e+02     3.797234e+02
  2.4480e+02     3.779609e+02
  2.4500e+02     3.762115e+02
  2.4520e+02     3.744751e+02
  2.4540e+02     3.727517e+02
  2.4560e+02     3.710412e+02
  2.4580e+02     3.693435e+02
  2.4600e+02     3.676586e+02
  2.4620e+02     3.659863e+02
  2.4640e+02     3.643267e+02
  2.4660e+02     3.626796e+02
  2.4680e+02     3.610450e+02
  2.4700e+02     3.594228e+02
  2.4720e+02     3.578130e+02
  2.4740e+02     3.562154e+02
  2.4760e+02     3.546300e+02
  2.4780e+02     3.530568e+02
  2.4800e+02     3.514956e+02
  2.4820e+02     3.499465e+02
  2.4840e+02     3.484092e+02
  2.4860e+02     3.468838e+02
  2.4880e+02     3.453703e+02
  2.4900e+02     3.438684e+02
  2.4920e+02     3.423782e+02
  2.4940e+02     3.408996e+02
  2.4960e+02     3.394325e+02
  2.4980e+02     3.379769e+02
  2.5000e+02     3.365327e+02
  2.5020e+02     3.350997e+02
  2.5040e+02     3.336781e+02
  2.5060e+02     3.322676e+02
  2.5080e+02     3.308683e+02
  2.5100e+02     3.294800e+02
  2.5120e+02     3.281027e+02
  2.5140e+02     3.267363e+02
  2.5160e+02     3.253808e+02
  2.5180e+02     3.240361e+02
  2.5200e+02     3.227021e+02
  2.5220e+02     3.213788e+02
  2.5240e+02     3.200660e+02
  2.5260e+02     3.187639e+02
  2.5280e+02     3.174721e+02
  2.5300e+02     3.161908e+02
  2.5320e+02     3.149199e+02
  2.5340e+02     3.136592e+02
  2.5360e+02     3.124088e+02
  2.5380e+02     3.111685e+02
  2.5400e+02     3.099383e+02
  2.5420e+02     3.087181e+02
  2.5440e+02     3.075079e+02
  2.5460e+02     3.063077e+02
  2.5480e+02     3.051172e+02
  2.5500e+02     3.039366e+02
  2.5520e+02     3.027657e+02
  2.5540e+02     3.016045e+02
  2.5560e+02     3.004528e+02
  2.5580e+02     2.993108e+02
  2.5600e+02     2.981782e+02
  2.5620e+02     2.970550e+02
  2.5640e+02     2.959413e+02
  2.5660e+02     2.948368e+02
  2.5680e+02     2.937416e+02
  2.5700e+02     2.926556e+02
  2.5720e+02     2.915788e+02
  2.5740e+02     2.905110e+02
  2.5760e+02     2.894523e+02
  2.5780e+02     2.884026e+02
  2.5800e+02     2.873617e+02
  2.5820e+02     2.863298e+02
  2.5840e+02     2.853066e+02
  2.5860e+02     2.842922e+02
  2.5880e+02     2.832865e+02
  2.5900e+02     2.822895e+02
  2.5920e+02     2.813010e+02
  2.5940e+02     2.803211e+02
  2.5960e+02     2.793497e+02
  2.5980e+02     2.783867e+02
  2.6000e+02     2.774321e+02
  2.6020e+02     2.764858e+02
  2.6040e+02     2.755478e+02
  2.6060e+02     2.746180e+02
  2.6080e+02     2.736964e+02
  2.6100e+02     2.727829e+02
  2.6120e+02     2.718775e+02
  2.6140e+02     2.709802e+02
  2.6160e+02     2.700908e+02
  2.6180e+02     2.692093e+02
  2.6200e+02     2.683358e+02
  2.6220e+02     2.674700e+02
  2.6240e+02     2.666120e+02
  2.6260e+02     2.657618e+02
  2.6280e+02     2.649193e+02
  2.6300e+02     2.640844e+02
  2.6320e+02     2.632571e+02
  2.6340e+02     2.624373e+02
  2.6360e+02     2.616251e+02
  2.6380e+02     2.608203e+02
  2.6400e+02     2.600229e+02
  2.6420e+02     2.592329e+02
  2.6440e+02     2.584502e+02
  2.6460e+02     2.576748e+02
  2.6480e+02     2.569067e+02
  2.6500e+02     2.561457e+02
  2.6520e+02     2.553919e+02
  2.6540e+02     2.546451e+02
  2.6560e+02     2.539055e+02
  2.6580e+02     2.531729e+02
  2.6600e+02     2.524472e+02
  2.6620e+02     2.517285e+02
  2.6640e+02     2.510167e+02
  2.6660e+02     2.503117e+02
  2.6680e+02     2.496136e+02
  2.6700e+02     2.489222e+02
  2.6720e+02     2.482376e+02
  2.6740e+02     2.475597e+02
  2.6760e+02     2.468884e+02
  2.6780e+02     2.462238e+02
  2.6800e+02     2.455657e+02
  2.6820e+02     2.449142e+02
  2.6840e+02     2.442692e+02
  2.6860e+02     2.436307e+02
  2.6880e+02     2.429986e+02
  2.6900e+02     2.423729e+02
  2.6920e+02     2.417535e+02
  2.6940e+02     2.411405e+02
  2.6960e+02     2.405338e+02
  2.6980e+02     2.399333e+02
  2.7000e+02     2.393391e+02
  2.7020e+02     2.387510e+02
  2.7040e+02     2.381691e+02
  2.7060e+02     2.375933e+02
  2.7080e+02     2.370236e+02
  2.7100e+02     2.364599e+02
  2.7120e+02     2.359023e+02
  2.7140e+02     2.353506e+02
  2.7160e+02     2.348049e+02
  2.7180e+02     2.342651e+02
  2.7200e+02     2.337312e+02
  2.7220e+02     2.332031e+02
  2.7240e+02     2.326809e+02
  2.7260e+02     2.321645e+02
  2.7280e+02     2.316538e+02
  2.7300e+02     2.311489e+02
  2.7320e+02     2.306496e+02
  2.7340e+02     2.301561e+02
  2.7360e+02     2.296682e+02
  2.7380e+02     2.291859e+02
  2.7400e+02     2.287092e+02
  2.7420e+02     2.282380e+02
  2.7440e+02     2.277724e+02
  2.7460e+02     2.273123e+02
  2.7480e+02     2.268577e+02
  2.7500e+02     2.264085e+02
  2.7520e+02     2.259647e+02
  2.7540e+02     2.255263e+02
  2.7560e+02     2.250933e+02
  2.7580e+02     2.246657e+02
  2.7600e+02     2.242433e+02
  2.7620e+02     2.238263e+02
  2.7640e+02     2.234145e+02
  2.7660e+02     2.230080e+02
  2.7680e+02     2.226066e+02
  2.7700e+02     2.222105e+02
  2.7720e+02     2.218195e+02
  2.7740e+02     2.214337e+02
  2.7760e+02     2.210530e+02
  2.7780e+02     2.206774e+02
  2.7800e+02     2.203069e+02
  2.7820e+02     2.199414e+02
  2.7840e+02     2.195810e+02
  2.7860e+02     2.192255e+02
  2.7880e+02     2.188751e+02
  2.7900e+02     2.185296e+02
  2.7920e+02     2.181890e+02
  2.7940e+02     2.178534e+02
  2.7960e+02     2.175227e+02
  2.7980e+02     2.171968e+02
  2.8000e+02     2.168759e+02
  2.8020e+02     2.165597e+02
  2.8040e+02     2.162484e+02
  2.8060e+02     2.159419e+02
  2.8080e+02     2.156402e+02
  2.8100e+02     2.153432e+02
  2.8120e+02     2.150510e+02
  2.8140e+02     2.147634e+02
  2.8160e+02     2.144807e+02
  2.8180e+02     2.142025e+02
  2.8200e+02     2.139291e+02
  2.8220e+02     2.136603e+02
  2.8240e+02     2.133962e+02
  2.8260e+02     2.131367e+02
  2.8280e+02     2.128817e+02
  2.8300e+02     2.126314e+02
  2.8320e+02     2.123857e+02
  2.8340e+02     2.121444e+02
  2.8360e+02     2.119078e+02
  2.8380e+02     2.116756e+02
  2.8400e+02     2.114480e+02
  2.8420e+02     2.112249e+02
  2.8440e+02     2.110062e+02
  2.8460e+02     2.107920e+02
  2.8480e+02     2.105822e+02
  2.8500e+02     2.103769e+02
  2.8520e+02     2.101760e+02
  2.8540e+02     2.099795e+02
  2.8560e+02     2.097874e+02
  2.8580e+02     2.095997e+02
  2.8600e+02     2.094164e+02
  2.8620e+02     2.092374e+02
  2.8640e+02     2.090627e+02
  2.8660e+02     2.088924e+02
  2.8680e+02     2.087264e+02
  2.8700e+02     2.085647e+02
  2.8720e+02     2.084073e+02
  2.8740e+02     2.082542e+02
  2.8760e+02     2.081054e+02
  2.8780e+02     2.079608e+02
  2.8800e+02     2.078205e+02
  2.8820e+02     2.076844e+02
  2.8840e+02     2.075525e+02
  2.8860e+02     2.074249e+02
  2.8880e+02     2.073015e+02
  2.8900e+02     2.071822e+02
  2.8920e+02     2.070672e+02
  2.8940e+02     2.069563e+02
  2.8960e+02     2.068497e+02
  2.8980e+02     2.067471e+02
  2.9000e+02     2.066488e+02
  2.9020e+02     2.065546e+02
  2.9040e+02     2.064645e+02
  2.9060e+02     2.063785e+02
  2.9080e+02     2.062967e+02
  2.9100e+02     2.062190e+02
  2.9120e+02     2.061454e+02
  2.9140e+02     2.060759e+02
  2.9160e+02     2.060105e+02
  2.9180e+02     2.059492e+02
  2.9200e+02     2.058920e+02
  2.9220e+02     2.058388e+02
  2.9240e+02     2.057897e+02
  2.9260e+02     2.057447e+02
  2.9280e+02     2.057037e+02
  2.9300e+02     2.056668e+02
  2.9320e+02     2.056339e+02
  2.9340e+02     2.056051e+02
  2.9360e+02     2.055803e+02
  2.9380e+02     2.055595e+02
  2.9400e+02     2.055428e+02
  2.9420e+02     2.055301e+02
  2.9440e+02     2.055214e+02
  2.9460e+02     2.055167e+02
  2.9480e+02     2.055160e+02
  2.9500e+02     2.055193e+02
  2.9520e+02     2.055267e+02
  2.9540e+02     2.055380e+02
  2.9560e+02     2.055534e+02
  2.9580e+02     2.055727e+02
  2.9600e+02     2.055960e+02
  2.9620e+02     2.056233e+02
  2.9640e+02     2.056546e+02
  2.9660e+02     2.056899e+02
  2.9680e+02     2.057292e+02
  2.9700e+02     2.057725e+02
  2.9720e+02     2.058197e+02
  2.9740e+02     2.058709e+02
  2.9760e+02     2.059261e+02
  2.9780e+02     2.059853e+02
  2.9800e+02     2.060484e+02
  2.9820e+02     2.061155e+02
  2.9840e+02     2.061866e+02
  2.9860e+02     2.062617e+02
  2.9880e+02     2.063408e+02
  2.9900e+02     2.064238e+02
  2.9920e+02     2.065108e+02
  2.9940e+02     2.066018e+02
  2.9960e+02     2.066968e+02
  2.9980e+02     2.067957e+02
  3.0000e+02     2.068986e+02
  3.0020e+02     2.070055e+02
  3.0040e+02     2.071164e+02
  3.0060e+02     2.072313e+02
  3.0080e+02     2.073501e+02
  3.0100e+02     2.074730e+02
  3.0120e+02     2.075998e+02
  3.0140e+02     2.077307e+02
  3.0160e+02     2.078655e+02
  3.0180e+02     2.080043e+02
  3.0200e+02     2.081471e+02
  3.0220e+02     2.082940e+02
  3.0240e+02     2.084448e+02
  3.0260e+02     2.085997e+02
  3.0280e+02     2.087585e+02
  3.0300e+02     2.089214e+02
  3.0320e+02     2.090883e+02
  3.0340e+02     2.092593e+02
  3.0360e+02     2.094342e+02
  3.0380e+02     2.096132e+02
  3.0400e+02     2.097963e+02
  3.0420e+02     2.099834e+02
  3.0440e+02     2.101745e+02
  3.0460e+02     2.103697e+02
  3.0480e+02     2.105690e+02
  3.0500e+02     2.107723e+02
  3.0520e+02     2.109797e+02
  3.0540e+02     2.111912e+02
  3.0560e+02     2.114068e+02
  3.0580e+02     2.116264e+02
  3.0600e+02     2.118502e+02
  3.0620e+02     2.120781e+02
  3.0640e+02     2.123100e+02
  3.0660e+02     2.125461e+02
  3.0680e+02     2.127864e+02
  3.0700e+02     2.130307e+02
  3.0720e+02     2.132792e+02
  3.0740e+02     2.135319e+02
  3.0760e+02     2.137887e+02
  3.0780e+02     2.140496e+02
  3.0800e+02     2.143148e+02
  3.0820e+02     2.145841e+02
  3.0840e+02     2.148576e+02
  3.0860e+02     2.151353e+02
  3.0880e+02     2.154172e+02
  3.0900e+02     2.157034e+02
  3.0920e+02     2.159937e+02
  3.0940e+02     2.162883e+02
  3.0960e+02     2.165872e+02
  3.0980e+02     2.168903e+02
  3.1000e+02     2.171976e+02
  3.1020e+02     2.175093e+02
  3.1040e+02     2.178252e+02
  3.1060e+02     2.181454e+02
  3.1080e+02     2.184699e+02
  3.1100e+02     2.187988e+02
  3.1120e+02     2.191320e+02
  3.1140e+02     2.194695e+02
  3.1160e+02     2.198113e+02
  3.1180e+02     2.201576e+02
  3.1200e+02     2.205082e+02
  3.1220e+02     2.208631e+02
  3.1240e+02     2.212225e+02
  3.1260e+02     2.215863e+02
  3.1280e+02     2.219546e+02
  3.1300e+02     2.223272e+02
  3.1320e+02     2.227043e+02
  3.1340e+02     2.230859e+02
  3.1360e+02     2.234719e+02
  3.1380e+02     2.238624e+02
  3.1400e+02     2.242575e+02
  3.1420e+02     2.246570e+02
  3.1440e+02     2.250611e+02
  3.1460e+02     2.254697e+02
  3.1480e+02     2.258829e+02
  3.1500e+02     2.263006e+02
  3.1520e+02     2.267229e+02
  3.1540e+02     2.271499e+02
  3.1560e+02     2.275814e+02
  3.1580e+02     2.280176e+02
  3.1600e+02     2.284584e+02
  3.1620e+02     2.289039e+02
  3.1640e+02     2.293540e+02
  3.1660e+02     2.298089e+02
  3.1680e+02     2.302684e+02
  3.1700e+02     2.307327e+02
  3.1720e+02     2.312017e+02
  3.1740e+02     2.316755e+02
  3.1760e+02     2.321540e+02
  3.1780e+02     2.326373e+02
  3.1800e+02     2.331255e+02
  3.1820e+02     2.336184e+02
  3.1840e+02     2.341162e+02
  3.1860e+02     2.346189e+02
  3.1880e+02     2.351264e+02
  3.1900e+02     2.356388e+02
  3.1920e+02     2.361561e+02
  3.1940e+02     2.366784e+02
  3.1960e+02     2.372056e+02
  3.1980e+02     2.377377e+02
  3.2000e+02     2.382749e+02
  3.2020e+02     2.388170e+02
  3.2040e+02     2.393642e+02
  3.2060e+02     2.399164e+02
  3.2080e+02     2.404737e+02
  3.2100e+02     2.410360e+02
  3.2120e+02     2.416035e+02
  3.2140e+02     2.421760e+02
  3.2160e+02     2.427537e+02
  3.2180e+02     2.433366e+02
  3.2200e+02     2.439246e+02
  3.2220e+02     2.445178e+02
  3.2240e+02     2.451163e+02
  3.2260e+02     2.457200e+02
  3.2280e+02     2.463289e+02
  3.2300e+02     2.469431e+02
  3.2320e+02     2.475626e+02
  3.2340e+02     2.481875e+02
  3.2360e+02     2.488177e+02
  3.2380e+02     2.494532e+02
  3.2400e+02     2.500942e+02
  3.2420e+02     2.507405e+02
  3.2440e+02     2.513923e+02
  3.2460e+02     2.520496e+02
  3.2480e+02     2.527123e+02
  3.2500e+02     2.533805e+02
  3.2520e+02     2.540542e+02
  3.2540e+02     2.547335e+02
  3.2560e+02     2.554184e+02
  3.2580e+02     2.561088e+02
  3.2600e+02     2.568048e+02
  3.2620e+02     2.575065e+02
  3.2640e+02     2.582139e+02
  3.2660e+02     2.589269e+02
  3.2680e+02     2.596457e+02
  3.2700e+02     2.603701e+02
  3.2720e+02     2.611004e+02
  3.2740e+02     2.618364e+02
  3.2760e+02     2.625782e+02
  3.2780e+02     2.633259e+02
  3.2800e+02     2.640794e+02
  3.2820e+02     2.648388e+02
  3.2840e+02     2.656041e+02
  3.2860e+02     2.663753e+02
  3.2880e+02     2.671525e+02
  3.2900e+02     2.679356e+02
  3.2920e+02     2.687248e+02
  3.2940e+02     2.695200e+02
  3.2960e+02     2.703213e+02
  3.2980e+02     2.711287e+02
  3.3000e+02     2.719421e+02
  3.3020e+02     2.727617e+02
  3.3040e+02     2.735875e+02
  3.3060e+02     2.744195e+02
  3.3080e+02     2.752576e+02
  3.3100e+02     2.761021e+02
  3.3120e+02     2.769528e+02
  3.3140e+02     2.778098e+02
  3.3160e+02     2.786731e+02
  3.3180e+02     2.795428e+02
  3.3200e+02     2.804189e+02
  3.3220e+02     2.813013e+02
  3.3240e+02     2.821903e+02
  3.3260e+02     2.830856e+02
  3.3280e+02     2.839875e+02
  3.3300e+02     2.848959e+02
  3.3320e+02     2.858109e+02
  3.3340e+02     2.867324e+02
  3.3360e+02     2.876605e+02
  3.3380e+02     2.885953e+02
  3.3400e+02     2.895367e+02
  3.3420e+02     2.904849e+02
  3.3440e+02     2.914397e+02
  3.3460e+02     2.924013e+02
  3.3480e+02     2.933697e+02
  3.3500e+02     2.943449e+02
  3.3520e+02     2.953270e+02
  3.3540e+02     2.963159e+02
  3.3560e+02     2.973117e+02
  3.3580e+02     2.983144e+02
  3.3600e+02     2.993241e+02
  3.3620e+02     3.003408e+02
  3.3640e+02     3.013645e+02
  3.3660e+02     3.023953e+02
  3.3680e+02     3.034331e+02
  3.3700e+02     3.044780e+02
  3.3720e+02     3.055301e+02
  3.3740e+02     3.065894e+02
  3.3760e+02     3.076558e+02
  3.3780e+02     3.087295e+02
  3.3800e+02     3.098104e+02
  3.3820e+02     3.108987e+02
  3.3840e+02     3.119942e+02
  3.3860e+02     3.130971e+02
  3.3880e+02     3.142074e+02
  3.3900e+02     3.153251e+02
  3.3920e+02     3.164502e+02
  3.3940e+02     3.175829e+02
  3.3960e+02     3.187230e+02
  3.3980e+02     3.198707e+02
  3.4000e+02     3.210259e+02
  3.4020e+02     3.221887e+02
  3.4040e+02     3.233592e+02
  3.4060e+02     3.245373e+02
  3.4080e+02     3.257231e+02
  3.4100e+02     3.269167e+02
  3.4120e+02     3.281180e+02
  3.4140e+02     3.293271e+02
  3.4160e+02     3.305440e+02
  3.4180e+02     3.317687e+02
  3.4200e+02     3.330014e+02
  3.4220e+02     3.342419e+02
  3.4240e+02     3.354904e+02
  3.4260e+02     3.367469e+02
  3.4280e+02     3.380113e+02
  3.4300e+02     3.392838e+02
  3.4320e+02     3.405644e+02
  3.4340e+02     3.418531e+02
  3.4360e+02     3.431499e+02
  3.4380e+02     3.444548e+02
  3.4400e+02     3.457680e+02
  3.4420e+02     3.470893e+02
  3.4440e+02     3.484190e+02
  3.4460e+02     3.497569e+02
  3.4480e+02     3.511031e+02
  3.4500e+02     3.524576e+02
  3.4520e+02     3.538206e+02
  3.4540e+02     3.551919e+02
  3.4560e+02     3.565717e+02
  3.4580e+02     3.579600e+02
  3.4600e+02     3.593567e+02
  3.4620e+02     3.607620e+02
  3.4640e+02     3.621758e+02
  3.4660e+02     3.635982e+02
  3.4680e+02     3.650292e+02
  3.4700e+02     3.664689e+02
  3.4720e+02     3.679173e+02
  3.4740e+02     3.693743e+02
  3.4760e+02     3.708401e+02
  3.4780e+02     3.723147e+02
  3.4800e+02     3.737980e+02
  3.4820e+02     3.752902e+02
  3.4840e+02     3.767912e+02
  3.4860e+02     3.783011e+02
  3.4880e+02     3.798199e+02
  3.4900e+02     3.813476e+02
  3.4920e+02     3.828843e+02
  3.4940e+02     3.844300e+02
  3.4960e+02     3.859847e+02
  3.4980e+02     3.875485e+02
  3.5000e+02     3.891213e+02
  3.5020e+02     3.907032e+02
  3.5040e+02     3.922942e+02
  3.5060e+02     3.938944e+02
  3.5080e+02     3.955038e+02
  3.5100e+02     3.971224e+02
  3.5120e+02     3.987502e+02
  3.5140e+02     4.003872e+02
  3.5160e+02     4.020335e+02
  3.5180e+02     4.036892e+02
  3.5200e+02     4.053541e+02
  3.5220e+02     4.070284e+02
  3.5240e+02     4.087121e+02
  3.5260e+02     4.104052e+02
  3.5280e+02     4.121077e+02
  3.5300e+02     4.138197e+02
  3.5320e+02     4.155411e+02
  3.5340e+02     4.172720e+02
  3.5360e+02     4.190124e+02
  3.5380e+02     4.207623e+02
  3.5400e+02     4.225218e+02
  3.5420e+02     4.242909e+02
  3.5440e+02     4.260695e+02
  3.5460e+02     4.278578e+02
  3.5480e+02     4.296557e+02
  3.5500e+02     4.314633e+02
  3.5520e+02     4.332805e+02
  3.5540e+02     4.351074e+02
  3.5560e+02     4.369440e+02
  3.5580e+02     4.387903e+02
  3.5600e+02     4.406463e+02
  3.5620e+02     4.425122e+02
  3.5640e+02     4.443877e+02
  3.5660e+02     4.462731e+02
  3.5680e+02     4.481682e+02
  3.5700e+02     4.500732e+02
  3.5720e+02     4.519880e+02
  3.5740e+02     4.539126e+02
  3.5760e+02     4.558470e+02
  3.5780e+02     4.577913e+02
  3.5800e+02     4.597455e+02
  3.5820e+02     4.617096e+02
  3.5840e+02     4.636835e+02
  3.5860e+02     4.656674e+02
  3.5880e+02     4.676611e+02
  3.5900e+02     4.696648e+02
  3.5920e+02     4.716783e+02
  3.5940e+02     4.737018e+02
  3.5960e+02     4.757353e+02
  3.5980e+02     4.777786e+02
