# Epidemic | 7 days incidence [ x-unit: days | y-unit: per 100000 ]
  0.0000e+00     3.618006e+02
  2.0000e-01     3.596318e+02
  4.0000e-01     3.574924e+02
  6.0000e-01     3.553821e+02
  8.0000e-01     3.533004e+02
  1.0000e+00     3.512470e+02
  1.2000e+00     3.492217e+02
  1.4000e+00     3.472239e+02
  1.6000e+00     3.452535e+02
  1.8000e+00     3.433101e+02
  2.0000e+00     3.413934e+02
  2.2000e+00     3.395030e+02
  2.4000e+00     3.376388e+02
  2.6000e+00     3.358002e+02
  2.8000e+00     3.339871e+02
  3.0000e+00     3.321992e+02
  3.2000e+00     3.304361e+02
  3.4000e+00     3.286976e+02
  3.6000e+00     3.269834e+02
  3.8000e+00     3.252932e+02
  4.0000e+00     3.236268e+02
  4.2000e+00     3.219838e+02
  4.4000e+00     3.203640e+02
  4.6000e+00     3.187672e+02
  4.8000e+00     3.171930e+02
  5.0000e+00     3.156413e+02
  5.2000e+00     3.141117e+02
  5.4000e+00     3.126041e+02
  5.6000e+00     3.111181e+02
  5.8000e+00     3.096536e+02
  6.0000e+00     3.082103e+02
  6.2000e+00     3.067879e+02
  6.4000e+00     3.053863e+02
  6.6000e+00     3.040053e+02
  6.8000e+00     3.026445e+02
  7.0000e+00     3.013038e+02
  7.2000e+00     3.003338e+02
  7.4000e+00     2.994118e+02
  7.6000e+00     2.984984e+02
  7.8000e+00     2.975934e+02
  8.0000e+00     2.966968e+02
  8.2000e+00     2.958087e+02
  8.4000e+00     2.949289e+02
  8.6000e+00     2.940575e+02
  8.8000e+00     2.931945e+02
  9.0000e+00     2.923397e+02
  9.2000e+00     2.914933e+02
  9.4000e+00     2.906551e+02
  9.6000e+00     2.898251e+02
  9.8000e+00     2.890034e+02
  1.0000e+01     2.881899e+02
  1.0200e+01     2.873845e+02
  1.0400e+01     2.865872e+02
  1.0600e+01     2.857981e+02
  1.0800e+01     2.850170e+02
  1.1000e+01     2.842440e+02
  1.1200e+01     2.834790e+02
  1.1400e+01     2.827219e+02
  1.1600e+01     2.819729e+02
  1.1800e+01     2.812318e+02
  1.2000e+01     2.804985e+02
  1.2200e+01     2.797732e+02
  1.2400e+01     2.790557e+02
  1.2600e+01     2.783460e+02
  1.2800e+01     2.776441e+02
  1.3000e+01     2.769499e+02
  1.3200e+01     2.762635e+02
  1.3400e+01     2.755847e+02
  1.3600e+01     2.749137e+02
  1.3800e+01     2.742502e+02
  1.4000e+01     2.735944e+02
  1.4200e+01     2.729461e+02
  1.4400e+01     2.723054e+02
  1.4600e+01     2.716722e+02
  1.4800e+01     2.710464e+02
  1.5000e+01     2.704281e+02
  1.5200e+01     2.698172e+02
  1.5400e+01     2.692137e+02
  1.5600e+01     2.686176e+02
  1.5800e+01     2.680288e+02
  1.6000e+01     2.674472e+02
  1.6200e+01     2.668730e+02
  1.6400e+01     2.663059e+02
  1.6600e+01     2.657461e+02
  1.6800e+01     2.651934e+02
  1.7000e+01     2.646479e+02
  1.7200e+01     2.641095e+02
  1.7400e+01     2.635781e+02
  1.7600e+01     2.630538e+02
  1.7800e+01     2.625365e+02
  1.8000e+01     2.620262e+02
  1.8200e+01     2.615229e+02
  1.8400e+01     2.610264e+02
  1.8600e+01     2.605369e+02
  1.8800e+01     2.600542e+02
  1.9000e+01     2.595784e+02
  1.9200e+01     2.591093e+02
  1.9400e+01     2.586470e+02
  1.9600e+01     2.581915e+02
  1.9800e+01     2.577426e+02
  2.0000e+01     2.573005e+02
  2.0200e+01     2.568650e+02
  2.0400e+01     2.564361e+02
  2.0600e+01     2.560138e+02
  2.0800e+01     2.555981e+02
  2.1000e+01     2.551889e+02
  2.1200e+01     2.546890e+02
  2.1400e+01     2.541905e+02
  2.1600e+01     2.537042e+02
  2.1800e+01     2.532302e+02
  2.2000e+01     2.527683e+02
  2.2200e+01     2.523185e+02
  2.2400e+01     2.518808e+02
  2.2600e+01     2.514549e+02
  2.2800e+01     2.510409e+02
  2.3000e+01     2.506386e+02
  2.3200e+01     2.502481e+02
  2.3400e+01     2.498692e+02
  2.3600e+01     2.495019e+02
  2.3800e+01     2.491461e+02
  2.4000e+01     2.488017e+02
  2.4200e+01     2.484688e+02
  2.4400e+01     2.481471e+02
  2.4600e+01     2.478367e+02
  2.4800e+01     2.475376e+02
  2.5000e+01     2.472496e+02
  2.5200e+01     2.469726e+02
  2.5400e+01     2.467068e+02
  2.5600e+01     2.464519e+02
  2.5800e+01     2.462080e+02
  2.6000e+01     2.459749e+02
  2.6200e+01     2.457528e+02
  2.6400e+01     2.455414e+02
  2.6600e+01     2.453408e+02
  2.6800e+01     2.451509e+02
  2.7000e+01     2.449717e+02
  2.7200e+01     2.448031e+02
  2.7400e+01     2.446451e+02
  2.7600e+01     2.444977e+02
  2.7800e+01     2.443608e+02
  2.8000e+01     2.442343e+02
  2.8200e+01     2.441184e+02
  2.8400e+01     2.440128e+02
  2.8600e+01     2.439177e+02
  2.8800e+01     2.438329e+02
  2.9000e+01     2.437584e+02
  2.9200e+01     2.436943e+02
  2.9400e+01     2.436404e+02
  2.9600e+01     2.435968e+02
  2.9800e+01     2.435634e+02
  3.0000e+01     2.435403e+02
  3.0200e+01     2.435273e+02
  3.0400e+01     2.435244e+02
  3.0600e+01     2.435318e+02
  3.0800e+01     2.435492e+02
  3.1000e+01     2.435768e+02
  3.1200e+01     2.436145e+02
  3.1400e+01     2.436622e+02
  3.1600e+01     2.437200e+02
  3.1800e+01     2.437879e+02
  3.2000e+01     2.438659e+02
  3.2200e+01     2.439538e+02
  3.2400e+01     2.440518e+02
  3.2600e+01     2.441599e+02
  3.2800e+01     2.442779e+02
  3.3000e+01     2.444060e+02
  3.3200e+01     2.445440e+02
  3.3400e+01     2.446921e+02
  3.3600e+01     2.448502e+02
  3.3800e+01     2.450183e+02
  3.4000e+01     2.451963e+02
  3.4200e+01     2.453844e+02
  3.4400e+01     2.455825e+02
  3.4600e+01     2.457906e+02
  3.4800e+01     2.460088e+02
  3.5000e+01     2.462369e+02
  3.5200e+01     2.464751e+02
  3.5400e+01     2.467233e+02
  3.5600e+01     2.469816e+02
  3.5800e+01     2.472499e+02
  3.6000e+01     2.475283e+02
  3.6200e+01     2.478167e+02
  3.6400e+01     2.481153e+02
  3.6600e+01     2.484240e+02
  3.6800e+01     2.487427e+02
  3.7000e+01     2.490717e+02
  3.7200e+01     2.494108e+02
  3.7400e+01     2.497600e+02
  3.7600e+01     2.501195e+02
  3.7800e+01     2.504892e+02
  3.8000e+01     2.508691e+02
  3.8200e+01     2.512593e+02
  3.8400e+01     2.516597e+02
  3.8600e+01     2.520705e+02
  3.8800e+01     2.524916e+02
  3.9000e+01     2.529231e+02
  3.9200e+01     2.533650e+02
  3.9400e+01     2.538173e+02
  3.9600e+01     2.542800e+02
  3.9800e+01     2.547532e+02
  4.0000e+01     2.552370e+02
  4.0200e+01     2.557313e+02
  4.0400e+01     2.562361e+02
  4.0600e+01     2.567516e+02
  4.0800e+01     2.572777e+02
  4.1000e+01     2.578146e+02
  4.1200e+01     2.583621e+02
  4.1400e+01     2.589205e+02
  4.1600e+01     2.594896e+02
  4.1800e+01     2.600696e+02
  4.2000e+01     2.606605e+02
  4.2200e+01     2.612623e+02
  4.2400e+01     2.618751e+02
  4.2600e+01     2.624989e+02
  4.2800e+01     2.631339e+02
  4.3000e+01     2.637799e+02
  4.3200e+01     2.644371e+02
  4.3400e+01     2.651055e+02
  4.3600e+01     2.657853e+02
  4.3800e+01     2.664763e+02
  4.4000e+01     2.671787e+02
  4.4200e+01     2.678926e+02
  4.4400e+01     2.686179e+02
  4.4600e+01     2.693548e+02
  4.4800e+01     2.701033e+02
  4.5000e+01     2.708635e+02
  4.5200e+01     2.716354e+02
  4.5400e+01     2.724191e+02
  4.5600e+01     2.732146e+02
  4.5800e+01     2.740220e+02
  4.6000e+01     2.748415e+02
  4.6200e+01     2.756729e+02
  4.6400e+01     2.765165e+02
  4.6600e+01     2.773722e+02
  4.6800e+01     2.782402e+02
  4.7000e+01     2.791205e+02
  4.7200e+01     2.800132e+02
  4.7400e+01     2.809183e+02
  4.7600e+01     2.818360e+02
  4.7800e+01     2.827663e+02
  4.8000e+01     2.837092e+02
  4.8200e+01     2.846650e+02
  4.8400e+01     2.856335e+02
  4.8600e+01     2.866150e+02
  4.8800e+01     2.876095e+02
  4.9000e+01     2.886170e+02
  4.9200e+01     2.896377e+02
  4.9400e+01     2.906717e+02
  4.9600e+01     2.917190e+02
  4.9800e+01     2.927797e+02
  5.0000e+01     2.938539e+02
  5.0200e+01     2.949417e+02
  5.0400e+01     2.960431e+02
  5.0600e+01     2.971584e+02
  5.0800e+01     2.982875e+02
  5.1000e+01     2.994306e+02
  5.1200e+01     3.005877e+02
  5.1400e+01     3.017589e+02
  5.1600e+01     3.029445e+02
  5.1800e+01     3.041443e+02
  5.2000e+01     3.053586e+02
  5.2200e+01     3.065875e+02
  5.2400e+01     3.078310e+02
  5.2600e+01     3.090892e+02
  5.2800e+01     3.103623e+02
  5.3000e+01     3.116504e+02
  5.3200e+01     3.129535e+02
  5.3400e+01     3.142718e+02
  5.3600e+01     3.156054e+02
  5.3800e+01     3.169544e+02
  5.4000e+01     3.183189e+02
  5.4200e+01     3.196990e+02
  5.4400e+01     3.210949e+02
  5.4600e+01     3.225066e+02
  5.4800e+01     3.239342e+02
  5.5000e+01     3.253780e+02
  5.5200e+01     3.268380e+02
  5.5400e+01     3.283143e+02
  5.5600e+01     3.298071e+02
  5.5800e+01     3.313164e+02
  5.6000e+01     3.328425e+02
  5.6200e+01     3.343853e+02
  5.6400e+01     3.359452e+02
  5.6600e+01     3.375221e+02
  5.6800e+01     3.391162e+02
  5.7000e+01     3.407277e+02
  5.7200e+01     3.423567e+02
  5.7400e+01     3.440033e+02
  5.7600e+01     3.456677e+02
  5.7800e+01     3.473499e+02
  5.8000e+01     3.490502e+02
  5.8200e+01     3.507686e+02
  5.8400e+01     3.525054e+02
  5.8600e+01     3.542606e+02
  5.8800e+01     3.560345e+02
  5.9000e+01     3.578270e+02
  5.9200e+01     3.596385e+02
  5.9400e+01     3.614690e+02
  5.9600e+01     3.633187e+02
  5.9800e+01     3.651878e+02
  6.0000e+01     3.670763e+02
  6.0200e+01     3.689845e+02
  6.0400e+01     3.709125e+02
  6.0600e+01     3.728605e+02
  6.0800e+01     3.748286e+02
  6.1000e+01     3.768170e+02
  6.1200e+01     3.788258e+02
  6.1400e+01     3.808552e+02
  6.1600e+01     3.829054e+02
  6.1800e+01     3.849766e+02
  6.2000e+01     3.870688e+02
  6.2200e+01     3.891823e+02
  6.2400e+01     3.913173e+02
  6.2600e+01     3.934739e+02
  6.2800e+01     3.956522e+02
  6.3000e+01     3.978525e+02
  6.3200e+01     4.000750e+02
  6.3400e+01     4.023198e+02
  6.3600e+01     4.045870e+02
  6.3800e+01     4.068770e+02
  6.4000e+01     4.091897e+02
  6.4200e+01     4.115255e+02
  6.4400e+01     4.138846e+02
  6.4600e+01     4.162670e+02
  6.4800e+01     4.186730e+02
  6.5000e+01     4.211028e+02
  6.5200e+01     4.235566e+02
  6.5400e+01     4.260345e+02
  6.5600e+01     4.285367e+02
  6.5800e+01     4.310636e+02
  6.6000e+01     4.336151e+02
  6.6200e+01     4.361916e+02
  6.6400e+01     4.387932e+02
  6.6600e+01     4.414201e+02
  6.6800e+01     4.440725e+02
  6.7000e+01     4.467507e+02
  6.7200e+01     4.494548e+02
  6.7400e+01     4.521850e+02
  6.7600e+01     4.549416e+02
  6.7800e+01     4.577247e+02
  6.8000e+01     4.605346e+02
  6.8200e+01     4.633714e+02
  6.8400e+01     4.662354e+02
  6.8600e+01     4.691268e+02
  6.8800e+01     4.720458e+02
  6.9000e+01     4.749925e+02
  6.9200e+01     4.779673e+02
  6.9400e+01     4.809703e+02
  6.9600e+01     4.840018e+02
  6.9800e+01     4.870619e+02
  7.0000e+01     4.901510e+02
  7.0200e+01     4.932691e+02
  7.0400e+01     4.964165e+02
  7.0600e+01     4.995935e+02
  7.0800e+01     5.028003e+02
  7.1000e+01     5.060370e+02
  7.1200e+01     5.093040e+02
  7.1400e+01     5.126014e+02
  7.1600e+01     5.159295e+02
  7.1800e+01     5.192884e+02
  7.2000e+01     5.226785e+02
  7.2200e+01     5.260999e+02
  7.2400e+01     5.295529e+02
  7.2600e+01     5.330378e+02
  7.2800e+01     5.365546e+02
  7.3000e+01     5.401037e+02
  7.3200e+01     5.436853e+02
  7.3400e+01     5.472996e+02
  7.3600e+01     5.509469e+02
  7.3800e+01     5.546274e+02
  7.4000e+01     5.583413e+02
  7.4200e+01     5.620889e+02
  7.4400e+01     5.658704e+02
  7.4600e+01     5.696859e+02
  7.4800e+01     5.735359e+02
  7.5000e+01     5.774204e+02
  7.5200e+01     5.813398e+02
  7.5400e+01     5.852942e+02
  7.5600e+01     5.892839e+02
  7.5800e+01     5.933092e+02
  7.6000e+01     5.973702e+02
  7.6200e+01     6.014672e+02
  7.6400e+01     6.056005e+02
  7.6600e+01     6.097702e+02
  7.6800e+01     6.139766e+02
  7.7000e+01     6.182200e+02
  7.7200e+01     6.225005e+02
  7.7400e+01     6.268184e+02
  7.7600e+01     6.311739e+02
  7.7800e+01     6.355673e+02
  7.8000e+01     6.399987e+02
  7.8200e+01     6.444685e+02
  7.8400e+01     6.489768e+02
  7.8600e+01     6.535239e+02
  7.8800e+01     6.581100e+02
  7.9000e+01     6.627353e+02
  7.9200e+01     6.674000e+02
  7.9400e+01     6.721044e+02
  7.9600e+01     6.768487e+02
  7.9800e+01     6.816331e+02
  8.0000e+01     6.864578e+02
  8.0200e+01     6.913230e+02
  8.0400e+01     6.962290e+02
  8.0600e+01     7.011759e+02
  8.0800e+01     7.061640e+02
  8.1000e+01     7.111935e+02
  8.1200e+01     7.162645e+02
  8.1400e+01     7.213774e+02
  8.1600e+01     7.265322e+02
  8.1800e+01     7.317292e+02
  8.2000e+01     7.369686e+02
  8.2200e+01     7.422505e+02
  8.2400e+01     7.475752e+02
  8.2600e+01     7.529428e+02
  8.2800e+01     7.583536e+02
  8.3000e+01     7.638077e+02
  8.3200e+01     7.693052e+02
  8.3400e+01     7.748464e+02
  8.3600e+01     7.804315e+02
  8.3800e+01     7.860605e+02
  8.4000e+01     7.917336e+02
  8.4200e+01     7.974511e+02
  8.4400e+01     8.032131e+02
  8.4600e+01     8.090196e+02
  8.4800e+01     8.148709e+02
  8.5000e+01     8.207671e+02
  8.5200e+01     8.267083e+02
  8.5400e+01     8.326947e+02
  8.5600e+01     8.387263e+02
  8.5800e+01     8.448034e+02
  8.6000e+01     8.509259e+02
  8.6200e+01     8.570941e+02
  8.6400e+01     8.633080e+02
  8.6600e+01     8.695677e+02
  8.6800e+01     8.758734e+02
  8.7000e+01     8.822250e+02
  8.7200e+01     8.886226e+02
  8.7400e+01     8.950664e+02
  8.7600e+01     9.015564e+02
  8.7800e+01     9.080927e+02
  8.8000e+01     9.146752e+02
  8.8200e+01     9.213041e+02
  8.8400e+01     9.279794e+02
  8.8600e+01     9.347011e+02
  8.8800e+01     9.414692e+02
  8.9000e+01     9.482837e+02
  8.9200e+01     9.551446e+02
  8.9400e+01     9.620520e+02
  8.9600e+01     9.690057e+02
  8.9800e+01     9.760058e+02
  9.0000e+01     9.830523e+02
  9.0200e+01     9.901451e+02
  9.0400e+01     9.972841e+02
  9.0600e+01     1.004469e+03
  9.0800e+01     1.011700e+03
  9.1000e+01     1.018977e+03
  9.1200e+01     1.026301e+03
  9.1400e+01     1.033669e+03
  9.1600e+01     1.041084e+03
  9.1800e+01     1.048544e+03
  9.2000e+01     1.056050e+03
  9.2200e+01     1.063601e+03
  9.2400e+01     1.071197e+03
  9.2600e+01     1.078838e+03
  9.2800e+01     1.086523e+03
  9.3000e+01     1.094254e+03
  9.3200e+01     1.102028e+03
  9.3400e+01     1.109847e+03
  9.3600e+01     1.117709e+03
  9.3800e+01     1.125615e+03
  9.4000e+01     1.133564e+03
  9.4200e+01     1.141557e+03
  9.4400e+01     1.149592e+03
  9.4600e+01     1.157669e+03
  9.4800e+01     1.165789e+03
  9.5000e+01     1.173950e+03
  9.5200e+01     1.182152e+03
  9.5400e+01     1.190396e+03
  9.5600e+01     1.198680e+03
  9.5800e+01     1.207005e+03
  9.6000e+01     1.215369e+03
  9.6200e+01     1.223773e+03
  9.6400e+01     1.232215e+03
  9.6600e+01     1.240696e+03
  9.6800e+01     1.249215e+03
  9.7000e+01     1.257771e+03
  9.7200e+01     1.266364e+03
  9.7400e+01     1.274993e+03
  9.7600e+01     1.283659e+03
  9.7800e+01     1.292359e+03
  9.8000e+01     1.301094e+03
  9.8200e+01     1.309863e+03
  9.8400e+01     1.318665e+03
  9.8600e+01     1.327500e+03
  9.8800e+01     1.336367e+03
  9.9000e+01     1.345266e+03
  9.9200e+01     1.354195e+03
  9.9400e+01     1.363154e+03
  9.9600e+01     1.372141e+03
  9.9800e+01     1.381158e+03
  1.0000e+02     1.390202e+03
  1.0020e+02     1.399272e+03
  1.0040e+02     1.408368e+03
  1.0060e+02     1.417490e+03
  1.0080e+02     1.426636e+03
  1.0100e+02     1.435804e+03
  1.0120e+02     1.444996e+03
  1.0140e+02     1.454208e+03
  1.0160e+02     1.463441e+03
  1.0180e+02     1.472693e+03
  1.0200e+02     1.481964e+03
  1.0220e+02     1.491253e+03
  1.0240e+02     1.500557e+03
  1.0260e+02     1.509877e+03
  1.0280e+02     1.519211e+03
  1.0300e+02     1.528558e+03
  1.0320e+02     1.537917e+03
  1.0340e+02     1.547287e+03
  1.0360e+02     1.556666e+03
  1.0380e+02     1.566054e+03
  1.0400e+02     1.575448e+03
  1.0420e+02     1.584849e+03
  1.0440e+02     1.594254e+03
  1.0460e+02     1.603663e+03
  1.0480e+02     1.613074e+03
  1.0500e+02     1.622485e+03
  1.0520e+02     1.631896e+03
  1.0540e+02     1.641304e+03
  1.0560e+02     1.650709e+03
  1.0580e+02     1.660109e+03
  1.0600e+02     1.669503e+03
  1.0620e+02     1.678889e+03
  1.0640e+02     1.688266e+03
  1.0660e+02     1.697632e+03
  1.0680e+02     1.706985e+03
  1.0700e+02     1.716325e+03
  1.0720e+02     1.725649e+03
  1.0740e+02     1.734957e+03
  1.0760e+02     1.744245e+03
  1.0780e+02     1.753513e+03
  1.0800e+02     1.762760e+03
  1.0820e+02     1.771983e+03
  1.0840e+02     1.781180e+03
  1.0860e+02     1.790351e+03
  1.0880e+02     1.799493e+03
  1.0900e+02     1.808605e+03
  1.0920e+02     1.817684e+03
  1.0940e+02     1.826730e+03
  1.0960e+02     1.835740e+03
  1.0980e+02     1.844712e+03
  1.1000e+02     1.853645e+03
  1.1020e+02     1.862537e+03
  1.1040e+02     1.871386e+03
  1.1060e+02     1.880190e+03
  1.1080e+02     1.888948e+03
  1.1100e+02     1.897657e+03
  1.1120e+02     1.906316e+03
  1.1140e+02     1.914922e+03
  1.1160e+02     1.923474e+03
  1.1180e+02     1.931970e+03
  1.1200e+02     1.940408e+03
  1.1220e+02     1.948786e+03
  1.1240e+02     1.957103e+03
  1.1260e+02     1.965355e+03
  1.1280e+02     1.973541e+03
  1.1300e+02     1.981660e+03
  1.1320e+02     1.989709e+03
  1.1340e+02     1.997687e+03
  1.1360e+02     2.005590e+03
  1.1380e+02     2.013419e+03
  1.1400e+02     2.021169e+03
  1.1420e+02     2.028840e+03
  1.1440e+02     2.036430e+03
  1.1460e+02     2.043936e+03
  1.1480e+02     2.051357e+03
  1.1500e+02     2.058691e+03
  1.1520e+02     2.065935e+03
  1.1540e+02     2.073088e+03
  1.1560e+02     2.080148e+03
  1.1580e+02     2.087113e+03
  1.1600e+02     2.093981e+03
  1.1620e+02     2.100749e+03
  1.1640e+02     2.107418e+03
  1.1660e+02     2.113983e+03
  1.1680e+02     2.120444e+03
  1.1700e+02     2.126799e+03
  1.1720e+02     2.133045e+03
  1.1740e+02     2.139181e+03
  1.1760e+02     2.145206e+03
  1.1780e+02     2.151117e+03
  1.1800e+02     2.156912e+03
  1.1820e+02     2.162590e+03
  1.1840e+02     2.168149e+03
  1.1860e+02     2.173588e+03
  1.1880e+02     2.178904e+03
  1.1900e+02     2.184097e+03
  1.1920e+02     2.189164e+03
  1.1940e+02     2.194104e+03
  1.1960e+02     2.198915e+03
  1.1980e+02     2.203595e+03
  1.2000e+02     2.208144e+03
  1.2020e+02     2.212560e+03
  1.2040e+02     2.216840e+03
  1.2060e+02     2.220985e+03
  1.2080e+02     2.224992e+03
  1.2100e+02     2.228860e+03
  1.2120e+02     2.232588e+03
  1.2140e+02     2.236175e+03
  1.2160e+02     2.239618e+03
  1.2180e+02     2.242918e+03
  1.2200e+02     2.246072e+03
  1.2220e+02     2.249081e+03
  1.2240e+02     2.251942e+03
  1.2260e+02     2.254654e+03
  1.2280e+02     2.257217e+03
  1.2300e+02     2.259630e+03
  1.2320e+02     2.261891e+03
  1.2340e+02     2.264001e+03
  1.2360e+02     2.265957e+03
  1.2380e+02     2.267760e+03
  1.2400e+02     2.269408e+03
  1.2420e+02     2.270901e+03
  1.2440e+02     2.272239e+03
  1.2460e+02     2.273420e+03
  1.2480e+02     2.274444e+03
  1.2500e+02     2.275310e+03
  1.2520e+02     2.276019e+03
  1.2540e+02     2.276570e+03
  1.2560e+02     2.276962e+03
  1.2580e+02     2.277196e+03
  1.2600e+02     2.277270e+03
  1.2620e+02     2.277185e+03
  1.2640e+02     2.276941e+03
  1.2660e+02     2.276537e+03
  1.2680e+02     2.275974e+03
  1.2700e+02     2.275252e+03
  1.2720e+02     2.274370e+03
  1.2740e+02     2.273329e+03
  1.2760e+02     2.272129e+03
  1.2780e+02     2.270770e+03
  1.2800e+02     2.269253e+03
  1.2820e+02     2.267578e+03
  1.2840e+02     2.265745e+03
  1.2860e+02     2.263755e+03
  1.2880e+02     2.261608e+03
  1.2900e+02     2.259305e+03
  1.2920e+02     2.256847e+03
  1.2940e+02     2.254234e+03
  1.2960e+02     2.251466e+03
  1.2980e+02     2.248545e+03
  1.3000e+02     2.245472e+03
  1.3020e+02     2.242247e+03
  1.3040e+02     2.238871e+03
  1.3060e+02     2.235345e+03
  1.3080e+02     2.231671e+03
  1.3100e+02     2.227848e+03
  1.3120e+02     2.223879e+03
  1.3140e+02     2.219765e+03
  1.3160e+02     2.215506e+03
  1.3180e+02     2.211105e+03
  1.3200e+02     2.206561e+03
  1.3220e+02     2.201878e+03
  1.3240e+02     2.197055e+03
  1.3260e+02     2.192095e+03
  1.3280e+02     2.186998e+03
  1.3300e+02     2.181767e+03
  1.3320e+02     2.176403e+03
  1.3340e+02     2.170907e+03
  1.3360e+02     2.165281e+03
  1.3380e+02     2.159528e+03
  1.3400e+02     2.153647e+03
  1.3420e+02     2.147642e+03
  1.3440e+02     2.141514e+03
  1.3460e+02     2.135264e+03
  1.3480e+02     2.128895e+03
  1.3500e+02     2.122408e+03
  1.3520e+02     2.115806e+03
  1.3540e+02     2.109089e+03
  1.3560e+02     2.102261e+03
  1.3580e+02     2.095323e+03
  1.3600e+02     2.088276e+03
  1.3620e+02     2.081124e+03
  1.3640e+02     2.073868e+03
  1.3660e+02     2.066509e+03
  1.3680e+02     2.059051e+03
  1.3700e+02     2.051495e+03
  1.3720e+02     2.043843e+03
  1.3740e+02     2.036098e+03
  1.3760e+02     2.028261e+03
  1.3780e+02     2.020335e+03
  1.3800e+02     2.012322e+03
  1.3820e+02     2.004223e+03
  1.3840e+02     1.996042e+03
  1.3860e+02     1.987780e+03
  1.3880e+02     1.979439e+03
  1.3900e+02     1.971022e+03
  1.3920e+02     1.962531e+03
  1.3940e+02     1.953968e+03
  1.3960e+02     1.945335e+03
  1.3980e+02     1.936635e+03
  1.4000e+02     1.927869e+03
  1.4020e+02     1.919040e+03
  1.4040e+02     1.910150e+03
  1.4060e+02     1.901201e+03
  1.4080e+02     1.892196e+03
  1.4100e+02     1.883136e+03
  1.4120e+02     1.874024e+03
  1.4140e+02     1.864862e+03
  1.4160e+02     1.855652e+03
  1.4180e+02     1.846396e+03
  1.4200e+02     1.837097e+03
  1.4220e+02     1.827756e+03
  1.4240e+02     1.818376e+03
  1.4260e+02     1.808958e+03
  1.4280e+02     1.799506e+03
  1.4300e+02     1.790020e+03
  1.4320e+02     1.780503e+03
  1.4340e+02     1.770957e+03
  1.4360e+02     1.761384e+03
  1.4380e+02     1.751786e+03
  1.4400e+02     1.742165e+03
  1.4420e+02     1.732523e+03
  1.4440e+02     1.722862e+03
  1.4460e+02     1.713183e+03
  1.4480e+02     1.703490e+03
  1.4500e+02     1.693783e+03
  1.4520e+02     1.684064e+03
  1.4540e+02     1.674336e+03
  1.4560e+02     1.664600e+03
  1.4580e+02     1.654858e+03
  1.4600e+02     1.645112e+03
  1.4620e+02     1.635363e+03
  1.4640e+02     1.625613e+03
  1.4660e+02     1.615864e+03
  1.4680e+02     1.606118e+03
  1.4700e+02     1.596375e+03
  1.4720e+02     1.586639e+03
  1.4740e+02     1.576910e+03
  1.4760e+02     1.567189e+03
  1.4780e+02     1.557480e+03
  1.4800e+02     1.547782e+03
  1.4820e+02     1.538097e+03
  1.4840e+02     1.528428e+03
  1.4860e+02     1.518774e+03
  1.4880e+02     1.509139e+03
  1.4900e+02     1.499522e+03
  1.4920e+02     1.489926e+03
  1.4940e+02     1.480352e+03
  1.4960e+02     1.470800e+03
  1.4980e+02     1.461273e+03
  1.5000e+02     1.451771e+03
  1.5020e+02     1.442295e+03
  1.5040e+02     1.432848e+03
  1.5060e+02     1.423429e+03
  1.5080e+02     1.414041e+03
  1.5100e+02     1.404684e+03
  1.5120e+02     1.395358e+03
  1.5140e+02     1.386066e+03
  1.5160e+02     1.376809e+03
  1.5180e+02     1.367586e+03
  1.5200e+02     1.358399e+03
  1.5220e+02     1.349250e+03
  1.5240e+02     1.340138e+03
  1.5260e+02     1.331065e+03
  1.5280e+02     1.322032e+03
  1.5300e+02     1.313039e+03
  1.5320e+02     1.304087e+03
  1.5340e+02     1.295178e+03
  1.5360e+02     1.286310e+03
  1.5380e+02     1.277487e+03
  1.5400e+02     1.268707e+03
  1.5420e+02     1.259972e+03
  1.5440e+02     1.251282e+03
  1.5460e+02     1.242638e+03
  1.5480e+02     1.234041e+03
  1.5500e+02     1.225491e+03
  1.5520e+02     1.216988e+03
  1.5540e+02     1.208534e+03
  1.5560e+02     1.200128e+03
  1.5580e+02     1.191771e+03
  1.5600e+02     1.183464e+03
  1.5620e+02     1.175206e+03
  1.5640e+02     1.166999e+03
  1.5660e+02     1.158843e+03
  1.5680e+02     1.150738e+03
  1.5700e+02     1.142684e+03
  1.5720e+02     1.134681e+03
  1.5740e+02     1.126731e+03
  1.5760e+02     1.118833e+03
  1.5780e+02     1.110988e+03
  1.5800e+02     1.103195e+03
  1.5820e+02     1.095456e+03
  1.5840e+02     1.087769e+03
  1.5860e+02     1.080136e+03
  1.5880e+02     1.072557e+03
  1.5900e+02     1.065032e+03
  1.5920e+02     1.057560e+03
  1.5940e+02     1.050142e+03
  1.5960e+02     1.042778e+03
  1.5980e+02     1.035469e+03
  1.6000e+02     1.028214e+03
  1.6020e+02     1.021013e+03
  1.6040e+02     1.013866e+03
  1.6060e+02     1.006774e+03
  1.6080e+02     9.997371e+02
  1.6100e+02     9.927539e+02
  1.6120e+02     9.858251e+02
  1.6140e+02     9.789508e+02
  1.6160e+02     9.721309e+02
  1.6180e+02     9.653653e+02
  1.6200e+02     9.586540e+02
  1.6220e+02     9.519969e+02
  1.6240e+02     9.453940e+02
  1.6260e+02     9.388452e+02
  1.6280e+02     9.323503e+02
  1.6300e+02     9.259094e+02
  1.6320e+02     9.195221e+02
  1.6340e+02     9.131885e+02
  1.6360e+02     9.069084e+02
  1.6380e+02     9.006817e+02
  1.6400e+02     8.945081e+02
  1.6420e+02     8.883876e+02
  1.6440e+02     8.823200e+02
  1.6460e+02     8.763051e+02
  1.6480e+02     8.703427e+02
  1.6500e+02     8.644327e+02
  1.6520e+02     8.585748e+02
  1.6540e+02     8.527688e+02
  1.6560e+02     8.470146e+02
  1.6580e+02     8.413118e+02
  1.6600e+02     8.356604e+02
  1.6620e+02     8.300601e+02
  1.6640e+02     8.245105e+02
  1.6660e+02     8.190116e+02
  1.6680e+02     8.135631e+02
  1.6700e+02     8.081647e+02
  1.6720e+02     8.028161e+02
  1.6740e+02     7.975172e+02
  1.6760e+02     7.922676e+02
  1.6780e+02     7.870672e+02
  1.6800e+02     7.819155e+02
  1.6820e+02     7.768124e+02
  1.6840e+02     7.717576e+02
  1.6860e+02     7.667509e+02
  1.6880e+02     7.617918e+02
  1.6900e+02     7.568803e+02
  1.6920e+02     7.520158e+02
  1.6940e+02     7.471983e+02
  1.6960e+02     7.424274e+02
  1.6980e+02     7.377028e+02
  1.7000e+02     7.330242e+02
  1.7020e+02     7.283914e+02
  1.7040e+02     7.238039e+02
  1.7060e+02     7.192616e+02
  1.7080e+02     7.147642e+02
  1.7100e+02     7.103112e+02
  1.7120e+02     7.059025e+02
  1.7140e+02     7.015378e+02
  1.7160e+02     6.972167e+02
  1.7180e+02     6.929389e+02
  1.7200e+02     6.887041e+02
  1.7220e+02     6.845121e+02
  1.7240e+02     6.803624e+02
  1.7260e+02     6.762549e+02
  1.7280e+02     6.721892e+02
  1.7300e+02     6.681650e+02
  1.7320e+02     6.641820e+02
  1.7340e+02     6.602400e+02
  1.7360e+02     6.563385e+02
  1.7380e+02     6.524772e+02
  1.7400e+02     6.486560e+02
  1.7420e+02     6.448745e+02
  1.7440e+02     6.411323e+02
  1.7460e+02     6.374292e+02
  1.7480e+02     6.337649e+02
  1.7500e+02     6.301391e+02
  1.7520e+02     6.265515e+02
  1.7540e+02     6.230017e+02
  1.7560e+02     6.194895e+02
  1.7580e+02     6.160146e+02
  1.7600e+02     6.125767e+02
  1.7620e+02     6.091755e+02
  1.7640e+02     6.058107e+02
  1.7660e+02     6.024820e+02
  1.7680e+02     5.991892e+02
  1.7700e+02     5.959319e+02
  1.7720e+02     5.927098e+02
  1.7740e+02     5.895227e+02
  1.7760e+02     5.863702e+02
  1.7780e+02     5.832522e+02
  1.7800e+02     5.801682e+02
  1.7820e+02     5.771181e+02
  1.7840e+02     5.741016e+02
  1.7860e+02     5.711183e+02
  1.7880e+02     5.681680e+02
  1.7900e+02     5.652505e+02
  1.7920e+02     5.623654e+02
  1.7940e+02     5.595126e+02
  1.7960e+02     5.566916e+02
  1.7980e+02     5.539023e+02
  1.8000e+02     5.511444e+02
  1.8020e+02     5.484176e+02
  1.8040e+02     5.457217e+02
  1.8060e+02     5.430564e+02
  1.8080e+02     5.404215e+02
  1.8100e+02     5.378167e+02
  1.8120e+02     5.352417e+02
  1.8140e+02     5.326963e+02
  1.8160e+02     5.301803e+02
  1.8180e+02     5.276934e+02
  1.8200e+02     5.252353e+02
  1.8220e+02     5.228059e+02
  1.8240e+02     5.204049e+02
  1.8260e+02     5.180320e+02
  1.8280e+02     5.156870e+02
  1.8300e+02     5.133697e+02
  1.8320e+02     5.110798e+02
  1.8340e+02     5.088172e+02
  1.8360e+02     5.065815e+02
  1.8380e+02     5.043726e+02
  1.8400e+02     5.021903e+02
  1.8420e+02     5.000342e+02
  1.8440e+02     4.979043e+02
  1.8460e+02     4.958002e+02
  1.8480e+02     4.937219e+02
  1.8500e+02     4.916689e+02
  1.8520e+02     4.896412e+02
  1.8540e+02     4.876386e+02
  1.8560e+02     4.856608e+02
  1.8580e+02     4.837076e+02
  1.8600e+02     4.817789e+02
  1.8620e+02     4.798743e+02
  1.8640e+02     4.779938e+02
  1.8660e+02     4.761372e+02
  1.8680e+02     4.743041e+02
  1.8700e+02     4.724946e+02
  1.8720e+02     4.707082e+02
  1.8740e+02     4.689450e+02
  1.8760e+02     4.672046e+02
  1.8780e+02     4.654870e+02
  1.8800e+02     4.637918e+02
  1.8820e+02     4.621191e+02
  1.8840e+02     4.604684e+02
  1.8860e+02     4.588398e+02
  1.8880e+02     4.572330e+02
  1.8900e+02     4.556478e+02
  1.8920e+02     4.540841e+02
  1.8940e+02     4.525417e+02
  1.8960e+02     4.510205e+02
  1.8980e+02     4.495203e+02
  1.9000e+02     4.480408e+02
  1.9020e+02     4.465821e+02
  1.9040e+02     4.451438e+02
  1.9060e+02     4.437259e+02
  1.9080e+02     4.423282e+02
  1.9100e+02     4.409505e+02
  1.9120e+02     4.395928e+02
  1.9140e+02     4.382547e+02
  1.9160e+02     4.369363e+02
  1.9180e+02     4.356374e+02
  1.9200e+02     4.343577e+02
  1.9220e+02     4.330973e+02
  1.9240e+02     4.318559e+02
  1.9260e+02     4.306333e+02
  1.9280e+02     4.294296e+02
  1.9300e+02     4.282445e+02
  1.9320e+02     4.270779e+02
  1.9340e+02     4.259296e+02
  1.9360e+02     4.247996e+02
  1.9380e+02     4.236878e+02
  1.9400e+02     4.225939e+02
  1.9420e+02     4.215179e+02
  1.9440e+02     4.204597e+02
  1.9460e+02     4.194191e+02
  1.9480e+02     4.183960e+02
  1.9500e+02     4.173903e+02
  1.9520e+02     4.164019e+02
  1.9540e+02     4.154307e+02
  1.9560e+02     4.144766e+02
  1.9580e+02     4.135394e+02
  1.9600e+02     4.126191e+02
  1.9620e+02     4.117155e+02
  1.9640e+02     4.108286e+02
  1.9660e+02     4.099582e+02
  1.9680e+02     4.091042e+02
  1.9700e+02     4.082666e+02
  1.9720e+02     4.074452e+02
  1.9740e+02     4.066400e+02
  1.9760e+02     4.058509e+02
  1.9780e+02     4.050777e+02
  1.9800e+02     4.043203e+02
  1.9820e+02     4.035788e+02
  1.9840e+02     4.028529e+02
  1.9860e+02     4.021427e+02
  1.9880e+02     4.014479e+02
  1.9900e+02     4.007686e+02
  1.9920e+02     4.001047e+02
  1.9940e+02     3.994560e+02
  1.9960e+02     3.988226e+02
  1.9980e+02     3.982042e+02
  2.0000e+02     3.976009e+02
  2.0020e+02     3.970126e+02
  2.0040e+02     3.964391e+02
  2.0060e+02     3.958805e+02
  2.0080e+02     3.953366e+02
  2.0100e+02     3.948074e+02
  2.0120e+02     3.942928e+02
  2.0140e+02     3.937928e+02
  2.0160e+02     3.933072e+02
  2.0180e+02     3.928360e+02
  2.0200e+02     3.923792e+02
  2.0220e+02     3.919367e+02
  2.0240e+02     3.915085e+02
  2.0260e+02     3.910943e+02
  2.0280e+02     3.906944e+02
  2.0300e+02     3.903084e+02
  2.0320e+02     3.899365e+02
  2.0340e+02     3.895785e+02
  2.0360e+02     3.892345e+02
  2.0380e+02     3.889042e+02
  2.0400e+02     3.885878e+02
  2.0420e+02     3.882851e+02
  2.0440e+02     3.879962e+02
  2.0460e+02     3.877208e+02
  2.0480e+02     3.874591e+02
  2.0500e+02     3.872110e+02
  2.0520e+02     3.869764e+02
  2.0540e+02     3.867552e+02
  2.0560e+02     3.865476e+02
  2.0580e+02     3.863533e+02
  2.0600e+02     3.861724e+02
  2.0620e+02     3.860048e+02
  2.0640e+02     3.858505e+02
  2.0660e+02     3.857095e+02
  2.0680e+02     3.855817e+02
  2.0700e+02     3.854671e+02
  2.0720e+02     3.853657e+02
  2.0740e+02     3.852774e+02
  2.0760e+02     3.852022e+02
  2.0780e+02     3.851401e+02
  2.0800e+02     3.850910e+02
  2.0820e+02     3.850550e+02
  2.0840e+02     3.850320e+02
  2.0860e+02     3.850220e+02
  2.0880e+02     3.850249e+02
  2.0900e+02     3.850408e+02
  2.0920e+02     3.850696e+02
  2.0940e+02     3.851113e+02
  2.0960e+02     3.851658e+02
  2.0980e+02     3.852333e+02
  2.1000e+02     3.853136e+02
  2.1020e+02     3.854067e+02
  2.1040e+02     3.855127e+02
  2.1060e+02     3.856315e+02
  2.1080e+02     3.857630e+02
  2.1100e+02     3.859074e+02
  2.1120e+02     3.860646e+02
  2.1140e+02     3.862345e+02
  2.1160e+02     3.864172e+02
  2.1180e+02     3.866126e+02
  2.1200e+02     3.868208e+02
  2.1220e+02     3.870418e+02
  2.1240e+02     3.872755e+02
  2.1260e+02     3.875219e+02
  2.1280e+02     3.877811e+02
  2.1300e+02     3.880531e+02
  2.1320e+02     3.883378e+02
  2.1340e+02     3.886352e+02
  2.1360e+02     3.889454e+02
  2.1380e+02     3.892683e+02
  2.1400e+02     3.896040e+02
  2.1420e+02     3.899525e+02
  2.1440e+02     3.903137e+02
  2.1460e+02     3.906877e+02
  2.1480e+02     3.910745e+02
  2.1500e+02     3.914741e+02
  2.1520e+02     3.918865e+02
  2.1540e+02     3.923117e+02
  2.1560e+02     3.927498e+02
  2.1580e+02     3.932007e+02
  2.1600e+02     3.936644e+02
  2.1620e+02     3.941410e+02
  2.1640e+02     3.946305e+02
  2.1660e+02     3.951330e+02
  2.1680e+02     3.956483e+02
  2.1700e+02     3.961766e+02
  2.1720e+02     3.967178e+02
  2.1740e+02     3.972721e+02
  2.1760e+02     3.978393e+02
  2.1780e+02     3.984196e+02
  2.1800e+02     3.990129e+02
  2.1820e+02     3.996192e+02
  2.1840e+02     4.002387e+02
  2.1860e+02     4.008713e+02
  2.1880e+02     4.015171e+02
  2.1900e+02     4.021760e+02
  2.1920e+02     4.028482e+02
  2.1940e+02     4.035336e+02
  2.1960e+02     4.042322e+02
  2.1980e+02     4.049442e+02
  2.2000e+02     4.056695e+02
  2.2020e+02     4.064082e+02
  2.2040e+02     4.071602e+02
  2.2060e+02     4.079257e+02
  2.2080e+02     4.087047e+02
  2.2100e+02     4.094971e+02
  2.2120e+02     4.103031e+02
  2.2140e+02     4.111227e+02
  2.2160e+02     4.119559e+02
  2.2180e+02     4.128028e+02
  2.2200e+02     4.136634e+02
  2.2220e+02     4.145377e+02
  2.2240e+02     4.154258e+02
  2.2260e+02     4.163277e+02
  2.2280e+02     4.172435e+02
  2.2300e+02     4.181732e+02
  2.2320e+02     4.191169e+02
  2.2340e+02     4.200746e+02
  2.2360e+02     4.210463e+02
  2.2380e+02     4.220322e+02
  2.2400e+02     4.230322e+02
  2.2420e+02     4.240464e+02
  2.2440e+02     4.250748e+02
  2.2460e+02     4.261176e+02
  2.2480e+02     4.271747e+02
  2.2500e+02     4.282463e+02
  2.2520e+02     4.293323e+02
  2.2540e+02     4.304328e+02
  2.2560e+02     4.315479e+02
  2.2580e+02     4.326776e+02
  2.2600e+02     4.338221e+02
  2.2620e+02     4.349812e+02
  2.2640e+02     4.361552e+02
  2.2660e+02     4.373440e+02
  2.2680e+02     4.385478e+02
  2.2700e+02     4.397666e+02
  2.2720e+02     4.410004e+02
  2.2740e+02     4.422493e+02
  2.2760e+02     4.435133e+02
  2.2780e+02     4.447927e+02
  2.2800e+02     4.460873e+02
  2.2820e+02     4.473973e+02
  2.2840e+02     4.487227e+02
  2.2860e+02     4.500636e+02
  2.2880e+02     4.514201e+02
  2.2900e+02     4.527922e+02
  2.2920e+02     4.541801e+02
  2.2940e+02     4.555837e+02
  2.2960e+02     4.570031e+02
  2.2980e+02     4.584385e+02
  2.3000e+02     4.598899e+02
  2.3020e+02     4.613573e+02
  2.3040e+02     4.628409e+02
  2.3060e+02     4.643407e+02
  2.3080e+02     4.658567e+02
  2.3100e+02     4.673891e+02
  2.3120e+02     4.689380e+02
  2.3140e+02     4.705034e+02
  2.3160e+02     4.720853e+02
  2.3180e+02     4.736839e+02
  2.3200e+02     4.752993e+02
  2.3220e+02     4.769315e+02
  2.3240e+02     4.785806e+02
  2.3260e+02     4.802467e+02
  2.3280e+02     4.819299e+02
  2.3300e+02     4.836302e+02
  2.3320e+02     4.853477e+02
  2.3340e+02     4.870826e+02
  2.3360e+02     4.888349e+02
  2.3380e+02     4.906046e+02
  2.3400e+02     4.923919e+02
  2.3420e+02     4.941969e+02
  2.3440e+02     4.960196e+02
  2.3460e+02     4.978602e+02
  2.3480e+02     4.997186e+02
  2.3500e+02     5.015951e+02
  2.3520e+02     5.034896e+02
  2.3540e+02     5.054023e+02
  2.3560e+02     5.073333e+02
  2.3580e+02     5.092826e+02
  2.3600e+02     5.112504e+02
  2.3620e+02     5.132367e+02
  2.3640e+02     5.152417e+02
  2.3660e+02     5.172653e+02
  2.3680e+02     5.193078e+02
  2.3700e+02     5.213692e+02
  2.3720e+02     5.234496e+02
  2.3740e+02     5.255490e+02
  2.3760e+02     5.276677e+02
  2.3780e+02     5.298056e+02
  2.3800e+02     5.319629e+02
  2.3820e+02     5.341396e+02
  2.3840e+02     5.363359e+02
  2.3860e+02     5.385519e+02
  2.3880e+02     5.407876e+02
  2.3900e+02     5.430432e+02
  2.3920e+02     5.453187e+02
  2.3940e+02     5.476142e+02
  2.3960e+02     5.499298e+02
  2.3980e+02     5.522657e+02
  2.4000e+02     5.546219e+02
  2.4020e+02     5.569986e+02
  2.4040e+02     5.593957e+02
  2.4060e+02     5.618135e+02
  2.4080e+02     5.642520e+02
  2.4100e+02     5.667113e+02
  2.4120e+02     5.691915e+02
  2.4140e+02     5.716927e+02
  2.4160e+02     5.742150e+02
  2.4180e+02     5.767585e+02
  2.4200e+02     5.793233e+02
  2.4220e+02     5.819095e+02
  2.4240e+02     5.845172e+02
  2.4260e+02     5.871465e+02
  2.4280e+02     5.897974e+02
  2.4300e+02     5.924702e+02
  2.4320e+02     5.951648e+02
  2.4340e+02     5.978814e+02
  2.4360e+02     6.006201e+02
  2.4380e+02     6.033810e+02
  2.4400e+02     6.061641e+02
  2.4420e+02     6.089696e+02
  2.4440e+02     6.117975e+02
  2.4460e+02     6.146480e+02
  2.4480e+02     6.175212e+02
  2.4500e+02     6.204171e+02
  2.4520e+02     6.233358e+02
  2.4540e+02     6.262775e+02
  2.4560e+02     6.292422e+02
  2.4580e+02     6.322299e+02
  2.4600e+02     6.352410e+02
  2.4620e+02     6.382753e+02
  2.4640e+02     6.413329e+02
  2.4660e+02     6.444141e+02
  2.4680e+02     6.475189e+02
  2.4700e+02     6.506473e+02
  2.4720e+02     6.537994e+02
  2.4740e+02     6.569754e+02
  2.4760e+02     6.601753e+02
  2.4780e+02     6.633992e+02
  2.4800e+02     6.666472e+02
  2.4820e+02     6.699194e+02
  2.4840e+02     6.732158e+02
  2.4860e+02     6.765366e+02
  2.4880e+02     6.798817e+02
  2.4900e+02     6.832514e+02
  2.4920e+02     6.866457e+02
  2.4940e+02     6.900646e+02
  2.4960e+02     6.935082e+02
  2.4980e+02     6.969767e+02
  2.5000e+02     7.004700e+02
  2.5020e+02     7.039883e+02
  2.5040e+02     7.075316e+02
  2.5060e+02     7.110999e+02
  2.5080e+02     7.146935e+02
  2.5100e+02     7.183122e+02
  2.5120e+02     7.219563e+02
  2.5140e+02     7.256257e+02
  2.5160e+02     7.293205e+02
  2.5180e+02     7.330407e+02
  2.5200e+02     7.367865e+02
  2.5220e+02     7.405579e+02
  2.5240e+02     7.443549e+02
  2.5260e+02     7.481776e+02
  2.5280e+02     7.520261e+02
  2.5300e+02     7.559003e+02
  2.5320e+02     7.598003e+02
  2.5340e+02     7.637263e+02
  2.5360e+02     7.676781e+02
  2.5380e+02     7.716559e+02
  2.5400e+02     7.756597e+02
  2.5420e+02     7.796894e+02
  2.5440e+02     7.837453e+02
  2.5460e+02     7.878272e+02
  2.5480e+02     7.919353e+02
  2.5500e+02     7.960694e+02
  2.5520e+02     8.002297e+02
  2.5540e+02     8.044162e+02
  2.5560e+02     8.086289e+02
  2.5580e+02     8.128678e+02
  2.5600e+02     8.171328e+02
  2.5620e+02     8.214241e+02
  2.5640e+02     8.257416e+02
  2.5660e+02     8.300853e+02
  2.5680e+02     8.344552e+02
  2.5700e+02     8.388513e+02
  2.5720e+02     8.432736e+02
  2.5740e+02     8.477221e+02
  2.5760e+02     8.521967e+02
  2.5780e+02     8.566975e+02
  2.5800e+02     8.612243e+02
  2.5820e+02     8.657773e+02
  2.5840e+02     8.703563e+02
  2.5860e+02     8.749613e+02
  2.5880e+02     8.795923e+02
  2.5900e+02     8.842492e+02
  2.5920e+02     8.889319e+02
  2.5940e+02     8.936405e+02
  2.5960e+02     8.983749e+02
  2.5980e+02     9.031349e+02
  2.6000e+02     9.079206e+02
  2.6020e+02     9.127319e+02
  2.6040e+02     9.175686e+02
  2.6060e+02     9.224308e+02
  2.6080e+02     9.273183e+02
  2.6100e+02     9.322310e+02
  2.6120e+02     9.371688e+02
  2.6140e+02     9.421317e+02
  2.6160e+02     9.471195e+02
  2.6180e+02     9.521321e+02
  2.6200e+02     9.571694e+02
  2.6220e+02     9.622313e+02
  2.6240e+02     9.673176e+02
  2.6260e+02     9.724283e+02
  2.6280e+02     9.775631e+02
  2.6300e+02     9.827220e+02
  2.6320e+02     9.879048e+02
  2.6340e+02     9.931113e+02
  2.6360e+02     9.983414e+02
  2.6380e+02     1.003594e+03
  2.6400e+02     1.008871e+03
  2.6420e+02     1.014171e+03
  2.6440e+02     1.019494e+03
  2.6460e+02     1.024839e+03
  2.6480e+02     1.030207e+03
  2.6500e+02     1.035597e+03
  2.6520e+02     1.041009e+03
  2.6540e+02     1.046443e+03
  2.6560e+02     1.051898e+03
  2.6580e+02     1.057375e+03
  2.6600e+02     1.062873e+03
  2.6620e+02     1.068392e+03
  2.6640e+02     1.073932e+03
  2.6660e+02     1.079492e+03
  2.6680e+02     1.085072e+03
  2.6700e+02     1.090672e+03
  2.6720e+02     1.096291e+03
  2.6740e+02     1.101930e+03
  2.6760e+02     1.107587e+03
  2.6780e+02     1.113264e+03
  2.6800e+02     1.118958e+03
  2.6820e+02     1.124671e+03
  2.6840e+02     1.130402e+03
  2.6860e+02     1.136149e+03
  2.6880e+02     1.141914e+03
  2.6900e+02     1.147696e+03
  2.6920e+02     1.153493e+03
  2.6940e+02     1.159307e+03
  2.6960e+02     1.165136e+03
  2.6980e+02     1.170981e+03
  2.7000e+02     1.176840e+03
  2.7020e+02     1.182714e+03
  2.7040e+02     1.188602e+03
  2.7060e+02     1.194503e+03
  2.7080e+02     1.200417e+03
  2.7100e+02     1.206344e+03
  2.7120e+02     1.212284e+03
  2.7140e+02     1.218235e+03
  2.7160e+02     1.224197e+03
  2.7180e+02     1.230171e+03
  2.7200e+02     1.236155e+03
  2.7220e+02     1.242148e+03
  2.7240e+02     1.248151e+03
  2.7260e+02     1.254164e+03
  2.7280e+02     1.260184e+03
  2.7300e+02     1.266212e+03
  2.7320e+02     1.272248e+03
  2.7340e+02     1.278291e+03
  2.7360e+02     1.284340e+03
  2.7380e+02     1.290394e+03
  2.7400e+02     1.296454e+03
  2.7420e+02     1.302519e+03
  2.7440e+02     1.308587e+03
  2.7460e+02     1.314659e+03
  2.7480e+02     1.320734e+03
  2.7500e+02     1.326811e+03
  2.7520e+02     1.332889e+03
  2.7540e+02     1.338969e+03
  2.7560e+02     1.345049e+03
  2.7580e+02     1.351128e+03
  2.7600e+02     1.357207e+03
  2.7620e+02     1.363284e+03
  2.7640e+02     1.369359e+03
  2.7660e+02     1.375430e+03
  2.7680e+02     1.381499e+03
  2.7700e+02     1.387563e+03
  2.7720e+02     1.393621e+03
  2.7740e+02     1.399675e+03
  2.7760e+02     1.405721e+03
  2.7780e+02     1.411761e+03
  2.7800e+02     1.417793e+03
  2.7820e+02     1.423816e+03
  2.7840e+02     1.429830e+03
  2.7860e+02     1.435833e+03
  2.7880e+02     1.441826e+03
  2.7900e+02     1.447807e+03
  2.7920e+02     1.453776e+03
  2.7940e+02     1.459731e+03
  2.7960e+02     1.465673e+03
  2.7980e+02     1.471599e+03
  2.8000e+02     1.477510e+03
  2.8020e+02     1.483405e+03
  2.8040e+02     1.489283e+03
  2.8060e+02     1.495142e+03
  2.8080e+02     1.500983e+03
  2.8100e+02     1.506803e+03
  2.8120e+02     1.512604e+03
  2.8140e+02     1.518383e+03
  2.8160e+02     1.524139e+03
  2.8180e+02     1.529873e+03
  2.8200e+02     1.535583e+03
  2.8220e+02     1.541268e+03
  2.8240e+02     1.546927e+03
  2.8260e+02     1.552560e+03
  2.8280e+02     1.558165e+03
  2.8300e+02     1.563742e+03
  2.8320e+02     1.569289e+03
  2.8340e+02     1.574807e+03
  2.8360e+02     1.580294e+03
  2.8380e+02     1.585749e+03
  2.8400e+02     1.591171e+03
  2.8420e+02     1.596559e+03
  2.8440e+02     1.601913e+03
  2.8460e+02     1.607231e+03
  2.8480e+02     1.612513e+03
  2.8500e+02     1.617758e+03
  2.8520e+02     1.622964e+03
  2.8540e+02     1.628132e+03
  2.8560e+02     1.633259e+03
  2.8580e+02     1.638346e+03
  2.8600e+02     1.643391e+03
  2.8620e+02     1.648393e+03
  2.8640e+02     1.653351e+03
  2.8660e+02     1.658265e+03
  2.8680e+02     1.663133e+03
  2.8700e+02     1.667955e+03
  2.8720e+02     1.672730e+03
  2.8740e+02     1.677457e+03
  2.8760e+02     1.682134e+03
  2.8780e+02     1.686762e+03
  2.8800e+02     1.691339e+03
  2.8820e+02     1.695864e+03
  2.8840e+02     1.700336e+03
  2.8860e+02     1.704755e+03
  2.8880e+02     1.709120e+03
  2.8900e+02     1.713430e+03
  2.8920e+02     1.717683e+03
  2.8940e+02     1.721879e+03
  2.8960e+02     1.726018e+03
  2.8980e+02     1.730098e+03
  2.9000e+02     1.734119e+03
  2.9020e+02     1.738079e+03
  2.9040e+02     1.741978e+03
  2.9060e+02     1.745815e+03
  2.9080e+02     1.749590e+03
  2.9100e+02     1.753300e+03
  2.9120e+02     1.756947e+03
  2.9140e+02     1.760528e+03
  2.9160e+02     1.764044e+03
  2.9180e+02     1.767492e+03
  2.9200e+02     1.770874e+03
  2.9220e+02     1.774187e+03
  2.9240e+02     1.777431e+03
  2.9260e+02     1.780606e+03
  2.9280e+02     1.783710e+03
  2.9300e+02     1.786743e+03
  2.9320e+02     1.789705e+03
  2.9340e+02     1.792594e+03
  2.9360e+02     1.795410e+03
  2.9380e+02     1.798152e+03
  2.9400e+02     1.800821e+03
  2.9420e+02     1.803414e+03
  2.9440e+02     1.805931e+03
  2.9460e+02     1.808373e+03
  2.9480e+02     1.810737e+03
  2.9500e+02     1.813025e+03
  2.9520e+02     1.815235e+03
  2.9540e+02     1.817366e+03
  2.9560e+02     1.819418e+03
  2.9580e+02     1.821391e+03
  2.9600e+02     1.823284e+03
  2.9620e+02     1.825097e+03
  2.9640e+02     1.826830e+03
  2.9660e+02     1.828480e+03
  2.9680e+02     1.830050e+03
  2.9700e+02     1.831537e+03
  2.9720e+02     1.832942e+03
  2.9740e+02     1.834264e+03
  2.9760e+02     1.835504e+03
  2.9780e+02     1.836659e+03
  2.9800e+02     1.837732e+03
  2.9820e+02     1.838720e+03
  2.9840e+02     1.839624e+03
  2.9860e+02     1.840443e+03
  2.9880e+02     1.841178e+03
  2.9900e+02     1.841827e+03
  2.9920e+02     1.842392e+03
  2.9940e+02     1.842871e+03
  2.9960e+02     1.843265e+03
  2.9980e+02     1.843574e+03
  3.0000e+02     1.843797e+03
  3.0020e+02     1.843934e+03
  3.0040e+02     1.843985e+03
  3.0060e+02     1.843950e+03
  3.0080e+02     1.843830e+03
  3.0100e+02     1.843623e+03
  3.0120e+02     1.843331e+03
  3.0140e+02     1.842953e+03
  3.0160e+02     1.842489e+03
  3.0180e+02     1.841939e+03
  3.0200e+02     1.841304e+03
  3.0220e+02     1.840583e+03
  3.0240e+02     1.839777e+03
  3.0260e+02     1.838886e+03
  3.0280e+02     1.837910e+03
  3.0300e+02     1.836849e+03
  3.0320e+02     1.835703e+03
  3.0340e+02     1.834473e+03
  3.0360e+02     1.833159e+03
  3.0380e+02     1.831761e+03
  3.0400e+02     1.830280e+03
  3.0420e+02     1.828715e+03
  3.0440e+02     1.827068e+03
  3.0460e+02     1.825338e+03
  3.0480e+02     1.823526e+03
  3.0500e+02     1.821632e+03
  3.0520e+02     1.819657e+03
  3.0540e+02     1.817602e+03
  3.0560e+02     1.815465e+03
  3.0580e+02     1.813249e+03
  3.0600e+02     1.810954e+03
  3.0620e+02     1.808579e+03
  3.0640e+02     1.806127e+03
  3.0660e+02     1.803596e+03
  3.0680e+02     1.800988e+03
  3.0700e+02     1.798304e+03
  3.0720e+02     1.795543e+03
  3.0740e+02     1.792707e+03
  3.0760e+02     1.789796e+03
  3.0780e+02     1.786810e+03
  3.0800e+02     1.783752e+03
  3.0820e+02     1.780620e+03
  3.0840e+02     1.777416e+03
  3.0860e+02     1.774141e+03
  3.0880e+02     1.770795e+03
  3.0900e+02     1.767379e+03
  3.0920e+02     1.763893e+03
  3.0940e+02     1.760339e+03
  3.0960e+02     1.756718e+03
  3.0980e+02     1.753029e+03
  3.1000e+02     1.749275e+03
  3.1020e+02     1.745454e+03
  3.1040e+02     1.741570e+03
  3.1060e+02     1.737622e+03
  3.1080e+02     1.733611e+03
  3.1100e+02     1.729537e+03
  3.1120e+02     1.725403e+03
  3.1140e+02     1.721209e+03
  3.1160e+02     1.716955e+03
  3.1180e+02     1.712643e+03
  3.1200e+02     1.708273e+03
  3.1220e+02     1.703846e+03
  3.1240e+02     1.699364e+03
  3.1260e+02     1.694827e+03
  3.1280e+02     1.690236e+03
  3.1300e+02     1.685592e+03
  3.1320e+02     1.680896e+03
  3.1340e+02     1.676149e+03
  3.1360e+02     1.671352e+03
  3.1380e+02     1.666506e+03
  3.1400e+02     1.661612e+03
  3.1420e+02     1.656670e+03
  3.1440e+02     1.651683e+03
  3.1460e+02     1.646650e+03
  3.1480e+02     1.641573e+03
  3.1500e+02     1.636452e+03
  3.1520e+02     1.631289e+03
  3.1540e+02     1.626085e+03
  3.1560e+02     1.620841e+03
  3.1580e+02     1.615557e+03
  3.1600e+02     1.610235e+03
  3.1620e+02     1.604875e+03
  3.1640e+02     1.599480e+03
  3.1660e+02     1.594048e+03
  3.1680e+02     1.588583e+03
  3.1700e+02     1.583084e+03
  3.1720e+02     1.577552e+03
  3.1740e+02     1.571990e+03
  3.1760e+02     1.566396e+03
  3.1780e+02     1.560774e+03
  3.1800e+02     1.555123e+03
  3.1820e+02     1.549444e+03
  3.1840e+02     1.543739e+03
  3.1860e+02     1.538008e+03
  3.1880e+02     1.532253e+03
  3.1900e+02     1.526474e+03
  3.1920e+02     1.520672e+03
  3.1940e+02     1.514849e+03
  3.1960e+02     1.509005e+03
  3.1980e+02     1.503141e+03
  3.2000e+02     1.497258e+03
  3.2020e+02     1.491357e+03
  3.2040e+02     1.485439e+03
  3.2060e+02     1.479505e+03
  3.2080e+02     1.473556e+03
  3.2100e+02     1.467592e+03
  3.2120e+02     1.461615e+03
  3.2140e+02     1.455626e+03
  3.2160e+02     1.449625e+03
  3.2180e+02     1.443613e+03
  3.2200e+02     1.437591e+03
  3.2220e+02     1.431560e+03
  3.2240e+02     1.425521e+03
  3.2260e+02     1.419475e+03
  3.2280e+02     1.413422e+03
  3.2300e+02     1.407364e+03
  3.2320e+02     1.401300e+03
  3.2340e+02     1.395233e+03
  3.2360e+02     1.389162e+03
  3.2380e+02     1.383089e+03
  3.2400e+02     1.377014e+03
  3.2420e+02     1.370938e+03
  3.2440e+02     1.364862e+03
  3.2460e+02     1.358787e+03
  3.2480e+02     1.352713e+03
  3.2500e+02     1.346641e+03
  3.2520e+02     1.340571e+03
  3.2540e+02     1.334506e+03
  3.2560e+02     1.328444e+03
  3.2580e+02     1.322387e+03
  3.2600e+02     1.316336e+03
  3.2620e+02     1.310292e+03
  3.2640e+02     1.304254e+03
  3.2660e+02     1.298223e+03
  3.2680e+02     1.292201e+03
  3.2700e+02     1.286187e+03
  3.2720e+02     1.280183e+03
  3.2740e+02     1.274190e+03
  3.2760e+02     1.268206e+03
  3.2780e+02     1.262234e+03
  3.2800e+02     1.256274e+03
  3.2820e+02     1.250326e+03
  3.2840e+02     1.244391e+03
  3.2860e+02     1.238469e+03
  3.2880e+02     1.232562e+03
  3.2900e+02     1.226669e+03
  3.2920e+02     1.220791e+03
  3.2940e+02     1.214928e+03
  3.2960e+02     1.209082e+03
  3.2980e+02     1.203252e+03
  3.3000e+02     1.197439e+03
  3.3020e+02     1.191643e+03
  3.3040e+02     1.185865e+03
  3.3060e+02     1.180106e+03
  3.3080e+02     1.174365e+03
  3.3100e+02     1.168644e+03
  3.3120e+02     1.162942e+03
  3.3140e+02     1.157260e+03
  3.3160e+02     1.151599e+03
  3.3180e+02     1.145958e+03
  3.3200e+02     1.140338e+03
  3.3220e+02     1.134740e+03
  3.3240e+02     1.129164e+03
  3.3260e+02     1.123609e+03
  3.3280e+02     1.118078e+03
  3.3300e+02     1.112569e+03
  3.3320e+02     1.107083e+03
  3.3340e+02     1.101621e+03
  3.3360e+02     1.096183e+03
  3.3380e+02     1.090768e+03
  3.3400e+02     1.085378e+03
  3.3420e+02     1.080012e+03
  3.3440e+02     1.074671e+03
  3.3460e+02     1.069356e+03
  3.3480e+02     1.064065e+03
  3.3500e+02     1.058800e+03
  3.3520e+02     1.053561e+03
  3.3540e+02     1.048348e+03
  3.3560e+02     1.043161e+03
  3.3580e+02     1.038001e+03
  3.3600e+02     1.032867e+03
  3.3620e+02     1.027760e+03
  3.3640e+02     1.022680e+03
  3.3660e+02     1.017627e+03
  3.3680e+02     1.012601e+03
  3.3700e+02     1.007603e+03
  3.3720e+02     1.002633e+03
  3.3740e+02     9.976901e+02
  3.3760e+02     9.927751e+02
  3.3780e+02     9.878881e+02
  3.3800e+02     9.830293e+02
  3.3820e+02     9.781987e+02
  3.3840e+02     9.733964e+02
  3.3860e+02     9.686226e+02
  3.3880e+02     9.638773e+02
  3.3900e+02     9.591607e+02
  3.3920e+02     9.544728e+02
  3.3940e+02     9.498137e+02
  3.3960e+02     9.451834e+02
  3.3980e+02     9.405821e+02
  3.4000e+02     9.360097e+02
  3.4020e+02     9.314665e+02
  3.4040e+02     9.269523e+02
  3.4060e+02     9.224672e+02
  3.4080e+02     9.180113e+02
  3.4100e+02     9.135846e+02
  3.4120e+02     9.091872e+02
  3.4140e+02     9.048190e+02
  3.4160e+02     9.004801e+02
  3.4180e+02     8.961704e+02
  3.4200e+02     8.918901e+02
  3.4220e+02     8.876391e+02
  3.4240e+02     8.834174e+02
  3.4260e+02     8.792250e+02
  3.4280e+02     8.750619e+02
  3.4300e+02     8.709280e+02
  3.4320e+02     8.668234e+02
  3.4340e+02     8.627481e+02
  3.4360e+02     8.587020e+02
  3.4380e+02     8.546851e+02
  3.4400e+02     8.506973e+02
  3.4420e+02     8.467387e+02
  3.4440e+02     8.428092e+02
  3.4460e+02     8.389087e+02
  3.4480e+02     8.350372e+02
  3.4500e+02     8.311947e+02
  3.4520e+02     8.273811e+02
  3.4540e+02     8.235963e+02
  3.4560e+02     8.198404e+02
  3.4580e+02     8.161132e+02
  3.4600e+02     8.124146e+02
  3.4620e+02     8.087447e+02
  3.4640e+02     8.051033e+02
  3.4660e+02     8.014904e+02
  3.4680e+02     7.979059e+02
  3.4700e+02     7.943497e+02
  3.4720e+02     7.908218e+02
  3.4740e+02     7.873221e+02
  3.4760e+02     7.838504e+02
  3.4780e+02     7.804068e+02
  3.4800e+02     7.769911e+02
  3.4820e+02     7.736032e+02
  3.4840e+02     7.702431e+02
  3.4860e+02     7.669106e+02
  3.4880e+02     7.636058e+02
  3.4900e+02     7.603284e+02
  3.4920e+02     7.570783e+02
  3.4940e+02     7.538556e+02
  3.4960e+02     7.506601e+02
  3.4980e+02     7.474916e+02
  3.5000e+02     7.443502e+02
  3.5020e+02     7.412356e+02
  3.5040e+02     7.381478e+02
  3.5060e+02     7.350867e+02
  3.5080e+02     7.320522e+02
  3.5100e+02     7.290442e+02
  3.5120e+02     7.260625e+02
  3.5140e+02     7.231071e+02
  3.5160e+02     7.201778e+02
  3.5180e+02     7.172746e+02
  3.5200e+02     7.143973e+02
  3.5220e+02     7.115458e+02
  3.5240e+02     7.087200e+02
  3.5260e+02     7.059198e+02
  3.5280e+02     7.031451e+02
  3.5300e+02     7.003958e+02
  3.5320e+02     6.976717e+02
  3.5340e+02     6.949728e+02
  3.5360e+02     6.922989e+02
  3.5380e+02     6.896499e+02
  3.5400e+02     6.870257e+02
  3.5420e+02     6.844261e+02
  3.5440e+02     6.818512e+02
  3.5460e+02     6.793007e+02
  3.5480e+02     6.767745e+02
  3.5500e+02     6.742725e+02
  3.5520e+02     6.717946e+02
  3.5540e+02     6.693408e+02
  3.5560e+02     6.669107e+02
  3.5580e+02     6.645045e+02
  3.5600e+02     6.621218e+02
  3.5620e+02     6.597627e+02
  3.5640e+02     6.574270e+02
  3.5660e+02     6.551145e+02
  3.5680e+02     6.528252e+02
  3.5700e+02     6.505590e+02
  3.5720e+02     6.483157e+02
  3.5740e+02     6.460952e+02
  3.5760e+02     6.438974e+02
  3.5780e+02     6.417222e+02
  3.5800e+02     6.395695e+02
  3.5820e+02     6.374392e+02
  3.5840e+02     6.353310e+02
  3.5860e+02     6.332450e+02
  3.5880e+02     6.311810e+02
  3.5900e+02     6.291390e+02
  3.5920e+02     6.271187e+02
  3.5940e+02     6.251200e+02
  3.5960e+02     6.231430e+02
  3.5980e+02     6.211874e+02
