# Epidemic | 7 days incidence [ x-unit: days | y-unit: per 100000 ]
  0.0000e+00     3.618006e+02
  2.0000e-01     3.596328e+02
  4.0000e-01     3.574964e+02
  6.0000e-01     3.553911e+02
  8.0000e-01     3.533165e+02
  1.0000e+00     3.512722e+02
  1.2000e+00     3.492577e+02
  1.4000e+00     3.472728e+02
  1.6000e+00     3.453171e+02
  1.8000e+00     3.433901e+02
  2.0000e+00     3.414916e+02
  2.2000e+00     3.396212e+02
  2.4000e+00     3.377786e+02
  2.6000e+00     3.359633e+02
  2.8000e+00     3.341752e+02
  3.0000e+00     3.324138e+02
  3.2000e+00     3.306788e+02
  3.4000e+00     3.289700e+02
  3.6000e+00     3.272869e+02
  3.8000e+00     3.256294e+02
  4.0000e+00     3.239971e+02
  4.2000e+00     3.223896e+02
  4.4000e+00     3.208068e+02
  4.6000e+00     3.192483e+02
  4.8000e+00     3.177138e+02
  5.0000e+00     3.162031e+02
  5.2000e+00     3.147158e+02
  5.4000e+00     3.132518e+02
  5.6000e+00     3.118107e+02
  5.8000e+00     3.103924e+02
  6.0000e+00     3.089964e+02
  6.2000e+00     3.076227e+02
  6.4000e+00     3.062709e+02
  6.6000e+00     3.049408e+02
  6.8000e+00     3.036321e+02
  7.0000e+00     3.023447e+02
  7.2000e+00     3.014201e+02
  7.4000e+00     3.005431e+02
  7.6000e+00     2.996750e+02
  7.8000e+00     2.988158e+02
  8.0000e+00     2.979655e+02
  8.2000e+00     2.971240e+02
  8.4000e+00     2.962914e+02
  8.6000e+00     2.954676e+02
  8.8000e+00     2.946526e+02
  9.0000e+00     2.938464e+02
  9.2000e+00     2.930490e+02
  9.4000e+00     2.922602e+02
  9.6000e+00     2.914802e+02
  9.8000e+00     2.907088e+02
  1.0000e+01     2.899461e+02
  1.0200e+01     2.891920e+02
  1.0400e+01     2.884465e+02
  1.0600e+01     2.877095e+02
  1.0800e+01     2.869811e+02
  1.1000e+01     2.862612e+02
  1.1200e+01     2.855498e+02
  1.1400e+01     2.848469e+02
  1.1600e+01     2.841523e+02
  1.1800e+01     2.834662e+02
  1.2000e+01     2.827884e+02
  1.2200e+01     2.821190e+02
  1.2400e+01     2.814579e+02
  1.2600e+01     2.808050e+02
  1.2800e+01     2.801604e+02
  1.3000e+01     2.795240e+02
  1.3200e+01     2.788958e+02
  1.3400e+01     2.782758e+02
  1.3600e+01     2.776639e+02
  1.3800e+01     2.770601e+02
  1.4000e+01     2.764643e+02
  1.4200e+01     2.758766e+02
  1.4400e+01     2.752969e+02
  1.4600e+01     2.747251e+02
  1.4800e+01     2.741613e+02
  1.5000e+01     2.736054e+02
  1.5200e+01     2.730574e+02
  1.5400e+01     2.725172e+02
  1.5600e+01     2.719848e+02
  1.5800e+01     2.714602e+02
  1.6000e+01     2.709434e+02
  1.6200e+01     2.704343e+02
  1.6400e+01     2.699329e+02
  1.6600e+01     2.694391e+02
  1.6800e+01     2.689530e+02
  1.7000e+01     2.684744e+02
  1.7200e+01     2.680034e+02
  1.7400e+01     2.675400e+02
  1.7600e+01     2.670840e+02
  1.7800e+01     2.666356e+02
  1.8000e+01     2.661945e+02
  1.8200e+01     2.657609e+02
  1.8400e+01     2.653346e+02
  1.8600e+01     2.649157e+02
  1.8800e+01     2.645042e+02
  1.9000e+01     2.640999e+02
  1.9200e+01     2.637028e+02
  1.9400e+01     2.633130e+02
  1.9600e+01     2.629304e+02
  1.9800e+01     2.625549e+02
  2.0000e+01     2.621866e+02
  2.0200e+01     2.618254e+02
  2.0400e+01     2.614712e+02
  2.0600e+01     2.611241e+02
  2.0800e+01     2.607840e+02
  2.1000e+01     2.604509e+02
  2.1200e+01     2.600523e+02
  2.1400e+01     2.596586e+02
  2.1600e+01     2.592781e+02
  2.1800e+01     2.589108e+02
  2.2000e+01     2.585566e+02
  2.2200e+01     2.582155e+02
  2.2400e+01     2.578873e+02
  2.2600e+01     2.575720e+02
  2.2800e+01     2.572695e+02
  2.3000e+01     2.569798e+02
  2.3200e+01     2.567028e+02
  2.3400e+01     2.564385e+02
  2.3600e+01     2.561867e+02
  2.3800e+01     2.559474e+02
  2.4000e+01     2.557206e+02
  2.4200e+01     2.555062e+02
  2.4400e+01     2.553042e+02
  2.4600e+01     2.551145e+02
  2.4800e+01     2.549370e+02
  2.5000e+01     2.547718e+02
  2.5200e+01     2.546187e+02
  2.5400e+01     2.544778e+02
  2.5600e+01     2.543490e+02
  2.5800e+01     2.542322e+02
  2.6000e+01     2.541274e+02
  2.6200e+01     2.540345e+02
  2.6400e+01     2.539537e+02
  2.6600e+01     2.538847e+02
  2.6800e+01     2.538276e+02
  2.7000e+01     2.537823e+02
  2.7200e+01     2.537488e+02
  2.7400e+01     2.537271e+02
  2.7600e+01     2.537172e+02
  2.7800e+01     2.537190e+02
  2.8000e+01     2.537326e+02
  2.8200e+01     2.537578e+02
  2.8400e+01     2.537947e+02
  2.8600e+01     2.538432e+02
  2.8800e+01     2.539034e+02
  2.9000e+01     2.539752e+02
  2.9200e+01     2.540587e+02
  2.9400e+01     2.541537e+02
  2.9600e+01     2.542603e+02
  2.9800e+01     2.543785e+02
  3.0000e+01     2.545082e+02
  3.0200e+01     2.546495e+02
  3.0400e+01     2.548024e+02
  3.0600e+01     2.549669e+02
  3.0800e+01     2.551428e+02
  3.1000e+01     2.553304e+02
  3.1200e+01     2.555295e+02
  3.1400e+01     2.557401e+02
  3.1600e+01     2.559623e+02
  3.1800e+01     2.561961e+02
  3.2000e+01     2.564415e+02
  3.2200e+01     2.566984e+02
  3.2400e+01     2.569669e+02
  3.2600e+01     2.572470e+02
  3.2800e+01     2.575388e+02
  3.3000e+01     2.578421e+02
  3.3200e+01     2.581571e+02
  3.3400e+01     2.584838e+02
  3.3600e+01     2.588221e+02
  3.3800e+01     2.591721e+02
  3.4000e+01     2.595339e+02
  3.4200e+01     2.599073e+02
  3.4400e+01     2.602926e+02
  3.4600e+01     2.606896e+02
  3.4800e+01     2.610984e+02
  3.5000e+01     2.615191e+02
  3.5200e+01     2.619516e+02
  3.5400e+01     2.623960e+02
  3.5600e+01     2.628523e+02
  3.5800e+01     2.633206e+02
  3.6000e+01     2.638009e+02
  3.6200e+01     2.642932e+02
  3.6400e+01     2.647976e+02
  3.6600e+01     2.653141e+02
  3.6800e+01     2.658427e+02
  3.7000e+01     2.663835e+02
  3.7200e+01     2.669366e+02
  3.7400e+01     2.675018e+02
  3.7600e+01     2.680795e+02
  3.7800e+01     2.686694e+02
  3.8000e+01     2.692718e+02
  3.8200e+01     2.698866e+02
  3.8400e+01     2.705139e+02
  3.8600e+01     2.711538e+02
  3.8800e+01     2.718063e+02
  3.9000e+01     2.724714e+02
  3.9200e+01     2.731493e+02
  3.9400e+01     2.738400e+02
  3.9600e+01     2.745434e+02
  3.9800e+01     2.752598e+02
  4.0000e+01     2.759891e+02
  4.0200e+01     2.767315e+02
  4.0400e+01     2.774869e+02
  4.0600e+01     2.782555e+02
  4.0800e+01     2.790373e+02
  4.1000e+01     2.798323e+02
  4.1200e+01     2.806408e+02
  4.1400e+01     2.814626e+02
  4.1600e+01     2.822979e+02
  4.1800e+01     2.831469e+02
  4.2000e+01     2.840094e+02
  4.2200e+01     2.848857e+02
  4.2400e+01     2.857758e+02
  4.2600e+01     2.866797e+02
  4.2800e+01     2.875976e+02
  4.3000e+01     2.885296e+02
  4.3200e+01     2.894757e+02
  4.3400e+01     2.904360e+02
  4.3600e+01     2.914106e+02
  4.3800e+01     2.923996e+02
  4.4000e+01     2.934030e+02
  4.4200e+01     2.944211e+02
  4.4400e+01     2.954538e+02
  4.4600e+01     2.965012e+02
  4.4800e+01     2.975635e+02
  4.5000e+01     2.986408e+02
  4.5200e+01     2.997331e+02
  4.5400e+01     3.008406e+02
  4.5600e+01     3.019633e+02
  4.5800e+01     3.031013e+02
  4.6000e+01     3.042549e+02
  4.6200e+01     3.054240e+02
  4.6400e+01     3.066087e+02
  4.6600e+01     3.078093e+02
  4.6800e+01     3.090258e+02
  4.7000e+01     3.102582e+02
  4.7200e+01     3.115068e+02
  4.7400e+01     3.127717e+02
  4.7600e+01     3.140529e+02
  4.7800e+01     3.153506e+02
  4.8000e+01     3.166649e+02
  4.8200e+01     3.179959e+02
  4.8400e+01     3.193437e+02
  4.8600e+01     3.207086e+02
  4.8800e+01     3.220905e+02
  4.9000e+01     3.234897e+02
  4.9200e+01     3.249062e+02
  4.9400e+01     3.263402e+02
  4.9600e+01     3.277919e+02
  4.9800e+01     3.292613e+02
  5.0000e+01     3.307487e+02
  5.0200e+01     3.322540e+02
  5.0400e+01     3.337776e+02
  5.0600e+01     3.353195e+02
  5.0800e+01     3.368799e+02
  5.1000e+01     3.384589e+02
  5.1200e+01     3.400566e+02
  5.1400e+01     3.416733e+02
  5.1600e+01     3.433091e+02
  5.1800e+01     3.449640e+02
  5.2000e+01     3.466384e+02
  5.2200e+01     3.483323e+02
  5.2400e+01     3.500459e+02
  5.2600e+01     3.517793e+02
  5.2800e+01     3.535328e+02
  5.3000e+01     3.553065e+02
  5.3200e+01     3.571005e+02
  5.3400e+01     3.589150e+02
  5.3600e+01     3.607503e+02
  5.3800e+01     3.626064e+02
  5.4000e+01     3.644835e+02
  5.4200e+01     3.663818e+02
  5.4400e+01     3.683015e+02
  5.4600e+01     3.702428e+02
  5.4800e+01     3.722059e+02
  5.5000e+01     3.741909e+02
  5.5200e+01     3.761980e+02
  5.5400e+01     3.782274e+02
  5.5600e+01     3.802793e+02
  5.5800e+01     3.823539e+02
  5.6000e+01     3.844514e+02
  5.6200e+01     3.865719e+02
  5.6400e+01     3.887157e+02
  5.6600e+01     3.908830e+02
  5.6800e+01     3.930740e+02
  5.7000e+01     3.952888e+02
  5.7200e+01     3.975277e+02
  5.7400e+01     3.997909e+02
  5.7600e+01     4.020786e+02
  5.7800e+01     4.043910e+02
  5.8000e+01     4.067283e+02
  5.8200e+01     4.090907e+02
  5.8400e+01     4.114785e+02
  5.8600e+01     4.138918e+02
  5.8800e+01     4.163309e+02
  5.9000e+01     4.187961e+02
  5.9200e+01     4.212874e+02
  5.9400e+01     4.238053e+02
  5.9600e+01     4.263498e+02
  5.9800e+01     4.289212e+02
  6.0000e+01     4.315198e+02
  6.0200e+01     4.341457e+02
  6.0400e+01     4.367993e+02
  6.0600e+01     4.394807e+02
  6.0800e+01     4.421902e+02
  6.1000e+01     4.449281e+02
  6.1200e+01     4.476945e+02
  6.1400e+01     4.504898e+02
  6.1600e+01     4.533141e+02
  6.1800e+01     4.561677e+02
  6.2000e+01     4.590510e+02
  6.2200e+01     4.619640e+02
  6.2400e+01     4.649072e+02
  6.2600e+01     4.678807e+02
  6.2800e+01     4.708847e+02
  6.3000e+01     4.739197e+02
  6.3200e+01     4.769858e+02
  6.3400e+01     4.800832e+02
  6.3600e+01     4.832123e+02
  6.3800e+01     4.863734e+02
  6.4000e+01     4.895666e+02
  6.4200e+01     4.927923e+02
  6.4400e+01     4.960507e+02
  6.4600e+01     4.993421e+02
  6.4800e+01     5.026669e+02
  6.5000e+01     5.060252e+02
  6.5200e+01     5.094173e+02
  6.5400e+01     5.128436e+02
  6.5600e+01     5.163043e+02
  6.5800e+01     5.197997e+02
  6.6000e+01     5.233301e+02
  6.6200e+01     5.268957e+02
  6.6400e+01     5.304970e+02
  6.6600e+01     5.341340e+02
  6.6800e+01     5.378073e+02
  6.7000e+01     5.415170e+02
  6.7200e+01     5.452634e+02
  6.7400e+01     5.490468e+02
  6.7600e+01     5.528676e+02
  6.7800e+01     5.567261e+02
  6.8000e+01     5.606224e+02
  6.8200e+01     5.645570e+02
  6.8400e+01     5.685302e+02
  6.8600e+01     5.725422e+02
  6.8800e+01     5.765933e+02
  6.9000e+01     5.806839e+02
  6.9200e+01     5.848143e+02
  6.9400e+01     5.889847e+02
  6.9600e+01     5.931955e+02
  6.9800e+01     5.974471e+02
  7.0000e+01     6.017396e+02
  7.0200e+01     6.060734e+02
  7.0400e+01     6.104489e+02
  7.0600e+01     6.148663e+02
  7.0800e+01     6.193260e+02
  7.1000e+01     6.238282e+02
  7.1200e+01     6.283733e+02
  7.1400e+01     6.329616e+02
  7.1600e+01     6.375935e+02
  7.1800e+01     6.422691e+02
  7.2000e+01     6.469889e+02
  7.2200e+01     6.517531e+02
  7.2400e+01     6.565622e+02
  7.2600e+01     6.614163e+02
  7.2800e+01     6.663158e+02
  7.3000e+01     6.712610e+02
  7.3200e+01     6.762522e+02
  7.3400e+01     6.812898e+02
  7.3600e+01     6.863740e+02
  7.3800e+01     6.915052e+02
  7.4000e+01     6.966836e+02
  7.4200e+01     7.019096e+02
  7.4400e+01     7.071836e+02
  7.4600e+01     7.125057e+02
  7.4800e+01     7.178763e+02
  7.5000e+01     7.232957e+02
  7.5200e+01     7.287643e+02
  7.5400e+01     7.342822e+02
  7.5600e+01     7.398499e+02
  7.5800e+01     7.454675e+02
  7.6000e+01     7.511355e+02
  7.6200e+01     7.568541e+02
  7.6400e+01     7.626235e+02
  7.6600e+01     7.684442e+02
  7.6800e+01     7.743163e+02
  7.7000e+01     7.802401e+02
  7.7200e+01     7.862160e+02
  7.7400e+01     7.922441e+02
  7.7600e+01     7.983249e+02
  7.7800e+01     8.044585e+02
  7.8000e+01     8.106452e+02
  7.8200e+01     8.168852e+02
  7.8400e+01     8.231790e+02
  7.8600e+01     8.295266e+02
  7.8800e+01     8.359283e+02
  7.9000e+01     8.423844e+02
  7.9200e+01     8.488952e+02
  7.9400e+01     8.554608e+02
  7.9600e+01     8.620815e+02
  7.9800e+01     8.687575e+02
  8.0000e+01     8.754891e+02
  8.0200e+01     8.822764e+02
  8.0400e+01     8.891196e+02
  8.0600e+01     8.960191e+02
  8.0800e+01     9.029749e+02
  8.1000e+01     9.099873e+02
  8.1200e+01     9.170564e+02
  8.1400e+01     9.241824e+02
  8.1600e+01     9.313654e+02
  8.1800e+01     9.386058e+02
  8.2000e+01     9.459035e+02
  8.2200e+01     9.532587e+02
  8.2400e+01     9.606716e+02
  8.2600e+01     9.681424e+02
  8.2800e+01     9.756710e+02
  8.3000e+01     9.832577e+02
  8.3200e+01     9.909025e+02
  8.3400e+01     9.986055e+02
  8.3600e+01     1.006366e+03
  8.3800e+01     1.014186e+03
  8.4000e+01     1.022064e+03
  8.4200e+01     1.030001e+03
  8.4400e+01     1.037996e+03
  8.4600e+01     1.046050e+03
  8.4800e+01     1.054162e+03
  8.5000e+01     1.062333e+03
  8.5200e+01     1.070562e+03
  8.5400e+01     1.078850e+03
  8.5600e+01     1.087197e+03
  8.5800e+01     1.095602e+03
  8.6000e+01     1.104065e+03
  8.6200e+01     1.112586e+03
  8.6400e+01     1.121166e+03
  8.6600e+01     1.129804e+03
  8.6800e+01     1.138500e+03
  8.7000e+01     1.147254e+03
  8.7200e+01     1.156066e+03
  8.7400e+01     1.164935e+03
  8.7600e+01     1.173861e+03
  8.7800e+01     1.182845e+03
  8.8000e+01     1.191886e+03
  8.8200e+01     1.200983e+03
  8.8400e+01     1.210137e+03
  8.8600e+01     1.219347e+03
  8.8800e+01     1.228613e+03
  8.9000e+01     1.237934e+03
  8.9200e+01     1.247311e+03
  8.9400e+01     1.256743e+03
  8.9600e+01     1.266229e+03
  8.9800e+01     1.275770e+03
  9.0000e+01     1.285364e+03
  9.0200e+01     1.295012e+03
  9.0400e+01     1.304712e+03
  9.0600e+01     1.314465e+03
  9.0800e+01     1.324270e+03
  9.1000e+01     1.334127e+03
  9.1200e+01     1.344034e+03
  9.1400e+01     1.353992e+03
  9.1600e+01     1.363999e+03
  9.1800e+01     1.374056e+03
  9.2000e+01     1.384161e+03
  9.2200e+01     1.394314e+03
  9.2400e+01     1.404514e+03
  9.2600e+01     1.414761e+03
  9.2800e+01     1.425053e+03
  9.3000e+01     1.435390e+03
  9.3200e+01     1.445772e+03
  9.3400e+01     1.456197e+03
  9.3600e+01     1.466664e+03
  9.3800e+01     1.477174e+03
  9.4000e+01     1.487724e+03
  9.4200e+01     1.498313e+03
  9.4400e+01     1.508942e+03
  9.4600e+01     1.519609e+03
  9.4800e+01     1.530313e+03
  9.5000e+01     1.541052e+03
  9.5200e+01     1.551827e+03
  9.5400e+01     1.562635e+03
  9.5600e+01     1.573476e+03
  9.5800e+01     1.584348e+03
  9.6000e+01     1.595251e+03
  9.6200e+01     1.606183e+03
  9.6400e+01     1.617143e+03
  9.6600e+01     1.628129e+03
  9.6800e+01     1.639141e+03
  9.7000e+01     1.650176e+03
  9.7200e+01     1.661234e+03
  9.7400e+01     1.672314e+03
  9.7600e+01     1.683413e+03
  9.7800e+01     1.694530e+03
  9.8000e+01     1.705664e+03
  9.8200e+01     1.716814e+03
  9.8400e+01     1.727977e+03
  9.8600e+01     1.739153e+03
  9.8800e+01     1.750339e+03
  9.9000e+01     1.761534e+03
  9.9200e+01     1.772736e+03
  9.9400e+01     1.783944e+03
  9.9600e+01     1.795155e+03
  9.9800e+01     1.806368e+03
  1.0000e+02     1.817582e+03
  1.0020e+02     1.828794e+03
  1.0040e+02     1.840003e+03
  1.0060e+02     1.851206e+03
  1.0080e+02     1.862402e+03
  1.0100e+02     1.873588e+03
  1.0120e+02     1.884764e+03
  1.0140e+02     1.895926e+03
  1.0160e+02     1.907072e+03
  1.0180e+02     1.918202e+03
  1.0200e+02     1.929312e+03
  1.0220e+02     1.940400e+03
  1.0240e+02     1.951464e+03
  1.0260e+02     1.962503e+03
  1.0280e+02     1.973513e+03
  1.0300e+02     1.984493e+03
  1.0320e+02     1.995440e+03
  1.0340e+02     2.006353e+03
  1.0360e+02     2.017228e+03
  1.0380e+02     2.028063e+03
  1.0400e+02     2.038856e+03
  1.0420e+02     2.049606e+03
  1.0440e+02     2.060308e+03
  1.0460e+02     2.070961e+03
  1.0480e+02     2.081562e+03
  1.0500e+02     2.092110e+03
  1.0520e+02     2.102601e+03
  1.0540e+02     2.113033e+03
  1.0560e+02     2.123403e+03
  1.0580e+02     2.133709e+03
  1.0600e+02     2.143948e+03
  1.0620e+02     2.154118e+03
  1.0640e+02     2.164216e+03
  1.0660e+02     2.174240e+03
  1.0680e+02     2.184187e+03
  1.0700e+02     2.194054e+03
  1.0720e+02     2.203839e+03
  1.0740e+02     2.213539e+03
  1.0760e+02     2.223152e+03
  1.0780e+02     2.232675e+03
  1.0800e+02     2.242104e+03
  1.0820e+02     2.251439e+03
  1.0840e+02     2.260675e+03
  1.0860e+02     2.269810e+03
  1.0880e+02     2.278843e+03
  1.0900e+02     2.287769e+03
  1.0920e+02     2.296586e+03
  1.0940e+02     2.305293e+03
  1.0960e+02     2.313885e+03
  1.0980e+02     2.322361e+03
  1.1000e+02     2.330718e+03
  1.1020e+02     2.338953e+03
  1.1040e+02     2.347064e+03
  1.1060e+02     2.355048e+03
  1.1080e+02     2.362903e+03
  1.1100e+02     2.370625e+03
  1.1120e+02     2.378214e+03
  1.1140e+02     2.385665e+03
  1.1160e+02     2.392977e+03
  1.1180e+02     2.400147e+03
  1.1200e+02     2.407173e+03
  1.1220e+02     2.414053e+03
  1.1240e+02     2.420783e+03
  1.1260e+02     2.427362e+03
  1.1280e+02     2.433787e+03
  1.1300e+02     2.440056e+03
  1.1320e+02     2.446168e+03
  1.1340e+02     2.452118e+03
  1.1360e+02     2.457907e+03
  1.1380e+02     2.463531e+03
  1.1400e+02     2.468988e+03
  1.1420e+02     2.474276e+03
  1.1440e+02     2.479394e+03
  1.1460e+02     2.484339e+03
  1.1480e+02     2.489109e+03
  1.1500e+02     2.493703e+03
  1.1520e+02     2.498119e+03
  1.1540e+02     2.502355e+03
  1.1560e+02     2.506409e+03
  1.1580e+02     2.510280e+03
  1.1600e+02     2.513966e+03
  1.1620e+02     2.517466e+03
  1.1640e+02     2.520778e+03
  1.1660e+02     2.523901e+03
  1.1680e+02     2.526833e+03
  1.1700e+02     2.529574e+03
  1.1720e+02     2.532121e+03
  1.1740e+02     2.534474e+03
  1.1760e+02     2.536632e+03
  1.1780e+02     2.538593e+03
  1.1800e+02     2.540358e+03
  1.1820e+02     2.541924e+03
  1.1840e+02     2.543291e+03
  1.1860e+02     2.544458e+03
  1.1880e+02     2.545425e+03
  1.1900e+02     2.546192e+03
  1.1920e+02     2.546756e+03
  1.1940e+02     2.547119e+03
  1.1960e+02     2.547280e+03
  1.1980e+02     2.547238e+03
  1.2000e+02     2.546993e+03
  1.2020e+02     2.546545e+03
  1.2040e+02     2.545894e+03
  1.2060e+02     2.545040e+03
  1.2080e+02     2.543983e+03
  1.2100e+02     2.542723e+03
  1.2120e+02     2.541261e+03
  1.2140e+02     2.539596e+03
  1.2160e+02     2.537729e+03
  1.2180e+02     2.535661e+03
  1.2200e+02     2.533392e+03
  1.2220e+02     2.530923e+03
  1.2240e+02     2.528254e+03
  1.2260e+02     2.525387e+03
  1.2280e+02     2.522321e+03
  1.2300e+02     2.519058e+03
  1.2320e+02     2.515599e+03
  1.2340e+02     2.511945e+03
  1.2360e+02     2.508098e+03
  1.2380e+02     2.504057e+03
  1.2400e+02     2.499825e+03
  1.2420e+02     2.495403e+03
  1.2440e+02     2.490792e+03
  1.2460e+02     2.485994e+03
  1.2480e+02     2.481010e+03
  1.2500e+02     2.475843e+03
  1.2520e+02     2.470493e+03
  1.2540e+02     2.464962e+03
  1.2560e+02     2.459253e+03
  1.2580e+02     2.453367e+03
  1.2600e+02     2.447305e+03
  1.2620e+02     2.441071e+03
  1.2640e+02     2.434666e+03
  1.2660e+02     2.428092e+03
  1.2680e+02     2.421351e+03
  1.2700e+02     2.414446e+03
  1.2720e+02     2.407379e+03
  1.2740e+02     2.400152e+03
  1.2760e+02     2.392767e+03
  1.2780e+02     2.385227e+03
  1.2800e+02     2.377535e+03
  1.2820e+02     2.369692e+03
  1.2840e+02     2.361702e+03
  1.2860e+02     2.353567e+03
  1.2880e+02     2.345289e+03
  1.2900e+02     2.336872e+03
  1.2920e+02     2.328317e+03
  1.2940e+02     2.319628e+03
  1.2960e+02     2.310808e+03
  1.2980e+02     2.301859e+03
  1.3000e+02     2.292784e+03
  1.3020e+02     2.283585e+03
  1.3040e+02     2.274267e+03
  1.3060e+02     2.264831e+03
  1.3080e+02     2.255280e+03
  1.3100e+02     2.245618e+03
  1.3120e+02     2.235847e+03
  1.3140e+02     2.225971e+03
  1.3160e+02     2.215992e+03
  1.3180e+02     2.205913e+03
  1.3200e+02     2.195737e+03
  1.3220e+02     2.185467e+03
  1.3240e+02     2.175106e+03
  1.3260e+02     2.164658e+03
  1.3280e+02     2.154125e+03
  1.3300e+02     2.143510e+03
  1.3320e+02     2.132816e+03
  1.3340e+02     2.122046e+03
  1.3360e+02     2.111203e+03
  1.3380e+02     2.100291e+03
  1.3400e+02     2.089311e+03
  1.3420e+02     2.078267e+03
  1.3440e+02     2.067163e+03
  1.3460e+02     2.056000e+03
  1.3480e+02     2.044782e+03
  1.3500e+02     2.033511e+03
  1.3520e+02     2.022192e+03
  1.3540e+02     2.010825e+03
  1.3560e+02     1.999415e+03
  1.3580e+02     1.987964e+03
  1.3600e+02     1.976475e+03
  1.3620e+02     1.964951e+03
  1.3640e+02     1.953394e+03
  1.3660e+02     1.941807e+03
  1.3680e+02     1.930193e+03
  1.3700e+02     1.918555e+03
  1.3720e+02     1.906894e+03
  1.3740e+02     1.895215e+03
  1.3760e+02     1.883518e+03
  1.3780e+02     1.871808e+03
  1.3800e+02     1.860086e+03
  1.3820e+02     1.848355e+03
  1.3840e+02     1.836617e+03
  1.3860e+02     1.824875e+03
  1.3880e+02     1.813130e+03
  1.3900e+02     1.801387e+03
  1.3920e+02     1.789645e+03
  1.3940e+02     1.777909e+03
  1.3960e+02     1.766180e+03
  1.3980e+02     1.754461e+03
  1.4000e+02     1.742752e+03
  1.4020e+02     1.731058e+03
  1.4040e+02     1.719379e+03
  1.4060e+02     1.707717e+03
  1.4080e+02     1.696076e+03
  1.4100e+02     1.684455e+03
  1.4120e+02     1.672859e+03
  1.4140e+02     1.661287e+03
  1.4160e+02     1.649743e+03
  1.4180e+02     1.638228e+03
  1.4200e+02     1.626743e+03
  1.4220e+02     1.615291e+03
  1.4240e+02     1.603872e+03
  1.4260e+02     1.592489e+03
  1.4280e+02     1.581144e+03
  1.4300e+02     1.569837e+03
  1.4320e+02     1.558570e+03
  1.4340e+02     1.547345e+03
  1.4360e+02     1.536163e+03
  1.4380e+02     1.525025e+03
  1.4400e+02     1.513932e+03
  1.4420e+02     1.502887e+03
  1.4440e+02     1.491890e+03
  1.4460e+02     1.480943e+03
  1.4480e+02     1.470046e+03
  1.4500e+02     1.459200e+03
  1.4520e+02     1.448408e+03
  1.4540e+02     1.437669e+03
  1.4560e+02     1.426985e+03
  1.4580e+02     1.416357e+03
  1.4600e+02     1.405785e+03
  1.4620e+02     1.395271e+03
  1.4640e+02     1.384816e+03
  1.4660e+02     1.374420e+03
  1.4680e+02     1.364084e+03
  1.4700e+02     1.353809e+03
  1.4720e+02     1.343595e+03
  1.4740e+02     1.333444e+03
  1.4760e+02     1.323355e+03
  1.4780e+02     1.313330e+03
  1.4800e+02     1.303369e+03
  1.4820e+02     1.293473e+03
  1.4840e+02     1.283642e+03
  1.4860e+02     1.273877e+03
  1.4880e+02     1.264178e+03
  1.4900e+02     1.254546e+03
  1.4920e+02     1.244980e+03
  1.4940e+02     1.235482e+03
  1.4960e+02     1.226052e+03
  1.4980e+02     1.216689e+03
  1.5000e+02     1.207395e+03
  1.5020e+02     1.198170e+03
  1.5040e+02     1.189014e+03
  1.5060e+02     1.179926e+03
  1.5080e+02     1.170908e+03
  1.5100e+02     1.161960e+03
  1.5120e+02     1.153081e+03
  1.5140e+02     1.144271e+03
  1.5160e+02     1.135532e+03
  1.5180e+02     1.126863e+03
  1.5200e+02     1.118263e+03
  1.5220e+02     1.109734e+03
  1.5240e+02     1.101274e+03
  1.5260e+02     1.092885e+03
  1.5280e+02     1.084566e+03
  1.5300e+02     1.076317e+03
  1.5320e+02     1.068137e+03
  1.5340e+02     1.060028e+03
  1.5360e+02     1.051988e+03
  1.5380e+02     1.044019e+03
  1.5400e+02     1.036118e+03
  1.5420e+02     1.028288e+03
  1.5440e+02     1.020526e+03
  1.5460e+02     1.012834e+03
  1.5480e+02     1.005211e+03
  1.5500e+02     9.976566e+02
  1.5520e+02     9.901707e+02
  1.5540e+02     9.827532e+02
  1.5560e+02     9.754038e+02
  1.5580e+02     9.681224e+02
  1.5600e+02     9.609087e+02
  1.5620e+02     9.537623e+02
  1.5640e+02     9.466832e+02
  1.5660e+02     9.396709e+02
  1.5680e+02     9.327251e+02
  1.5700e+02     9.258457e+02
  1.5720e+02     9.190323e+02
  1.5740e+02     9.122845e+02
  1.5760e+02     9.056021e+02
  1.5780e+02     8.989847e+02
  1.5800e+02     8.924319e+02
  1.5820e+02     8.859435e+02
  1.5840e+02     8.795192e+02
  1.5860e+02     8.731584e+02
  1.5880e+02     8.668609e+02
  1.5900e+02     8.606264e+02
  1.5920e+02     8.544543e+02
  1.5940e+02     8.483445e+02
  1.5960e+02     8.422964e+02
  1.5980e+02     8.363097e+02
  1.6000e+02     8.303839e+02
  1.6020e+02     8.245188e+02
  1.6040e+02     8.187140e+02
  1.6060e+02     8.129689e+02
  1.6080e+02     8.072832e+02
  1.6100e+02     8.016565e+02
  1.6120e+02     7.960884e+02
  1.6140e+02     7.905785e+02
  1.6160e+02     7.851264e+02
  1.6180e+02     7.797316e+02
  1.6200e+02     7.743937e+02
  1.6220e+02     7.691123e+02
  1.6240e+02     7.638870e+02
  1.6260e+02     7.587174e+02
  1.6280e+02     7.536031e+02
  1.6300e+02     7.485436e+02
  1.6320e+02     7.435384e+02
  1.6340e+02     7.385873e+02
  1.6360e+02     7.336897e+02
  1.6380e+02     7.288452e+02
  1.6400e+02     7.240535e+02
  1.6420e+02     7.193140e+02
  1.6440e+02     7.146264e+02
  1.6460e+02     7.099902e+02
  1.6480e+02     7.054050e+02
  1.6500e+02     7.008704e+02
  1.6520e+02     6.963860e+02
  1.6540e+02     6.919514e+02
  1.6560e+02     6.875660e+02
  1.6580e+02     6.832296e+02
  1.6600e+02     6.789417e+02
  1.6620e+02     6.747019e+02
  1.6640e+02     6.705098e+02
  1.6660e+02     6.663649e+02
  1.6680e+02     6.622668e+02
  1.6700e+02     6.582153e+02
  1.6720e+02     6.542097e+02
  1.6740e+02     6.502498e+02
  1.6760e+02     6.463351e+02
  1.6780e+02     6.424653e+02
  1.6800e+02     6.386399e+02
  1.6820e+02     6.348585e+02
  1.6840e+02     6.311208e+02
  1.6860e+02     6.274264e+02
  1.6880e+02     6.237748e+02
  1.6900e+02     6.201657e+02
  1.6920e+02     6.165987e+02
  1.6940e+02     6.130734e+02
  1.6960e+02     6.095895e+02
  1.6980e+02     6.061465e+02
  1.7000e+02     6.027442e+02
  1.7020e+02     5.993820e+02
  1.7040e+02     5.960598e+02
  1.7060e+02     5.927770e+02
  1.7080e+02     5.895333e+02
  1.7100e+02     5.863285e+02
  1.7120e+02     5.831620e+02
  1.7140e+02     5.800337e+02
  1.7160e+02     5.769430e+02
  1.7180e+02     5.738897e+02
  1.7200e+02     5.708735e+02
  1.7220e+02     5.678939e+02
  1.7240e+02     5.649507e+02
  1.7260e+02     5.620435e+02
  1.7280e+02     5.591720e+02
  1.7300e+02     5.563359e+02
  1.7320e+02     5.535348e+02
  1.7340e+02     5.507684e+02
  1.7360e+02     5.480363e+02
  1.7380e+02     5.453384e+02
  1.7400e+02     5.426742e+02
  1.7420e+02     5.400435e+02
  1.7440e+02     5.374459e+02
  1.7460e+02     5.348812e+02
  1.7480e+02     5.323490e+02
  1.7500e+02     5.298491e+02
  1.7520e+02     5.273811e+02
  1.7540e+02     5.249447e+02
  1.7560e+02     5.225398e+02
  1.7580e+02     5.201659e+02
  1.7600e+02     5.178228e+02
  1.7620e+02     5.155103e+02
  1.7640e+02     5.132280e+02
  1.7660e+02     5.109757e+02
  1.7680e+02     5.087531e+02
  1.7700e+02     5.065599e+02
  1.7720e+02     5.043960e+02
  1.7740e+02     5.022609e+02
  1.7760e+02     5.001545e+02
  1.7780e+02     4.980765e+02
  1.7800e+02     4.960267e+02
  1.7820e+02     4.940047e+02
  1.7840e+02     4.920105e+02
  1.7860e+02     4.900436e+02
  1.7880e+02     4.881039e+02
  1.7900e+02     4.861912e+02
  1.7920e+02     4.843052e+02
  1.7940e+02     4.824456e+02
  1.7960e+02     4.806124e+02
  1.7980e+02     4.788051e+02
  1.8000e+02     4.770236e+02
  1.8020e+02     4.752678e+02
  1.8040e+02     4.735372e+02
  1.8060e+02     4.718319e+02
  1.8080e+02     4.701515e+02
  1.8100e+02     4.684958e+02
  1.8120e+02     4.668646e+02
  1.8140e+02     4.652578e+02
  1.8160e+02     4.636751e+02
  1.8180e+02     4.621164e+02
  1.8200e+02     4.605813e+02
  1.8220e+02     4.590698e+02
  1.8240e+02     4.575817e+02
  1.8260e+02     4.561167e+02
  1.8280e+02     4.546748e+02
  1.8300e+02     4.532556e+02
  1.8320e+02     4.518590e+02
  1.8340e+02     4.504849e+02
  1.8360e+02     4.491330e+02
  1.8380e+02     4.478033e+02
  1.8400e+02     4.464955e+02
  1.8420e+02     4.452094e+02
  1.8440e+02     4.439450e+02
  1.8460e+02     4.427020e+02
  1.8480e+02     4.414803e+02
  1.8500e+02     4.402797e+02
  1.8520e+02     4.391000e+02
  1.8540e+02     4.379412e+02
  1.8560e+02     4.368031e+02
  1.8580e+02     4.356854e+02
  1.8600e+02     4.345882e+02
  1.8620e+02     4.335112e+02
  1.8640e+02     4.324543e+02
  1.8660e+02     4.314173e+02
  1.8680e+02     4.304002e+02
  1.8700e+02     4.294027e+02
  1.8720e+02     4.284248e+02
  1.8740e+02     4.274663e+02
  1.8760e+02     4.265271e+02
  1.8780e+02     4.256071e+02
  1.8800e+02     4.247062e+02
  1.8820e+02     4.238242e+02
  1.8840e+02     4.229610e+02
  1.8860e+02     4.221165e+02
  1.8880e+02     4.212905e+02
  1.8900e+02     4.204831e+02
  1.8920e+02     4.196940e+02
  1.8940e+02     4.189231e+02
  1.8960e+02     4.181704e+02
  1.8980e+02     4.174357e+02
  1.9000e+02     4.167190e+02
  1.9020e+02     4.160201e+02
  1.9040e+02     4.153390e+02
  1.9060e+02     4.146755e+02
  1.9080e+02     4.140296e+02
  1.9100e+02     4.134011e+02
  1.9120e+02     4.127899e+02
  1.9140e+02     4.121961e+02
  1.9160e+02     4.116194e+02
  1.9180e+02     4.110599e+02
  1.9200e+02     4.105174e+02
  1.9220e+02     4.099918e+02
  1.9240e+02     4.094831e+02
  1.9260e+02     4.089911e+02
  1.9280e+02     4.085159e+02
  1.9300e+02     4.080573e+02
  1.9320e+02     4.076153e+02
  1.9340e+02     4.071897e+02
  1.9360e+02     4.067806e+02
  1.9380e+02     4.063879e+02
  1.9400e+02     4.060114e+02
  1.9420e+02     4.056511e+02
  1.9440e+02     4.053071e+02
  1.9460e+02     4.049791e+02
  1.9480e+02     4.046672e+02
  1.9500e+02     4.043712e+02
  1.9520e+02     4.040912e+02
  1.9540e+02     4.038271e+02
  1.9560e+02     4.035788e+02
  1.9580e+02     4.033462e+02
  1.9600e+02     4.031294e+02
  1.9620e+02     4.029283e+02
  1.9640e+02     4.027428e+02
  1.9660e+02     4.025729e+02
  1.9680e+02     4.024185e+02
  1.9700e+02     4.022797e+02
  1.9720e+02     4.021563e+02
  1.9740e+02     4.020483e+02
  1.9760e+02     4.019557e+02
  1.9780e+02     4.018785e+02
  1.9800e+02     4.018166e+02
  1.9820e+02     4.017700e+02
  1.9840e+02     4.017387e+02
  1.9860e+02     4.017226e+02
  1.9880e+02     4.017216e+02
  1.9900e+02     4.017359e+02
  1.9920e+02     4.017653e+02
  1.9940e+02     4.018098e+02
  1.9960e+02     4.018695e+02
  1.9980e+02     4.019442e+02
  2.0000e+02     4.020340e+02
  2.0020e+02     4.021388e+02
  2.0040e+02     4.022587e+02
  2.0060e+02     4.023936e+02
  2.0080e+02     4.025434e+02
  2.0100e+02     4.027083e+02
  2.0120e+02     4.028882e+02
  2.0140e+02     4.030830e+02
  2.0160e+02     4.032928e+02
  2.0180e+02     4.035175e+02
  2.0200e+02     4.037572e+02
  2.0220e+02     4.040119e+02
  2.0240e+02     4.042815e+02
  2.0260e+02     4.045660e+02
  2.0280e+02     4.048654e+02
  2.0300e+02     4.051799e+02
  2.0320e+02     4.055092e+02
  2.0340e+02     4.058535e+02
  2.0360e+02     4.062128e+02
  2.0380e+02     4.065870e+02
  2.0400e+02     4.069762e+02
  2.0420e+02     4.073804e+02
  2.0440e+02     4.077996e+02
  2.0460e+02     4.082337e+02
  2.0480e+02     4.086829e+02
  2.0500e+02     4.091471e+02
  2.0520e+02     4.096264e+02
  2.0540e+02     4.101207e+02
  2.0560e+02     4.106301e+02
  2.0580e+02     4.111546e+02
  2.0600e+02     4.116942e+02
  2.0620e+02     4.122490e+02
  2.0640e+02     4.128189e+02
  2.0660e+02     4.134040e+02
  2.0680e+02     4.140043e+02
  2.0700e+02     4.146199e+02
  2.0720e+02     4.152507e+02
  2.0740e+02     4.158968e+02
  2.0760e+02     4.165583e+02
  2.0780e+02     4.172351e+02
  2.0800e+02     4.179273e+02
  2.0820e+02     4.186349e+02
  2.0840e+02     4.193580e+02
  2.0860e+02     4.200966e+02
  2.0880e+02     4.208507e+02
  2.0900e+02     4.216204e+02
  2.0920e+02     4.224057e+02
  2.0940e+02     4.232067e+02
  2.0960e+02     4.240234e+02
  2.0980e+02     4.248558e+02
  2.1000e+02     4.257040e+02
  2.1020e+02     4.265680e+02
  2.1040e+02     4.274479e+02
  2.1060e+02     4.283438e+02
  2.1080e+02     4.292556e+02
  2.1100e+02     4.301834e+02
  2.1120e+02     4.311274e+02
  2.1140e+02     4.320874e+02
  2.1160e+02     4.330637e+02
  2.1180e+02     4.340562e+02
  2.1200e+02     4.350650e+02
  2.1220e+02     4.360901e+02
  2.1240e+02     4.371317e+02
  2.1260e+02     4.381897e+02
  2.1280e+02     4.392643e+02
  2.1300e+02     4.403555e+02
  2.1320e+02     4.414633e+02
  2.1340e+02     4.425879e+02
  2.1360e+02     4.437292e+02
  2.1380e+02     4.448874e+02
  2.1400e+02     4.460626e+02
  2.1420e+02     4.472547e+02
  2.1440e+02     4.484639e+02
  2.1460e+02     4.496903e+02
  2.1480e+02     4.509338e+02
  2.1500e+02     4.521947e+02
  2.1520e+02     4.534729e+02
  2.1540e+02     4.547685e+02
  2.1560e+02     4.560816e+02
  2.1580e+02     4.574123e+02
  2.1600e+02     4.587607e+02
  2.1620e+02     4.601269e+02
  2.1640e+02     4.615108e+02
  2.1660e+02     4.629127e+02
  2.1680e+02     4.643326e+02
  2.1700e+02     4.657705e+02
  2.1720e+02     4.672266e+02
  2.1740e+02     4.687010e+02
  2.1760e+02     4.701937e+02
  2.1780e+02     4.717048e+02
  2.1800e+02     4.732345e+02
  2.1820e+02     4.747827e+02
  2.1840e+02     4.763497e+02
  2.1860e+02     4.779354e+02
  2.1880e+02     4.795400e+02
  2.1900e+02     4.811636e+02
  2.1920e+02     4.828063e+02
  2.1940e+02     4.844681e+02
  2.1960e+02     4.861492e+02
  2.1980e+02     4.878497e+02
  2.2000e+02     4.895697e+02
  2.2020e+02     4.913092e+02
  2.2040e+02     4.930684e+02
  2.2060e+02     4.948473e+02
  2.2080e+02     4.966462e+02
  2.2100e+02     4.984650e+02
  2.2120e+02     5.003039e+02
  2.2140e+02     5.021630e+02
  2.2160e+02     5.040424e+02
  2.2180e+02     5.059422e+02
  2.2200e+02     5.078626e+02
  2.2220e+02     5.098036e+02
  2.2240e+02     5.117653e+02
  2.2260e+02     5.137478e+02
  2.2280e+02     5.157514e+02
  2.2300e+02     5.177760e+02
  2.2320e+02     5.198218e+02
  2.2340e+02     5.218889e+02
  2.2360e+02     5.239775e+02
  2.2380e+02     5.260876e+02
  2.2400e+02     5.282193e+02
  2.2420e+02     5.303729e+02
  2.2440e+02     5.325483e+02
  2.2460e+02     5.347458e+02
  2.2480e+02     5.369654e+02
  2.2500e+02     5.392073e+02
  2.2520e+02     5.414715e+02
  2.2540e+02     5.437583e+02
  2.2560e+02     5.460677e+02
  2.2580e+02     5.483999e+02
  2.2600e+02     5.507550e+02
  2.2620e+02     5.531330e+02
  2.2640e+02     5.555343e+02
  2.2660e+02     5.579588e+02
  2.2680e+02     5.604066e+02
  2.2700e+02     5.628780e+02
  2.2720e+02     5.653731e+02
  2.2740e+02     5.678920e+02
  2.2760e+02     5.704347e+02
  2.2780e+02     5.730015e+02
  2.2800e+02     5.755925e+02
  2.2820e+02     5.782078e+02
  2.2840e+02     5.808476e+02
  2.2860e+02     5.835119e+02
  2.2880e+02     5.862009e+02
  2.2900e+02     5.889148e+02
  2.2920e+02     5.916536e+02
  2.2940e+02     5.944176e+02
  2.2960e+02     5.972068e+02
  2.2980e+02     6.000214e+02
  2.3000e+02     6.028615e+02
  2.3020e+02     6.057272e+02
  2.3040e+02     6.086188e+02
  2.3060e+02     6.115363e+02
  2.3080e+02     6.144798e+02
  2.3100e+02     6.174495e+02
  2.3120e+02     6.204456e+02
  2.3140e+02     6.234682e+02
  2.3160e+02     6.265173e+02
  2.3180e+02     6.295932e+02
  2.3200e+02     6.326960e+02
  2.3220e+02     6.358258e+02
  2.3240e+02     6.389828e+02
  2.3260e+02     6.421670e+02
  2.3280e+02     6.453787e+02
  2.3300e+02     6.486179e+02
  2.3320e+02     6.518849e+02
  2.3340e+02     6.551797e+02
  2.3360e+02     6.585024e+02
  2.3380e+02     6.618533e+02
  2.3400e+02     6.652324e+02
  2.3420e+02     6.686399e+02
  2.3440e+02     6.720759e+02
  2.3460e+02     6.755405e+02
  2.3480e+02     6.790339e+02
  2.3500e+02     6.825562e+02
  2.3520e+02     6.861076e+02
  2.3540e+02     6.896881e+02
  2.3560e+02     6.932980e+02
  2.3580e+02     6.969372e+02
  2.3600e+02     7.006060e+02
  2.3620e+02     7.043046e+02
  2.3640e+02     7.080329e+02
  2.3660e+02     7.117911e+02
  2.3680e+02     7.155795e+02
  2.3700e+02     7.193980e+02
  2.3720e+02     7.232468e+02
  2.3740e+02     7.271261e+02
  2.3760e+02     7.310359e+02
  2.3780e+02     7.349764e+02
  2.3800e+02     7.389476e+02
  2.3820e+02     7.429498e+02
  2.3840e+02     7.469830e+02
  2.3860e+02     7.510473e+02
  2.3880e+02     7.551428e+02
  2.3900e+02     7.592697e+02
  2.3920e+02     7.634281e+02
  2.3940e+02     7.676180e+02
  2.3960e+02     7.718396e+02
  2.3980e+02     7.760930e+02
  2.4000e+02     7.803782e+02
  2.4020e+02     7.846954e+02
  2.4040e+02     7.890446e+02
  2.4060e+02     7.934260e+02
  2.4080e+02     7.978397e+02
  2.4100e+02     8.022857e+02
  2.4120e+02     8.067641e+02
  2.4140e+02     8.112750e+02
  2.4160e+02     8.158185e+02
  2.4180e+02     8.203946e+02
  2.4200e+02     8.250035e+02
  2.4220e+02     8.296452e+02
  2.4240e+02     8.343198e+02
  2.4260e+02     8.390273e+02
  2.4280e+02     8.437678e+02
  2.4300e+02     8.485414e+02
  2.4320e+02     8.533481e+02
  2.4340e+02     8.581879e+02
  2.4360e+02     8.630610e+02
  2.4380e+02     8.679674e+02
  2.4400e+02     8.729070e+02
  2.4420e+02     8.778800e+02
  2.4440e+02     8.828864e+02
  2.4460e+02     8.879262e+02
  2.4480e+02     8.929995e+02
  2.4500e+02     8.981062e+02
  2.4520e+02     9.032463e+02
  2.4540e+02     9.084200e+02
  2.4560e+02     9.136271e+02
  2.4580e+02     9.188678e+02
  2.4600e+02     9.241419e+02
  2.4620e+02     9.294496e+02
  2.4640e+02     9.347907e+02
  2.4660e+02     9.401653e+02
  2.4680e+02     9.455733e+02
  2.4700e+02     9.510147e+02
  2.4720e+02     9.564895e+02
  2.4740e+02     9.619977e+02
  2.4760e+02     9.675391e+02
  2.4780e+02     9.731138e+02
  2.4800e+02     9.787217e+02
  2.4820e+02     9.843628e+02
  2.4840e+02     9.900368e+02
  2.4860e+02     9.957439e+02
  2.4880e+02     1.001484e+03
  2.4900e+02     1.007256e+03
  2.4920e+02     1.013062e+03
  2.4940e+02     1.018900e+03
  2.4960e+02     1.024771e+03
  2.4980e+02     1.030674e+03
  2.5000e+02     1.036609e+03
  2.5020e+02     1.042577e+03
  2.5040e+02     1.048577e+03
  2.5060e+02     1.054608e+03
  2.5080e+02     1.060671e+03
  2.5100e+02     1.066766e+03
  2.5120e+02     1.072892e+03
  2.5140e+02     1.079050e+03
  2.5160e+02     1.085238e+03
  2.5180e+02     1.091458e+03
  2.5200e+02     1.097708e+03
  2.5220e+02     1.103988e+03
  2.5240e+02     1.110299e+03
  2.5260e+02     1.116639e+03
  2.5280e+02     1.123010e+03
  2.5300e+02     1.129410e+03
  2.5320e+02     1.135839e+03
  2.5340e+02     1.142297e+03
  2.5360e+02     1.148784e+03
  2.5380e+02     1.155300e+03
  2.5400e+02     1.161844e+03
  2.5420e+02     1.168415e+03
  2.5440e+02     1.175014e+03
  2.5460e+02     1.181641e+03
  2.5480e+02     1.188294e+03
  2.5500e+02     1.194974e+03
  2.5520e+02     1.201680e+03
  2.5540e+02     1.208412e+03
  2.5560e+02     1.215169e+03
  2.5580e+02     1.221952e+03
  2.5600e+02     1.228759e+03
  2.5620e+02     1.235591e+03
  2.5640e+02     1.242446e+03
  2.5660e+02     1.249325e+03
  2.5680e+02     1.256227e+03
  2.5700e+02     1.263152e+03
  2.5720e+02     1.270099e+03
  2.5740e+02     1.277067e+03
  2.5760e+02     1.284056e+03
  2.5780e+02     1.291067e+03
  2.5800e+02     1.298097e+03
  2.5820e+02     1.305147e+03
  2.5840e+02     1.312216e+03
  2.5860e+02     1.319304e+03
  2.5880e+02     1.326409e+03
  2.5900e+02     1.333532e+03
  2.5920e+02     1.340672e+03
  2.5940e+02     1.347829e+03
  2.5960e+02     1.355001e+03
  2.5980e+02     1.362188e+03
  2.6000e+02     1.369389e+03
  2.6020e+02     1.376604e+03
  2.6040e+02     1.383833e+03
  2.6060e+02     1.391073e+03
  2.6080e+02     1.398326e+03
  2.6100e+02     1.405590e+03
  2.6120e+02     1.412864e+03
  2.6140e+02     1.420147e+03
  2.6160e+02     1.427440e+03
  2.6180e+02     1.434741e+03
  2.6200e+02     1.442049e+03
  2.6220e+02     1.449364e+03
  2.6240e+02     1.456685e+03
  2.6260e+02     1.464011e+03
  2.6280e+02     1.471341e+03
  2.6300e+02     1.478674e+03
  2.6320e+02     1.486011e+03
  2.6340e+02     1.493349e+03
  2.6360e+02     1.500687e+03
  2.6380e+02     1.508026e+03
  2.6400e+02     1.515365e+03
  2.6420e+02     1.522701e+03
  2.6440e+02     1.530035e+03
  2.6460e+02     1.537365e+03
  2.6480e+02     1.544691e+03
  2.6500e+02     1.552011e+03
  2.6520e+02     1.559325e+03
  2.6540e+02     1.566631e+03
  2.6560e+02     1.573929e+03
  2.6580e+02     1.581218e+03
  2.6600e+02     1.588497e+03
  2.6620e+02     1.595764e+03
  2.6640e+02     1.603019e+03
  2.6660e+02     1.610260e+03
  2.6680e+02     1.617487e+03
  2.6700e+02     1.624698e+03
  2.6720e+02     1.631893e+03
  2.6740e+02     1.639070e+03
  2.6760e+02     1.646228e+03
  2.6780e+02     1.653367e+03
  2.6800e+02     1.660484e+03
  2.6820e+02     1.667580e+03
  2.6840e+02     1.674652e+03
  2.6860e+02     1.681700e+03
  2.6880e+02     1.688722e+03
  2.6900e+02     1.695718e+03
  2.6920e+02     1.702686e+03
  2.6940e+02     1.709625e+03
  2.6960e+02     1.716534e+03
  2.6980e+02     1.723411e+03
  2.7000e+02     1.730256e+03
  2.7020e+02     1.737067e+03
  2.7040e+02     1.743844e+03
  2.7060e+02     1.750584e+03
  2.7080e+02     1.757287e+03
  2.7100e+02     1.763951e+03
  2.7120e+02     1.770575e+03
  2.7140e+02     1.777159e+03
  2.7160e+02     1.783700e+03
  2.7180e+02     1.790198e+03
  2.7200e+02     1.796651e+03
  2.7220e+02     1.803058e+03
  2.7240e+02     1.809417e+03
  2.7260e+02     1.815729e+03
  2.7280e+02     1.821990e+03
  2.7300e+02     1.828201e+03
  2.7320e+02     1.834359e+03
  2.7340e+02     1.840464e+03
  2.7360e+02     1.846514e+03
  2.7380e+02     1.852508e+03
  2.7400e+02     1.858445e+03
  2.7420e+02     1.864324e+03
  2.7440e+02     1.870142e+03
  2.7460e+02     1.875900e+03
  2.7480e+02     1.881596e+03
  2.7500e+02     1.887228e+03
  2.7520e+02     1.892795e+03
  2.7540e+02     1.898297e+03
  2.7560e+02     1.903731e+03
  2.7580e+02     1.909097e+03
  2.7600e+02     1.914393e+03
  2.7620e+02     1.919619e+03
  2.7640e+02     1.924773e+03
  2.7660e+02     1.929853e+03
  2.7680e+02     1.934860e+03
  2.7700e+02     1.939790e+03
  2.7720e+02     1.944645e+03
  2.7740e+02     1.949421e+03
  2.7760e+02     1.954118e+03
  2.7780e+02     1.958735e+03
  2.7800e+02     1.963271e+03
  2.7820e+02     1.967725e+03
  2.7840e+02     1.972095e+03
  2.7860e+02     1.976381e+03
  2.7880e+02     1.980581e+03
  2.7900e+02     1.984695e+03
  2.7920e+02     1.988721e+03
  2.7940e+02     1.992659e+03
  2.7960e+02     1.996506e+03
  2.7980e+02     2.000263e+03
  2.8000e+02     2.003929e+03
  2.8020e+02     2.007501e+03
  2.8040e+02     2.010981e+03
  2.8060e+02     2.014366e+03
  2.8080e+02     2.017655e+03
  2.8100e+02     2.020848e+03
  2.8120e+02     2.023945e+03
  2.8140e+02     2.026943e+03
  2.8160e+02     2.029842e+03
  2.8180e+02     2.032643e+03
  2.8200e+02     2.035342e+03
  2.8220e+02     2.037941e+03
  2.8240e+02     2.040438e+03
  2.8260e+02     2.042833e+03
  2.8280e+02     2.045124e+03
  2.8300e+02     2.047311e+03
  2.8320e+02     2.049395e+03
  2.8340e+02     2.051373e+03
  2.8360e+02     2.053245e+03
  2.8380e+02     2.055011e+03
  2.8400e+02     2.056671e+03
  2.8420e+02     2.058223e+03
  2.8440e+02     2.059668e+03
  2.8460e+02     2.061005e+03
  2.8480e+02     2.062233e+03
  2.8500e+02     2.063352e+03
  2.8520e+02     2.064362e+03
  2.8540e+02     2.065262e+03
  2.8560e+02     2.066053e+03
  2.8580e+02     2.066733e+03
  2.8600e+02     2.067302e+03
  2.8620e+02     2.067761e+03
  2.8640e+02     2.068110e+03
  2.8660e+02     2.068347e+03
  2.8680e+02     2.068473e+03
  2.8700e+02     2.068488e+03
  2.8720e+02     2.068391e+03
  2.8740e+02     2.068184e+03
  2.8760e+02     2.067865e+03
  2.8780e+02     2.067434e+03
  2.8800e+02     2.066892e+03
  2.8820e+02     2.066240e+03
  2.8840e+02     2.065476e+03
  2.8860e+02     2.064601e+03
  2.8880e+02     2.063615e+03
  2.8900e+02     2.062519e+03
  2.8920e+02     2.061313e+03
  2.8940e+02     2.059996e+03
  2.8960e+02     2.058570e+03
  2.8980e+02     2.057035e+03
  2.9000e+02     2.055390e+03
  2.9020e+02     2.053637e+03
  2.9040e+02     2.051775e+03
  2.9060e+02     2.049806e+03
  2.9080e+02     2.047729e+03
  2.9100e+02     2.045546e+03
  2.9120e+02     2.043256e+03
  2.9140e+02     2.040861e+03
  2.9160e+02     2.038360e+03
  2.9180e+02     2.035755e+03
  2.9200e+02     2.033046e+03
  2.9220e+02     2.030234e+03
  2.9240e+02     2.027319e+03
  2.9260e+02     2.024302e+03
  2.9280e+02     2.021185e+03
  2.9300e+02     2.017967e+03
  2.9320e+02     2.014650e+03
  2.9340e+02     2.011234e+03
  2.9360e+02     2.007720e+03
  2.9380e+02     2.004110e+03
  2.9400e+02     2.000403e+03
  2.9420e+02     1.996602e+03
  2.9440e+02     1.992706e+03
  2.9460e+02     1.988717e+03
  2.9480e+02     1.984636e+03
  2.9500e+02     1.980464e+03
  2.9520e+02     1.976201e+03
  2.9540e+02     1.971850e+03
  2.9560e+02     1.967411e+03
  2.9580e+02     1.962884e+03
  2.9600e+02     1.958272e+03
  2.9620e+02     1.953575e+03
  2.9640e+02     1.948795e+03
  2.9660e+02     1.943932e+03
  2.9680e+02     1.938988e+03
  2.9700e+02     1.933964e+03
  2.9720e+02     1.928861e+03
  2.9740e+02     1.923681e+03
  2.9760e+02     1.918424e+03
  2.9780e+02     1.913092e+03
  2.9800e+02     1.907687e+03
  2.9820e+02     1.902208e+03
  2.9840e+02     1.896659e+03
  2.9860e+02     1.891039e+03
  2.9880e+02     1.885351e+03
  2.9900e+02     1.879595e+03
  2.9920e+02     1.873773e+03
  2.9940e+02     1.867887e+03
  2.9960e+02     1.861937e+03
  2.9980e+02     1.855925e+03
  3.0000e+02     1.849853e+03
  3.0020e+02     1.843721e+03
  3.0040e+02     1.837531e+03
  3.0060e+02     1.831284e+03
  3.0080e+02     1.824982e+03
  3.0100e+02     1.818627e+03
  3.0120e+02     1.812219e+03
  3.0140e+02     1.805759e+03
  3.0160e+02     1.799250e+03
  3.0180e+02     1.792693e+03
  3.0200e+02     1.786088e+03
  3.0220e+02     1.779438e+03
  3.0240e+02     1.772744e+03
  3.0260e+02     1.766007e+03
  3.0280e+02     1.759228e+03
  3.0300e+02     1.752409e+03
  3.0320e+02     1.745552e+03
  3.0340e+02     1.738657e+03
  3.0360e+02     1.731726e+03
  3.0380e+02     1.724760e+03
  3.0400e+02     1.717761e+03
  3.0420e+02     1.710730e+03
  3.0440e+02     1.703669e+03
  3.0460e+02     1.696578e+03
  3.0480e+02     1.689459e+03
  3.0500e+02     1.682314e+03
  3.0520e+02     1.675143e+03
  3.0540e+02     1.667948e+03
  3.0560e+02     1.660730e+03
  3.0580e+02     1.653491e+03
  3.0600e+02     1.646232e+03
  3.0620e+02     1.638954e+03
  3.0640e+02     1.631658e+03
  3.0660e+02     1.624345e+03
  3.0680e+02     1.617018e+03
  3.0700e+02     1.609676e+03
  3.0720e+02     1.602322e+03
  3.0740e+02     1.594956e+03
  3.0760e+02     1.587580e+03
  3.0780e+02     1.580194e+03
  3.0800e+02     1.572801e+03
  3.0820e+02     1.565400e+03
  3.0840e+02     1.557994e+03
  3.0860e+02     1.550583e+03
  3.0880e+02     1.543169e+03
  3.0900e+02     1.535752e+03
  3.0920e+02     1.528334e+03
  3.0940e+02     1.520915e+03
  3.0960e+02     1.513497e+03
  3.0980e+02     1.506081e+03
  3.1000e+02     1.498668e+03
  3.1020e+02     1.491259e+03
  3.1040e+02     1.483854e+03
  3.1060e+02     1.476455e+03
  3.1080e+02     1.469063e+03
  3.1100e+02     1.461679e+03
  3.1120e+02     1.454303e+03
  3.1140e+02     1.446937e+03
  3.1160e+02     1.439581e+03
  3.1180e+02     1.432236e+03
  3.1200e+02     1.424904e+03
  3.1220e+02     1.417584e+03
  3.1240e+02     1.410279e+03
  3.1260e+02     1.402988e+03
  3.1280e+02     1.395713e+03
  3.1300e+02     1.388453e+03
  3.1320e+02     1.381211e+03
  3.1340e+02     1.373987e+03
  3.1360e+02     1.366781e+03
  3.1380e+02     1.359595e+03
  3.1400e+02     1.352428e+03
  3.1420e+02     1.345283e+03
  3.1440e+02     1.338158e+03
  3.1460e+02     1.331056e+03
  3.1480e+02     1.323976e+03
  3.1500e+02     1.316919e+03
  3.1520e+02     1.309887e+03
  3.1540e+02     1.302878e+03
  3.1560e+02     1.295895e+03
  3.1580e+02     1.288938e+03
  3.1600e+02     1.282007e+03
  3.1620e+02     1.275102e+03
  3.1640e+02     1.268225e+03
  3.1660e+02     1.261375e+03
  3.1680e+02     1.254554e+03
  3.1700e+02     1.247762e+03
  3.1720e+02     1.240999e+03
  3.1740e+02     1.234265e+03
  3.1760e+02     1.227562e+03
  3.1780e+02     1.220889e+03
  3.1800e+02     1.214247e+03
  3.1820e+02     1.207637e+03
  3.1840e+02     1.201058e+03
  3.1860e+02     1.194511e+03
  3.1880e+02     1.187997e+03
  3.1900e+02     1.181516e+03
  3.1920e+02     1.175067e+03
  3.1940e+02     1.168653e+03
  3.1960e+02     1.162272e+03
  3.1980e+02     1.155925e+03
  3.2000e+02     1.149612e+03
  3.2020e+02     1.143334e+03
  3.2040e+02     1.137091e+03
  3.2060e+02     1.130883e+03
  3.2080e+02     1.124711e+03
  3.2100e+02     1.118574e+03
  3.2120e+02     1.112472e+03
  3.2140e+02     1.106407e+03
  3.2160e+02     1.100378e+03
  3.2180e+02     1.094386e+03
  3.2200e+02     1.088430e+03
  3.2220e+02     1.082511e+03
  3.2240e+02     1.076628e+03
  3.2260e+02     1.070783e+03
  3.2280e+02     1.064975e+03
  3.2300e+02     1.059204e+03
  3.2320e+02     1.053470e+03
  3.2340e+02     1.047774e+03
  3.2360e+02     1.042116e+03
  3.2380e+02     1.036495e+03
  3.2400e+02     1.030912e+03
  3.2420e+02     1.025366e+03
  3.2440e+02     1.019859e+03
  3.2460e+02     1.014390e+03
  3.2480e+02     1.008958e+03
  3.2500e+02     1.003565e+03
  3.2520e+02     9.982102e+02
  3.2540e+02     9.928930e+02
  3.2560e+02     9.876139e+02
  3.2580e+02     9.823730e+02
  3.2600e+02     9.771701e+02
  3.2620e+02     9.720054e+02
  3.2640e+02     9.668788e+02
  3.2660e+02     9.617903e+02
  3.2680e+02     9.567398e+02
  3.2700e+02     9.517274e+02
  3.2720e+02     9.467530e+02
  3.2740e+02     9.418166e+02
  3.2760e+02     9.369181e+02
  3.2780e+02     9.320575e+02
  3.2800e+02     9.272347e+02
  3.2820e+02     9.224496e+02
  3.2840e+02     9.177023e+02
  3.2860e+02     9.129926e+02
  3.2880e+02     9.083204e+02
  3.2900e+02     9.036857e+02
  3.2920e+02     8.990884e+02
  3.2940e+02     8.945284e+02
  3.2960e+02     8.900057e+02
  3.2980e+02     8.855200e+02
  3.3000e+02     8.810713e+02
  3.3020e+02     8.766596e+02
  3.3040e+02     8.722847e+02
  3.3060e+02     8.679464e+02
  3.3080e+02     8.636448e+02
  3.3100e+02     8.593796e+02
  3.3120e+02     8.551508e+02
  3.3140e+02     8.509582e+02
  3.3160e+02     8.468017e+02
  3.3180e+02     8.426811e+02
  3.3200e+02     8.385964e+02
  3.3220e+02     8.345474e+02
  3.3240e+02     8.305340e+02
  3.3260e+02     8.265560e+02
  3.3280e+02     8.226133e+02
  3.3300e+02     8.187058e+02
  3.3320e+02     8.148332e+02
  3.3340e+02     8.109956e+02
  3.3360e+02     8.071926e+02
  3.3380e+02     8.034242e+02
  3.3400e+02     7.996902e+02
  3.3420e+02     7.959905e+02
  3.3440e+02     7.923248e+02
  3.3460e+02     7.886932e+02
  3.3480e+02     7.850953e+02
  3.3500e+02     7.815310e+02
  3.3520e+02     7.780002e+02
  3.3540e+02     7.745027e+02
  3.3560e+02     7.710384e+02
  3.3580e+02     7.676070e+02
  3.3600e+02     7.642085e+02
  3.3620e+02     7.608427e+02
  3.3640e+02     7.575093e+02
  3.3660e+02     7.542082e+02
  3.3680e+02     7.509394e+02
  3.3700e+02     7.477025e+02
  3.3720e+02     7.444974e+02
  3.3740e+02     7.413240e+02
  3.3760e+02     7.381821e+02
  3.3780e+02     7.350715e+02
  3.3800e+02     7.319921e+02
  3.3820e+02     7.289437e+02
  3.3840e+02     7.259261e+02
  3.3860e+02     7.229391e+02
  3.3880e+02     7.199826e+02
  3.3900e+02     7.170564e+02
  3.3920e+02     7.141604e+02
  3.3940e+02     7.112944e+02
  3.3960e+02     7.084581e+02
  3.3980e+02     7.056515e+02
  3.4000e+02     7.028744e+02
  3.4020e+02     7.001265e+02
  3.4040e+02     6.974078e+02
  3.4060e+02     6.947181e+02
  3.4080e+02     6.920572e+02
  3.4100e+02     6.894249e+02
  3.4120e+02     6.868211e+02
  3.4140e+02     6.842456e+02
  3.4160e+02     6.816982e+02
  3.4180e+02     6.791788e+02
  3.4200e+02     6.766872e+02
  3.4220e+02     6.742233e+02
  3.4240e+02     6.717869e+02
  3.4260e+02     6.693778e+02
  3.4280e+02     6.669958e+02
  3.4300e+02     6.646409e+02
  3.4320e+02     6.623128e+02
  3.4340e+02     6.600114e+02
  3.4360e+02     6.577366e+02
  3.4380e+02     6.554881e+02
  3.4400e+02     6.532659e+02
  3.4420e+02     6.510697e+02
  3.4440e+02     6.488994e+02
  3.4460e+02     6.467549e+02
  3.4480e+02     6.446360e+02
  3.4500e+02     6.425426e+02
  3.4520e+02     6.404745e+02
  3.4540e+02     6.384315e+02
  3.4560e+02     6.364135e+02
  3.4580e+02     6.344204e+02
  3.4600e+02     6.324521e+02
  3.4620e+02     6.305083e+02
  3.4640e+02     6.285889e+02
  3.4660e+02     6.266938e+02
  3.4680e+02     6.248229e+02
  3.4700e+02     6.229760e+02
  3.4720e+02     6.211529e+02
  3.4740e+02     6.193536e+02
  3.4760e+02     6.175779e+02
  3.4780e+02     6.158256e+02
  3.4800e+02     6.140966e+02
  3.4820e+02     6.123909e+02
  3.4840e+02     6.107082e+02
  3.4860e+02     6.090484e+02
  3.4880e+02     6.074114e+02
  3.4900e+02     6.057971e+02
  3.4920e+02     6.042053e+02
  3.4940e+02     6.026360e+02
  3.4960e+02     6.010889e+02
  3.4980e+02     5.995640e+02
  3.5000e+02     5.980611e+02
  3.5020e+02     5.965802e+02
  3.5040e+02     5.951211e+02
  3.5060e+02     5.936836e+02
  3.5080e+02     5.922677e+02
  3.5100e+02     5.908733e+02
  3.5120e+02     5.895002e+02
  3.5140e+02     5.881483e+02
  3.5160e+02     5.868175e+02
  3.5180e+02     5.855078e+02
  3.5200e+02     5.842189e+02
  3.5220e+02     5.829508e+02
  3.5240e+02     5.817033e+02
  3.5260e+02     5.804764e+02
  3.5280e+02     5.792700e+02
  3.5300e+02     5.780840e+02
  3.5320e+02     5.769182e+02
  3.5340e+02     5.757725e+02
  3.5360e+02     5.746469e+02
  3.5380e+02     5.735413e+02
  3.5400e+02     5.724555e+02
  3.5420e+02     5.713894e+02
  3.5440e+02     5.703431e+02
  3.5460e+02     5.693163e+02
  3.5480e+02     5.683090e+02
  3.5500e+02     5.673211e+02
  3.5520e+02     5.663525e+02
  3.5540e+02     5.654031e+02
  3.5560e+02     5.644728e+02
  3.5580e+02     5.635615e+02
  3.5600e+02     5.626692e+02
  3.5620e+02     5.617958e+02
  3.5640e+02     5.609412e+02
  3.5660e+02     5.601052e+02
  3.5680e+02     5.592879e+02
  3.5700e+02     5.584892e+02
  3.5720e+02     5.577089e+02
  3.5740e+02     5.569470e+02
  3.5760e+02     5.562034e+02
  3.5780e+02     5.554781e+02
  3.5800e+02     5.547710e+02
  3.5820e+02     5.540819e+02
  3.5840e+02     5.534109e+02
  3.5860e+02     5.527579e+02
  3.5880e+02     5.521227e+02
  3.5900e+02     5.515054e+02
  3.5920e+02     5.509058e+02
  3.5940e+02     5.503239e+02
  3.5960e+02     5.497597e+02
  3.5980e+02     5.492131e+02
