# Epidemic | 7 days incidence [ x-unit: days | y-unit: per 100000 ]
  0.0000e+00     3.618006e+02
  2.0000e-01     3.596339e+02
  4.0000e-01     3.575010e+02
  6.0000e-01     3.554015e+02
  8.0000e-01     3.533349e+02
  1.0000e+00     3.513009e+02
  1.2000e+00     3.492989e+02
  1.4000e+00     3.473287e+02
  1.6000e+00     3.453896e+02
  1.8000e+00     3.434815e+02
  2.0000e+00     3.416038e+02
  2.2000e+00     3.397561e+02
  2.4000e+00     3.379382e+02
  2.6000e+00     3.361496e+02
  2.8000e+00     3.343899e+02
  3.0000e+00     3.326588e+02
  3.2000e+00     3.309559e+02
  3.4000e+00     3.292810e+02
  3.6000e+00     3.276335e+02
  3.8000e+00     3.260132e+02
  4.0000e+00     3.244199e+02
  4.2000e+00     3.228530e+02
  4.4000e+00     3.213124e+02
  4.6000e+00     3.197976e+02
  4.8000e+00     3.183085e+02
  5.0000e+00     3.168447e+02
  5.2000e+00     3.154058e+02
  5.4000e+00     3.139917e+02
  5.6000e+00     3.126020e+02
  5.8000e+00     3.112364e+02
  6.0000e+00     3.098946e+02
  6.2000e+00     3.085765e+02
  6.4000e+00     3.072817e+02
  6.6000e+00     3.060099e+02
  6.8000e+00     3.047609e+02
  7.0000e+00     3.035345e+02
  7.2000e+00     3.026620e+02
  7.4000e+00     3.018365e+02
  7.6000e+00     3.010204e+02
  7.8000e+00     3.002137e+02
  8.0000e+00     2.994165e+02
  8.2000e+00     2.986287e+02
  8.4000e+00     2.978502e+02
  8.6000e+00     2.970812e+02
  8.8000e+00     2.963214e+02
  9.0000e+00     2.955710e+02
  9.2000e+00     2.948299e+02
  9.4000e+00     2.940980e+02
  9.6000e+00     2.933754e+02
  9.8000e+00     2.926621e+02
  1.0000e+01     2.919579e+02
  1.0200e+01     2.912629e+02
  1.0400e+01     2.905770e+02
  1.0600e+01     2.899003e+02
  1.0800e+01     2.892327e+02
  1.1000e+01     2.885741e+02
  1.1200e+01     2.879246e+02
  1.1400e+01     2.872841e+02
  1.1600e+01     2.866525e+02
  1.1800e+01     2.860300e+02
  1.2000e+01     2.854163e+02
  1.2200e+01     2.848116e+02
  1.2400e+01     2.842157e+02
  1.2600e+01     2.836287e+02
  1.2800e+01     2.830505e+02
  1.3000e+01     2.824811e+02
  1.3200e+01     2.819204e+02
  1.3400e+01     2.813685e+02
  1.3600e+01     2.808252e+02
  1.3800e+01     2.802906e+02
  1.4000e+01     2.797646e+02
  1.4200e+01     2.792473e+02
  1.4400e+01     2.787385e+02
  1.4600e+01     2.782382e+02
  1.4800e+01     2.777464e+02
  1.5000e+01     2.772632e+02
  1.5200e+01     2.767883e+02
  1.5400e+01     2.763219e+02
  1.5600e+01     2.758639e+02
  1.5800e+01     2.754142e+02
  1.6000e+01     2.749728e+02
  1.6200e+01     2.745398e+02
  1.6400e+01     2.741149e+02
  1.6600e+01     2.736984e+02
  1.6800e+01     2.732900e+02
  1.7000e+01     2.728897e+02
  1.7200e+01     2.724977e+02
  1.7400e+01     2.721137e+02
  1.7600e+01     2.717378e+02
  1.7800e+01     2.713699e+02
  1.8000e+01     2.710100e+02
  1.8200e+01     2.706582e+02
  1.8400e+01     2.703143e+02
  1.8600e+01     2.699783e+02
  1.8800e+01     2.696502e+02
  1.9000e+01     2.693299e+02
  1.9200e+01     2.690175e+02
  1.9400e+01     2.687129e+02
  1.9600e+01     2.684160e+02
  1.9800e+01     2.681269e+02
  2.0000e+01     2.678455e+02
  2.0200e+01     2.675718e+02
  2.0400e+01     2.673058e+02
  2.0600e+01     2.670473e+02
  2.0800e+01     2.667965e+02
  2.1000e+01     2.665532e+02
  2.1200e+01     2.662742e+02
  2.1400e+01     2.660046e+02
  2.1600e+01     2.657495e+02
  2.1800e+01     2.655088e+02
  2.2000e+01     2.652824e+02
  2.2200e+01     2.650703e+02
  2.2400e+01     2.648724e+02
  2.2600e+01     2.646887e+02
  2.2800e+01     2.645191e+02
  2.3000e+01     2.643635e+02
  2.3200e+01     2.642219e+02
  2.3400e+01     2.640943e+02
  2.3600e+01     2.639806e+02
  2.3800e+01     2.638807e+02
  2.4000e+01     2.637947e+02
  2.4200e+01     2.637224e+02
  2.4400e+01     2.636639e+02
  2.4600e+01     2.636190e+02
  2.4800e+01     2.635878e+02
  2.5000e+01     2.635703e+02
  2.5200e+01     2.635663e+02
  2.5400e+01     2.635759e+02
  2.5600e+01     2.635991e+02
  2.5800e+01     2.636358e+02
  2.6000e+01     2.636859e+02
  2.6200e+01     2.637496e+02
  2.6400e+01     2.638267e+02
  2.6600e+01     2.639172e+02
  2.6800e+01     2.640212e+02
  2.7000e+01     2.641386e+02
  2.7200e+01     2.642694e+02
  2.7400e+01     2.644135e+02
  2.7600e+01     2.645711e+02
  2.7800e+01     2.647420e+02
  2.8000e+01     2.649263e+02
  2.8200e+01     2.651240e+02
  2.8400e+01     2.653350e+02
  2.8600e+01     2.655594e+02
  2.8800e+01     2.657972e+02
  2.9000e+01     2.660484e+02
  2.9200e+01     2.663130e+02
  2.9400e+01     2.665909e+02
  2.9600e+01     2.668823e+02
  2.9800e+01     2.671871e+02
  3.0000e+01     2.675053e+02
  3.0200e+01     2.678370e+02
  3.0400e+01     2.681822e+02
  3.0600e+01     2.685408e+02
  3.0800e+01     2.689130e+02
  3.1000e+01     2.692987e+02
  3.1200e+01     2.696980e+02
  3.1400e+01     2.701108e+02
  3.1600e+01     2.705373e+02
  3.1800e+01     2.709774e+02
  3.2000e+01     2.714312e+02
  3.2200e+01     2.718987e+02
  3.2400e+01     2.723799e+02
  3.2600e+01     2.728750e+02
  3.2800e+01     2.733838e+02
  3.3000e+01     2.739066e+02
  3.3200e+01     2.744432e+02
  3.3400e+01     2.749938e+02
  3.3600e+01     2.755584e+02
  3.3800e+01     2.761370e+02
  3.4000e+01     2.767298e+02
  3.4200e+01     2.773367e+02
  3.4400e+01     2.779578e+02
  3.4600e+01     2.785931e+02
  3.4800e+01     2.792428e+02
  3.5000e+01     2.799069e+02
  3.5200e+01     2.805854e+02
  3.5400e+01     2.812784e+02
  3.5600e+01     2.819859e+02
  3.5800e+01     2.827081e+02
  3.6000e+01     2.834450e+02
  3.6200e+01     2.841966e+02
  3.6400e+01     2.849631e+02
  3.6600e+01     2.857445e+02
  3.6800e+01     2.865409e+02
  3.7000e+01     2.873523e+02
  3.7200e+01     2.881789e+02
  3.7400e+01     2.890207e+02
  3.7600e+01     2.898778e+02
  3.7800e+01     2.907503e+02
  3.8000e+01     2.916382e+02
  3.8200e+01     2.925418e+02
  3.8400e+01     2.934609e+02
  3.8600e+01     2.943959e+02
  3.8800e+01     2.953466e+02
  3.9000e+01     2.963133e+02
  3.9200e+01     2.972960e+02
  3.9400e+01     2.982949e+02
  3.9600e+01     2.993100e+02
  3.9800e+01     3.003414e+02
  4.0000e+01     3.013893e+02
  4.0200e+01     3.024537e+02
  4.0400e+01     3.035347e+02
  4.0600e+01     3.046325e+02
  4.0800e+01     3.057472e+02
  4.1000e+01     3.068789e+02
  4.1200e+01     3.080277e+02
  4.1400e+01     3.091937e+02
  4.1600e+01     3.103771e+02
  4.1800e+01     3.115780e+02
  4.2000e+01     3.127964e+02
  4.2200e+01     3.140326e+02
  4.2400e+01     3.152866e+02
  4.2600e+01     3.165586e+02
  4.2800e+01     3.178487e+02
  4.3000e+01     3.191571e+02
  4.3200e+01     3.204839e+02
  4.3400e+01     3.218292e+02
  4.3600e+01     3.231931e+02
  4.3800e+01     3.245759e+02
  4.4000e+01     3.259776e+02
  4.4200e+01     3.273985e+02
  4.4400e+01     3.288386e+02
  4.4600e+01     3.302981e+02
  4.4800e+01     3.317772e+02
  4.5000e+01     3.332760e+02
  4.5200e+01     3.347946e+02
  4.5400e+01     3.363334e+02
  4.5600e+01     3.378923e+02
  4.5800e+01     3.394716e+02
  4.6000e+01     3.410714e+02
  4.6200e+01     3.426920e+02
  4.6400e+01     3.443334e+02
  4.6600e+01     3.459959e+02
  4.6800e+01     3.476796e+02
  4.7000e+01     3.493847e+02
  4.7200e+01     3.511114e+02
  4.7400e+01     3.528599e+02
  4.7600e+01     3.546304e+02
  4.7800e+01     3.564230e+02
  4.8000e+01     3.582380e+02
  4.8200e+01     3.600755e+02
  4.8400e+01     3.619357e+02
  4.8600e+01     3.638189e+02
  4.8800e+01     3.657252e+02
  4.9000e+01     3.676549e+02
  4.9200e+01     3.696081e+02
  4.9400e+01     3.715850e+02
  4.9600e+01     3.735859e+02
  4.9800e+01     3.756110e+02
  5.0000e+01     3.776605e+02
  5.0200e+01     3.797346e+02
  5.0400e+01     3.818336e+02
  5.0600e+01     3.839575e+02
  5.0800e+01     3.861068e+02
  5.1000e+01     3.882816e+02
  5.1200e+01     3.904822e+02
  5.1400e+01     3.927087e+02
  5.1600e+01     3.949614e+02
  5.1800e+01     3.972406e+02
  5.2000e+01     3.995465e+02
  5.2200e+01     4.018794e+02
  5.2400e+01     4.042394e+02
  5.2600e+01     4.066269e+02
  5.2800e+01     4.090420e+02
  5.3000e+01     4.114851e+02
  5.3200e+01     4.139565e+02
  5.3400e+01     4.164562e+02
  5.3600e+01     4.189848e+02
  5.3800e+01     4.215423e+02
  5.4000e+01     4.241291e+02
  5.4200e+01     4.267454e+02
  5.4400e+01     4.293916e+02
  5.4600e+01     4.320678e+02
  5.4800e+01     4.347744e+02
  5.5000e+01     4.375117e+02
  5.5200e+01     4.402799e+02
  5.5400e+01     4.430794e+02
  5.5600e+01     4.459103e+02
  5.5800e+01     4.487731e+02
  5.6000e+01     4.516680e+02
  5.6200e+01     4.545954e+02
  5.6400e+01     4.575554e+02
  5.6600e+01     4.605485e+02
  5.6800e+01     4.635749e+02
  5.7000e+01     4.666349e+02
  5.7200e+01     4.697289e+02
  5.7400e+01     4.728572e+02
  5.7600e+01     4.760200e+02
  5.7800e+01     4.792178e+02
  5.8000e+01     4.824508e+02
  5.8200e+01     4.857194e+02
  5.8400e+01     4.890239e+02
  5.8600e+01     4.923646e+02
  5.8800e+01     4.957419e+02
  5.9000e+01     4.991561e+02
  5.9200e+01     5.026075e+02
  5.9400e+01     5.060966e+02
  5.9600e+01     5.096236e+02
  5.9800e+01     5.131889e+02
  6.0000e+01     5.167928e+02
  6.0200e+01     5.204357e+02
  6.0400e+01     5.241180e+02
  6.0600e+01     5.278400e+02
  6.0800e+01     5.316021e+02
  6.1000e+01     5.354047e+02
  6.1200e+01     5.392480e+02
  6.1400e+01     5.431326e+02
  6.1600e+01     5.470587e+02
  6.1800e+01     5.510267e+02
  6.2000e+01     5.550371e+02
  6.2200e+01     5.590902e+02
  6.2400e+01     5.631863e+02
  6.2600e+01     5.673260e+02
  6.2800e+01     5.715094e+02
  6.3000e+01     5.757372e+02
  6.3200e+01     5.800095e+02
  6.3400e+01     5.843269e+02
  6.3600e+01     5.886898e+02
  6.3800e+01     5.930984e+02
  6.4000e+01     5.975533e+02
  6.4200e+01     6.020549e+02
  6.4400e+01     6.066034e+02
  6.4600e+01     6.111994e+02
  6.4800e+01     6.158433e+02
  6.5000e+01     6.205355e+02
  6.5200e+01     6.252763e+02
  6.5400e+01     6.300662e+02
  6.5600e+01     6.349057e+02
  6.5800e+01     6.397950e+02
  6.6000e+01     6.447347e+02
  6.6200e+01     6.497252e+02
  6.6400e+01     6.547669e+02
  6.6600e+01     6.598601e+02
  6.6800e+01     6.650054e+02
  6.7000e+01     6.702032e+02
  6.7200e+01     6.754539e+02
  6.7400e+01     6.807578e+02
  6.7600e+01     6.861155e+02
  6.7800e+01     6.915274e+02
  6.8000e+01     6.969939e+02
  6.8200e+01     7.025154e+02
  6.8400e+01     7.080923e+02
  6.8600e+01     7.137252e+02
  6.8800e+01     7.194143e+02
  6.9000e+01     7.251602e+02
  6.9200e+01     7.309633e+02
  6.9400e+01     7.368240e+02
  6.9600e+01     7.427427e+02
  6.9800e+01     7.487198e+02
  7.0000e+01     7.547559e+02
  7.0200e+01     7.608512e+02
  7.0400e+01     7.670063e+02
  7.0600e+01     7.732216e+02
  7.0800e+01     7.794974e+02
  7.1000e+01     7.858342e+02
  7.1200e+01     7.922325e+02
  7.1400e+01     7.986926e+02
  7.1600e+01     8.052150e+02
  7.1800e+01     8.118000e+02
  7.2000e+01     8.184482e+02
  7.2200e+01     8.251598e+02
  7.2400e+01     8.319353e+02
  7.2600e+01     8.387751e+02
  7.2800e+01     8.456797e+02
  7.3000e+01     8.526493e+02
  7.3200e+01     8.596844e+02
  7.3400e+01     8.667854e+02
  7.3600e+01     8.739526e+02
  7.3800e+01     8.811865e+02
  7.4000e+01     8.884874e+02
  7.4200e+01     8.958557e+02
  7.4400e+01     9.032918e+02
  7.4600e+01     9.107959e+02
  7.4800e+01     9.183685e+02
  7.5000e+01     9.260100e+02
  7.5200e+01     9.337206e+02
  7.5400e+01     9.415006e+02
  7.5600e+01     9.493506e+02
  7.5800e+01     9.572706e+02
  7.6000e+01     9.652611e+02
  7.6200e+01     9.733224e+02
  7.6400e+01     9.814547e+02
  7.6600e+01     9.896583e+02
  7.6800e+01     9.979336e+02
  7.7000e+01     1.006280e+03
  7.7200e+01     1.014700e+03
  7.7400e+01     1.023192e+03
  7.7600e+01     1.031756e+03
  7.7800e+01     1.040393e+03
  7.8000e+01     1.049104e+03
  7.8200e+01     1.057888e+03
  7.8400e+01     1.066745e+03
  7.8600e+01     1.075676e+03
  7.8800e+01     1.084681e+03
  7.9000e+01     1.093760e+03
  7.9200e+01     1.102913e+03
  7.9400e+01     1.112140e+03
  7.9600e+01     1.121442e+03
  7.9800e+01     1.130819e+03
  8.0000e+01     1.140270e+03
  8.0200e+01     1.149796e+03
  8.0400e+01     1.159396e+03
  8.0600e+01     1.169072e+03
  8.0800e+01     1.178822e+03
  8.1000e+01     1.188647e+03
  8.1200e+01     1.198547e+03
  8.1400e+01     1.208522e+03
  8.1600e+01     1.218572e+03
  8.1800e+01     1.228696e+03
  8.2000e+01     1.238895e+03
  8.2200e+01     1.249168e+03
  8.2400e+01     1.259516e+03
  8.2600e+01     1.269938e+03
  8.2800e+01     1.280434e+03
  8.3000e+01     1.291004e+03
  8.3200e+01     1.301648e+03
  8.3400e+01     1.312365e+03
  8.3600e+01     1.323156e+03
  8.3800e+01     1.334019e+03
  8.4000e+01     1.344955e+03
  8.4200e+01     1.355963e+03
  8.4400e+01     1.367043e+03
  8.4600e+01     1.378194e+03
  8.4800e+01     1.389417e+03
  8.5000e+01     1.400710e+03
  8.5200e+01     1.412073e+03
  8.5400e+01     1.423506e+03
  8.5600e+01     1.435008e+03
  8.5800e+01     1.446579e+03
  8.6000e+01     1.458218e+03
  8.6200e+01     1.469924e+03
  8.6400e+01     1.481697e+03
  8.6600e+01     1.493536e+03
  8.6800e+01     1.505440e+03
  8.7000e+01     1.517408e+03
  8.7200e+01     1.529441e+03
  8.7400e+01     1.541536e+03
  8.7600e+01     1.553694e+03
  8.7800e+01     1.565913e+03
  8.8000e+01     1.578192e+03
  8.8200e+01     1.590530e+03
  8.8400e+01     1.602927e+03
  8.8600e+01     1.615381e+03
  8.8800e+01     1.627891e+03
  8.9000e+01     1.640456e+03
  8.9200e+01     1.653075e+03
  8.9400e+01     1.665747e+03
  8.9600e+01     1.678471e+03
  8.9800e+01     1.691245e+03
  9.0000e+01     1.704067e+03
  9.0200e+01     1.716938e+03
  9.0400e+01     1.729854e+03
  9.0600e+01     1.742815e+03
  9.0800e+01     1.755820e+03
  9.1000e+01     1.768866e+03
  9.1200e+01     1.781953e+03
  9.1400e+01     1.795078e+03
  9.1600e+01     1.808240e+03
  9.1800e+01     1.821437e+03
  9.2000e+01     1.834667e+03
  9.2200e+01     1.847930e+03
  9.2400e+01     1.861222e+03
  9.2600e+01     1.874542e+03
  9.2800e+01     1.887888e+03
  9.3000e+01     1.901258e+03
  9.3200e+01     1.914651e+03
  9.3400e+01     1.928063e+03
  9.3600e+01     1.941493e+03
  9.3800e+01     1.954939e+03
  9.4000e+01     1.968399e+03
  9.4200e+01     1.981870e+03
  9.4400e+01     1.995350e+03
  9.4600e+01     2.008836e+03
  9.4800e+01     2.022327e+03
  9.5000e+01     2.035820e+03
  9.5200e+01     2.049313e+03
  9.5400e+01     2.062802e+03
  9.5600e+01     2.076285e+03
  9.5800e+01     2.089760e+03
  9.6000e+01     2.103225e+03
  9.6200e+01     2.116676e+03
  9.6400e+01     2.130110e+03
  9.6600e+01     2.143525e+03
  9.6800e+01     2.156919e+03
  9.7000e+01     2.170287e+03
  9.7200e+01     2.183628e+03
  9.7400e+01     2.196938e+03
  9.7600e+01     2.210215e+03
  9.7800e+01     2.223455e+03
  9.8000e+01     2.236655e+03
  9.8200e+01     2.249813e+03
  9.8400e+01     2.262924e+03
  9.8600e+01     2.275986e+03
  9.8800e+01     2.288996e+03
  9.9000e+01     2.301951e+03
  9.9200e+01     2.314847e+03
  9.9400e+01     2.327680e+03
  9.9600e+01     2.340448e+03
  9.9800e+01     2.353147e+03
  1.0000e+02     2.365774e+03
  1.0020e+02     2.378326e+03
  1.0040e+02     2.390798e+03
  1.0060e+02     2.403188e+03
  1.0080e+02     2.415491e+03
  1.0100e+02     2.427705e+03
  1.0120e+02     2.439826e+03
  1.0140e+02     2.451851e+03
  1.0160e+02     2.463775e+03
  1.0180e+02     2.475595e+03
  1.0200e+02     2.487308e+03
  1.0220e+02     2.498910e+03
  1.0240e+02     2.510398e+03
  1.0260e+02     2.521767e+03
  1.0280e+02     2.533015e+03
  1.0300e+02     2.544137e+03
  1.0320e+02     2.555130e+03
  1.0340e+02     2.565990e+03
  1.0360e+02     2.576714e+03
  1.0380e+02     2.587299e+03
  1.0400e+02     2.597739e+03
  1.0420e+02     2.608033e+03
  1.0440e+02     2.618176e+03
  1.0460e+02     2.628164e+03
  1.0480e+02     2.637995e+03
  1.0500e+02     2.647665e+03
  1.0520e+02     2.657169e+03
  1.0540e+02     2.666505e+03
  1.0560e+02     2.675670e+03
  1.0580e+02     2.684659e+03
  1.0600e+02     2.693469e+03
  1.0620e+02     2.702098e+03
  1.0640e+02     2.710541e+03
  1.0660e+02     2.718796e+03
  1.0680e+02     2.726858e+03
  1.0700e+02     2.734726e+03
  1.0720e+02     2.742395e+03
  1.0740e+02     2.749863e+03
  1.0760e+02     2.757126e+03
  1.0780e+02     2.764182e+03
  1.0800e+02     2.771028e+03
  1.0820e+02     2.777660e+03
  1.0840e+02     2.784076e+03
  1.0860e+02     2.790273e+03
  1.0880e+02     2.796249e+03
  1.0900e+02     2.802000e+03
  1.0920e+02     2.807524e+03
  1.0940e+02     2.812820e+03
  1.0960e+02     2.817883e+03
  1.0980e+02     2.822712e+03
  1.1000e+02     2.827306e+03
  1.1020e+02     2.831660e+03
  1.1040e+02     2.835774e+03
  1.1060e+02     2.839645e+03
  1.1080e+02     2.843272e+03
  1.1100e+02     2.846653e+03
  1.1120e+02     2.849785e+03
  1.1140e+02     2.852668e+03
  1.1160e+02     2.855299e+03
  1.1180e+02     2.857678e+03
  1.1200e+02     2.859802e+03
  1.1220e+02     2.861672e+03
  1.1240e+02     2.863284e+03
  1.1260e+02     2.864639e+03
  1.1280e+02     2.865736e+03
  1.1300e+02     2.866573e+03
  1.1320e+02     2.867150e+03
  1.1340e+02     2.867467e+03
  1.1360e+02     2.867522e+03
  1.1380e+02     2.867316e+03
  1.1400e+02     2.866847e+03
  1.1420e+02     2.866117e+03
  1.1440e+02     2.865124e+03
  1.1460e+02     2.863870e+03
  1.1480e+02     2.862353e+03
  1.1500e+02     2.860574e+03
  1.1520e+02     2.858534e+03
  1.1540e+02     2.856233e+03
  1.1560e+02     2.853672e+03
  1.1580e+02     2.850852e+03
  1.1600e+02     2.847772e+03
  1.1620e+02     2.844435e+03
  1.1640e+02     2.840841e+03
  1.1660e+02     2.836991e+03
  1.1680e+02     2.832887e+03
  1.1700e+02     2.828530e+03
  1.1720e+02     2.823921e+03
  1.1740e+02     2.819063e+03
  1.1760e+02     2.813956e+03
  1.1780e+02     2.808603e+03
  1.1800e+02     2.803005e+03
  1.1820e+02     2.797165e+03
  1.1840e+02     2.791084e+03
  1.1860e+02     2.784765e+03
  1.1880e+02     2.778210e+03
  1.1900e+02     2.771422e+03
  1.1920e+02     2.764402e+03
  1.1940e+02     2.757154e+03
  1.1960e+02     2.749680e+03
  1.1980e+02     2.741984e+03
  1.2000e+02     2.734067e+03
  1.2020e+02     2.725932e+03
  1.2040e+02     2.717584e+03
  1.2060e+02     2.709024e+03
  1.2080e+02     2.700257e+03
  1.2100e+02     2.691284e+03
  1.2120e+02     2.682110e+03
  1.2140e+02     2.672738e+03
  1.2160e+02     2.663171e+03
  1.2180e+02     2.653414e+03
  1.2200e+02     2.643468e+03
  1.2220e+02     2.633339e+03
  1.2240e+02     2.623029e+03
  1.2260e+02     2.612542e+03
  1.2280e+02     2.601883e+03
  1.2300e+02     2.591055e+03
  1.2320e+02     2.580062e+03
  1.2340e+02     2.568907e+03
  1.2360e+02     2.557595e+03
  1.2380e+02     2.546130e+03
  1.2400e+02     2.534515e+03
  1.2420e+02     2.522756e+03
  1.2440e+02     2.510855e+03
  1.2460e+02     2.498816e+03
  1.2480e+02     2.486645e+03
  1.2500e+02     2.474345e+03
  1.2520e+02     2.461920e+03
  1.2540e+02     2.449374e+03
  1.2560e+02     2.436711e+03
  1.2580e+02     2.423937e+03
  1.2600e+02     2.411054e+03
  1.2620e+02     2.398066e+03
  1.2640e+02     2.384979e+03
  1.2660e+02     2.371797e+03
  1.2680e+02     2.358522e+03
  1.2700e+02     2.345160e+03
  1.2720e+02     2.331714e+03
  1.2740e+02     2.318189e+03
  1.2760e+02     2.304589e+03
  1.2780e+02     2.290918e+03
  1.2800e+02     2.277179e+03
  1.2820e+02     2.263377e+03
  1.2840e+02     2.249516e+03
  1.2860e+02     2.235600e+03
  1.2880e+02     2.221632e+03
  1.2900e+02     2.207617e+03
  1.2920e+02     2.193558e+03
  1.2940e+02     2.179459e+03
  1.2960e+02     2.165324e+03
  1.2980e+02     2.151157e+03
  1.3000e+02     2.136961e+03
  1.3020e+02     2.122740e+03
  1.3040e+02     2.108498e+03
  1.3060e+02     2.094237e+03
  1.3080e+02     2.079962e+03
  1.3100e+02     2.065677e+03
  1.3120e+02     2.051383e+03
  1.3140e+02     2.037086e+03
  1.3160e+02     2.022787e+03
  1.3180e+02     2.008490e+03
  1.3200e+02     1.994199e+03
  1.3220e+02     1.979917e+03
  1.3240e+02     1.965646e+03
  1.3260e+02     1.951390e+03
  1.3280e+02     1.937151e+03
  1.3300e+02     1.922932e+03
  1.3320e+02     1.908737e+03
  1.3340e+02     1.894568e+03
  1.3360e+02     1.880428e+03
  1.3380e+02     1.866319e+03
  1.3400e+02     1.852244e+03
  1.3420e+02     1.838205e+03
  1.3440e+02     1.824205e+03
  1.3460e+02     1.810246e+03
  1.3480e+02     1.796331e+03
  1.3500e+02     1.782462e+03
  1.3520e+02     1.768641e+03
  1.3540e+02     1.754871e+03
  1.3560e+02     1.741152e+03
  1.3580e+02     1.727488e+03
  1.3600e+02     1.713880e+03
  1.3620e+02     1.700331e+03
  1.3640e+02     1.686841e+03
  1.3660e+02     1.673414e+03
  1.3680e+02     1.660049e+03
  1.3700e+02     1.646751e+03
  1.3720e+02     1.633518e+03
  1.3740e+02     1.620355e+03
  1.3760e+02     1.607261e+03
  1.3780e+02     1.594238e+03
  1.3800e+02     1.581288e+03
  1.3820e+02     1.568412e+03
  1.3840e+02     1.555611e+03
  1.3860e+02     1.542887e+03
  1.3880e+02     1.530240e+03
  1.3900e+02     1.517672e+03
  1.3920e+02     1.505184e+03
  1.3940e+02     1.492776e+03
  1.3960e+02     1.480450e+03
  1.3980e+02     1.468207e+03
  1.4000e+02     1.456047e+03
  1.4020e+02     1.443971e+03
  1.4040e+02     1.431981e+03
  1.4060e+02     1.420076e+03
  1.4080e+02     1.408257e+03
  1.4100e+02     1.396526e+03
  1.4120e+02     1.384881e+03
  1.4140e+02     1.373326e+03
  1.4160e+02     1.361858e+03
  1.4180e+02     1.350480e+03
  1.4200e+02     1.339191e+03
  1.4220e+02     1.327992e+03
  1.4240e+02     1.316883e+03
  1.4260e+02     1.305864e+03
  1.4280e+02     1.294936e+03
  1.4300e+02     1.284099e+03
  1.4320e+02     1.273354e+03
  1.4340e+02     1.262699e+03
  1.4360e+02     1.252136e+03
  1.4380e+02     1.241664e+03
  1.4400e+02     1.231284e+03
  1.4420e+02     1.220995e+03
  1.4440e+02     1.210798e+03
  1.4460e+02     1.200693e+03
  1.4480e+02     1.190679e+03
  1.4500e+02     1.180756e+03
  1.4520e+02     1.170925e+03
  1.4540e+02     1.161184e+03
  1.4560e+02     1.151535e+03
  1.4580e+02     1.141977e+03
  1.4600e+02     1.132509e+03
  1.4620e+02     1.123132e+03
  1.4640e+02     1.113845e+03
  1.4660e+02     1.104647e+03
  1.4680e+02     1.095540e+03
  1.4700e+02     1.086521e+03
  1.4720e+02     1.077592e+03
  1.4740e+02     1.068751e+03
  1.4760e+02     1.059999e+03
  1.4780e+02     1.051334e+03
  1.4800e+02     1.042757e+03
  1.4820e+02     1.034267e+03
  1.4840e+02     1.025864e+03
  1.4860e+02     1.017547e+03
  1.4880e+02     1.009316e+03
  1.4900e+02     1.001170e+03
  1.4920e+02     9.931095e+02
  1.4940e+02     9.851331e+02
  1.4960e+02     9.772407e+02
  1.4980e+02     9.694317e+02
  1.5000e+02     9.617057e+02
  1.5020e+02     9.540621e+02
  1.5040e+02     9.465004e+02
  1.5060e+02     9.390201e+02
  1.5080e+02     9.316206e+02
  1.5100e+02     9.243014e+02
  1.5120e+02     9.170620e+02
  1.5140e+02     9.099018e+02
  1.5160e+02     9.028202e+02
  1.5180e+02     8.958166e+02
  1.5200e+02     8.888905e+02
  1.5220e+02     8.820413e+02
  1.5240e+02     8.752685e+02
  1.5260e+02     8.685714e+02
  1.5280e+02     8.619494e+02
  1.5300e+02     8.554021e+02
  1.5320e+02     8.489286e+02
  1.5340e+02     8.425286e+02
  1.5360e+02     8.362013e+02
  1.5380e+02     8.299462e+02
  1.5400e+02     8.237627e+02
  1.5420e+02     8.176501e+02
  1.5440e+02     8.116080e+02
  1.5460e+02     8.056356e+02
  1.5480e+02     7.997323e+02
  1.5500e+02     7.938977e+02
  1.5520e+02     7.881310e+02
  1.5540e+02     7.824316e+02
  1.5560e+02     7.767991e+02
  1.5580e+02     7.712327e+02
  1.5600e+02     7.657318e+02
  1.5620e+02     7.602960e+02
  1.5640e+02     7.549245e+02
  1.5660e+02     7.496168e+02
  1.5680e+02     7.443723e+02
  1.5700e+02     7.391903e+02
  1.5720e+02     7.340704e+02
  1.5740e+02     7.290120e+02
  1.5760e+02     7.240144e+02
  1.5780e+02     7.190770e+02
  1.5800e+02     7.141994e+02
  1.5820e+02     7.093808e+02
  1.5840e+02     7.046209e+02
  1.5860e+02     6.999189e+02
  1.5880e+02     6.952743e+02
  1.5900e+02     6.906866e+02
  1.5920e+02     6.861552e+02
  1.5940e+02     6.816795e+02
  1.5960e+02     6.772590e+02
  1.5980e+02     6.728932e+02
  1.6000e+02     6.685816e+02
  1.6020e+02     6.643235e+02
  1.6040e+02     6.601184e+02
  1.6060e+02     6.559658e+02
  1.6080e+02     6.518653e+02
  1.6100e+02     6.478162e+02
  1.6120e+02     6.438181e+02
  1.6140e+02     6.398704e+02
  1.6160e+02     6.359726e+02
  1.6180e+02     6.321243e+02
  1.6200e+02     6.283249e+02
  1.6220e+02     6.245740e+02
  1.6240e+02     6.208709e+02
  1.6260e+02     6.172154e+02
  1.6280e+02     6.136068e+02
  1.6300e+02     6.100448e+02
  1.6320e+02     6.065287e+02
  1.6340e+02     6.030583e+02
  1.6360e+02     5.996329e+02
  1.6380e+02     5.962522e+02
  1.6400e+02     5.929156e+02
  1.6420e+02     5.896228e+02
  1.6440e+02     5.863734e+02
  1.6460e+02     5.831667e+02
  1.6480e+02     5.800025e+02
  1.6500e+02     5.768803e+02
  1.6520e+02     5.737997e+02
  1.6540e+02     5.707602e+02
  1.6560e+02     5.677615e+02
  1.6580e+02     5.648030e+02
  1.6600e+02     5.618845e+02
  1.6620e+02     5.590055e+02
  1.6640e+02     5.561657e+02
  1.6660e+02     5.533645e+02
  1.6680e+02     5.506017e+02
  1.6700e+02     5.478769e+02
  1.6720e+02     5.451896e+02
  1.6740e+02     5.425396e+02
  1.6760e+02     5.399263e+02
  1.6780e+02     5.373496e+02
  1.6800e+02     5.348089e+02
  1.6820e+02     5.323040e+02
  1.6840e+02     5.298346e+02
  1.6860e+02     5.274001e+02
  1.6880e+02     5.250004e+02
  1.6900e+02     5.226350e+02
  1.6920e+02     5.203037e+02
  1.6940e+02     5.180061e+02
  1.6960e+02     5.157419e+02
  1.6980e+02     5.135108e+02
  1.7000e+02     5.113124e+02
  1.7020e+02     5.091464e+02
  1.7040e+02     5.070126e+02
  1.7060e+02     5.049105e+02
  1.7080e+02     5.028400e+02
  1.7100e+02     5.008008e+02
  1.7120e+02     4.987924e+02
  1.7140e+02     4.968148e+02
  1.7160e+02     4.948674e+02
  1.7180e+02     4.929502e+02
  1.7200e+02     4.910628e+02
  1.7220e+02     4.892049e+02
  1.7240e+02     4.873763e+02
  1.7260e+02     4.855767e+02
  1.7280e+02     4.838058e+02
  1.7300e+02     4.820634e+02
  1.7320e+02     4.803493e+02
  1.7340e+02     4.786631e+02
  1.7360e+02     4.770047e+02
  1.7380e+02     4.753738e+02
  1.7400e+02     4.737702e+02
  1.7420e+02     4.721936e+02
  1.7440e+02     4.706438e+02
  1.7460e+02     4.691205e+02
  1.7480e+02     4.676237e+02
  1.7500e+02     4.661529e+02
  1.7520e+02     4.647081e+02
  1.7540e+02     4.632889e+02
  1.7560e+02     4.618953e+02
  1.7580e+02     4.605269e+02
  1.7600e+02     4.591836e+02
  1.7620e+02     4.578652e+02
  1.7640e+02     4.565715e+02
  1.7660e+02     4.553023e+02
  1.7680e+02     4.540574e+02
  1.7700e+02     4.528366e+02
  1.7720e+02     4.516398e+02
  1.7740e+02     4.504667e+02
  1.7760e+02     4.493172e+02
  1.7780e+02     4.481911e+02
  1.7800e+02     4.470882e+02
  1.7820e+02     4.460084e+02
  1.7840e+02     4.449515e+02
  1.7860e+02     4.439173e+02
  1.7880e+02     4.429057e+02
  1.7900e+02     4.419166e+02
  1.7920e+02     4.409497e+02
  1.7940e+02     4.400049e+02
  1.7960e+02     4.390822e+02
  1.7980e+02     4.381812e+02
  1.8000e+02     4.373020e+02
  1.8020e+02     4.364443e+02
  1.8040e+02     4.356080e+02
  1.8060e+02     4.347930e+02
  1.8080e+02     4.339992e+02
  1.8100e+02     4.332264e+02
  1.8120e+02     4.324744e+02
  1.8140e+02     4.317433e+02
  1.8160e+02     4.310328e+02
  1.8180e+02     4.303429e+02
  1.8200e+02     4.296734e+02
  1.8220e+02     4.290242e+02
  1.8240e+02     4.283952e+02
  1.8260e+02     4.277864e+02
  1.8280e+02     4.271975e+02
  1.8300e+02     4.266285e+02
  1.8320e+02     4.260793e+02
  1.8340e+02     4.255498e+02
  1.8360e+02     4.250399e+02
  1.8380e+02     4.245495e+02
  1.8400e+02     4.240785e+02
  1.8420e+02     4.236269e+02
  1.8440e+02     4.231945e+02
  1.8460e+02     4.227812e+02
  1.8480e+02     4.223871e+02
  1.8500e+02     4.220120e+02
  1.8520e+02     4.216558e+02
  1.8540e+02     4.213184e+02
  1.8560e+02     4.209998e+02
  1.8580e+02     4.207000e+02
  1.8600e+02     4.204188e+02
  1.8620e+02     4.201561e+02
  1.8640e+02     4.199120e+02
  1.8660e+02     4.196864e+02
  1.8680e+02     4.194791e+02
  1.8700e+02     4.192902e+02
  1.8720e+02     4.191196e+02
  1.8740e+02     4.189673e+02
  1.8760e+02     4.188331e+02
  1.8780e+02     4.187170e+02
  1.8800e+02     4.186191e+02
  1.8820e+02     4.185392e+02
  1.8840e+02     4.184773e+02
  1.8860e+02     4.184333e+02
  1.8880e+02     4.184073e+02
  1.8900e+02     4.183992e+02
  1.8920e+02     4.184090e+02
  1.8940e+02     4.184366e+02
  1.8960e+02     4.184820e+02
  1.8980e+02     4.185451e+02
  1.9000e+02     4.186260e+02
  1.9020e+02     4.187246e+02
  1.9040e+02     4.188410e+02
  1.9060e+02     4.189750e+02
  1.9080e+02     4.191266e+02
  1.9100e+02     4.192959e+02
  1.9120e+02     4.194828e+02
  1.9140e+02     4.196874e+02
  1.9160e+02     4.199095e+02
  1.9180e+02     4.201492e+02
  1.9200e+02     4.204066e+02
  1.9220e+02     4.206815e+02
  1.9240e+02     4.209740e+02
  1.9260e+02     4.212840e+02
  1.9280e+02     4.216117e+02
  1.9300e+02     4.219569e+02
  1.9320e+02     4.223197e+02
  1.9340e+02     4.227000e+02
  1.9360e+02     4.230980e+02
  1.9380e+02     4.235136e+02
  1.9400e+02     4.239468e+02
  1.9420e+02     4.243976e+02
  1.9440e+02     4.248660e+02
  1.9460e+02     4.253521e+02
  1.9480e+02     4.258559e+02
  1.9500e+02     4.263774e+02
  1.9520e+02     4.269166e+02
  1.9540e+02     4.274735e+02
  1.9560e+02     4.280482e+02
  1.9580e+02     4.286406e+02
  1.9600e+02     4.292509e+02
  1.9620e+02     4.298790e+02
  1.9640e+02     4.305250e+02
  1.9660e+02     4.311889e+02
  1.9680e+02     4.318707e+02
  1.9700e+02     4.325706e+02
  1.9720e+02     4.332884e+02
  1.9740e+02     4.340243e+02
  1.9760e+02     4.347783e+02
  1.9780e+02     4.355504e+02
  1.9800e+02     4.363407e+02
  1.9820e+02     4.371492e+02
  1.9840e+02     4.379761e+02
  1.9860e+02     4.388212e+02
  1.9880e+02     4.396847e+02
  1.9900e+02     4.405667e+02
  1.9920e+02     4.414671e+02
  1.9940e+02     4.423861e+02
  1.9960e+02     4.433237e+02
  1.9980e+02     4.442799e+02
  2.0000e+02     4.452549e+02
  2.0020e+02     4.462486e+02
  2.0040e+02     4.472612e+02
  2.0060e+02     4.482927e+02
  2.0080e+02     4.493432e+02
  2.0100e+02     4.504127e+02
  2.0120e+02     4.515014e+02
  2.0140e+02     4.526092e+02
  2.0160e+02     4.537363e+02
  2.0180e+02     4.548828e+02
  2.0200e+02     4.560486e+02
  2.0220e+02     4.572340e+02
  2.0240e+02     4.584389e+02
  2.0260e+02     4.596635e+02
  2.0280e+02     4.609078e+02
  2.0300e+02     4.621720e+02
  2.0320e+02     4.634561e+02
  2.0340e+02     4.647601e+02
  2.0360e+02     4.660843e+02
  2.0380e+02     4.674286e+02
  2.0400e+02     4.687933e+02
  2.0420e+02     4.701782e+02
  2.0440e+02     4.715837e+02
  2.0460e+02     4.730097e+02
  2.0480e+02     4.744564e+02
  2.0500e+02     4.759238e+02
  2.0520e+02     4.774121e+02
  2.0540e+02     4.789214e+02
  2.0560e+02     4.804517e+02
  2.0580e+02     4.820032e+02
  2.0600e+02     4.835760e+02
  2.0620e+02     4.851703e+02
  2.0640e+02     4.867860e+02
  2.0660e+02     4.884233e+02
  2.0680e+02     4.900824e+02
  2.0700e+02     4.917633e+02
  2.0720e+02     4.934662e+02
  2.0740e+02     4.951912e+02
  2.0760e+02     4.969384e+02
  2.0780e+02     4.987079e+02
  2.0800e+02     5.004999e+02
  2.0820e+02     5.023145e+02
  2.0840e+02     5.041517e+02
  2.0860e+02     5.060118e+02
  2.0880e+02     5.078949e+02
  2.0900e+02     5.098011e+02
  2.0920e+02     5.117305e+02
  2.0940e+02     5.136832e+02
  2.0960e+02     5.156595e+02
  2.0980e+02     5.176593e+02
  2.1000e+02     5.196830e+02
  2.1020e+02     5.217306e+02
  2.1040e+02     5.238022e+02
  2.1060e+02     5.258980e+02
  2.1080e+02     5.280182e+02
  2.1100e+02     5.301628e+02
  2.1120e+02     5.323321e+02
  2.1140e+02     5.345261e+02
  2.1160e+02     5.367451e+02
  2.1180e+02     5.389892e+02
  2.1200e+02     5.412585e+02
  2.1220e+02     5.435531e+02
  2.1240e+02     5.458734e+02
  2.1260e+02     5.482193e+02
  2.1280e+02     5.505910e+02
  2.1300e+02     5.529888e+02
  2.1320e+02     5.554128e+02
  2.1340e+02     5.578631e+02
  2.1360e+02     5.603399e+02
  2.1380e+02     5.628433e+02
  2.1400e+02     5.653736e+02
  2.1420e+02     5.679308e+02
  2.1440e+02     5.705153e+02
  2.1460e+02     5.731270e+02
  2.1480e+02     5.757663e+02
  2.1500e+02     5.784332e+02
  2.1520e+02     5.811280e+02
  2.1540e+02     5.838507e+02
  2.1560e+02     5.866017e+02
  2.1580e+02     5.893810e+02
  2.1600e+02     5.921889e+02
  2.1620e+02     5.950255e+02
  2.1640e+02     5.978910e+02
  2.1660e+02     6.007856e+02
  2.1680e+02     6.037094e+02
  2.1700e+02     6.066627e+02
  2.1720e+02     6.096456e+02
  2.1740e+02     6.126582e+02
  2.1760e+02     6.157009e+02
  2.1780e+02     6.187738e+02
  2.1800e+02     6.218770e+02
  2.1820e+02     6.250107e+02
  2.1840e+02     6.281752e+02
  2.1860e+02     6.313706e+02
  2.1880e+02     6.345972e+02
  2.1900e+02     6.378550e+02
  2.1920e+02     6.411443e+02
  2.1940e+02     6.444653e+02
  2.1960e+02     6.478181e+02
  2.1980e+02     6.512030e+02
  2.2000e+02     6.546202e+02
  2.2020e+02     6.580698e+02
  2.2040e+02     6.615521e+02
  2.2060e+02     6.650672e+02
  2.2080e+02     6.686153e+02
  2.2100e+02     6.721966e+02
  2.2120e+02     6.758114e+02
  2.2140e+02     6.794597e+02
  2.2160e+02     6.831419e+02
  2.2180e+02     6.868581e+02
  2.2200e+02     6.906084e+02
  2.2220e+02     6.943931e+02
  2.2240e+02     6.982125e+02
  2.2260e+02     7.020665e+02
  2.2280e+02     7.059556e+02
  2.2300e+02     7.098798e+02
  2.2320e+02     7.138394e+02
  2.2340e+02     7.178346e+02
  2.2360e+02     7.218654e+02
  2.2380e+02     7.259323e+02
  2.2400e+02     7.300352e+02
  2.2420e+02     7.341745e+02
  2.2440e+02     7.383502e+02
  2.2460e+02     7.425627e+02
  2.2480e+02     7.468121e+02
  2.2500e+02     7.510985e+02
  2.2520e+02     7.554222e+02
  2.2540e+02     7.597834e+02
  2.2560e+02     7.641822e+02
  2.2580e+02     7.686188e+02
  2.2600e+02     7.730935e+02
  2.2620e+02     7.776063e+02
  2.2640e+02     7.821575e+02
  2.2660e+02     7.867472e+02
  2.2680e+02     7.913757e+02
  2.2700e+02     7.960430e+02
  2.2720e+02     8.007495e+02
  2.2740e+02     8.054952e+02
  2.2760e+02     8.102803e+02
  2.2780e+02     8.151050e+02
  2.2800e+02     8.199694e+02
  2.2820e+02     8.248738e+02
  2.2840e+02     8.298182e+02
  2.2860e+02     8.348029e+02
  2.2880e+02     8.398280e+02
  2.2900e+02     8.448936e+02
  2.2920e+02     8.499999e+02
  2.2940e+02     8.551471e+02
  2.2960e+02     8.603353e+02
  2.2980e+02     8.655646e+02
  2.3000e+02     8.708352e+02
  2.3020e+02     8.761472e+02
  2.3040e+02     8.815008e+02
  2.3060e+02     8.868961e+02
  2.3080e+02     8.923331e+02
  2.3100e+02     8.978121e+02
  2.3120e+02     9.033331e+02
  2.3140e+02     9.088963e+02
  2.3160e+02     9.145018e+02
  2.3180e+02     9.201497e+02
  2.3200e+02     9.258400e+02
  2.3220e+02     9.315729e+02
  2.3240e+02     9.373484e+02
  2.3260e+02     9.431668e+02
  2.3280e+02     9.490279e+02
  2.3300e+02     9.549320e+02
  2.3320e+02     9.608791e+02
  2.3340e+02     9.668692e+02
  2.3360e+02     9.729025e+02
  2.3380e+02     9.789789e+02
  2.3400e+02     9.850985e+02
  2.3420e+02     9.912615e+02
  2.3440e+02     9.974677e+02
  2.3460e+02     1.003717e+03
  2.3480e+02     1.010010e+03
  2.3500e+02     1.016346e+03
  2.3520e+02     1.022726e+03
  2.3540e+02     1.029149e+03
  2.3560e+02     1.035615e+03
  2.3580e+02     1.042125e+03
  2.3600e+02     1.048678e+03
  2.3620e+02     1.055275e+03
  2.3640e+02     1.061915e+03
  2.3660e+02     1.068598e+03
  2.3680e+02     1.075324e+03
  2.3700e+02     1.082094e+03
  2.3720e+02     1.088906e+03
  2.3740e+02     1.095762e+03
  2.3760e+02     1.102660e+03
  2.3780e+02     1.109601e+03
  2.3800e+02     1.116585e+03
  2.3820e+02     1.123612e+03
  2.3840e+02     1.130681e+03
  2.3860e+02     1.137793e+03
  2.3880e+02     1.144946e+03
  2.3900e+02     1.152142e+03
  2.3920e+02     1.159380e+03
  2.3940e+02     1.166659e+03
  2.3960e+02     1.173980e+03
  2.3980e+02     1.181342e+03
  2.4000e+02     1.188746e+03
  2.4020e+02     1.196190e+03
  2.4040e+02     1.203675e+03
  2.4060e+02     1.211201e+03
  2.4080e+02     1.218766e+03
  2.4100e+02     1.226372e+03
  2.4120e+02     1.234017e+03
  2.4140e+02     1.241701e+03
  2.4160e+02     1.249425e+03
  2.4180e+02     1.257187e+03
  2.4200e+02     1.264988e+03
  2.4220e+02     1.272826e+03
  2.4240e+02     1.280703e+03
  2.4260e+02     1.288616e+03
  2.4280e+02     1.296567e+03
  2.4300e+02     1.304554e+03
  2.4320e+02     1.312577e+03
  2.4340e+02     1.320636e+03
  2.4360e+02     1.328730e+03
  2.4380e+02     1.336858e+03
  2.4400e+02     1.345021e+03
  2.4420e+02     1.353218e+03
  2.4440e+02     1.361448e+03
  2.4460e+02     1.369711e+03
  2.4480e+02     1.378006e+03
  2.4500e+02     1.386332e+03
  2.4520e+02     1.394690e+03
  2.4540e+02     1.403078e+03
  2.4560e+02     1.411496e+03
  2.4580e+02     1.419944e+03
  2.4600e+02     1.428419e+03
  2.4620e+02     1.436923e+03
  2.4640e+02     1.445454e+03
  2.4660e+02     1.454012e+03
  2.4680e+02     1.462595e+03
  2.4700e+02     1.471204e+03
  2.4720e+02     1.479837e+03
  2.4740e+02     1.488494e+03
  2.4760e+02     1.497173e+03
  2.4780e+02     1.505875e+03
  2.4800e+02     1.514597e+03
  2.4820e+02     1.523341e+03
  2.4840e+02     1.532103e+03
  2.4860e+02     1.540884e+03
  2.4880e+02     1.549683e+03
  2.4900e+02     1.558499e+03
  2.4920e+02     1.567331e+03
  2.4940e+02     1.576178e+03
  2.4960e+02     1.585039e+03
  2.4980e+02     1.593912e+03
  2.5000e+02     1.602798e+03
  2.5020e+02     1.611695e+03
  2.5040e+02     1.620601e+03
  2.5060e+02     1.629517e+03
  2.5080e+02     1.638440e+03
  2.5100e+02     1.647370e+03
  2.5120e+02     1.656305e+03
  2.5140e+02     1.665245e+03
  2.5160e+02     1.674188e+03
  2.5180e+02     1.683133e+03
  2.5200e+02     1.692078e+03
  2.5220e+02     1.701024e+03
  2.5240e+02     1.709968e+03
  2.5260e+02     1.718909e+03
  2.5280e+02     1.727846e+03
  2.5300e+02     1.736777e+03
  2.5320e+02     1.745702e+03
  2.5340e+02     1.754618e+03
  2.5360e+02     1.763526e+03
  2.5380e+02     1.772422e+03
  2.5400e+02     1.781306e+03
  2.5420e+02     1.790177e+03
  2.5440e+02     1.799033e+03
  2.5460e+02     1.807872e+03
  2.5480e+02     1.816694e+03
  2.5500e+02     1.825496e+03
  2.5520e+02     1.834278e+03
  2.5540e+02     1.843037e+03
  2.5560e+02     1.851772e+03
  2.5580e+02     1.860482e+03
  2.5600e+02     1.869165e+03
  2.5620e+02     1.877820e+03
  2.5640e+02     1.886444e+03
  2.5660e+02     1.895038e+03
  2.5680e+02     1.903597e+03
  2.5700e+02     1.912123e+03
  2.5720e+02     1.920611e+03
  2.5740e+02     1.929062e+03
  2.5760e+02     1.937473e+03
  2.5780e+02     1.945842e+03
  2.5800e+02     1.954169e+03
  2.5820e+02     1.962451e+03
  2.5840e+02     1.970686e+03
  2.5860e+02     1.978874e+03
  2.5880e+02     1.987011e+03
  2.5900e+02     1.995098e+03
  2.5920e+02     2.003130e+03
  2.5940e+02     2.011108e+03
  2.5960e+02     2.019030e+03
  2.5980e+02     2.026893e+03
  2.6000e+02     2.034695e+03
  2.6020e+02     2.042436e+03
  2.6040e+02     2.050114e+03
  2.6060e+02     2.057725e+03
  2.6080e+02     2.065270e+03
  2.6100e+02     2.072746e+03
  2.6120e+02     2.080151e+03
  2.6140e+02     2.087484e+03
  2.6160e+02     2.094742e+03
  2.6180e+02     2.101925e+03
  2.6200e+02     2.109030e+03
  2.6220e+02     2.116056e+03
  2.6240e+02     2.123000e+03
  2.6260e+02     2.129862e+03
  2.6280e+02     2.136639e+03
  2.6300e+02     2.143330e+03
  2.6320e+02     2.149932e+03
  2.6340e+02     2.156445e+03
  2.6360e+02     2.162867e+03
  2.6380e+02     2.169195e+03
  2.6400e+02     2.175428e+03
  2.6420e+02     2.181565e+03
  2.6440e+02     2.187604e+03
  2.6460e+02     2.193543e+03
  2.6480e+02     2.199381e+03
  2.6500e+02     2.205115e+03
  2.6520e+02     2.210745e+03
  2.6540e+02     2.216269e+03
  2.6560e+02     2.221685e+03
  2.6580e+02     2.226992e+03
  2.6600e+02     2.232188e+03
  2.6620e+02     2.237272e+03
  2.6640e+02     2.242241e+03
  2.6660e+02     2.247096e+03
  2.6680e+02     2.251834e+03
  2.6700e+02     2.256454e+03
  2.6720e+02     2.260954e+03
  2.6740e+02     2.265334e+03
  2.6760e+02     2.269591e+03
  2.6780e+02     2.273725e+03
  2.6800e+02     2.277734e+03
  2.6820e+02     2.281617e+03
  2.6840e+02     2.285373e+03
  2.6860e+02     2.289001e+03
  2.6880e+02     2.292499e+03
  2.6900e+02     2.295867e+03
  2.6920e+02     2.299102e+03
  2.6940e+02     2.302205e+03
  2.6960e+02     2.305174e+03
  2.6980e+02     2.308008e+03
  2.7000e+02     2.310707e+03
  2.7020e+02     2.313269e+03
  2.7040e+02     2.315693e+03
  2.7060e+02     2.317979e+03
  2.7080e+02     2.320126e+03
  2.7100e+02     2.322133e+03
  2.7120e+02     2.323999e+03
  2.7140e+02     2.325724e+03
  2.7160e+02     2.327306e+03
  2.7180e+02     2.328747e+03
  2.7200e+02     2.330044e+03
  2.7220e+02     2.331198e+03
  2.7240e+02     2.332207e+03
  2.7260e+02     2.333072e+03
  2.7280e+02     2.333792e+03
  2.7300e+02     2.334367e+03
  2.7320e+02     2.334797e+03
  2.7340e+02     2.335080e+03
  2.7360e+02     2.335218e+03
  2.7380e+02     2.335209e+03
  2.7400e+02     2.335055e+03
  2.7420e+02     2.334754e+03
  2.7440e+02     2.334306e+03
  2.7460e+02     2.333713e+03
  2.7480e+02     2.332973e+03
  2.7500e+02     2.332087e+03
  2.7520e+02     2.331055e+03
  2.7540e+02     2.329877e+03
  2.7560e+02     2.328554e+03
  2.7580e+02     2.327086e+03
  2.7600e+02     2.325473e+03
  2.7620e+02     2.323715e+03
  2.7640e+02     2.321814e+03
  2.7660e+02     2.319768e+03
  2.7680e+02     2.317580e+03
  2.7700e+02     2.315250e+03
  2.7720e+02     2.312778e+03
  2.7740e+02     2.310164e+03
  2.7760e+02     2.307410e+03
  2.7780e+02     2.304517e+03
  2.7800e+02     2.301484e+03
  2.7820e+02     2.298314e+03
  2.7840e+02     2.295006e+03
  2.7860e+02     2.291562e+03
  2.7880e+02     2.287983e+03
  2.7900e+02     2.284270e+03
  2.7920e+02     2.280423e+03
  2.7940e+02     2.276444e+03
  2.7960e+02     2.272334e+03
  2.7980e+02     2.268094e+03
  2.8000e+02     2.263726e+03
  2.8020e+02     2.259230e+03
  2.8040e+02     2.254607e+03
  2.8060e+02     2.249860e+03
  2.8080e+02     2.244990e+03
  2.8100e+02     2.239997e+03
  2.8120e+02     2.234883e+03
  2.8140e+02     2.229650e+03
  2.8160e+02     2.224299e+03
  2.8180e+02     2.218832e+03
  2.8200e+02     2.213250e+03
  2.8220e+02     2.207554e+03
  2.8240e+02     2.201747e+03
  2.8260e+02     2.195830e+03
  2.8280e+02     2.189804e+03
  2.8300e+02     2.183671e+03
  2.8320e+02     2.177433e+03
  2.8340e+02     2.171092e+03
  2.8360e+02     2.164649e+03
  2.8380e+02     2.158106e+03
  2.8400e+02     2.151465e+03
  2.8420e+02     2.144728e+03
  2.8440e+02     2.137896e+03
  2.8460e+02     2.130971e+03
  2.8480e+02     2.123955e+03
  2.8500e+02     2.116850e+03
  2.8520e+02     2.109658e+03
  2.8540e+02     2.102380e+03
  2.8560e+02     2.095020e+03
  2.8580e+02     2.087577e+03
  2.8600e+02     2.080055e+03
  2.8620e+02     2.072455e+03
  2.8640e+02     2.064779e+03
  2.8660e+02     2.057030e+03
  2.8680e+02     2.049208e+03
  2.8700e+02     2.041317e+03
  2.8720e+02     2.033358e+03
  2.8740e+02     2.025332e+03
  2.8760e+02     2.017242e+03
  2.8780e+02     2.009091e+03
  2.8800e+02     2.000878e+03
  2.8820e+02     1.992608e+03
  2.8840e+02     1.984281e+03
  2.8860e+02     1.975900e+03
  2.8880e+02     1.967467e+03
  2.8900e+02     1.958983e+03
  2.8920e+02     1.950450e+03
  2.8940e+02     1.941871e+03
  2.8960e+02     1.933247e+03
  2.8980e+02     1.924581e+03
  2.9000e+02     1.915873e+03
  2.9020e+02     1.907126e+03
  2.9040e+02     1.898343e+03
  2.9060e+02     1.889524e+03
  2.9080e+02     1.880671e+03
  2.9100e+02     1.871787e+03
  2.9120e+02     1.862874e+03
  2.9140e+02     1.853932e+03
  2.9160e+02     1.844964e+03
  2.9180e+02     1.835973e+03
  2.9200e+02     1.826958e+03
  2.9220e+02     1.817923e+03
  2.9240e+02     1.808869e+03
  2.9260e+02     1.799797e+03
  2.9280e+02     1.790710e+03
  2.9300e+02     1.781609e+03
  2.9320e+02     1.772496e+03
  2.9340e+02     1.763372e+03
  2.9360e+02     1.754239e+03
  2.9380e+02     1.745099e+03
  2.9400e+02     1.735954e+03
  2.9420e+02     1.726804e+03
  2.9440e+02     1.717651e+03
  2.9460e+02     1.708497e+03
  2.9480e+02     1.699344e+03
  2.9500e+02     1.690193e+03
  2.9520e+02     1.681045e+03
  2.9540e+02     1.671901e+03
  2.9560e+02     1.662764e+03
  2.9580e+02     1.653635e+03
  2.9600e+02     1.644514e+03
  2.9620e+02     1.635404e+03
  2.9640e+02     1.626306e+03
  2.9660e+02     1.617220e+03
  2.9680e+02     1.608149e+03
  2.9700e+02     1.599093e+03
  2.9720e+02     1.590054e+03
  2.9740e+02     1.581032e+03
  2.9760e+02     1.572030e+03
  2.9780e+02     1.563048e+03
  2.9800e+02     1.554087e+03
  2.9820e+02     1.545149e+03
  2.9840e+02     1.536234e+03
  2.9860e+02     1.527344e+03
  2.9880e+02     1.518479e+03
  2.9900e+02     1.509641e+03
  2.9920e+02     1.500831e+03
  2.9940e+02     1.492049e+03
  2.9960e+02     1.483297e+03
  2.9980e+02     1.474575e+03
  3.0000e+02     1.465884e+03
  3.0020e+02     1.457226e+03
  3.0040e+02     1.448600e+03
  3.0060e+02     1.440009e+03
  3.0080e+02     1.431452e+03
  3.0100e+02     1.422930e+03
  3.0120e+02     1.414444e+03
  3.0140e+02     1.405996e+03
  3.0160e+02     1.397585e+03
  3.0180e+02     1.389212e+03
  3.0200e+02     1.380878e+03
  3.0220e+02     1.372583e+03
  3.0240e+02     1.364329e+03
  3.0260e+02     1.356116e+03
  3.0280e+02     1.347944e+03
  3.0300e+02     1.339813e+03
  3.0320e+02     1.331725e+03
  3.0340e+02     1.323680e+03
  3.0360e+02     1.315679e+03
  3.0380e+02     1.307721e+03
  3.0400e+02     1.299808e+03
  3.0420e+02     1.291939e+03
  3.0440e+02     1.284116e+03
  3.0460e+02     1.276338e+03
  3.0480e+02     1.268607e+03
  3.0500e+02     1.260921e+03
  3.0520e+02     1.253283e+03
  3.0540e+02     1.245691e+03
  3.0560e+02     1.238147e+03
  3.0580e+02     1.230650e+03
  3.0600e+02     1.223201e+03
  3.0620e+02     1.215800e+03
  3.0640e+02     1.208448e+03
  3.0660e+02     1.201144e+03
  3.0680e+02     1.193889e+03
  3.0700e+02     1.186683e+03
  3.0720e+02     1.179526e+03
  3.0740e+02     1.172419e+03
  3.0760e+02     1.165361e+03
  3.0780e+02     1.158353e+03
  3.0800e+02     1.151395e+03
  3.0820e+02     1.144486e+03
  3.0840e+02     1.137628e+03
  3.0860e+02     1.130819e+03
  3.0880e+02     1.124061e+03
  3.0900e+02     1.117353e+03
  3.0920e+02     1.110695e+03
  3.0940e+02     1.104088e+03
  3.0960e+02     1.097531e+03
  3.0980e+02     1.091024e+03
  3.1000e+02     1.084568e+03
  3.1020e+02     1.078162e+03
  3.1040e+02     1.071806e+03
  3.1060e+02     1.065501e+03
  3.1080e+02     1.059246e+03
  3.1100e+02     1.053041e+03
  3.1120e+02     1.046886e+03
  3.1140e+02     1.040782e+03
  3.1160e+02     1.034728e+03
  3.1180e+02     1.028723e+03
  3.1200e+02     1.022769e+03
  3.1220e+02     1.016864e+03
  3.1240e+02     1.011009e+03
  3.1260e+02     1.005204e+03
  3.1280e+02     9.994488e+02
  3.1300e+02     9.937424e+02
  3.1320e+02     9.880852e+02
  3.1340e+02     9.824771e+02
  3.1360e+02     9.769180e+02
  3.1380e+02     9.714077e+02
  3.1400e+02     9.659461e+02
  3.1420e+02     9.605330e+02
  3.1440e+02     9.551682e+02
  3.1460e+02     9.498516e+02
  3.1480e+02     9.445831e+02
  3.1500e+02     9.393623e+02
  3.1520e+02     9.341892e+02
  3.1540e+02     9.290635e+02
  3.1560e+02     9.239851e+02
  3.1580e+02     9.189537e+02
  3.1600e+02     9.139692e+02
  3.1620e+02     9.090314e+02
  3.1640e+02     9.041400e+02
  3.1660e+02     8.992949e+02
  3.1680e+02     8.944958e+02
  3.1700e+02     8.897426e+02
  3.1720e+02     8.850349e+02
  3.1740e+02     8.803726e+02
  3.1760e+02     8.757555e+02
  3.1780e+02     8.711833e+02
  3.1800e+02     8.666558e+02
  3.1820e+02     8.621728e+02
  3.1840e+02     8.577339e+02
  3.1860e+02     8.533391e+02
  3.1880e+02     8.489881e+02
  3.1900e+02     8.446806e+02
  3.1920e+02     8.404164e+02
  3.1940e+02     8.361952e+02
  3.1960e+02     8.320168e+02
  3.1980e+02     8.278810e+02
  3.2000e+02     8.237875e+02
  3.2020e+02     8.197361e+02
  3.2040e+02     8.157266e+02
  3.2060e+02     8.117585e+02
  3.2080e+02     8.078319e+02
  3.2100e+02     8.039463e+02
  3.2120e+02     8.001016e+02
  3.2140e+02     7.962974e+02
  3.2160e+02     7.925336e+02
  3.2180e+02     7.888099e+02
  3.2200e+02     7.851261e+02
  3.2220e+02     7.814818e+02
  3.2240e+02     7.778769e+02
  3.2260e+02     7.743111e+02
  3.2280e+02     7.707842e+02
  3.2300e+02     7.672958e+02
  3.2320e+02     7.638458e+02
  3.2340e+02     7.604340e+02
  3.2360e+02     7.570600e+02
  3.2380e+02     7.537236e+02
  3.2400e+02     7.504246e+02
  3.2420e+02     7.471628e+02
  3.2440e+02     7.439378e+02
  3.2460e+02     7.407495e+02
  3.2480e+02     7.375976e+02
  3.2500e+02     7.344818e+02
  3.2520e+02     7.314020e+02
  3.2540e+02     7.283579e+02
  3.2560e+02     7.253492e+02
  3.2580e+02     7.223758e+02
  3.2600e+02     7.194373e+02
  3.2620e+02     7.165336e+02
  3.2640e+02     7.136644e+02
  3.2660e+02     7.108294e+02
  3.2680e+02     7.080286e+02
  3.2700e+02     7.052615e+02
  3.2720e+02     7.025281e+02
  3.2740e+02     6.998280e+02
  3.2760e+02     6.971611e+02
  3.2780e+02     6.945271e+02
  3.2800e+02     6.919258e+02
  3.2820e+02     6.893569e+02
  3.2840e+02     6.868204e+02
  3.2860e+02     6.843159e+02
  3.2880e+02     6.818432e+02
  3.2900e+02     6.794022e+02
  3.2920e+02     6.769925e+02
  3.2940e+02     6.746141e+02
  3.2960e+02     6.722666e+02
  3.2980e+02     6.699500e+02
  3.3000e+02     6.676639e+02
  3.3020e+02     6.654082e+02
  3.3040e+02     6.631827e+02
  3.3060e+02     6.609871e+02
  3.3080e+02     6.588213e+02
  3.3100e+02     6.566851e+02
  3.3120e+02     6.545783e+02
  3.3140e+02     6.525007e+02
  3.3160e+02     6.504521e+02
  3.3180e+02     6.484323e+02
  3.3200e+02     6.464412e+02
  3.3220e+02     6.444785e+02
  3.3240e+02     6.425440e+02
  3.3260e+02     6.406376e+02
  3.3280e+02     6.387592e+02
  3.3300e+02     6.369085e+02
  3.3320e+02     6.350853e+02
  3.3340e+02     6.332895e+02
  3.3360e+02     6.315209e+02
  3.3380e+02     6.297793e+02
  3.3400e+02     6.280646e+02
  3.3420e+02     6.263766e+02
  3.3440e+02     6.247151e+02
  3.3460e+02     6.230801e+02
  3.3480e+02     6.214712e+02
  3.3500e+02     6.198884e+02
  3.3520e+02     6.183315e+02
  3.3540e+02     6.168003e+02
  3.3560e+02     6.152947e+02
  3.3580e+02     6.138146e+02
  3.3600e+02     6.123598e+02
  3.3620e+02     6.109301e+02
  3.3640e+02     6.095255e+02
  3.3660e+02     6.081457e+02
  3.3680e+02     6.067906e+02
  3.3700e+02     6.054601e+02
  3.3720e+02     6.041540e+02
  3.3740e+02     6.028723e+02
  3.3760e+02     6.016147e+02
  3.3780e+02     6.003812e+02
  3.3800e+02     5.991715e+02
  3.3820e+02     5.979857e+02
  3.3840e+02     5.968236e+02
  3.3860e+02     5.956849e+02
  3.3880e+02     5.945697e+02
  3.3900e+02     5.934778e+02
  3.3920e+02     5.924091e+02
  3.3940e+02     5.913634e+02
  3.3960e+02     5.903407e+02
  3.3980e+02     5.893408e+02
  3.4000e+02     5.883636e+02
  3.4020e+02     5.874090e+02
  3.4040e+02     5.864770e+02
  3.4060e+02     5.855673e+02
  3.4080e+02     5.846799e+02
  3.4100e+02     5.838148e+02
  3.4120e+02     5.829717e+02
  3.4140e+02     5.821506e+02
  3.4160e+02     5.813515e+02
  3.4180e+02     5.805741e+02
  3.4200e+02     5.798184e+02
  3.4220e+02     5.790844e+02
  3.4240e+02     5.783719e+02
  3.4260e+02     5.776808e+02
  3.4280e+02     5.770111e+02
  3.4300e+02     5.763626e+02
  3.4320e+02     5.757354e+02
  3.4340e+02     5.751292e+02
  3.4360e+02     5.745441e+02
  3.4380e+02     5.739799e+02
  3.4400e+02     5.734366e+02
  3.4420e+02     5.729141e+02
  3.4440e+02     5.724124e+02
  3.4460e+02     5.719313e+02
  3.4480e+02     5.714707e+02
  3.4500e+02     5.710307e+02
  3.4520e+02     5.706112e+02
  3.4540e+02     5.702120e+02
  3.4560e+02     5.698332e+02
  3.4580e+02     5.694746e+02
  3.4600e+02     5.691363e+02
  3.4620e+02     5.688181e+02
  3.4640e+02     5.685200e+02
  3.4660e+02     5.682419e+02
  3.4680e+02     5.679838e+02
  3.4700e+02     5.677456e+02
  3.4720e+02     5.675273e+02
  3.4740e+02     5.673289e+02
  3.4760e+02     5.671502e+02
  3.4780e+02     5.669913e+02
  3.4800e+02     5.668521e+02
  3.4820e+02     5.667325e+02
  3.4840e+02     5.666326e+02
  3.4860e+02     5.665522e+02
  3.4880e+02     5.664914e+02
  3.4900e+02     5.664500e+02
  3.4920e+02     5.664281e+02
  3.4940e+02     5.664257e+02
  3.4960e+02     5.664427e+02
  3.4980e+02     5.664790e+02
  3.5000e+02     5.665347e+02
  3.5020e+02     5.666096e+02
  3.5040e+02     5.667039e+02
  3.5060e+02     5.668175e+02
  3.5080e+02     5.669502e+02
  3.5100e+02     5.671022e+02
  3.5120e+02     5.672734e+02
  3.5140e+02     5.674638e+02
  3.5160e+02     5.676733e+02
  3.5180e+02     5.679020e+02
  3.5200e+02     5.681498e+02
  3.5220e+02     5.684167e+02
  3.5240e+02     5.687027e+02
  3.5260e+02     5.690078e+02
  3.5280e+02     5.693320e+02
  3.5300e+02     5.696752e+02
  3.5320e+02     5.700376e+02
  3.5340e+02     5.704190e+02
  3.5360e+02     5.708194e+02
  3.5380e+02     5.712389e+02
  3.5400e+02     5.716775e+02
  3.5420e+02     5.721351e+02
  3.5440e+02     5.726118e+02
  3.5460e+02     5.731075e+02
  3.5480e+02     5.736223e+02
  3.5500e+02     5.741561e+02
  3.5520e+02     5.747090e+02
  3.5540e+02     5.752810e+02
  3.5560e+02     5.758721e+02
  3.5580e+02     5.764823e+02
  3.5600e+02     5.771116e+02
  3.5620e+02     5.777600e+02
  3.5640e+02     5.784275e+02
  3.5660e+02     5.791142e+02
  3.5680e+02     5.798201e+02
  3.5700e+02     5.805451e+02
  3.5720e+02     5.812894e+02
  3.5740e+02     5.820528e+02
  3.5760e+02     5.828355e+02
  3.5780e+02     5.836375e+02
  3.5800e+02     5.844587e+02
  3.5820e+02     5.852993e+02
  3.5840e+02     5.861592e+02
  3.5860e+02     5.870384e+02
  3.5880e+02     5.879370e+02
  3.5900e+02     5.888551e+02
  3.5920e+02     5.897926e+02
  3.5940e+02     5.907496e+02
  3.5960e+02     5.917260e+02
  3.5980e+02     5.927221e+02
