# Epidemic | 7 days incidence [ x-unit: days | y-unit: per 100000 ]
  0.0000e+00     3.618006e+02
  2.0000e-01     3.596325e+02
  4.0000e-01     3.574953e+02
  6.0000e-01     3.553886e+02
  8.0000e-01     3.533119e+02
  1.0000e+00     3.512650e+02
  1.2000e+00     3.492474e+02
  1.4000e+00     3.472589e+02
  1.6000e+00     3.452989e+02
  1.8000e+00     3.433673e+02
  2.0000e+00     3.414636e+02
  2.2000e+00     3.395875e+02
  2.4000e+00     3.377386e+02
  2.6000e+00     3.359167e+02
  2.8000e+00     3.341215e+02
  3.0000e+00     3.323525e+02
  3.2000e+00     3.306095e+02
  3.4000e+00     3.288922e+02
  3.6000e+00     3.272002e+02
  3.8000e+00     3.255334e+02
  4.0000e+00     3.238913e+02
  4.2000e+00     3.222737e+02
  4.4000e+00     3.206803e+02
  4.6000e+00     3.191108e+02
  4.8000e+00     3.175650e+02
  5.0000e+00     3.160426e+02
  5.2000e+00     3.145433e+02
  5.4000e+00     3.130668e+02
  5.6000e+00     3.116129e+02
  5.8000e+00     3.101813e+02
  6.0000e+00     3.087718e+02
  6.2000e+00     3.073842e+02
  6.4000e+00     3.060182e+02
  6.6000e+00     3.046735e+02
  6.8000e+00     3.033499e+02
  7.0000e+00     3.020472e+02
  7.2000e+00     3.011097e+02
  7.4000e+00     3.002198e+02
  7.6000e+00     2.993387e+02
  7.8000e+00     2.984664e+02
  8.0000e+00     2.976029e+02
  8.2000e+00     2.967481e+02
  8.4000e+00     2.959020e+02
  8.6000e+00     2.950646e+02
  8.8000e+00     2.942358e+02
  9.0000e+00     2.934157e+02
  9.2000e+00     2.926042e+02
  9.4000e+00     2.918013e+02
  9.6000e+00     2.910070e+02
  9.8000e+00     2.902212e+02
  1.0000e+01     2.894439e+02
  1.0200e+01     2.886751e+02
  1.0400e+01     2.879148e+02
  1.0600e+01     2.871629e+02
  1.0800e+01     2.864194e+02
  1.1000e+01     2.856843e+02
  1.1200e+01     2.849575e+02
  1.1400e+01     2.842390e+02
  1.1600e+01     2.835289e+02
  1.1800e+01     2.828269e+02
  1.2000e+01     2.821333e+02
  1.2200e+01     2.814478e+02
  1.2400e+01     2.807705e+02
  1.2600e+01     2.801013e+02
  1.2800e+01     2.794403e+02
  1.3000e+01     2.787873e+02
  1.3200e+01     2.781424e+02
  1.3400e+01     2.775055e+02
  1.3600e+01     2.768766e+02
  1.3800e+01     2.762556e+02
  1.4000e+01     2.756426e+02
  1.4200e+01     2.750375e+02
  1.4400e+01     2.744403e+02
  1.4600e+01     2.738508e+02
  1.4800e+01     2.732692e+02
  1.5000e+01     2.726954e+02
  1.5200e+01     2.721293e+02
  1.5400e+01     2.715709e+02
  1.5600e+01     2.710202e+02
  1.5800e+01     2.704771e+02
  1.6000e+01     2.699417e+02
  1.6200e+01     2.694138e+02
  1.6400e+01     2.688935e+02
  1.6600e+01     2.683807e+02
  1.6800e+01     2.678754e+02
  1.7000e+01     2.673776e+02
  1.7200e+01     2.668872e+02
  1.7400e+01     2.664042e+02
  1.7600e+01     2.659286e+02
  1.7800e+01     2.654603e+02
  1.8000e+01     2.649993e+02
  1.8200e+01     2.645456e+02
  1.8400e+01     2.640991e+02
  1.8600e+01     2.636598e+02
  1.8800e+01     2.632277e+02
  1.9000e+01     2.628028e+02
  1.9200e+01     2.623850e+02
  1.9400e+01     2.619743e+02
  1.9600e+01     2.615706e+02
  1.9800e+01     2.611740e+02
  2.0000e+01     2.607843e+02
  2.0200e+01     2.604017e+02
  2.0400e+01     2.600260e+02
  2.0600e+01     2.596572e+02
  2.0800e+01     2.592952e+02
  2.1000e+01     2.589401e+02
  2.1200e+01     2.585122e+02
  2.1400e+01     2.580882e+02
  2.1600e+01     2.576772e+02
  2.1800e+01     2.572790e+02
  2.2000e+01     2.568937e+02
  2.2200e+01     2.565211e+02
  2.2400e+01     2.561612e+02
  2.2600e+01     2.558138e+02
  2.2800e+01     2.554791e+02
  2.3000e+01     2.551567e+02
  2.3200e+01     2.548468e+02
  2.3400e+01     2.545493e+02
  2.3600e+01     2.542640e+02
  2.3800e+01     2.539909e+02
  2.4000e+01     2.537300e+02
  2.4200e+01     2.534812e+02
  2.4400e+01     2.532444e+02
  2.4600e+01     2.530196e+02
  2.4800e+01     2.528068e+02
  2.5000e+01     2.526059e+02
  2.5200e+01     2.524168e+02
  2.5400e+01     2.522396e+02
  2.5600e+01     2.520740e+02
  2.5800e+01     2.519202e+02
  2.6000e+01     2.517781e+02
  2.6200e+01     2.516476e+02
  2.6400e+01     2.515287e+02
  2.6600e+01     2.514214e+02
  2.6800e+01     2.513256e+02
  2.7000e+01     2.512412e+02
  2.7200e+01     2.511684e+02
  2.7400e+01     2.511069e+02
  2.7600e+01     2.510569e+02
  2.7800e+01     2.510182e+02
  2.8000e+01     2.509908e+02
  2.8200e+01     2.509748e+02
  2.8400e+01     2.509701e+02
  2.8600e+01     2.509766e+02
  2.8800e+01     2.509944e+02
  2.9000e+01     2.510234e+02
  2.9200e+01     2.510637e+02
  2.9400e+01     2.511151e+02
  2.9600e+01     2.511777e+02
  2.9800e+01     2.512515e+02
  3.0000e+01     2.513364e+02
  3.0200e+01     2.514325e+02
  3.0400e+01     2.515397e+02
  3.0600e+01     2.516581e+02
  3.0800e+01     2.517876e+02
  3.1000e+01     2.519281e+02
  3.1200e+01     2.520798e+02
  3.1400e+01     2.522426e+02
  3.1600e+01     2.524165e+02
  3.1800e+01     2.526016e+02
  3.2000e+01     2.527977e+02
  3.2200e+01     2.530049e+02
  3.2400e+01     2.532233e+02
  3.2600e+01     2.534527e+02
  3.2800e+01     2.536933e+02
  3.3000e+01     2.539450e+02
  3.3200e+01     2.542079e+02
  3.3400e+01     2.544819e+02
  3.3600e+01     2.547671e+02
  3.3800e+01     2.550635e+02
  3.4000e+01     2.553710e+02
  3.4200e+01     2.556898e+02
  3.4400e+01     2.560197e+02
  3.4600e+01     2.563610e+02
  3.4800e+01     2.567134e+02
  3.5000e+01     2.570772e+02
  3.5200e+01     2.574522e+02
  3.5400e+01     2.578386e+02
  3.5600e+01     2.582364e+02
  3.5800e+01     2.586455e+02
  3.6000e+01     2.590660e+02
  3.6200e+01     2.594979e+02
  3.6400e+01     2.599413e+02
  3.6600e+01     2.603962e+02
  3.6800e+01     2.608626e+02
  3.7000e+01     2.613406e+02
  3.7200e+01     2.618302e+02
  3.7400e+01     2.623313e+02
  3.7600e+01     2.628442e+02
  3.7800e+01     2.633687e+02
  3.8000e+01     2.639050e+02
  3.8200e+01     2.644531e+02
  3.8400e+01     2.650129e+02
  3.8600e+01     2.655847e+02
  3.8800e+01     2.661683e+02
  3.9000e+01     2.667639e+02
  3.9200e+01     2.673716e+02
  3.9400e+01     2.679912e+02
  3.9600e+01     2.686230e+02
  3.9800e+01     2.692669e+02
  4.0000e+01     2.699230e+02
  4.0200e+01     2.705914e+02
  4.0400e+01     2.712721e+02
  4.0600e+01     2.719651e+02
  4.0800e+01     2.726706e+02
  4.1000e+01     2.733886e+02
  4.1200e+01     2.741191e+02
  4.1400e+01     2.748622e+02
  4.1600e+01     2.756179e+02
  4.1800e+01     2.763864e+02
  4.2000e+01     2.771677e+02
  4.2200e+01     2.779619e+02
  4.2400e+01     2.787690e+02
  4.2600e+01     2.795891e+02
  4.2800e+01     2.804222e+02
  4.3000e+01     2.812685e+02
  4.3200e+01     2.821281e+02
  4.3400e+01     2.830009e+02
  4.3600e+01     2.838870e+02
  4.3800e+01     2.847866e+02
  4.4000e+01     2.856998e+02
  4.4200e+01     2.866265e+02
  4.4400e+01     2.875669e+02
  4.4600e+01     2.885211e+02
  4.4800e+01     2.894891e+02
  4.5000e+01     2.904710e+02
  4.5200e+01     2.914670e+02
  4.5400e+01     2.924771e+02
  4.5600e+01     2.935014e+02
  4.5800e+01     2.945400e+02
  4.6000e+01     2.955929e+02
  4.6200e+01     2.966603e+02
  4.6400e+01     2.977423e+02
  4.6600e+01     2.988390e+02
  4.6800e+01     2.999504e+02
  4.7000e+01     3.010767e+02
  4.7200e+01     3.022179e+02
  4.7400e+01     3.033743e+02
  4.7600e+01     3.045457e+02
  4.7800e+01     3.057325e+02
  4.8000e+01     3.069347e+02
  4.8200e+01     3.081523e+02
  4.8400e+01     3.093856e+02
  4.8600e+01     3.106345e+02
  4.8800e+01     3.118993e+02
  4.9000e+01     3.131800e+02
  4.9200e+01     3.144768e+02
  4.9400e+01     3.157898e+02
  4.9600e+01     3.171190e+02
  4.9800e+01     3.184647e+02
  5.0000e+01     3.198269e+02
  5.0200e+01     3.212057e+02
  5.0400e+01     3.226014e+02
  5.0600e+01     3.240139e+02
  5.0800e+01     3.254435e+02
  5.1000e+01     3.268902e+02
  5.1200e+01     3.283543e+02
  5.1400e+01     3.298358e+02
  5.1600e+01     3.313348e+02
  5.1800e+01     3.328516e+02
  5.2000e+01     3.343862e+02
  5.2200e+01     3.359388e+02
  5.2400e+01     3.375095e+02
  5.2600e+01     3.390984e+02
  5.2800e+01     3.407058e+02
  5.3000e+01     3.423317e+02
  5.3200e+01     3.439764e+02
  5.3400e+01     3.456399e+02
  5.3600e+01     3.473224e+02
  5.3800e+01     3.490240e+02
  5.4000e+01     3.507449e+02
  5.4200e+01     3.524854e+02
  5.4400e+01     3.542454e+02
  5.4600e+01     3.560252e+02
  5.4800e+01     3.578250e+02
  5.5000e+01     3.596449e+02
  5.5200e+01     3.614850e+02
  5.5400e+01     3.633456e+02
  5.5600e+01     3.652268e+02
  5.5800e+01     3.671288e+02
  5.6000e+01     3.690517e+02
  5.6200e+01     3.709958e+02
  5.6400e+01     3.729611e+02
  5.6600e+01     3.749479e+02
  5.6800e+01     3.769564e+02
  5.7000e+01     3.789867e+02
  5.7200e+01     3.810390e+02
  5.7400e+01     3.831135e+02
  5.7600e+01     3.852104e+02
  5.7800e+01     3.873298e+02
  5.8000e+01     3.894721e+02
  5.8200e+01     3.916372e+02
  5.8400e+01     3.938256e+02
  5.8600e+01     3.960372e+02
  5.8800e+01     3.982724e+02
  5.9000e+01     4.005313e+02
  5.9200e+01     4.028142e+02
  5.9400e+01     4.051211e+02
  5.9600e+01     4.074525e+02
  5.9800e+01     4.098083e+02
  6.0000e+01     4.121889e+02
  6.0200e+01     4.145945e+02
  6.0400e+01     4.170253e+02
  6.0600e+01     4.194814e+02
  6.0800e+01     4.219631e+02
  6.1000e+01     4.244706e+02
  6.1200e+01     4.270042e+02
  6.1400e+01     4.295640e+02
  6.1600e+01     4.321503e+02
  6.1800e+01     4.347633e+02
  6.2000e+01     4.374032e+02
  6.2200e+01     4.400702e+02
  6.2400e+01     4.427646e+02
  6.2600e+01     4.454866e+02
  6.2800e+01     4.482365e+02
  6.3000e+01     4.510144e+02
  6.3200e+01     4.538207e+02
  6.3400e+01     4.566554e+02
  6.3600e+01     4.595190e+02
  6.3800e+01     4.624116e+02
  6.4000e+01     4.653334e+02
  6.4200e+01     4.682847e+02
  6.4400e+01     4.712658e+02
  6.4600e+01     4.742769e+02
  6.4800e+01     4.773183e+02
  6.5000e+01     4.803901e+02
  6.5200e+01     4.834927e+02
  6.5400e+01     4.866263e+02
  6.5600e+01     4.897912e+02
  6.5800e+01     4.929876e+02
  6.6000e+01     4.962157e+02
  6.6200e+01     4.994759e+02
  6.6400e+01     5.027684e+02
  6.6600e+01     5.060934e+02
  6.6800e+01     5.094513e+02
  6.7000e+01     5.128422e+02
  6.7200e+01     5.162665e+02
  6.7400e+01     5.197245e+02
  6.7600e+01     5.232163e+02
  6.7800e+01     5.267423e+02
  6.8000e+01     5.303027e+02
  6.8200e+01     5.338978e+02
  6.8400e+01     5.375279e+02
  6.8600e+01     5.411933e+02
  6.8800e+01     5.448942e+02
  6.9000e+01     5.486309e+02
  6.9200e+01     5.524038e+02
  6.9400e+01     5.562130e+02
  6.9600e+01     5.600588e+02
  6.9800e+01     5.639416e+02
  7.0000e+01     5.678616e+02
  7.0200e+01     5.718191e+02
  7.0400e+01     5.758144e+02
  7.0600e+01     5.798478e+02
  7.0800e+01     5.839195e+02
  7.1000e+01     5.880299e+02
  7.1200e+01     5.921792e+02
  7.1400e+01     5.963677e+02
  7.1600e+01     6.005958e+02
  7.1800e+01     6.048636e+02
  7.2000e+01     6.091716e+02
  7.2200e+01     6.135199e+02
  7.2400e+01     6.179088e+02
  7.2600e+01     6.223388e+02
  7.2800e+01     6.268100e+02
  7.3000e+01     6.313227e+02
  7.3200e+01     6.358772e+02
  7.3400e+01     6.404739e+02
  7.3600e+01     6.451129e+02
  7.3800e+01     6.497947e+02
  7.4000e+01     6.545195e+02
  7.4200e+01     6.592875e+02
  7.4400e+01     6.640990e+02
  7.4600e+01     6.689545e+02
  7.4800e+01     6.738540e+02
  7.5000e+01     6.787980e+02
  7.5200e+01     6.837867e+02
  7.5400e+01     6.888204e+02
  7.5600e+01     6.938993e+02
  7.5800e+01     6.990238e+02
  7.6000e+01     7.041941e+02
  7.6200e+01     7.094106e+02
  7.6400e+01     7.146734e+02
  7.6600e+01     7.199829e+02
  7.6800e+01     7.253393e+02
  7.7000e+01     7.307430e+02
  7.7200e+01     7.361941e+02
  7.7400e+01     7.416930e+02
  7.7600e+01     7.472399e+02
  7.7800e+01     7.528350e+02
  7.8000e+01     7.584787e+02
  7.8200e+01     7.641712e+02
  7.8400e+01     7.699128e+02
  7.8600e+01     7.757036e+02
  7.8800e+01     7.815440e+02
  7.9000e+01     7.874342e+02
  7.9200e+01     7.933744e+02
  7.9400e+01     7.993649e+02
  7.9600e+01     8.054060e+02
  7.9800e+01     8.114977e+02
  8.0000e+01     8.176404e+02
  8.0200e+01     8.238344e+02
  8.0400e+01     8.300797e+02
  8.0600e+01     8.363767e+02
  8.0800e+01     8.427254e+02
  8.1000e+01     8.491263e+02
  8.1200e+01     8.555793e+02
  8.1400e+01     8.620848e+02
  8.1600e+01     8.686429e+02
  8.1800e+01     8.752538e+02
  8.2000e+01     8.819177e+02
  8.2200e+01     8.886347e+02
  8.2400e+01     8.954050e+02
  8.2600e+01     9.022288e+02
  8.2800e+01     9.091063e+02
  8.3000e+01     9.160374e+02
  8.3200e+01     9.230225e+02
  8.3400e+01     9.300616e+02
  8.3600e+01     9.371548e+02
  8.3800e+01     9.443023e+02
  8.4000e+01     9.515041e+02
  8.4200e+01     9.587604e+02
  8.4400e+01     9.660713e+02
  8.4600e+01     9.734367e+02
  8.4800e+01     9.808569e+02
  8.5000e+01     9.883318e+02
  8.5200e+01     9.958615e+02
  8.5400e+01     1.003446e+03
  8.5600e+01     1.011085e+03
  8.5800e+01     1.018779e+03
  8.6000e+01     1.026529e+03
  8.6200e+01     1.034333e+03
  8.6400e+01     1.042192e+03
  8.6600e+01     1.050106e+03
  8.6800e+01     1.058075e+03
  8.7000e+01     1.066098e+03
  8.7200e+01     1.074176e+03
  8.7400e+01     1.082309e+03
  8.7600e+01     1.090497e+03
  8.7800e+01     1.098738e+03
  8.8000e+01     1.107035e+03
  8.8200e+01     1.115385e+03
  8.8400e+01     1.123790e+03
  8.8600e+01     1.132248e+03
  8.8800e+01     1.140760e+03
  8.9000e+01     1.149326e+03
  8.9200e+01     1.157945e+03
  8.9400e+01     1.166617e+03
  8.9600e+01     1.175342e+03
  8.9800e+01     1.184120e+03
  9.0000e+01     1.192950e+03
  9.0200e+01     1.201832e+03
  9.0400e+01     1.210766e+03
  9.0600e+01     1.219752e+03
  9.0800e+01     1.228789e+03
  9.1000e+01     1.237876e+03
  9.1200e+01     1.247014e+03
  9.1400e+01     1.256202e+03
  9.1600e+01     1.265439e+03
  9.1800e+01     1.274726e+03
  9.2000e+01     1.284061e+03
  9.2200e+01     1.293445e+03
  9.2400e+01     1.302876e+03
  9.2600e+01     1.312355e+03
  9.2800e+01     1.321880e+03
  9.3000e+01     1.331452e+03
  9.3200e+01     1.341069e+03
  9.3400e+01     1.350731e+03
  9.3600e+01     1.360437e+03
  9.3800e+01     1.370187e+03
  9.4000e+01     1.379980e+03
  9.4200e+01     1.389815e+03
  9.4400e+01     1.399692e+03
  9.4600e+01     1.409610e+03
  9.4800e+01     1.419568e+03
  9.5000e+01     1.429565e+03
  9.5200e+01     1.439601e+03
  9.5400e+01     1.449675e+03
  9.5600e+01     1.459785e+03
  9.5800e+01     1.469931e+03
  9.6000e+01     1.480112e+03
  9.6200e+01     1.490327e+03
  9.6400e+01     1.500576e+03
  9.6600e+01     1.510856e+03
  9.6800e+01     1.521167e+03
  9.7000e+01     1.531509e+03
  9.7200e+01     1.541879e+03
  9.7400e+01     1.552277e+03
  9.7600e+01     1.562702e+03
  9.7800e+01     1.573153e+03
  9.8000e+01     1.583628e+03
  9.8200e+01     1.594125e+03
  9.8400e+01     1.604645e+03
  9.8600e+01     1.615186e+03
  9.8800e+01     1.625746e+03
  9.9000e+01     1.636324e+03
  9.9200e+01     1.646918e+03
  9.9400e+01     1.657528e+03
  9.9600e+01     1.668152e+03
  9.9800e+01     1.678788e+03
  1.0000e+02     1.689435e+03
  1.0020e+02     1.700091e+03
  1.0040e+02     1.710756e+03
  1.0060e+02     1.721426e+03
  1.0080e+02     1.732102e+03
  1.0100e+02     1.742781e+03
  1.0120e+02     1.753461e+03
  1.0140e+02     1.764141e+03
  1.0160e+02     1.774820e+03
  1.0180e+02     1.785495e+03
  1.0200e+02     1.796164e+03
  1.0220e+02     1.806827e+03
  1.0240e+02     1.817480e+03
  1.0260e+02     1.828123e+03
  1.0280e+02     1.838753e+03
  1.0300e+02     1.849369e+03
  1.0320e+02     1.859969e+03
  1.0340e+02     1.870550e+03
  1.0360e+02     1.881111e+03
  1.0380e+02     1.891650e+03
  1.0400e+02     1.902164e+03
  1.0420e+02     1.912652e+03
  1.0440e+02     1.923112e+03
  1.0460e+02     1.933541e+03
  1.0480e+02     1.943938e+03
  1.0500e+02     1.954300e+03
  1.0520e+02     1.964625e+03
  1.0540e+02     1.974911e+03
  1.0560e+02     1.985156e+03
  1.0580e+02     1.995358e+03
  1.0600e+02     2.005514e+03
  1.0620e+02     2.015622e+03
  1.0640e+02     2.025680e+03
  1.0660e+02     2.035686e+03
  1.0680e+02     2.045637e+03
  1.0700e+02     2.055530e+03
  1.0720e+02     2.065365e+03
  1.0740e+02     2.075137e+03
  1.0760e+02     2.084846e+03
  1.0780e+02     2.094488e+03
  1.0800e+02     2.104061e+03
  1.0820e+02     2.113563e+03
  1.0840e+02     2.122992e+03
  1.0860e+02     2.132344e+03
  1.0880e+02     2.141618e+03
  1.0900e+02     2.150811e+03
  1.0920e+02     2.159921e+03
  1.0940e+02     2.168945e+03
  1.0960e+02     2.177881e+03
  1.0980e+02     2.186726e+03
  1.1000e+02     2.195478e+03
  1.1020e+02     2.204135e+03
  1.1040e+02     2.212694e+03
  1.1060e+02     2.221153e+03
  1.1080e+02     2.229509e+03
  1.1100e+02     2.237759e+03
  1.1120e+02     2.245903e+03
  1.1140e+02     2.253936e+03
  1.1160e+02     2.261857e+03
  1.1180e+02     2.269663e+03
  1.1200e+02     2.277352e+03
  1.1220e+02     2.284922e+03
  1.1240e+02     2.292369e+03
  1.1260e+02     2.299693e+03
  1.1280e+02     2.306890e+03
  1.1300e+02     2.313959e+03
  1.1320e+02     2.320896e+03
  1.1340e+02     2.327701e+03
  1.1360e+02     2.334370e+03
  1.1380e+02     2.340901e+03
  1.1400e+02     2.347292e+03
  1.1420e+02     2.353542e+03
  1.1440e+02     2.359647e+03
  1.1460e+02     2.365607e+03
  1.1480e+02     2.371418e+03
  1.1500e+02     2.377079e+03
  1.1520e+02     2.382587e+03
  1.1540e+02     2.387942e+03
  1.1560e+02     2.393140e+03
  1.1580e+02     2.398181e+03
  1.1600e+02     2.403062e+03
  1.1620e+02     2.407782e+03
  1.1640e+02     2.412338e+03
  1.1660e+02     2.416729e+03
  1.1680e+02     2.420954e+03
  1.1700e+02     2.425010e+03
  1.1720e+02     2.428897e+03
  1.1740e+02     2.432612e+03
  1.1760e+02     2.436155e+03
  1.1780e+02     2.439524e+03
  1.1800e+02     2.442717e+03
  1.1820e+02     2.445733e+03
  1.1840e+02     2.448572e+03
  1.1860e+02     2.451231e+03
  1.1880e+02     2.453710e+03
  1.1900e+02     2.456007e+03
  1.1920e+02     2.458122e+03
  1.1940e+02     2.460054e+03
  1.1960e+02     2.461802e+03
  1.1980e+02     2.463364e+03
  1.2000e+02     2.464741e+03
  1.2020e+02     2.465931e+03
  1.2040e+02     2.466934e+03
  1.2060e+02     2.467750e+03
  1.2080e+02     2.468377e+03
  1.2100e+02     2.468815e+03
  1.2120e+02     2.469065e+03
  1.2140e+02     2.469125e+03
  1.2160e+02     2.468996e+03
  1.2180e+02     2.468676e+03
  1.2200e+02     2.468168e+03
  1.2220e+02     2.467469e+03
  1.2240e+02     2.466580e+03
  1.2260e+02     2.465502e+03
  1.2280e+02     2.464234e+03
  1.2300e+02     2.462777e+03
  1.2320e+02     2.461131e+03
  1.2340e+02     2.459297e+03
  1.2360e+02     2.457274e+03
  1.2380e+02     2.455063e+03
  1.2400e+02     2.452666e+03
  1.2420e+02     2.450082e+03
  1.2440e+02     2.447313e+03
  1.2460e+02     2.444359e+03
  1.2480e+02     2.441221e+03
  1.2500e+02     2.437900e+03
  1.2520e+02     2.434396e+03
  1.2540e+02     2.430712e+03
  1.2560e+02     2.426848e+03
  1.2580e+02     2.422805e+03
  1.2600e+02     2.418585e+03
  1.2620e+02     2.414189e+03
  1.2640e+02     2.409618e+03
  1.2660e+02     2.404873e+03
  1.2680e+02     2.399957e+03
  1.2700e+02     2.394871e+03
  1.2720e+02     2.389616e+03
  1.2740e+02     2.384194e+03
  1.2760e+02     2.378606e+03
  1.2780e+02     2.372856e+03
  1.2800e+02     2.366943e+03
  1.2820e+02     2.360871e+03
  1.2840e+02     2.354641e+03
  1.2860e+02     2.348256e+03
  1.2880e+02     2.341716e+03
  1.2900e+02     2.335025e+03
  1.2920e+02     2.328184e+03
  1.2940e+02     2.321196e+03
  1.2960e+02     2.314062e+03
  1.2980e+02     2.306786e+03
  1.3000e+02     2.299369e+03
  1.3020e+02     2.291814e+03
  1.3040e+02     2.284122e+03
  1.3060e+02     2.276298e+03
  1.3080e+02     2.268341e+03
  1.3100e+02     2.260257e+03
  1.3120e+02     2.252046e+03
  1.3140e+02     2.243711e+03
  1.3160e+02     2.235256e+03
  1.3180e+02     2.226682e+03
  1.3200e+02     2.217992e+03
  1.3220e+02     2.209188e+03
  1.3240e+02     2.200274e+03
  1.3260e+02     2.191252e+03
  1.3280e+02     2.182124e+03
  1.3300e+02     2.172894e+03
  1.3320e+02     2.163564e+03
  1.3340e+02     2.154137e+03
  1.3360e+02     2.144615e+03
  1.3380e+02     2.135001e+03
  1.3400e+02     2.125298e+03
  1.3420e+02     2.115509e+03
  1.3440e+02     2.105636e+03
  1.3460e+02     2.095683e+03
  1.3480e+02     2.085651e+03
  1.3500e+02     2.075544e+03
  1.3520e+02     2.065365e+03
  1.3540e+02     2.055115e+03
  1.3560e+02     2.044799e+03
  1.3580e+02     2.034418e+03
  1.3600e+02     2.023975e+03
  1.3620e+02     2.013473e+03
  1.3640e+02     2.002916e+03
  1.3660e+02     1.992304e+03
  1.3680e+02     1.981642e+03
  1.3700e+02     1.970931e+03
  1.3720e+02     1.960175e+03
  1.3740e+02     1.949375e+03
  1.3760e+02     1.938536e+03
  1.3780e+02     1.927658e+03
  1.3800e+02     1.916745e+03
  1.3820e+02     1.905800e+03
  1.3840e+02     1.894824e+03
  1.3860e+02     1.883821e+03
  1.3880e+02     1.872792e+03
  1.3900e+02     1.861741e+03
  1.3920e+02     1.850669e+03
  1.3940e+02     1.839579e+03
  1.3960e+02     1.828473e+03
  1.3980e+02     1.817355e+03
  1.4000e+02     1.806225e+03
  1.4020e+02     1.795086e+03
  1.4040e+02     1.783941e+03
  1.4060e+02     1.772792e+03
  1.4080e+02     1.761641e+03
  1.4100e+02     1.750489e+03
  1.4120e+02     1.739340e+03
  1.4140e+02     1.728195e+03
  1.4160e+02     1.717056e+03
  1.4180e+02     1.705926e+03
  1.4200e+02     1.694805e+03
  1.4220e+02     1.683697e+03
  1.4240e+02     1.672603e+03
  1.4260e+02     1.661525e+03
  1.4280e+02     1.650464e+03
  1.4300e+02     1.639423e+03
  1.4320e+02     1.628403e+03
  1.4340e+02     1.617407e+03
  1.4360e+02     1.606434e+03
  1.4380e+02     1.595489e+03
  1.4400e+02     1.584571e+03
  1.4420e+02     1.573682e+03
  1.4440e+02     1.562824e+03
  1.4460e+02     1.551999e+03
  1.4480e+02     1.541208e+03
  1.4500e+02     1.530452e+03
  1.4520e+02     1.519733e+03
  1.4540e+02     1.509052e+03
  1.4560e+02     1.498410e+03
  1.4580e+02     1.487809e+03
  1.4600e+02     1.477250e+03
  1.4620e+02     1.466734e+03
  1.4640e+02     1.456262e+03
  1.4660e+02     1.445835e+03
  1.4680e+02     1.435455e+03
  1.4700e+02     1.425122e+03
  1.4720e+02     1.414837e+03
  1.4740e+02     1.404602e+03
  1.4760e+02     1.394418e+03
  1.4780e+02     1.384284e+03
  1.4800e+02     1.374203e+03
  1.4820e+02     1.364175e+03
  1.4840e+02     1.354201e+03
  1.4860e+02     1.344282e+03
  1.4880e+02     1.334417e+03
  1.4900e+02     1.324609e+03
  1.4920e+02     1.314858e+03
  1.4940e+02     1.305164e+03
  1.4960e+02     1.295528e+03
  1.4980e+02     1.285951e+03
  1.5000e+02     1.276433e+03
  1.5020e+02     1.266975e+03
  1.5040e+02     1.257578e+03
  1.5060e+02     1.248240e+03
  1.5080e+02     1.238965e+03
  1.5100e+02     1.229750e+03
  1.5120e+02     1.220598e+03
  1.5140e+02     1.211508e+03
  1.5160e+02     1.202481e+03
  1.5180e+02     1.193517e+03
  1.5200e+02     1.184617e+03
  1.5220e+02     1.175780e+03
  1.5240e+02     1.167007e+03
  1.5260e+02     1.158298e+03
  1.5280e+02     1.149654e+03
  1.5300e+02     1.141074e+03
  1.5320e+02     1.132559e+03
  1.5340e+02     1.124109e+03
  1.5360e+02     1.115723e+03
  1.5380e+02     1.107403e+03
  1.5400e+02     1.099148e+03
  1.5420e+02     1.090958e+03
  1.5440e+02     1.082833e+03
  1.5460e+02     1.074774e+03
  1.5480e+02     1.066780e+03
  1.5500e+02     1.058851e+03
  1.5520e+02     1.050988e+03
  1.5540e+02     1.043190e+03
  1.5560e+02     1.035457e+03
  1.5580e+02     1.027789e+03
  1.5600e+02     1.020186e+03
  1.5620e+02     1.012648e+03
  1.5640e+02     1.005175e+03
  1.5660e+02     9.977675e+02
  1.5680e+02     9.904237e+02
  1.5700e+02     9.831444e+02
  1.5720e+02     9.759292e+02
  1.5740e+02     9.687782e+02
  1.5760e+02     9.616911e+02
  1.5780e+02     9.546676e+02
  1.5800e+02     9.477076e+02
  1.5820e+02     9.408109e+02
  1.5840e+02     9.339772e+02
  1.5860e+02     9.272064e+02
  1.5880e+02     9.204980e+02
  1.5900e+02     9.138520e+02
  1.5920e+02     9.072680e+02
  1.5940e+02     9.007457e+02
  1.5960e+02     8.942850e+02
  1.5980e+02     8.878854e+02
  1.6000e+02     8.815467e+02
  1.6020e+02     8.752686e+02
  1.6040e+02     8.690509e+02
  1.6060e+02     8.628931e+02
  1.6080e+02     8.567949e+02
  1.6100e+02     8.507561e+02
  1.6120e+02     8.447763e+02
  1.6140e+02     8.388552e+02
  1.6160e+02     8.329924e+02
  1.6180e+02     8.271876e+02
  1.6200e+02     8.214404e+02
  1.6220e+02     8.157505e+02
  1.6240e+02     8.101176e+02
  1.6260e+02     8.045412e+02
  1.6280e+02     7.990210e+02
  1.6300e+02     7.935567e+02
  1.6320e+02     7.881479e+02
  1.6340e+02     7.827942e+02
  1.6360e+02     7.774952e+02
  1.6380e+02     7.722505e+02
  1.6400e+02     7.670599e+02
  1.6420e+02     7.619229e+02
  1.6440e+02     7.568391e+02
  1.6460e+02     7.518081e+02
  1.6480e+02     7.468296e+02
  1.6500e+02     7.419032e+02
  1.6520e+02     7.370284e+02
  1.6540e+02     7.322050e+02
  1.6560e+02     7.274325e+02
  1.6580e+02     7.227105e+02
  1.6600e+02     7.180387e+02
  1.6620e+02     7.134166e+02
  1.6640e+02     7.088439e+02
  1.6660e+02     7.043202e+02
  1.6680e+02     6.998451e+02
  1.6700e+02     6.954183e+02
  1.6720e+02     6.910392e+02
  1.6740e+02     6.867076e+02
  1.6760e+02     6.824231e+02
  1.6780e+02     6.781852e+02
  1.6800e+02     6.739936e+02
  1.6820e+02     6.698480e+02
  1.6840e+02     6.657479e+02
  1.6860e+02     6.616929e+02
  1.6880e+02     6.576828e+02
  1.6900e+02     6.537170e+02
  1.6920e+02     6.497952e+02
  1.6940e+02     6.459172e+02
  1.6960e+02     6.420824e+02
  1.6980e+02     6.382905e+02
  1.7000e+02     6.345411e+02
  1.7020e+02     6.308340e+02
  1.7040e+02     6.271687e+02
  1.7060e+02     6.235448e+02
  1.7080e+02     6.199620e+02
  1.7100e+02     6.164200e+02
  1.7120e+02     6.129183e+02
  1.7140e+02     6.094567e+02
  1.7160e+02     6.060347e+02
  1.7180e+02     6.026521e+02
  1.7200e+02     5.993084e+02
  1.7220e+02     5.960034e+02
  1.7240e+02     5.927367e+02
  1.7260e+02     5.895080e+02
  1.7280e+02     5.863168e+02
  1.7300e+02     5.831630e+02
  1.7320e+02     5.800461e+02
  1.7340e+02     5.769658e+02
  1.7360e+02     5.739218e+02
  1.7380e+02     5.709138e+02
  1.7400e+02     5.679414e+02
  1.7420e+02     5.650044e+02
  1.7440e+02     5.621024e+02
  1.7460e+02     5.592351e+02
  1.7480e+02     5.564022e+02
  1.7500e+02     5.536033e+02
  1.7520e+02     5.508383e+02
  1.7540e+02     5.481067e+02
  1.7560e+02     5.454083e+02
  1.7580e+02     5.427427e+02
  1.7600e+02     5.401098e+02
  1.7620e+02     5.375091e+02
  1.7640e+02     5.349404e+02
  1.7660e+02     5.324035e+02
  1.7680e+02     5.298980e+02
  1.7700e+02     5.274236e+02
  1.7720e+02     5.249801e+02
  1.7740e+02     5.225672e+02
  1.7760e+02     5.201847e+02
  1.7780e+02     5.178321e+02
  1.7800e+02     5.155094e+02
  1.7820e+02     5.132162e+02
  1.7840e+02     5.109523e+02
  1.7860e+02     5.087174e+02
  1.7880e+02     5.065112e+02
  1.7900e+02     5.043335e+02
  1.7920e+02     5.021841e+02
  1.7940e+02     5.000627e+02
  1.7960e+02     4.979690e+02
  1.7980e+02     4.959029e+02
  1.8000e+02     4.938640e+02
  1.8020e+02     4.918522e+02
  1.8040e+02     4.898672e+02
  1.8060e+02     4.879087e+02
  1.8080e+02     4.859766e+02
  1.8100e+02     4.840706e+02
  1.8120e+02     4.821906e+02
  1.8140e+02     4.803362e+02
  1.8160e+02     4.785072e+02
  1.8180e+02     4.767035e+02
  1.8200e+02     4.749249e+02
  1.8220e+02     4.731710e+02
  1.8240e+02     4.714418e+02
  1.8260e+02     4.697370e+02
  1.8280e+02     4.680564e+02
  1.8300e+02     4.663998e+02
  1.8320e+02     4.647671e+02
  1.8340e+02     4.631579e+02
  1.8360e+02     4.615722e+02
  1.8380e+02     4.600097e+02
  1.8400e+02     4.584703e+02
  1.8420e+02     4.569538e+02
  1.8440e+02     4.554599e+02
  1.8460e+02     4.539885e+02
  1.8480e+02     4.525395e+02
  1.8500e+02     4.511126e+02
  1.8520e+02     4.497077e+02
  1.8540e+02     4.483246e+02
  1.8560e+02     4.469632e+02
  1.8580e+02     4.456232e+02
  1.8600e+02     4.443046e+02
  1.8620e+02     4.430071e+02
  1.8640e+02     4.417306e+02
  1.8660e+02     4.404749e+02
  1.8680e+02     4.392400e+02
  1.8700e+02     4.380255e+02
  1.8720e+02     4.368315e+02
  1.8740e+02     4.356577e+02
  1.8760e+02     4.345040e+02
  1.8780e+02     4.333702e+02
  1.8800e+02     4.322563e+02
  1.8820e+02     4.311620e+02
  1.8840e+02     4.300872e+02
  1.8860e+02     4.290319e+02
  1.8880e+02     4.279958e+02
  1.8900e+02     4.269789e+02
  1.8920e+02     4.259810e+02
  1.8940e+02     4.250019e+02
  1.8960e+02     4.240417e+02
  1.8980e+02     4.231000e+02
  1.9000e+02     4.221769e+02
  1.9020e+02     4.212722e+02
  1.9040e+02     4.203857e+02
  1.9060e+02     4.195175e+02
  1.9080e+02     4.186673e+02
  1.9100e+02     4.178350e+02
  1.9120e+02     4.170206e+02
  1.9140e+02     4.162239e+02
  1.9160e+02     4.154449e+02
  1.9180e+02     4.146833e+02
  1.9200e+02     4.139392e+02
  1.9220e+02     4.132125e+02
  1.9240e+02     4.125029e+02
  1.9260e+02     4.118105e+02
  1.9280e+02     4.111352e+02
  1.9300e+02     4.104768e+02
  1.9320e+02     4.098352e+02
  1.9340e+02     4.092104e+02
  1.9360e+02     4.086024e+02
  1.9380e+02     4.080109e+02
  1.9400e+02     4.074359e+02
  1.9420e+02     4.068774e+02
  1.9440e+02     4.063352e+02
  1.9460e+02     4.058093e+02
  1.9480e+02     4.052996e+02
  1.9500e+02     4.048060e+02
  1.9520e+02     4.043285e+02
  1.9540e+02     4.038670e+02
  1.9560e+02     4.034214e+02
  1.9580e+02     4.029917e+02
  1.9600e+02     4.025777e+02
  1.9620e+02     4.021795e+02
  1.9640e+02     4.017969e+02
  1.9660e+02     4.014299e+02
  1.9680e+02     4.010784e+02
  1.9700e+02     4.007424e+02
  1.9720e+02     4.004218e+02
  1.9740e+02     4.001166e+02
  1.9760e+02     3.998267e+02
  1.9780e+02     3.995521e+02
  1.9800e+02     3.992927e+02
  1.9820e+02     3.990484e+02
  1.9840e+02     3.988192e+02
  1.9860e+02     3.986051e+02
  1.9880e+02     3.984060e+02
  1.9900e+02     3.982219e+02
  1.9920e+02     3.980527e+02
  1.9940e+02     3.978984e+02
  1.9960e+02     3.977590e+02
  1.9980e+02     3.976343e+02
  2.0000e+02     3.975245e+02
  2.0020e+02     3.974294e+02
  2.0040e+02     3.973490e+02
  2.0060e+02     3.972833e+02
  2.0080e+02     3.972322e+02
  2.0100e+02     3.971957e+02
  2.0120e+02     3.971739e+02
  2.0140e+02     3.971666e+02
  2.0160e+02     3.971738e+02
  2.0180e+02     3.971956e+02
  2.0200e+02     3.972318e+02
  2.0220e+02     3.972825e+02
  2.0240e+02     3.973477e+02
  2.0260e+02     3.974273e+02
  2.0280e+02     3.975213e+02
  2.0300e+02     3.976297e+02
  2.0320e+02     3.977525e+02
  2.0340e+02     3.978897e+02
  2.0360e+02     3.980412e+02
  2.0380e+02     3.982070e+02
  2.0400e+02     3.983872e+02
  2.0420e+02     3.985818e+02
  2.0440e+02     3.987906e+02
  2.0460e+02     3.990138e+02
  2.0480e+02     3.992513e+02
  2.0500e+02     3.995030e+02
  2.0520e+02     3.997691e+02
  2.0540e+02     4.000495e+02
  2.0560e+02     4.003442e+02
  2.0580e+02     4.006532e+02
  2.0600e+02     4.009765e+02
  2.0620e+02     4.013141e+02
  2.0640e+02     4.016661e+02
  2.0660e+02     4.020323e+02
  2.0680e+02     4.024129e+02
  2.0700e+02     4.028078e+02
  2.0720e+02     4.032171e+02
  2.0740e+02     4.036407e+02
  2.0760e+02     4.040787e+02
  2.0780e+02     4.045311e+02
  2.0800e+02     4.049979e+02
  2.0820e+02     4.054791e+02
  2.0840e+02     4.059748e+02
  2.0860e+02     4.064849e+02
  2.0880e+02     4.070094e+02
  2.0900e+02     4.075485e+02
  2.0920e+02     4.081021e+02
  2.0940e+02     4.086702e+02
  2.0960e+02     4.092528e+02
  2.0980e+02     4.098500e+02
  2.1000e+02     4.104619e+02
  2.1020e+02     4.110884e+02
  2.1040e+02     4.117295e+02
  2.1060e+02     4.123854e+02
  2.1080e+02     4.130559e+02
  2.1100e+02     4.137412e+02
  2.1120e+02     4.144413e+02
  2.1140e+02     4.151563e+02
  2.1160e+02     4.158861e+02
  2.1180e+02     4.166307e+02
  2.1200e+02     4.173903e+02
  2.1220e+02     4.181649e+02
  2.1240e+02     4.189545e+02
  2.1260e+02     4.197591e+02
  2.1280e+02     4.205788e+02
  2.1300e+02     4.214137e+02
  2.1320e+02     4.222637e+02
  2.1340e+02     4.231289e+02
  2.1360e+02     4.240094e+02
  2.1380e+02     4.249053e+02
  2.1400e+02     4.258164e+02
  2.1420e+02     4.267430e+02
  2.1440e+02     4.276851e+02
  2.1460e+02     4.286426e+02
  2.1480e+02     4.296157e+02
  2.1500e+02     4.306045e+02
  2.1520e+02     4.316089e+02
  2.1540e+02     4.326290e+02
  2.1560e+02     4.336649e+02
  2.1580e+02     4.347167e+02
  2.1600e+02     4.357843e+02
  2.1620e+02     4.368679e+02
  2.1640e+02     4.379675e+02
  2.1660e+02     4.390832e+02
  2.1680e+02     4.402151e+02
  2.1700e+02     4.413631e+02
  2.1720e+02     4.425274e+02
  2.1740e+02     4.437081e+02
  2.1760e+02     4.449051e+02
  2.1780e+02     4.461187e+02
  2.1800e+02     4.473487e+02
  2.1820e+02     4.485954e+02
  2.1840e+02     4.498587e+02
  2.1860e+02     4.511388e+02
  2.1880e+02     4.524357e+02
  2.1900e+02     4.537495e+02
  2.1920e+02     4.550803e+02
  2.1940e+02     4.564282e+02
  2.1960e+02     4.577931e+02
  2.1980e+02     4.591753e+02
  2.2000e+02     4.605747e+02
  2.2020e+02     4.619915e+02
  2.2040e+02     4.634257e+02
  2.2060e+02     4.648775e+02
  2.2080e+02     4.663468e+02
  2.2100e+02     4.678339e+02
  2.2120e+02     4.693387e+02
  2.2140e+02     4.708614e+02
  2.2160e+02     4.724020e+02
  2.2180e+02     4.739606e+02
  2.2200e+02     4.755374e+02
  2.2220e+02     4.771323e+02
  2.2240e+02     4.787456e+02
  2.2260e+02     4.803773e+02
  2.2280e+02     4.820274e+02
  2.2300e+02     4.836961e+02
  2.2320e+02     4.853835e+02
  2.2340e+02     4.870896e+02
  2.2360e+02     4.888146e+02
  2.2380e+02     4.905585e+02
  2.2400e+02     4.923215e+02
  2.2420e+02     4.941036e+02
  2.2440e+02     4.959050e+02
  2.2460e+02     4.977257e+02
  2.2480e+02     4.995658e+02
  2.2500e+02     5.014255e+02
  2.2520e+02     5.033049e+02
  2.2540e+02     5.052040e+02
  2.2560e+02     5.071229e+02
  2.2580e+02     5.090618e+02
  2.2600e+02     5.110208e+02
  2.2620e+02     5.130000e+02
  2.2640e+02     5.149994e+02
  2.2660e+02     5.170192e+02
  2.2680e+02     5.190595e+02
  2.2700e+02     5.211204e+02
  2.2720e+02     5.232020e+02
  2.2740e+02     5.253044e+02
  2.2760e+02     5.274278e+02
  2.2780e+02     5.295721e+02
  2.2800e+02     5.317377e+02
  2.2820e+02     5.339245e+02
  2.2840e+02     5.361327e+02
  2.2860e+02     5.383624e+02
  2.2880e+02     5.406137e+02
  2.2900e+02     5.428868e+02
  2.2920e+02     5.451816e+02
  2.2940e+02     5.474985e+02
  2.2960e+02     5.498374e+02
  2.2980e+02     5.521985e+02
  2.3000e+02     5.545819e+02
  2.3020e+02     5.569878e+02
  2.3040e+02     5.594162e+02
  2.3060e+02     5.618672e+02
  2.3080e+02     5.643411e+02
  2.3100e+02     5.668379e+02
  2.3120e+02     5.693577e+02
  2.3140e+02     5.719006e+02
  2.3160e+02     5.744669e+02
  2.3180e+02     5.770565e+02
  2.3200e+02     5.796696e+02
  2.3220e+02     5.823064e+02
  2.3240e+02     5.849670e+02
  2.3260e+02     5.876514e+02
  2.3280e+02     5.903599e+02
  2.3300e+02     5.930925e+02
  2.3320e+02     5.958493e+02
  2.3340e+02     5.986305e+02
  2.3360e+02     6.014363e+02
  2.3380e+02     6.042667e+02
  2.3400e+02     6.071218e+02
  2.3420e+02     6.100018e+02
  2.3440e+02     6.129068e+02
  2.3460e+02     6.158370e+02
  2.3480e+02     6.187924e+02
  2.3500e+02     6.217732e+02
  2.3520e+02     6.247795e+02
  2.3540e+02     6.278114e+02
  2.3560e+02     6.308691e+02
  2.3580e+02     6.339526e+02
  2.3600e+02     6.370621e+02
  2.3620e+02     6.401978e+02
  2.3640e+02     6.433597e+02
  2.3660e+02     6.465480e+02
  2.3680e+02     6.497628e+02
  2.3700e+02     6.530042e+02
  2.3720e+02     6.562723e+02
  2.3740e+02     6.595673e+02
  2.3760e+02     6.628893e+02
  2.3780e+02     6.662384e+02
  2.3800e+02     6.696147e+02
  2.3820e+02     6.730183e+02
  2.3840e+02     6.764494e+02
  2.3860e+02     6.799080e+02
  2.3880e+02     6.833943e+02
  2.3900e+02     6.869085e+02
  2.3920e+02     6.904506e+02
  2.3940e+02     6.940207e+02
  2.3960e+02     6.976189e+02
  2.3980e+02     7.012454e+02
  2.4000e+02     7.049003e+02
  2.4020e+02     7.085837e+02
  2.4040e+02     7.122956e+02
  2.4060e+02     7.160363e+02
  2.4080e+02     7.198058e+02
  2.4100e+02     7.236041e+02
  2.4120e+02     7.274315e+02
  2.4140e+02     7.312880e+02
  2.4160e+02     7.351737e+02
  2.4180e+02     7.390888e+02
  2.4200e+02     7.430332e+02
  2.4220e+02     7.470072e+02
  2.4240e+02     7.510108e+02
  2.4260e+02     7.550440e+02
  2.4280e+02     7.591071e+02
  2.4300e+02     7.632000e+02
  2.4320e+02     7.673229e+02
  2.4340e+02     7.714759e+02
  2.4360e+02     7.756589e+02
  2.4380e+02     7.798722e+02
  2.4400e+02     7.841158e+02
  2.4420e+02     7.883897e+02
  2.4440e+02     7.926941e+02
  2.4460e+02     7.970290e+02
  2.4480e+02     8.013945e+02
  2.4500e+02     8.057906e+02
  2.4520e+02     8.102174e+02
  2.4540e+02     8.146750e+02
  2.4560e+02     8.191634e+02
  2.4580e+02     8.236827e+02
  2.4600e+02     8.282330e+02
  2.4620e+02     8.328142e+02
  2.4640e+02     8.374264e+02
  2.4660e+02     8.420697e+02
  2.4680e+02     8.467441e+02
  2.4700e+02     8.514497e+02
  2.4720e+02     8.561864e+02
  2.4740e+02     8.609543e+02
  2.4760e+02     8.657535e+02
  2.4780e+02     8.705839e+02
  2.4800e+02     8.754456e+02
  2.4820e+02     8.803385e+02
  2.4840e+02     8.852627e+02
  2.4860e+02     8.902182e+02
  2.4880e+02     8.952050e+02
  2.4900e+02     9.002231e+02
  2.4920e+02     9.052725e+02
  2.4940e+02     9.103531e+02
  2.4960e+02     9.154650e+02
  2.4980e+02     9.206081e+02
  2.5000e+02     9.257824e+02
  2.5020e+02     9.309879e+02
  2.5040e+02     9.362244e+02
  2.5060e+02     9.414921e+02
  2.5080e+02     9.467908e+02
  2.5100e+02     9.521205e+02
  2.5120e+02     9.574812e+02
  2.5140e+02     9.628726e+02
  2.5160e+02     9.682949e+02
  2.5180e+02     9.737479e+02
  2.5200e+02     9.792315e+02
  2.5220e+02     9.847457e+02
  2.5240e+02     9.902903e+02
  2.5260e+02     9.958653e+02
  2.5280e+02     1.001470e+03
  2.5300e+02     1.007106e+03
  2.5320e+02     1.012771e+03
  2.5340e+02     1.018466e+03
  2.5360e+02     1.024191e+03
  2.5380e+02     1.029946e+03
  2.5400e+02     1.035730e+03
  2.5420e+02     1.041544e+03
  2.5440e+02     1.047386e+03
  2.5460e+02     1.053258e+03
  2.5480e+02     1.059158e+03
  2.5500e+02     1.065087e+03
  2.5520e+02     1.071045e+03
  2.5540e+02     1.077030e+03
  2.5560e+02     1.083044e+03
  2.5580e+02     1.089086e+03
  2.5600e+02     1.095155e+03
  2.5620e+02     1.101252e+03
  2.5640e+02     1.107375e+03
  2.5660e+02     1.113526e+03
  2.5680e+02     1.119703e+03
  2.5700e+02     1.125907e+03
  2.5720e+02     1.132136e+03
  2.5740e+02     1.138392e+03
  2.5760e+02     1.144673e+03
  2.5780e+02     1.150979e+03
  2.5800e+02     1.157310e+03
  2.5820e+02     1.163666e+03
  2.5840e+02     1.170046e+03
  2.5860e+02     1.176450e+03
  2.5880e+02     1.182877e+03
  2.5900e+02     1.189328e+03
  2.5920e+02     1.195802e+03
  2.5940e+02     1.202298e+03
  2.5960e+02     1.208816e+03
  2.5980e+02     1.215356e+03
  2.6000e+02     1.221917e+03
  2.6020e+02     1.228499e+03
  2.6040e+02     1.235101e+03
  2.6060e+02     1.241723e+03
  2.6080e+02     1.248365e+03
  2.6100e+02     1.255026e+03
  2.6120e+02     1.261706e+03
  2.6140e+02     1.268404e+03
  2.6160e+02     1.275119e+03
  2.6180e+02     1.281852e+03
  2.6200e+02     1.288601e+03
  2.6220e+02     1.295366e+03
  2.6240e+02     1.302147e+03
  2.6260e+02     1.308943e+03
  2.6280e+02     1.315754e+03
  2.6300e+02     1.322578e+03
  2.6320e+02     1.329415e+03
  2.6340e+02     1.336266e+03
  2.6360e+02     1.343128e+03
  2.6380e+02     1.350002e+03
  2.6400e+02     1.356887e+03
  2.6420e+02     1.363782e+03
  2.6440e+02     1.370687e+03
  2.6460e+02     1.377601e+03
  2.6480e+02     1.384523e+03
  2.6500e+02     1.391452e+03
  2.6520e+02     1.398388e+03
  2.6540e+02     1.405331e+03
  2.6560e+02     1.412279e+03
  2.6580e+02     1.419232e+03
  2.6600e+02     1.426189e+03
  2.6620e+02     1.433149e+03
  2.6640e+02     1.440111e+03
  2.6660e+02     1.447075e+03
  2.6680e+02     1.454041e+03
  2.6700e+02     1.461006e+03
  2.6720e+02     1.467971e+03
  2.6740e+02     1.474934e+03
  2.6760e+02     1.481894e+03
  2.6780e+02     1.488852e+03
  2.6800e+02     1.495806e+03
  2.6820e+02     1.502754e+03
  2.6840e+02     1.509697e+03
  2.6860e+02     1.516633e+03
  2.6880e+02     1.523562e+03
  2.6900e+02     1.530482e+03
  2.6920e+02     1.537393e+03
  2.6940e+02     1.544294e+03
  2.6960e+02     1.551183e+03
  2.6980e+02     1.558060e+03
  2.7000e+02     1.564925e+03
  2.7020e+02     1.571775e+03
  2.7040e+02     1.578609e+03
  2.7060e+02     1.585428e+03
  2.7080e+02     1.592230e+03
  2.7100e+02     1.599014e+03
  2.7120e+02     1.605779e+03
  2.7140e+02     1.612523e+03
  2.7160e+02     1.619247e+03
  2.7180e+02     1.625948e+03
  2.7200e+02     1.632626e+03
  2.7220e+02     1.639280e+03
  2.7240e+02     1.645909e+03
  2.7260e+02     1.652511e+03
  2.7280e+02     1.659086e+03
  2.7300e+02     1.665632e+03
  2.7320e+02     1.672149e+03
  2.7340e+02     1.678634e+03
  2.7360e+02     1.685089e+03
  2.7380e+02     1.691510e+03
  2.7400e+02     1.697897e+03
  2.7420e+02     1.704249e+03
  2.7440e+02     1.710565e+03
  2.7460e+02     1.716844e+03
  2.7480e+02     1.723084e+03
  2.7500e+02     1.729284e+03
  2.7520e+02     1.735444e+03
  2.7540e+02     1.741562e+03
  2.7560e+02     1.747636e+03
  2.7580e+02     1.753667e+03
  2.7600e+02     1.759652e+03
  2.7620e+02     1.765591e+03
  2.7640e+02     1.771482e+03
  2.7660e+02     1.777325e+03
  2.7680e+02     1.783117e+03
  2.7700e+02     1.788859e+03
  2.7720e+02     1.794548e+03
  2.7740e+02     1.800184e+03
  2.7760e+02     1.805766e+03
  2.7780e+02     1.811292e+03
  2.7800e+02     1.816761e+03
  2.7820e+02     1.822172e+03
  2.7840e+02     1.827525e+03
  2.7860e+02     1.832817e+03
  2.7880e+02     1.838048e+03
  2.7900e+02     1.843216e+03
  2.7920e+02     1.848322e+03
  2.7940e+02     1.853362e+03
  2.7960e+02     1.858337e+03
  2.7980e+02     1.863245e+03
  2.8000e+02     1.868085e+03
  2.8020e+02     1.872856e+03
  2.8040e+02     1.877557e+03
  2.8060e+02     1.882187e+03
  2.8080e+02     1.886745e+03
  2.8100e+02     1.891230e+03
  2.8120e+02     1.895640e+03
  2.8140e+02     1.899975e+03
  2.8160e+02     1.904234e+03
  2.8180e+02     1.908416e+03
  2.8200e+02     1.912519e+03
  2.8220e+02     1.916543e+03
  2.8240e+02     1.920487e+03
  2.8260e+02     1.924350e+03
  2.8280e+02     1.928130e+03
  2.8300e+02     1.931828e+03
  2.8320e+02     1.935441e+03
  2.8340e+02     1.938970e+03
  2.8360e+02     1.942413e+03
  2.8380e+02     1.945769e+03
  2.8400e+02     1.949038e+03
  2.8420e+02     1.952219e+03
  2.8440e+02     1.955310e+03
  2.8460e+02     1.958312e+03
  2.8480e+02     1.961223e+03
  2.8500e+02     1.964043e+03
  2.8520e+02     1.966770e+03
  2.8540e+02     1.969405e+03
  2.8560e+02     1.971946e+03
  2.8580e+02     1.974393e+03
  2.8600e+02     1.976744e+03
  2.8620e+02     1.979001e+03
  2.8640e+02     1.981161e+03
  2.8660e+02     1.983224e+03
  2.8680e+02     1.985191e+03
  2.8700e+02     1.987059e+03
  2.8720e+02     1.988829e+03
  2.8740e+02     1.990500e+03
  2.8760e+02     1.992072e+03
  2.8780e+02     1.993544e+03
  2.8800e+02     1.994915e+03
  2.8820e+02     1.996186e+03
  2.8840e+02     1.997356e+03
  2.8860e+02     1.998425e+03
  2.8880e+02     1.999392e+03
  2.8900e+02     2.000257e+03
  2.8920e+02     2.001019e+03
  2.8940e+02     2.001679e+03
  2.8960e+02     2.002237e+03
  2.8980e+02     2.002691e+03
  2.9000e+02     2.003042e+03
  2.9020e+02     2.003290e+03
  2.9040e+02     2.003435e+03
  2.9060e+02     2.003476e+03
  2.9080e+02     2.003413e+03
  2.9100e+02     2.003247e+03
  2.9120e+02     2.002978e+03
  2.9140e+02     2.002604e+03
  2.9160e+02     2.002128e+03
  2.9180e+02     2.001547e+03
  2.9200e+02     2.000864e+03
  2.9220e+02     2.000077e+03
  2.9240e+02     1.999187e+03
  2.9260e+02     1.998194e+03
  2.9280e+02     1.997099e+03
  2.9300e+02     1.995901e+03
  2.9320e+02     1.994601e+03
  2.9340e+02     1.993199e+03
  2.9360e+02     1.991695e+03
  2.9380e+02     1.990090e+03
  2.9400e+02     1.988384e+03
  2.9420e+02     1.986578e+03
  2.9440e+02     1.984672e+03
  2.9460e+02     1.982666e+03
  2.9480e+02     1.980561e+03
  2.9500e+02     1.978357e+03
  2.9520e+02     1.976056e+03
  2.9540e+02     1.973656e+03
  2.9560e+02     1.971160e+03
  2.9580e+02     1.968567e+03
  2.9600e+02     1.965879e+03
  2.9620e+02     1.963095e+03
  2.9640e+02     1.960217e+03
  2.9660e+02     1.957245e+03
  2.9680e+02     1.954181e+03
  2.9700e+02     1.951023e+03
  2.9720e+02     1.947775e+03
  2.9740e+02     1.944436e+03
  2.9760e+02     1.941006e+03
  2.9780e+02     1.937488e+03
  2.9800e+02     1.933881e+03
  2.9820e+02     1.930187e+03
  2.9840e+02     1.926407e+03
  2.9860e+02     1.922540e+03
  2.9880e+02     1.918590e+03
  2.9900e+02     1.914555e+03
  2.9920e+02     1.910438e+03
  2.9940e+02     1.906239e+03
  2.9960e+02     1.901959e+03
  2.9980e+02     1.897599e+03
  3.0000e+02     1.893160e+03
  3.0020e+02     1.888644e+03
  3.0040e+02     1.884051e+03
  3.0060e+02     1.879383e+03
  3.0080e+02     1.874640e+03
  3.0100e+02     1.869824e+03
  3.0120e+02     1.864935e+03
  3.0140e+02     1.859976e+03
  3.0160e+02     1.854946e+03
  3.0180e+02     1.849847e+03
  3.0200e+02     1.844681e+03
  3.0220e+02     1.839448e+03
  3.0240e+02     1.834150e+03
  3.0260e+02     1.828788e+03
  3.0280e+02     1.823363e+03
  3.0300e+02     1.817875e+03
  3.0320e+02     1.812328e+03
  3.0340e+02     1.806721e+03
  3.0360e+02     1.801056e+03
  3.0380e+02     1.795334e+03
  3.0400e+02     1.789556e+03
  3.0420e+02     1.783724e+03
  3.0440e+02     1.777839e+03
  3.0460e+02     1.771902e+03
  3.0480e+02     1.765914e+03
  3.0500e+02     1.759877e+03
  3.0520e+02     1.753792e+03
  3.0540e+02     1.747659e+03
  3.0560e+02     1.741481e+03
  3.0580e+02     1.735259e+03
  3.0600e+02     1.728994e+03
  3.0620e+02     1.722686e+03
  3.0640e+02     1.716338e+03
  3.0660e+02     1.709951e+03
  3.0680e+02     1.703526e+03
  3.0700e+02     1.697063e+03
  3.0720e+02     1.690566e+03
  3.0740e+02     1.684033e+03
  3.0760e+02     1.677468e+03
  3.0780e+02     1.670871e+03
  3.0800e+02     1.664243e+03
  3.0820e+02     1.657585e+03
  3.0840e+02     1.650900e+03
  3.0860e+02     1.644187e+03
  3.0880e+02     1.637449e+03
  3.0900e+02     1.630686e+03
  3.0920e+02     1.623899e+03
  3.0940e+02     1.617091e+03
  3.0960e+02     1.610261e+03
  3.0980e+02     1.603412e+03
  3.1000e+02     1.596543e+03
  3.1020e+02     1.589657e+03
  3.1040e+02     1.582755e+03
  3.1060e+02     1.575838e+03
  3.1080e+02     1.568906e+03
  3.1100e+02     1.561961e+03
  3.1120e+02     1.555005e+03
  3.1140e+02     1.548037e+03
  3.1160e+02     1.541060e+03
  3.1180e+02     1.534074e+03
  3.1200e+02     1.527080e+03
  3.1220e+02     1.520080e+03
  3.1240e+02     1.513074e+03
  3.1260e+02     1.506064e+03
  3.1280e+02     1.499050e+03
  3.1300e+02     1.492034e+03
  3.1320e+02     1.485016e+03
  3.1340e+02     1.477998e+03
  3.1360e+02     1.470980e+03
  3.1380e+02     1.463963e+03
  3.1400e+02     1.456949e+03
  3.1420e+02     1.449937e+03
  3.1440e+02     1.442930e+03
  3.1460e+02     1.435928e+03
  3.1480e+02     1.428932e+03
  3.1500e+02     1.421943e+03
  3.1520e+02     1.414961e+03
  3.1540e+02     1.407987e+03
  3.1560e+02     1.401023e+03
  3.1580e+02     1.394069e+03
  3.1600e+02     1.387126e+03
  3.1620e+02     1.380195e+03
  3.1640e+02     1.373276e+03
  3.1660e+02     1.366370e+03
  3.1680e+02     1.359478e+03
  3.1700e+02     1.352601e+03
  3.1720e+02     1.345739e+03
  3.1740e+02     1.338893e+03
  3.1760e+02     1.332064e+03
  3.1780e+02     1.325252e+03
  3.1800e+02     1.318459e+03
  3.1820e+02     1.311684e+03
  3.1840e+02     1.304928e+03
  3.1860e+02     1.298193e+03
  3.1880e+02     1.291478e+03
  3.1900e+02     1.284784e+03
  3.1920e+02     1.278112e+03
  3.1940e+02     1.271462e+03
  3.1960e+02     1.264835e+03
  3.1980e+02     1.258231e+03
  3.2000e+02     1.251651e+03
  3.2020e+02     1.245096e+03
  3.2040e+02     1.238565e+03
  3.2060e+02     1.232060e+03
  3.2080e+02     1.225581e+03
  3.2100e+02     1.219127e+03
  3.2120e+02     1.212701e+03
  3.2140e+02     1.206302e+03
  3.2160e+02     1.199930e+03
  3.2180e+02     1.193586e+03
  3.2200e+02     1.187270e+03
  3.2220e+02     1.180984e+03
  3.2240e+02     1.174726e+03
  3.2260e+02     1.168497e+03
  3.2280e+02     1.162299e+03
  3.2300e+02     1.156130e+03
  3.2320e+02     1.149992e+03
  3.2340e+02     1.143885e+03
  3.2360e+02     1.137809e+03
  3.2380e+02     1.131764e+03
  3.2400e+02     1.125750e+03
  3.2420e+02     1.119768e+03
  3.2440e+02     1.113819e+03
  3.2460e+02     1.107902e+03
  3.2480e+02     1.102017e+03
  3.2500e+02     1.096165e+03
  3.2520e+02     1.090346e+03
  3.2540e+02     1.084560e+03
  3.2560e+02     1.078808e+03
  3.2580e+02     1.073089e+03
  3.2600e+02     1.067404e+03
  3.2620e+02     1.061753e+03
  3.2640e+02     1.056135e+03
  3.2660e+02     1.050552e+03
  3.2680e+02     1.045004e+03
  3.2700e+02     1.039489e+03
  3.2720e+02     1.034010e+03
  3.2740e+02     1.028565e+03
  3.2760e+02     1.023155e+03
  3.2780e+02     1.017779e+03
  3.2800e+02     1.012439e+03
  3.2820e+02     1.007133e+03
  3.2840e+02     1.001863e+03
  3.2860e+02     9.966284e+02
  3.2880e+02     9.914285e+02
  3.2900e+02     9.862639e+02
  3.2920e+02     9.811345e+02
  3.2940e+02     9.760406e+02
  3.2960e+02     9.709820e+02
  3.2980e+02     9.659588e+02
  3.3000e+02     9.609711e+02
  3.3020e+02     9.560187e+02
  3.3040e+02     9.511018e+02
  3.3060e+02     9.462203e+02
  3.3080e+02     9.413743e+02
  3.3100e+02     9.365636e+02
  3.3120e+02     9.317884e+02
  3.3140e+02     9.270485e+02
  3.3160e+02     9.223439e+02
  3.3180e+02     9.176746e+02
  3.3200e+02     9.130406e+02
  3.3220e+02     9.084418e+02
  3.3240e+02     9.038782e+02
  3.3260e+02     8.993497e+02
  3.3280e+02     8.948563e+02
  3.3300e+02     8.903978e+02
  3.3320e+02     8.859743e+02
  3.3340e+02     8.815856e+02
  3.3360e+02     8.772317e+02
  3.3380e+02     8.729125e+02
  3.3400e+02     8.686280e+02
  3.3420e+02     8.643780e+02
  3.3440e+02     8.601624e+02
  3.3460e+02     8.559812e+02
  3.3480e+02     8.518343e+02
  3.3500e+02     8.477215e+02
  3.3520e+02     8.436428e+02
  3.3540e+02     8.395981e+02
  3.3560e+02     8.355872e+02
  3.3580e+02     8.316101e+02
  3.3600e+02     8.276666e+02
  3.3620e+02     8.237566e+02
  3.3640e+02     8.198800e+02
  3.3660e+02     8.160367e+02
  3.3680e+02     8.122266e+02
  3.3700e+02     8.084495e+02
  3.3720e+02     8.047054e+02
  3.3740e+02     8.009940e+02
  3.3760e+02     7.973153e+02
  3.3780e+02     7.936691e+02
  3.3800e+02     7.900553e+02
  3.3820e+02     7.864737e+02
  3.3840e+02     7.829243e+02
  3.3860e+02     7.794069e+02
  3.3880e+02     7.759213e+02
  3.3900e+02     7.724674e+02
  3.3920e+02     7.690451e+02
  3.3940e+02     7.656543e+02
  3.3960e+02     7.622947e+02
  3.3980e+02     7.589662e+02
  3.4000e+02     7.556688e+02
  3.4020e+02     7.524022e+02
  3.4040e+02     7.491662e+02
  3.4060e+02     7.459609e+02
  3.4080e+02     7.427859e+02
  3.4100e+02     7.396412e+02
  3.4120e+02     7.365266e+02
  3.4140e+02     7.334420e+02
  3.4160e+02     7.303872e+02
  3.4180e+02     7.273620e+02
  3.4200e+02     7.243663e+02
  3.4220e+02     7.214000e+02
  3.4240e+02     7.184628e+02
  3.4260e+02     7.155548e+02
  3.4280e+02     7.126756e+02
  3.4300e+02     7.098251e+02
  3.4320e+02     7.070033e+02
  3.4340e+02     7.042099e+02
  3.4360e+02     7.014448e+02
  3.4380e+02     6.987078e+02
  3.4400e+02     6.959987e+02
  3.4420e+02     6.933176e+02
  3.4440e+02     6.906641e+02
  3.4460e+02     6.880381e+02
  3.4480e+02     6.854395e+02
  3.4500e+02     6.828681e+02
  3.4520e+02     6.803238e+02
  3.4540e+02     6.778064e+02
  3.4560e+02     6.753158e+02
  3.4580e+02     6.728518e+02
  3.4600e+02     6.704143e+02
  3.4620e+02     6.680031e+02
  3.4640e+02     6.656181e+02
  3.4660e+02     6.632591e+02
  3.4680e+02     6.609260e+02
  3.4700e+02     6.586186e+02
  3.4720e+02     6.563368e+02
  3.4740e+02     6.540805e+02
  3.4760e+02     6.518495e+02
  3.4780e+02     6.496436e+02
  3.4800e+02     6.474627e+02
  3.4820e+02     6.453067e+02
  3.4840e+02     6.431755e+02
  3.4860e+02     6.410688e+02
  3.4880e+02     6.389866e+02
  3.4900e+02     6.369287e+02
  3.4920e+02     6.348949e+02
  3.4940e+02     6.328852e+02
  3.4960e+02     6.308994e+02
  3.4980e+02     6.289374e+02
  3.5000e+02     6.269989e+02
  3.5020e+02     6.250840e+02
  3.5040e+02     6.231924e+02
  3.5060e+02     6.213241e+02
  3.5080e+02     6.194788e+02
  3.5100e+02     6.176566e+02
  3.5120e+02     6.158571e+02
  3.5140e+02     6.140804e+02
  3.5160e+02     6.123262e+02
  3.5180e+02     6.105945e+02
  3.5200e+02     6.088851e+02
  3.5220e+02     6.071980e+02
  3.5240e+02     6.055329e+02
  3.5260e+02     6.038897e+02
  3.5280e+02     6.022685e+02
  3.5300e+02     6.006689e+02
  3.5320e+02     5.990909e+02
  3.5340e+02     5.975344e+02
  3.5360e+02     5.959993e+02
  3.5380e+02     5.944854e+02
  3.5400e+02     5.929927e+02
  3.5420e+02     5.915209e+02
  3.5440e+02     5.900701e+02
  3.5460e+02     5.886401e+02
  3.5480e+02     5.872307e+02
  3.5500e+02     5.858420e+02
  3.5520e+02     5.844737e+02
  3.5540e+02     5.831257e+02
  3.5560e+02     5.817981e+02
  3.5580e+02     5.804905e+02
  3.5600e+02     5.792030e+02
  3.5620e+02     5.779355e+02
  3.5640e+02     5.766878e+02
  3.5660e+02     5.754598e+02
  3.5680e+02     5.742515e+02
  3.5700e+02     5.730628e+02
  3.5720e+02     5.718934e+02
  3.5740e+02     5.707435e+02
  3.5760e+02     5.696128e+02
  3.5780e+02     5.685012e+02
  3.5800e+02     5.674087e+02
  3.5820e+02     5.663352e+02
  3.5840e+02     5.652806e+02
  3.5860e+02     5.642448e+02
  3.5880e+02     5.632277e+02
  3.5900e+02     5.622293e+02
  3.5920e+02     5.612493e+02
  3.5940e+02     5.602879e+02
  3.5960e+02     5.593448e+02
  3.5980e+02     5.584200e+02
