# Epidemic | 7 days incidence [ x-unit: days | y-unit: per 100000 ]
  0.0000e+00     3.618006e+02
  2.0000e-01     3.596333e+02
  4.0000e-01     3.574987e+02
  6.0000e-01     3.553963e+02
  8.0000e-01     3.533257e+02
  1.0000e+00     3.512865e+02
  1.2000e+00     3.492783e+02
  1.4000e+00     3.473007e+02
  1.6000e+00     3.453534e+02
  1.8000e+00     3.434358e+02
  2.0000e+00     3.415477e+02
  2.2000e+00     3.396887e+02
  2.4000e+00     3.378584e+02
  2.6000e+00     3.360565e+02
  2.8000e+00     3.342826e+02
  3.0000e+00     3.325363e+02
  3.2000e+00     3.308174e+02
  3.4000e+00     3.291255e+02
  3.6000e+00     3.274603e+02
  3.8000e+00     3.258214e+02
  4.0000e+00     3.242085e+02
  4.2000e+00     3.226214e+02
  4.4000e+00     3.210596e+02
  4.6000e+00     3.195230e+02
  4.8000e+00     3.180112e+02
  5.0000e+00     3.165239e+02
  5.2000e+00     3.150609e+02
  5.4000e+00     3.136218e+02
  5.6000e+00     3.122064e+02
  5.8000e+00     3.108144e+02
  6.0000e+00     3.094456e+02
  6.2000e+00     3.080996e+02
  6.4000e+00     3.067763e+02
  6.6000e+00     3.054753e+02
  6.8000e+00     3.041965e+02
  7.0000e+00     3.029396e+02
  7.2000e+00     3.020410e+02
  7.4000e+00     3.011897e+02
  7.6000e+00     3.003476e+02
  7.8000e+00     2.995146e+02
  8.0000e+00     2.986908e+02
  8.2000e+00     2.978762e+02
  8.4000e+00     2.970706e+02
  8.6000e+00     2.962741e+02
  8.8000e+00     2.954867e+02
  9.0000e+00     2.947084e+02
  9.2000e+00     2.939390e+02
  9.4000e+00     2.931787e+02
  9.6000e+00     2.924273e+02
  9.8000e+00     2.916849e+02
  1.0000e+01     2.909514e+02
  1.0200e+01     2.902267e+02
  1.0400e+01     2.895110e+02
  1.0600e+01     2.888041e+02
  1.0800e+01     2.881060e+02
  1.1000e+01     2.874167e+02
  1.1200e+01     2.867361e+02
  1.1400e+01     2.860643e+02
  1.1600e+01     2.854012e+02
  1.1800e+01     2.847467e+02
  1.2000e+01     2.841009e+02
  1.2200e+01     2.834637e+02
  1.2400e+01     2.828351e+02
  1.2600e+01     2.822151e+02
  1.2800e+01     2.816036e+02
  1.3000e+01     2.810005e+02
  1.3200e+01     2.804060e+02
  1.3400e+01     2.798198e+02
  1.3600e+01     2.792421e+02
  1.3800e+01     2.786728e+02
  1.4000e+01     2.781117e+02
  1.4200e+01     2.775590e+02
  1.4400e+01     2.770146e+02
  1.4600e+01     2.764784e+02
  1.4800e+01     2.759505e+02
  1.5000e+01     2.754307e+02
  1.5200e+01     2.749191e+02
  1.5400e+01     2.744156e+02
  1.5600e+01     2.739202e+02
  1.5800e+01     2.734329e+02
  1.6000e+01     2.729536e+02
  1.6200e+01     2.724823e+02
  1.6400e+01     2.720189e+02
  1.6600e+01     2.715636e+02
  1.6800e+01     2.711161e+02
  1.7000e+01     2.706764e+02
  1.7200e+01     2.702447e+02
  1.7400e+01     2.698207e+02
  1.7600e+01     2.694045e+02
  1.7800e+01     2.689961e+02
  1.8000e+01     2.685954e+02
  1.8200e+01     2.682023e+02
  1.8400e+01     2.678170e+02
  1.8600e+01     2.674392e+02
  1.8800e+01     2.670691e+02
  1.9000e+01     2.667065e+02
  1.9200e+01     2.663515e+02
  1.9400e+01     2.660039e+02
  1.9600e+01     2.656639e+02
  1.9800e+01     2.653312e+02
  2.0000e+01     2.650060e+02
  2.0200e+01     2.646882e+02
  2.0400e+01     2.643778e+02
  2.0600e+01     2.640746e+02
  2.0800e+01     2.637788e+02
  2.1000e+01     2.634902e+02
  2.1200e+01     2.631509e+02
  2.1400e+01     2.628186e+02
  2.1600e+01     2.625002e+02
  2.1800e+01     2.621956e+02
  2.2000e+01     2.619047e+02
  2.2200e+01     2.616274e+02
  2.2400e+01     2.613637e+02
  2.2600e+01     2.611135e+02
  2.2800e+01     2.608767e+02
  2.3000e+01     2.606534e+02
  2.3200e+01     2.604433e+02
  2.3400e+01     2.602465e+02
  2.3600e+01     2.600630e+02
  2.3800e+01     2.598926e+02
  2.4000e+01     2.597353e+02
  2.4200e+01     2.595910e+02
  2.4400e+01     2.594599e+02
  2.4600e+01     2.593416e+02
  2.4800e+01     2.592363e+02
  2.5000e+01     2.591440e+02
  2.5200e+01     2.590644e+02
  2.5400e+01     2.589977e+02
  2.5600e+01     2.589438e+02
  2.5800e+01     2.589026e+02
  2.6000e+01     2.588742e+02
  2.6200e+01     2.588584e+02
  2.6400e+01     2.588553e+02
  2.6600e+01     2.588649e+02
  2.6800e+01     2.588870e+02
  2.7000e+01     2.589218e+02
  2.7200e+01     2.589691e+02
  2.7400e+01     2.590290e+02
  2.7600e+01     2.591014e+02
  2.7800e+01     2.591864e+02
  2.8000e+01     2.592838e+02
  2.8200e+01     2.593938e+02
  2.8400e+01     2.595162e+02
  2.8600e+01     2.596511e+02
  2.8800e+01     2.597985e+02
  2.9000e+01     2.599583e+02
  2.9200e+01     2.601306e+02
  2.9400e+01     2.603154e+02
  2.9600e+01     2.605126e+02
  2.9800e+01     2.607222e+02
  3.0000e+01     2.609444e+02
  3.0200e+01     2.611790e+02
  3.0400e+01     2.614260e+02
  3.0600e+01     2.616856e+02
  3.0800e+01     2.619576e+02
  3.1000e+01     2.622421e+02
  3.1200e+01     2.625392e+02
  3.1400e+01     2.628487e+02
  3.1600e+01     2.631708e+02
  3.1800e+01     2.635055e+02
  3.2000e+01     2.638527e+02
  3.2200e+01     2.642125e+02
  3.2400e+01     2.645850e+02
  3.2600e+01     2.649701e+02
  3.2800e+01     2.653678e+02
  3.3000e+01     2.657783e+02
  3.3200e+01     2.662014e+02
  3.3400e+01     2.666373e+02
  3.3600e+01     2.670860e+02
  3.3800e+01     2.675475e+02
  3.4000e+01     2.680219e+02
  3.4200e+01     2.685091e+02
  3.4400e+01     2.690093e+02
  3.4600e+01     2.695224e+02
  3.4800e+01     2.700485e+02
  3.5000e+01     2.705876e+02
  3.5200e+01     2.711398e+02
  3.5400e+01     2.717052e+02
  3.5600e+01     2.722837e+02
  3.5800e+01     2.728755e+02
  3.6000e+01     2.734805e+02
  3.6200e+01     2.740989e+02
  3.6400e+01     2.747306e+02
  3.6600e+01     2.753758e+02
  3.6800e+01     2.760344e+02
  3.7000e+01     2.767066e+02
  3.7200e+01     2.773924e+02
  3.7400e+01     2.780919e+02
  3.7600e+01     2.788050e+02
  3.7800e+01     2.795320e+02
  3.8000e+01     2.802729e+02
  3.8200e+01     2.810276e+02
  3.8400e+01     2.817964e+02
  3.8600e+01     2.825792e+02
  3.8800e+01     2.833761e+02
  3.9000e+01     2.841873e+02
  3.9200e+01     2.850127e+02
  3.9400e+01     2.858525e+02
  3.9600e+01     2.867067e+02
  3.9800e+01     2.875755e+02
  4.0000e+01     2.884588e+02
  4.0200e+01     2.893568e+02
  4.0400e+01     2.902696e+02
  4.0600e+01     2.911973e+02
  4.0800e+01     2.921399e+02
  4.1000e+01     2.930975e+02
  4.1200e+01     2.940702e+02
  4.1400e+01     2.950582e+02
  4.1600e+01     2.960614e+02
  4.1800e+01     2.970801e+02
  4.2000e+01     2.981143e+02
  4.2200e+01     2.991641e+02
  4.2400e+01     3.002296e+02
  4.2600e+01     3.013109e+02
  4.2800e+01     3.024081e+02
  4.3000e+01     3.035213e+02
  4.3200e+01     3.046507e+02
  4.3400e+01     3.057963e+02
  4.3600e+01     3.069583e+02
  4.3800e+01     3.081367e+02
  4.4000e+01     3.093318e+02
  4.4200e+01     3.105435e+02
  4.4400e+01     3.117720e+02
  4.4600e+01     3.130175e+02
  4.4800e+01     3.142801e+02
  4.5000e+01     3.155598e+02
  4.5200e+01     3.168569e+02
  4.5400e+01     3.181714e+02
  4.5600e+01     3.195035e+02
  4.5800e+01     3.208533e+02
  4.6000e+01     3.222210e+02
  4.6200e+01     3.236066e+02
  4.6400e+01     3.250103e+02
  4.6600e+01     3.264323e+02
  4.6800e+01     3.278727e+02
  4.7000e+01     3.293317e+02
  4.7200e+01     3.308093e+02
  4.7400e+01     3.323058e+02
  4.7600e+01     3.338212e+02
  4.7800e+01     3.353558e+02
  4.8000e+01     3.369097e+02
  4.8200e+01     3.384830e+02
  4.8400e+01     3.400760e+02
  4.8600e+01     3.416887e+02
  4.8800e+01     3.433213e+02
  4.9000e+01     3.449740e+02
  4.9200e+01     3.466470e+02
  4.9400e+01     3.483404e+02
  4.9600e+01     3.500544e+02
  4.9800e+01     3.517891e+02
  5.0000e+01     3.535448e+02
  5.0200e+01     3.553216e+02
  5.0400e+01     3.571198e+02
  5.0600e+01     3.589393e+02
  5.0800e+01     3.607806e+02
  5.1000e+01     3.626437e+02
  5.1200e+01     3.645288e+02
  5.1400e+01     3.664361e+02
  5.1600e+01     3.683658e+02
  5.1800e+01     3.703182e+02
  5.2000e+01     3.722933e+02
  5.2200e+01     3.742914e+02
  5.2400e+01     3.763128e+02
  5.2600e+01     3.783575e+02
  5.2800e+01     3.804258e+02
  5.3000e+01     3.825180e+02
  5.3200e+01     3.846341e+02
  5.3400e+01     3.867745e+02
  5.3600e+01     3.889393e+02
  5.3800e+01     3.911288e+02
  5.4000e+01     3.933432e+02
  5.4200e+01     3.955826e+02
  5.4400e+01     3.978474e+02
  5.4600e+01     4.001377e+02
  5.4800e+01     4.024538e+02
  5.5000e+01     4.047959e+02
  5.5200e+01     4.071642e+02
  5.5400e+01     4.095590e+02
  5.5600e+01     4.119805e+02
  5.5800e+01     4.144289e+02
  5.6000e+01     4.169045e+02
  5.6200e+01     4.194075e+02
  5.6400e+01     4.219382e+02
  5.6600e+01     4.244968e+02
  5.6800e+01     4.270836e+02
  5.7000e+01     4.296988e+02
  5.7200e+01     4.323427e+02
  5.7400e+01     4.350155e+02
  5.7600e+01     4.377175e+02
  5.7800e+01     4.404490e+02
  5.8000e+01     4.432102e+02
  5.8200e+01     4.460014e+02
  5.8400e+01     4.488228e+02
  5.8600e+01     4.516748e+02
  5.8800e+01     4.545576e+02
  5.9000e+01     4.574714e+02
  5.9200e+01     4.604166e+02
  5.9400e+01     4.633935e+02
  5.9600e+01     4.664023e+02
  5.9800e+01     4.694433e+02
  6.0000e+01     4.725167e+02
  6.0200e+01     4.756230e+02
  6.0400e+01     4.787624e+02
  6.0600e+01     4.819351e+02
  6.0800e+01     4.851415e+02
  6.1000e+01     4.883818e+02
  6.1200e+01     4.916565e+02
  6.1400e+01     4.949657e+02
  6.1600e+01     4.983098e+02
  6.1800e+01     5.016891e+02
  6.2000e+01     5.051039e+02
  6.2200e+01     5.085545e+02
  6.2400e+01     5.120413e+02
  6.2600e+01     5.155645e+02
  6.2800e+01     5.191245e+02
  6.3000e+01     5.227215e+02
  6.3200e+01     5.263560e+02
  6.3400e+01     5.300282e+02
  6.3600e+01     5.337385e+02
  6.3800e+01     5.374872e+02
  6.4000e+01     5.412746e+02
  6.4200e+01     5.451010e+02
  6.4400e+01     5.489669e+02
  6.4600e+01     5.528725e+02
  6.4800e+01     5.568182e+02
  6.5000e+01     5.608043e+02
  6.5200e+01     5.648311e+02
  6.5400e+01     5.688991e+02
  6.5600e+01     5.730085e+02
  6.5800e+01     5.771597e+02
  6.6000e+01     5.813530e+02
  6.6200e+01     5.855889e+02
  6.6400e+01     5.898676e+02
  6.6600e+01     5.941895e+02
  6.6800e+01     5.985549e+02
  6.7000e+01     6.029643e+02
  6.7200e+01     6.074180e+02
  6.7400e+01     6.119163e+02
  6.7600e+01     6.164596e+02
  6.7800e+01     6.210482e+02
  6.8000e+01     6.256826e+02
  6.8200e+01     6.303630e+02
  6.8400e+01     6.350899e+02
  6.8600e+01     6.398636e+02
  6.8800e+01     6.446845e+02
  6.9000e+01     6.495529e+02
  6.9200e+01     6.544693e+02
  6.9400e+01     6.594339e+02
  6.9600e+01     6.644472e+02
  6.9800e+01     6.695095e+02
  7.0000e+01     6.746211e+02
  7.0200e+01     6.797826e+02
  7.0400e+01     6.849941e+02
  7.0600e+01     6.902562e+02
  7.0800e+01     6.955691e+02
  7.1000e+01     7.009332e+02
  7.1200e+01     7.063490e+02
  7.1400e+01     7.118167e+02
  7.1600e+01     7.173367e+02
  7.1800e+01     7.229094e+02
  7.2000e+01     7.285352e+02
  7.2200e+01     7.342145e+02
  7.2400e+01     7.399475e+02
  7.2600e+01     7.457347e+02
  7.2800e+01     7.515763e+02
  7.3000e+01     7.574729e+02
  7.3200e+01     7.634247e+02
  7.3400e+01     7.694321e+02
  7.3600e+01     7.754954e+02
  7.3800e+01     7.816150e+02
  7.4000e+01     7.877912e+02
  7.4200e+01     7.940244e+02
  7.4400e+01     8.003150e+02
  7.4600e+01     8.066632e+02
  7.4800e+01     8.130694e+02
  7.5000e+01     8.195340e+02
  7.5200e+01     8.260572e+02
  7.5400e+01     8.326394e+02
  7.5600e+01     8.392810e+02
  7.5800e+01     8.459822e+02
  7.6000e+01     8.527434e+02
  7.6200e+01     8.595648e+02
  7.6400e+01     8.664468e+02
  7.6600e+01     8.733897e+02
  7.6800e+01     8.803937e+02
  7.7000e+01     8.874592e+02
  7.7200e+01     8.945865e+02
  7.7400e+01     9.017758e+02
  7.7600e+01     9.090274e+02
  7.7800e+01     9.163416e+02
  7.8000e+01     9.237186e+02
  7.8200e+01     9.311588e+02
  7.8400e+01     9.386622e+02
  7.8600e+01     9.462292e+02
  7.8800e+01     9.538600e+02
  7.9000e+01     9.615549e+02
  7.9200e+01     9.693140e+02
  7.9400e+01     9.771376e+02
  7.9600e+01     9.850258e+02
  7.9800e+01     9.929789e+02
  8.0000e+01     1.000997e+03
  8.0200e+01     1.009080e+03
  8.0400e+01     1.017228e+03
  8.0600e+01     1.025443e+03
  8.0800e+01     1.033722e+03
  8.1000e+01     1.042068e+03
  8.1200e+01     1.050479e+03
  8.1400e+01     1.058957e+03
  8.1600e+01     1.067500e+03
  8.1800e+01     1.076110e+03
  8.2000e+01     1.084786e+03
  8.2200e+01     1.093528e+03
  8.2400e+01     1.102337e+03
  8.2600e+01     1.111212e+03
  8.2800e+01     1.120153e+03
  8.3000e+01     1.129161e+03
  8.3200e+01     1.138235e+03
  8.3400e+01     1.147376e+03
  8.3600e+01     1.156582e+03
  8.3800e+01     1.165855e+03
  8.4000e+01     1.175194e+03
  8.4200e+01     1.184600e+03
  8.4400e+01     1.194071e+03
  8.4600e+01     1.203607e+03
  8.4800e+01     1.213210e+03
  8.5000e+01     1.222878e+03
  8.5200e+01     1.232611e+03
  8.5400e+01     1.242410e+03
  8.5600e+01     1.252273e+03
  8.5800e+01     1.262201e+03
  8.6000e+01     1.272193e+03
  8.6200e+01     1.282249e+03
  8.6400e+01     1.292369e+03
  8.6600e+01     1.302552e+03
  8.6800e+01     1.312799e+03
  8.7000e+01     1.323108e+03
  8.7200e+01     1.333479e+03
  8.7400e+01     1.343912e+03
  8.7600e+01     1.354406e+03
  8.7800e+01     1.364962e+03
  8.8000e+01     1.375578e+03
  8.8200e+01     1.386253e+03
  8.8400e+01     1.396988e+03
  8.8600e+01     1.407782e+03
  8.8800e+01     1.418634e+03
  8.9000e+01     1.429543e+03
  8.9200e+01     1.440509e+03
  8.9400e+01     1.451531e+03
  8.9600e+01     1.462609e+03
  8.9800e+01     1.473741e+03
  9.0000e+01     1.484927e+03
  9.0200e+01     1.496167e+03
  9.0400e+01     1.507458e+03
  9.0600e+01     1.518801e+03
  9.0800e+01     1.530194e+03
  9.1000e+01     1.541637e+03
  9.1200e+01     1.553128e+03
  9.1400e+01     1.564667e+03
  9.1600e+01     1.576252e+03
  9.1800e+01     1.587883e+03
  9.2000e+01     1.599558e+03
  9.2200e+01     1.611276e+03
  9.2400e+01     1.623037e+03
  9.2600e+01     1.634838e+03
  9.2800e+01     1.646679e+03
  9.3000e+01     1.658558e+03
  9.3200e+01     1.670473e+03
  9.3400e+01     1.682425e+03
  9.3600e+01     1.694411e+03
  9.3800e+01     1.706430e+03
  9.4000e+01     1.718480e+03
  9.4200e+01     1.730560e+03
  9.4400e+01     1.742668e+03
  9.4600e+01     1.754803e+03
  9.4800e+01     1.766964e+03
  9.5000e+01     1.779148e+03
  9.5200e+01     1.791353e+03
  9.5400e+01     1.803579e+03
  9.5600e+01     1.815823e+03
  9.5800e+01     1.828084e+03
  9.6000e+01     1.840360e+03
  9.6200e+01     1.852648e+03
  9.6400e+01     1.864948e+03
  9.6600e+01     1.877256e+03
  9.6800e+01     1.889571e+03
  9.7000e+01     1.901892e+03
  9.7200e+01     1.914215e+03
  9.7400e+01     1.926540e+03
  9.7600e+01     1.938863e+03
  9.7800e+01     1.951182e+03
  9.8000e+01     1.963496e+03
  9.8200e+01     1.975802e+03
  9.8400e+01     1.988098e+03
  9.8600e+01     2.000381e+03
  9.8800e+01     2.012649e+03
  9.9000e+01     2.024900e+03
  9.9200e+01     2.037131e+03
  9.9400e+01     2.049341e+03
  9.9600e+01     2.061525e+03
  9.9800e+01     2.073682e+03
  1.0000e+02     2.085810e+03
  1.0020e+02     2.097905e+03
  1.0040e+02     2.109965e+03
  1.0060e+02     2.121988e+03
  1.0080e+02     2.133970e+03
  1.0100e+02     2.145909e+03
  1.0120e+02     2.157802e+03
  1.0140e+02     2.169647e+03
  1.0160e+02     2.181441e+03
  1.0180e+02     2.193180e+03
  1.0200e+02     2.204862e+03
  1.0220e+02     2.216484e+03
  1.0240e+02     2.228043e+03
  1.0260e+02     2.239537e+03
  1.0280e+02     2.250962e+03
  1.0300e+02     2.262315e+03
  1.0320e+02     2.273594e+03
  1.0340e+02     2.284795e+03
  1.0360e+02     2.295915e+03
  1.0380e+02     2.306951e+03
  1.0400e+02     2.317901e+03
  1.0420e+02     2.328761e+03
  1.0440e+02     2.339528e+03
  1.0460e+02     2.350199e+03
  1.0480e+02     2.360771e+03
  1.0500e+02     2.371241e+03
  1.0520e+02     2.381606e+03
  1.0540e+02     2.391862e+03
  1.0560e+02     2.402006e+03
  1.0580e+02     2.412037e+03
  1.0600e+02     2.421949e+03
  1.0620e+02     2.431741e+03
  1.0640e+02     2.441409e+03
  1.0660e+02     2.450950e+03
  1.0680e+02     2.460360e+03
  1.0700e+02     2.469638e+03
  1.0720e+02     2.478780e+03
  1.0740e+02     2.487782e+03
  1.0760e+02     2.496642e+03
  1.0780e+02     2.505357e+03
  1.0800e+02     2.513923e+03
  1.0820e+02     2.522339e+03
  1.0840e+02     2.530600e+03
  1.0860e+02     2.538704e+03
  1.0880e+02     2.546648e+03
  1.0900e+02     2.554429e+03
  1.0920e+02     2.562045e+03
  1.0940e+02     2.569492e+03
  1.0960e+02     2.576768e+03
  1.0980e+02     2.583870e+03
  1.1000e+02     2.590796e+03
  1.1020e+02     2.597542e+03
  1.1040e+02     2.604106e+03
  1.1060e+02     2.610486e+03
  1.1080e+02     2.616679e+03
  1.1100e+02     2.622683e+03
  1.1120e+02     2.628495e+03
  1.1140e+02     2.634113e+03
  1.1160e+02     2.639534e+03
  1.1180e+02     2.644757e+03
  1.1200e+02     2.649779e+03
  1.1220e+02     2.654598e+03
  1.1240e+02     2.659211e+03
  1.1260e+02     2.663618e+03
  1.1280e+02     2.667817e+03
  1.1300e+02     2.671804e+03
  1.1320e+02     2.675579e+03
  1.1340e+02     2.679139e+03
  1.1360e+02     2.682484e+03
  1.1380e+02     2.685611e+03
  1.1400e+02     2.688520e+03
  1.1420e+02     2.691208e+03
  1.1440e+02     2.693674e+03
  1.1460e+02     2.695918e+03
  1.1480e+02     2.697937e+03
  1.1500e+02     2.699731e+03
  1.1520e+02     2.701300e+03
  1.1540e+02     2.702641e+03
  1.1560e+02     2.703754e+03
  1.1580e+02     2.704638e+03
  1.1600e+02     2.705293e+03
  1.1620e+02     2.705719e+03
  1.1640e+02     2.705914e+03
  1.1660e+02     2.705878e+03
  1.1680e+02     2.705611e+03
  1.1700e+02     2.705113e+03
  1.1720e+02     2.704384e+03
  1.1740e+02     2.703423e+03
  1.1760e+02     2.702231e+03
  1.1780e+02     2.700808e+03
  1.1800e+02     2.699155e+03
  1.1820e+02     2.697270e+03
  1.1840e+02     2.695156e+03
  1.1860e+02     2.692812e+03
  1.1880e+02     2.690239e+03
  1.1900e+02     2.687438e+03
  1.1920e+02     2.684410e+03
  1.1940e+02     2.681156e+03
  1.1960e+02     2.677676e+03
  1.1980e+02     2.673971e+03
  1.2000e+02     2.670044e+03
  1.2020e+02     2.665895e+03
  1.2040e+02     2.661525e+03
  1.2060e+02     2.656936e+03
  1.2080e+02     2.652130e+03
  1.2100e+02     2.647107e+03
  1.2120e+02     2.641871e+03
  1.2140e+02     2.636422e+03
  1.2160e+02     2.630763e+03
  1.2180e+02     2.624895e+03
  1.2200e+02     2.618820e+03
  1.2220e+02     2.612541e+03
  1.2240e+02     2.606059e+03
  1.2260e+02     2.599378e+03
  1.2280e+02     2.592499e+03
  1.2300e+02     2.585425e+03
  1.2320e+02     2.578157e+03
  1.2340e+02     2.570700e+03
  1.2360e+02     2.563055e+03
  1.2380e+02     2.555225e+03
  1.2400e+02     2.547212e+03
  1.2420e+02     2.539020e+03
  1.2440e+02     2.530651e+03
  1.2460e+02     2.522109e+03
  1.2480e+02     2.513396e+03
  1.2500e+02     2.504514e+03
  1.2520e+02     2.495469e+03
  1.2540e+02     2.486261e+03
  1.2560e+02     2.476895e+03
  1.2580e+02     2.467374e+03
  1.2600e+02     2.457700e+03
  1.2620e+02     2.447878e+03
  1.2640e+02     2.437910e+03
  1.2660e+02     2.427799e+03
  1.2680e+02     2.417550e+03
  1.2700e+02     2.407166e+03
  1.2720e+02     2.396649e+03
  1.2740e+02     2.386004e+03
  1.2760e+02     2.375233e+03
  1.2780e+02     2.364341e+03
  1.2800e+02     2.353331e+03
  1.2820e+02     2.342206e+03
  1.2840e+02     2.330969e+03
  1.2860e+02     2.319625e+03
  1.2880e+02     2.308177e+03
  1.2900e+02     2.296628e+03
  1.2920e+02     2.284982e+03
  1.2940e+02     2.273243e+03
  1.2960e+02     2.261413e+03
  1.2980e+02     2.249497e+03
  1.3000e+02     2.237498e+03
  1.3020e+02     2.225420e+03
  1.3040e+02     2.213265e+03
  1.3060e+02     2.201038e+03
  1.3080e+02     2.188743e+03
  1.3100e+02     2.176381e+03
  1.3120e+02     2.163958e+03
  1.3140e+02     2.151476e+03
  1.3160e+02     2.138939e+03
  1.3180e+02     2.126350e+03
  1.3200e+02     2.113712e+03
  1.3220e+02     2.101029e+03
  1.3240e+02     2.088305e+03
  1.3260e+02     2.075541e+03
  1.3280e+02     2.062743e+03
  1.3300e+02     2.049912e+03
  1.3320e+02     2.037052e+03
  1.3340e+02     2.024166e+03
  1.3360e+02     2.011258e+03
  1.3380e+02     1.998330e+03
  1.3400e+02     1.985385e+03
  1.3420e+02     1.972426e+03
  1.3440e+02     1.959457e+03
  1.3460e+02     1.946479e+03
  1.3480e+02     1.933497e+03
  1.3500e+02     1.920512e+03
  1.3520e+02     1.907528e+03
  1.3540e+02     1.894548e+03
  1.3560e+02     1.881573e+03
  1.3580e+02     1.868607e+03
  1.3600e+02     1.855651e+03
  1.3620e+02     1.842710e+03
  1.3640e+02     1.829785e+03
  1.3660e+02     1.816878e+03
  1.3680e+02     1.803992e+03
  1.3700e+02     1.791130e+03
  1.3720e+02     1.778293e+03
  1.3740e+02     1.765483e+03
  1.3760e+02     1.752704e+03
  1.3780e+02     1.739957e+03
  1.3800e+02     1.727244e+03
  1.3820e+02     1.714568e+03
  1.3840e+02     1.701929e+03
  1.3860e+02     1.689331e+03
  1.3880e+02     1.676775e+03
  1.3900e+02     1.664262e+03
  1.3920e+02     1.651795e+03
  1.3940e+02     1.639376e+03
  1.3960e+02     1.627005e+03
  1.3980e+02     1.614685e+03
  1.4000e+02     1.602417e+03
  1.4020e+02     1.590203e+03
  1.4040e+02     1.578044e+03
  1.4060e+02     1.565942e+03
  1.4080e+02     1.553898e+03
  1.4100e+02     1.541913e+03
  1.4120e+02     1.529988e+03
  1.4140e+02     1.518126e+03
  1.4160e+02     1.506327e+03
  1.4180e+02     1.494591e+03
  1.4200e+02     1.482921e+03
  1.4220e+02     1.471318e+03
  1.4240e+02     1.459781e+03
  1.4260e+02     1.448313e+03
  1.4280e+02     1.436915e+03
  1.4300e+02     1.425586e+03
  1.4320e+02     1.414328e+03
  1.4340e+02     1.403142e+03
  1.4360e+02     1.392029e+03
  1.4380e+02     1.380988e+03
  1.4400e+02     1.370022e+03
  1.4420e+02     1.359130e+03
  1.4440e+02     1.348314e+03
  1.4460e+02     1.337573e+03
  1.4480e+02     1.326908e+03
  1.4500e+02     1.316320e+03
  1.4520e+02     1.305809e+03
  1.4540e+02     1.295375e+03
  1.4560e+02     1.285020e+03
  1.4580e+02     1.274743e+03
  1.4600e+02     1.264545e+03
  1.4620e+02     1.254425e+03
  1.4640e+02     1.244385e+03
  1.4660e+02     1.234424e+03
  1.4680e+02     1.224543e+03
  1.4700e+02     1.214742e+03
  1.4720e+02     1.205021e+03
  1.4740e+02     1.195380e+03
  1.4760e+02     1.185819e+03
  1.4780e+02     1.176338e+03
  1.4800e+02     1.166937e+03
  1.4820e+02     1.157617e+03
  1.4840e+02     1.148377e+03
  1.4860e+02     1.139218e+03
  1.4880e+02     1.130138e+03
  1.4900e+02     1.121139e+03
  1.4920e+02     1.112220e+03
  1.4940e+02     1.103381e+03
  1.4960e+02     1.094621e+03
  1.4980e+02     1.085942e+03
  1.5000e+02     1.077341e+03
  1.5020e+02     1.068821e+03
  1.5040e+02     1.060379e+03
  1.5060e+02     1.052016e+03
  1.5080e+02     1.043731e+03
  1.5100e+02     1.035525e+03
  1.5120e+02     1.027398e+03
  1.5140e+02     1.019348e+03
  1.5160e+02     1.011375e+03
  1.5180e+02     1.003480e+03
  1.5200e+02     9.956619e+02
  1.5220e+02     9.879201e+02
  1.5240e+02     9.802546e+02
  1.5260e+02     9.726649e+02
  1.5280e+02     9.651508e+02
  1.5300e+02     9.577117e+02
  1.5320e+02     9.503474e+02
  1.5340e+02     9.430575e+02
  1.5360e+02     9.358415e+02
  1.5380e+02     9.286990e+02
  1.5400e+02     9.216296e+02
  1.5420e+02     9.146329e+02
  1.5440e+02     9.077084e+02
  1.5460e+02     9.008558e+02
  1.5480e+02     8.940745e+02
  1.5500e+02     8.873640e+02
  1.5520e+02     8.807241e+02
  1.5540e+02     8.741540e+02
  1.5560e+02     8.676535e+02
  1.5580e+02     8.612220e+02
  1.5600e+02     8.548591e+02
  1.5620e+02     8.485642e+02
  1.5640e+02     8.423369e+02
  1.5660e+02     8.361767e+02
  1.5680e+02     8.300831e+02
  1.5700e+02     8.240556e+02
  1.5720e+02     8.180937e+02
  1.5740e+02     8.121969e+02
  1.5760e+02     8.063647e+02
  1.5780e+02     8.005966e+02
  1.5800e+02     7.948921e+02
  1.5820e+02     7.892507e+02
  1.5840e+02     7.836719e+02
  1.5860e+02     7.781552e+02
  1.5880e+02     7.727001e+02
  1.5900e+02     7.673060e+02
  1.5920e+02     7.619725e+02
  1.5940e+02     7.566990e+02
  1.5960e+02     7.514851e+02
  1.5980e+02     7.463302e+02
  1.6000e+02     7.412339e+02
  1.6020e+02     7.361956e+02
  1.6040e+02     7.312148e+02
  1.6060e+02     7.262911e+02
  1.6080e+02     7.214238e+02
  1.6100e+02     7.166126e+02
  1.6120e+02     7.118570e+02
  1.6140e+02     7.071563e+02
  1.6160e+02     7.025102e+02
  1.6180e+02     6.979182e+02
  1.6200e+02     6.933797e+02
  1.6220e+02     6.888943e+02
  1.6240e+02     6.844615e+02
  1.6260e+02     6.800807e+02
  1.6280e+02     6.757516e+02
  1.6300e+02     6.714736e+02
  1.6320e+02     6.672463e+02
  1.6340e+02     6.630692e+02
  1.6360e+02     6.589418e+02
  1.6380e+02     6.548637e+02
  1.6400e+02     6.508344e+02
  1.6420e+02     6.468534e+02
  1.6440e+02     6.429203e+02
  1.6460e+02     6.390346e+02
  1.6480e+02     6.351959e+02
  1.6500e+02     6.314037e+02
  1.6520e+02     6.276576e+02
  1.6540e+02     6.239572e+02
  1.6560e+02     6.203019e+02
  1.6580e+02     6.166914e+02
  1.6600e+02     6.131253e+02
  1.6620e+02     6.096031e+02
  1.6640e+02     6.061244e+02
  1.6660e+02     6.026887e+02
  1.6680e+02     5.992957e+02
  1.6700e+02     5.959450e+02
  1.6720e+02     5.926360e+02
  1.6740e+02     5.893686e+02
  1.6760e+02     5.861421e+02
  1.6780e+02     5.829563e+02
  1.6800e+02     5.798108e+02
  1.6820e+02     5.767050e+02
  1.6840e+02     5.736388e+02
  1.6860e+02     5.706117e+02
  1.6880e+02     5.676232e+02
  1.6900e+02     5.646731e+02
  1.6920e+02     5.617610e+02
  1.6940e+02     5.588864e+02
  1.6960e+02     5.560491e+02
  1.6980e+02     5.532487e+02
  1.7000e+02     5.504847e+02
  1.7020e+02     5.477570e+02
  1.7040e+02     5.450651e+02
  1.7060e+02     5.424087e+02
  1.7080e+02     5.397874e+02
  1.7100e+02     5.372009e+02
  1.7120e+02     5.346489e+02
  1.7140e+02     5.321310e+02
  1.7160e+02     5.296469e+02
  1.7180e+02     5.271964e+02
  1.7200e+02     5.247790e+02
  1.7220e+02     5.223945e+02
  1.7240e+02     5.200426e+02
  1.7260e+02     5.177229e+02
  1.7280e+02     5.154352e+02
  1.7300e+02     5.131791e+02
  1.7320e+02     5.109544e+02
  1.7340e+02     5.087607e+02
  1.7360e+02     5.065979e+02
  1.7380e+02     5.044655e+02
  1.7400e+02     5.023633e+02
  1.7420e+02     5.002911e+02
  1.7440e+02     4.982486e+02
  1.7460e+02     4.962354e+02
  1.7480e+02     4.942514e+02
  1.7500e+02     4.922962e+02
  1.7520e+02     4.903697e+02
  1.7540e+02     4.884715e+02
  1.7560e+02     4.866014e+02
  1.7580e+02     4.847592e+02
  1.7600e+02     4.829445e+02
  1.7620e+02     4.811572e+02
  1.7640e+02     4.793971e+02
  1.7660e+02     4.776638e+02
  1.7680e+02     4.759572e+02
  1.7700e+02     4.742770e+02
  1.7720e+02     4.726230e+02
  1.7740e+02     4.709950e+02
  1.7760e+02     4.693928e+02
  1.7780e+02     4.678161e+02
  1.7800e+02     4.662647e+02
  1.7820e+02     4.647384e+02
  1.7840e+02     4.632371e+02
  1.7860e+02     4.617604e+02
  1.7880e+02     4.603083e+02
  1.7900e+02     4.588805e+02
  1.7920e+02     4.574767e+02
  1.7940e+02     4.560969e+02
  1.7960e+02     4.547409e+02
  1.7980e+02     4.534083e+02
  1.8000e+02     4.520992e+02
  1.8020e+02     4.508132e+02
  1.8040e+02     4.495502e+02
  1.8060e+02     4.483101e+02
  1.8080e+02     4.470926e+02
  1.8100e+02     4.458976e+02
  1.8120e+02     4.447249e+02
  1.8140e+02     4.435744e+02
  1.8160e+02     4.424458e+02
  1.8180e+02     4.413391e+02
  1.8200e+02     4.402541e+02
  1.8220e+02     4.391906e+02
  1.8240e+02     4.381485e+02
  1.8260e+02     4.371276e+02
  1.8280e+02     4.361279e+02
  1.8300e+02     4.351490e+02
  1.8320e+02     4.341910e+02
  1.8340e+02     4.332536e+02
  1.8360e+02     4.323367e+02
  1.8380e+02     4.314403e+02
  1.8400e+02     4.305641e+02
  1.8420e+02     4.297081e+02
  1.8440e+02     4.288720e+02
  1.8460e+02     4.280559e+02
  1.8480e+02     4.272595e+02
  1.8500e+02     4.264828e+02
  1.8520e+02     4.257256e+02
  1.8540e+02     4.249879e+02
  1.8560e+02     4.242694e+02
  1.8580e+02     4.235702e+02
  1.8600e+02     4.228900e+02
  1.8620e+02     4.222288e+02
  1.8640e+02     4.215866e+02
  1.8660e+02     4.209631e+02
  1.8680e+02     4.203583e+02
  1.8700e+02     4.197721e+02
  1.8720e+02     4.192044e+02
  1.8740e+02     4.186551e+02
  1.8760e+02     4.181241e+02
  1.8780e+02     4.176114e+02
  1.8800e+02     4.171168e+02
  1.8820e+02     4.166402e+02
  1.8840e+02     4.161817e+02
  1.8860e+02     4.157411e+02
  1.8880e+02     4.153182e+02
  1.8900e+02     4.149132e+02
  1.8920e+02     4.145258e+02
  1.8940e+02     4.141560e+02
  1.8960e+02     4.138038e+02
  1.8980e+02     4.134690e+02
  1.9000e+02     4.131516e+02
  1.9020e+02     4.128516e+02
  1.9040e+02     4.125689e+02
  1.9060e+02     4.123034e+02
  1.9080e+02     4.120550e+02
  1.9100e+02     4.118238e+02
  1.9120e+02     4.116096e+02
  1.9140e+02     4.114124e+02
  1.9160e+02     4.112321e+02
  1.9180e+02     4.110688e+02
  1.9200e+02     4.109223e+02
  1.9220e+02     4.107927e+02
  1.9240e+02     4.106798e+02
  1.9260e+02     4.105836e+02
  1.9280e+02     4.105041e+02
  1.9300e+02     4.104413e+02
  1.9320e+02     4.103951e+02
  1.9340e+02     4.103655e+02
  1.9360e+02     4.103524e+02
  1.9380e+02     4.103558e+02
  1.9400e+02     4.103758e+02
  1.9420e+02     4.104122e+02
  1.9440e+02     4.104650e+02
  1.9460e+02     4.105342e+02
  1.9480e+02     4.106198e+02
  1.9500e+02     4.107218e+02
  1.9520e+02     4.108401e+02
  1.9540e+02     4.109748e+02
  1.9560e+02     4.111258e+02
  1.9580e+02     4.112931e+02
  1.9600e+02     4.114767e+02
  1.9620e+02     4.116765e+02
  1.9640e+02     4.118926e+02
  1.9660e+02     4.121250e+02
  1.9680e+02     4.123736e+02
  1.9700e+02     4.126385e+02
  1.9720e+02     4.129196e+02
  1.9740e+02     4.132170e+02
  1.9760e+02     4.135306e+02
  1.9780e+02     4.138605e+02
  1.9800e+02     4.142066e+02
  1.9820e+02     4.145689e+02
  1.9840e+02     4.149476e+02
  1.9860e+02     4.153424e+02
  1.9880e+02     4.157536e+02
  1.9900e+02     4.161811e+02
  1.9920e+02     4.166248e+02
  1.9940e+02     4.170849e+02
  1.9960e+02     4.175613e+02
  1.9980e+02     4.180540e+02
  2.0000e+02     4.185631e+02
  2.0020e+02     4.190886e+02
  2.0040e+02     4.196304e+02
  2.0060e+02     4.201887e+02
  2.0080e+02     4.207635e+02
  2.0100e+02     4.213547e+02
  2.0120e+02     4.219625e+02
  2.0140e+02     4.225867e+02
  2.0160e+02     4.232276e+02
  2.0180e+02     4.238850e+02
  2.0200e+02     4.245590e+02
  2.0220e+02     4.252497e+02
  2.0240e+02     4.259571e+02
  2.0260e+02     4.266812e+02
  2.0280e+02     4.274221e+02
  2.0300e+02     4.281798e+02
  2.0320e+02     4.289544e+02
  2.0340e+02     4.297458e+02
  2.0360e+02     4.305542e+02
  2.0380e+02     4.313796e+02
  2.0400e+02     4.322220e+02
  2.0420e+02     4.330815e+02
  2.0440e+02     4.339581e+02
  2.0460e+02     4.348519e+02
  2.0480e+02     4.357629e+02
  2.0500e+02     4.366912e+02
  2.0520e+02     4.376368e+02
  2.0540e+02     4.385998e+02
  2.0560e+02     4.395803e+02
  2.0580e+02     4.405783e+02
  2.0600e+02     4.415939e+02
  2.0620e+02     4.426271e+02
  2.0640e+02     4.436781e+02
  2.0660e+02     4.447467e+02
  2.0680e+02     4.458333e+02
  2.0700e+02     4.469377e+02
  2.0720e+02     4.480601e+02
  2.0740e+02     4.492005e+02
  2.0760e+02     4.503590e+02
  2.0780e+02     4.515357e+02
  2.0800e+02     4.527307e+02
  2.0820e+02     4.539440e+02
  2.0840e+02     4.551758e+02
  2.0860e+02     4.564260e+02
  2.0880e+02     4.576947e+02
  2.0900e+02     4.589822e+02
  2.0920e+02     4.602883e+02
  2.0940e+02     4.616133e+02
  2.0960e+02     4.629572e+02
  2.0980e+02     4.643200e+02
  2.1000e+02     4.657020e+02
  2.1020e+02     4.671031e+02
  2.1040e+02     4.685234e+02
  2.1060e+02     4.699631e+02
  2.1080e+02     4.714223e+02
  2.1100e+02     4.729009e+02
  2.1120e+02     4.743992e+02
  2.1140e+02     4.759172e+02
  2.1160e+02     4.774551e+02
  2.1180e+02     4.790129e+02
  2.1200e+02     4.805907e+02
  2.1220e+02     4.821886e+02
  2.1240e+02     4.838067e+02
  2.1260e+02     4.854452e+02
  2.1280e+02     4.871041e+02
  2.1300e+02     4.887836e+02
  2.1320e+02     4.904837e+02
  2.1340e+02     4.922045e+02
  2.1360e+02     4.939463e+02
  2.1380e+02     4.957090e+02
  2.1400e+02     4.974928e+02
  2.1420e+02     4.992979e+02
  2.1440e+02     5.011242e+02
  2.1460e+02     5.029721e+02
  2.1480e+02     5.048414e+02
  2.1500e+02     5.067325e+02
  2.1520e+02     5.086454e+02
  2.1540e+02     5.105801e+02
  2.1560e+02     5.125370e+02
  2.1580e+02     5.145160e+02
  2.1600e+02     5.165173e+02
  2.1620e+02     5.185410e+02
  2.1640e+02     5.205873e+02
  2.1660e+02     5.226562e+02
  2.1680e+02     5.247480e+02
  2.1700e+02     5.268627e+02
  2.1720e+02     5.290004e+02
  2.1740e+02     5.311614e+02
  2.1760e+02     5.333457e+02
  2.1780e+02     5.355535e+02
  2.1800e+02     5.377849e+02
  2.1820e+02     5.400400e+02
  2.1840e+02     5.423190e+02
  2.1860e+02     5.446221e+02
  2.1880e+02     5.469493e+02
  2.1900e+02     5.493008e+02
  2.1920e+02     5.516767e+02
  2.1940e+02     5.540773e+02
  2.1960e+02     5.565025e+02
  2.1980e+02     5.589527e+02
  2.2000e+02     5.614279e+02
  2.2020e+02     5.639282e+02
  2.2040e+02     5.664539e+02
  2.2060e+02     5.690051e+02
  2.2080e+02     5.715818e+02
  2.2100e+02     5.741844e+02
  2.2120e+02     5.768128e+02
  2.2140e+02     5.794673e+02
  2.2160e+02     5.821481e+02
  2.2180e+02     5.848552e+02
  2.2200e+02     5.875889e+02
  2.2220e+02     5.903492e+02
  2.2240e+02     5.931364e+02
  2.2260e+02     5.959506e+02
  2.2280e+02     5.987919e+02
  2.2300e+02     6.016606e+02
  2.2320e+02     6.045567e+02
  2.2340e+02     6.074805e+02
  2.2360e+02     6.104321e+02
  2.2380e+02     6.134116e+02
  2.2400e+02     6.164192e+02
  2.2420e+02     6.194551e+02
  2.2440e+02     6.225194e+02
  2.2460e+02     6.256123e+02
  2.2480e+02     6.287340e+02
  2.2500e+02     6.318846e+02
  2.2520e+02     6.350643e+02
  2.2540e+02     6.382732e+02
  2.2560e+02     6.415115e+02
  2.2580e+02     6.447794e+02
  2.2600e+02     6.480771e+02
  2.2620e+02     6.514046e+02
  2.2640e+02     6.547622e+02
  2.2660e+02     6.581500e+02
  2.2680e+02     6.615683e+02
  2.2700e+02     6.650170e+02
  2.2720e+02     6.684965e+02
  2.2740e+02     6.720069e+02
  2.2760e+02     6.755483e+02
  2.2780e+02     6.791209e+02
  2.2800e+02     6.827249e+02
  2.2820e+02     6.863605e+02
  2.2840e+02     6.900277e+02
  2.2860e+02     6.937268e+02
  2.2880e+02     6.974579e+02
  2.2900e+02     7.012212e+02
  2.2920e+02     7.050168e+02
  2.2940e+02     7.088450e+02
  2.2960e+02     7.127058e+02
  2.2980e+02     7.165994e+02
  2.3000e+02     7.205260e+02
  2.3020e+02     7.244857e+02
  2.3040e+02     7.284787e+02
  2.3060e+02     7.325052e+02
  2.3080e+02     7.365652e+02
  2.3100e+02     7.406591e+02
  2.3120e+02     7.447868e+02
  2.3140e+02     7.489486e+02
  2.3160e+02     7.531445e+02
  2.3180e+02     7.573749e+02
  2.3200e+02     7.616397e+02
  2.3220e+02     7.659392e+02
  2.3240e+02     7.702735e+02
  2.3260e+02     7.746427e+02
  2.3280e+02     7.790469e+02
  2.3300e+02     7.834864e+02
  2.3320e+02     7.879612e+02
  2.3340e+02     7.924715e+02
  2.3360e+02     7.970175e+02
  2.3380e+02     8.015991e+02
  2.3400e+02     8.062167e+02
  2.3420e+02     8.108702e+02
  2.3440e+02     8.155599e+02
  2.3460e+02     8.202858e+02
  2.3480e+02     8.250480e+02
  2.3500e+02     8.298468e+02
  2.3520e+02     8.346821e+02
  2.3540e+02     8.395541e+02
  2.3560e+02     8.444630e+02
  2.3580e+02     8.494087e+02
  2.3600e+02     8.543915e+02
  2.3620e+02     8.594114e+02
  2.3640e+02     8.644685e+02
  2.3660e+02     8.695629e+02
  2.3680e+02     8.746947e+02
  2.3700e+02     8.798639e+02
  2.3720e+02     8.850707e+02
  2.3740e+02     8.903152e+02
  2.3760e+02     8.955973e+02
  2.3780e+02     9.009172e+02
  2.3800e+02     9.062749e+02
  2.3820e+02     9.116706e+02
  2.3840e+02     9.171041e+02
  2.3860e+02     9.225757e+02
  2.3880e+02     9.280853e+02
  2.3900e+02     9.336331e+02
  2.3920e+02     9.392189e+02
  2.3940e+02     9.448429e+02
  2.3960e+02     9.505050e+02
  2.3980e+02     9.562054e+02
  2.4000e+02     9.619440e+02
  2.4020e+02     9.677208e+02
  2.4040e+02     9.735358e+02
  2.4060e+02     9.793891e+02
  2.4080e+02     9.852806e+02
  2.4100e+02     9.912102e+02
  2.4120e+02     9.971781e+02
  2.4140e+02     1.003184e+03
  2.4160e+02     1.009228e+03
  2.4180e+02     1.015310e+03
  2.4200e+02     1.021430e+03
  2.4220e+02     1.027589e+03
  2.4240e+02     1.033785e+03
  2.4260e+02     1.040019e+03
  2.4280e+02     1.046291e+03
  2.4300e+02     1.052600e+03
  2.4320e+02     1.058947e+03
  2.4340e+02     1.065332e+03
  2.4360e+02     1.071754e+03
  2.4380e+02     1.078213e+03
  2.4400e+02     1.084709e+03
  2.4420e+02     1.091243e+03
  2.4440e+02     1.097813e+03
  2.4460e+02     1.104420e+03
  2.4480e+02     1.111063e+03
  2.4500e+02     1.117743e+03
  2.4520e+02     1.124460e+03
  2.4540e+02     1.131212e+03
  2.4560e+02     1.138000e+03
  2.4580e+02     1.144823e+03
  2.4600e+02     1.151682e+03
  2.4620e+02     1.158577e+03
  2.4640e+02     1.165506e+03
  2.4660e+02     1.172470e+03
  2.4680e+02     1.179468e+03
  2.4700e+02     1.186501e+03
  2.4720e+02     1.193567e+03
  2.4740e+02     1.200667e+03
  2.4760e+02     1.207800e+03
  2.4780e+02     1.214966e+03
  2.4800e+02     1.222165e+03
  2.4820e+02     1.229396e+03
  2.4840e+02     1.236659e+03
  2.4860e+02     1.243954e+03
  2.4880e+02     1.251280e+03
  2.4900e+02     1.258637e+03
  2.4920e+02     1.266024e+03
  2.4940e+02     1.273441e+03
  2.4960e+02     1.280888e+03
  2.4980e+02     1.288364e+03
  2.5000e+02     1.295869e+03
  2.5020e+02     1.303402e+03
  2.5040e+02     1.310963e+03
  2.5060e+02     1.318551e+03
  2.5080e+02     1.326165e+03
  2.5100e+02     1.333806e+03
  2.5120e+02     1.341473e+03
  2.5140e+02     1.349165e+03
  2.5160e+02     1.356882e+03
  2.5180e+02     1.364622e+03
  2.5200e+02     1.372386e+03
  2.5220e+02     1.380173e+03
  2.5240e+02     1.387982e+03
  2.5260e+02     1.395813e+03
  2.5280e+02     1.403665e+03
  2.5300e+02     1.411536e+03
  2.5320e+02     1.419428e+03
  2.5340e+02     1.427338e+03
  2.5360e+02     1.435267e+03
  2.5380e+02     1.443213e+03
  2.5400e+02     1.451176e+03
  2.5420e+02     1.459155e+03
  2.5440e+02     1.467149e+03
  2.5460e+02     1.475158e+03
  2.5480e+02     1.483180e+03
  2.5500e+02     1.491215e+03
  2.5520e+02     1.499261e+03
  2.5540e+02     1.507320e+03
  2.5560e+02     1.515388e+03
  2.5580e+02     1.523466e+03
  2.5600e+02     1.531552e+03
  2.5620e+02     1.539645e+03
  2.5640e+02     1.547746e+03
  2.5660e+02     1.555852e+03
  2.5680e+02     1.563963e+03
  2.5700e+02     1.572078e+03
  2.5720e+02     1.580195e+03
  2.5740e+02     1.588314e+03
  2.5760e+02     1.596434e+03
  2.5780e+02     1.604554e+03
  2.5800e+02     1.612672e+03
  2.5820e+02     1.620788e+03
  2.5840e+02     1.628901e+03
  2.5860e+02     1.637009e+03
  2.5880e+02     1.645111e+03
  2.5900e+02     1.653207e+03
  2.5920e+02     1.661295e+03
  2.5940e+02     1.669373e+03
  2.5960e+02     1.677441e+03
  2.5980e+02     1.685498e+03
  2.6000e+02     1.693542e+03
  2.6020e+02     1.701572e+03
  2.6040e+02     1.709588e+03
  2.6060e+02     1.717587e+03
  2.6080e+02     1.725568e+03
  2.6100e+02     1.733530e+03
  2.6120e+02     1.741473e+03
  2.6140e+02     1.749394e+03
  2.6160e+02     1.757292e+03
  2.6180e+02     1.765166e+03
  2.6200e+02     1.773015e+03
  2.6220e+02     1.780837e+03
  2.6240e+02     1.788631e+03
  2.6260e+02     1.796396e+03
  2.6280e+02     1.804130e+03
  2.6300e+02     1.811832e+03
  2.6320e+02     1.819500e+03
  2.6340e+02     1.827134e+03
  2.6360e+02     1.834731e+03
  2.6380e+02     1.842290e+03
  2.6400e+02     1.849810e+03
  2.6420e+02     1.857290e+03
  2.6440e+02     1.864727e+03
  2.6460e+02     1.872121e+03
  2.6480e+02     1.879470e+03
  2.6500e+02     1.886773e+03
  2.6520e+02     1.894028e+03
  2.6540e+02     1.901233e+03
  2.6560e+02     1.908388e+03
  2.6580e+02     1.915490e+03
  2.6600e+02     1.922539e+03
  2.6620e+02     1.929533e+03
  2.6640e+02     1.936469e+03
  2.6660e+02     1.943348e+03
  2.6680e+02     1.950167e+03
  2.6700e+02     1.956924e+03
  2.6720e+02     1.963619e+03
  2.6740e+02     1.970250e+03
  2.6760e+02     1.976815e+03
  2.6780e+02     1.983314e+03
  2.6800e+02     1.989743e+03
  2.6820e+02     1.996102e+03
  2.6840e+02     2.002390e+03
  2.6860e+02     2.008605e+03
  2.6880e+02     2.014745e+03
  2.6900e+02     2.020810e+03
  2.6920e+02     2.026797e+03
  2.6940e+02     2.032705e+03
  2.6960e+02     2.038533e+03
  2.6980e+02     2.044279e+03
  2.7000e+02     2.049942e+03
  2.7020e+02     2.055521e+03
  2.7040e+02     2.061013e+03
  2.7060e+02     2.066418e+03
  2.7080e+02     2.071735e+03
  2.7100e+02     2.076961e+03
  2.7120e+02     2.082096e+03
  2.7140e+02     2.087139e+03
  2.7160e+02     2.092087e+03
  2.7180e+02     2.096940e+03
  2.7200e+02     2.101696e+03
  2.7220e+02     2.106354e+03
  2.7240e+02     2.110913e+03
  2.7260e+02     2.115371e+03
  2.7280e+02     2.119728e+03
  2.7300e+02     2.123982e+03
  2.7320e+02     2.128132e+03
  2.7340e+02     2.132177e+03
  2.7360e+02     2.136115e+03
  2.7380e+02     2.139946e+03
  2.7400e+02     2.143668e+03
  2.7420e+02     2.147281e+03
  2.7440e+02     2.150783e+03
  2.7460e+02     2.154173e+03
  2.7480e+02     2.157451e+03
  2.7500e+02     2.160615e+03
  2.7520e+02     2.163664e+03
  2.7540e+02     2.166598e+03
  2.7560e+02     2.169416e+03
  2.7580e+02     2.172116e+03
  2.7600e+02     2.174698e+03
  2.7620e+02     2.177162e+03
  2.7640e+02     2.179505e+03
  2.7660e+02     2.181729e+03
  2.7680e+02     2.183831e+03
  2.7700e+02     2.185811e+03
  2.7720e+02     2.187670e+03
  2.7740e+02     2.189405e+03
  2.7760e+02     2.191016e+03
  2.7780e+02     2.192504e+03
  2.7800e+02     2.193866e+03
  2.7820e+02     2.195104e+03
  2.7840e+02     2.196216e+03
  2.7860e+02     2.197202e+03
  2.7880e+02     2.198062e+03
  2.7900e+02     2.198795e+03
  2.7920e+02     2.199402e+03
  2.7940e+02     2.199881e+03
  2.7960e+02     2.200232e+03
  2.7980e+02     2.200456e+03
  2.8000e+02     2.200553e+03
  2.8020e+02     2.200521e+03
  2.8040e+02     2.200361e+03
  2.8060e+02     2.200074e+03
  2.8080e+02     2.199658e+03
  2.8100e+02     2.199114e+03
  2.8120e+02     2.198443e+03
  2.8140e+02     2.197644e+03
  2.8160e+02     2.196717e+03
  2.8180e+02     2.195662e+03
  2.8200e+02     2.194481e+03
  2.8220e+02     2.193172e+03
  2.8240e+02     2.191737e+03
  2.8260e+02     2.190175e+03
  2.8280e+02     2.188487e+03
  2.8300e+02     2.186674e+03
  2.8320e+02     2.184736e+03
  2.8340e+02     2.182673e+03
  2.8360e+02     2.180486e+03
  2.8380e+02     2.178176e+03
  2.8400e+02     2.175742e+03
  2.8420e+02     2.173186e+03
  2.8440e+02     2.170509e+03
  2.8460e+02     2.167711e+03
  2.8480e+02     2.164792e+03
  2.8500e+02     2.161754e+03
  2.8520e+02     2.158597e+03
  2.8540e+02     2.155322e+03
  2.8560e+02     2.151931e+03
  2.8580e+02     2.148423e+03
  2.8600e+02     2.144800e+03
  2.8620e+02     2.141063e+03
  2.8640e+02     2.137213e+03
  2.8660e+02     2.133250e+03
  2.8680e+02     2.129176e+03
  2.8700e+02     2.124993e+03
  2.8720e+02     2.120700e+03
  2.8740e+02     2.116300e+03
  2.8760e+02     2.111793e+03
  2.8780e+02     2.107181e+03
  2.8800e+02     2.102464e+03
  2.8820e+02     2.097644e+03
  2.8840e+02     2.092723e+03
  2.8860e+02     2.087701e+03
  2.8880e+02     2.082580e+03
  2.8900e+02     2.077362e+03
  2.8920e+02     2.072046e+03
  2.8940e+02     2.066636e+03
  2.8960e+02     2.061133e+03
  2.8980e+02     2.055537e+03
  2.9000e+02     2.049850e+03
  2.9020e+02     2.044074e+03
  2.9040e+02     2.038210e+03
  2.9060e+02     2.032259e+03
  2.9080e+02     2.026224e+03
  2.9100e+02     2.020106e+03
  2.9120e+02     2.013905e+03
  2.9140e+02     2.007625e+03
  2.9160e+02     2.001265e+03
  2.9180e+02     1.994829e+03
  2.9200e+02     1.988317e+03
  2.9220e+02     1.981731e+03
  2.9240e+02     1.975072e+03
  2.9260e+02     1.968343e+03
  2.9280e+02     1.961544e+03
  2.9300e+02     1.954679e+03
  2.9320e+02     1.947747e+03
  2.9340e+02     1.940751e+03
  2.9360e+02     1.933692e+03
  2.9380e+02     1.926572e+03
  2.9400e+02     1.919393e+03
  2.9420e+02     1.912156e+03
  2.9440e+02     1.904863e+03
  2.9460e+02     1.897516e+03
  2.9480e+02     1.890116e+03
  2.9500e+02     1.882665e+03
  2.9520e+02     1.875164e+03
  2.9540e+02     1.867616e+03
  2.9560e+02     1.860021e+03
  2.9580e+02     1.852381e+03
  2.9600e+02     1.844699e+03
  2.9620e+02     1.836976e+03
  2.9640e+02     1.829212e+03
  2.9660e+02     1.821411e+03
  2.9680e+02     1.813573e+03
  2.9700e+02     1.805701e+03
  2.9720e+02     1.797795e+03
  2.9740e+02     1.789857e+03
  2.9760e+02     1.781889e+03
  2.9780e+02     1.773893e+03
  2.9800e+02     1.765870e+03
  2.9820e+02     1.757821e+03
  2.9840e+02     1.749748e+03
  2.9860e+02     1.741653e+03
  2.9880e+02     1.733537e+03
  2.9900e+02     1.725401e+03
  2.9920e+02     1.717248e+03
  2.9940e+02     1.709078e+03
  2.9960e+02     1.700893e+03
  2.9980e+02     1.692694e+03
  3.0000e+02     1.684483e+03
  3.0020e+02     1.676262e+03
  3.0040e+02     1.668031e+03
  3.0060e+02     1.659792e+03
  3.0080e+02     1.651546e+03
  3.0100e+02     1.643296e+03
  3.0120e+02     1.635041e+03
  3.0140e+02     1.626783e+03
  3.0160e+02     1.618524e+03
  3.0180e+02     1.610265e+03
  3.0200e+02     1.602008e+03
  3.0220e+02     1.593752e+03
  3.0240e+02     1.585500e+03
  3.0260e+02     1.577253e+03
  3.0280e+02     1.569012e+03
  3.0300e+02     1.560778e+03
  3.0320e+02     1.552553e+03
  3.0340e+02     1.544337e+03
  3.0360e+02     1.536131e+03
  3.0380e+02     1.527937e+03
  3.0400e+02     1.519755e+03
  3.0420e+02     1.511588e+03
  3.0440e+02     1.503435e+03
  3.0460e+02     1.495297e+03
  3.0480e+02     1.487177e+03
  3.0500e+02     1.479074e+03
  3.0520e+02     1.470990e+03
  3.0540e+02     1.462925e+03
  3.0560e+02     1.454881e+03
  3.0580e+02     1.446858e+03
  3.0600e+02     1.438858e+03
  3.0620e+02     1.430880e+03
  3.0640e+02     1.422927e+03
  3.0660e+02     1.414998e+03
  3.0680e+02     1.407095e+03
  3.0700e+02     1.399217e+03
  3.0720e+02     1.391367e+03
  3.0740e+02     1.383545e+03
  3.0760e+02     1.375751e+03
  3.0780e+02     1.367987e+03
  3.0800e+02     1.360252e+03
  3.0820e+02     1.352548e+03
  3.0840e+02     1.344875e+03
  3.0860e+02     1.337234e+03
  3.0880e+02     1.329625e+03
  3.0900e+02     1.322049e+03
  3.0920e+02     1.314506e+03
  3.0940e+02     1.306998e+03
  3.0960e+02     1.299524e+03
  3.0980e+02     1.292085e+03
  3.1000e+02     1.284682e+03
  3.1020e+02     1.277315e+03
  3.1040e+02     1.269985e+03
  3.1060e+02     1.262692e+03
  3.1080e+02     1.255436e+03
  3.1100e+02     1.248218e+03
  3.1120e+02     1.241038e+03
  3.1140e+02     1.233896e+03
  3.1160e+02     1.226794e+03
  3.1180e+02     1.219731e+03
  3.1200e+02     1.212708e+03
  3.1220e+02     1.205725e+03
  3.1240e+02     1.198782e+03
  3.1260e+02     1.191880e+03
  3.1280e+02     1.185018e+03
  3.1300e+02     1.178198e+03
  3.1320e+02     1.171419e+03
  3.1340e+02     1.164682e+03
  3.1360e+02     1.157987e+03
  3.1380e+02     1.151334e+03
  3.1400e+02     1.144723e+03
  3.1420e+02     1.138154e+03
  3.1440e+02     1.131629e+03
  3.1460e+02     1.125145e+03
  3.1480e+02     1.118705e+03
  3.1500e+02     1.112308e+03
  3.1520e+02     1.105955e+03
  3.1540e+02     1.099644e+03
  3.1560e+02     1.093377e+03
  3.1580e+02     1.087154e+03
  3.1600e+02     1.080974e+03
  3.1620e+02     1.074837e+03
  3.1640e+02     1.068745e+03
  3.1660e+02     1.062696e+03
  3.1680e+02     1.056692e+03
  3.1700e+02     1.050731e+03
  3.1720e+02     1.044814e+03
  3.1740e+02     1.038941e+03
  3.1760e+02     1.033111e+03
  3.1780e+02     1.027326e+03
  3.1800e+02     1.021585e+03
  3.1820e+02     1.015888e+03
  3.1840e+02     1.010234e+03
  3.1860e+02     1.004625e+03
  3.1880e+02     9.990593e+02
  3.1900e+02     9.935373e+02
  3.1920e+02     9.880590e+02
  3.1940e+02     9.826244e+02
  3.1960e+02     9.772334e+02
  3.1980e+02     9.718859e+02
  3.2000e+02     9.665819e+02
  3.2020e+02     9.613212e+02
  3.2040e+02     9.561038e+02
  3.2060e+02     9.509296e+02
  3.2080e+02     9.457985e+02
  3.2100e+02     9.407103e+02
  3.2120e+02     9.356650e+02
  3.2140e+02     9.306624e+02
  3.2160e+02     9.257024e+02
  3.2180e+02     9.207849e+02
  3.2200e+02     9.159098e+02
  3.2220e+02     9.110769e+02
  3.2240e+02     9.062861e+02
  3.2260e+02     9.015372e+02
  3.2280e+02     8.968302e+02
  3.2300e+02     8.921647e+02
  3.2320e+02     8.875408e+02
  3.2340e+02     8.829582e+02
  3.2360e+02     8.784167e+02
  3.2380e+02     8.739163e+02
  3.2400e+02     8.694567e+02
  3.2420e+02     8.650378e+02
  3.2440e+02     8.606594e+02
  3.2460e+02     8.563213e+02
  3.2480e+02     8.520233e+02
  3.2500e+02     8.477653e+02
  3.2520e+02     8.435471e+02
  3.2540e+02     8.393685e+02
  3.2560e+02     8.352293e+02
  3.2580e+02     8.311294e+02
  3.2600e+02     8.270684e+02
  3.2620e+02     8.230463e+02
  3.2640e+02     8.190629e+02
  3.2660e+02     8.151179e+02
  3.2680e+02     8.112112e+02
  3.2700e+02     8.073425e+02
  3.2720e+02     8.035117e+02
  3.2740e+02     7.997186e+02
  3.2760e+02     7.959629e+02
  3.2780e+02     7.922445e+02
  3.2800e+02     7.885632e+02
  3.2820e+02     7.849187e+02
  3.2840e+02     7.813109e+02
  3.2860e+02     7.777395e+02
  3.2880e+02     7.742044e+02
  3.2900e+02     7.707053e+02
  3.2920e+02     7.672421e+02
  3.2940e+02     7.638145e+02
  3.2960e+02     7.604223e+02
  3.2980e+02     7.570654e+02
  3.3000e+02     7.537434e+02
  3.3020e+02     7.504563e+02
  3.3040e+02     7.472038e+02
  3.3060e+02     7.439856e+02
  3.3080e+02     7.408017e+02
  3.3100e+02     7.376518e+02
  3.3120e+02     7.345356e+02
  3.3140e+02     7.314531e+02
  3.3160e+02     7.284039e+02
  3.3180e+02     7.253878e+02
  3.3200e+02     7.224048e+02
  3.3220e+02     7.194545e+02
  3.3240e+02     7.165368e+02
  3.3260e+02     7.136515e+02
  3.3280e+02     7.107983e+02
  3.3300e+02     7.079771e+02
  3.3320e+02     7.051876e+02
  3.3340e+02     7.024297e+02
  3.3360e+02     6.997032e+02
  3.3380e+02     6.970079e+02
  3.3400e+02     6.943435e+02
  3.3420e+02     6.917100e+02
  3.3440e+02     6.891070e+02
  3.3460e+02     6.865344e+02
  3.3480e+02     6.839920e+02
  3.3500e+02     6.814797e+02
  3.3520e+02     6.789972e+02
  3.3540e+02     6.765443e+02
  3.3560e+02     6.741209e+02
  3.3580e+02     6.717267e+02
  3.3600e+02     6.693616e+02
  3.3620e+02     6.670255e+02
  3.3640e+02     6.647180e+02
  3.3660e+02     6.624391e+02
  3.3680e+02     6.601885e+02
  3.3700e+02     6.579661e+02
  3.3720e+02     6.557717e+02
  3.3740e+02     6.536052e+02
  3.3760e+02     6.514663e+02
  3.3780e+02     6.493548e+02
  3.3800e+02     6.472707e+02
  3.3820e+02     6.452137e+02
  3.3840e+02     6.431837e+02
  3.3860e+02     6.411805e+02
  3.3880e+02     6.392040e+02
  3.3900e+02     6.372539e+02
  3.3920e+02     6.353301e+02
  3.3940e+02     6.334324e+02
  3.3960e+02     6.315608e+02
  3.3980e+02     6.297149e+02
  3.4000e+02     6.278948e+02
  3.4020e+02     6.261001e+02
  3.4040e+02     6.243309e+02
  3.4060e+02     6.225868e+02
  3.4080e+02     6.208678e+02
  3.4100e+02     6.191737e+02
  3.4120e+02     6.175044e+02
  3.4140e+02     6.158597e+02
  3.4160e+02     6.142394e+02
  3.4180e+02     6.126435e+02
  3.4200e+02     6.110718e+02
  3.4220e+02     6.095241e+02
  3.4240e+02     6.080004e+02
  3.4260e+02     6.065004e+02
  3.4280e+02     6.050240e+02
  3.4300e+02     6.035711e+02
  3.4320e+02     6.021417e+02
  3.4340e+02     6.007354e+02
  3.4360e+02     5.993523e+02
  3.4380e+02     5.979921e+02
  3.4400e+02     5.966548e+02
  3.4420e+02     5.953403e+02
  3.4440e+02     5.940483e+02
  3.4460e+02     5.927788e+02
  3.4480e+02     5.915317e+02
  3.4500e+02     5.903069e+02
  3.4520e+02     5.891042e+02
  3.4540e+02     5.879235e+02
  3.4560e+02     5.867647e+02
  3.4580e+02     5.856277e+02
  3.4600e+02     5.845124e+02
  3.4620e+02     5.834186e+02
  3.4640e+02     5.823464e+02
  3.4660e+02     5.812954e+02
  3.4680e+02     5.802658e+02
  3.4700e+02     5.792573e+02
  3.4720e+02     5.782698e+02
  3.4740e+02     5.773033e+02
  3.4760e+02     5.763577e+02
  3.4780e+02     5.754328e+02
  3.4800e+02     5.745286e+02
  3.4820e+02     5.736449e+02
  3.4840e+02     5.727818e+02
  3.4860e+02     5.719390e+02
  3.4880e+02     5.711165e+02
  3.4900e+02     5.703142e+02
  3.4920e+02     5.695321e+02
  3.4940e+02     5.687699e+02
  3.4960e+02     5.680278e+02
  3.4980e+02     5.673055e+02
  3.5000e+02     5.666030e+02
  3.5020e+02     5.659202e+02
  3.5040e+02     5.652571e+02
  3.5060e+02     5.646135e+02
  3.5080e+02     5.639894e+02
  3.5100e+02     5.633847e+02
  3.5120e+02     5.627994e+02
  3.5140e+02     5.622333e+02
  3.5160e+02     5.616865e+02
  3.5180e+02     5.611588e+02
  3.5200e+02     5.606501e+02
  3.5220e+02     5.601605e+02
  3.5240e+02     5.596898e+02
  3.5260e+02     5.592379e+02
  3.5280e+02     5.588049e+02
  3.5300e+02     5.583907e+02
  3.5320e+02     5.579952e+02
  3.5340e+02     5.576183e+02
  3.5360e+02     5.572600e+02
  3.5380e+02     5.569202e+02
  3.5400e+02     5.565989e+02
  3.5420e+02     5.562961e+02
  3.5440e+02     5.560117e+02
  3.5460e+02     5.557456e+02
  3.5480e+02     5.554977e+02
  3.5500e+02     5.552682e+02
  3.5520e+02     5.550568e+02
  3.5540e+02     5.548636e+02
  3.5560e+02     5.546885e+02
  3.5580e+02     5.545315e+02
  3.5600e+02     5.543925e+02
  3.5620e+02     5.542715e+02
  3.5640e+02     5.541685e+02
  3.5660e+02     5.540834e+02
  3.5680e+02     5.540162e+02
  3.5700e+02     5.539669e+02
  3.5720e+02     5.539354e+02
  3.5740e+02     5.539217e+02
  3.5760e+02     5.539257e+02
  3.5780e+02     5.539475e+02
  3.5800e+02     5.539870e+02
  3.5820e+02     5.540443e+02
  3.5840e+02     5.541191e+02
  3.5860e+02     5.542117e+02
  3.5880e+02     5.543218e+02
  3.5900e+02     5.544495e+02
  3.5920e+02     5.545949e+02
  3.5940e+02     5.547578e+02
  3.5960e+02     5.549382e+02
  3.5980e+02     5.551362e+02
