# Epidemic | 7 days incidence [ x-unit: days | y-unit: per 100000 ]
  0.0000e+00     3.618006e+02
  2.0000e-01     3.596305e+02
  4.0000e-01     3.574868e+02
  6.0000e-01     3.553692e+02
  8.0000e-01     3.532774e+02
  1.0000e+00     3.512111e+02
  1.2000e+00     3.491701e+02
  1.4000e+00     3.471540e+02
  1.6000e+00     3.451627e+02
  1.8000e+00     3.431958e+02
  2.0000e+00     3.412530e+02
  2.2000e+00     3.393341e+02
  2.4000e+00     3.374389e+02
  2.6000e+00     3.355670e+02
  2.8000e+00     3.337182e+02
  3.0000e+00     3.318924e+02
  3.2000e+00     3.300891e+02
  3.4000e+00     3.283082e+02
  3.6000e+00     3.265494e+02
  3.8000e+00     3.248126e+02
  4.0000e+00     3.230974e+02
  4.2000e+00     3.214036e+02
  4.4000e+00     3.197310e+02
  4.6000e+00     3.180794e+02
  4.8000e+00     3.164486e+02
  5.0000e+00     3.148382e+02
  5.2000e+00     3.132482e+02
  5.4000e+00     3.116782e+02
  5.6000e+00     3.101282e+02
  5.8000e+00     3.085978e+02
  6.0000e+00     3.070869e+02
  6.2000e+00     3.055952e+02
  6.4000e+00     3.041226e+02
  6.6000e+00     3.026688e+02
  6.8000e+00     3.012337e+02
  7.0000e+00     2.998171e+02
  7.2000e+00     2.987824e+02
  7.4000e+00     2.977966e+02
  7.6000e+00     2.968186e+02
  7.8000e+00     2.958484e+02
  8.0000e+00     2.948861e+02
  8.2000e+00     2.939316e+02
  8.4000e+00     2.929849e+02
  8.6000e+00     2.920459e+02
  8.8000e+00     2.911146e+02
  9.0000e+00     2.901910e+02
  9.2000e+00     2.892751e+02
  9.4000e+00     2.883668e+02
  9.6000e+00     2.874662e+02
  9.8000e+00     2.865731e+02
  1.0000e+01     2.856876e+02
  1.0200e+01     2.848097e+02
  1.0400e+01     2.839392e+02
  1.0600e+01     2.830763e+02
  1.0800e+01     2.822207e+02
  1.1000e+01     2.813727e+02
  1.1200e+01     2.805320e+02
  1.1400e+01     2.796987e+02
  1.1600e+01     2.788727e+02
  1.1800e+01     2.780540e+02
  1.2000e+01     2.772427e+02
  1.2200e+01     2.764386e+02
  1.2400e+01     2.756417e+02
  1.2600e+01     2.748520e+02
  1.2800e+01     2.740695e+02
  1.3000e+01     2.732941e+02
  1.3200e+01     2.725258e+02
  1.3400e+01     2.717647e+02
  1.3600e+01     2.710105e+02
  1.3800e+01     2.702634e+02
  1.4000e+01     2.695233e+02
  1.4200e+01     2.687902e+02
  1.4400e+01     2.680640e+02
  1.4600e+01     2.673447e+02
  1.4800e+01     2.666323e+02
  1.5000e+01     2.659267e+02
  1.5200e+01     2.652279e+02
  1.5400e+01     2.645360e+02
  1.5600e+01     2.638508e+02
  1.5800e+01     2.631723e+02
  1.6000e+01     2.625005e+02
  1.6200e+01     2.618354e+02
  1.6400e+01     2.611769e+02
  1.6600e+01     2.605250e+02
  1.6800e+01     2.598797e+02
  1.7000e+01     2.592410e+02
  1.7200e+01     2.586087e+02
  1.7400e+01     2.579830e+02
  1.7600e+01     2.573637e+02
  1.7800e+01     2.567509e+02
  1.8000e+01     2.561444e+02
  1.8200e+01     2.555443e+02
  1.8400e+01     2.549506e+02
  1.8600e+01     2.543632e+02
  1.8800e+01     2.537820e+02
  1.9000e+01     2.532072e+02
  1.9200e+01     2.526385e+02
  1.9400e+01     2.520760e+02
  1.9600e+01     2.515197e+02
  1.9800e+01     2.509695e+02
  2.0000e+01     2.504255e+02
  2.0200e+01     2.498875e+02
  2.0400e+01     2.493556e+02
  2.0600e+01     2.488297e+02
  2.0800e+01     2.483097e+02
  2.1000e+01     2.477958e+02
  2.1200e+01     2.471570e+02
  2.1400e+01     2.465146e+02
  2.1600e+01     2.458835e+02
  2.1800e+01     2.452634e+02
  2.2000e+01     2.446543e+02
  2.2200e+01     2.440561e+02
  2.2400e+01     2.434687e+02
  2.2600e+01     2.428921e+02
  2.2800e+01     2.423261e+02
  2.3000e+01     2.417708e+02
  2.3200e+01     2.412260e+02
  2.3400e+01     2.406916e+02
  2.3600e+01     2.401676e+02
  2.3800e+01     2.396539e+02
  2.4000e+01     2.391504e+02
  2.4200e+01     2.386572e+02
  2.4400e+01     2.381740e+02
  2.4600e+01     2.377008e+02
  2.4800e+01     2.372376e+02
  2.5000e+01     2.367844e+02
  2.5200e+01     2.363409e+02
  2.5400e+01     2.359073e+02
  2.5600e+01     2.354833e+02
  2.5800e+01     2.350690e+02
  2.6000e+01     2.346644e+02
  2.6200e+01     2.342692e+02
  2.6400e+01     2.338836e+02
  2.6600e+01     2.335074e+02
  2.6800e+01     2.331406e+02
  2.7000e+01     2.327831e+02
  2.7200e+01     2.324349e+02
  2.7400e+01     2.320959e+02
  2.7600e+01     2.317661e+02
  2.7800e+01     2.314454e+02
  2.8000e+01     2.311338e+02
  2.8200e+01     2.308313e+02
  2.8400e+01     2.305377e+02
  2.8600e+01     2.302531e+02
  2.8800e+01     2.299774e+02
  2.9000e+01     2.297106e+02
  2.9200e+01     2.294526e+02
  2.9400e+01     2.292033e+02
  2.9600e+01     2.289628e+02
  2.9800e+01     2.287310e+02
  3.0000e+01     2.285079e+02
  3.0200e+01     2.282934e+02
  3.0400e+01     2.280875e+02
  3.0600e+01     2.278902e+02
  3.0800e+01     2.277014e+02
  3.1000e+01     2.275211e+02
  3.1200e+01     2.273492e+02
  3.1400e+01     2.271858e+02
  3.1600e+01     2.270308e+02
  3.1800e+01     2.268841e+02
  3.2000e+01     2.267458e+02
  3.2200e+01     2.266158e+02
  3.2400e+01     2.264942e+02
  3.2600e+01     2.263807e+02
  3.2800e+01     2.262756e+02
  3.3000e+01     2.261786e+02
  3.3200e+01     2.260898e+02
  3.3400e+01     2.260092e+02
  3.3600e+01     2.259368e+02
  3.3800e+01     2.258725e+02
  3.4000e+01     2.258162e+02
  3.4200e+01     2.257681e+02
  3.4400e+01     2.257281e+02
  3.4600e+01     2.256961e+02
  3.4800e+01     2.256722e+02
  3.5000e+01     2.256562e+02
  3.5200e+01     2.256483e+02
  3.5400e+01     2.256484e+02
  3.5600e+01     2.256565e+02
  3.5800e+01     2.256725e+02
  3.6000e+01     2.256965e+02
  3.6200e+01     2.257284e+02
  3.6400e+01     2.257683e+02
  3.6600e+01     2.258161e+02
  3.6800e+01     2.258718e+02
  3.7000e+01     2.259355e+02
  3.7200e+01     2.260070e+02
  3.7400e+01     2.260865e+02
  3.7600e+01     2.261738e+02
  3.7800e+01     2.262690e+02
  3.8000e+01     2.263721e+02
  3.8200e+01     2.264831e+02
  3.8400e+01     2.266019e+02
  3.8600e+01     2.267286e+02
  3.8800e+01     2.268632e+02
  3.9000e+01     2.270057e+02
  3.9200e+01     2.271560e+02
  3.9400e+01     2.273143e+02
  3.9600e+01     2.274803e+02
  3.9800e+01     2.276543e+02
  4.0000e+01     2.278362e+02
  4.0200e+01     2.280259e+02
  4.0400e+01     2.282235e+02
  4.0600e+01     2.284290e+02
  4.0800e+01     2.286424e+02
  4.1000e+01     2.288638e+02
  4.1200e+01     2.290930e+02
  4.1400e+01     2.293302e+02
  4.1600e+01     2.295752e+02
  4.1800e+01     2.298283e+02
  4.2000e+01     2.300893e+02
  4.2200e+01     2.303582e+02
  4.2400e+01     2.306351e+02
  4.2600e+01     2.309200e+02
  4.2800e+01     2.312129e+02
  4.3000e+01     2.315138e+02
  4.3200e+01     2.318227e+02
  4.3400e+01     2.321397e+02
  4.3600e+01     2.324647e+02
  4.3800e+01     2.327978e+02
  4.4000e+01     2.331390e+02
  4.4200e+01     2.334883e+02
  4.4400e+01     2.338457e+02
  4.4600e+01     2.342113e+02
  4.4800e+01     2.345851e+02
  4.5000e+01     2.349670e+02
  4.5200e+01     2.353571e+02
  4.5400e+01     2.357554e+02
  4.5600e+01     2.361620e+02
  4.5800e+01     2.365769e+02
  4.6000e+01     2.370001e+02
  4.6200e+01     2.374316e+02
  4.6400e+01     2.378714e+02
  4.6600e+01     2.383197e+02
  4.6800e+01     2.387763e+02
  4.7000e+01     2.392413e+02
  4.7200e+01     2.397148e+02
  4.7400e+01     2.401968e+02
  4.7600e+01     2.406873e+02
  4.7800e+01     2.411864e+02
  4.8000e+01     2.416940e+02
  4.8200e+01     2.422102e+02
  4.8400e+01     2.427351e+02
  4.8600e+01     2.432686e+02
  4.8800e+01     2.438109e+02
  4.9000e+01     2.443618e+02
  4.9200e+01     2.449216e+02
  4.9400e+01     2.454902e+02
  4.9600e+01     2.460676e+02
  4.9800e+01     2.466539e+02
  5.0000e+01     2.472491e+02
  5.0200e+01     2.478533e+02
  5.0400e+01     2.484664e+02
  5.0600e+01     2.490887e+02
  5.0800e+01     2.497199e+02
  5.1000e+01     2.503604e+02
  5.1200e+01     2.510099e+02
  5.1400e+01     2.516687e+02
  5.1600e+01     2.523368e+02
  5.1800e+01     2.530141e+02
  5.2000e+01     2.537007e+02
  5.2200e+01     2.543968e+02
  5.2400e+01     2.551023e+02
  5.2600e+01     2.558172e+02
  5.2800e+01     2.565417e+02
  5.3000e+01     2.572757e+02
  5.3200e+01     2.580194e+02
  5.3400e+01     2.587727e+02
  5.3600e+01     2.595358e+02
  5.3800e+01     2.603087e+02
  5.4000e+01     2.610913e+02
  5.4200e+01     2.618839e+02
  5.4400e+01     2.626863e+02
  5.4600e+01     2.634988e+02
  5.4800e+01     2.643213e+02
  5.5000e+01     2.651539e+02
  5.5200e+01     2.659967e+02
  5.5400e+01     2.668496e+02
  5.5600e+01     2.677129e+02
  5.5800e+01     2.685865e+02
  5.6000e+01     2.694704e+02
  5.6200e+01     2.703648e+02
  5.6400e+01     2.712697e+02
  5.6600e+01     2.721852e+02
  5.6800e+01     2.731113e+02
  5.7000e+01     2.740482e+02
  5.7200e+01     2.749957e+02
  5.7400e+01     2.759541e+02
  5.7600e+01     2.769234e+02
  5.7800e+01     2.779037e+02
  5.8000e+01     2.788950e+02
  5.8200e+01     2.798974e+02
  5.8400e+01     2.809109e+02
  5.8600e+01     2.819357e+02
  5.8800e+01     2.829717e+02
  5.9000e+01     2.840192e+02
  5.9200e+01     2.850781e+02
  5.9400e+01     2.861485e+02
  5.9600e+01     2.872305e+02
  5.9800e+01     2.883242e+02
  6.0000e+01     2.894296e+02
  6.0200e+01     2.905468e+02
  6.0400e+01     2.916759e+02
  6.0600e+01     2.928170e+02
  6.0800e+01     2.939701e+02
  6.1000e+01     2.951354e+02
  6.1200e+01     2.963129e+02
  6.1400e+01     2.975027e+02
  6.1600e+01     2.987048e+02
  6.1800e+01     2.999194e+02
  6.2000e+01     3.011465e+02
  6.2200e+01     3.023863e+02
  6.2400e+01     3.036387e+02
  6.2600e+01     3.049040e+02
  6.2800e+01     3.061821e+02
  6.3000e+01     3.074732e+02
  6.3200e+01     3.087773e+02
  6.3400e+01     3.100946e+02
  6.3600e+01     3.114251e+02
  6.3800e+01     3.127689e+02
  6.4000e+01     3.141262e+02
  6.4200e+01     3.154969e+02
  6.4400e+01     3.168813e+02
  6.4600e+01     3.182793e+02
  6.4800e+01     3.196911e+02
  6.5000e+01     3.211168e+02
  6.5200e+01     3.225565e+02
  6.5400e+01     3.240103e+02
  6.5600e+01     3.254782e+02
  6.5800e+01     3.269604e+02
  6.6000e+01     3.284570e+02
  6.6200e+01     3.299681e+02
  6.6400e+01     3.314937e+02
  6.6600e+01     3.330340e+02
  6.6800e+01     3.345891e+02
  6.7000e+01     3.361591e+02
  6.7200e+01     3.377441e+02
  6.7400e+01     3.393441e+02
  6.7600e+01     3.409594e+02
  6.7800e+01     3.425899e+02
  6.8000e+01     3.442359e+02
  6.8200e+01     3.458974e+02
  6.8400e+01     3.475746e+02
  6.8600e+01     3.492674e+02
  6.8800e+01     3.509762e+02
  6.9000e+01     3.527009e+02
  6.9200e+01     3.544417e+02
  6.9400e+01     3.561987e+02
  6.9600e+01     3.579719e+02
  6.9800e+01     3.597617e+02
  7.0000e+01     3.615679e+02
  7.0200e+01     3.633908e+02
  7.0400e+01     3.652305e+02
  7.0600e+01     3.670871e+02
  7.0800e+01     3.689607e+02
  7.1000e+01     3.708515e+02
  7.1200e+01     3.727594e+02
  7.1400e+01     3.746848e+02
  7.1600e+01     3.766277e+02
  7.1800e+01     3.785882e+02
  7.2000e+01     3.805664e+02
  7.2200e+01     3.825625e+02
  7.2400e+01     3.845766e+02
  7.2600e+01     3.866088e+02
  7.2800e+01     3.886593e+02
  7.3000e+01     3.907282e+02
  7.3200e+01     3.928155e+02
  7.3400e+01     3.949215e+02
  7.3600e+01     3.970463e+02
  7.3800e+01     3.991900e+02
  7.4000e+01     4.013527e+02
  7.4200e+01     4.035345e+02
  7.4400e+01     4.057356e+02
  7.4600e+01     4.079562e+02
  7.4800e+01     4.101963e+02
  7.5000e+01     4.124562e+02
  7.5200e+01     4.147358e+02
  7.5400e+01     4.170354e+02
  7.5600e+01     4.193551e+02
  7.5800e+01     4.216951e+02
  7.6000e+01     4.240554e+02
  7.6200e+01     4.264363e+02
  7.6400e+01     4.288378e+02
  7.6600e+01     4.312601e+02
  7.6800e+01     4.337033e+02
  7.7000e+01     4.361676e+02
  7.7200e+01     4.386531e+02
  7.7400e+01     4.411600e+02
  7.7600e+01     4.436884e+02
  7.7800e+01     4.462384e+02
  7.8000e+01     4.488102e+02
  7.8200e+01     4.514039e+02
  7.8400e+01     4.540197e+02
  7.8600e+01     4.566577e+02
  7.8800e+01     4.593181e+02
  7.9000e+01     4.620010e+02
  7.9200e+01     4.647065e+02
  7.9400e+01     4.674348e+02
  7.9600e+01     4.701861e+02
  7.9800e+01     4.729604e+02
  8.0000e+01     4.757580e+02
  8.0200e+01     4.785789e+02
  8.0400e+01     4.814234e+02
  8.0600e+01     4.842915e+02
  8.0800e+01     4.871835e+02
  8.1000e+01     4.900994e+02
  8.1200e+01     4.930395e+02
  8.1400e+01     4.960038e+02
  8.1600e+01     4.989925e+02
  8.1800e+01     5.020057e+02
  8.2000e+01     5.050437e+02
  8.2200e+01     5.081065e+02
  8.2400e+01     5.111943e+02
  8.2600e+01     5.143073e+02
  8.2800e+01     5.174455e+02
  8.3000e+01     5.206092e+02
  8.3200e+01     5.237985e+02
  8.3400e+01     5.270135e+02
  8.3600e+01     5.302543e+02
  8.3800e+01     5.335212e+02
  8.4000e+01     5.368143e+02
  8.4200e+01     5.401336e+02
  8.4400e+01     5.434795e+02
  8.4600e+01     5.468519e+02
  8.4800e+01     5.502510e+02
  8.5000e+01     5.536771e+02
  8.5200e+01     5.571302e+02
  8.5400e+01     5.606104e+02
  8.5600e+01     5.641179e+02
  8.5800e+01     5.676530e+02
  8.6000e+01     5.712155e+02
  8.6200e+01     5.748059e+02
  8.6400e+01     5.784240e+02
  8.6600e+01     5.820702e+02
  8.6800e+01     5.857446e+02
  8.7000e+01     5.894472e+02
  8.7200e+01     5.931782e+02
  8.7400e+01     5.969377e+02
  8.7600e+01     6.007259e+02
  8.7800e+01     6.045430e+02
  8.8000e+01     6.083889e+02
  8.8200e+01     6.122639e+02
  8.8400e+01     6.161681e+02
  8.8600e+01     6.201016e+02
  8.8800e+01     6.240645e+02
  8.9000e+01     6.280570e+02
  8.9200e+01     6.320792e+02
  8.9400e+01     6.361311e+02
  8.9600e+01     6.402130e+02
  8.9800e+01     6.443248e+02
  9.0000e+01     6.484668e+02
  9.0200e+01     6.526391e+02
  9.0400e+01     6.568417e+02
  9.0600e+01     6.610748e+02
  9.0800e+01     6.653384e+02
  9.1000e+01     6.696327e+02
  9.1200e+01     6.739577e+02
  9.1400e+01     6.783137e+02
  9.1600e+01     6.827005e+02
  9.1800e+01     6.871185e+02
  9.2000e+01     6.915675e+02
  9.2200e+01     6.960478e+02
  9.2400e+01     7.005594e+02
  9.2600e+01     7.051024e+02
  9.2800e+01     7.096768e+02
  9.3000e+01     7.142828e+02
  9.3200e+01     7.189204e+02
  9.3400e+01     7.235896e+02
  9.3600e+01     7.282907e+02
  9.3800e+01     7.330235e+02
  9.4000e+01     7.377882e+02
  9.4200e+01     7.425848e+02
  9.4400e+01     7.474133e+02
  9.4600e+01     7.522739e+02
  9.4800e+01     7.571666e+02
  9.5000e+01     7.620913e+02
  9.5200e+01     7.670482e+02
  9.5400e+01     7.720372e+02
  9.5600e+01     7.770584e+02
  9.5800e+01     7.821119e+02
  9.6000e+01     7.871975e+02
  9.6200e+01     7.923154e+02
  9.6400e+01     7.974655e+02
  9.6600e+01     8.026479e+02
  9.6800e+01     8.078625e+02
  9.7000e+01     8.131094e+02
  9.7200e+01     8.183885e+02
  9.7400e+01     8.236998e+02
  9.7600e+01     8.290433e+02
  9.7800e+01     8.344190e+02
  9.8000e+01     8.398267e+02
  9.8200e+01     8.452666e+02
  9.8400e+01     8.507385e+02
  9.8600e+01     8.562424e+02
  9.8800e+01     8.617782e+02
  9.9000e+01     8.673459e+02
  9.9200e+01     8.729453e+02
  9.9400e+01     8.785765e+02
  9.9600e+01     8.842393e+02
  9.9800e+01     8.899337e+02
  1.0000e+02     8.956595e+02
  1.0020e+02     9.014167e+02
  1.0040e+02     9.072050e+02
  1.0060e+02     9.130245e+02
  1.0080e+02     9.188750e+02
  1.0100e+02     9.247564e+02
  1.0120e+02     9.306684e+02
  1.0140e+02     9.366111e+02
  1.0160e+02     9.425841e+02
  1.0180e+02     9.485874e+02
  1.0200e+02     9.546207e+02
  1.0220e+02     9.606840e+02
  1.0240e+02     9.667769e+02
  1.0260e+02     9.728994e+02
  1.0280e+02     9.790512e+02
  1.0300e+02     9.852320e+02
  1.0320e+02     9.914418e+02
  1.0340e+02     9.976801e+02
  1.0360e+02     1.003946e+03
  1.0380e+02     1.010241e+03
  1.0400e+02     1.016564e+03
  1.0420e+02     1.022915e+03
  1.0440e+02     1.029292e+03
  1.0460e+02     1.035697e+03
  1.0480e+02     1.042129e+03
  1.0500e+02     1.048587e+03
  1.0520e+02     1.055071e+03
  1.0540e+02     1.061581e+03
  1.0560e+02     1.068116e+03
  1.0580e+02     1.074677e+03
  1.0600e+02     1.081262e+03
  1.0620e+02     1.087871e+03
  1.0640e+02     1.094505e+03
  1.0660e+02     1.101162e+03
  1.0680e+02     1.107843e+03
  1.0700e+02     1.114546e+03
  1.0720e+02     1.121271e+03
  1.0740e+02     1.128019e+03
  1.0760e+02     1.134788e+03
  1.0780e+02     1.141578e+03
  1.0800e+02     1.148389e+03
  1.0820e+02     1.155219e+03
  1.0840e+02     1.162070e+03
  1.0860e+02     1.168939e+03
  1.0880e+02     1.175827e+03
  1.0900e+02     1.182733e+03
  1.0920e+02     1.189656e+03
  1.0940e+02     1.196597e+03
  1.0960e+02     1.203553e+03
  1.0980e+02     1.210526e+03
  1.1000e+02     1.217514e+03
  1.1020e+02     1.224516e+03
  1.1040e+02     1.231532e+03
  1.1060e+02     1.238562e+03
  1.1080e+02     1.245605e+03
  1.1100e+02     1.252659e+03
  1.1120e+02     1.259725e+03
  1.1140e+02     1.266802e+03
  1.1160e+02     1.273888e+03
  1.1180e+02     1.280984e+03
  1.1200e+02     1.288089e+03
  1.1220e+02     1.295202e+03
  1.1240e+02     1.302321e+03
  1.1260e+02     1.309448e+03
  1.1280e+02     1.316579e+03
  1.1300e+02     1.323716e+03
  1.1320e+02     1.330857e+03
  1.1340e+02     1.338001e+03
  1.1360e+02     1.345147e+03
  1.1380e+02     1.352295e+03
  1.1400e+02     1.359444e+03
  1.1420e+02     1.366593e+03
  1.1440e+02     1.373741e+03
  1.1460e+02     1.380887e+03
  1.1480e+02     1.388030e+03
  1.1500e+02     1.395170e+03
  1.1520e+02     1.402305e+03
  1.1540e+02     1.409435e+03
  1.1560e+02     1.416559e+03
  1.1580e+02     1.423675e+03
  1.1600e+02     1.430783e+03
  1.1620e+02     1.437881e+03
  1.1640e+02     1.444970e+03
  1.1660e+02     1.452047e+03
  1.1680e+02     1.459112e+03
  1.1700e+02     1.466163e+03
  1.1720e+02     1.473201e+03
  1.1740e+02     1.480223e+03
  1.1760e+02     1.487228e+03
  1.1780e+02     1.494216e+03
  1.1800e+02     1.501186e+03
  1.1820e+02     1.508136e+03
  1.1840e+02     1.515066e+03
  1.1860e+02     1.521974e+03
  1.1880e+02     1.528858e+03
  1.1900e+02     1.535719e+03
  1.1920e+02     1.542555e+03
  1.1940e+02     1.549365e+03
  1.1960e+02     1.556147e+03
  1.1980e+02     1.562900e+03
  1.2000e+02     1.569624e+03
  1.2020e+02     1.576318e+03
  1.2040e+02     1.582979e+03
  1.2060e+02     1.589607e+03
  1.2080e+02     1.596200e+03
  1.2100e+02     1.602758e+03
  1.2120e+02     1.609280e+03
  1.2140e+02     1.615763e+03
  1.2160e+02     1.622207e+03
  1.2180e+02     1.628611e+03
  1.2200e+02     1.634973e+03
  1.2220e+02     1.641293e+03
  1.2240e+02     1.647568e+03
  1.2260e+02     1.653799e+03
  1.2280e+02     1.659983e+03
  1.2300e+02     1.666119e+03
  1.2320e+02     1.672206e+03
  1.2340e+02     1.678243e+03
  1.2360e+02     1.684229e+03
  1.2380e+02     1.690163e+03
  1.2400e+02     1.696042e+03
  1.2420e+02     1.701867e+03
  1.2440e+02     1.707635e+03
  1.2460e+02     1.713346e+03
  1.2480e+02     1.718998e+03
  1.2500e+02     1.724590e+03
  1.2520e+02     1.730121e+03
  1.2540e+02     1.735590e+03
  1.2560e+02     1.740995e+03
  1.2580e+02     1.746335e+03
  1.2600e+02     1.751609e+03
  1.2620e+02     1.756817e+03
  1.2640e+02     1.761956e+03
  1.2660e+02     1.767025e+03
  1.2680e+02     1.772024e+03
  1.2700e+02     1.776950e+03
  1.2720e+02     1.781804e+03
  1.2740e+02     1.786584e+03
  1.2760e+02     1.791288e+03
  1.2780e+02     1.795916e+03
  1.2800e+02     1.800466e+03
  1.2820e+02     1.804937e+03
  1.2840e+02     1.809329e+03
  1.2860e+02     1.813640e+03
  1.2880e+02     1.817869e+03
  1.2900e+02     1.822015e+03
  1.2920e+02     1.826077e+03
  1.2940e+02     1.830054e+03
  1.2960e+02     1.833945e+03
  1.2980e+02     1.837749e+03
  1.3000e+02     1.841465e+03
  1.3020e+02     1.845091e+03
  1.3040e+02     1.848628e+03
  1.3060e+02     1.852074e+03
  1.3080e+02     1.855428e+03
  1.3100e+02     1.858689e+03
  1.3120e+02     1.861857e+03
  1.3140e+02     1.864930e+03
  1.3160e+02     1.867908e+03
  1.3180e+02     1.870790e+03
  1.3200e+02     1.873575e+03
  1.3220e+02     1.876262e+03
  1.3240e+02     1.878851e+03
  1.3260e+02     1.881340e+03
  1.3280e+02     1.883730e+03
  1.3300e+02     1.886019e+03
  1.3320e+02     1.888207e+03
  1.3340e+02     1.890293e+03
  1.3360e+02     1.892277e+03
  1.3380e+02     1.894157e+03
  1.3400e+02     1.895934e+03
  1.3420e+02     1.897607e+03
  1.3440e+02     1.899175e+03
  1.3460e+02     1.900638e+03
  1.3480e+02     1.901995e+03
  1.3500e+02     1.903246e+03
  1.3520e+02     1.904391e+03
  1.3540e+02     1.905429e+03
  1.3560e+02     1.906359e+03
  1.3580e+02     1.907182e+03
  1.3600e+02     1.907898e+03
  1.3620e+02     1.908505e+03
  1.3640e+02     1.909004e+03
  1.3660e+02     1.909395e+03
  1.3680e+02     1.909677e+03
  1.3700e+02     1.909850e+03
  1.3720e+02     1.909914e+03
  1.3740e+02     1.909869e+03
  1.3760e+02     1.909715e+03
  1.3780e+02     1.909452e+03
  1.3800e+02     1.909079e+03
  1.3820e+02     1.908598e+03
  1.3840e+02     1.908007e+03
  1.3860e+02     1.907308e+03
  1.3880e+02     1.906500e+03
  1.3900e+02     1.905583e+03
  1.3920e+02     1.904558e+03
  1.3940e+02     1.903424e+03
  1.3960e+02     1.902183e+03
  1.3980e+02     1.900833e+03
  1.4000e+02     1.899377e+03
  1.4020e+02     1.897813e+03
  1.4040e+02     1.896142e+03
  1.4060e+02     1.894365e+03
  1.4080e+02     1.892482e+03
  1.4100e+02     1.890493e+03
  1.4120e+02     1.888400e+03
  1.4140e+02     1.886202e+03
  1.4160e+02     1.883899e+03
  1.4180e+02     1.881494e+03
  1.4200e+02     1.878985e+03
  1.4220e+02     1.876375e+03
  1.4240e+02     1.873662e+03
  1.4260e+02     1.870849e+03
  1.4280e+02     1.867936e+03
  1.4300e+02     1.864923e+03
  1.4320e+02     1.861811e+03
  1.4340e+02     1.858601e+03
  1.4360e+02     1.855294e+03
  1.4380e+02     1.851890e+03
  1.4400e+02     1.848392e+03
  1.4420e+02     1.844798e+03
  1.4440e+02     1.841111e+03
  1.4460e+02     1.837330e+03
  1.4480e+02     1.833458e+03
  1.4500e+02     1.829495e+03
  1.4520e+02     1.825442e+03
  1.4540e+02     1.821299e+03
  1.4560e+02     1.817069e+03
  1.4580e+02     1.812752e+03
  1.4600e+02     1.808349e+03
  1.4620e+02     1.803862e+03
  1.4640e+02     1.799290e+03
  1.4660e+02     1.794636e+03
  1.4680e+02     1.789900e+03
  1.4700e+02     1.785085e+03
  1.4720e+02     1.780190e+03
  1.4740e+02     1.775217e+03
  1.4760e+02     1.770167e+03
  1.4780e+02     1.765042e+03
  1.4800e+02     1.759842e+03
  1.4820e+02     1.754569e+03
  1.4840e+02     1.749224e+03
  1.4860e+02     1.743809e+03
  1.4880e+02     1.738324e+03
  1.4900e+02     1.732771e+03
  1.4920e+02     1.727152e+03
  1.4940e+02     1.721467e+03
  1.4960e+02     1.715717e+03
  1.4980e+02     1.709905e+03
  1.5000e+02     1.704031e+03
  1.5020e+02     1.698097e+03
  1.5040e+02     1.692104e+03
  1.5060e+02     1.686053e+03
  1.5080e+02     1.679946e+03
  1.5100e+02     1.673784e+03
  1.5120e+02     1.667569e+03
  1.5140e+02     1.661301e+03
  1.5160e+02     1.654983e+03
  1.5180e+02     1.648615e+03
  1.5200e+02     1.642199e+03
  1.5220e+02     1.635736e+03
  1.5240e+02     1.629227e+03
  1.5260e+02     1.622675e+03
  1.5280e+02     1.616079e+03
  1.5300e+02     1.609443e+03
  1.5320e+02     1.602766e+03
  1.5340e+02     1.596050e+03
  1.5360e+02     1.589298e+03
  1.5380e+02     1.582509e+03
  1.5400e+02     1.575685e+03
  1.5420e+02     1.568828e+03
  1.5440e+02     1.561940e+03
  1.5460e+02     1.555020e+03
  1.5480e+02     1.548071e+03
  1.5500e+02     1.541094e+03
  1.5520e+02     1.534090e+03
  1.5540e+02     1.527061e+03
  1.5560e+02     1.520007e+03
  1.5580e+02     1.512931e+03
  1.5600e+02     1.505833e+03
  1.5620e+02     1.498714e+03
  1.5640e+02     1.491576e+03
  1.5660e+02     1.484421e+03
  1.5680e+02     1.477248e+03
  1.5700e+02     1.470060e+03
  1.5720e+02     1.462858e+03
  1.5740e+02     1.455643e+03
  1.5760e+02     1.448416e+03
  1.5780e+02     1.441178e+03
  1.5800e+02     1.433930e+03
  1.5820e+02     1.426674e+03
  1.5840e+02     1.419411e+03
  1.5860e+02     1.412142e+03
  1.5880e+02     1.404867e+03
  1.5900e+02     1.397589e+03
  1.5920e+02     1.390308e+03
  1.5940e+02     1.383024e+03
  1.5960e+02     1.375740e+03
  1.5980e+02     1.368457e+03
  1.6000e+02     1.361174e+03
  1.6020e+02     1.353894e+03
  1.6040e+02     1.346617e+03
  1.6060e+02     1.339344e+03
  1.6080e+02     1.332077e+03
  1.6100e+02     1.324816e+03
  1.6120e+02     1.317561e+03
  1.6140e+02     1.310315e+03
  1.6160e+02     1.303078e+03
  1.6180e+02     1.295850e+03
  1.6200e+02     1.288634e+03
  1.6220e+02     1.281428e+03
  1.6240e+02     1.274235e+03
  1.6260e+02     1.267056e+03
  1.6280e+02     1.259890e+03
  1.6300e+02     1.252739e+03
  1.6320e+02     1.245604e+03
  1.6340e+02     1.238485e+03
  1.6360e+02     1.231383e+03
  1.6380e+02     1.224298e+03
  1.6400e+02     1.217233e+03
  1.6420e+02     1.210186e+03
  1.6440e+02     1.203160e+03
  1.6460e+02     1.196154e+03
  1.6480e+02     1.189169e+03
  1.6500e+02     1.182206e+03
  1.6520e+02     1.175265e+03
  1.6540e+02     1.168348e+03
  1.6560e+02     1.161454e+03
  1.6580e+02     1.154584e+03
  1.6600e+02     1.147740e+03
  1.6620e+02     1.140920e+03
  1.6640e+02     1.134127e+03
  1.6660e+02     1.127360e+03
  1.6680e+02     1.120619e+03
  1.6700e+02     1.113906e+03
  1.6720e+02     1.107221e+03
  1.6740e+02     1.100564e+03
  1.6760e+02     1.093936e+03
  1.6780e+02     1.087338e+03
  1.6800e+02     1.080768e+03
  1.6820e+02     1.074229e+03
  1.6840e+02     1.067720e+03
  1.6860e+02     1.061242e+03
  1.6880e+02     1.054795e+03
  1.6900e+02     1.048379e+03
  1.6920e+02     1.041995e+03
  1.6940e+02     1.035643e+03
  1.6960e+02     1.029324e+03
  1.6980e+02     1.023037e+03
  1.7000e+02     1.016784e+03
  1.7020e+02     1.010563e+03
  1.7040e+02     1.004377e+03
  1.7060e+02     9.982239e+02
  1.7080e+02     9.921049e+02
  1.7100e+02     9.860202e+02
  1.7120e+02     9.799699e+02
  1.7140e+02     9.739543e+02
  1.7160e+02     9.679735e+02
  1.7180e+02     9.620278e+02
  1.7200e+02     9.561172e+02
  1.7220e+02     9.502421e+02
  1.7240e+02     9.444025e+02
  1.7260e+02     9.385986e+02
  1.7280e+02     9.328304e+02
  1.7300e+02     9.270982e+02
  1.7320e+02     9.214020e+02
  1.7340e+02     9.157420e+02
  1.7360e+02     9.101181e+02
  1.7380e+02     9.045306e+02
  1.7400e+02     8.989795e+02
  1.7420e+02     8.934649e+02
  1.7440e+02     8.879868e+02
  1.7460e+02     8.825452e+02
  1.7480e+02     8.771403e+02
  1.7500e+02     8.717720e+02
  1.7520e+02     8.664404e+02
  1.7540e+02     8.611455e+02
  1.7560e+02     8.558874e+02
  1.7580e+02     8.506659e+02
  1.7600e+02     8.454812e+02
  1.7620e+02     8.403332e+02
  1.7640e+02     8.352219e+02
  1.7660e+02     8.301472e+02
  1.7680e+02     8.251092e+02
  1.7700e+02     8.201079e+02
  1.7720e+02     8.151431e+02
  1.7740e+02     8.102148e+02
  1.7760e+02     8.053231e+02
  1.7780e+02     8.004678e+02
  1.7800e+02     7.956488e+02
  1.7820e+02     7.908661e+02
  1.7840e+02     7.861197e+02
  1.7860e+02     7.814094e+02
  1.7880e+02     7.767352e+02
  1.7900e+02     7.720970e+02
  1.7920e+02     7.674947e+02
  1.7940e+02     7.629282e+02
  1.7960e+02     7.583973e+02
  1.7980e+02     7.539021e+02
  1.8000e+02     7.494424e+02
  1.8020e+02     7.450180e+02
  1.8040e+02     7.406290e+02
  1.8060e+02     7.362750e+02
  1.8080e+02     7.319561e+02
  1.8100e+02     7.276721e+02
  1.8120e+02     7.234229e+02
  1.8140e+02     7.192083e+02
  1.8160e+02     7.150282e+02
  1.8180e+02     7.108825e+02
  1.8200e+02     7.067710e+02
  1.8220e+02     7.026936e+02
  1.8240e+02     6.986501e+02
  1.8260e+02     6.946404e+02
  1.8280e+02     6.906644e+02
  1.8300e+02     6.867219e+02
  1.8320e+02     6.828127e+02
  1.8340e+02     6.789366e+02
  1.8360e+02     6.750936e+02
  1.8380e+02     6.712835e+02
  1.8400e+02     6.675061e+02
  1.8420e+02     6.637612e+02
  1.8440e+02     6.600487e+02
  1.8460e+02     6.563684e+02
  1.8480e+02     6.527201e+02
  1.8500e+02     6.491037e+02
  1.8520e+02     6.455189e+02
  1.8540e+02     6.419658e+02
  1.8560e+02     6.384439e+02
  1.8580e+02     6.349533e+02
  1.8600e+02     6.314936e+02
  1.8620e+02     6.280648e+02
  1.8640e+02     6.246666e+02
  1.8660e+02     6.212989e+02
  1.8680e+02     6.179615e+02
  1.8700e+02     6.146542e+02
  1.8720e+02     6.113769e+02
  1.8740e+02     6.081293e+02
  1.8760e+02     6.049113e+02
  1.8780e+02     6.017227e+02
  1.8800e+02     5.985633e+02
  1.8820e+02     5.954330e+02
  1.8840e+02     5.923315e+02
  1.8860e+02     5.892586e+02
  1.8880e+02     5.862143e+02
  1.8900e+02     5.831983e+02
  1.8920e+02     5.802104e+02
  1.8940e+02     5.772505e+02
  1.8960e+02     5.743183e+02
  1.8980e+02     5.714137e+02
  1.9000e+02     5.685366e+02
  1.9020e+02     5.656866e+02
  1.9040e+02     5.628637e+02
  1.9060e+02     5.600677e+02
  1.9080e+02     5.572984e+02
  1.9100e+02     5.545555e+02
  1.9120e+02     5.518390e+02
  1.9140e+02     5.491486e+02
  1.9160e+02     5.464842e+02
  1.9180e+02     5.438456e+02
  1.9200e+02     5.412327e+02
  1.9220e+02     5.386451e+02
  1.9240e+02     5.360828e+02
  1.9260e+02     5.335456e+02
  1.9280e+02     5.310333e+02
  1.9300e+02     5.285458e+02
  1.9320e+02     5.260828e+02
  1.9340e+02     5.236443e+02
  1.9360e+02     5.212299e+02
  1.9380e+02     5.188396e+02
  1.9400e+02     5.164732e+02
  1.9420e+02     5.141305e+02
  1.9440e+02     5.118113e+02
  1.9460e+02     5.095155e+02
  1.9480e+02     5.072429e+02
  1.9500e+02     5.049934e+02
  1.9520e+02     5.027668e+02
  1.9540e+02     5.005628e+02
  1.9560e+02     4.983814e+02
  1.9580e+02     4.962224e+02
  1.9600e+02     4.940857e+02
  1.9620e+02     4.919710e+02
  1.9640e+02     4.898782e+02
  1.9660e+02     4.878072e+02
  1.9680e+02     4.857577e+02
  1.9700e+02     4.837297e+02
  1.9720e+02     4.817230e+02
  1.9740e+02     4.797374e+02
  1.9760e+02     4.777728e+02
  1.9780e+02     4.758290e+02
  1.9800e+02     4.739059e+02
  1.9820e+02     4.720034e+02
  1.9840e+02     4.701212e+02
  1.9860e+02     4.682592e+02
  1.9880e+02     4.664173e+02
  1.9900e+02     4.645954e+02
  1.9920e+02     4.627932e+02
  1.9940e+02     4.610107e+02
  1.9960e+02     4.592477e+02
  1.9980e+02     4.575041e+02
  2.0000e+02     4.557797e+02
  2.0020e+02     4.540744e+02
  2.0040e+02     4.523881e+02
  2.0060e+02     4.507205e+02
  2.0080e+02     4.490717e+02
  2.0100e+02     4.474414e+02
  2.0120e+02     4.458295e+02
  2.0140e+02     4.442360e+02
  2.0160e+02     4.426605e+02
  2.0180e+02     4.411031e+02
  2.0200e+02     4.395636e+02
  2.0220e+02     4.380419e+02
  2.0240e+02     4.365378e+02
  2.0260e+02     4.350513e+02
  2.0280e+02     4.335821e+02
  2.0300e+02     4.321302e+02
  2.0320e+02     4.306955e+02
  2.0340e+02     4.292778e+02
  2.0360e+02     4.278770e+02
  2.0380e+02     4.264930e+02
  2.0400e+02     4.251257e+02
  2.0420e+02     4.237750e+02
  2.0440e+02     4.224408e+02
  2.0460e+02     4.211228e+02
  2.0480e+02     4.198211e+02
  2.0500e+02     4.185356e+02
  2.0520e+02     4.172660e+02
  2.0540e+02     4.160124e+02
  2.0560e+02     4.147745e+02
  2.0580e+02     4.135523e+02
  2.0600e+02     4.123457e+02
  2.0620e+02     4.111546e+02
  2.0640e+02     4.099789e+02
  2.0660e+02     4.088184e+02
  2.0680e+02     4.076731e+02
  2.0700e+02     4.065429e+02
  2.0720e+02     4.054277e+02
  2.0740e+02     4.043274e+02
  2.0760e+02     4.032418e+02
  2.0780e+02     4.021709e+02
  2.0800e+02     4.011146e+02
  2.0820e+02     4.000729e+02
  2.0840e+02     3.990455e+02
  2.0860e+02     3.980325e+02
  2.0880e+02     3.970337e+02
  2.0900e+02     3.960490e+02
  2.0920e+02     3.950784e+02
  2.0940e+02     3.941218e+02
  2.0960e+02     3.931790e+02
  2.0980e+02     3.922501e+02
  2.1000e+02     3.913348e+02
  2.1020e+02     3.904332e+02
  2.1040e+02     3.895452e+02
  2.1060e+02     3.886706e+02
  2.1080e+02     3.878094e+02
  2.1100e+02     3.869616e+02
  2.1120e+02     3.861269e+02
  2.1140e+02     3.853055e+02
  2.1160e+02     3.844971e+02
  2.1180e+02     3.837018e+02
  2.1200e+02     3.829193e+02
  2.1220e+02     3.821498e+02
  2.1240e+02     3.813930e+02
  2.1260e+02     3.806490e+02
  2.1280e+02     3.799177e+02
  2.1300e+02     3.791989e+02
  2.1320e+02     3.784926e+02
  2.1340e+02     3.777989e+02
  2.1360e+02     3.771175e+02
  2.1380e+02     3.764484e+02
  2.1400e+02     3.757916e+02
  2.1420e+02     3.751470e+02
  2.1440e+02     3.745145e+02
  2.1460e+02     3.738941e+02
  2.1480e+02     3.732858e+02
  2.1500e+02     3.726893e+02
  2.1520e+02     3.721048e+02
  2.1540e+02     3.715322e+02
  2.1560e+02     3.709713e+02
  2.1580e+02     3.704222e+02
  2.1600e+02     3.698847e+02
  2.1620e+02     3.693589e+02
  2.1640e+02     3.688446e+02
  2.1660e+02     3.683419e+02
  2.1680e+02     3.678506e+02
  2.1700e+02     3.673708e+02
  2.1720e+02     3.669023e+02
  2.1740e+02     3.664452e+02
  2.1760e+02     3.659993e+02
  2.1780e+02     3.655647e+02
  2.1800e+02     3.651412e+02
  2.1820e+02     3.647289e+02
  2.1840e+02     3.643277e+02
  2.1860e+02     3.639375e+02
  2.1880e+02     3.635584e+02
  2.1900e+02     3.631902e+02
  2.1920e+02     3.628329e+02
  2.1940e+02     3.624866e+02
  2.1960e+02     3.621510e+02
  2.1980e+02     3.618263e+02
  2.2000e+02     3.615124e+02
  2.2020e+02     3.612092e+02
  2.2040e+02     3.609167e+02
  2.2060e+02     3.606348e+02
  2.2080e+02     3.603636e+02
  2.2100e+02     3.601030e+02
  2.2120e+02     3.598529e+02
  2.2140e+02     3.596134e+02
  2.2160e+02     3.593844e+02
  2.2180e+02     3.591658e+02
  2.2200e+02     3.589577e+02
  2.2220e+02     3.587600e+02
  2.2240e+02     3.585726e+02
  2.2260e+02     3.583957e+02
  2.2280e+02     3.582290e+02
  2.2300e+02     3.580727e+02
  2.2320e+02     3.579266e+02
  2.2340e+02     3.577908e+02
  2.2360e+02     3.576651e+02
  2.2380e+02     3.575497e+02
  2.2400e+02     3.574445e+02
  2.2420e+02     3.573495e+02
  2.2440e+02     3.572645e+02
  2.2460e+02     3.571897e+02
  2.2480e+02     3.571250e+02
  2.2500e+02     3.570704e+02
  2.2520e+02     3.570258e+02
  2.2540e+02     3.569913e+02
  2.2560e+02     3.569667e+02
  2.2580e+02     3.569522e+02
  2.2600e+02     3.569477e+02
  2.2620e+02     3.569532e+02
  2.2640e+02     3.569686e+02
  2.2660e+02     3.569940e+02
  2.2680e+02     3.570293e+02
  2.2700e+02     3.570745e+02
  2.2720e+02     3.571297e+02
  2.2740e+02     3.571947e+02
  2.2760e+02     3.572696e+02
  2.2780e+02     3.573544e+02
  2.2800e+02     3.574491e+02
  2.2820e+02     3.575537e+02
  2.2840e+02     3.576681e+02
  2.2860e+02     3.577923e+02
  2.2880e+02     3.579264e+02
  2.2900e+02     3.580703e+02
  2.2920e+02     3.582241e+02
  2.2940e+02     3.583877e+02
  2.2960e+02     3.585611e+02
  2.2980e+02     3.587443e+02
  2.3000e+02     3.589373e+02
  2.3020e+02     3.591401e+02
  2.3040e+02     3.593528e+02
  2.3060e+02     3.595753e+02
  2.3080e+02     3.598075e+02
  2.3100e+02     3.600496e+02
  2.3120e+02     3.603015e+02
  2.3140e+02     3.605632e+02
  2.3160e+02     3.608348e+02
  2.3180e+02     3.611161e+02
  2.3200e+02     3.614072e+02
  2.3220e+02     3.617082e+02
  2.3240e+02     3.620190e+02
  2.3260e+02     3.623397e+02
  2.3280e+02     3.626702e+02
  2.3300e+02     3.630105e+02
  2.3320e+02     3.633607e+02
  2.3340e+02     3.637207e+02
  2.3360e+02     3.640906e+02
  2.3380e+02     3.644704e+02
  2.3400e+02     3.648601e+02
  2.3420e+02     3.652596e+02
  2.3440e+02     3.656691e+02
  2.3460e+02     3.660885e+02
  2.3480e+02     3.665178e+02
  2.3500e+02     3.669570e+02
  2.3520e+02     3.674062e+02
  2.3540e+02     3.678654e+02
  2.3560e+02     3.683345e+02
  2.3580e+02     3.688136e+02
  2.3600e+02     3.693027e+02
  2.3620e+02     3.698019e+02
  2.3640e+02     3.703111e+02
  2.3660e+02     3.708303e+02
  2.3680e+02     3.713596e+02
  2.3700e+02     3.718990e+02
  2.3720e+02     3.724485e+02
  2.3740e+02     3.730082e+02
  2.3760e+02     3.735779e+02
  2.3780e+02     3.741578e+02
  2.3800e+02     3.747480e+02
  2.3820e+02     3.753483e+02
  2.3840e+02     3.759588e+02
  2.3860e+02     3.765796e+02
  2.3880e+02     3.772106e+02
  2.3900e+02     3.778520e+02
  2.3920e+02     3.785036e+02
  2.3940e+02     3.791656e+02
  2.3960e+02     3.798379e+02
  2.3980e+02     3.805207e+02
  2.4000e+02     3.812138e+02
  2.4020e+02     3.819174e+02
  2.4040e+02     3.826314e+02
  2.4060e+02     3.833560e+02
  2.4080e+02     3.840910e+02
  2.4100e+02     3.848366e+02
  2.4120e+02     3.855927e+02
  2.4140e+02     3.863595e+02
  2.4160e+02     3.871369e+02
  2.4180e+02     3.879249e+02
  2.4200e+02     3.887237e+02
  2.4220e+02     3.895331e+02
  2.4240e+02     3.903533e+02
  2.4260e+02     3.911843e+02
  2.4280e+02     3.920261e+02
  2.4300e+02     3.928787e+02
  2.4320e+02     3.937423e+02
  2.4340e+02     3.946167e+02
  2.4360e+02     3.955021e+02
  2.4380e+02     3.963985e+02
  2.4400e+02     3.973059e+02
  2.4420e+02     3.982243e+02
  2.4440e+02     3.991538e+02
  2.4460e+02     4.000945e+02
  2.4480e+02     4.010463e+02
  2.4500e+02     4.020093e+02
  2.4520e+02     4.029835e+02
  2.4540e+02     4.039691e+02
  2.4560e+02     4.049659e+02
  2.4580e+02     4.059741e+02
  2.4600e+02     4.069936e+02
  2.4620e+02     4.080246e+02
  2.4640e+02     4.090671e+02
  2.4660e+02     4.101211e+02
  2.4680e+02     4.111866e+02
  2.4700e+02     4.122637e+02
  2.4720e+02     4.133524e+02
  2.4740e+02     4.144529e+02
  2.4760e+02     4.155650e+02
  2.4780e+02     4.166889e+02
  2.4800e+02     4.178246e+02
  2.4820e+02     4.189722e+02
  2.4840e+02     4.201317e+02
  2.4860e+02     4.213031e+02
  2.4880e+02     4.224864e+02
  2.4900e+02     4.236818e+02
  2.4920e+02     4.248893e+02
  2.4940e+02     4.261089e+02
  2.4960e+02     4.273407e+02
  2.4980e+02     4.285847e+02
  2.5000e+02     4.298409e+02
  2.5020e+02     4.311094e+02
  2.5040e+02     4.323903e+02
  2.5060e+02     4.336836e+02
  2.5080e+02     4.349894e+02
  2.5100e+02     4.363077e+02
  2.5120e+02     4.376385e+02
  2.5140e+02     4.389819e+02
  2.5160e+02     4.403380e+02
  2.5180e+02     4.417067e+02
  2.5200e+02     4.430882e+02
  2.5220e+02     4.444825e+02
  2.5240e+02     4.458897e+02
  2.5260e+02     4.473098e+02
  2.5280e+02     4.487428e+02
  2.5300e+02     4.501888e+02
  2.5320e+02     4.516479e+02
  2.5340e+02     4.531201e+02
  2.5360e+02     4.546055e+02
  2.5380e+02     4.561041e+02
  2.5400e+02     4.576159e+02
  2.5420e+02     4.591411e+02
  2.5440e+02     4.606797e+02
  2.5460e+02     4.622317e+02
  2.5480e+02     4.637971e+02
  2.5500e+02     4.653761e+02
  2.5520e+02     4.669688e+02
  2.5540e+02     4.685750e+02
  2.5560e+02     4.701950e+02
  2.5580e+02     4.718287e+02
  2.5600e+02     4.734762e+02
  2.5620e+02     4.751376e+02
  2.5640e+02     4.768130e+02
  2.5660e+02     4.785023e+02
  2.5680e+02     4.802056e+02
  2.5700e+02     4.819231e+02
  2.5720e+02     4.836547e+02
  2.5740e+02     4.854004e+02
  2.5760e+02     4.871605e+02
  2.5780e+02     4.889349e+02
  2.5800e+02     4.907236e+02
  2.5820e+02     4.925268e+02
  2.5840e+02     4.943444e+02
  2.5860e+02     4.961767e+02
  2.5880e+02     4.980235e+02
  2.5900e+02     4.998849e+02
  2.5920e+02     5.017611e+02
  2.5940e+02     5.036520e+02
  2.5960e+02     5.055578e+02
  2.5980e+02     5.074784e+02
  2.6000e+02     5.094140e+02
  2.6020e+02     5.113646e+02
  2.6040e+02     5.133303e+02
  2.6060e+02     5.153110e+02
  2.6080e+02     5.173069e+02
  2.6100e+02     5.193180e+02
  2.6120e+02     5.213444e+02
  2.6140e+02     5.233862e+02
  2.6160e+02     5.254433e+02
  2.6180e+02     5.275159e+02
  2.6200e+02     5.296040e+02
  2.6220e+02     5.317076e+02
  2.6240e+02     5.338268e+02
  2.6260e+02     5.359617e+02
  2.6280e+02     5.381124e+02
  2.6300e+02     5.402787e+02
  2.6320e+02     5.424610e+02
  2.6340e+02     5.446591e+02
  2.6360e+02     5.468731e+02
  2.6380e+02     5.491032e+02
  2.6400e+02     5.513492e+02
  2.6420e+02     5.536114e+02
  2.6440e+02     5.558897e+02
  2.6460e+02     5.581842e+02
  2.6480e+02     5.604950e+02
  2.6500e+02     5.628220e+02
  2.6520e+02     5.651655e+02
  2.6540e+02     5.675253e+02
  2.6560e+02     5.699015e+02
  2.6580e+02     5.722943e+02
  2.6600e+02     5.747036e+02
  2.6620e+02     5.771295e+02
  2.6640e+02     5.795721e+02
  2.6660e+02     5.820313e+02
  2.6680e+02     5.845073e+02
  2.6700e+02     5.870001e+02
  2.6720e+02     5.895097e+02
  2.6740e+02     5.920362e+02
  2.6760e+02     5.945796e+02
  2.6780e+02     5.971399e+02
  2.6800e+02     5.997173e+02
  2.6820e+02     6.023117e+02
  2.6840e+02     6.049231e+02
  2.6860e+02     6.075517e+02
  2.6880e+02     6.101975e+02
  2.6900e+02     6.128605e+02
  2.6920e+02     6.155407e+02
  2.6940e+02     6.182382e+02
  2.6960e+02     6.209530e+02
  2.6980e+02     6.236851e+02
  2.7000e+02     6.264347e+02
  2.7020e+02     6.292016e+02
  2.7040e+02     6.319860e+02
  2.7060e+02     6.347879e+02
  2.7080e+02     6.376073e+02
  2.7100e+02     6.404442e+02
  2.7120e+02     6.432986e+02
  2.7140e+02     6.461707e+02
  2.7160e+02     6.490603e+02
  2.7180e+02     6.519677e+02
  2.7200e+02     6.548926e+02
  2.7220e+02     6.578353e+02
  2.7240e+02     6.607956e+02
  2.7260e+02     6.637737e+02
  2.7280e+02     6.667695e+02
  2.7300e+02     6.697830e+02
  2.7320e+02     6.728143e+02
  2.7340e+02     6.758634e+02
  2.7360e+02     6.789303e+02
  2.7380e+02     6.820150e+02
  2.7400e+02     6.851175e+02
  2.7420e+02     6.882378e+02
  2.7440e+02     6.913759e+02
  2.7460e+02     6.945318e+02
  2.7480e+02     6.977056e+02
  2.7500e+02     7.008972e+02
  2.7520e+02     7.041066e+02
  2.7540e+02     7.073338e+02
  2.7560e+02     7.105789e+02
  2.7580e+02     7.138418e+02
  2.7600e+02     7.171224e+02
  2.7620e+02     7.204208e+02
  2.7640e+02     7.237370e+02
  2.7660e+02     7.270710e+02
  2.7680e+02     7.304227e+02
  2.7700e+02     7.337921e+02
  2.7720e+02     7.371793e+02
  2.7740e+02     7.405841e+02
  2.7760e+02     7.440065e+02
  2.7780e+02     7.474466e+02
  2.7800e+02     7.509042e+02
  2.7820e+02     7.543794e+02
  2.7840e+02     7.578722e+02
  2.7860e+02     7.613824e+02
  2.7880e+02     7.649101e+02
  2.7900e+02     7.684551e+02
  2.7920e+02     7.720175e+02
  2.7940e+02     7.755973e+02
  2.7960e+02     7.791943e+02
  2.7980e+02     7.828085e+02
  2.8000e+02     7.864398e+02
  2.8020e+02     7.900883e+02
  2.8040e+02     7.937537e+02
  2.8060e+02     7.974362e+02
  2.8080e+02     8.011355e+02
  2.8100e+02     8.048517e+02
  2.8120e+02     8.085847e+02
  2.8140e+02     8.123343e+02
  2.8160e+02     8.161005e+02
  2.8180e+02     8.198833e+02
  2.8200e+02     8.236825e+02
  2.8220e+02     8.274980e+02
  2.8240e+02     8.313299e+02
  2.8260e+02     8.351779e+02
  2.8280e+02     8.390419e+02
  2.8300e+02     8.429219e+02
  2.8320e+02     8.468178e+02
  2.8340e+02     8.507295e+02
  2.8360e+02     8.546568e+02
  2.8380e+02     8.585997e+02
  2.8400e+02     8.625579e+02
  2.8420e+02     8.665315e+02
  2.8440e+02     8.705202e+02
  2.8460e+02     8.745240e+02
  2.8480e+02     8.785427e+02
  2.8500e+02     8.825762e+02
  2.8520e+02     8.866243e+02
  2.8540e+02     8.906869e+02
  2.8560e+02     8.947639e+02
  2.8580e+02     8.988551e+02
  2.8600e+02     9.029603e+02
  2.8620e+02     9.070794e+02
  2.8640e+02     9.112122e+02
  2.8660e+02     9.153586e+02
  2.8680e+02     9.195183e+02
  2.8700e+02     9.236913e+02
  2.8720e+02     9.278773e+02
  2.8740e+02     9.320762e+02
  2.8760e+02     9.362878e+02
  2.8780e+02     9.405118e+02
  2.8800e+02     9.447481e+02
  2.8820e+02     9.489964e+02
  2.8840e+02     9.532567e+02
  2.8860e+02     9.575286e+02
  2.8880e+02     9.618120e+02
  2.8900e+02     9.661067e+02
  2.8920e+02     9.704123e+02
  2.8940e+02     9.747287e+02
  2.8960e+02     9.790558e+02
  2.8980e+02     9.833931e+02
  2.9000e+02     9.877405e+02
  2.9020e+02     9.920978e+02
  2.9040e+02     9.964647e+02
  2.9060e+02     1.000841e+03
  2.9080e+02     1.005226e+03
  2.9100e+02     1.009620e+03
  2.9120e+02     1.014023e+03
  2.9140e+02     1.018434e+03
  2.9160e+02     1.022853e+03
  2.9180e+02     1.027280e+03
  2.9200e+02     1.031714e+03
  2.9220e+02     1.036155e+03
  2.9240e+02     1.040604e+03
  2.9260e+02     1.045058e+03
  2.9280e+02     1.049520e+03
  2.9300e+02     1.053987e+03
  2.9320e+02     1.058459e+03
  2.9340e+02     1.062937e+03
  2.9360e+02     1.067420e+03
  2.9380e+02     1.071908e+03
  2.9400e+02     1.076400e+03
  2.9420e+02     1.080896e+03
  2.9440e+02     1.085396e+03
  2.9460e+02     1.089899e+03
  2.9480e+02     1.094405e+03
  2.9500e+02     1.098914e+03
  2.9520e+02     1.103425e+03
  2.9540e+02     1.107938e+03
  2.9560e+02     1.112452e+03
  2.9580e+02     1.116968e+03
  2.9600e+02     1.121484e+03
  2.9620e+02     1.126000e+03
  2.9640e+02     1.130517e+03
  2.9660e+02     1.135033e+03
  2.9680e+02     1.139549e+03
  2.9700e+02     1.144063e+03
  2.9720e+02     1.148576e+03
  2.9740e+02     1.153086e+03
  2.9760e+02     1.157594e+03
  2.9780e+02     1.162100e+03
  2.9800e+02     1.166602e+03
  2.9820e+02     1.171100e+03
  2.9840e+02     1.175594e+03
  2.9860e+02     1.180084e+03
  2.9880e+02     1.184568e+03
  2.9900e+02     1.189047e+03
  2.9920e+02     1.193521e+03
  2.9940e+02     1.197987e+03
  2.9960e+02     1.202447e+03
  2.9980e+02     1.206900e+03
  3.0000e+02     1.211345e+03
  3.0020e+02     1.215782e+03
  3.0040e+02     1.220210e+03
  3.0060e+02     1.224629e+03
  3.0080e+02     1.229038e+03
  3.0100e+02     1.233437e+03
  3.0120e+02     1.237825e+03
  3.0140e+02     1.242202e+03
  3.0160e+02     1.246568e+03
  3.0180e+02     1.250922e+03
  3.0200e+02     1.255262e+03
  3.0220e+02     1.259590e+03
  3.0240e+02     1.263904e+03
  3.0260e+02     1.268204e+03
  3.0280e+02     1.272490e+03
  3.0300e+02     1.276760e+03
  3.0320e+02     1.281014e+03
  3.0340e+02     1.285253e+03
  3.0360e+02     1.289474e+03
  3.0380e+02     1.293679e+03
  3.0400e+02     1.297865e+03
  3.0420e+02     1.302033e+03
  3.0440e+02     1.306182e+03
  3.0460e+02     1.310312e+03
  3.0480e+02     1.314422e+03
  3.0500e+02     1.318512e+03
  3.0520e+02     1.322580e+03
  3.0540e+02     1.326627e+03
  3.0560e+02     1.330652e+03
  3.0580e+02     1.334655e+03
  3.0600e+02     1.338634e+03
  3.0620e+02     1.342589e+03
  3.0640e+02     1.346520e+03
  3.0660e+02     1.350427e+03
  3.0680e+02     1.354308e+03
  3.0700e+02     1.358163e+03
  3.0720e+02     1.361991e+03
  3.0740e+02     1.365793e+03
  3.0760e+02     1.369567e+03
  3.0780e+02     1.373313e+03
  3.0800e+02     1.377030e+03
  3.0820e+02     1.380718e+03
  3.0840e+02     1.384377e+03
  3.0860e+02     1.388005e+03
  3.0880e+02     1.391602e+03
  3.0900e+02     1.395168e+03
  3.0920e+02     1.398702e+03
  3.0940e+02     1.402203e+03
  3.0960e+02     1.405672e+03
  3.0980e+02     1.409107e+03
  3.1000e+02     1.412508e+03
  3.1020e+02     1.415874e+03
  3.1040e+02     1.419206e+03
  3.1060e+02     1.422501e+03
  3.1080e+02     1.425761e+03
  3.1100e+02     1.428983e+03
  3.1120e+02     1.432169e+03
  3.1140e+02     1.435317e+03
  3.1160e+02     1.438426e+03
  3.1180e+02     1.441497e+03
  3.1200e+02     1.444528e+03
  3.1220e+02     1.447520e+03
  3.1240e+02     1.450471e+03
  3.1260e+02     1.453382e+03
  3.1280e+02     1.456251e+03
  3.1300e+02     1.459079e+03
  3.1320e+02     1.461865e+03
  3.1340e+02     1.464607e+03
  3.1360e+02     1.467307e+03
  3.1380e+02     1.469963e+03
  3.1400e+02     1.472575e+03
  3.1420e+02     1.475142e+03
  3.1440e+02     1.477664e+03
  3.1460e+02     1.480141e+03
  3.1480e+02     1.482572e+03
  3.1500e+02     1.484956e+03
  3.1520e+02     1.487294e+03
  3.1540e+02     1.489585e+03
  3.1560e+02     1.491828e+03
  3.1580e+02     1.494023e+03
  3.1600e+02     1.496170e+03
  3.1620e+02     1.498268e+03
  3.1640e+02     1.500317e+03
  3.1660e+02     1.502316e+03
  3.1680e+02     1.504266e+03
  3.1700e+02     1.506165e+03
  3.1720e+02     1.508014e+03
  3.1740e+02     1.509811e+03
  3.1760e+02     1.511558e+03
  3.1780e+02     1.513252e+03
  3.1800e+02     1.514895e+03
  3.1820e+02     1.516486e+03
  3.1840e+02     1.518024e+03
  3.1860e+02     1.519509e+03
  3.1880e+02     1.520941e+03
  3.1900e+02     1.522319e+03
  3.1920e+02     1.523644e+03
  3.1940e+02     1.524915e+03
  3.1960e+02     1.526132e+03
  3.1980e+02     1.527294e+03
  3.2000e+02     1.528402e+03
  3.2020e+02     1.529455e+03
  3.2040e+02     1.530453e+03
  3.2060e+02     1.531395e+03
  3.2080e+02     1.532283e+03
  3.2100e+02     1.533114e+03
  3.2120e+02     1.533890e+03
  3.2140e+02     1.534609e+03
  3.2160e+02     1.535273e+03
  3.2180e+02     1.535880e+03
  3.2200e+02     1.536431e+03
  3.2220e+02     1.536926e+03
  3.2240e+02     1.537364e+03
  3.2260e+02     1.537745e+03
  3.2280e+02     1.538069e+03
  3.2300e+02     1.538337e+03
  3.2320e+02     1.538548e+03
  3.2340e+02     1.538701e+03
  3.2360e+02     1.538798e+03
  3.2380e+02     1.538838e+03
  3.2400e+02     1.538821e+03
  3.2420e+02     1.538746e+03
  3.2440e+02     1.538615e+03
  3.2460e+02     1.538427e+03
  3.2480e+02     1.538181e+03
  3.2500e+02     1.537879e+03
  3.2520e+02     1.537520e+03
  3.2540e+02     1.537104e+03
  3.2560e+02     1.536631e+03
  3.2580e+02     1.536102e+03
  3.2600e+02     1.535516e+03
  3.2620e+02     1.534873e+03
  3.2640e+02     1.534174e+03
  3.2660e+02     1.533419e+03
  3.2680e+02     1.532608e+03
  3.2700e+02     1.531741e+03
  3.2720e+02     1.530818e+03
  3.2740e+02     1.529839e+03
  3.2760e+02     1.528805e+03
  3.2780e+02     1.527716e+03
  3.2800e+02     1.526571e+03
  3.2820e+02     1.525372e+03
  3.2840e+02     1.524118e+03
  3.2860e+02     1.522810e+03
  3.2880e+02     1.521448e+03
  3.2900e+02     1.520031e+03
  3.2920e+02     1.518562e+03
  3.2940e+02     1.517039e+03
  3.2960e+02     1.515462e+03
  3.2980e+02     1.513833e+03
  3.3000e+02     1.512152e+03
  3.3020e+02     1.510418e+03
  3.3040e+02     1.508633e+03
  3.3060e+02     1.506796e+03
  3.3080e+02     1.504908e+03
  3.3100e+02     1.502969e+03
  3.3120e+02     1.500980e+03
  3.3140e+02     1.498941e+03
  3.3160e+02     1.496852e+03
  3.3180e+02     1.494713e+03
  3.3200e+02     1.492526e+03
  3.3220e+02     1.490290e+03
  3.3240e+02     1.488006e+03
  3.3260e+02     1.485675e+03
  3.3280e+02     1.483296e+03
  3.3300e+02     1.480870e+03
  3.3320e+02     1.478398e+03
  3.3340e+02     1.475880e+03
  3.3360e+02     1.473317e+03
  3.3380e+02     1.470708e+03
  3.3400e+02     1.468055e+03
  3.3420e+02     1.465358e+03
  3.3440e+02     1.462617e+03
  3.3460e+02     1.459833e+03
  3.3480e+02     1.457007e+03
  3.3500e+02     1.454138e+03
  3.3520e+02     1.451228e+03
  3.3540e+02     1.448277e+03
  3.3560e+02     1.445285e+03
  3.3580e+02     1.442253e+03
  3.3600e+02     1.439181e+03
  3.3620e+02     1.436071e+03
  3.3640e+02     1.432922e+03
  3.3660e+02     1.429735e+03
  3.3680e+02     1.426511e+03
  3.3700e+02     1.423249e+03
  3.3720e+02     1.419952e+03
  3.3740e+02     1.416619e+03
  3.3760e+02     1.413250e+03
  3.3780e+02     1.409847e+03
  3.3800e+02     1.406410e+03
  3.3820e+02     1.402940e+03
  3.3840e+02     1.399436e+03
  3.3860e+02     1.395901e+03
  3.3880e+02     1.392333e+03
  3.3900e+02     1.388735e+03
  3.3920e+02     1.385105e+03
  3.3940e+02     1.381446e+03
  3.3960e+02     1.377757e+03
  3.3980e+02     1.374040e+03
  3.4000e+02     1.370294e+03
  3.4020e+02     1.366520e+03
  3.4040e+02     1.362720e+03
  3.4060e+02     1.358892e+03
  3.4080e+02     1.355039e+03
  3.4100e+02     1.351161e+03
  3.4120e+02     1.347258e+03
  3.4140e+02     1.343331e+03
  3.4160e+02     1.339380e+03
  3.4180e+02     1.335406e+03
  3.4200e+02     1.331410e+03
  3.4220e+02     1.327392e+03
  3.4240e+02     1.323352e+03
  3.4260e+02     1.319293e+03
  3.4280e+02     1.315213e+03
  3.4300e+02     1.311113e+03
  3.4320e+02     1.306995e+03
  3.4340e+02     1.302859e+03
  3.4360e+02     1.298704e+03
  3.4380e+02     1.294533e+03
  3.4400e+02     1.290345e+03
  3.4420e+02     1.286141e+03
  3.4440e+02     1.281922e+03
  3.4460e+02     1.277687e+03
  3.4480e+02     1.273439e+03
  3.4500e+02     1.269176e+03
  3.4520e+02     1.264901e+03
  3.4540e+02     1.260613e+03
  3.4560e+02     1.256313e+03
  3.4580e+02     1.252001e+03
  3.4600e+02     1.247678e+03
  3.4620e+02     1.243345e+03
  3.4640e+02     1.239002e+03
  3.4660e+02     1.234649e+03
  3.4680e+02     1.230288e+03
  3.4700e+02     1.225919e+03
  3.4720e+02     1.221541e+03
  3.4740e+02     1.217157e+03
  3.4760e+02     1.212765e+03
  3.4780e+02     1.208368e+03
  3.4800e+02     1.203964e+03
  3.4820e+02     1.199556e+03
  3.4840e+02     1.195143e+03
  3.4860e+02     1.190725e+03
  3.4880e+02     1.186304e+03
  3.4900e+02     1.181879e+03
  3.4920e+02     1.177452e+03
  3.4940e+02     1.173022e+03
  3.4960e+02     1.168591e+03
  3.4980e+02     1.164158e+03
  3.5000e+02     1.159724e+03
  3.5020e+02     1.155290e+03
  3.5040e+02     1.150855e+03
  3.5060e+02     1.146421e+03
  3.5080e+02     1.141988e+03
  3.5100e+02     1.137556e+03
  3.5120e+02     1.133126e+03
  3.5140e+02     1.128699e+03
  3.5160e+02     1.124273e+03
  3.5180e+02     1.119851e+03
  3.5200e+02     1.115432e+03
  3.5220e+02     1.111016e+03
  3.5240e+02     1.106605e+03
  3.5260e+02     1.102199e+03
  3.5280e+02     1.097797e+03
  3.5300e+02     1.093401e+03
  3.5320e+02     1.089010e+03
  3.5340e+02     1.084626e+03
  3.5360e+02     1.080248e+03
  3.5380e+02     1.075876e+03
  3.5400e+02     1.071512e+03
  3.5420e+02     1.067156e+03
  3.5440e+02     1.062807e+03
  3.5460e+02     1.058466e+03
  3.5480e+02     1.054134e+03
  3.5500e+02     1.049810e+03
  3.5520e+02     1.045496e+03
  3.5540e+02     1.041191e+03
  3.5560e+02     1.036895e+03
  3.5580e+02     1.032610e+03
  3.5600e+02     1.028335e+03
  3.5620e+02     1.024071e+03
  3.5640e+02     1.019818e+03
  3.5660e+02     1.015575e+03
  3.5680e+02     1.011345e+03
  3.5700e+02     1.007126e+03
  3.5720e+02     1.002919e+03
  3.5740e+02     9.987242e+02
  3.5760e+02     9.945418e+02
  3.5780e+02     9.903722e+02
  3.5800e+02     9.862155e+02
  3.5820e+02     9.820720e+02
  3.5840e+02     9.779420e+02
  3.5860e+02     9.738256e+02
  3.5880e+02     9.697232e+02
  3.5900e+02     9.656348e+02
  3.5920e+02     9.615607e+02
  3.5940e+02     9.575011e+02
  3.5960e+02     9.534562e+02
  3.5980e+02     9.494262e+02
