# Epidemic | 7 days incidence [ x-unit: days | y-unit: per 100000 ]
  0.0000e+00     3.618006e+02
  2.0000e-01     3.596291e+02
  4.0000e-01     3.574811e+02
  6.0000e-01     3.553562e+02
  8.0000e-01     3.532543e+02
  1.0000e+00     3.511751e+02
  1.2000e+00     3.491185e+02
  1.4000e+00     3.470841e+02
  1.6000e+00     3.450718e+02
  1.8000e+00     3.430813e+02
  2.0000e+00     3.411124e+02
  2.2000e+00     3.391650e+02
  2.4000e+00     3.372388e+02
  2.6000e+00     3.353335e+02
  2.8000e+00     3.334491e+02
  3.0000e+00     3.315852e+02
  3.2000e+00     3.297417e+02
  3.4000e+00     3.279183e+02
  3.6000e+00     3.261150e+02
  3.8000e+00     3.243314e+02
  4.0000e+00     3.225674e+02
  4.2000e+00     3.208228e+02
  4.4000e+00     3.190974e+02
  4.6000e+00     3.173910e+02
  4.8000e+00     3.157034e+02
  5.0000e+00     3.140345e+02
  5.2000e+00     3.123840e+02
  5.4000e+00     3.107518e+02
  5.6000e+00     3.091377e+02
  5.8000e+00     3.075415e+02
  6.0000e+00     3.059630e+02
  6.2000e+00     3.044021e+02
  6.4000e+00     3.028586e+02
  6.6000e+00     3.013323e+02
  6.8000e+00     2.998231e+02
  7.0000e+00     2.983308e+02
  7.2000e+00     2.972317e+02
  7.4000e+00     2.961822e+02
  7.6000e+00     2.951400e+02
  7.8000e+00     2.941051e+02
  8.0000e+00     2.930774e+02
  8.2000e+00     2.920569e+02
  8.4000e+00     2.910436e+02
  8.6000e+00     2.900375e+02
  8.8000e+00     2.890385e+02
  9.0000e+00     2.880467e+02
  9.2000e+00     2.870619e+02
  9.4000e+00     2.860842e+02
  9.6000e+00     2.851135e+02
  9.8000e+00     2.841498e+02
  1.0000e+01     2.831932e+02
  1.0200e+01     2.822435e+02
  1.0400e+01     2.813007e+02
  1.0600e+01     2.803648e+02
  1.0800e+01     2.794358e+02
  1.1000e+01     2.785137e+02
  1.1200e+01     2.775984e+02
  1.1400e+01     2.766899e+02
  1.1600e+01     2.757882e+02
  1.1800e+01     2.748932e+02
  1.2000e+01     2.740049e+02
  1.2200e+01     2.731234e+02
  1.2400e+01     2.722485e+02
  1.2600e+01     2.713802e+02
  1.2800e+01     2.705186e+02
  1.3000e+01     2.696636e+02
  1.3200e+01     2.688151e+02
  1.3400e+01     2.679731e+02
  1.3600e+01     2.671377e+02
  1.3800e+01     2.663087e+02
  1.4000e+01     2.654862e+02
  1.4200e+01     2.646701e+02
  1.4400e+01     2.638604e+02
  1.4600e+01     2.630570e+02
  1.4800e+01     2.622600e+02
  1.5000e+01     2.614693e+02
  1.5200e+01     2.606849e+02
  1.5400e+01     2.599068e+02
  1.5600e+01     2.591349e+02
  1.5800e+01     2.583692e+02
  1.6000e+01     2.576096e+02
  1.6200e+01     2.568563e+02
  1.6400e+01     2.561090e+02
  1.6600e+01     2.553678e+02
  1.6800e+01     2.546327e+02
  1.7000e+01     2.539036e+02
  1.7200e+01     2.531805e+02
  1.7400e+01     2.524635e+02
  1.7600e+01     2.517523e+02
  1.7800e+01     2.510471e+02
  1.8000e+01     2.503478e+02
  1.8200e+01     2.496544e+02
  1.8400e+01     2.489668e+02
  1.8600e+01     2.482850e+02
  1.8800e+01     2.476090e+02
  1.9000e+01     2.469388e+02
  1.9200e+01     2.462743e+02
  1.9400e+01     2.456155e+02
  1.9600e+01     2.449624e+02
  1.9800e+01     2.443149e+02
  2.0000e+01     2.436731e+02
  2.0200e+01     2.430368e+02
  2.0400e+01     2.424062e+02
  2.0600e+01     2.417811e+02
  2.0800e+01     2.411615e+02
  2.1000e+01     2.405473e+02
  2.1200e+01     2.397761e+02
  2.1400e+01     2.389969e+02
  2.1600e+01     2.382279e+02
  2.1800e+01     2.374691e+02
  2.2000e+01     2.367203e+02
  2.2200e+01     2.359815e+02
  2.2400e+01     2.352526e+02
  2.2600e+01     2.345335e+02
  2.2800e+01     2.338242e+02
  2.3000e+01     2.331246e+02
  2.3200e+01     2.324345e+02
  2.3400e+01     2.317540e+02
  2.3600e+01     2.310829e+02
  2.3800e+01     2.304211e+02
  2.4000e+01     2.297687e+02
  2.4200e+01     2.291255e+02
  2.4400e+01     2.284915e+02
  2.4600e+01     2.278665e+02
  2.4800e+01     2.272506e+02
  2.5000e+01     2.266436e+02
  2.5200e+01     2.260455e+02
  2.5400e+01     2.254562e+02
  2.5600e+01     2.248757e+02
  2.5800e+01     2.243038e+02
  2.6000e+01     2.237407e+02
  2.6200e+01     2.231860e+02
  2.6400e+01     2.226399e+02
  2.6600e+01     2.221022e+02
  2.6800e+01     2.215730e+02
  2.7000e+01     2.210520e+02
  2.7200e+01     2.205393e+02
  2.7400e+01     2.200349e+02
  2.7600e+01     2.195386e+02
  2.7800e+01     2.190504e+02
  2.8000e+01     2.185703e+02
  2.8200e+01     2.180981e+02
  2.8400e+01     2.176340e+02
  2.8600e+01     2.171777e+02
  2.8800e+01     2.167292e+02
  2.9000e+01     2.162886e+02
  2.9200e+01     2.158557e+02
  2.9400e+01     2.154305e+02
  2.9600e+01     2.150130e+02
  2.9800e+01     2.146030e+02
  3.0000e+01     2.142007e+02
  3.0200e+01     2.138058e+02
  3.0400e+01     2.134184e+02
  3.0600e+01     2.130385e+02
  3.0800e+01     2.126659e+02
  3.1000e+01     2.123006e+02
  3.1200e+01     2.119427e+02
  3.1400e+01     2.115920e+02
  3.1600e+01     2.112486e+02
  3.1800e+01     2.109123e+02
  3.2000e+01     2.105831e+02
  3.2200e+01     2.102611e+02
  3.2400e+01     2.099461e+02
  3.2600e+01     2.096382e+02
  3.2800e+01     2.093372e+02
  3.3000e+01     2.090432e+02
  3.3200e+01     2.087561e+02
  3.3400e+01     2.084760e+02
  3.3600e+01     2.082026e+02
  3.3800e+01     2.079361e+02
  3.4000e+01     2.076764e+02
  3.4200e+01     2.074234e+02
  3.4400e+01     2.071772e+02
  3.4600e+01     2.069376e+02
  3.4800e+01     2.067048e+02
  3.5000e+01     2.064785e+02
  3.5200e+01     2.062589e+02
  3.5400e+01     2.060459e+02
  3.5600e+01     2.058394e+02
  3.5800e+01     2.056394e+02
  3.6000e+01     2.054460e+02
  3.6200e+01     2.052590e+02
  3.6400e+01     2.050785e+02
  3.6600e+01     2.049044e+02
  3.6800e+01     2.047367e+02
  3.7000e+01     2.045754e+02
  3.7200e+01     2.044204e+02
  3.7400e+01     2.042718e+02
  3.7600e+01     2.041295e+02
  3.7800e+01     2.039934e+02
  3.8000e+01     2.038637e+02
  3.8200e+01     2.037402e+02
  3.8400e+01     2.036230e+02
  3.8600e+01     2.035119e+02
  3.8800e+01     2.034071e+02
  3.9000e+01     2.033084e+02
  3.9200e+01     2.032159e+02
  3.9400e+01     2.031296e+02
  3.9600e+01     2.030493e+02
  3.9800e+01     2.029752e+02
  4.0000e+01     2.029072e+02
  4.0200e+01     2.028453e+02
  4.0400e+01     2.027894e+02
  4.0600e+01     2.027396e+02
  4.0800e+01     2.026959e+02
  4.1000e+01     2.026581e+02
  4.1200e+01     2.026264e+02
  4.1400e+01     2.026007e+02
  4.1600e+01     2.025810e+02
  4.1800e+01     2.025673e+02
  4.2000e+01     2.025596e+02
  4.2200e+01     2.025578e+02
  4.2400e+01     2.025620e+02
  4.2600e+01     2.025721e+02
  4.2800e+01     2.025881e+02
  4.3000e+01     2.026101e+02
  4.3200e+01     2.026381e+02
  4.3400e+01     2.026719e+02
  4.3600e+01     2.027116e+02
  4.3800e+01     2.027573e+02
  4.4000e+01     2.028089e+02
  4.4200e+01     2.028663e+02
  4.4400e+01     2.029296e+02
  4.4600e+01     2.029989e+02
  4.4800e+01     2.030740e+02
  4.5000e+01     2.031550e+02
  4.5200e+01     2.032418e+02
  4.5400e+01     2.033346e+02
  4.5600e+01     2.034332e+02
  4.5800e+01     2.035377e+02
  4.6000e+01     2.036481e+02
  4.6200e+01     2.037643e+02
  4.6400e+01     2.038864e+02
  4.6600e+01     2.040144e+02
  4.6800e+01     2.041482e+02
  4.7000e+01     2.042879e+02
  4.7200e+01     2.044335e+02
  4.7400e+01     2.045850e+02
  4.7600e+01     2.047423e+02
  4.7800e+01     2.049056e+02
  4.8000e+01     2.050747e+02
  4.8200e+01     2.052497e+02
  4.8400e+01     2.054306e+02
  4.8600e+01     2.056174e+02
  4.8800e+01     2.058101e+02
  4.9000e+01     2.060088e+02
  4.9200e+01     2.062133e+02
  4.9400e+01     2.064238e+02
  4.9600e+01     2.066402e+02
  4.9800e+01     2.068625e+02
  5.0000e+01     2.070908e+02
  5.0200e+01     2.073250e+02
  5.0400e+01     2.075652e+02
  5.0600e+01     2.078114e+02
  5.0800e+01     2.080635e+02
  5.1000e+01     2.083217e+02
  5.1200e+01     2.085858e+02
  5.1400e+01     2.088560e+02
  5.1600e+01     2.091322e+02
  5.1800e+01     2.094144e+02
  5.2000e+01     2.097026e+02
  5.2200e+01     2.099970e+02
  5.2400e+01     2.102973e+02
  5.2600e+01     2.106038e+02
  5.2800e+01     2.109164e+02
  5.3000e+01     2.112351e+02
  5.3200e+01     2.115599e+02
  5.3400e+01     2.118909e+02
  5.3600e+01     2.122280e+02
  5.3800e+01     2.125713e+02
  5.4000e+01     2.129208e+02
  5.4200e+01     2.132764e+02
  5.4400e+01     2.136384e+02
  5.4600e+01     2.140065e+02
  5.4800e+01     2.143809e+02
  5.5000e+01     2.147616e+02
  5.5200e+01     2.151486e+02
  5.5400e+01     2.155419e+02
  5.5600e+01     2.159415e+02
  5.5800e+01     2.163475e+02
  5.6000e+01     2.167599e+02
  5.6200e+01     2.171786e+02
  5.6400e+01     2.176038e+02
  5.6600e+01     2.180354e+02
  5.6800e+01     2.184735e+02
  5.7000e+01     2.189181e+02
  5.7200e+01     2.193691e+02
  5.7400e+01     2.198267e+02
  5.7600e+01     2.202909e+02
  5.7800e+01     2.207616e+02
  5.8000e+01     2.212389e+02
  5.8200e+01     2.217229e+02
  5.8400e+01     2.222135e+02
  5.8600e+01     2.227107e+02
  5.8800e+01     2.232147e+02
  5.9000e+01     2.237254e+02
  5.9200e+01     2.242429e+02
  5.9400e+01     2.247672e+02
  5.9600e+01     2.252982e+02
  5.9800e+01     2.258362e+02
  6.0000e+01     2.263809e+02
  6.0200e+01     2.269326e+02
  6.0400e+01     2.274912e+02
  6.0600e+01     2.280568e+02
  6.0800e+01     2.286294e+02
  6.1000e+01     2.292089e+02
  6.1200e+01     2.297956e+02
  6.1400e+01     2.303893e+02
  6.1600e+01     2.309901e+02
  6.1800e+01     2.315981e+02
  6.2000e+01     2.322133e+02
  6.2200e+01     2.328357e+02
  6.2400e+01     2.334653e+02
  6.2600e+01     2.341022e+02
  6.2800e+01     2.347464e+02
  6.3000e+01     2.353980e+02
  6.3200e+01     2.360570e+02
  6.3400e+01     2.367234e+02
  6.3600e+01     2.373973e+02
  6.3800e+01     2.380787e+02
  6.4000e+01     2.387676e+02
  6.4200e+01     2.394640e+02
  6.4400e+01     2.401681e+02
  6.4600e+01     2.408799e+02
  6.4800e+01     2.415993e+02
  6.5000e+01     2.423265e+02
  6.5200e+01     2.430614e+02
  6.5400e+01     2.438042e+02
  6.5600e+01     2.445548e+02
  6.5800e+01     2.453133e+02
  6.6000e+01     2.460797e+02
  6.6200e+01     2.468541e+02
  6.6400e+01     2.476366e+02
  6.6600e+01     2.484271e+02
  6.6800e+01     2.492257e+02
  6.7000e+01     2.500324e+02
  6.7200e+01     2.508474e+02
  6.7400e+01     2.516706e+02
  6.7600e+01     2.525021e+02
  6.7800e+01     2.533419e+02
  6.8000e+01     2.541901e+02
  6.8200e+01     2.550468e+02
  6.8400e+01     2.559119e+02
  6.8600e+01     2.567855e+02
  6.8800e+01     2.576677e+02
  6.9000e+01     2.585586e+02
  6.9200e+01     2.594581e+02
  6.9400e+01     2.603663e+02
  6.9600e+01     2.612833e+02
  6.9800e+01     2.622091e+02
  7.0000e+01     2.631437e+02
  7.0200e+01     2.640873e+02
  7.0400e+01     2.650399e+02
  7.0600e+01     2.660015e+02
  7.0800e+01     2.669722e+02
  7.1000e+01     2.679520e+02
  7.1200e+01     2.689410e+02
  7.1400e+01     2.699393e+02
  7.1600e+01     2.709468e+02
  7.1800e+01     2.719637e+02
  7.2000e+01     2.729900e+02
  7.2200e+01     2.740258e+02
  7.2400e+01     2.750710e+02
  7.2600e+01     2.761259e+02
  7.2800e+01     2.771904e+02
  7.3000e+01     2.782646e+02
  7.3200e+01     2.793485e+02
  7.3400e+01     2.804423e+02
  7.3600e+01     2.815459e+02
  7.3800e+01     2.826595e+02
  7.4000e+01     2.837830e+02
  7.4200e+01     2.849166e+02
  7.4400e+01     2.860603e+02
  7.4600e+01     2.872142e+02
  7.4800e+01     2.883783e+02
  7.5000e+01     2.895527e+02
  7.5200e+01     2.907375e+02
  7.5400e+01     2.919327e+02
  7.5600e+01     2.931384e+02
  7.5800e+01     2.943547e+02
  7.6000e+01     2.955815e+02
  7.6200e+01     2.968191e+02
  7.6400e+01     2.980674e+02
  7.6600e+01     2.993265e+02
  7.6800e+01     3.005965e+02
  7.7000e+01     3.018775e+02
  7.7200e+01     3.031694e+02
  7.7400e+01     3.044725e+02
  7.7600e+01     3.057867e+02
  7.7800e+01     3.071122e+02
  7.8000e+01     3.084489e+02
  7.8200e+01     3.097970e+02
  7.8400e+01     3.111566e+02
  7.8600e+01     3.125276e+02
  7.8800e+01     3.139102e+02
  7.9000e+01     3.153045e+02
  7.9200e+01     3.167105e+02
  7.9400e+01     3.181283e+02
  7.9600e+01     3.195579e+02
  7.9800e+01     3.209995e+02
  8.0000e+01     3.224531e+02
  8.0200e+01     3.239188e+02
  8.0400e+01     3.253966e+02
  8.0600e+01     3.268867e+02
  8.0800e+01     3.283891e+02
  8.1000e+01     3.299039e+02
  8.1200e+01     3.314312e+02
  8.1400e+01     3.329710e+02
  8.1600e+01     3.345234e+02
  8.1800e+01     3.360885e+02
  8.2000e+01     3.376664e+02
  8.2200e+01     3.392571e+02
  8.2400e+01     3.408608e+02
  8.2600e+01     3.424775e+02
  8.2800e+01     3.441072e+02
  8.3000e+01     3.457501e+02
  8.3200e+01     3.474063e+02
  8.3400e+01     3.490758e+02
  8.3600e+01     3.507587e+02
  8.3800e+01     3.524552e+02
  8.4000e+01     3.541651e+02
  8.4200e+01     3.558888e+02
  8.4400e+01     3.576261e+02
  8.4600e+01     3.593773e+02
  8.4800e+01     3.611424e+02
  8.5000e+01     3.629215e+02
  8.5200e+01     3.647146e+02
  8.5400e+01     3.665219e+02
  8.5600e+01     3.683434e+02
  8.5800e+01     3.701792e+02
  8.6000e+01     3.720295e+02
  8.6200e+01     3.738942e+02
  8.6400e+01     3.757735e+02
  8.6600e+01     3.776674e+02
  8.6800e+01     3.795761e+02
  8.7000e+01     3.814996e+02
  8.7200e+01     3.834381e+02
  8.7400e+01     3.853915e+02
  8.7600e+01     3.873600e+02
  8.7800e+01     3.893437e+02
  8.8000e+01     3.913426e+02
  8.8200e+01     3.933569e+02
  8.8400e+01     3.953866e+02
  8.8600e+01     3.974319e+02
  8.8800e+01     3.994927e+02
  8.9000e+01     4.015692e+02
  8.9200e+01     4.036616e+02
  8.9400e+01     4.057697e+02
  8.9600e+01     4.078939e+02
  8.9800e+01     4.100340e+02
  9.0000e+01     4.121903e+02
  9.0200e+01     4.143628e+02
  9.0400e+01     4.165517e+02
  9.0600e+01     4.187569e+02
  9.0800e+01     4.209786e+02
  9.1000e+01     4.232168e+02
  9.1200e+01     4.254717e+02
  9.1400e+01     4.277434e+02
  9.1600e+01     4.300318e+02
  9.1800e+01     4.323372e+02
  9.2000e+01     4.346596e+02
  9.2200e+01     4.369991e+02
  9.2400e+01     4.393558e+02
  9.2600e+01     4.417297e+02
  9.2800e+01     4.441210e+02
  9.3000e+01     4.465297e+02
  9.3200e+01     4.489559e+02
  9.3400e+01     4.513998e+02
  9.3600e+01     4.538613e+02
  9.3800e+01     4.563406e+02
  9.4000e+01     4.588378e+02
  9.4200e+01     4.613529e+02
  9.4400e+01     4.638861e+02
  9.4600e+01     4.664374e+02
  9.4800e+01     4.690069e+02
  9.5000e+01     4.715947e+02
  9.5200e+01     4.742008e+02
  9.5400e+01     4.768254e+02
  9.5600e+01     4.794685e+02
  9.5800e+01     4.821303e+02
  9.6000e+01     4.848107e+02
  9.6200e+01     4.875100e+02
  9.6400e+01     4.902280e+02
  9.6600e+01     4.929651e+02
  9.6800e+01     4.957211e+02
  9.7000e+01     4.984962e+02
  9.7200e+01     5.012905e+02
  9.7400e+01     5.041041e+02
  9.7600e+01     5.069369e+02
  9.7800e+01     5.097892e+02
  9.8000e+01     5.126609e+02
  9.8200e+01     5.155522e+02
  9.8400e+01     5.184632e+02
  9.8600e+01     5.213938e+02
  9.8800e+01     5.243441e+02
  9.9000e+01     5.273143e+02
  9.9200e+01     5.303045e+02
  9.9400e+01     5.333145e+02
  9.9600e+01     5.363447e+02
  9.9800e+01     5.393949e+02
  1.0000e+02     5.424653e+02
  1.0020e+02     5.455559e+02
  1.0040e+02     5.486668e+02
  1.0060e+02     5.517981e+02
  1.0080e+02     5.549498e+02
  1.0100e+02     5.581220e+02
  1.0120e+02     5.613147e+02
  1.0140e+02     5.645281e+02
  1.0160e+02     5.677620e+02
  1.0180e+02     5.710167e+02
  1.0200e+02     5.742921e+02
  1.0220e+02     5.775883e+02
  1.0240e+02     5.809054e+02
  1.0260e+02     5.842433e+02
  1.0280e+02     5.876023e+02
  1.0300e+02     5.909822e+02
  1.0320e+02     5.943831e+02
  1.0340e+02     5.978051e+02
  1.0360e+02     6.012482e+02
  1.0380e+02     6.047125e+02
  1.0400e+02     6.081979e+02
  1.0420e+02     6.117046e+02
  1.0440e+02     6.152325e+02
  1.0460e+02     6.187817e+02
  1.0480e+02     6.223522e+02
  1.0500e+02     6.259440e+02
  1.0520e+02     6.295572e+02
  1.0540e+02     6.331918e+02
  1.0560e+02     6.368477e+02
  1.0580e+02     6.405250e+02
  1.0600e+02     6.442238e+02
  1.0620e+02     6.479440e+02
  1.0640e+02     6.516856e+02
  1.0660e+02     6.554487e+02
  1.0680e+02     6.592332e+02
  1.0700e+02     6.630392e+02
  1.0720e+02     6.668666e+02
  1.0740e+02     6.707155e+02
  1.0760e+02     6.745858e+02
  1.0780e+02     6.784775e+02
  1.0800e+02     6.823906e+02
  1.0820e+02     6.863252e+02
  1.0840e+02     6.902811e+02
  1.0860e+02     6.942584e+02
  1.0880e+02     6.982570e+02
  1.0900e+02     7.022769e+02
  1.0920e+02     7.063180e+02
  1.0940e+02     7.103804e+02
  1.0960e+02     7.144640e+02
  1.0980e+02     7.185688e+02
  1.1000e+02     7.226947e+02
  1.1020e+02     7.268416e+02
  1.1040e+02     7.310095e+02
  1.1060e+02     7.351984e+02
  1.1080e+02     7.394082e+02
  1.1100e+02     7.436388e+02
  1.1120e+02     7.478902e+02
  1.1140e+02     7.521622e+02
  1.1160e+02     7.564549e+02
  1.1180e+02     7.607681e+02
  1.1200e+02     7.651018e+02
  1.1220e+02     7.694558e+02
  1.1240e+02     7.738301e+02
  1.1260e+02     7.782246e+02
  1.1280e+02     7.826392e+02
  1.1300e+02     7.870738e+02
  1.1320e+02     7.915282e+02
  1.1340e+02     7.960023e+02
  1.1360e+02     8.004961e+02
  1.1380e+02     8.050094e+02
  1.1400e+02     8.095421e+02
  1.1420e+02     8.140941e+02
  1.1440e+02     8.186652e+02
  1.1460e+02     8.232552e+02
  1.1480e+02     8.278641e+02
  1.1500e+02     8.324916e+02
  1.1520e+02     8.371377e+02
  1.1540e+02     8.418021e+02
  1.1560e+02     8.464847e+02
  1.1580e+02     8.511854e+02
  1.1600e+02     8.559039e+02
  1.1620e+02     8.606400e+02
  1.1640e+02     8.653936e+02
  1.1660e+02     8.701645e+02
  1.1680e+02     8.749525e+02
  1.1700e+02     8.797574e+02
  1.1720e+02     8.845789e+02
  1.1740e+02     8.894168e+02
  1.1760e+02     8.942710e+02
  1.1780e+02     8.991412e+02
  1.1800e+02     9.040272e+02
  1.1820e+02     9.089287e+02
  1.1840e+02     9.138455e+02
  1.1860e+02     9.187773e+02
  1.1880e+02     9.237239e+02
  1.1900e+02     9.286850e+02
  1.1920e+02     9.336603e+02
  1.1940e+02     9.386496e+02
  1.1960e+02     9.436526e+02
  1.1980e+02     9.486690e+02
  1.2000e+02     9.536986e+02
  1.2020e+02     9.587409e+02
  1.2040e+02     9.637957e+02
  1.2060e+02     9.688627e+02
  1.2080e+02     9.739416e+02
  1.2100e+02     9.790320e+02
  1.2120e+02     9.841336e+02
  1.2140e+02     9.892461e+02
  1.2160e+02     9.943691e+02
  1.2180e+02     9.995023e+02
  1.2200e+02     1.004645e+03
  1.2220e+02     1.009797e+03
  1.2240e+02     1.014959e+03
  1.2260e+02     1.020129e+03
  1.2280e+02     1.025308e+03
  1.2300e+02     1.030494e+03
  1.2320e+02     1.035688e+03
  1.2340e+02     1.040889e+03
  1.2360e+02     1.046097e+03
  1.2380e+02     1.051311e+03
  1.2400e+02     1.056531e+03
  1.2420e+02     1.061756e+03
  1.2440e+02     1.066987e+03
  1.2460e+02     1.072222e+03
  1.2480e+02     1.077461e+03
  1.2500e+02     1.082703e+03
  1.2520e+02     1.087949e+03
  1.2540e+02     1.093197e+03
  1.2560e+02     1.098448e+03
  1.2580e+02     1.103701e+03
  1.2600e+02     1.108954e+03
  1.2620e+02     1.114209e+03
  1.2640e+02     1.119463e+03
  1.2660e+02     1.124717e+03
  1.2680e+02     1.129971e+03
  1.2700e+02     1.135223e+03
  1.2720e+02     1.140473e+03
  1.2740e+02     1.145721e+03
  1.2760e+02     1.150966e+03
  1.2780e+02     1.156207e+03
  1.2800e+02     1.161445e+03
  1.2820e+02     1.166677e+03
  1.2840e+02     1.171905e+03
  1.2860e+02     1.177127e+03
  1.2880e+02     1.182342e+03
  1.2900e+02     1.187550e+03
  1.2920e+02     1.192751e+03
  1.2940e+02     1.197944e+03
  1.2960e+02     1.203128e+03
  1.2980e+02     1.208302e+03
  1.3000e+02     1.213467e+03
  1.3020e+02     1.218621e+03
  1.3040e+02     1.223764e+03
  1.3060e+02     1.228895e+03
  1.3080e+02     1.234013e+03
  1.3100e+02     1.239118e+03
  1.3120e+02     1.244210e+03
  1.3140e+02     1.249287e+03
  1.3160e+02     1.254349e+03
  1.3180e+02     1.259395e+03
  1.3200e+02     1.264425e+03
  1.3220e+02     1.269437e+03
  1.3240e+02     1.274432e+03
  1.3260e+02     1.279408e+03
  1.3280e+02     1.284366e+03
  1.3300e+02     1.289303e+03
  1.3320e+02     1.294220e+03
  1.3340e+02     1.299115e+03
  1.3360e+02     1.303989e+03
  1.3380e+02     1.308840e+03
  1.3400e+02     1.313668e+03
  1.3420e+02     1.318471e+03
  1.3440e+02     1.323250e+03
  1.3460e+02     1.328003e+03
  1.3480e+02     1.332731e+03
  1.3500e+02     1.337431e+03
  1.3520e+02     1.342104e+03
  1.3540e+02     1.346748e+03
  1.3560e+02     1.351363e+03
  1.3580e+02     1.355949e+03
  1.3600e+02     1.360504e+03
  1.3620e+02     1.365028e+03
  1.3640e+02     1.369520e+03
  1.3660e+02     1.373979e+03
  1.3680e+02     1.378405e+03
  1.3700e+02     1.382796e+03
  1.3720e+02     1.387153e+03
  1.3740e+02     1.391474e+03
  1.3760e+02     1.395759e+03
  1.3780e+02     1.400006e+03
  1.3800e+02     1.404216e+03
  1.3820e+02     1.408388e+03
  1.3840e+02     1.412520e+03
  1.3860e+02     1.416612e+03
  1.3880e+02     1.420664e+03
  1.3900e+02     1.424674e+03
  1.3920e+02     1.428642e+03
  1.3940e+02     1.432568e+03
  1.3960e+02     1.436449e+03
  1.3980e+02     1.440287e+03
  1.4000e+02     1.444080e+03
  1.4020e+02     1.447827e+03
  1.4040e+02     1.451528e+03
  1.4060e+02     1.455181e+03
  1.4080e+02     1.458788e+03
  1.4100e+02     1.462345e+03
  1.4120e+02     1.465854e+03
  1.4140e+02     1.469313e+03
  1.4160e+02     1.472722e+03
  1.4180e+02     1.476079e+03
  1.4200e+02     1.479385e+03
  1.4220e+02     1.482639e+03
  1.4240e+02     1.485839e+03
  1.4260e+02     1.488986e+03
  1.4280e+02     1.492079e+03
  1.4300e+02     1.495117e+03
  1.4320e+02     1.498099e+03
  1.4340e+02     1.501026e+03
  1.4360e+02     1.503895e+03
  1.4380e+02     1.506708e+03
  1.4400e+02     1.509462e+03
  1.4420e+02     1.512159e+03
  1.4440e+02     1.514796e+03
  1.4460e+02     1.517374e+03
  1.4480e+02     1.519892e+03
  1.4500e+02     1.522349e+03
  1.4520e+02     1.524745e+03
  1.4540e+02     1.527079e+03
  1.4560e+02     1.529352e+03
  1.4580e+02     1.531562e+03
  1.4600e+02     1.533708e+03
  1.4620e+02     1.535792e+03
  1.4640e+02     1.537811e+03
  1.4660e+02     1.539766e+03
  1.4680e+02     1.541655e+03
  1.4700e+02     1.543480e+03
  1.4720e+02     1.545239e+03
  1.4740e+02     1.546932e+03
  1.4760e+02     1.548558e+03
  1.4780e+02     1.550118e+03
  1.4800e+02     1.551610e+03
  1.4820e+02     1.553035e+03
  1.4840e+02     1.554392e+03
  1.4860e+02     1.555680e+03
  1.4880e+02     1.556901e+03
  1.4900e+02     1.558052e+03
  1.4920e+02     1.559134e+03
  1.4940e+02     1.560148e+03
  1.4960e+02     1.561091e+03
  1.4980e+02     1.561965e+03
  1.5000e+02     1.562769e+03
  1.5020e+02     1.563502e+03
  1.5040e+02     1.564165e+03
  1.5060e+02     1.564758e+03
  1.5080e+02     1.565280e+03
  1.5100e+02     1.565731e+03
  1.5120e+02     1.566111e+03
  1.5140e+02     1.566420e+03
  1.5160e+02     1.566658e+03
  1.5180e+02     1.566824e+03
  1.5200e+02     1.566920e+03
  1.5220e+02     1.566944e+03
  1.5240e+02     1.566896e+03
  1.5260e+02     1.566777e+03
  1.5280e+02     1.566587e+03
  1.5300e+02     1.566325e+03
  1.5320e+02     1.565992e+03
  1.5340e+02     1.565587e+03
  1.5360e+02     1.565112e+03
  1.5380e+02     1.564565e+03
  1.5400e+02     1.563947e+03
  1.5420e+02     1.563258e+03
  1.5440e+02     1.562498e+03
  1.5460e+02     1.561668e+03
  1.5480e+02     1.560767e+03
  1.5500e+02     1.559795e+03
  1.5520e+02     1.558754e+03
  1.5540e+02     1.557642e+03
  1.5560e+02     1.556461e+03
  1.5580e+02     1.555210e+03
  1.5600e+02     1.553890e+03
  1.5620e+02     1.552501e+03
  1.5640e+02     1.551043e+03
  1.5660e+02     1.549517e+03
  1.5680e+02     1.547922e+03
  1.5700e+02     1.546260e+03
  1.5720e+02     1.544530e+03
  1.5740e+02     1.542734e+03
  1.5760e+02     1.540870e+03
  1.5780e+02     1.538940e+03
  1.5800e+02     1.536945e+03
  1.5820e+02     1.534883e+03
  1.5840e+02     1.532757e+03
  1.5860e+02     1.530566e+03
  1.5880e+02     1.528310e+03
  1.5900e+02     1.525991e+03
  1.5920e+02     1.523609e+03
  1.5940e+02     1.521164e+03
  1.5960e+02     1.518656e+03
  1.5980e+02     1.516087e+03
  1.6000e+02     1.513457e+03
  1.6020e+02     1.510765e+03
  1.6040e+02     1.508014e+03
  1.6060e+02     1.505203e+03
  1.6080e+02     1.502333e+03
  1.6100e+02     1.499404e+03
  1.6120e+02     1.496418e+03
  1.6140e+02     1.493374e+03
  1.6160e+02     1.490274e+03
  1.6180e+02     1.487118e+03
  1.6200e+02     1.483906e+03
  1.6220e+02     1.480640e+03
  1.6240e+02     1.477319e+03
  1.6260e+02     1.473945e+03
  1.6280e+02     1.470519e+03
  1.6300e+02     1.467040e+03
  1.6320e+02     1.463510e+03
  1.6340e+02     1.459929e+03
  1.6360e+02     1.456298e+03
  1.6380e+02     1.452618e+03
  1.6400e+02     1.448889e+03
  1.6420e+02     1.445112e+03
  1.6440e+02     1.441288e+03
  1.6460e+02     1.437418e+03
  1.6480e+02     1.433502e+03
  1.6500e+02     1.429541e+03
  1.6520e+02     1.425536e+03
  1.6540e+02     1.421488e+03
  1.6560e+02     1.417397e+03
  1.6580e+02     1.413264e+03
  1.6600e+02     1.409089e+03
  1.6620e+02     1.404875e+03
  1.6640e+02     1.400621e+03
  1.6660e+02     1.396327e+03
  1.6680e+02     1.391996e+03
  1.6700e+02     1.387628e+03
  1.6720e+02     1.383223e+03
  1.6740e+02     1.378783e+03
  1.6760e+02     1.374307e+03
  1.6780e+02     1.369798e+03
  1.6800e+02     1.365255e+03
  1.6820e+02     1.360679e+03
  1.6840e+02     1.356072e+03
  1.6860e+02     1.351434e+03
  1.6880e+02     1.346765e+03
  1.6900e+02     1.342067e+03
  1.6920e+02     1.337341e+03
  1.6940e+02     1.332587e+03
  1.6960e+02     1.327805e+03
  1.6980e+02     1.322998e+03
  1.7000e+02     1.318165e+03
  1.7020e+02     1.313307e+03
  1.7040e+02     1.308426e+03
  1.7060e+02     1.303521e+03
  1.7080e+02     1.298594e+03
  1.7100e+02     1.293645e+03
  1.7120e+02     1.288676e+03
  1.7140e+02     1.283686e+03
  1.7160e+02     1.278678e+03
  1.7180e+02     1.273650e+03
  1.7200e+02     1.268605e+03
  1.7220e+02     1.263543e+03
  1.7240e+02     1.258465e+03
  1.7260e+02     1.253371e+03
  1.7280e+02     1.248263e+03
  1.7300e+02     1.243140e+03
  1.7320e+02     1.238004e+03
  1.7340e+02     1.232856e+03
  1.7360e+02     1.227695e+03
  1.7380e+02     1.222524e+03
  1.7400e+02     1.217342e+03
  1.7420e+02     1.212150e+03
  1.7440e+02     1.206949e+03
  1.7460e+02     1.201740e+03
  1.7480e+02     1.196523e+03
  1.7500e+02     1.191299e+03
  1.7520e+02     1.186069e+03
  1.7540e+02     1.180833e+03
  1.7560e+02     1.175593e+03
  1.7580e+02     1.170347e+03
  1.7600e+02     1.165098e+03
  1.7620e+02     1.159846e+03
  1.7640e+02     1.154592e+03
  1.7660e+02     1.149336e+03
  1.7680e+02     1.144078e+03
  1.7700e+02     1.138820e+03
  1.7720e+02     1.133562e+03
  1.7740e+02     1.128304e+03
  1.7760e+02     1.123048e+03
  1.7780e+02     1.117793e+03
  1.7800e+02     1.112541e+03
  1.7820e+02     1.107292e+03
  1.7840e+02     1.102046e+03
  1.7860e+02     1.096804e+03
  1.7880e+02     1.091566e+03
  1.7900e+02     1.086334e+03
  1.7920e+02     1.081107e+03
  1.7940e+02     1.075886e+03
  1.7960e+02     1.070672e+03
  1.7980e+02     1.065465e+03
  1.8000e+02     1.060265e+03
  1.8020e+02     1.055074e+03
  1.8040e+02     1.049891e+03
  1.8060e+02     1.044717e+03
  1.8080e+02     1.039553e+03
  1.8100e+02     1.034398e+03
  1.8120e+02     1.029254e+03
  1.8140e+02     1.024120e+03
  1.8160e+02     1.018998e+03
  1.8180e+02     1.013888e+03
  1.8200e+02     1.008789e+03
  1.8220e+02     1.003703e+03
  1.8240e+02     9.986300e+02
  1.8260e+02     9.935699e+02
  1.8280e+02     9.885234e+02
  1.8300e+02     9.834908e+02
  1.8320e+02     9.784725e+02
  1.8340e+02     9.734689e+02
  1.8360e+02     9.684803e+02
  1.8380e+02     9.635070e+02
  1.8400e+02     9.585494e+02
  1.8420e+02     9.536078e+02
  1.8440e+02     9.486826e+02
  1.8460e+02     9.437739e+02
  1.8480e+02     9.388821e+02
  1.8500e+02     9.340075e+02
  1.8520e+02     9.291504e+02
  1.8540e+02     9.243111e+02
  1.8560e+02     9.194898e+02
  1.8580e+02     9.146868e+02
  1.8600e+02     9.099023e+02
  1.8620e+02     9.051366e+02
  1.8640e+02     9.003900e+02
  1.8660e+02     8.956625e+02
  1.8680e+02     8.909546e+02
  1.8700e+02     8.862664e+02
  1.8720e+02     8.815981e+02
  1.8740e+02     8.769499e+02
  1.8760e+02     8.723221e+02
  1.8780e+02     8.677147e+02
  1.8800e+02     8.631280e+02
  1.8820e+02     8.585623e+02
  1.8840e+02     8.540175e+02
  1.8860e+02     8.494940e+02
  1.8880e+02     8.449918e+02
  1.8900e+02     8.405112e+02
  1.8920e+02     8.360522e+02
  1.8940e+02     8.316151e+02
  1.8960e+02     8.271999e+02
  1.8980e+02     8.228068e+02
  1.9000e+02     8.184359e+02
  1.9020e+02     8.140873e+02
  1.9040e+02     8.097611e+02
  1.9060e+02     8.054575e+02
  1.9080e+02     8.011765e+02
  1.9100e+02     7.969183e+02
  1.9120e+02     7.926829e+02
  1.9140e+02     7.884704e+02
  1.9160e+02     7.842810e+02
  1.9180e+02     7.801146e+02
  1.9200e+02     7.759713e+02
  1.9220e+02     7.718513e+02
  1.9240e+02     7.677545e+02
  1.9260e+02     7.636811e+02
  1.9280e+02     7.596311e+02
  1.9300e+02     7.556045e+02
  1.9320e+02     7.516014e+02
  1.9340e+02     7.476218e+02
  1.9360e+02     7.436657e+02
  1.9380e+02     7.397333e+02
  1.9400e+02     7.358244e+02
  1.9420e+02     7.319392e+02
  1.9440e+02     7.280777e+02
  1.9460e+02     7.242398e+02
  1.9480e+02     7.204256e+02
  1.9500e+02     7.166351e+02
  1.9520e+02     7.128682e+02
  1.9540e+02     7.091251e+02
  1.9560e+02     7.054057e+02
  1.9580e+02     7.017099e+02
  1.9600e+02     6.980378e+02
  1.9620e+02     6.943894e+02
  1.9640e+02     6.907646e+02
  1.9660e+02     6.871635e+02
  1.9680e+02     6.835860e+02
  1.9700e+02     6.800320e+02
  1.9720e+02     6.765016e+02
  1.9740e+02     6.729947e+02
  1.9760e+02     6.695113e+02
  1.9780e+02     6.660514e+02
  1.9800e+02     6.626149e+02
  1.9820e+02     6.592017e+02
  1.9840e+02     6.558119e+02
  1.9860e+02     6.524454e+02
  1.9880e+02     6.491021e+02
  1.9900e+02     6.457820e+02
  1.9920e+02     6.424850e+02
  1.9940e+02     6.392111e+02
  1.9960e+02     6.359602e+02
  1.9980e+02     6.327323e+02
  2.0000e+02     6.295273e+02
  2.0020e+02     6.263451e+02
  2.0040e+02     6.231857e+02
  2.0060e+02     6.200490e+02
  2.0080e+02     6.169349e+02
  2.0100e+02     6.138434e+02
  2.0120e+02     6.107745e+02
  2.0140e+02     6.077279e+02
  2.0160e+02     6.047037e+02
  2.0180e+02     6.017017e+02
  2.0200e+02     5.987220e+02
  2.0220e+02     5.957643e+02
  2.0240e+02     5.928287e+02
  2.0260e+02     5.899151e+02
  2.0280e+02     5.870233e+02
  2.0300e+02     5.841533e+02
  2.0320e+02     5.813050e+02
  2.0340e+02     5.784783e+02
  2.0360e+02     5.756732e+02
  2.0380e+02     5.728895e+02
  2.0400e+02     5.701271e+02
  2.0420e+02     5.673861e+02
  2.0440e+02     5.646661e+02
  2.0460e+02     5.619673e+02
  2.0480e+02     5.592894e+02
  2.0500e+02     5.566325e+02
  2.0520e+02     5.539963e+02
  2.0540e+02     5.513809e+02
  2.0560e+02     5.487860e+02
  2.0580e+02     5.462117e+02
  2.0600e+02     5.436577e+02
  2.0620e+02     5.411241e+02
  2.0640e+02     5.386107e+02
  2.0660e+02     5.361175e+02
  2.0680e+02     5.336442e+02
  2.0700e+02     5.311909e+02
  2.0720e+02     5.287574e+02
  2.0740e+02     5.263437e+02
  2.0760e+02     5.239495e+02
  2.0780e+02     5.215749e+02
  2.0800e+02     5.192197e+02
  2.0820e+02     5.168838e+02
  2.0840e+02     5.145672e+02
  2.0860e+02     5.122697e+02
  2.0880e+02     5.099911e+02
  2.0900e+02     5.077316e+02
  2.0920e+02     5.054908e+02
  2.0940e+02     5.032687e+02
  2.0960e+02     5.010653e+02
  2.0980e+02     4.988803e+02
  2.1000e+02     4.967138e+02
  2.1020e+02     4.945656e+02
  2.1040e+02     4.924356e+02
  2.1060e+02     4.903237e+02
  2.1080e+02     4.882298e+02
  2.1100e+02     4.861538e+02
  2.1120e+02     4.840955e+02
  2.1140e+02     4.820550e+02
  2.1160e+02     4.800321e+02
  2.1180e+02     4.780267e+02
  2.1200e+02     4.760387e+02
  2.1220e+02     4.740679e+02
  2.1240e+02     4.721144e+02
  2.1260e+02     4.701779e+02
  2.1280e+02     4.682585e+02
  2.1300e+02     4.663559e+02
  2.1320e+02     4.644702e+02
  2.1340e+02     4.626011e+02
  2.1360e+02     4.607486e+02
  2.1380e+02     4.589126e+02
  2.1400e+02     4.570930e+02
  2.1420e+02     4.552897e+02
  2.1440e+02     4.535027e+02
  2.1460e+02     4.517317e+02
  2.1480e+02     4.499767e+02
  2.1500e+02     4.482376e+02
  2.1520e+02     4.465144e+02
  2.1540e+02     4.448069e+02
  2.1560e+02     4.431150e+02
  2.1580e+02     4.414386e+02
  2.1600e+02     4.397777e+02
  2.1620e+02     4.381321e+02
  2.1640e+02     4.365018e+02
  2.1660e+02     4.348866e+02
  2.1680e+02     4.332864e+02
  2.1700e+02     4.317013e+02
  2.1720e+02     4.301310e+02
  2.1740e+02     4.285755e+02
  2.1760e+02     4.270347e+02
  2.1780e+02     4.255085e+02
  2.1800e+02     4.239969e+02
  2.1820e+02     4.224996e+02
  2.1840e+02     4.210167e+02
  2.1860e+02     4.195481e+02
  2.1880e+02     4.180936e+02
  2.1900e+02     4.166532e+02
  2.1920e+02     4.152268e+02
  2.1940e+02     4.138142e+02
  2.1960e+02     4.124155e+02
  2.1980e+02     4.110306e+02
  2.2000e+02     4.096592e+02
  2.2020e+02     4.083015e+02
  2.2040e+02     4.069572e+02
  2.2060e+02     4.056263e+02
  2.2080e+02     4.043088e+02
  2.2100e+02     4.030045e+02
  2.2120e+02     4.017133e+02
  2.2140e+02     4.004352e+02
  2.2160e+02     3.991701e+02
  2.2180e+02     3.979179e+02
  2.2200e+02     3.966786e+02
  2.2220e+02     3.954520e+02
  2.2240e+02     3.942381e+02
  2.2260e+02     3.930368e+02
  2.2280e+02     3.918480e+02
  2.2300e+02     3.906717e+02
  2.2320e+02     3.895077e+02
  2.2340e+02     3.883561e+02
  2.2360e+02     3.872167e+02
  2.2380e+02     3.860894e+02
  2.2400e+02     3.849742e+02
  2.2420e+02     3.838711e+02
  2.2440e+02     3.827798e+02
  2.2460e+02     3.817005e+02
  2.2480e+02     3.806329e+02
  2.2500e+02     3.795771e+02
  2.2520e+02     3.785329e+02
  2.2540e+02     3.775003e+02
  2.2560e+02     3.764793e+02
  2.2580e+02     3.754696e+02
  2.2600e+02     3.744714e+02
  2.2620e+02     3.734845e+02
  2.2640e+02     3.725089e+02
  2.2660e+02     3.715445e+02
  2.2680e+02     3.705911e+02
  2.2700e+02     3.696489e+02
  2.2720e+02     3.687176e+02
  2.2740e+02     3.677973e+02
  2.2760e+02     3.668879e+02
  2.2780e+02     3.659893e+02
  2.2800e+02     3.651014e+02
  2.2820e+02     3.642242e+02
  2.2840e+02     3.633577e+02
  2.2860e+02     3.625017e+02
  2.2880e+02     3.616562e+02
  2.2900e+02     3.608213e+02
  2.2920e+02     3.599967e+02
  2.2940e+02     3.591824e+02
  2.2960e+02     3.583785e+02
  2.2980e+02     3.575847e+02
  2.3000e+02     3.568012e+02
  2.3020e+02     3.560278e+02
  2.3040e+02     3.552644e+02
  2.3060e+02     3.545111e+02
  2.3080e+02     3.537677e+02
  2.3100e+02     3.530343e+02
  2.3120e+02     3.523107e+02
  2.3140e+02     3.515969e+02
  2.3160e+02     3.508929e+02
  2.3180e+02     3.501986e+02
  2.3200e+02     3.495139e+02
  2.3220e+02     3.488389e+02
  2.3240e+02     3.481734e+02
  2.3260e+02     3.475174e+02
  2.3280e+02     3.468709e+02
  2.3300e+02     3.462339e+02
  2.3320e+02     3.456062e+02
  2.3340e+02     3.449878e+02
  2.3360e+02     3.443787e+02
  2.3380e+02     3.437789e+02
  2.3400e+02     3.431882e+02
  2.3420e+02     3.426068e+02
  2.3440e+02     3.420344e+02
  2.3460e+02     3.414711e+02
  2.3480e+02     3.409168e+02
  2.3500e+02     3.403715e+02
  2.3520e+02     3.398352e+02
  2.3540e+02     3.393077e+02
  2.3560e+02     3.387892e+02
  2.3580e+02     3.382794e+02
  2.3600e+02     3.377785e+02
  2.3620e+02     3.372863e+02
  2.3640e+02     3.368028e+02
  2.3660e+02     3.363279e+02
  2.3680e+02     3.358618e+02
  2.3700e+02     3.354042e+02
  2.3720e+02     3.349552e+02
  2.3740e+02     3.345147e+02
  2.3760e+02     3.340828e+02
  2.3780e+02     3.336592e+02
  2.3800e+02     3.332442e+02
  2.3820e+02     3.328375e+02
  2.3840e+02     3.324392e+02
  2.3860e+02     3.320492e+02
  2.3880e+02     3.316675e+02
  2.3900e+02     3.312941e+02
  2.3920e+02     3.309290e+02
  2.3940e+02     3.305720e+02
  2.3960e+02     3.302232e+02
  2.3980e+02     3.298826e+02
  2.4000e+02     3.295501e+02
  2.4020e+02     3.292257e+02
  2.4040e+02     3.289094e+02
  2.4060e+02     3.286011e+02
  2.4080e+02     3.283008e+02
  2.4100e+02     3.280085e+02
  2.4120e+02     3.277241e+02
  2.4140e+02     3.274477e+02
  2.4160e+02     3.271792e+02
  2.4180e+02     3.269186e+02
  2.4200e+02     3.266659e+02
  2.4220e+02     3.264209e+02
  2.4240e+02     3.261838e+02
  2.4260e+02     3.259545e+02
  2.4280e+02     3.257330e+02
  2.4300e+02     3.255192e+02
  2.4320e+02     3.253131e+02
  2.4340e+02     3.251148e+02
  2.4360e+02     3.249241e+02
  2.4380e+02     3.247411e+02
  2.4400e+02     3.245657e+02
  2.4420e+02     3.243980e+02
  2.4440e+02     3.242378e+02
  2.4460e+02     3.240853e+02
  2.4480e+02     3.239403e+02
  2.4500e+02     3.238029e+02
  2.4520e+02     3.236730e+02
  2.4540e+02     3.235506e+02
  2.4560e+02     3.234357e+02
  2.4580e+02     3.233283e+02
  2.4600e+02     3.232284e+02
  2.4620e+02     3.231359e+02
  2.4640e+02     3.230509e+02
  2.4660e+02     3.229733e+02
  2.4680e+02     3.229031e+02
  2.4700e+02     3.228403e+02
  2.4720e+02     3.227849e+02
  2.4740e+02     3.227369e+02
  2.4760e+02     3.226962e+02
  2.4780e+02     3.226629e+02
  2.4800e+02     3.226369e+02
  2.4820e+02     3.226183e+02
  2.4840e+02     3.226069e+02
  2.4860e+02     3.226029e+02
  2.4880e+02     3.226061e+02
  2.4900e+02     3.226167e+02
  2.4920e+02     3.226345e+02
  2.4940e+02     3.226596e+02
  2.4960e+02     3.226919e+02
  2.4980e+02     3.227315e+02
  2.5000e+02     3.227783e+02
  2.5020e+02     3.228324e+02
  2.5040e+02     3.228937e+02
  2.5060e+02     3.229622e+02
  2.5080e+02     3.230379e+02
  2.5100e+02     3.231208e+02
  2.5120e+02     3.232110e+02
  2.5140e+02     3.233083e+02
  2.5160e+02     3.234129e+02
  2.5180e+02     3.235246e+02
  2.5200e+02     3.236435e+02
  2.5220e+02     3.237696e+02
  2.5240e+02     3.239028e+02
  2.5260e+02     3.240433e+02
  2.5280e+02     3.241909e+02
  2.5300e+02     3.243457e+02
  2.5320e+02     3.245076e+02
  2.5340e+02     3.246768e+02
  2.5360e+02     3.248530e+02
  2.5380e+02     3.250365e+02
  2.5400e+02     3.252271e+02
  2.5420e+02     3.254249e+02
  2.5440e+02     3.256298e+02
  2.5460e+02     3.258419e+02
  2.5480e+02     3.260612e+02
  2.5500e+02     3.262876e+02
  2.5520e+02     3.265212e+02
  2.5540e+02     3.267620e+02
  2.5560e+02     3.270100e+02
  2.5580e+02     3.272651e+02
  2.5600e+02     3.275274e+02
  2.5620e+02     3.277968e+02
  2.5640e+02     3.280735e+02
  2.5660e+02     3.283573e+02
  2.5680e+02     3.286484e+02
  2.5700e+02     3.289466e+02
  2.5720e+02     3.292520e+02
  2.5740e+02     3.295647e+02
  2.5760e+02     3.298845e+02
  2.5780e+02     3.302116e+02
  2.5800e+02     3.305459e+02
  2.5820e+02     3.308874e+02
  2.5840e+02     3.312362e+02
  2.5860e+02     3.315921e+02
  2.5880e+02     3.319554e+02
  2.5900e+02     3.323259e+02
  2.5920e+02     3.327037e+02
  2.5940e+02     3.330887e+02
  2.5960e+02     3.334810e+02
  2.5980e+02     3.338806e+02
  2.6000e+02     3.342876e+02
  2.6020e+02     3.347018e+02
  2.6040e+02     3.351233e+02
  2.6060e+02     3.355522e+02
  2.6080e+02     3.359884e+02
  2.6100e+02     3.364320e+02
  2.6120e+02     3.368829e+02
  2.6140e+02     3.373412e+02
  2.6160e+02     3.378068e+02
  2.6180e+02     3.382799e+02
  2.6200e+02     3.387604e+02
  2.6220e+02     3.392483e+02
  2.6240e+02     3.397436e+02
  2.6260e+02     3.402464e+02
  2.6280e+02     3.407566e+02
  2.6300e+02     3.412743e+02
  2.6320e+02     3.417995e+02
  2.6340e+02     3.423322e+02
  2.6360e+02     3.428724e+02
  2.6380e+02     3.434202e+02
  2.6400e+02     3.439754e+02
  2.6420e+02     3.445383e+02
  2.6440e+02     3.451087e+02
  2.6460e+02     3.456867e+02
  2.6480e+02     3.462723e+02
  2.6500e+02     3.468655e+02
  2.6520e+02     3.474664e+02
  2.6540e+02     3.480749e+02
  2.6560e+02     3.486911e+02
  2.6580e+02     3.493150e+02
  2.6600e+02     3.499466e+02
  2.6620e+02     3.505859e+02
  2.6640e+02     3.512329e+02
  2.6660e+02     3.518878e+02
  2.6680e+02     3.525504e+02
  2.6700e+02     3.532208e+02
  2.6720e+02     3.538990e+02
  2.6740e+02     3.545850e+02
  2.6760e+02     3.552789e+02
  2.6780e+02     3.559807e+02
  2.6800e+02     3.566904e+02
  2.6820e+02     3.574080e+02
  2.6840e+02     3.581335e+02
  2.6860e+02     3.588670e+02
  2.6880e+02     3.596085e+02
  2.6900e+02     3.603580e+02
  2.6920e+02     3.611154e+02
  2.6940e+02     3.618810e+02
  2.6960e+02     3.626546e+02
  2.6980e+02     3.634363e+02
  2.7000e+02     3.642261e+02
  2.7020e+02     3.650240e+02
  2.7040e+02     3.658301e+02
  2.7060e+02     3.666443e+02
  2.7080e+02     3.674668e+02
  2.7100e+02     3.682975e+02
  2.7120e+02     3.691364e+02
  2.7140e+02     3.699836e+02
  2.7160e+02     3.708391e+02
  2.7180e+02     3.717029e+02
  2.7200e+02     3.725751e+02
  2.7220e+02     3.734556e+02
  2.7240e+02     3.743445e+02
  2.7260e+02     3.752419e+02
  2.7280e+02     3.761477e+02
  2.7300e+02     3.770619e+02
  2.7320e+02     3.779847e+02
  2.7340e+02     3.789160e+02
  2.7360e+02     3.798558e+02
  2.7380e+02     3.808042e+02
  2.7400e+02     3.817612e+02
  2.7420e+02     3.827268e+02
  2.7440e+02     3.837011e+02
  2.7460e+02     3.846840e+02
  2.7480e+02     3.856757e+02
  2.7500e+02     3.866761e+02
  2.7520e+02     3.876852e+02
  2.7540e+02     3.887032e+02
  2.7560e+02     3.897299e+02
  2.7580e+02     3.907655e+02
  2.7600e+02     3.918100e+02
  2.7620e+02     3.928634e+02
  2.7640e+02     3.939256e+02
  2.7660e+02     3.949969e+02
  2.7680e+02     3.960771e+02
  2.7700e+02     3.971664e+02
  2.7720e+02     3.982647e+02
  2.7740e+02     3.993720e+02
  2.7760e+02     4.004885e+02
  2.7780e+02     4.016140e+02
  2.7800e+02     4.027488e+02
  2.7820e+02     4.038927e+02
  2.7840e+02     4.050458e+02
  2.7860e+02     4.062082e+02
  2.7880e+02     4.073799e+02
  2.7900e+02     4.085608e+02
  2.7920e+02     4.097511e+02
  2.7940e+02     4.109508e+02
  2.7960e+02     4.121598e+02
  2.7980e+02     4.133783e+02
  2.8000e+02     4.146062e+02
  2.8020e+02     4.158436e+02
  2.8040e+02     4.170905e+02
  2.8060e+02     4.183469e+02
  2.8080e+02     4.196130e+02
  2.8100e+02     4.208886e+02
  2.8120e+02     4.221738e+02
  2.8140e+02     4.234687e+02
  2.8160e+02     4.247734e+02
  2.8180e+02     4.260877e+02
  2.8200e+02     4.274118e+02
  2.8220e+02     4.287456e+02
  2.8240e+02     4.300893e+02
  2.8260e+02     4.314428e+02
  2.8280e+02     4.328062e+02
  2.8300e+02     4.341795e+02
  2.8320e+02     4.355627e+02
  2.8340e+02     4.369559e+02
  2.8360e+02     4.383591e+02
  2.8380e+02     4.397723e+02
  2.8400e+02     4.411956e+02
  2.8420e+02     4.426290e+02
  2.8440e+02     4.440724e+02
  2.8460e+02     4.455260e+02
  2.8480e+02     4.469898e+02
  2.8500e+02     4.484638e+02
  2.8520e+02     4.499480e+02
  2.8540e+02     4.514425e+02
  2.8560e+02     4.529472e+02
  2.8580e+02     4.544623e+02
  2.8600e+02     4.559878e+02
  2.8620e+02     4.575236e+02
  2.8640e+02     4.590698e+02
  2.8660e+02     4.606264e+02
  2.8680e+02     4.621936e+02
  2.8700e+02     4.637712e+02
  2.8720e+02     4.653593e+02
  2.8740e+02     4.669580e+02
  2.8760e+02     4.685673e+02
  2.8780e+02     4.701871e+02
  2.8800e+02     4.718176e+02
  2.8820e+02     4.734588e+02
  2.8840e+02     4.751106e+02
  2.8860e+02     4.767732e+02
  2.8880e+02     4.784465e+02
  2.8900e+02     4.801305e+02
  2.8920e+02     4.818254e+02
  2.8940e+02     4.835311e+02
  2.8960e+02     4.852476e+02
  2.8980e+02     4.869750e+02
  2.9000e+02     4.887133e+02
  2.9020e+02     4.904625e+02
  2.9040e+02     4.922226e+02
  2.9060e+02     4.939937e+02
  2.9080e+02     4.957758e+02
  2.9100e+02     4.975689e+02
  2.9120e+02     4.993731e+02
  2.9140e+02     5.011883e+02
  2.9160e+02     5.030146e+02
  2.9180e+02     5.048520e+02
  2.9200e+02     5.067006e+02
  2.9220e+02     5.085602e+02
  2.9240e+02     5.104311e+02
  2.9260e+02     5.123131e+02
  2.9280e+02     5.142064e+02
  2.9300e+02     5.161109e+02
  2.9320e+02     5.180266e+02
  2.9340e+02     5.199536e+02
  2.9360e+02     5.218919e+02
  2.9380e+02     5.238414e+02
  2.9400e+02     5.258023e+02
  2.9420e+02     5.277746e+02
  2.9440e+02     5.297581e+02
  2.9460e+02     5.317531e+02
  2.9480e+02     5.337594e+02
  2.9500e+02     5.357772e+02
  2.9520e+02     5.378063e+02
  2.9540e+02     5.398469e+02
  2.9560e+02     5.418988e+02
  2.9580e+02     5.439623e+02
  2.9600e+02     5.460372e+02
  2.9620e+02     5.481236e+02
  2.9640e+02     5.502214e+02
  2.9660e+02     5.523307e+02
  2.9680e+02     5.544516e+02
  2.9700e+02     5.565839e+02
  2.9720e+02     5.587278e+02
  2.9740e+02     5.608831e+02
  2.9760e+02     5.630500e+02
  2.9780e+02     5.652285e+02
  2.9800e+02     5.674184e+02
  2.9820e+02     5.696199e+02
  2.9840e+02     5.718329e+02
  2.9860e+02     5.740575e+02
  2.9880e+02     5.762936e+02
  2.9900e+02     5.785413e+02
  2.9920e+02     5.808005e+02
  2.9940e+02     5.830712e+02
  2.9960e+02     5.853535e+02
  2.9980e+02     5.876473e+02
  3.0000e+02     5.899526e+02
  3.0020e+02     5.922694e+02
  3.0040e+02     5.945978e+02
  3.0060e+02     5.969377e+02
  3.0080e+02     5.992891e+02
  3.0100e+02     6.016519e+02
  3.0120e+02     6.040263e+02
  3.0140e+02     6.064121e+02
  3.0160e+02     6.088094e+02
  3.0180e+02     6.112181e+02
  3.0200e+02     6.136382e+02
  3.0220e+02     6.160698e+02
  3.0240e+02     6.185127e+02
  3.0260e+02     6.209670e+02
  3.0280e+02     6.234327e+02
  3.0300e+02     6.259097e+02
  3.0320e+02     6.283981e+02
  3.0340e+02     6.308977e+02
  3.0360e+02     6.334086e+02
  3.0380e+02     6.359307e+02
  3.0400e+02     6.384641e+02
  3.0420e+02     6.410086e+02
  3.0440e+02     6.435643e+02
  3.0460e+02     6.461311e+02
  3.0480e+02     6.487090e+02
  3.0500e+02     6.512980e+02
  3.0520e+02     6.538980e+02
  3.0540e+02     6.565090e+02
  3.0560e+02     6.591309e+02
  3.0580e+02     6.617638e+02
  3.0600e+02     6.644075e+02
  3.0620e+02     6.670621e+02
  3.0640e+02     6.697274e+02
  3.0660e+02     6.724035e+02
  3.0680e+02     6.750903e+02
  3.0700e+02     6.777877e+02
  3.0720e+02     6.804958e+02
  3.0740e+02     6.832144e+02
  3.0760e+02     6.859434e+02
  3.0780e+02     6.886830e+02
  3.0800e+02     6.914329e+02
  3.0820e+02     6.941931e+02
  3.0840e+02     6.969636e+02
  3.0860e+02     6.997443e+02
  3.0880e+02     7.025351e+02
  3.0900e+02     7.053360e+02
  3.0920e+02     7.081470e+02
  3.0940e+02     7.109678e+02
  3.0960e+02     7.137986e+02
  3.0980e+02     7.166391e+02
  3.1000e+02     7.194894e+02
  3.1020e+02     7.223493e+02
  3.1040e+02     7.252189e+02
  3.1060e+02     7.280979e+02
  3.1080e+02     7.309863e+02
  3.1100e+02     7.338840e+02
  3.1120e+02     7.367910e+02
  3.1140e+02     7.397072e+02
  3.1160e+02     7.426324e+02
  3.1180e+02     7.455666e+02
  3.1200e+02     7.485097e+02
  3.1220e+02     7.514616e+02
  3.1240e+02     7.544222e+02
  3.1260e+02     7.573914e+02
  3.1280e+02     7.603691e+02
  3.1300e+02     7.633551e+02
  3.1320e+02     7.663495e+02
  3.1340e+02     7.693521e+02
  3.1360e+02     7.723627e+02
  3.1380e+02     7.753813e+02
  3.1400e+02     7.784077e+02
  3.1420e+02     7.814419e+02
  3.1440e+02     7.844837e+02
  3.1460e+02     7.875330e+02
  3.1480e+02     7.905896e+02
  3.1500e+02     7.936535e+02
  3.1520e+02     7.967245e+02
  3.1540e+02     7.998026e+02
  3.1560e+02     8.028874e+02
  3.1580e+02     8.059790e+02
  3.1600e+02     8.090772e+02
  3.1620e+02     8.121819e+02
  3.1640e+02     8.152929e+02
  3.1660e+02     8.184100e+02
  3.1680e+02     8.215332e+02
  3.1700e+02     8.246622e+02
  3.1720e+02     8.277970e+02
  3.1740e+02     8.309374e+02
  3.1760e+02     8.340832e+02
  3.1780e+02     8.372342e+02
  3.1800e+02     8.403904e+02
  3.1820e+02     8.435515e+02
  3.1840e+02     8.467174e+02
  3.1860e+02     8.498880e+02
  3.1880e+02     8.530629e+02
  3.1900e+02     8.562422e+02
  3.1920e+02     8.594255e+02
  3.1940e+02     8.626128e+02
  3.1960e+02     8.658039e+02
  3.1980e+02     8.689985e+02
  3.2000e+02     8.721965e+02
  3.2020e+02     8.753977e+02
  3.2040e+02     8.786020e+02
  3.2060e+02     8.818090e+02
  3.2080e+02     8.850187e+02
  3.2100e+02     8.882309e+02
  3.2120e+02     8.914453e+02
  3.2140e+02     8.946617e+02
  3.2160e+02     8.978800e+02
  3.2180e+02     9.010999e+02
  3.2200e+02     9.043213e+02
  3.2220e+02     9.075439e+02
  3.2240e+02     9.107675e+02
  3.2260e+02     9.139919e+02
  3.2280e+02     9.172168e+02
  3.2300e+02     9.204422e+02
  3.2320e+02     9.236677e+02
  3.2340e+02     9.268931e+02
  3.2360e+02     9.301182e+02
  3.2380e+02     9.333428e+02
  3.2400e+02     9.365666e+02
  3.2420e+02     9.397894e+02
  3.2440e+02     9.430111e+02
  3.2460e+02     9.462312e+02
  3.2480e+02     9.494496e+02
  3.2500e+02     9.526661e+02
  3.2520e+02     9.558804e+02
  3.2540e+02     9.590923e+02
  3.2560e+02     9.623015e+02
  3.2580e+02     9.655078e+02
  3.2600e+02     9.687109e+02
  3.2620e+02     9.719106e+02
  3.2640e+02     9.751066e+02
  3.2660e+02     9.782986e+02
  3.2680e+02     9.814864e+02
  3.2700e+02     9.846698e+02
  3.2720e+02     9.878484e+02
  3.2740e+02     9.910220e+02
  3.2760e+02     9.941904e+02
  3.2780e+02     9.973532e+02
  3.2800e+02     1.000510e+03
  3.2820e+02     1.003661e+03
  3.2840e+02     1.006805e+03
  3.2860e+02     1.009943e+03
  3.2880e+02     1.013074e+03
  3.2900e+02     1.016198e+03
  3.2920e+02     1.019315e+03
  3.2940e+02     1.022423e+03
  3.2960e+02     1.025524e+03
  3.2980e+02     1.028616e+03
  3.3000e+02     1.031700e+03
  3.3020e+02     1.034775e+03
  3.3040e+02     1.037840e+03
  3.3060e+02     1.040896e+03
  3.3080e+02     1.043943e+03
  3.3100e+02     1.046979e+03
  3.3120e+02     1.050005e+03
  3.3140e+02     1.053020e+03
  3.3160e+02     1.056024e+03
  3.3180e+02     1.059017e+03
  3.3200e+02     1.061998e+03
  3.3220e+02     1.064968e+03
  3.3240e+02     1.067925e+03
  3.3260e+02     1.070870e+03
  3.3280e+02     1.073802e+03
  3.3300e+02     1.076721e+03
  3.3320e+02     1.079627e+03
  3.3340e+02     1.082519e+03
  3.3360e+02     1.085397e+03
  3.3380e+02     1.088261e+03
  3.3400e+02     1.091110e+03
  3.3420e+02     1.093944e+03
  3.3440e+02     1.096763e+03
  3.3460e+02     1.099566e+03
  3.3480e+02     1.102354e+03
  3.3500e+02     1.105125e+03
  3.3520e+02     1.107880e+03
  3.3540e+02     1.110618e+03
  3.3560e+02     1.113340e+03
  3.3580e+02     1.116043e+03
  3.3600e+02     1.118729e+03
  3.3620e+02     1.121397e+03
  3.3640e+02     1.124047e+03
  3.3660e+02     1.126678e+03
  3.3680e+02     1.129290e+03
  3.3700e+02     1.131883e+03
  3.3720e+02     1.134456e+03
  3.3740e+02     1.137010e+03
  3.3760e+02     1.139543e+03
  3.3780e+02     1.142056e+03
  3.3800e+02     1.144548e+03
  3.3820e+02     1.147019e+03
  3.3840e+02     1.149469e+03
  3.3860e+02     1.151897e+03
  3.3880e+02     1.154303e+03
  3.3900e+02     1.156687e+03
  3.3920e+02     1.159048e+03
  3.3940e+02     1.161386e+03
  3.3960e+02     1.163702e+03
  3.3980e+02     1.165993e+03
  3.4000e+02     1.168261e+03
  3.4020e+02     1.170505e+03
  3.4040e+02     1.172725e+03
  3.4060e+02     1.174920e+03
  3.4080e+02     1.177090e+03
  3.4100e+02     1.179235e+03
  3.4120e+02     1.181355e+03
  3.4140e+02     1.183449e+03
  3.4160e+02     1.185517e+03
  3.4180e+02     1.187558e+03
  3.4200e+02     1.189573e+03
  3.4220e+02     1.191562e+03
  3.4240e+02     1.193523e+03
  3.4260e+02     1.195457e+03
  3.4280e+02     1.197363e+03
  3.4300e+02     1.199241e+03
  3.4320e+02     1.201092e+03
  3.4340e+02     1.202914e+03
  3.4360e+02     1.204707e+03
  3.4380e+02     1.206471e+03
  3.4400e+02     1.208207e+03
  3.4420e+02     1.209913e+03
  3.4440e+02     1.211589e+03
  3.4460e+02     1.213236e+03
  3.4480e+02     1.214852e+03
  3.4500e+02     1.216438e+03
  3.4520e+02     1.217994e+03
  3.4540e+02     1.219519e+03
  3.4560e+02     1.221013e+03
  3.4580e+02     1.222476e+03
  3.4600e+02     1.223908e+03
  3.4620e+02     1.225308e+03
  3.4640e+02     1.226677e+03
  3.4660e+02     1.228013e+03
  3.4680e+02     1.229317e+03
  3.4700e+02     1.230589e+03
  3.4720e+02     1.231829e+03
  3.4740e+02     1.233035e+03
  3.4760e+02     1.234209e+03
  3.4780e+02     1.235350e+03
  3.4800e+02     1.236458e+03
  3.4820e+02     1.237532e+03
  3.4840e+02     1.238573e+03
  3.4860e+02     1.239580e+03
  3.4880e+02     1.240553e+03
  3.4900e+02     1.241493e+03
  3.4920e+02     1.242398e+03
  3.4940e+02     1.243269e+03
  3.4960e+02     1.244105e+03
  3.4980e+02     1.244907e+03
  3.5000e+02     1.245675e+03
  3.5020e+02     1.246408e+03
  3.5040e+02     1.247106e+03
  3.5060e+02     1.247769e+03
  3.5080e+02     1.248397e+03
  3.5100e+02     1.248990e+03
  3.5120e+02     1.249547e+03
  3.5140e+02     1.250070e+03
  3.5160e+02     1.250557e+03
  3.5180e+02     1.251008e+03
  3.5200e+02     1.251424e+03
  3.5220e+02     1.251805e+03
  3.5240e+02     1.252150e+03
  3.5260e+02     1.252459e+03
  3.5280e+02     1.252732e+03
  3.5300e+02     1.252970e+03
  3.5320e+02     1.253172e+03
  3.5340e+02     1.253338e+03
  3.5360e+02     1.253468e+03
  3.5380e+02     1.253562e+03
  3.5400e+02     1.253621e+03
  3.5420e+02     1.253643e+03
  3.5440e+02     1.253630e+03
  3.5460e+02     1.253580e+03
  3.5480e+02     1.253495e+03
  3.5500e+02     1.253374e+03
  3.5520e+02     1.253217e+03
  3.5540e+02     1.253025e+03
  3.5560e+02     1.252796e+03
  3.5580e+02     1.252532e+03
  3.5600e+02     1.252232e+03
  3.5620e+02     1.251896e+03
  3.5640e+02     1.251525e+03
  3.5660e+02     1.251118e+03
  3.5680e+02     1.250676e+03
  3.5700e+02     1.250198e+03
  3.5720e+02     1.249685e+03
  3.5740e+02     1.249137e+03
  3.5760e+02     1.248554e+03
  3.5780e+02     1.247935e+03
  3.5800e+02     1.247282e+03
  3.5820e+02     1.246593e+03
  3.5840e+02     1.245870e+03
  3.5860e+02     1.245112e+03
  3.5880e+02     1.244320e+03
  3.5900e+02     1.243493e+03
  3.5920e+02     1.242632e+03
  3.5940e+02     1.241736e+03
  3.5960e+02     1.240807e+03
  3.5980e+02     1.239844e+03
