# Epidemic | 7 days incidence [ x-unit: days | y-unit: per 100000 ]
  0.0000e+00     3.618006e+02
  2.0000e-01     3.596284e+02
  4.0000e-01     3.574782e+02
  6.0000e-01     3.553497e+02
  8.0000e-01     3.532428e+02
  1.0000e+00     3.511572e+02
  1.2000e+00     3.490927e+02
  1.4000e+00     3.470491e+02
  1.6000e+00     3.450263e+02
  1.8000e+00     3.430240e+02
  2.0000e+00     3.410421e+02
  2.2000e+00     3.390804e+02
  2.4000e+00     3.371386e+02
  2.6000e+00     3.352167e+02
  2.8000e+00     3.333143e+02
  3.0000e+00     3.314314e+02
  3.2000e+00     3.295678e+02
  3.4000e+00     3.277232e+02
  3.6000e+00     3.258975e+02
  3.8000e+00     3.240906e+02
  4.0000e+00     3.223022e+02
  4.2000e+00     3.205321e+02
  4.4000e+00     3.187803e+02
  4.6000e+00     3.170465e+02
  4.8000e+00     3.153306e+02
  5.0000e+00     3.136323e+02
  5.2000e+00     3.119516e+02
  5.4000e+00     3.102883e+02
  5.6000e+00     3.086422e+02
  5.8000e+00     3.070131e+02
  6.0000e+00     3.054009e+02
  6.2000e+00     3.038054e+02
  6.4000e+00     3.022266e+02
  6.6000e+00     3.006641e+02
  6.8000e+00     2.991179e+02
  7.0000e+00     2.975878e+02
  7.2000e+00     2.964566e+02
  7.4000e+00     2.953754e+02
  7.6000e+00     2.943012e+02
  7.8000e+00     2.932340e+02
  8.0000e+00     2.921738e+02
  8.2000e+00     2.911205e+02
  8.4000e+00     2.900741e+02
  8.6000e+00     2.890346e+02
  8.8000e+00     2.880019e+02
  9.0000e+00     2.869761e+02
  9.2000e+00     2.859572e+02
  9.4000e+00     2.849450e+02
  9.6000e+00     2.839395e+02
  9.8000e+00     2.829408e+02
  1.0000e+01     2.819489e+02
  1.0200e+01     2.809636e+02
  1.0400e+01     2.799850e+02
  1.0600e+01     2.790130e+02
  1.0800e+01     2.780476e+02
  1.1000e+01     2.770888e+02
  1.1200e+01     2.761366e+02
  1.1400e+01     2.751909e+02
  1.1600e+01     2.742518e+02
  1.1800e+01     2.733191e+02
  1.2000e+01     2.723928e+02
  1.2200e+01     2.714731e+02
  1.2400e+01     2.705597e+02
  1.2600e+01     2.696527e+02
  1.2800e+01     2.687520e+02
  1.3000e+01     2.678577e+02
  1.3200e+01     2.669697e+02
  1.3400e+01     2.660880e+02
  1.3600e+01     2.652125e+02
  1.3800e+01     2.643433e+02
  1.4000e+01     2.634802e+02
  1.4200e+01     2.626234e+02
  1.4400e+01     2.617727e+02
  1.4600e+01     2.609281e+02
  1.4800e+01     2.600896e+02
  1.5000e+01     2.592571e+02
  1.5200e+01     2.584307e+02
  1.5400e+01     2.576104e+02
  1.5600e+01     2.567960e+02
  1.5800e+01     2.559876e+02
  1.6000e+01     2.551851e+02
  1.6200e+01     2.543885e+02
  1.6400e+01     2.535979e+02
  1.6600e+01     2.528131e+02
  1.6800e+01     2.520341e+02
  1.7000e+01     2.512609e+02
  1.7200e+01     2.504935e+02
  1.7400e+01     2.497319e+02
  1.7600e+01     2.489760e+02
  1.7800e+01     2.482258e+02
  1.8000e+01     2.474813e+02
  1.8200e+01     2.467424e+02
  1.8400e+01     2.460091e+02
  1.8600e+01     2.452815e+02
  1.8800e+01     2.445594e+02
  1.9000e+01     2.438429e+02
  1.9200e+01     2.431318e+02
  1.9400e+01     2.424263e+02
  1.9600e+01     2.417263e+02
  1.9800e+01     2.410317e+02
  2.0000e+01     2.403425e+02
  2.0200e+01     2.396587e+02
  2.0400e+01     2.389802e+02
  2.0600e+01     2.383072e+02
  2.0800e+01     2.376394e+02
  2.1000e+01     2.369769e+02
  2.1200e+01     2.361418e+02
  2.1400e+01     2.352967e+02
  2.1600e+01     2.344614e+02
  2.1800e+01     2.336359e+02
  2.2000e+01     2.328201e+02
  2.2200e+01     2.320139e+02
  2.2400e+01     2.312172e+02
  2.2600e+01     2.304300e+02
  2.2800e+01     2.296521e+02
  2.3000e+01     2.288835e+02
  2.3200e+01     2.281241e+02
  2.3400e+01     2.273739e+02
  2.3600e+01     2.266328e+02
  2.3800e+01     2.259006e+02
  2.4000e+01     2.251774e+02
  2.4200e+01     2.244631e+02
  2.4400e+01     2.237575e+02
  2.4600e+01     2.230606e+02
  2.4800e+01     2.223724e+02
  2.5000e+01     2.216928e+02
  2.5200e+01     2.210217e+02
  2.5400e+01     2.203590e+02
  2.5600e+01     2.197047e+02
  2.5800e+01     2.190588e+02
  2.6000e+01     2.184211e+02
  2.6200e+01     2.177916e+02
  2.6400e+01     2.171702e+02
  2.6600e+01     2.165569e+02
  2.6800e+01     2.159516e+02
  2.7000e+01     2.153543e+02
  2.7200e+01     2.147649e+02
  2.7400e+01     2.141833e+02
  2.7600e+01     2.136095e+02
  2.7800e+01     2.130434e+02
  2.8000e+01     2.124850e+02
  2.8200e+01     2.119342e+02
  2.8400e+01     2.113910e+02
  2.8600e+01     2.108552e+02
  2.8800e+01     2.103269e+02
  2.9000e+01     2.098061e+02
  2.9200e+01     2.092926e+02
  2.9400e+01     2.087863e+02
  2.9600e+01     2.082874e+02
  2.9800e+01     2.077956e+02
  3.0000e+01     2.073110e+02
  3.0200e+01     2.068335e+02
  3.0400e+01     2.063631e+02
  3.0600e+01     2.058996e+02
  3.0800e+01     2.054432e+02
  3.1000e+01     2.049936e+02
  3.1200e+01     2.045510e+02
  3.1400e+01     2.041151e+02
  3.1600e+01     2.036861e+02
  3.1800e+01     2.032638e+02
  3.2000e+01     2.028482e+02
  3.2200e+01     2.024393e+02
  3.2400e+01     2.020370e+02
  3.2600e+01     2.016413e+02
  3.2800e+01     2.012522e+02
  3.3000e+01     2.008695e+02
  3.3200e+01     2.004933e+02
  3.3400e+01     2.001236e+02
  3.3600e+01     1.997602e+02
  3.3800e+01     1.994032e+02
  3.4000e+01     1.990525e+02
  3.4200e+01     1.987081e+02
  3.4400e+01     1.983699e+02
  3.4600e+01     1.980380e+02
  3.4800e+01     1.977122e+02
  3.5000e+01     1.973926e+02
  3.5200e+01     1.970791e+02
  3.5400e+01     1.967717e+02
  3.5600e+01     1.964703e+02
  3.5800e+01     1.961750e+02
  3.6000e+01     1.958856e+02
  3.6200e+01     1.956022e+02
  3.6400e+01     1.953248e+02
  3.6600e+01     1.950532e+02
  3.6800e+01     1.947875e+02
  3.7000e+01     1.945276e+02
  3.7200e+01     1.942736e+02
  3.7400e+01     1.940253e+02
  3.7600e+01     1.937828e+02
  3.7800e+01     1.935461e+02
  3.8000e+01     1.933150e+02
  3.8200e+01     1.930897e+02
  3.8400e+01     1.928700e+02
  3.8600e+01     1.926559e+02
  3.8800e+01     1.924475e+02
  3.9000e+01     1.922446e+02
  3.9200e+01     1.920473e+02
  3.9400e+01     1.918556e+02
  3.9600e+01     1.916693e+02
  3.9800e+01     1.914886e+02
  4.0000e+01     1.913133e+02
  4.0200e+01     1.911435e+02
  4.0400e+01     1.909792e+02
  4.0600e+01     1.908203e+02
  4.0800e+01     1.906667e+02
  4.1000e+01     1.905186e+02
  4.1200e+01     1.903758e+02
  4.1400e+01     1.902383e+02
  4.1600e+01     1.901062e+02
  4.1800e+01     1.899793e+02
  4.2000e+01     1.898578e+02
  4.2200e+01     1.897416e+02
  4.2400e+01     1.896306e+02
  4.2600e+01     1.895248e+02
  4.2800e+01     1.894243e+02
  4.3000e+01     1.893290e+02
  4.3200e+01     1.892389e+02
  4.3400e+01     1.891540e+02
  4.3600e+01     1.890742e+02
  4.3800e+01     1.889996e+02
  4.4000e+01     1.889302e+02
  4.4200e+01     1.888659e+02
  4.4400e+01     1.888067e+02
  4.4600e+01     1.887526e+02
  4.4800e+01     1.887037e+02
  4.5000e+01     1.886598e+02
  4.5200e+01     1.886210e+02
  4.5400e+01     1.885872e+02
  4.5600e+01     1.885586e+02
  4.5800e+01     1.885349e+02
  4.6000e+01     1.885163e+02
  4.6200e+01     1.885028e+02
  4.6400e+01     1.884942e+02
  4.6600e+01     1.884907e+02
  4.6800e+01     1.884922e+02
  4.7000e+01     1.884987e+02
  4.7200e+01     1.885102e+02
  4.7400e+01     1.885267e+02
  4.7600e+01     1.885481e+02
  4.7800e+01     1.885745e+02
  4.8000e+01     1.886060e+02
  4.8200e+01     1.886423e+02
  4.8400e+01     1.886836e+02
  4.8600e+01     1.887299e+02
  4.8800e+01     1.887812e+02
  4.9000e+01     1.888374e+02
  4.9200e+01     1.888985e+02
  4.9400e+01     1.889646e+02
  4.9600e+01     1.890356e+02
  4.9800e+01     1.891116e+02
  5.0000e+01     1.891925e+02
  5.0200e+01     1.892783e+02
  5.0400e+01     1.893691e+02
  5.0600e+01     1.894648e+02
  5.0800e+01     1.895654e+02
  5.1000e+01     1.896710e+02
  5.1200e+01     1.897815e+02
  5.1400e+01     1.898969e+02
  5.1600e+01     1.900173e+02
  5.1800e+01     1.901426e+02
  5.2000e+01     1.902728e+02
  5.2200e+01     1.904080e+02
  5.2400e+01     1.905481e+02
  5.2600e+01     1.906932e+02
  5.2800e+01     1.908432e+02
  5.3000e+01     1.909981e+02
  5.3200e+01     1.911580e+02
  5.3400e+01     1.913229e+02
  5.3600e+01     1.914927e+02
  5.3800e+01     1.916675e+02
  5.4000e+01     1.918473e+02
  5.4200e+01     1.920320e+02
  5.4400e+01     1.922217e+02
  5.4600e+01     1.924164e+02
  5.4800e+01     1.926161e+02
  5.5000e+01     1.928208e+02
  5.5200e+01     1.930305e+02
  5.5400e+01     1.932452e+02
  5.5600e+01     1.934649e+02
  5.5800e+01     1.936897e+02
  5.6000e+01     1.939195e+02
  5.6200e+01     1.941543e+02
  5.6400e+01     1.943942e+02
  5.6600e+01     1.946391e+02
  5.6800e+01     1.948891e+02
  5.7000e+01     1.951442e+02
  5.7200e+01     1.954044e+02
  5.7400e+01     1.956697e+02
  5.7600e+01     1.959401e+02
  5.7800e+01     1.962156e+02
  5.8000e+01     1.964962e+02
  5.8200e+01     1.967820e+02
  5.8400e+01     1.970729e+02
  5.8600e+01     1.973690e+02
  5.8800e+01     1.976703e+02
  5.9000e+01     1.979768e+02
  5.9200e+01     1.982884e+02
  5.9400e+01     1.986053e+02
  5.9600e+01     1.989274e+02
  5.9800e+01     1.992548e+02
  6.0000e+01     1.995874e+02
  6.0200e+01     1.999253e+02
  6.0400e+01     2.002685e+02
  6.0600e+01     2.006170e+02
  6.0800e+01     2.009708e+02
  6.1000e+01     2.013300e+02
  6.1200e+01     2.016945e+02
  6.1400e+01     2.020643e+02
  6.1600e+01     2.024396e+02
  6.1800e+01     2.028202e+02
  6.2000e+01     2.032063e+02
  6.2200e+01     2.035978e+02
  6.2400e+01     2.039948e+02
  6.2600e+01     2.043972e+02
  6.2800e+01     2.048051e+02
  6.3000e+01     2.052186e+02
  6.3200e+01     2.056375e+02
  6.3400e+01     2.060620e+02
  6.3600e+01     2.064921e+02
  6.3800e+01     2.069278e+02
  6.4000e+01     2.073691e+02
  6.4200e+01     2.078160e+02
  6.4400e+01     2.082685e+02
  6.4600e+01     2.087268e+02
  6.4800e+01     2.091907e+02
  6.5000e+01     2.096603e+02
  6.5200e+01     2.101357e+02
  6.5400e+01     2.106169e+02
  6.5600e+01     2.111038e+02
  6.5800e+01     2.115965e+02
  6.6000e+01     2.120951e+02
  6.6200e+01     2.125995e+02
  6.6400e+01     2.131098e+02
  6.6600e+01     2.136260e+02
  6.6800e+01     2.141482e+02
  6.7000e+01     2.146763e+02
  6.7200e+01     2.152103e+02
  6.7400e+01     2.157504e+02
  6.7600e+01     2.162965e+02
  6.7800e+01     2.168487e+02
  6.8000e+01     2.174070e+02
  6.8200e+01     2.179713e+02
  6.8400e+01     2.185419e+02
  6.8600e+01     2.191185e+02
  6.8800e+01     2.197014e+02
  6.9000e+01     2.202905e+02
  6.9200e+01     2.208859e+02
  6.9400e+01     2.214876e+02
  6.9600e+01     2.220955e+02
  6.9800e+01     2.227098e+02
  7.0000e+01     2.233305e+02
  7.0200e+01     2.239576e+02
  7.0400e+01     2.245911e+02
  7.0600e+01     2.252311e+02
  7.0800e+01     2.258776e+02
  7.1000e+01     2.265306e+02
  7.1200e+01     2.271901e+02
  7.1400e+01     2.278563e+02
  7.1600e+01     2.285291e+02
  7.1800e+01     2.292085e+02
  7.2000e+01     2.298947e+02
  7.2200e+01     2.305875e+02
  7.2400e+01     2.312872e+02
  7.2600e+01     2.319936e+02
  7.2800e+01     2.327069e+02
  7.3000e+01     2.334270e+02
  7.3200e+01     2.341540e+02
  7.3400e+01     2.348880e+02
  7.3600e+01     2.356289e+02
  7.3800e+01     2.363769e+02
  7.4000e+01     2.371319e+02
  7.4200e+01     2.378939e+02
  7.4400e+01     2.386631e+02
  7.4600e+01     2.394395e+02
  7.4800e+01     2.402230e+02
  7.5000e+01     2.410138e+02
  7.5200e+01     2.418119e+02
  7.5400e+01     2.426173e+02
  7.5600e+01     2.434300e+02
  7.5800e+01     2.442501e+02
  7.6000e+01     2.450777e+02
  7.6200e+01     2.459127e+02
  7.6400e+01     2.467553e+02
  7.6600e+01     2.476054e+02
  7.6800e+01     2.484631e+02
  7.7000e+01     2.493284e+02
  7.7200e+01     2.502015e+02
  7.7400e+01     2.510822e+02
  7.7600e+01     2.519707e+02
  7.7800e+01     2.528671e+02
  7.8000e+01     2.537712e+02
  7.8200e+01     2.546833e+02
  7.8400e+01     2.556033e+02
  7.8600e+01     2.565313e+02
  7.8800e+01     2.574674e+02
  7.9000e+01     2.584115e+02
  7.9200e+01     2.593637e+02
  7.9400e+01     2.603242e+02
  7.9600e+01     2.612928e+02
  7.9800e+01     2.622697e+02
  8.0000e+01     2.632549e+02
  8.0200e+01     2.642484e+02
  8.0400e+01     2.652504e+02
  8.0600e+01     2.662608e+02
  8.0800e+01     2.672797e+02
  8.1000e+01     2.683071e+02
  8.1200e+01     2.693432e+02
  8.1400e+01     2.703879e+02
  8.1600e+01     2.714413e+02
  8.1800e+01     2.725034e+02
  8.2000e+01     2.735744e+02
  8.2200e+01     2.746542e+02
  8.2400e+01     2.757429e+02
  8.2600e+01     2.768405e+02
  8.2800e+01     2.779471e+02
  8.3000e+01     2.790628e+02
  8.3200e+01     2.801876e+02
  8.3400e+01     2.813216e+02
  8.3600e+01     2.824647e+02
  8.3800e+01     2.836172e+02
  8.4000e+01     2.847789e+02
  8.4200e+01     2.859500e+02
  8.4400e+01     2.871306e+02
  8.4600e+01     2.883206e+02
  8.4800e+01     2.895202e+02
  8.5000e+01     2.907293e+02
  8.5200e+01     2.919481e+02
  8.5400e+01     2.931766e+02
  8.5600e+01     2.944149e+02
  8.5800e+01     2.956629e+02
  8.6000e+01     2.969208e+02
  8.6200e+01     2.981887e+02
  8.6400e+01     2.994665e+02
  8.6600e+01     3.007544e+02
  8.6800e+01     3.020524e+02
  8.7000e+01     3.033606e+02
  8.7200e+01     3.046789e+02
  8.7400e+01     3.060075e+02
  8.7600e+01     3.073465e+02
  8.7800e+01     3.086958e+02
  8.8000e+01     3.100556e+02
  8.8200e+01     3.114260e+02
  8.8400e+01     3.128068e+02
  8.8600e+01     3.141983e+02
  8.8800e+01     3.156005e+02
  8.9000e+01     3.170135e+02
  8.9200e+01     3.184373e+02
  8.9400e+01     3.198719e+02
  8.9600e+01     3.213175e+02
  8.9800e+01     3.227740e+02
  9.0000e+01     3.242417e+02
  9.0200e+01     3.257204e+02
  9.0400e+01     3.272104e+02
  9.0600e+01     3.287115e+02
  9.0800e+01     3.302240e+02
  9.1000e+01     3.317479e+02
  9.1200e+01     3.332832e+02
  9.1400e+01     3.348299e+02
  9.1600e+01     3.363883e+02
  9.1800e+01     3.379583e+02
  9.2000e+01     3.395399e+02
  9.2200e+01     3.411333e+02
  9.2400e+01     3.427386e+02
  9.2600e+01     3.443557e+02
  9.2800e+01     3.459847e+02
  9.3000e+01     3.476258e+02
  9.3200e+01     3.492789e+02
  9.3400e+01     3.509442e+02
  9.3600e+01     3.526217e+02
  9.3800e+01     3.543114e+02
  9.4000e+01     3.560135e+02
  9.4200e+01     3.577280e+02
  9.4400e+01     3.594550e+02
  9.4600e+01     3.611945e+02
  9.4800e+01     3.629465e+02
  9.5000e+01     3.647113e+02
  9.5200e+01     3.664888e+02
  9.5400e+01     3.682790e+02
  9.5600e+01     3.700822e+02
  9.5800e+01     3.718982e+02
  9.6000e+01     3.737273e+02
  9.6200e+01     3.755694e+02
  9.6400e+01     3.774246e+02
  9.6600e+01     3.792930e+02
  9.6800e+01     3.811747e+02
  9.7000e+01     3.830697e+02
  9.7200e+01     3.849781e+02
  9.7400e+01     3.869000e+02
  9.7600e+01     3.888353e+02
  9.7800e+01     3.907843e+02
  9.8000e+01     3.927469e+02
  9.8200e+01     3.947232e+02
  9.8400e+01     3.967133e+02
  9.8600e+01     3.987173e+02
  9.8800e+01     4.007352e+02
  9.9000e+01     4.027670e+02
  9.9200e+01     4.048129e+02
  9.9400e+01     4.068729e+02
  9.9600e+01     4.089471e+02
  9.9800e+01     4.110355e+02
  1.0000e+02     4.131382e+02
  1.0020e+02     4.152553e+02
  1.0040e+02     4.173868e+02
  1.0060e+02     4.195328e+02
  1.0080e+02     4.216934e+02
  1.0100e+02     4.238686e+02
  1.0120e+02     4.260585e+02
  1.0140e+02     4.282631e+02
  1.0160e+02     4.304825e+02
  1.0180e+02     4.327168e+02
  1.0200e+02     4.349661e+02
  1.0220e+02     4.372303e+02
  1.0240e+02     4.395096e+02
  1.0260e+02     4.418040e+02
  1.0280e+02     4.441136e+02
  1.0300e+02     4.464384e+02
  1.0320e+02     4.487785e+02
  1.0340e+02     4.511339e+02
  1.0360e+02     4.535048e+02
  1.0380e+02     4.558911e+02
  1.0400e+02     4.582929e+02
  1.0420e+02     4.607104e+02
  1.0440e+02     4.631434e+02
  1.0460e+02     4.655922e+02
  1.0480e+02     4.680567e+02
  1.0500e+02     4.705370e+02
  1.0520e+02     4.730332e+02
  1.0540e+02     4.755453e+02
  1.0560e+02     4.780733e+02
  1.0580e+02     4.806173e+02
  1.0600e+02     4.831775e+02
  1.0620e+02     4.857537e+02
  1.0640e+02     4.883461e+02
  1.0660e+02     4.909546e+02
  1.0680e+02     4.935795e+02
  1.0700e+02     4.962206e+02
  1.0720e+02     4.988781e+02
  1.0740e+02     5.015520e+02
  1.0760e+02     5.042423e+02
  1.0780e+02     5.069492e+02
  1.0800e+02     5.096725e+02
  1.0820e+02     5.124124e+02
  1.0840e+02     5.151689e+02
  1.0860e+02     5.179420e+02
  1.0880e+02     5.207318e+02
  1.0900e+02     5.235384e+02
  1.0920e+02     5.263617e+02
  1.0940e+02     5.292017e+02
  1.0960e+02     5.320586e+02
  1.0980e+02     5.349324e+02
  1.1000e+02     5.378230e+02
  1.1020e+02     5.407305e+02
  1.1040e+02     5.436550e+02
  1.1060e+02     5.465964e+02
  1.1080e+02     5.495549e+02
  1.1100e+02     5.525303e+02
  1.1120e+02     5.555228e+02
  1.1140e+02     5.585323e+02
  1.1160e+02     5.615589e+02
  1.1180e+02     5.646026e+02
  1.1200e+02     5.676635e+02
  1.1220e+02     5.707414e+02
  1.1240e+02     5.738365e+02
  1.1260e+02     5.769487e+02
  1.1280e+02     5.800781e+02
  1.1300e+02     5.832247e+02
  1.1320e+02     5.863884e+02
  1.1340e+02     5.895693e+02
  1.1360e+02     5.927674e+02
  1.1380e+02     5.959827e+02
  1.1400e+02     5.992152e+02
  1.1420e+02     6.024648e+02
  1.1440e+02     6.057316e+02
  1.1460e+02     6.090155e+02
  1.1480e+02     6.123167e+02
  1.1500e+02     6.156349e+02
  1.1520e+02     6.189703e+02
  1.1540e+02     6.223228e+02
  1.1560e+02     6.256924e+02
  1.1580e+02     6.290791e+02
  1.1600e+02     6.324828e+02
  1.1620e+02     6.359036e+02
  1.1640e+02     6.393413e+02
  1.1660e+02     6.427961e+02
  1.1680e+02     6.462677e+02
  1.1700e+02     6.497563e+02
  1.1720e+02     6.532617e+02
  1.1740e+02     6.567840e+02
  1.1760e+02     6.603230e+02
  1.1780e+02     6.638788e+02
  1.1800e+02     6.674513e+02
  1.1820e+02     6.710404e+02
  1.1840e+02     6.746461e+02
  1.1860e+02     6.782684e+02
  1.1880e+02     6.819071e+02
  1.1900e+02     6.855622e+02
  1.1920e+02     6.892337e+02
  1.1940e+02     6.929214e+02
  1.1960e+02     6.966254e+02
  1.1980e+02     7.003455e+02
  1.2000e+02     7.040817e+02
  1.2020e+02     7.078338e+02
  1.2040e+02     7.116018e+02
  1.2060e+02     7.153857e+02
  1.2080e+02     7.191852e+02
  1.2100e+02     7.230004e+02
  1.2120e+02     7.268311e+02
  1.2140e+02     7.306773e+02
  1.2160e+02     7.345387e+02
  1.2180e+02     7.384154e+02
  1.2200e+02     7.423072e+02
  1.2220e+02     7.462140e+02
  1.2240e+02     7.501357e+02
  1.2260e+02     7.540722e+02
  1.2280e+02     7.580232e+02
  1.2300e+02     7.619888e+02
  1.2320e+02     7.659688e+02
  1.2340e+02     7.699630e+02
  1.2360e+02     7.739713e+02
  1.2380e+02     7.779935e+02
  1.2400e+02     7.820296e+02
  1.2420e+02     7.860793e+02
  1.2440e+02     7.901425e+02
  1.2460e+02     7.942191e+02
  1.2480e+02     7.983088e+02
  1.2500e+02     8.024116e+02
  1.2520e+02     8.065272e+02
  1.2540e+02     8.106555e+02
  1.2560e+02     8.147962e+02
  1.2580e+02     8.189493e+02
  1.2600e+02     8.231145e+02
  1.2620e+02     8.272915e+02
  1.2640e+02     8.314804e+02
  1.2660e+02     8.356807e+02
  1.2680e+02     8.398924e+02
  1.2700e+02     8.441151e+02
  1.2720e+02     8.483488e+02
  1.2740e+02     8.525931e+02
  1.2760e+02     8.568479e+02
  1.2780e+02     8.611129e+02
  1.2800e+02     8.653879e+02
  1.2820e+02     8.696726e+02
  1.2840e+02     8.739669e+02
  1.2860e+02     8.782704e+02
  1.2880e+02     8.825829e+02
  1.2900e+02     8.869042e+02
  1.2920e+02     8.912340e+02
  1.2940e+02     8.955721e+02
  1.2960e+02     8.999181e+02
  1.2980e+02     9.042717e+02
  1.3000e+02     9.086328e+02
  1.3020e+02     9.130010e+02
  1.3040e+02     9.173761e+02
  1.3060e+02     9.217577e+02
  1.3080e+02     9.261456e+02
  1.3100e+02     9.305393e+02
  1.3120e+02     9.349388e+02
  1.3140e+02     9.393435e+02
  1.3160e+02     9.437533e+02
  1.3180e+02     9.481677e+02
  1.3200e+02     9.525865e+02
  1.3220e+02     9.570093e+02
  1.3240e+02     9.614358e+02
  1.3260e+02     9.658657e+02
  1.3280e+02     9.702985e+02
  1.3300e+02     9.747340e+02
  1.3320e+02     9.791718e+02
  1.3340e+02     9.836115e+02
  1.3360e+02     9.880528e+02
  1.3380e+02     9.924953e+02
  1.3400e+02     9.969386e+02
  1.3420e+02     1.001382e+03
  1.3440e+02     1.005826e+03
  1.3460e+02     1.010269e+03
  1.3480e+02     1.014712e+03
  1.3500e+02     1.019153e+03
  1.3520e+02     1.023594e+03
  1.3540e+02     1.028032e+03
  1.3560e+02     1.032468e+03
  1.3580e+02     1.036901e+03
  1.3600e+02     1.041330e+03
  1.3620e+02     1.045757e+03
  1.3640e+02     1.050179e+03
  1.3660e+02     1.054597e+03
  1.3680e+02     1.059009e+03
  1.3700e+02     1.063417e+03
  1.3720e+02     1.067818e+03
  1.3740e+02     1.072214e+03
  1.3760e+02     1.076602e+03
  1.3780e+02     1.080984e+03
  1.3800e+02     1.085358e+03
  1.3820e+02     1.089724e+03
  1.3840e+02     1.094081e+03
  1.3860e+02     1.098429e+03
  1.3880e+02     1.102768e+03
  1.3900e+02     1.107096e+03
  1.3920e+02     1.111414e+03
  1.3940e+02     1.115721e+03
  1.3960e+02     1.120017e+03
  1.3980e+02     1.124301e+03
  1.4000e+02     1.128572e+03
  1.4020e+02     1.132830e+03
  1.4040e+02     1.137075e+03
  1.4060e+02     1.141306e+03
  1.4080e+02     1.145522e+03
  1.4100e+02     1.149723e+03
  1.4120e+02     1.153909e+03
  1.4140e+02     1.158079e+03
  1.4160e+02     1.162232e+03
  1.4180e+02     1.166368e+03
  1.4200e+02     1.170486e+03
  1.4220e+02     1.174586e+03
  1.4240e+02     1.178668e+03
  1.4260e+02     1.182730e+03
  1.4280e+02     1.186772e+03
  1.4300e+02     1.190795e+03
  1.4320e+02     1.194796e+03
  1.4340e+02     1.198776e+03
  1.4360e+02     1.202734e+03
  1.4380e+02     1.206670e+03
  1.4400e+02     1.210583e+03
  1.4420e+02     1.214472e+03
  1.4440e+02     1.218337e+03
  1.4460e+02     1.222177e+03
  1.4480e+02     1.225992e+03
  1.4500e+02     1.229782e+03
  1.4520e+02     1.233545e+03
  1.4540e+02     1.237281e+03
  1.4560e+02     1.240990e+03
  1.4580e+02     1.244672e+03
  1.4600e+02     1.248324e+03
  1.4620e+02     1.251948e+03
  1.4640e+02     1.255542e+03
  1.4660e+02     1.259106e+03
  1.4680e+02     1.262639e+03
  1.4700e+02     1.266141e+03
  1.4720e+02     1.269612e+03
  1.4740e+02     1.273050e+03
  1.4760e+02     1.276455e+03
  1.4780e+02     1.279827e+03
  1.4800e+02     1.283165e+03
  1.4820e+02     1.286469e+03
  1.4840e+02     1.289737e+03
  1.4860e+02     1.292971e+03
  1.4880e+02     1.296168e+03
  1.4900e+02     1.299329e+03
  1.4920e+02     1.302452e+03
  1.4940e+02     1.305539e+03
  1.4960e+02     1.308587e+03
  1.4980e+02     1.311596e+03
  1.5000e+02     1.314566e+03
  1.5020e+02     1.317497e+03
  1.5040e+02     1.320388e+03
  1.5060e+02     1.323238e+03
  1.5080e+02     1.326047e+03
  1.5100e+02     1.328815e+03
  1.5120e+02     1.331540e+03
  1.5140e+02     1.334223e+03
  1.5160e+02     1.336863e+03
  1.5180e+02     1.339459e+03
  1.5200e+02     1.342012e+03
  1.5220e+02     1.344520e+03
  1.5240e+02     1.346984e+03
  1.5260e+02     1.349402e+03
  1.5280e+02     1.351774e+03
  1.5300e+02     1.354101e+03
  1.5320e+02     1.356380e+03
  1.5340e+02     1.358613e+03
  1.5360e+02     1.360799e+03
  1.5380e+02     1.362936e+03
  1.5400e+02     1.365026e+03
  1.5420e+02     1.367067e+03
  1.5440e+02     1.369059e+03
  1.5460e+02     1.371001e+03
  1.5480e+02     1.372894e+03
  1.5500e+02     1.374737e+03
  1.5520e+02     1.376529e+03
  1.5540e+02     1.378271e+03
  1.5560e+02     1.379962e+03
  1.5580e+02     1.381601e+03
  1.5600e+02     1.383189e+03
  1.5620e+02     1.384724e+03
  1.5640e+02     1.386207e+03
  1.5660e+02     1.387638e+03
  1.5680e+02     1.389015e+03
  1.5700e+02     1.390339e+03
  1.5720e+02     1.391610e+03
  1.5740e+02     1.392828e+03
  1.5760e+02     1.393991e+03
  1.5780e+02     1.395100e+03
  1.5800e+02     1.396155e+03
  1.5820e+02     1.397155e+03
  1.5840e+02     1.398100e+03
  1.5860e+02     1.398990e+03
  1.5880e+02     1.399825e+03
  1.5900e+02     1.400605e+03
  1.5920e+02     1.401329e+03
  1.5940e+02     1.401997e+03
  1.5960e+02     1.402610e+03
  1.5980e+02     1.403166e+03
  1.6000e+02     1.403667e+03
  1.6020e+02     1.404111e+03
  1.6040e+02     1.404499e+03
  1.6060e+02     1.404830e+03
  1.6080e+02     1.405105e+03
  1.6100e+02     1.405324e+03
  1.6120e+02     1.405486e+03
  1.6140e+02     1.405591e+03
  1.6160e+02     1.405639e+03
  1.6180e+02     1.405631e+03
  1.6200e+02     1.405566e+03
  1.6220e+02     1.405445e+03
  1.6240e+02     1.405266e+03
  1.6260e+02     1.405031e+03
  1.6280e+02     1.404740e+03
  1.6300e+02     1.404391e+03
  1.6320e+02     1.403987e+03
  1.6340e+02     1.403525e+03
  1.6360e+02     1.403008e+03
  1.6380e+02     1.402434e+03
  1.6400e+02     1.401803e+03
  1.6420e+02     1.401117e+03
  1.6440e+02     1.400375e+03
  1.6460e+02     1.399576e+03
  1.6480e+02     1.398722e+03
  1.6500e+02     1.397813e+03
  1.6520e+02     1.396848e+03
  1.6540e+02     1.395828e+03
  1.6560e+02     1.394753e+03
  1.6580e+02     1.393623e+03
  1.6600e+02     1.392438e+03
  1.6620e+02     1.391199e+03
  1.6640e+02     1.389906e+03
  1.6660e+02     1.388559e+03
  1.6680e+02     1.387158e+03
  1.6700e+02     1.385704e+03
  1.6720e+02     1.384197e+03
  1.6740e+02     1.382636e+03
  1.6760e+02     1.381024e+03
  1.6780e+02     1.379359e+03
  1.6800e+02     1.377641e+03
  1.6820e+02     1.375873e+03
  1.6840e+02     1.374053e+03
  1.6860e+02     1.372182e+03
  1.6880e+02     1.370260e+03
  1.6900e+02     1.368288e+03
  1.6920e+02     1.366266e+03
  1.6940e+02     1.364195e+03
  1.6960e+02     1.362074e+03
  1.6980e+02     1.359905e+03
  1.7000e+02     1.357687e+03
  1.7020e+02     1.355422e+03
  1.7040e+02     1.353109e+03
  1.7060e+02     1.350748e+03
  1.7080e+02     1.348341e+03
  1.7100e+02     1.345888e+03
  1.7120e+02     1.343389e+03
  1.7140e+02     1.340845e+03
  1.7160e+02     1.338256e+03
  1.7180e+02     1.335622e+03
  1.7200e+02     1.332944e+03
  1.7220e+02     1.330223e+03
  1.7240e+02     1.327459e+03
  1.7260e+02     1.324653e+03
  1.7280e+02     1.321804e+03
  1.7300e+02     1.318914e+03
  1.7320e+02     1.315983e+03
  1.7340e+02     1.313012e+03
  1.7360e+02     1.310001e+03
  1.7380e+02     1.306950e+03
  1.7400e+02     1.303860e+03
  1.7420e+02     1.300732e+03
  1.7440e+02     1.297566e+03
  1.7460e+02     1.294363e+03
  1.7480e+02     1.291124e+03
  1.7500e+02     1.287848e+03
  1.7520e+02     1.284536e+03
  1.7540e+02     1.281190e+03
  1.7560e+02     1.277809e+03
  1.7580e+02     1.274394e+03
  1.7600e+02     1.270945e+03
  1.7620e+02     1.267464e+03
  1.7640e+02     1.263951e+03
  1.7660e+02     1.260406e+03
  1.7680e+02     1.256830e+03
  1.7700e+02     1.253224e+03
  1.7720e+02     1.249588e+03
  1.7740e+02     1.245922e+03
  1.7760e+02     1.242228e+03
  1.7780e+02     1.238505e+03
  1.7800e+02     1.234755e+03
  1.7820e+02     1.230978e+03
  1.7840e+02     1.227175e+03
  1.7860e+02     1.223346e+03
  1.7880e+02     1.219492e+03
  1.7900e+02     1.215613e+03
  1.7920e+02     1.211710e+03
  1.7940e+02     1.207784e+03
  1.7960e+02     1.203835e+03
  1.7980e+02     1.199863e+03
  1.8000e+02     1.195870e+03
  1.8020e+02     1.191856e+03
  1.8040e+02     1.187821e+03
  1.8060e+02     1.183767e+03
  1.8080e+02     1.179693e+03
  1.8100e+02     1.175601e+03
  1.8120e+02     1.171490e+03
  1.8140e+02     1.167362e+03
  1.8160e+02     1.163216e+03
  1.8180e+02     1.159054e+03
  1.8200e+02     1.154877e+03
  1.8220e+02     1.150684e+03
  1.8240e+02     1.146476e+03
  1.8260e+02     1.142255e+03
  1.8280e+02     1.138019e+03
  1.8300e+02     1.133771e+03
  1.8320e+02     1.129510e+03
  1.8340e+02     1.125237e+03
  1.8360e+02     1.120953e+03
  1.8380e+02     1.116657e+03
  1.8400e+02     1.112352e+03
  1.8420e+02     1.108037e+03
  1.8440e+02     1.103712e+03
  1.8460e+02     1.099379e+03
  1.8480e+02     1.095038e+03
  1.8500e+02     1.090689e+03
  1.8520e+02     1.086333e+03
  1.8540e+02     1.081970e+03
  1.8560e+02     1.077601e+03
  1.8580e+02     1.073227e+03
  1.8600e+02     1.068847e+03
  1.8620e+02     1.064463e+03
  1.8640e+02     1.060074e+03
  1.8660e+02     1.055682e+03
  1.8680e+02     1.051287e+03
  1.8700e+02     1.046889e+03
  1.8720e+02     1.042489e+03
  1.8740e+02     1.038087e+03
  1.8760e+02     1.033684e+03
  1.8780e+02     1.029280e+03
  1.8800e+02     1.024875e+03
  1.8820e+02     1.020471e+03
  1.8840e+02     1.016067e+03
  1.8860e+02     1.011664e+03
  1.8880e+02     1.007263e+03
  1.8900e+02     1.002863e+03
  1.8920e+02     9.984655e+02
  1.8940e+02     9.940705e+02
  1.8960e+02     9.896785e+02
  1.8980e+02     9.852899e+02
  1.9000e+02     9.809051e+02
  1.9020e+02     9.765245e+02
  1.9040e+02     9.721486e+02
  1.9060e+02     9.677776e+02
  1.9080e+02     9.634119e+02
  1.9100e+02     9.590519e+02
  1.9120e+02     9.546980e+02
  1.9140e+02     9.503505e+02
  1.9160e+02     9.460098e+02
  1.9180e+02     9.416762e+02
  1.9200e+02     9.373501e+02
  1.9220e+02     9.330317e+02
  1.9240e+02     9.287215e+02
  1.9260e+02     9.244197e+02
  1.9280e+02     9.201267e+02
  1.9300e+02     9.158427e+02
  1.9320e+02     9.115681e+02
  1.9340e+02     9.073032e+02
  1.9360e+02     9.030482e+02
  1.9380e+02     8.988035e+02
  1.9400e+02     8.945693e+02
  1.9420e+02     8.903459e+02
  1.9440e+02     8.861336e+02
  1.9460e+02     8.819327e+02
  1.9480e+02     8.777433e+02
  1.9500e+02     8.735658e+02
  1.9520e+02     8.694004e+02
  1.9540e+02     8.652474e+02
  1.9560e+02     8.611070e+02
  1.9580e+02     8.569794e+02
  1.9600e+02     8.528648e+02
  1.9620e+02     8.487635e+02
  1.9640e+02     8.446757e+02
  1.9660e+02     8.406016e+02
  1.9680e+02     8.365413e+02
  1.9700e+02     8.324952e+02
  1.9720e+02     8.284634e+02
  1.9740e+02     8.244461e+02
  1.9760e+02     8.204435e+02
  1.9780e+02     8.164558e+02
  1.9800e+02     8.124830e+02
  1.9820e+02     8.085255e+02
  1.9840e+02     8.045834e+02
  1.9860e+02     8.006568e+02
  1.9880e+02     7.967459e+02
  1.9900e+02     7.928508e+02
  1.9920e+02     7.889717e+02
  1.9940e+02     7.851088e+02
  1.9960e+02     7.812621e+02
  1.9980e+02     7.774319e+02
  2.0000e+02     7.736182e+02
  2.0020e+02     7.698211e+02
  2.0040e+02     7.660408e+02
  2.0060e+02     7.622774e+02
  2.0080e+02     7.585311e+02
  2.0100e+02     7.548018e+02
  2.0120e+02     7.510898e+02
  2.0140e+02     7.473951e+02
  2.0160e+02     7.437178e+02
  2.0180e+02     7.400581e+02
  2.0200e+02     7.364159e+02
  2.0220e+02     7.327914e+02
  2.0240e+02     7.291846e+02
  2.0260e+02     7.255957e+02
  2.0280e+02     7.220248e+02
  2.0300e+02     7.184718e+02
  2.0320e+02     7.149368e+02
  2.0340e+02     7.114199e+02
  2.0360e+02     7.079212e+02
  2.0380e+02     7.044408e+02
  2.0400e+02     7.009786e+02
  2.0420e+02     6.975347e+02
  2.0440e+02     6.941092e+02
  2.0460e+02     6.907021e+02
  2.0480e+02     6.873134e+02
  2.0500e+02     6.839432e+02
  2.0520e+02     6.805915e+02
  2.0540e+02     6.772584e+02
  2.0560e+02     6.739438e+02
  2.0580e+02     6.706479e+02
  2.0600e+02     6.673705e+02
  2.0620e+02     6.641118e+02
  2.0640e+02     6.608717e+02
  2.0660e+02     6.576503e+02
  2.0680e+02     6.544475e+02
  2.0700e+02     6.512634e+02
  2.0720e+02     6.480980e+02
  2.0740e+02     6.449513e+02
  2.0760e+02     6.418233e+02
  2.0780e+02     6.387140e+02
  2.0800e+02     6.356233e+02
  2.0820e+02     6.325513e+02
  2.0840e+02     6.294980e+02
  2.0860e+02     6.264633e+02
  2.0880e+02     6.234472e+02
  2.0900e+02     6.204498e+02
  2.0920e+02     6.174709e+02
  2.0940e+02     6.145107e+02
  2.0960e+02     6.115690e+02
  2.0980e+02     6.086459e+02
  2.1000e+02     6.057412e+02
  2.1020e+02     6.028551e+02
  2.1040e+02     5.999874e+02
  2.1060e+02     5.971381e+02
  2.1080e+02     5.943072e+02
  2.1100e+02     5.914947e+02
  2.1120e+02     5.887005e+02
  2.1140e+02     5.859246e+02
  2.1160e+02     5.831669e+02
  2.1180e+02     5.804275e+02
  2.1200e+02     5.777062e+02
  2.1220e+02     5.750030e+02
  2.1240e+02     5.723179e+02
  2.1260e+02     5.696509e+02
  2.1280e+02     5.670018e+02
  2.1300e+02     5.643707e+02
  2.1320e+02     5.617574e+02
  2.1340e+02     5.591620e+02
  2.1360e+02     5.565844e+02
  2.1380e+02     5.540245e+02
  2.1400e+02     5.514823e+02
  2.1420e+02     5.489577e+02
  2.1440e+02     5.464506e+02
  2.1460e+02     5.439611e+02
  2.1480e+02     5.414891e+02
  2.1500e+02     5.390344e+02
  2.1520e+02     5.365970e+02
  2.1540e+02     5.341770e+02
  2.1560e+02     5.317741e+02
  2.1580e+02     5.293884e+02
  2.1600e+02     5.270198e+02
  2.1620e+02     5.246682e+02
  2.1640e+02     5.223336e+02
  2.1660e+02     5.200158e+02
  2.1680e+02     5.177149e+02
  2.1700e+02     5.154308e+02
  2.1720e+02     5.131633e+02
  2.1740e+02     5.109125e+02
  2.1760e+02     5.086782e+02
  2.1780e+02     5.064604e+02
  2.1800e+02     5.042590e+02
  2.1820e+02     5.020740e+02
  2.1840e+02     4.999053e+02
  2.1860e+02     4.977528e+02
  2.1880e+02     4.956164e+02
  2.1900e+02     4.934961e+02
  2.1920e+02     4.913918e+02
  2.1940e+02     4.893034e+02
  2.1960e+02     4.872308e+02
  2.1980e+02     4.851741e+02
  2.2000e+02     4.831330e+02
  2.2020e+02     4.811076e+02
  2.2040e+02     4.790978e+02
  2.2060e+02     4.771034e+02
  2.2080e+02     4.751245e+02
  2.2100e+02     4.731609e+02
  2.2120e+02     4.712126e+02
  2.2140e+02     4.692795e+02
  2.2160e+02     4.673615e+02
  2.2180e+02     4.654585e+02
  2.2200e+02     4.635705e+02
  2.2220e+02     4.616974e+02
  2.2240e+02     4.598391e+02
  2.2260e+02     4.579956e+02
  2.2280e+02     4.561667e+02
  2.2300e+02     4.543525e+02
  2.2320e+02     4.525528e+02
  2.2340e+02     4.507675e+02
  2.2360e+02     4.489966e+02
  2.2380e+02     4.472400e+02
  2.2400e+02     4.454976e+02
  2.2420e+02     4.437694e+02
  2.2440e+02     4.420553e+02
  2.2460e+02     4.403551e+02
  2.2480e+02     4.386689e+02
  2.2500e+02     4.369966e+02
  2.2520e+02     4.353380e+02
  2.2540e+02     4.336931e+02
  2.2560e+02     4.320619e+02
  2.2580e+02     4.304442e+02
  2.2600e+02     4.288401e+02
  2.2620e+02     4.272493e+02
  2.2640e+02     4.256719e+02
  2.2660e+02     4.241077e+02
  2.2680e+02     4.225568e+02
  2.2700e+02     4.210189e+02
  2.2720e+02     4.194942e+02
  2.2740e+02     4.179824e+02
  2.2760e+02     4.164835e+02
  2.2780e+02     4.149974e+02
  2.2800e+02     4.135242e+02
  2.2820e+02     4.120636e+02
  2.2840e+02     4.106156e+02
  2.2860e+02     4.091802e+02
  2.2880e+02     4.077573e+02
  2.2900e+02     4.063468e+02
  2.2920e+02     4.049487e+02
  2.2940e+02     4.035628e+02
  2.2960e+02     4.021891e+02
  2.2980e+02     4.008276e+02
  2.3000e+02     3.994781e+02
  2.3020e+02     3.981407e+02
  2.3040e+02     3.968152e+02
  2.3060e+02     3.955015e+02
  2.3080e+02     3.941997e+02
  2.3100e+02     3.929096e+02
  2.3120e+02     3.916312e+02
  2.3140e+02     3.903643e+02
  2.3160e+02     3.891091e+02
  2.3180e+02     3.878652e+02
  2.3200e+02     3.866328e+02
  2.3220e+02     3.854118e+02
  2.3240e+02     3.842020e+02
  2.3260e+02     3.830034e+02
  2.3280e+02     3.818160e+02
  2.3300e+02     3.806397e+02
  2.3320e+02     3.794744e+02
  2.3340e+02     3.783201e+02
  2.3360e+02     3.771767e+02
  2.3380e+02     3.760441e+02
  2.3400e+02     3.749223e+02
  2.3420e+02     3.738112e+02
  2.3440e+02     3.727108e+02
  2.3460e+02     3.716210e+02
  2.3480e+02     3.705417e+02
  2.3500e+02     3.694730e+02
  2.3520e+02     3.684146e+02
  2.3540e+02     3.673666e+02
  2.3560e+02     3.663289e+02
  2.3580e+02     3.653015e+02
  2.3600e+02     3.642843e+02
  2.3620e+02     3.632772e+02
  2.3640e+02     3.622801e+02
  2.3660e+02     3.612932e+02
  2.3680e+02     3.603161e+02
  2.3700e+02     3.593490e+02
  2.3720e+02     3.583918e+02
  2.3740e+02     3.574444e+02
  2.3760e+02     3.565067e+02
  2.3780e+02     3.555787e+02
  2.3800e+02     3.546604e+02
  2.3820e+02     3.537516e+02
  2.3840e+02     3.528524e+02
  2.3860e+02     3.519627e+02
  2.3880e+02     3.510825e+02
  2.3900e+02     3.502116e+02
  2.3920e+02     3.493501e+02
  2.3940e+02     3.484978e+02
  2.3960e+02     3.476548e+02
  2.3980e+02     3.468210e+02
  2.4000e+02     3.459964e+02
  2.4020e+02     3.451808e+02
  2.4040e+02     3.443743e+02
  2.4060e+02     3.435768e+02
  2.4080e+02     3.427882e+02
  2.4100e+02     3.420085e+02
  2.4120e+02     3.412377e+02
  2.4140e+02     3.404757e+02
  2.4160e+02     3.397225e+02
  2.4180e+02     3.389780e+02
  2.4200e+02     3.382422e+02
  2.4220e+02     3.375150e+02
  2.4240e+02     3.367964e+02
  2.4260e+02     3.360864e+02
  2.4280e+02     3.353848e+02
  2.4300e+02     3.346917e+02
  2.4320e+02     3.340071e+02
  2.4340e+02     3.333308e+02
  2.4360e+02     3.326629e+02
  2.4380e+02     3.320032e+02
  2.4400e+02     3.313519e+02
  2.4420e+02     3.307087e+02
  2.4440e+02     3.300737e+02
  2.4460e+02     3.294469e+02
  2.4480e+02     3.288281e+02
  2.4500e+02     3.282174e+02
  2.4520e+02     3.276148e+02
  2.4540e+02     3.270201e+02
  2.4560e+02     3.264334e+02
  2.4580e+02     3.258545e+02
  2.4600e+02     3.252836e+02
  2.4620e+02     3.247205e+02
  2.4640e+02     3.241652e+02
  2.4660e+02     3.236177e+02
  2.4680e+02     3.230779e+02
  2.4700e+02     3.225458e+02
  2.4720e+02     3.220214e+02
  2.4740e+02     3.215046e+02
  2.4760e+02     3.209954e+02
  2.4780e+02     3.204937e+02
  2.4800e+02     3.199996e+02
  2.4820e+02     3.195130e+02
  2.4840e+02     3.190339e+02
  2.4860e+02     3.185622e+02
  2.4880e+02     3.180979e+02
  2.4900e+02     3.176410e+02
  2.4920e+02     3.171914e+02
  2.4940e+02     3.167492e+02
  2.4960e+02     3.163142e+02
  2.4980e+02     3.158865e+02
  2.5000e+02     3.154661e+02
  2.5020e+02     3.150528e+02
  2.5040e+02     3.146467e+02
  2.5060e+02     3.142477e+02
  2.5080e+02     3.138559e+02
  2.5100e+02     3.134711e+02
  2.5120e+02     3.130934e+02
  2.5140e+02     3.127228e+02
  2.5160e+02     3.123592e+02
  2.5180e+02     3.120025e+02
  2.5200e+02     3.116528e+02
  2.5220e+02     3.113101e+02
  2.5240e+02     3.109742e+02
  2.5260e+02     3.106453e+02
  2.5280e+02     3.103232e+02
  2.5300e+02     3.100079e+02
  2.5320e+02     3.096995e+02
  2.5340e+02     3.093979e+02
  2.5360e+02     3.091030e+02
  2.5380e+02     3.088149e+02
  2.5400e+02     3.085335e+02
  2.5420e+02     3.082588e+02
  2.5440e+02     3.079908e+02
  2.5460e+02     3.077295e+02
  2.5480e+02     3.074748e+02
  2.5500e+02     3.072267e+02
  2.5520e+02     3.069853e+02
  2.5540e+02     3.067504e+02
  2.5560e+02     3.065221e+02
  2.5580e+02     3.063004e+02
  2.5600e+02     3.060851e+02
  2.5620e+02     3.058764e+02
  2.5640e+02     3.056742e+02
  2.5660e+02     3.054785e+02
  2.5680e+02     3.052892e+02
  2.5700e+02     3.051063e+02
  2.5720e+02     3.049299e+02
  2.5740e+02     3.047599e+02
  2.5760e+02     3.045963e+02
  2.5780e+02     3.044391e+02
  2.5800e+02     3.042882e+02
  2.5820e+02     3.041437e+02
  2.5840e+02     3.040055e+02
  2.5860e+02     3.038736e+02
  2.5880e+02     3.037480e+02
  2.5900e+02     3.036288e+02
  2.5920e+02     3.035158e+02
  2.5940e+02     3.034090e+02
  2.5960e+02     3.033086e+02
  2.5980e+02     3.032143e+02
  2.6000e+02     3.031263e+02
  2.6020e+02     3.030445e+02
  2.6040e+02     3.029689e+02
  2.6060e+02     3.028995e+02
  2.6080e+02     3.028363e+02
  2.6100e+02     3.027793e+02
  2.6120e+02     3.027284e+02
  2.6140e+02     3.026836e+02
  2.6160e+02     3.026451e+02
  2.6180e+02     3.026126e+02
  2.6200e+02     3.025862e+02
  2.6220e+02     3.025660e+02
  2.6240e+02     3.025519e+02
  2.6260e+02     3.025439e+02
  2.6280e+02     3.025419e+02
  2.6300e+02     3.025461e+02
  2.6320e+02     3.025563e+02
  2.6340e+02     3.025726e+02
  2.6360e+02     3.025949e+02
  2.6380e+02     3.026233e+02
  2.6400e+02     3.026577e+02
  2.6420e+02     3.026982e+02
  2.6440e+02     3.027447e+02
  2.6460e+02     3.027972e+02
  2.6480e+02     3.028557e+02
  2.6500e+02     3.029203e+02
  2.6520e+02     3.029909e+02
  2.6540e+02     3.030675e+02
  2.6560e+02     3.031500e+02
  2.6580e+02     3.032386e+02
  2.6600e+02     3.033332e+02
  2.6620e+02     3.034338e+02
  2.6640e+02     3.035403e+02
  2.6660e+02     3.036529e+02
  2.6680e+02     3.037714e+02
  2.6700e+02     3.038959e+02
  2.6720e+02     3.040264e+02
  2.6740e+02     3.041628e+02
  2.6760e+02     3.043052e+02
  2.6780e+02     3.044536e+02
  2.6800e+02     3.046080e+02
  2.6820e+02     3.047683e+02
  2.6840e+02     3.049346e+02
  2.6860e+02     3.051069e+02
  2.6880e+02     3.052852e+02
  2.6900e+02     3.054694e+02
  2.6920e+02     3.056595e+02
  2.6940e+02     3.058557e+02
  2.6960e+02     3.060578e+02
  2.6980e+02     3.062659e+02
  2.7000e+02     3.064800e+02
  2.7020e+02     3.067000e+02
  2.7040e+02     3.069260e+02
  2.7060e+02     3.071580e+02
  2.7080e+02     3.073959e+02
  2.7100e+02     3.076399e+02
  2.7120e+02     3.078898e+02
  2.7140e+02     3.081457e+02
  2.7160e+02     3.084076e+02
  2.7180e+02     3.086755e+02
  2.7200e+02     3.089494e+02
  2.7220e+02     3.092293e+02
  2.7240e+02     3.095152e+02
  2.7260e+02     3.098071e+02
  2.7280e+02     3.101050e+02
  2.7300e+02     3.104089e+02
  2.7320e+02     3.107189e+02
  2.7340e+02     3.110349e+02
  2.7360e+02     3.113569e+02
  2.7380e+02     3.116850e+02
  2.7400e+02     3.120191e+02
  2.7420e+02     3.123592e+02
  2.7440e+02     3.127054e+02
  2.7460e+02     3.130577e+02
  2.7480e+02     3.134160e+02
  2.7500e+02     3.137805e+02
  2.7520e+02     3.141510e+02
  2.7540e+02     3.145276e+02
  2.7560e+02     3.149103e+02
  2.7580e+02     3.152991e+02
  2.7600e+02     3.156940e+02
  2.7620e+02     3.160950e+02
  2.7640e+02     3.165022e+02
  2.7660e+02     3.169155e+02
  2.7680e+02     3.173350e+02
  2.7700e+02     3.177606e+02
  2.7720e+02     3.181924e+02
  2.7740e+02     3.186303e+02
  2.7760e+02     3.190745e+02
  2.7780e+02     3.195248e+02
  2.7800e+02     3.199814e+02
  2.7820e+02     3.204441e+02
  2.7840e+02     3.209131e+02
  2.7860e+02     3.213883e+02
  2.7880e+02     3.218698e+02
  2.7900e+02     3.223576e+02
  2.7920e+02     3.228516e+02
  2.7940e+02     3.233518e+02
  2.7960e+02     3.238584e+02
  2.7980e+02     3.243713e+02
  2.8000e+02     3.248905e+02
  2.8020e+02     3.254160e+02
  2.8040e+02     3.259479e+02
  2.8060e+02     3.264861e+02
  2.8080e+02     3.270307e+02
  2.8100e+02     3.275817e+02
  2.8120e+02     3.281390e+02
  2.8140e+02     3.287028e+02
  2.8160e+02     3.292730e+02
  2.8180e+02     3.298496e+02
  2.8200e+02     3.304327e+02
  2.8220e+02     3.310222e+02
  2.8240e+02     3.316182e+02
  2.8260e+02     3.322206e+02
  2.8280e+02     3.328296e+02
  2.8300e+02     3.334451e+02
  2.8320e+02     3.340672e+02
  2.8340e+02     3.346957e+02
  2.8360e+02     3.353309e+02
  2.8380e+02     3.359726e+02
  2.8400e+02     3.366209e+02
  2.8420e+02     3.372758e+02
  2.8440e+02     3.379374e+02
  2.8460e+02     3.386056e+02
  2.8480e+02     3.392804e+02
  2.8500e+02     3.399619e+02
  2.8520e+02     3.406501e+02
  2.8540e+02     3.413450e+02
  2.8560e+02     3.420466e+02
  2.8580e+02     3.427550e+02
  2.8600e+02     3.434701e+02
  2.8620e+02     3.441920e+02
  2.8640e+02     3.449207e+02
  2.8660e+02     3.456562e+02
  2.8680e+02     3.463985e+02
  2.8700e+02     3.471476e+02
  2.8720e+02     3.479037e+02
  2.8740e+02     3.486665e+02
  2.8760e+02     3.494363e+02
  2.8780e+02     3.502130e+02
  2.8800e+02     3.509967e+02
  2.8820e+02     3.517872e+02
  2.8840e+02     3.525848e+02
  2.8860e+02     3.533893e+02
  2.8880e+02     3.542009e+02
  2.8900e+02     3.550194e+02
  2.8920e+02     3.558450e+02
  2.8940e+02     3.566777e+02
  2.8960e+02     3.575175e+02
  2.8980e+02     3.583643e+02
  2.9000e+02     3.592183e+02
  2.9020e+02     3.600794e+02
  2.9040e+02     3.609477e+02
  2.9060e+02     3.618231e+02
  2.9080e+02     3.627058e+02
  2.9100e+02     3.635957e+02
  2.9120e+02     3.644928e+02
  2.9140e+02     3.653972e+02
  2.9160e+02     3.663088e+02
  2.9180e+02     3.672277e+02
  2.9200e+02     3.681540e+02
  2.9220e+02     3.690876e+02
  2.9240e+02     3.700286e+02
  2.9260e+02     3.709769e+02
  2.9280e+02     3.719327e+02
  2.9300e+02     3.728959e+02
  2.9320e+02     3.738665e+02
  2.9340e+02     3.748446e+02
  2.9360e+02     3.758301e+02
  2.9380e+02     3.768232e+02
  2.9400e+02     3.778238e+02
  2.9420e+02     3.788319e+02
  2.9440e+02     3.798477e+02
  2.9460e+02     3.808710e+02
  2.9480e+02     3.819019e+02
  2.9500e+02     3.829404e+02
  2.9520e+02     3.839866e+02
  2.9540e+02     3.850405e+02
  2.9560e+02     3.861020e+02
  2.9580e+02     3.871713e+02
  2.9600e+02     3.882483e+02
  2.9620e+02     3.893331e+02
  2.9640e+02     3.904257e+02
  2.9660e+02     3.915260e+02
  2.9680e+02     3.926342e+02
  2.9700e+02     3.937502e+02
  2.9720e+02     3.948741e+02
  2.9740e+02     3.960059e+02
  2.9760e+02     3.971455e+02
  2.9780e+02     3.982932e+02
  2.9800e+02     3.994487e+02
  2.9820e+02     4.006122e+02
  2.9840e+02     4.017838e+02
  2.9860e+02     4.029633e+02
  2.9880e+02     4.041509e+02
  2.9900e+02     4.053465e+02
  2.9920e+02     4.065502e+02
  2.9940e+02     4.077620e+02
  2.9960e+02     4.089819e+02
  2.9980e+02     4.102099e+02
  3.0000e+02     4.114461e+02
  3.0020e+02     4.126905e+02
  3.0040e+02     4.139431e+02
  3.0060e+02     4.152039e+02
  3.0080e+02     4.164730e+02
  3.0100e+02     4.177503e+02
  3.0120e+02     4.190359e+02
  3.0140e+02     4.203298e+02
  3.0160e+02     4.216320e+02
  3.0180e+02     4.229426e+02
  3.0200e+02     4.242615e+02
  3.0220e+02     4.255888e+02
  3.0240e+02     4.269245e+02
  3.0260e+02     4.282686e+02
  3.0280e+02     4.296212e+02
  3.0300e+02     4.309822e+02
  3.0320e+02     4.323517e+02
  3.0340e+02     4.337297e+02
  3.0360e+02     4.351162e+02
  3.0380e+02     4.365113e+02
  3.0400e+02     4.379149e+02
  3.0420e+02     4.393270e+02
  3.0440e+02     4.407478e+02
  3.0460e+02     4.421771e+02
  3.0480e+02     4.436151e+02
  3.0500e+02     4.450617e+02
  3.0520e+02     4.465170e+02
  3.0540e+02     4.479810e+02
  3.0560e+02     4.494536e+02
  3.0580e+02     4.509350e+02
  3.0600e+02     4.524251e+02
  3.0620e+02     4.539239e+02
  3.0640e+02     4.554315e+02
  3.0660e+02     4.569478e+02
  3.0680e+02     4.584729e+02
  3.0700e+02     4.600069e+02
  3.0720e+02     4.615496e+02
  3.0740e+02     4.631012e+02
  3.0760e+02     4.646616e+02
  3.0780e+02     4.662309e+02
  3.0800e+02     4.678090e+02
  3.0820e+02     4.693960e+02
  3.0840e+02     4.709920e+02
  3.0860e+02     4.725968e+02
  3.0880e+02     4.742106e+02
  3.0900e+02     4.758333e+02
  3.0920e+02     4.774649e+02
  3.0940e+02     4.791055e+02
  3.0960e+02     4.807550e+02
  3.0980e+02     4.824136e+02
  3.1000e+02     4.840811e+02
  3.1020e+02     4.857576e+02
  3.1040e+02     4.874431e+02
  3.1060e+02     4.891377e+02
  3.1080e+02     4.908412e+02
  3.1100e+02     4.925538e+02
  3.1120e+02     4.942754e+02
  3.1140e+02     4.960061e+02
  3.1160e+02     4.977458e+02
  3.1180e+02     4.994946e+02
  3.1200e+02     5.012524e+02
  3.1220e+02     5.030193e+02
  3.1240e+02     5.047953e+02
  3.1260e+02     5.065803e+02
  3.1280e+02     5.083744e+02
  3.1300e+02     5.101777e+02
  3.1320e+02     5.119899e+02
  3.1340e+02     5.138113e+02
  3.1360e+02     5.156418e+02
  3.1380e+02     5.174813e+02
  3.1400e+02     5.193300e+02
  3.1420e+02     5.211877e+02
  3.1440e+02     5.230545e+02
  3.1460e+02     5.249304e+02
  3.1480e+02     5.268154e+02
  3.1500e+02     5.287094e+02
  3.1520e+02     5.306125e+02
  3.1540e+02     5.325247e+02
  3.1560e+02     5.344460e+02
  3.1580e+02     5.363763e+02
  3.1600e+02     5.383157e+02
  3.1620e+02     5.402642e+02
  3.1640e+02     5.422216e+02
  3.1660e+02     5.441881e+02
  3.1680e+02     5.461637e+02
  3.1700e+02     5.481482e+02
  3.1720e+02     5.501418e+02
  3.1740e+02     5.521443e+02
  3.1760e+02     5.541558e+02
  3.1780e+02     5.561763e+02
  3.1800e+02     5.582057e+02
  3.1820e+02     5.602441e+02
  3.1840e+02     5.622914e+02
  3.1860e+02     5.643476e+02
  3.1880e+02     5.664127e+02
  3.1900e+02     5.684867e+02
  3.1920e+02     5.705695e+02
  3.1940e+02     5.726612e+02
  3.1960e+02     5.747617e+02
  3.1980e+02     5.768709e+02
  3.2000e+02     5.789890e+02
  3.2020e+02     5.811158e+02
  3.2040e+02     5.832513e+02
  3.2060e+02     5.853955e+02
  3.2080e+02     5.875484e+02
  3.2100e+02     5.897099e+02
  3.2120e+02     5.918801e+02
  3.2140e+02     5.940588e+02
  3.2160e+02     5.962462e+02
  3.2180e+02     5.984420e+02
  3.2200e+02     6.006463e+02
  3.2220e+02     6.028591e+02
  3.2240e+02     6.050804e+02
  3.2260e+02     6.073100e+02
  3.2280e+02     6.095480e+02
  3.2300e+02     6.117943e+02
  3.2320e+02     6.140489e+02
  3.2340e+02     6.163118e+02
  3.2360e+02     6.185828e+02
  3.2380e+02     6.208620e+02
  3.2400e+02     6.231494e+02
  3.2420e+02     6.254448e+02
  3.2440e+02     6.277483e+02
  3.2460e+02     6.300597e+02
  3.2480e+02     6.323791e+02
  3.2500e+02     6.347063e+02
  3.2520e+02     6.370415e+02
  3.2540e+02     6.393844e+02
  3.2560e+02     6.417350e+02
  3.2580e+02     6.440933e+02
  3.2600e+02     6.464593e+02
  3.2620e+02     6.488328e+02
  3.2640e+02     6.512138e+02
  3.2660e+02     6.536024e+02
  3.2680e+02     6.559983e+02
  3.2700e+02     6.584015e+02
  3.2720e+02     6.608120e+02
  3.2740e+02     6.632297e+02
  3.2760e+02     6.656546e+02
  3.2780e+02     6.680865e+02
  3.2800e+02     6.705255e+02
  3.2820e+02     6.729714e+02
  3.2840e+02     6.754242e+02
  3.2860e+02     6.778838e+02
  3.2880e+02     6.803501e+02
  3.2900e+02     6.828230e+02
  3.2920e+02     6.853025e+02
  3.2940e+02     6.877886e+02
  3.2960e+02     6.902810e+02
  3.2980e+02     6.927798e+02
  3.3000e+02     6.952848e+02
  3.3020e+02     6.977960e+02
  3.3040e+02     7.003133e+02
  3.3060e+02     7.028366e+02
  3.3080e+02     7.053658e+02
  3.3100e+02     7.079008e+02
  3.3120e+02     7.104416e+02
  3.3140e+02     7.129880e+02
  3.3160e+02     7.155399e+02
  3.3180e+02     7.180973e+02
  3.3200e+02     7.206601e+02
  3.3220e+02     7.232281e+02
  3.3240e+02     7.258012e+02
  3.3260e+02     7.283794e+02
  3.3280e+02     7.309626e+02
  3.3300e+02     7.335506e+02
  3.3320e+02     7.361433e+02
  3.3340e+02     7.387407e+02
  3.3360e+02     7.413426e+02
  3.3380e+02     7.439488e+02
  3.3400e+02     7.465594e+02
  3.3420e+02     7.491742e+02
  3.3440e+02     7.517930e+02
  3.3460e+02     7.544158e+02
  3.3480e+02     7.570424e+02
  3.3500e+02     7.596727e+02
  3.3520e+02     7.623066e+02
  3.3540e+02     7.649439e+02
  3.3560e+02     7.675846e+02
  3.3580e+02     7.702284e+02
  3.3600e+02     7.728754e+02
  3.3620e+02     7.755253e+02
  3.3640e+02     7.781780e+02
  3.3660e+02     7.808334e+02
  3.3680e+02     7.834913e+02
  3.3700e+02     7.861517e+02
  3.3720e+02     7.888143e+02
  3.3740e+02     7.914790e+02
  3.3760e+02     7.941457e+02
  3.3780e+02     7.968142e+02
  3.3800e+02     7.994845e+02
  3.3820e+02     8.021562e+02
  3.3840e+02     8.048294e+02
  3.3860e+02     8.075039e+02
  3.3880e+02     8.101794e+02
  3.3900e+02     8.128558e+02
  3.3920e+02     8.155331e+02
  3.3940e+02     8.182110e+02
  3.3960e+02     8.208893e+02
  3.3980e+02     8.235680e+02
  3.4000e+02     8.262468e+02
  3.4020e+02     8.289255e+02
  3.4040e+02     8.316042e+02
  3.4060e+02     8.342824e+02
  3.4080e+02     8.369602e+02
  3.4100e+02     8.396372e+02
  3.4120e+02     8.423134e+02
  3.4140e+02     8.449886e+02
  3.4160e+02     8.476626e+02
  3.4180e+02     8.503352e+02
  3.4200e+02     8.530062e+02
  3.4220e+02     8.556755e+02
  3.4240e+02     8.583429e+02
  3.4260e+02     8.610082e+02
  3.4280e+02     8.636712e+02
  3.4300e+02     8.663318e+02
  3.4320e+02     8.689897e+02
  3.4340e+02     8.716447e+02
  3.4360e+02     8.742968e+02
  3.4380e+02     8.769456e+02
  3.4400e+02     8.795910e+02
  3.4420e+02     8.822329e+02
  3.4440e+02     8.848709e+02
  3.4460e+02     8.875049e+02
  3.4480e+02     8.901348e+02
  3.4500e+02     8.927603e+02
  3.4520e+02     8.953811e+02
  3.4540e+02     8.979973e+02
  3.4560e+02     9.006084e+02
  3.4580e+02     9.032143e+02
  3.4600e+02     9.058149e+02
  3.4620e+02     9.084098e+02
  3.4640e+02     9.109990e+02
  3.4660e+02     9.135821e+02
  3.4680e+02     9.161590e+02
  3.4700e+02     9.187295e+02
  3.4720e+02     9.212934e+02
  3.4740e+02     9.238504e+02
  3.4760e+02     9.264003e+02
  3.4780e+02     9.289430e+02
  3.4800e+02     9.314782e+02
  3.4820e+02     9.340057e+02
  3.4840e+02     9.365253e+02
  3.4860e+02     9.390367e+02
  3.4880e+02     9.415398e+02
  3.4900e+02     9.440343e+02
  3.4920e+02     9.465200e+02
  3.4940e+02     9.489967e+02
  3.4960e+02     9.514642e+02
  3.4980e+02     9.539223e+02
  3.5000e+02     9.563706e+02
  3.5020e+02     9.588091e+02
  3.5040e+02     9.612374e+02
  3.5060e+02     9.636555e+02
  3.5080e+02     9.660629e+02
  3.5100e+02     9.684596e+02
  3.5120e+02     9.708453e+02
  3.5140e+02     9.732197e+02
  3.5160e+02     9.755827e+02
  3.5180e+02     9.779340e+02
  3.5200e+02     9.802733e+02
  3.5220e+02     9.826006e+02
  3.5240e+02     9.849155e+02
  3.5260e+02     9.872178e+02
  3.5280e+02     9.895073e+02
  3.5300e+02     9.917837e+02
  3.5320e+02     9.940469e+02
  3.5340e+02     9.962967e+02
  3.5360e+02     9.985327e+02
  3.5380e+02     1.000754e+03
  3.5400e+02     1.002962e+03
  3.5420e+02     1.005156e+03
  3.5440e+02     1.007335e+03
  3.5460e+02     1.009499e+03
  3.5480e+02     1.011648e+03
  3.5500e+02     1.013781e+03
  3.5520e+02     1.015900e+03
  3.5540e+02     1.018002e+03
  3.5560e+02     1.020089e+03
  3.5580e+02     1.022159e+03
  3.5600e+02     1.024213e+03
  3.5620e+02     1.026250e+03
  3.5640e+02     1.028271e+03
  3.5660e+02     1.030275e+03
  3.5680e+02     1.032261e+03
  3.5700e+02     1.034230e+03
  3.5720e+02     1.036181e+03
  3.5740e+02     1.038114e+03
  3.5760e+02     1.040029e+03
  3.5780e+02     1.041925e+03
  3.5800e+02     1.043804e+03
  3.5820e+02     1.045663e+03
  3.5840e+02     1.047503e+03
  3.5860e+02     1.049325e+03
  3.5880e+02     1.051127e+03
  3.5900e+02     1.052909e+03
  3.5920e+02     1.054671e+03
  3.5940e+02     1.056414e+03
  3.5960e+02     1.058136e+03
  3.5980e+02     1.059838e+03
