# Epidemic | 7 days incidence [ x-unit: days | y-unit: per 100000 ]
  0.0000e+00     3.618006e+02
  2.0000e-01     3.596271e+02
  4.0000e-01     3.574725e+02
  6.0000e-01     3.553368e+02
  8.0000e-01     3.532197e+02
  1.0000e+00     3.511212e+02
  1.2000e+00     3.490410e+02
  1.4000e+00     3.469791e+02
  1.6000e+00     3.449353e+02
  1.8000e+00     3.429094e+02
  2.0000e+00     3.409014e+02
  2.2000e+00     3.389110e+02
  2.4000e+00     3.369382e+02
  2.6000e+00     3.349828e+02
  2.8000e+00     3.330447e+02
  3.0000e+00     3.311237e+02
  3.2000e+00     3.292198e+02
  3.4000e+00     3.273327e+02
  3.6000e+00     3.254623e+02
  3.8000e+00     3.236086e+02
  4.0000e+00     3.217713e+02
  4.2000e+00     3.199504e+02
  4.4000e+00     3.181457e+02
  4.6000e+00     3.163571e+02
  4.8000e+00     3.145844e+02
  5.0000e+00     3.128276e+02
  5.2000e+00     3.110864e+02
  5.4000e+00     3.093609e+02
  5.6000e+00     3.076508e+02
  5.8000e+00     3.059560e+02
  6.0000e+00     3.042764e+02
  6.2000e+00     3.026119e+02
  6.4000e+00     3.009623e+02
  6.6000e+00     2.993276e+02
  6.8000e+00     2.977076e+02
  7.0000e+00     2.961022e+02
  7.2000e+00     2.949069e+02
  7.4000e+00     2.937625e+02
  7.6000e+00     2.926245e+02
  7.8000e+00     2.914931e+02
  8.0000e+00     2.903680e+02
  8.2000e+00     2.892493e+02
  8.4000e+00     2.881371e+02
  8.6000e+00     2.870312e+02
  8.8000e+00     2.859316e+02
  9.0000e+00     2.848384e+02
  9.2000e+00     2.837514e+02
  9.4000e+00     2.826708e+02
  9.6000e+00     2.815963e+02
  9.8000e+00     2.805281e+02
  1.0000e+01     2.794661e+02
  1.0200e+01     2.784103e+02
  1.0400e+01     2.773606e+02
  1.0600e+01     2.763171e+02
  1.0800e+01     2.752797e+02
  1.1000e+01     2.742484e+02
  1.1200e+01     2.732231e+02
  1.1400e+01     2.722039e+02
  1.1600e+01     2.711907e+02
  1.1800e+01     2.701835e+02
  1.2000e+01     2.691823e+02
  1.2200e+01     2.681870e+02
  1.2400e+01     2.671976e+02
  1.2600e+01     2.662142e+02
  1.2800e+01     2.652367e+02
  1.3000e+01     2.642650e+02
  1.3200e+01     2.632991e+02
  1.3400e+01     2.623391e+02
  1.3600e+01     2.613849e+02
  1.3800e+01     2.604364e+02
  1.4000e+01     2.594937e+02
  1.4200e+01     2.585567e+02
  1.4400e+01     2.576254e+02
  1.4600e+01     2.566998e+02
  1.4800e+01     2.557798e+02
  1.5000e+01     2.548655e+02
  1.5200e+01     2.539568e+02
  1.5400e+01     2.530537e+02
  1.5600e+01     2.521561e+02
  1.5800e+01     2.512641e+02
  1.6000e+01     2.503776e+02
  1.6200e+01     2.494966e+02
  1.6400e+01     2.486211e+02
  1.6600e+01     2.477510e+02
  1.6800e+01     2.468864e+02
  1.7000e+01     2.460272e+02
  1.7200e+01     2.451733e+02
  1.7400e+01     2.443248e+02
  1.7600e+01     2.434816e+02
  1.7800e+01     2.426438e+02
  1.8000e+01     2.418113e+02
  1.8200e+01     2.409840e+02
  1.8400e+01     2.401619e+02
  1.8600e+01     2.393451e+02
  1.8800e+01     2.385335e+02
  1.9000e+01     2.377271e+02
  1.9200e+01     2.369258e+02
  1.9400e+01     2.361296e+02
  1.9600e+01     2.353386e+02
  1.9800e+01     2.345526e+02
  2.0000e+01     2.337717e+02
  2.0200e+01     2.329959e+02
  2.0400e+01     2.322250e+02
  2.0600e+01     2.314592e+02
  2.0800e+01     2.306983e+02
  2.1000e+01     2.299424e+02
  2.1200e+01     2.289844e+02
  2.1400e+01     2.280125e+02
  2.1600e+01     2.270498e+02
  2.1800e+01     2.260963e+02
  2.2000e+01     2.251519e+02
  2.2200e+01     2.242165e+02
  2.2400e+01     2.232900e+02
  2.2600e+01     2.223723e+02
  2.2800e+01     2.214635e+02
  2.3000e+01     2.205634e+02
  2.3200e+01     2.196719e+02
  2.3400e+01     2.187890e+02
  2.3600e+01     2.179146e+02
  2.3800e+01     2.170486e+02
  2.4000e+01     2.161910e+02
  2.4200e+01     2.153418e+02
  2.4400e+01     2.145007e+02
  2.4600e+01     2.136678e+02
  2.4800e+01     2.128431e+02
  2.5000e+01     2.120263e+02
  2.5200e+01     2.112176e+02
  2.5400e+01     2.104167e+02
  2.5600e+01     2.096237e+02
  2.5800e+01     2.088385e+02
  2.6000e+01     2.080610e+02
  2.6200e+01     2.072912e+02
  2.6400e+01     2.065290e+02
  2.6600e+01     2.057743e+02
  2.6800e+01     2.050271e+02
  2.7000e+01     2.042874e+02
  2.7200e+01     2.035550e+02
  2.7400e+01     2.028299e+02
  2.7600e+01     2.021121e+02
  2.7800e+01     2.014014e+02
  2.8000e+01     2.006979e+02
  2.8200e+01     2.000015e+02
  2.8400e+01     1.993121e+02
  2.8600e+01     1.986298e+02
  2.8800e+01     1.979543e+02
  2.9000e+01     1.972857e+02
  2.9200e+01     1.966239e+02
  2.9400e+01     1.959689e+02
  2.9600e+01     1.953206e+02
  2.9800e+01     1.946790e+02
  3.0000e+01     1.940439e+02
  3.0200e+01     1.934155e+02
  3.0400e+01     1.927935e+02
  3.0600e+01     1.921781e+02
  3.0800e+01     1.915690e+02
  3.1000e+01     1.909663e+02
  3.1200e+01     1.903700e+02
  3.1400e+01     1.897799e+02
  3.1600e+01     1.891961e+02
  3.1800e+01     1.886184e+02
  3.2000e+01     1.880469e+02
  3.2200e+01     1.874815e+02
  3.2400e+01     1.869221e+02
  3.2600e+01     1.863687e+02
  3.2800e+01     1.858213e+02
  3.3000e+01     1.852798e+02
  3.3200e+01     1.847442e+02
  3.3400e+01     1.842145e+02
  3.3600e+01     1.836905e+02
  3.3800e+01     1.831723e+02
  3.4000e+01     1.826598e+02
  3.4200e+01     1.821530e+02
  3.4400e+01     1.816518e+02
  3.4600e+01     1.811562e+02
  3.4800e+01     1.806662e+02
  3.5000e+01     1.801817e+02
  3.5200e+01     1.797027e+02
  3.5400e+01     1.792291e+02
  3.5600e+01     1.787609e+02
  3.5800e+01     1.782981e+02
  3.6000e+01     1.778406e+02
  3.6200e+01     1.773884e+02
  3.6400e+01     1.769415e+02
  3.6600e+01     1.764998e+02
  3.6800e+01     1.760634e+02
  3.7000e+01     1.756320e+02
  3.7200e+01     1.752058e+02
  3.7400e+01     1.747847e+02
  3.7600e+01     1.743687e+02
  3.7800e+01     1.739576e+02
  3.8000e+01     1.735516e+02
  3.8200e+01     1.731506e+02
  3.8400e+01     1.727544e+02
  3.8600e+01     1.723632e+02
  3.8800e+01     1.719768e+02
  3.9000e+01     1.715953e+02
  3.9200e+01     1.712186e+02
  3.9400e+01     1.708467e+02
  3.9600e+01     1.704795e+02
  3.9800e+01     1.701170e+02
  4.0000e+01     1.697593e+02
  4.0200e+01     1.694062e+02
  4.0400e+01     1.690577e+02
  4.0600e+01     1.687139e+02
  4.0800e+01     1.683746e+02
  4.1000e+01     1.680399e+02
  4.1200e+01     1.677097e+02
  4.1400e+01     1.673840e+02
  4.1600e+01     1.670629e+02
  4.1800e+01     1.667461e+02
  4.2000e+01     1.664338e+02
  4.2200e+01     1.661259e+02
  4.2400e+01     1.658223e+02
  4.2600e+01     1.655232e+02
  4.2800e+01     1.652283e+02
  4.3000e+01     1.649378e+02
  4.3200e+01     1.646515e+02
  4.3400e+01     1.643695e+02
  4.3600e+01     1.640918e+02
  4.3800e+01     1.638182e+02
  4.4000e+01     1.635489e+02
  4.4200e+01     1.632837e+02
  4.4400e+01     1.630227e+02
  4.4600e+01     1.627658e+02
  4.4800e+01     1.625130e+02
  4.5000e+01     1.622643e+02
  4.5200e+01     1.620197e+02
  4.5400e+01     1.617791e+02
  4.5600e+01     1.615425e+02
  4.5800e+01     1.613100e+02
  4.6000e+01     1.610815e+02
  4.6200e+01     1.608569e+02
  4.6400e+01     1.606363e+02
  4.6600e+01     1.604196e+02
  4.6800e+01     1.602068e+02
  4.7000e+01     1.599979e+02
  4.7200e+01     1.597929e+02
  4.7400e+01     1.595918e+02
  4.7600e+01     1.593945e+02
  4.7800e+01     1.592011e+02
  4.8000e+01     1.590114e+02
  4.8200e+01     1.588256e+02
  4.8400e+01     1.586435e+02
  4.8600e+01     1.584652e+02
  4.8800e+01     1.582907e+02
  4.9000e+01     1.581199e+02
  4.9200e+01     1.579528e+02
  4.9400e+01     1.577895e+02
  4.9600e+01     1.576298e+02
  4.9800e+01     1.574738e+02
  5.0000e+01     1.573214e+02
  5.0200e+01     1.571727e+02
  5.0400e+01     1.570277e+02
  5.0600e+01     1.568863e+02
  5.0800e+01     1.567485e+02
  5.1000e+01     1.566142e+02
  5.1200e+01     1.564836e+02
  5.1400e+01     1.563566e+02
  5.1600e+01     1.562331e+02
  5.1800e+01     1.561131e+02
  5.2000e+01     1.559967e+02
  5.2200e+01     1.558838e+02
  5.2400e+01     1.557745e+02
  5.2600e+01     1.556686e+02
  5.2800e+01     1.555663e+02
  5.3000e+01     1.554674e+02
  5.3200e+01     1.553720e+02
  5.3400e+01     1.552801e+02
  5.3600e+01     1.551916e+02
  5.3800e+01     1.551065e+02
  5.4000e+01     1.550249e+02
  5.4200e+01     1.549467e+02
  5.4400e+01     1.548720e+02
  5.4600e+01     1.548006e+02
  5.4800e+01     1.547327e+02
  5.5000e+01     1.546681e+02
  5.5200e+01     1.546069e+02
  5.5400e+01     1.545491e+02
  5.5600e+01     1.544947e+02
  5.5800e+01     1.544436e+02
  5.6000e+01     1.543959e+02
  5.6200e+01     1.543515e+02
  5.6400e+01     1.543105e+02
  5.6600e+01     1.542728e+02
  5.6800e+01     1.542384e+02
  5.7000e+01     1.542073e+02
  5.7200e+01     1.541796e+02
  5.7400e+01     1.541552e+02
  5.7600e+01     1.541340e+02
  5.7800e+01     1.541162e+02
  5.8000e+01     1.541016e+02
  5.8200e+01     1.540904e+02
  5.8400e+01     1.540824e+02
  5.8600e+01     1.540777e+02
  5.8800e+01     1.540763e+02
  5.9000e+01     1.540781e+02
  5.9200e+01     1.540832e+02
  5.9400e+01     1.540916e+02
  5.9600e+01     1.541032e+02
  5.9800e+01     1.541181e+02
  6.0000e+01     1.541362e+02
  6.0200e+01     1.541576e+02
  6.0400e+01     1.541822e+02
  6.0600e+01     1.542100e+02
  6.0800e+01     1.542411e+02
  6.1000e+01     1.542754e+02
  6.1200e+01     1.543130e+02
  6.1400e+01     1.543537e+02
  6.1600e+01     1.543977e+02
  6.1800e+01     1.544450e+02
  6.2000e+01     1.544954e+02
  6.2200e+01     1.545491e+02
  6.2400e+01     1.546060e+02
  6.2600e+01     1.546661e+02
  6.2800e+01     1.547295e+02
  6.3000e+01     1.547960e+02
  6.3200e+01     1.548658e+02
  6.3400e+01     1.549388e+02
  6.3600e+01     1.550150e+02
  6.3800e+01     1.550945e+02
  6.4000e+01     1.551771e+02
  6.4200e+01     1.552630e+02
  6.4400e+01     1.553521e+02
  6.4600e+01     1.554444e+02
  6.4800e+01     1.555399e+02
  6.5000e+01     1.556387e+02
  6.5200e+01     1.557407e+02
  6.5400e+01     1.558459e+02
  6.5600e+01     1.559543e+02
  6.5800e+01     1.560660e+02
  6.6000e+01     1.561808e+02
  6.6200e+01     1.562989e+02
  6.6400e+01     1.564203e+02
  6.6600e+01     1.565449e+02
  6.6800e+01     1.566727e+02
  6.7000e+01     1.568037e+02
  6.7200e+01     1.569380e+02
  6.7400e+01     1.570756e+02
  6.7600e+01     1.572164e+02
  6.7800e+01     1.573604e+02
  6.8000e+01     1.575078e+02
  6.8200e+01     1.576583e+02
  6.8400e+01     1.578122e+02
  6.8600e+01     1.579693e+02
  6.8800e+01     1.581296e+02
  6.9000e+01     1.582933e+02
  6.9200e+01     1.584602e+02
  6.9400e+01     1.586304e+02
  6.9600e+01     1.588039e+02
  6.9800e+01     1.589807e+02
  7.0000e+01     1.591608e+02
  7.0200e+01     1.593442e+02
  7.0400e+01     1.595309e+02
  7.0600e+01     1.597210e+02
  7.0800e+01     1.599143e+02
  7.1000e+01     1.601110e+02
  7.1200e+01     1.603110e+02
  7.1400e+01     1.605144e+02
  7.1600e+01     1.607211e+02
  7.1800e+01     1.609312e+02
  7.2000e+01     1.611446e+02
  7.2200e+01     1.613614e+02
  7.2400e+01     1.615816e+02
  7.2600e+01     1.618051e+02
  7.2800e+01     1.620320e+02
  7.3000e+01     1.622624e+02
  7.3200e+01     1.624961e+02
  7.3400e+01     1.627333e+02
  7.3600e+01     1.629738e+02
  7.3800e+01     1.632178e+02
  7.4000e+01     1.634653e+02
  7.4200e+01     1.637162e+02
  7.4400e+01     1.639705e+02
  7.4600e+01     1.642283e+02
  7.4800e+01     1.644896e+02
  7.5000e+01     1.647543e+02
  7.5200e+01     1.650226e+02
  7.5400e+01     1.652943e+02
  7.5600e+01     1.655696e+02
  7.5800e+01     1.658484e+02
  7.6000e+01     1.661307e+02
  7.6200e+01     1.664165e+02
  7.6400e+01     1.667059e+02
  7.6600e+01     1.669989e+02
  7.6800e+01     1.672954e+02
  7.7000e+01     1.675955e+02
  7.7200e+01     1.678992e+02
  7.7400e+01     1.682065e+02
  7.7600e+01     1.685174e+02
  7.7800e+01     1.688320e+02
  7.8000e+01     1.691502e+02
  7.8200e+01     1.694720e+02
  7.8400e+01     1.697975e+02
  7.8600e+01     1.701267e+02
  7.8800e+01     1.704595e+02
  7.9000e+01     1.707961e+02
  7.9200e+01     1.711364e+02
  7.9400e+01     1.714804e+02
  7.9600e+01     1.718281e+02
  7.9800e+01     1.721796e+02
  8.0000e+01     1.725348e+02
  8.0200e+01     1.728939e+02
  8.0400e+01     1.732567e+02
  8.0600e+01     1.736233e+02
  8.0800e+01     1.739937e+02
  8.1000e+01     1.743680e+02
  8.1200e+01     1.747461e+02
  8.1400e+01     1.751281e+02
  8.1600e+01     1.755139e+02
  8.1800e+01     1.759036e+02
  8.2000e+01     1.762973e+02
  8.2200e+01     1.766948e+02
  8.2400e+01     1.770963e+02
  8.2600e+01     1.775018e+02
  8.2800e+01     1.779112e+02
  8.3000e+01     1.783246e+02
  8.3200e+01     1.787420e+02
  8.3400e+01     1.791634e+02
  8.3600e+01     1.795888e+02
  8.3800e+01     1.800183e+02
  8.4000e+01     1.804518e+02
  8.4200e+01     1.808894e+02
  8.4400e+01     1.813311e+02
  8.4600e+01     1.817770e+02
  8.4800e+01     1.822269e+02
  8.5000e+01     1.826810e+02
  8.5200e+01     1.831393e+02
  8.5400e+01     1.836017e+02
  8.5600e+01     1.840684e+02
  8.5800e+01     1.845392e+02
  8.6000e+01     1.850143e+02
  8.6200e+01     1.854937e+02
  8.6400e+01     1.859773e+02
  8.6600e+01     1.864652e+02
  8.6800e+01     1.869574e+02
  8.7000e+01     1.874540e+02
  8.7200e+01     1.879549e+02
  8.7400e+01     1.884602e+02
  8.7600e+01     1.889698e+02
  8.7800e+01     1.894839e+02
  8.8000e+01     1.900024e+02
  8.8200e+01     1.905253e+02
  8.8400e+01     1.910527e+02
  8.8600e+01     1.915846e+02
  8.8800e+01     1.921210e+02
  8.9000e+01     1.926620e+02
  8.9200e+01     1.932074e+02
  8.9400e+01     1.937575e+02
  8.9600e+01     1.943121e+02
  8.9800e+01     1.948714e+02
  9.0000e+01     1.954353e+02
  9.0200e+01     1.960038e+02
  9.0400e+01     1.965770e+02
  9.0600e+01     1.971549e+02
  9.0800e+01     1.977376e+02
  9.1000e+01     1.983250e+02
  9.1200e+01     1.989171e+02
  9.1400e+01     1.995141e+02
  9.1600e+01     2.001158e+02
  9.1800e+01     2.007224e+02
  9.2000e+01     2.013338e+02
  9.2200e+01     2.019502e+02
  9.2400e+01     2.025714e+02
  9.2600e+01     2.031976e+02
  9.2800e+01     2.038287e+02
  9.3000e+01     2.044648e+02
  9.3200e+01     2.051059e+02
  9.3400e+01     2.057520e+02
  9.3600e+01     2.064032e+02
  9.3800e+01     2.070594e+02
  9.4000e+01     2.077208e+02
  9.4200e+01     2.083872e+02
  9.4400e+01     2.090588e+02
  9.4600e+01     2.097356e+02
  9.4800e+01     2.104176e+02
  9.5000e+01     2.111049e+02
  9.5200e+01     2.117973e+02
  9.5400e+01     2.124951e+02
  9.5600e+01     2.131981e+02
  9.5800e+01     2.139065e+02
  9.6000e+01     2.146203e+02
  9.6200e+01     2.153394e+02
  9.6400e+01     2.160639e+02
  9.6600e+01     2.167939e+02
  9.6800e+01     2.175293e+02
  9.7000e+01     2.182703e+02
  9.7200e+01     2.190167e+02
  9.7400e+01     2.197687e+02
  9.7600e+01     2.205263e+02
  9.7800e+01     2.212895e+02
  9.8000e+01     2.220583e+02
  9.8200e+01     2.228328e+02
  9.8400e+01     2.236129e+02
  9.8600e+01     2.243988e+02
  9.8800e+01     2.251904e+02
  9.9000e+01     2.259878e+02
  9.9200e+01     2.267910e+02
  9.9400e+01     2.276000e+02
  9.9600e+01     2.284149e+02
  9.9800e+01     2.292357e+02
  1.0000e+02     2.300624e+02
  1.0020e+02     2.308951e+02
  1.0040e+02     2.317337e+02
  1.0060e+02     2.325783e+02
  1.0080e+02     2.334290e+02
  1.0100e+02     2.342858e+02
  1.0120e+02     2.351486e+02
  1.0140e+02     2.360176e+02
  1.0160e+02     2.368928e+02
  1.0180e+02     2.377742e+02
  1.0200e+02     2.386617e+02
  1.0220e+02     2.395556e+02
  1.0240e+02     2.404557e+02
  1.0260e+02     2.413621e+02
  1.0280e+02     2.422749e+02
  1.0300e+02     2.431941e+02
  1.0320e+02     2.441197e+02
  1.0340e+02     2.450518e+02
  1.0360e+02     2.459903e+02
  1.0380e+02     2.469353e+02
  1.0400e+02     2.478869e+02
  1.0420e+02     2.488451e+02
  1.0440e+02     2.498098e+02
  1.0460e+02     2.507812e+02
  1.0480e+02     2.517593e+02
  1.0500e+02     2.527441e+02
  1.0520e+02     2.537357e+02
  1.0540e+02     2.547340e+02
  1.0560e+02     2.557391e+02
  1.0580e+02     2.567511e+02
  1.0600e+02     2.577699e+02
  1.0620e+02     2.587957e+02
  1.0640e+02     2.598284e+02
  1.0660e+02     2.608680e+02
  1.0680e+02     2.619147e+02
  1.0700e+02     2.629685e+02
  1.0720e+02     2.640293e+02
  1.0740e+02     2.650972e+02
  1.0760e+02     2.661723e+02
  1.0780e+02     2.672546e+02
  1.0800e+02     2.683441e+02
  1.0820e+02     2.694408e+02
  1.0840e+02     2.705448e+02
  1.0860e+02     2.716562e+02
  1.0880e+02     2.727749e+02
  1.0900e+02     2.739010e+02
  1.0920e+02     2.750345e+02
  1.0940e+02     2.761755e+02
  1.0960e+02     2.773240e+02
  1.0980e+02     2.784800e+02
  1.1000e+02     2.796436e+02
  1.1020e+02     2.808148e+02
  1.1040e+02     2.819937e+02
  1.1060e+02     2.831802e+02
  1.1080e+02     2.843744e+02
  1.1100e+02     2.855764e+02
  1.1120e+02     2.867862e+02
  1.1140e+02     2.880038e+02
  1.1160e+02     2.892292e+02
  1.1180e+02     2.904625e+02
  1.1200e+02     2.917038e+02
  1.1220e+02     2.929530e+02
  1.1240e+02     2.942103e+02
  1.1260e+02     2.954755e+02
  1.1280e+02     2.967488e+02
  1.1300e+02     2.980303e+02
  1.1320e+02     2.993198e+02
  1.1340e+02     3.006176e+02
  1.1360e+02     3.019236e+02
  1.1380e+02     3.032378e+02
  1.1400e+02     3.045603e+02
  1.1420e+02     3.058911e+02
  1.1440e+02     3.072303e+02
  1.1460e+02     3.085779e+02
  1.1480e+02     3.099339e+02
  1.1500e+02     3.112983e+02
  1.1520e+02     3.126713e+02
  1.1540e+02     3.140528e+02
  1.1560e+02     3.154429e+02
  1.1580e+02     3.168416e+02
  1.1600e+02     3.182489e+02
  1.1620e+02     3.196649e+02
  1.1640e+02     3.210896e+02
  1.1660e+02     3.225231e+02
  1.1680e+02     3.239653e+02
  1.1700e+02     3.254164e+02
  1.1720e+02     3.268763e+02
  1.1740e+02     3.283452e+02
  1.1760e+02     3.298229e+02
  1.1780e+02     3.313096e+02
  1.1800e+02     3.328053e+02
  1.1820e+02     3.343100e+02
  1.1840e+02     3.358238e+02
  1.1860e+02     3.373467e+02
  1.1880e+02     3.388787e+02
  1.1900e+02     3.404198e+02
  1.1920e+02     3.419702e+02
  1.1940e+02     3.435298e+02
  1.1960e+02     3.450987e+02
  1.1980e+02     3.466768e+02
  1.2000e+02     3.482643e+02
  1.2020e+02     3.498611e+02
  1.2040e+02     3.514674e+02
  1.2060e+02     3.530830e+02
  1.2080e+02     3.547082e+02
  1.2100e+02     3.563428e+02
  1.2120e+02     3.579869e+02
  1.2140e+02     3.596406e+02
  1.2160e+02     3.613039e+02
  1.2180e+02     3.629768e+02
  1.2200e+02     3.646593e+02
  1.2220e+02     3.663516e+02
  1.2240e+02     3.680535e+02
  1.2260e+02     3.697651e+02
  1.2280e+02     3.714866e+02
  1.2300e+02     3.732178e+02
  1.2320e+02     3.749588e+02
  1.2340e+02     3.767097e+02
  1.2360e+02     3.784705e+02
  1.2380e+02     3.802412e+02
  1.2400e+02     3.820218e+02
  1.2420e+02     3.838124e+02
  1.2440e+02     3.856129e+02
  1.2460e+02     3.874235e+02
  1.2480e+02     3.892441e+02
  1.2500e+02     3.910748e+02
  1.2520e+02     3.929156e+02
  1.2540e+02     3.947664e+02
  1.2560e+02     3.966275e+02
  1.2580e+02     3.984986e+02
  1.2600e+02     4.003800e+02
  1.2620e+02     4.022716e+02
  1.2640e+02     4.041734e+02
  1.2660e+02     4.060854e+02
  1.2680e+02     4.080078e+02
  1.2700e+02     4.099404e+02
  1.2720e+02     4.118833e+02
  1.2740e+02     4.138366e+02
  1.2760e+02     4.158002e+02
  1.2780e+02     4.177742e+02
  1.2800e+02     4.197585e+02
  1.2820e+02     4.217533e+02
  1.2840e+02     4.237585e+02
  1.2860e+02     4.257741e+02
  1.2880e+02     4.278002e+02
  1.2900e+02     4.298367e+02
  1.2920e+02     4.318837e+02
  1.2940e+02     4.339413e+02
  1.2960e+02     4.360093e+02
  1.2980e+02     4.380878e+02
  1.3000e+02     4.401769e+02
  1.3020e+02     4.422765e+02
  1.3040e+02     4.443866e+02
  1.3060e+02     4.465073e+02
  1.3080e+02     4.486386e+02
  1.3100e+02     4.507804e+02
  1.3120e+02     4.529328e+02
  1.3140e+02     4.550958e+02
  1.3160e+02     4.572694e+02
  1.3180e+02     4.594536e+02
  1.3200e+02     4.616484e+02
  1.3220e+02     4.638538e+02
  1.3240e+02     4.660697e+02
  1.3260e+02     4.682963e+02
  1.3280e+02     4.705335e+02
  1.3300e+02     4.727813e+02
  1.3320e+02     4.750396e+02
  1.3340e+02     4.773086e+02
  1.3360e+02     4.795881e+02
  1.3380e+02     4.818783e+02
  1.3400e+02     4.841790e+02
  1.3420e+02     4.864902e+02
  1.3440e+02     4.888121e+02
  1.3460e+02     4.911444e+02
  1.3480e+02     4.934873e+02
  1.3500e+02     4.958408e+02
  1.3520e+02     4.982047e+02
  1.3540e+02     5.005792e+02
  1.3560e+02     5.029642e+02
  1.3580e+02     5.053596e+02
  1.3600e+02     5.077654e+02
  1.3620e+02     5.101817e+02
  1.3640e+02     5.126084e+02
  1.3660e+02     5.150455e+02
  1.3680e+02     5.174930e+02
  1.3700e+02     5.199508e+02
  1.3720e+02     5.224190e+02
  1.3740e+02     5.248974e+02
  1.3760e+02     5.273861e+02
  1.3780e+02     5.298850e+02
  1.3800e+02     5.323942e+02
  1.3820e+02     5.349135e+02
  1.3840e+02     5.374430e+02
  1.3860e+02     5.399825e+02
  1.3880e+02     5.425322e+02
  1.3900e+02     5.450919e+02
  1.3920e+02     5.476615e+02
  1.3940e+02     5.502412e+02
  1.3960e+02     5.528307e+02
  1.3980e+02     5.554301e+02
  1.4000e+02     5.580394e+02
  1.4020e+02     5.606584e+02
  1.4040e+02     5.632871e+02
  1.4060e+02     5.659256e+02
  1.4080e+02     5.685736e+02
  1.4100e+02     5.712313e+02
  1.4120e+02     5.738985e+02
  1.4140e+02     5.765751e+02
  1.4160e+02     5.792612e+02
  1.4180e+02     5.819566e+02
  1.4200e+02     5.846612e+02
  1.4220e+02     5.873752e+02
  1.4240e+02     5.900982e+02
  1.4260e+02     5.928304e+02
  1.4280e+02     5.955716e+02
  1.4300e+02     5.983218e+02
  1.4320e+02     6.010809e+02
  1.4340e+02     6.038487e+02
  1.4360e+02     6.066253e+02
  1.4380e+02     6.094106e+02
  1.4400e+02     6.122044e+02
  1.4420e+02     6.150068e+02
  1.4440e+02     6.178176e+02
  1.4460e+02     6.206367e+02
  1.4480e+02     6.234640e+02
  1.4500e+02     6.262995e+02
  1.4520e+02     6.291431e+02
  1.4540e+02     6.319946e+02
  1.4560e+02     6.348541e+02
  1.4580e+02     6.377213e+02
  1.4600e+02     6.405962e+02
  1.4620e+02     6.434787e+02
  1.4640e+02     6.463686e+02
  1.4660e+02     6.492660e+02
  1.4680e+02     6.521706e+02
  1.4700e+02     6.550824e+02
  1.4720e+02     6.580012e+02
  1.4740e+02     6.609270e+02
  1.4760e+02     6.638596e+02
  1.4780e+02     6.667989e+02
  1.4800e+02     6.697447e+02
  1.4820e+02     6.726971e+02
  1.4840e+02     6.756558e+02
  1.4860e+02     6.786207e+02
  1.4880e+02     6.815917e+02
  1.4900e+02     6.845686e+02
  1.4920e+02     6.875514e+02
  1.4940e+02     6.905398e+02
  1.4960e+02     6.935338e+02
  1.4980e+02     6.965332e+02
  1.5000e+02     6.995379e+02
  1.5020e+02     7.025477e+02
  1.5040e+02     7.055625e+02
  1.5060e+02     7.085822e+02
  1.5080e+02     7.116065e+02
  1.5100e+02     7.146353e+02
  1.5120e+02     7.176685e+02
  1.5140e+02     7.207059e+02
  1.5160e+02     7.237474e+02
  1.5180e+02     7.267928e+02
  1.5200e+02     7.298419e+02
  1.5220e+02     7.328945e+02
  1.5240e+02     7.359506e+02
  1.5260e+02     7.390099e+02
  1.5280e+02     7.420722e+02
  1.5300e+02     7.451374e+02
  1.5320e+02     7.482053e+02
  1.5340e+02     7.512757e+02
  1.5360e+02     7.543485e+02
  1.5380e+02     7.574233e+02
  1.5400e+02     7.605002e+02
  1.5420e+02     7.635788e+02
  1.5440e+02     7.666590e+02
  1.5460e+02     7.697406e+02
  1.5480e+02     7.728233e+02
  1.5500e+02     7.759071e+02
  1.5520e+02     7.789916e+02
  1.5540e+02     7.820767e+02
  1.5560e+02     7.851622e+02
  1.5580e+02     7.882479e+02
  1.5600e+02     7.913335e+02
  1.5620e+02     7.944189e+02
  1.5640e+02     7.975037e+02
  1.5660e+02     8.005880e+02
  1.5680e+02     8.036713e+02
  1.5700e+02     8.067535e+02
  1.5720e+02     8.098343e+02
  1.5740e+02     8.129135e+02
  1.5760e+02     8.159910e+02
  1.5780e+02     8.190664e+02
  1.5800e+02     8.221396e+02
  1.5820e+02     8.252103e+02
  1.5840e+02     8.282782e+02
  1.5860e+02     8.313432e+02
  1.5880e+02     8.344049e+02
  1.5900e+02     8.374632e+02
  1.5920e+02     8.405178e+02
  1.5940e+02     8.435685e+02
  1.5960e+02     8.466150e+02
  1.5980e+02     8.496570e+02
  1.6000e+02     8.526943e+02
  1.6020e+02     8.557267e+02
  1.6040e+02     8.587539e+02
  1.6060e+02     8.617756e+02
  1.6080e+02     8.647916e+02
  1.6100e+02     8.678017e+02
  1.6120e+02     8.708055e+02
  1.6140e+02     8.738028e+02
  1.6160e+02     8.767933e+02
  1.6180e+02     8.797768e+02
  1.6200e+02     8.827529e+02
  1.6220e+02     8.857216e+02
  1.6240e+02     8.886823e+02
  1.6260e+02     8.916349e+02
  1.6280e+02     8.945792e+02
  1.6300e+02     8.975147e+02
  1.6320e+02     9.004414e+02
  1.6340e+02     9.033588e+02
  1.6360e+02     9.062666e+02
  1.6380e+02     9.091647e+02
  1.6400e+02     9.120528e+02
  1.6420e+02     9.149304e+02
  1.6440e+02     9.177974e+02
  1.6460e+02     9.206536e+02
  1.6480e+02     9.234984e+02
  1.6500e+02     9.263318e+02
  1.6520e+02     9.291534e+02
  1.6540e+02     9.319630e+02
  1.6560e+02     9.347601e+02
  1.6580e+02     9.375446e+02
  1.6600e+02     9.403162e+02
  1.6620e+02     9.430745e+02
  1.6640e+02     9.458193e+02
  1.6660e+02     9.485503e+02
  1.6680e+02     9.512671e+02
  1.6700e+02     9.539695e+02
  1.6720e+02     9.566573e+02
  1.6740e+02     9.593300e+02
  1.6760e+02     9.619874e+02
  1.6780e+02     9.646292e+02
  1.6800e+02     9.672552e+02
  1.6820e+02     9.698649e+02
  1.6840e+02     9.724582e+02
  1.6860e+02     9.750347e+02
  1.6880e+02     9.775942e+02
  1.6900e+02     9.801363e+02
  1.6920e+02     9.826607e+02
  1.6940e+02     9.851672e+02
  1.6960e+02     9.876554e+02
  1.6980e+02     9.901252e+02
  1.7000e+02     9.925760e+02
  1.7020e+02     9.950078e+02
  1.7040e+02     9.974202e+02
  1.7060e+02     9.998128e+02
  1.7080e+02     1.002185e+03
  1.7100e+02     1.004537e+03
  1.7120e+02     1.006869e+03
  1.7140e+02     1.009180e+03
  1.7160e+02     1.011470e+03
  1.7180e+02     1.013738e+03
  1.7200e+02     1.015985e+03
  1.7220e+02     1.018210e+03
  1.7240e+02     1.020412e+03
  1.7260e+02     1.022592e+03
  1.7280e+02     1.024749e+03
  1.7300e+02     1.026883e+03
  1.7320e+02     1.028994e+03
  1.7340e+02     1.031081e+03
  1.7360e+02     1.033144e+03
  1.7380e+02     1.035183e+03
  1.7400e+02     1.037197e+03
  1.7420e+02     1.039187e+03
  1.7440e+02     1.041151e+03
  1.7460e+02     1.043091e+03
  1.7480e+02     1.045005e+03
  1.7500e+02     1.046893e+03
  1.7520e+02     1.048755e+03
  1.7540e+02     1.050591e+03
  1.7560e+02     1.052401e+03
  1.7580e+02     1.054183e+03
  1.7600e+02     1.055939e+03
  1.7620e+02     1.057667e+03
  1.7640e+02     1.059368e+03
  1.7660e+02     1.061042e+03
  1.7680e+02     1.062687e+03
  1.7700e+02     1.064304e+03
  1.7720e+02     1.065893e+03
  1.7740e+02     1.067453e+03
  1.7760e+02     1.068984e+03
  1.7780e+02     1.070487e+03
  1.7800e+02     1.071960e+03
  1.7820e+02     1.073403e+03
  1.7840e+02     1.074817e+03
  1.7860e+02     1.076201e+03
  1.7880e+02     1.077555e+03
  1.7900e+02     1.078879e+03
  1.7920e+02     1.080172e+03
  1.7940e+02     1.081435e+03
  1.7960e+02     1.082666e+03
  1.7980e+02     1.083867e+03
  1.8000e+02     1.085037e+03
  1.8020e+02     1.086175e+03
  1.8040e+02     1.087281e+03
  1.8060e+02     1.088356e+03
  1.8080e+02     1.089400e+03
  1.8100e+02     1.090411e+03
  1.8120e+02     1.091390e+03
  1.8140e+02     1.092337e+03
  1.8160e+02     1.093251e+03
  1.8180e+02     1.094133e+03
  1.8200e+02     1.094982e+03
  1.8220e+02     1.095798e+03
  1.8240e+02     1.096581e+03
  1.8260e+02     1.097332e+03
  1.8280e+02     1.098049e+03
  1.8300e+02     1.098733e+03
  1.8320e+02     1.099383e+03
  1.8340e+02     1.100000e+03
  1.8360e+02     1.100583e+03
  1.8380e+02     1.101133e+03
  1.8400e+02     1.101649e+03
  1.8420e+02     1.102131e+03
  1.8440e+02     1.102579e+03
  1.8460e+02     1.102994e+03
  1.8480e+02     1.103374e+03
  1.8500e+02     1.103720e+03
  1.8520e+02     1.104032e+03
  1.8540e+02     1.104310e+03
  1.8560e+02     1.104554e+03
  1.8580e+02     1.104763e+03
  1.8600e+02     1.104938e+03
  1.8620e+02     1.105079e+03
  1.8640e+02     1.105185e+03
  1.8660e+02     1.105257e+03
  1.8680e+02     1.105295e+03
  1.8700e+02     1.105298e+03
  1.8720e+02     1.105267e+03
  1.8740e+02     1.105202e+03
  1.8760e+02     1.105102e+03
  1.8780e+02     1.104967e+03
  1.8800e+02     1.104799e+03
  1.8820e+02     1.104596e+03
  1.8840e+02     1.104359e+03
  1.8860e+02     1.104087e+03
  1.8880e+02     1.103782e+03
  1.8900e+02     1.103442e+03
  1.8920e+02     1.103068e+03
  1.8940e+02     1.102660e+03
  1.8960e+02     1.102218e+03
  1.8980e+02     1.101743e+03
  1.9000e+02     1.101233e+03
  1.9020e+02     1.100689e+03
  1.9040e+02     1.100112e+03
  1.9060e+02     1.099502e+03
  1.9080e+02     1.098857e+03
  1.9100e+02     1.098180e+03
  1.9120e+02     1.097469e+03
  1.9140e+02     1.096725e+03
  1.9160e+02     1.095948e+03
  1.9180e+02     1.095137e+03
  1.9200e+02     1.094294e+03
  1.9220e+02     1.093419e+03
  1.9240e+02     1.092510e+03
  1.9260e+02     1.091570e+03
  1.9280e+02     1.090597e+03
  1.9300e+02     1.089591e+03
  1.9320e+02     1.088554e+03
  1.9340e+02     1.087485e+03
  1.9360e+02     1.086384e+03
  1.9380e+02     1.085252e+03
  1.9400e+02     1.084089e+03
  1.9420e+02     1.082894e+03
  1.9440e+02     1.081668e+03
  1.9460e+02     1.080411e+03
  1.9480e+02     1.079124e+03
  1.9500e+02     1.077807e+03
  1.9520e+02     1.076459e+03
  1.9540e+02     1.075081e+03
  1.9560e+02     1.073673e+03
  1.9580e+02     1.072236e+03
  1.9600e+02     1.070769e+03
  1.9620e+02     1.069273e+03
  1.9640e+02     1.067748e+03
  1.9660e+02     1.066194e+03
  1.9680e+02     1.064612e+03
  1.9700e+02     1.063001e+03
  1.9720e+02     1.061362e+03
  1.9740e+02     1.059696e+03
  1.9760e+02     1.058002e+03
  1.9780e+02     1.056280e+03
  1.9800e+02     1.054532e+03
  1.9820e+02     1.052756e+03
  1.9840e+02     1.050954e+03
  1.9860e+02     1.049126e+03
  1.9880e+02     1.047272e+03
  1.9900e+02     1.045391e+03
  1.9920e+02     1.043486e+03
  1.9940e+02     1.041554e+03
  1.9960e+02     1.039598e+03
  1.9980e+02     1.037617e+03
  2.0000e+02     1.035612e+03
  2.0020e+02     1.033583e+03
  2.0040e+02     1.031529e+03
  2.0060e+02     1.029452e+03
  2.0080e+02     1.027351e+03
  2.0100e+02     1.025228e+03
  2.0120e+02     1.023082e+03
  2.0140e+02     1.020913e+03
  2.0160e+02     1.018722e+03
  2.0180e+02     1.016509e+03
  2.0200e+02     1.014274e+03
  2.0220e+02     1.012018e+03
  2.0240e+02     1.009742e+03
  2.0260e+02     1.007444e+03
  2.0280e+02     1.005126e+03
  2.0300e+02     1.002788e+03
  2.0320e+02     1.000430e+03
  2.0340e+02     9.980530e+02
  2.0360e+02     9.956564e+02
  2.0380e+02     9.932409e+02
  2.0400e+02     9.908068e+02
  2.0420e+02     9.883545e+02
  2.0440e+02     9.858841e+02
  2.0460e+02     9.833962e+02
  2.0480e+02     9.808908e+02
  2.0500e+02     9.783685e+02
  2.0520e+02     9.758294e+02
  2.0540e+02     9.732739e+02
  2.0560e+02     9.707023e+02
  2.0580e+02     9.681149e+02
  2.0600e+02     9.655120e+02
  2.0620e+02     9.628940e+02
  2.0640e+02     9.602611e+02
  2.0660e+02     9.576136e+02
  2.0680e+02     9.549520e+02
  2.0700e+02     9.522764e+02
  2.0720e+02     9.495872e+02
  2.0740e+02     9.468848e+02
  2.0760e+02     9.441693e+02
  2.0780e+02     9.414412e+02
  2.0800e+02     9.387007e+02
  2.0820e+02     9.359481e+02
  2.0840e+02     9.331838e+02
  2.0860e+02     9.304081e+02
  2.0880e+02     9.276212e+02
  2.0900e+02     9.248235e+02
  2.0920e+02     9.220153e+02
  2.0940e+02     9.191968e+02
  2.0960e+02     9.163685e+02
  2.0980e+02     9.135305e+02
  2.1000e+02     9.106832e+02
  2.1020e+02     9.078269e+02
  2.1040e+02     9.049619e+02
  2.1060e+02     9.020885e+02
  2.1080e+02     8.992069e+02
  2.1100e+02     8.963175e+02
  2.1120e+02     8.934206e+02
  2.1140e+02     8.905164e+02
  2.1160e+02     8.876053e+02
  2.1180e+02     8.846875e+02
  2.1200e+02     8.817633e+02
  2.1220e+02     8.788330e+02
  2.1240e+02     8.758969e+02
  2.1260e+02     8.729553e+02
  2.1280e+02     8.700084e+02
  2.1300e+02     8.670565e+02
  2.1320e+02     8.640999e+02
  2.1340e+02     8.611389e+02
  2.1360e+02     8.581737e+02
  2.1380e+02     8.552046e+02
  2.1400e+02     8.522319e+02
  2.1420e+02     8.492559e+02
  2.1440e+02     8.462767e+02
  2.1460e+02     8.432947e+02
  2.1480e+02     8.403101e+02
  2.1500e+02     8.373232e+02
  2.1520e+02     8.343342e+02
  2.1540e+02     8.313434e+02
  2.1560e+02     8.283511e+02
  2.1580e+02     8.253574e+02
  2.1600e+02     8.223626e+02
  2.1620e+02     8.193670e+02
  2.1640e+02     8.163708e+02
  2.1660e+02     8.133742e+02
  2.1680e+02     8.103775e+02
  2.1700e+02     8.073810e+02
  2.1720e+02     8.043847e+02
  2.1740e+02     8.013890e+02
  2.1760e+02     7.983941e+02
  2.1780e+02     7.954003e+02
  2.1800e+02     7.924076e+02
  2.1820e+02     7.894164e+02
  2.1840e+02     7.864269e+02
  2.1860e+02     7.834392e+02
  2.1880e+02     7.804536e+02
  2.1900e+02     7.774704e+02
  2.1920e+02     7.744896e+02
  2.1940e+02     7.715115e+02
  2.1960e+02     7.685363e+02
  2.1980e+02     7.655642e+02
  2.2000e+02     7.625954e+02
  2.2020e+02     7.596300e+02
  2.2040e+02     7.566684e+02
  2.2060e+02     7.537105e+02
  2.2080e+02     7.507568e+02
  2.2100e+02     7.478072e+02
  2.2120e+02     7.448620e+02
  2.2140e+02     7.419214e+02
  2.2160e+02     7.389856e+02
  2.2180e+02     7.360546e+02
  2.2200e+02     7.331288e+02
  2.2220e+02     7.302081e+02
  2.2240e+02     7.272929e+02
  2.2260e+02     7.243833e+02
  2.2280e+02     7.214793e+02
  2.2300e+02     7.185813e+02
  2.2320e+02     7.156893e+02
  2.2340e+02     7.128034e+02
  2.2360e+02     7.099239e+02
  2.2380e+02     7.070509e+02
  2.2400e+02     7.041844e+02
  2.2420e+02     7.013247e+02
  2.2440e+02     6.984719e+02
  2.2460e+02     6.956262e+02
  2.2480e+02     6.927875e+02
  2.2500e+02     6.899562e+02
  2.2520e+02     6.871322e+02
  2.2540e+02     6.843158e+02
  2.2560e+02     6.815070e+02
  2.2580e+02     6.787060e+02
  2.2600e+02     6.759129e+02
  2.2620e+02     6.731278e+02
  2.2640e+02     6.703508e+02
  2.2660e+02     6.675821e+02
  2.2680e+02     6.648216e+02
  2.2700e+02     6.620696e+02
  2.2720e+02     6.593261e+02
  2.2740e+02     6.565913e+02
  2.2760e+02     6.538652e+02
  2.2780e+02     6.511479e+02
  2.2800e+02     6.484396e+02
  2.2820e+02     6.457402e+02
  2.2840e+02     6.430500e+02
  2.2860e+02     6.403689e+02
  2.2880e+02     6.376971e+02
  2.2900e+02     6.350347e+02
  2.2920e+02     6.323817e+02
  2.2940e+02     6.297382e+02
  2.2960e+02     6.271043e+02
  2.2980e+02     6.244801e+02
  2.3000e+02     6.218656e+02
  2.3020e+02     6.192609e+02
  2.3040e+02     6.166660e+02
  2.3060e+02     6.140811e+02
  2.3080e+02     6.115062e+02
  2.3100e+02     6.089414e+02
  2.3120e+02     6.063867e+02
  2.3140e+02     6.038421e+02
  2.3160e+02     6.013078e+02
  2.3180e+02     5.987838e+02
  2.3200e+02     5.962701e+02
  2.3220e+02     5.937668e+02
  2.3240e+02     5.912739e+02
  2.3260e+02     5.887915e+02
  2.3280e+02     5.863196e+02
  2.3300e+02     5.838583e+02
  2.3320e+02     5.814077e+02
  2.3340e+02     5.789676e+02
  2.3360e+02     5.765383e+02
  2.3380e+02     5.741197e+02
  2.3400e+02     5.717118e+02
  2.3420e+02     5.693148e+02
  2.3440e+02     5.669285e+02
  2.3460e+02     5.645531e+02
  2.3480e+02     5.621886e+02
  2.3500e+02     5.598350e+02
  2.3520e+02     5.574924e+02
  2.3540e+02     5.551607e+02
  2.3560e+02     5.528400e+02
  2.3580e+02     5.505302e+02
  2.3600e+02     5.482315e+02
  2.3620e+02     5.459439e+02
  2.3640e+02     5.436673e+02
  2.3660e+02     5.414018e+02
  2.3680e+02     5.391473e+02
  2.3700e+02     5.369040e+02
  2.3720e+02     5.346717e+02
  2.3740e+02     5.324506e+02
  2.3760e+02     5.302406e+02
  2.3780e+02     5.280418e+02
  2.3800e+02     5.258540e+02
  2.3820e+02     5.236775e+02
  2.3840e+02     5.215121e+02
  2.3860e+02     5.193578e+02
  2.3880e+02     5.172147e+02
  2.3900e+02     5.150827e+02
  2.3920e+02     5.129620e+02
  2.3940e+02     5.108523e+02
  2.3960e+02     5.087538e+02
  2.3980e+02     5.066665e+02
  2.4000e+02     5.045903e+02
  2.4020e+02     5.025253e+02
  2.4040e+02     5.004714e+02
  2.4060e+02     4.984286e+02
  2.4080e+02     4.963969e+02
  2.4100e+02     4.943763e+02
  2.4120e+02     4.923669e+02
  2.4140e+02     4.903685e+02
  2.4160e+02     4.883812e+02
  2.4180e+02     4.864050e+02
  2.4200e+02     4.844398e+02
  2.4220e+02     4.824856e+02
  2.4240e+02     4.805425e+02
  2.4260e+02     4.786103e+02
  2.4280e+02     4.766892e+02
  2.4300e+02     4.747790e+02
  2.4320e+02     4.728798e+02
  2.4340e+02     4.709915e+02
  2.4360e+02     4.691141e+02
  2.4380e+02     4.672476e+02
  2.4400e+02     4.653920e+02
  2.4420e+02     4.635472e+02
  2.4440e+02     4.617133e+02
  2.4460e+02     4.598902e+02
  2.4480e+02     4.580778e+02
  2.4500e+02     4.562762e+02
  2.4520e+02     4.544854e+02
  2.4540e+02     4.527052e+02
  2.4560e+02     4.509358e+02
  2.4580e+02     4.491770e+02
  2.4600e+02     4.474288e+02
  2.4620e+02     4.456912e+02
  2.4640e+02     4.439642e+02
  2.4660e+02     4.422478e+02
  2.4680e+02     4.405419e+02
  2.4700e+02     4.388464e+02
  2.4720e+02     4.371614e+02
  2.4740e+02     4.354869e+02
  2.4760e+02     4.338228e+02
  2.4780e+02     4.321690e+02
  2.4800e+02     4.305255e+02
  2.4820e+02     4.288924e+02
  2.4840e+02     4.272696e+02
  2.4860e+02     4.256570e+02
  2.4880e+02     4.240546e+02
  2.4900e+02     4.224624e+02
  2.4920e+02     4.208803e+02
  2.4940e+02     4.193084e+02
  2.4960e+02     4.177465e+02
  2.4980e+02     4.161947e+02
  2.5000e+02     4.146528e+02
  2.5020e+02     4.131210e+02
  2.5040e+02     4.115991e+02
  2.5060e+02     4.100871e+02
  2.5080e+02     4.085850e+02
  2.5100e+02     4.070927e+02
  2.5120e+02     4.056103e+02
  2.5140e+02     4.041376e+02
  2.5160e+02     4.026746e+02
  2.5180e+02     4.012213e+02
  2.5200e+02     3.997777e+02
  2.5220e+02     3.983437e+02
  2.5240e+02     3.969192e+02
  2.5260e+02     3.955044e+02
  2.5280e+02     3.940990e+02
  2.5300e+02     3.927031e+02
  2.5320e+02     3.913167e+02
  2.5340e+02     3.899396e+02
  2.5360e+02     3.885719e+02
  2.5380e+02     3.872136e+02
  2.5400e+02     3.858645e+02
  2.5420e+02     3.845247e+02
  2.5440e+02     3.831941e+02
  2.5460e+02     3.818726e+02
  2.5480e+02     3.805603e+02
  2.5500e+02     3.792571e+02
  2.5520e+02     3.779630e+02
  2.5540e+02     3.766779e+02
  2.5560e+02     3.754018e+02
  2.5580e+02     3.741346e+02
  2.5600e+02     3.728763e+02
  2.5620e+02     3.716269e+02
  2.5640e+02     3.703863e+02
  2.5660e+02     3.691545e+02
  2.5680e+02     3.679315e+02
  2.5700e+02     3.667172e+02
  2.5720e+02     3.655116e+02
  2.5740e+02     3.643146e+02
  2.5760e+02     3.631262e+02
  2.5780e+02     3.619464e+02
  2.5800e+02     3.607752e+02
  2.5820e+02     3.596124e+02
  2.5840e+02     3.584580e+02
  2.5860e+02     3.573121e+02
  2.5880e+02     3.561746e+02
  2.5900e+02     3.550454e+02
  2.5920e+02     3.539245e+02
  2.5940e+02     3.528118e+02
  2.5960e+02     3.517074e+02
  2.5980e+02     3.506112e+02
  2.6000e+02     3.495231e+02
  2.6020e+02     3.484431e+02
  2.6040e+02     3.473713e+02
  2.6060e+02     3.463074e+02
  2.6080e+02     3.452516e+02
  2.6100e+02     3.442037e+02
  2.6120e+02     3.431637e+02
  2.6140e+02     3.421317e+02
  2.6160e+02     3.411075e+02
  2.6180e+02     3.400911e+02
  2.6200e+02     3.390825e+02
  2.6220e+02     3.380817e+02
  2.6240e+02     3.370885e+02
  2.6260e+02     3.361030e+02
  2.6280e+02     3.351252e+02
  2.6300e+02     3.341550e+02
  2.6320e+02     3.331923e+02
  2.6340e+02     3.322372e+02
  2.6360e+02     3.312895e+02
  2.6380e+02     3.303494e+02
  2.6400e+02     3.294166e+02
  2.6420e+02     3.284912e+02
  2.6440e+02     3.275732e+02
  2.6460e+02     3.266625e+02
  2.6480e+02     3.257591e+02
  2.6500e+02     3.248630e+02
  2.6520e+02     3.239740e+02
  2.6540e+02     3.230923e+02
  2.6560e+02     3.222176e+02
  2.6580e+02     3.213501e+02
  2.6600e+02     3.204897e+02
  2.6620e+02     3.196363e+02
  2.6640e+02     3.187900e+02
  2.6660e+02     3.179506e+02
  2.6680e+02     3.171182e+02
  2.6700e+02     3.162927e+02
  2.6720e+02     3.154740e+02
  2.6740e+02     3.146622e+02
  2.6760e+02     3.138573e+02
  2.6780e+02     3.130591e+02
  2.6800e+02     3.122676e+02
  2.6820e+02     3.114829e+02
  2.6840e+02     3.107049e+02
  2.6860e+02     3.099335e+02
  2.6880e+02     3.091688e+02
  2.6900e+02     3.084106e+02
  2.6920e+02     3.076590e+02
  2.6940e+02     3.069140e+02
  2.6960e+02     3.061754e+02
  2.6980e+02     3.054433e+02
  2.7000e+02     3.047177e+02
  2.7020e+02     3.039985e+02
  2.7040e+02     3.032856e+02
  2.7060e+02     3.025791e+02
  2.7080e+02     3.018790e+02
  2.7100e+02     3.011851e+02
  2.7120e+02     3.004975e+02
  2.7140e+02     2.998161e+02
  2.7160e+02     2.991409e+02
  2.7180e+02     2.984719e+02
  2.7200e+02     2.978090e+02
  2.7220e+02     2.971523e+02
  2.7240e+02     2.965017e+02
  2.7260e+02     2.958571e+02
  2.7280e+02     2.952185e+02
  2.7300e+02     2.945860e+02
  2.7320e+02     2.939595e+02
  2.7340e+02     2.933389e+02
  2.7360e+02     2.927242e+02
  2.7380e+02     2.921154e+02
  2.7400e+02     2.915125e+02
  2.7420e+02     2.909155e+02
  2.7440e+02     2.903243e+02
  2.7460e+02     2.897389e+02
  2.7480e+02     2.891592e+02
  2.7500e+02     2.885853e+02
  2.7520e+02     2.880171e+02
  2.7540e+02     2.874546e+02
  2.7560e+02     2.868978e+02
  2.7580e+02     2.863466e+02
  2.7600e+02     2.858010e+02
  2.7620e+02     2.852611e+02
  2.7640e+02     2.847267e+02
  2.7660e+02     2.841978e+02
  2.7680e+02     2.836745e+02
  2.7700e+02     2.831567e+02
  2.7720e+02     2.826443e+02
  2.7740e+02     2.821374e+02
  2.7760e+02     2.816360e+02
  2.7780e+02     2.811399e+02
  2.7800e+02     2.806492e+02
  2.7820e+02     2.801639e+02
  2.7840e+02     2.796839e+02
  2.7860e+02     2.792093e+02
  2.7880e+02     2.787399e+02
  2.7900e+02     2.782758e+02
  2.7920e+02     2.778170e+02
  2.7940e+02     2.773634e+02
  2.7960e+02     2.769150e+02
  2.7980e+02     2.764718e+02
  2.8000e+02     2.760337e+02
  2.8020e+02     2.756009e+02
  2.8040e+02     2.751731e+02
  2.8060e+02     2.747504e+02
  2.8080e+02     2.743329e+02
  2.8100e+02     2.739203e+02
  2.8120e+02     2.735129e+02
  2.8140e+02     2.731104e+02
  2.8160e+02     2.727130e+02
  2.8180e+02     2.723206e+02
  2.8200e+02     2.719331e+02
  2.8220e+02     2.715506e+02
  2.8240e+02     2.711730e+02
  2.8260e+02     2.708003e+02
  2.8280e+02     2.704326e+02
  2.8300e+02     2.700697e+02
  2.8320e+02     2.697116e+02
  2.8340e+02     2.693584e+02
  2.8360e+02     2.690101e+02
  2.8380e+02     2.686665e+02
  2.8400e+02     2.683277e+02
  2.8420e+02     2.679937e+02
  2.8440e+02     2.676645e+02
  2.8460e+02     2.673400e+02
  2.8480e+02     2.670202e+02
  2.8500e+02     2.667051e+02
  2.8520e+02     2.663947e+02
  2.8540e+02     2.660890e+02
  2.8560e+02     2.657880e+02
  2.8580e+02     2.654916e+02
  2.8600e+02     2.651998e+02
  2.8620e+02     2.649126e+02
  2.8640e+02     2.646301e+02
  2.8660e+02     2.643521e+02
  2.8680e+02     2.640787e+02
  2.8700e+02     2.638098e+02
  2.8720e+02     2.635455e+02
  2.8740e+02     2.632857e+02
  2.8760e+02     2.630304e+02
  2.8780e+02     2.627796e+02
  2.8800e+02     2.625333e+02
  2.8820e+02     2.622915e+02
  2.8840e+02     2.620541e+02
  2.8860e+02     2.618212e+02
  2.8880e+02     2.615927e+02
  2.8900e+02     2.613686e+02
  2.8920e+02     2.611489e+02
  2.8940e+02     2.609337e+02
  2.8960e+02     2.607227e+02
  2.8980e+02     2.605162e+02
  2.9000e+02     2.603140e+02
  2.9020e+02     2.601162e+02
  2.9040e+02     2.599227e+02
  2.9060e+02     2.597335e+02
  2.9080e+02     2.595486e+02
  2.9100e+02     2.593681e+02
  2.9120e+02     2.591918e+02
  2.9140e+02     2.590198e+02
  2.9160e+02     2.588520e+02
  2.9180e+02     2.586886e+02
  2.9200e+02     2.585293e+02
  2.9220e+02     2.583743e+02
  2.9240e+02     2.582235e+02
  2.9260e+02     2.580770e+02
  2.9280e+02     2.579346e+02
  2.9300e+02     2.577964e+02
  2.9320e+02     2.576624e+02
  2.9340e+02     2.575326e+02
  2.9360e+02     2.574070e+02
  2.9380e+02     2.572855e+02
  2.9400e+02     2.571682e+02
  2.9420e+02     2.570550e+02
  2.9440e+02     2.569459e+02
  2.9460e+02     2.568410e+02
  2.9480e+02     2.567402e+02
  2.9500e+02     2.566435e+02
  2.9520e+02     2.565508e+02
  2.9540e+02     2.564623e+02
  2.9560e+02     2.563779e+02
  2.9580e+02     2.562975e+02
  2.9600e+02     2.562212e+02
  2.9620e+02     2.561490e+02
  2.9640e+02     2.560808e+02
  2.9660e+02     2.560167e+02
  2.9680e+02     2.559566e+02
  2.9700e+02     2.559005e+02
  2.9720e+02     2.558485e+02
  2.9740e+02     2.558005e+02
  2.9760e+02     2.557565e+02
  2.9780e+02     2.557165e+02
  2.9800e+02     2.556805e+02
  2.9820e+02     2.556485e+02
  2.9840e+02     2.556205e+02
  2.9860e+02     2.555965e+02
  2.9880e+02     2.555764e+02
  2.9900e+02     2.555604e+02
  2.9920e+02     2.555483e+02
  2.9940e+02     2.555401e+02
  2.9960e+02     2.555360e+02
  2.9980e+02     2.555358e+02
  3.0000e+02     2.555395e+02
  3.0020e+02     2.555472e+02
  3.0040e+02     2.555588e+02
  3.0060e+02     2.555744e+02
  3.0080e+02     2.555939e+02
  3.0100e+02     2.556173e+02
  3.0120e+02     2.556446e+02
  3.0140e+02     2.556759e+02
  3.0160e+02     2.557111e+02
  3.0180e+02     2.557502e+02
  3.0200e+02     2.557932e+02
  3.0220e+02     2.558401e+02
  3.0240e+02     2.558909e+02
  3.0260e+02     2.559457e+02
  3.0280e+02     2.560043e+02
  3.0300e+02     2.560668e+02
  3.0320e+02     2.561332e+02
  3.0340e+02     2.562036e+02
  3.0360e+02     2.562778e+02
  3.0380e+02     2.563559e+02
  3.0400e+02     2.564378e+02
  3.0420e+02     2.565237e+02
  3.0440e+02     2.566134e+02
  3.0460e+02     2.567070e+02
  3.0480e+02     2.568045e+02
  3.0500e+02     2.569059e+02
  3.0520e+02     2.570112e+02
  3.0540e+02     2.571203e+02
  3.0560e+02     2.572333e+02
  3.0580e+02     2.573502e+02
  3.0600e+02     2.574709e+02
  3.0620e+02     2.575955e+02
  3.0640e+02     2.577240e+02
  3.0660e+02     2.578564e+02
  3.0680e+02     2.579926e+02
  3.0700e+02     2.581327e+02
  3.0720e+02     2.582767e+02
  3.0740e+02     2.584245e+02
  3.0760e+02     2.585762e+02
  3.0780e+02     2.587318e+02
  3.0800e+02     2.588913e+02
  3.0820e+02     2.590546e+02
  3.0840e+02     2.592218e+02
  3.0860e+02     2.593928e+02
  3.0880e+02     2.595678e+02
  3.0900e+02     2.597466e+02
  3.0920e+02     2.599293e+02
  3.0940e+02     2.601158e+02
  3.0960e+02     2.603063e+02
  3.0980e+02     2.605006e+02
  3.1000e+02     2.606988e+02
  3.1020e+02     2.609009e+02
  3.1040e+02     2.611068e+02
  3.1060e+02     2.613167e+02
  3.1080e+02     2.615304e+02
  3.1100e+02     2.617481e+02
  3.1120e+02     2.619696e+02
  3.1140e+02     2.621950e+02
  3.1160e+02     2.624243e+02
  3.1180e+02     2.626575e+02
  3.1200e+02     2.628946e+02
  3.1220e+02     2.631356e+02
  3.1240e+02     2.633806e+02
  3.1260e+02     2.636294e+02
  3.1280e+02     2.638821e+02
  3.1300e+02     2.641388e+02
  3.1320e+02     2.643994e+02
  3.1340e+02     2.646639e+02
  3.1360e+02     2.649323e+02
  3.1380e+02     2.652046e+02
  3.1400e+02     2.654809e+02
  3.1420e+02     2.657611e+02
  3.1440e+02     2.660453e+02
  3.1460e+02     2.663334e+02
  3.1480e+02     2.666254e+02
  3.1500e+02     2.669215e+02
  3.1520e+02     2.672214e+02
  3.1540e+02     2.675253e+02
  3.1560e+02     2.678332e+02
  3.1580e+02     2.681451e+02
  3.1600e+02     2.684609e+02
  3.1620e+02     2.687807e+02
  3.1640e+02     2.691045e+02
  3.1660e+02     2.694322e+02
  3.1680e+02     2.697640e+02
  3.1700e+02     2.700998e+02
  3.1720e+02     2.704395e+02
  3.1740e+02     2.707833e+02
  3.1760e+02     2.711311e+02
  3.1780e+02     2.714829e+02
  3.1800e+02     2.718387e+02
  3.1820e+02     2.721985e+02
  3.1840e+02     2.725624e+02
  3.1860e+02     2.729304e+02
  3.1880e+02     2.733023e+02
  3.1900e+02     2.736783e+02
  3.1920e+02     2.740584e+02
  3.1940e+02     2.744426e+02
  3.1960e+02     2.748308e+02
  3.1980e+02     2.752231e+02
  3.2000e+02     2.756194e+02
  3.2020e+02     2.760199e+02
  3.2040e+02     2.764245e+02
  3.2060e+02     2.768331e+02
  3.2080e+02     2.772459e+02
  3.2100e+02     2.776627e+02
  3.2120e+02     2.780837e+02
  3.2140e+02     2.785089e+02
  3.2160e+02     2.789381e+02
  3.2180e+02     2.793715e+02
  3.2200e+02     2.798091e+02
  3.2220e+02     2.802508e+02
  3.2240e+02     2.806967e+02
  3.2260e+02     2.811467e+02
  3.2280e+02     2.816009e+02
  3.2300e+02     2.820593e+02
  3.2320e+02     2.825219e+02
  3.2340e+02     2.829887e+02
  3.2360e+02     2.834597e+02
  3.2380e+02     2.839349e+02
  3.2400e+02     2.844143e+02
  3.2420e+02     2.848980e+02
  3.2440e+02     2.853859e+02
  3.2460e+02     2.858781e+02
  3.2480e+02     2.863745e+02
  3.2500e+02     2.868751e+02
  3.2520e+02     2.873801e+02
  3.2540e+02     2.878893e+02
  3.2560e+02     2.884028e+02
  3.2580e+02     2.889206e+02
  3.2600e+02     2.894427e+02
  3.2620e+02     2.899691e+02
  3.2640e+02     2.904998e+02
  3.2660e+02     2.910349e+02
  3.2680e+02     2.915743e+02
  3.2700e+02     2.921180e+02
  3.2720e+02     2.926661e+02
  3.2740e+02     2.932186e+02
  3.2760e+02     2.937754e+02
  3.2780e+02     2.943366e+02
  3.2800e+02     2.949022e+02
  3.2820e+02     2.954722e+02
  3.2840e+02     2.960466e+02
  3.2860e+02     2.966254e+02
  3.2880e+02     2.972087e+02
  3.2900e+02     2.977963e+02
  3.2920e+02     2.983884e+02
  3.2940e+02     2.989850e+02
  3.2960e+02     2.995860e+02
  3.2980e+02     3.001915e+02
  3.3000e+02     3.008015e+02
  3.3020e+02     3.014160e+02
  3.3040e+02     3.020349e+02
  3.3060e+02     3.026584e+02
  3.3080e+02     3.032864e+02
  3.3100e+02     3.039189e+02
  3.3120e+02     3.045560e+02
  3.3140e+02     3.051976e+02
  3.3160e+02     3.058437e+02
  3.3180e+02     3.064944e+02
  3.3200e+02     3.071497e+02
  3.3220e+02     3.078096e+02
  3.3240e+02     3.084740e+02
  3.3260e+02     3.091431e+02
  3.3280e+02     3.098167e+02
  3.3300e+02     3.104950e+02
  3.3320e+02     3.111780e+02
  3.3340e+02     3.118655e+02
  3.3360e+02     3.125577e+02
  3.3380e+02     3.132546e+02
  3.3400e+02     3.139561e+02
  3.3420e+02     3.146624e+02
  3.3440e+02     3.153733e+02
  3.3460e+02     3.160889e+02
  3.3480e+02     3.168092e+02
  3.3500e+02     3.175342e+02
  3.3520e+02     3.182640e+02
  3.3540e+02     3.189985e+02
  3.3560e+02     3.197377e+02
  3.3580e+02     3.204817e+02
  3.3600e+02     3.212305e+02
  3.3620e+02     3.219840e+02
  3.3640e+02     3.227423e+02
  3.3660e+02     3.235054e+02
  3.3680e+02     3.242734e+02
  3.3700e+02     3.250461e+02
  3.3720e+02     3.258237e+02
  3.3740e+02     3.266061e+02
  3.3760e+02     3.273933e+02
  3.3780e+02     3.281854e+02
  3.3800e+02     3.289823e+02
  3.3820e+02     3.297842e+02
  3.3840e+02     3.305909e+02
  3.3860e+02     3.314025e+02
  3.3880e+02     3.322189e+02
  3.3900e+02     3.330403e+02
  3.3920e+02     3.338667e+02
  3.3940e+02     3.346979e+02
  3.3960e+02     3.355341e+02
  3.3980e+02     3.363752e+02
  3.4000e+02     3.372213e+02
  3.4020e+02     3.380724e+02
  3.4040e+02     3.389284e+02
  3.4060e+02     3.397894e+02
  3.4080e+02     3.406554e+02
  3.4100e+02     3.415264e+02
  3.4120e+02     3.424024e+02
  3.4140e+02     3.432834e+02
  3.4160e+02     3.441694e+02
  3.4180e+02     3.450605e+02
  3.4200e+02     3.459567e+02
  3.4220e+02     3.468578e+02
  3.4240e+02     3.477641e+02
  3.4260e+02     3.486754e+02
  3.4280e+02     3.495918e+02
  3.4300e+02     3.505132e+02
  3.4320e+02     3.514398e+02
  3.4340e+02     3.523715e+02
  3.4360e+02     3.533083e+02
  3.4380e+02     3.542502e+02
  3.4400e+02     3.551972e+02
  3.4420e+02     3.561493e+02
  3.4440e+02     3.571066e+02
  3.4460e+02     3.580691e+02
  3.4480e+02     3.590367e+02
  3.4500e+02     3.600095e+02
  3.4520e+02     3.609874e+02
  3.4540e+02     3.619705e+02
  3.4560e+02     3.629588e+02
  3.4580e+02     3.639523e+02
  3.4600e+02     3.649510e+02
  3.4620e+02     3.659549e+02
  3.4640e+02     3.669640e+02
  3.4660e+02     3.679783e+02
  3.4680e+02     3.689979e+02
  3.4700e+02     3.700227e+02
  3.4720e+02     3.710527e+02
  3.4740e+02     3.720879e+02
  3.4760e+02     3.731285e+02
  3.4780e+02     3.741742e+02
  3.4800e+02     3.752252e+02
  3.4820e+02     3.762815e+02
  3.4840e+02     3.773431e+02
  3.4860e+02     3.784099e+02
  3.4880e+02     3.794820e+02
  3.4900e+02     3.805594e+02
  3.4920e+02     3.816421e+02
  3.4940e+02     3.827301e+02
  3.4960e+02     3.838234e+02
  3.4980e+02     3.849219e+02
  3.5000e+02     3.860258e+02
  3.5020e+02     3.871350e+02
  3.5040e+02     3.882495e+02
  3.5060e+02     3.893693e+02
  3.5080e+02     3.904945e+02
  3.5100e+02     3.916249e+02
  3.5120e+02     3.927607e+02
  3.5140e+02     3.939018e+02
  3.5160e+02     3.950483e+02
  3.5180e+02     3.962000e+02
  3.5200e+02     3.973571e+02
  3.5220e+02     3.985196e+02
  3.5240e+02     3.996874e+02
  3.5260e+02     4.008605e+02
  3.5280e+02     4.020389e+02
  3.5300e+02     4.032227e+02
  3.5320e+02     4.044118e+02
  3.5340e+02     4.056063e+02
  3.5360e+02     4.068061e+02
  3.5380e+02     4.080113e+02
  3.5400e+02     4.092218e+02
  3.5420e+02     4.104376e+02
  3.5440e+02     4.116588e+02
  3.5460e+02     4.128853e+02
  3.5480e+02     4.141171e+02
  3.5500e+02     4.153543e+02
  3.5520e+02     4.165968e+02
  3.5540e+02     4.178446e+02
  3.5560e+02     4.190978e+02
  3.5580e+02     4.203562e+02
  3.5600e+02     4.216200e+02
  3.5620e+02     4.228892e+02
  3.5640e+02     4.241636e+02
  3.5660e+02     4.254433e+02
  3.5680e+02     4.267284e+02
  3.5700e+02     4.280187e+02
  3.5720e+02     4.293144e+02
  3.5740e+02     4.306153e+02
  3.5760e+02     4.319215e+02
  3.5780e+02     4.332330e+02
  3.5800e+02     4.345498e+02
  3.5820e+02     4.358718e+02
  3.5840e+02     4.371991e+02
  3.5860e+02     4.385317e+02
  3.5880e+02     4.398695e+02
  3.5900e+02     4.412125e+02
  3.5920e+02     4.425607e+02
  3.5940e+02     4.439142e+02
  3.5960e+02     4.452729e+02
  3.5980e+02     4.466368e+02
