# Epidemic | 7 days incidence [ x-unit: days | y-unit: per 100000 ]
  0.0000e+00     3.618006e+02
  2.0000e-01     3.596358e+02
  4.0000e-01     3.575089e+02
  6.0000e-01     3.554196e+02
  8.0000e-01     3.533671e+02
  1.0000e+00     3.513511e+02
  1.2000e+00     3.493710e+02
  1.4000e+00     3.474263e+02
  1.6000e+00     3.455165e+02
  1.8000e+00     3.436412e+02
  2.0000e+00     3.417998e+02
  2.2000e+00     3.399920e+02
  2.4000e+00     3.382173e+02
  2.6000e+00     3.364751e+02
  2.8000e+00     3.347652e+02
  3.0000e+00     3.330871e+02
  3.2000e+00     3.314403e+02
  3.4000e+00     3.298245e+02
  3.6000e+00     3.282392e+02
  3.8000e+00     3.266842e+02
  4.0000e+00     3.251589e+02
  4.2000e+00     3.236630e+02
  4.4000e+00     3.221962e+02
  4.6000e+00     3.207581e+02
  4.8000e+00     3.193483e+02
  5.0000e+00     3.179665e+02
  5.2000e+00     3.166123e+02
  5.4000e+00     3.152855e+02
  5.6000e+00     3.139857e+02
  5.8000e+00     3.127126e+02
  6.0000e+00     3.114659e+02
  6.2000e+00     3.102452e+02
  6.4000e+00     3.090503e+02
  6.6000e+00     3.078809e+02
  6.8000e+00     3.067367e+02
  7.0000e+00     3.056174e+02
  7.2000e+00     3.048364e+02
  7.4000e+00     3.041014e+02
  7.6000e+00     3.033768e+02
  7.8000e+00     3.026627e+02
  8.0000e+00     3.019589e+02
  8.2000e+00     3.012656e+02
  8.4000e+00     3.005826e+02
  8.6000e+00     2.999100e+02
  8.8000e+00     2.992477e+02
  9.0000e+00     2.985958e+02
  9.2000e+00     2.979542e+02
  9.4000e+00     2.973229e+02
  9.6000e+00     2.967018e+02
  9.8000e+00     2.960911e+02
  1.0000e+01     2.954905e+02
  1.0200e+01     2.949002e+02
  1.0400e+01     2.943201e+02
  1.0600e+01     2.937501e+02
  1.0800e+01     2.931903e+02
  1.1000e+01     2.926406e+02
  1.1200e+01     2.921010e+02
  1.1400e+01     2.915715e+02
  1.1600e+01     2.910520e+02
  1.1800e+01     2.905426e+02
  1.2000e+01     2.900432e+02
  1.2200e+01     2.895537e+02
  1.2400e+01     2.890742e+02
  1.2600e+01     2.886046e+02
  1.2800e+01     2.881448e+02
  1.3000e+01     2.876950e+02
  1.3200e+01     2.872550e+02
  1.3400e+01     2.868248e+02
  1.3600e+01     2.864043e+02
  1.3800e+01     2.859936e+02
  1.4000e+01     2.855927e+02
  1.4200e+01     2.852014e+02
  1.4400e+01     2.848198e+02
  1.4600e+01     2.844479e+02
  1.4800e+01     2.840855e+02
  1.5000e+01     2.837327e+02
  1.5200e+01     2.833895e+02
  1.5400e+01     2.830558e+02
  1.5600e+01     2.827316e+02
  1.5800e+01     2.824169e+02
  1.6000e+01     2.821116e+02
  1.6200e+01     2.818157e+02
  1.6400e+01     2.815291e+02
  1.6600e+01     2.812520e+02
  1.6800e+01     2.809841e+02
  1.7000e+01     2.807255e+02
  1.7200e+01     2.804762e+02
  1.7400e+01     2.802361e+02
  1.7600e+01     2.800053e+02
  1.7800e+01     2.797836e+02
  1.8000e+01     2.795710e+02
  1.8200e+01     2.793676e+02
  1.8400e+01     2.791733e+02
  1.8600e+01     2.789880e+02
  1.8800e+01     2.788118e+02
  1.9000e+01     2.786445e+02
  1.9200e+01     2.784863e+02
  1.9400e+01     2.783370e+02
  1.9600e+01     2.781966e+02
  1.9800e+01     2.780651e+02
  2.0000e+01     2.779425e+02
  2.0200e+01     2.778288e+02
  2.0400e+01     2.777238e+02
  2.0600e+01     2.776277e+02
  2.0800e+01     2.775403e+02
  2.1000e+01     2.774616e+02
  2.1200e+01     2.774027e+02
  2.1400e+01     2.773615e+02
  2.1600e+01     2.773373e+02
  2.1800e+01     2.773301e+02
  2.2000e+01     2.773398e+02
  2.2200e+01     2.773664e+02
  2.2400e+01     2.774097e+02
  2.2600e+01     2.774699e+02
  2.2800e+01     2.775469e+02
  2.3000e+01     2.776406e+02
  2.3200e+01     2.777510e+02
  2.3400e+01     2.778782e+02
  2.3600e+01     2.780220e+02
  2.3800e+01     2.781825e+02
  2.4000e+01     2.783597e+02
  2.4200e+01     2.785535e+02
  2.4400e+01     2.787639e+02
  2.4600e+01     2.789910e+02
  2.4800e+01     2.792348e+02
  2.5000e+01     2.794952e+02
  2.5200e+01     2.797722e+02
  2.5400e+01     2.800659e+02
  2.5600e+01     2.803763e+02
  2.5800e+01     2.807034e+02
  2.6000e+01     2.810471e+02
  2.6200e+01     2.814076e+02
  2.6400e+01     2.817848e+02
  2.6600e+01     2.821788e+02
  2.6800e+01     2.825895e+02
  2.7000e+01     2.830171e+02
  2.7200e+01     2.834616e+02
  2.7400e+01     2.839229e+02
  2.7600e+01     2.844011e+02
  2.7800e+01     2.848963e+02
  2.8000e+01     2.854085e+02
  2.8200e+01     2.859378e+02
  2.8400e+01     2.864841e+02
  2.8600e+01     2.870476e+02
  2.8800e+01     2.876283e+02
  2.9000e+01     2.882263e+02
  2.9200e+01     2.888416e+02
  2.9400e+01     2.894742e+02
  2.9600e+01     2.901243e+02
  2.9800e+01     2.907919e+02
  3.0000e+01     2.914771e+02
  3.0200e+01     2.921799e+02
  3.0400e+01     2.929004e+02
  3.0600e+01     2.936387e+02
  3.0800e+01     2.943950e+02
  3.1000e+01     2.951691e+02
  3.1200e+01     2.959613e+02
  3.1400e+01     2.967717e+02
  3.1600e+01     2.976003e+02
  3.1800e+01     2.984472e+02
  3.2000e+01     2.993125e+02
  3.2200e+01     3.001963e+02
  3.2400e+01     3.010987e+02
  3.2600e+01     3.020198e+02
  3.2800e+01     3.029598e+02
  3.3000e+01     3.039187e+02
  3.3200e+01     3.048966e+02
  3.3400e+01     3.058937e+02
  3.3600e+01     3.069101e+02
  3.3800e+01     3.079458e+02
  3.4000e+01     3.090011e+02
  3.4200e+01     3.100760e+02
  3.4400e+01     3.111707e+02
  3.4600e+01     3.122854e+02
  3.4800e+01     3.134200e+02
  3.5000e+01     3.145749e+02
  3.5200e+01     3.157500e+02
  3.5400e+01     3.169456e+02
  3.5600e+01     3.181619e+02
  3.5800e+01     3.193989e+02
  3.6000e+01     3.206568e+02
  3.6200e+01     3.219357e+02
  3.6400e+01     3.232359e+02
  3.6600e+01     3.245575e+02
  3.6800e+01     3.259007e+02
  3.7000e+01     3.272655e+02
  3.7200e+01     3.286523e+02
  3.7400e+01     3.300611e+02
  3.7600e+01     3.314922e+02
  3.7800e+01     3.329457e+02
  3.8000e+01     3.344217e+02
  3.8200e+01     3.359206e+02
  3.8400e+01     3.374425e+02
  3.8600e+01     3.389875e+02
  3.8800e+01     3.405559e+02
  3.9000e+01     3.421479e+02
  3.9200e+01     3.437636e+02
  3.9400e+01     3.454034e+02
  3.9600e+01     3.470673e+02
  3.9800e+01     3.487556e+02
  4.0000e+01     3.504685e+02
  4.0200e+01     3.522063e+02
  4.0400e+01     3.539691e+02
  4.0600e+01     3.557572e+02
  4.0800e+01     3.575708e+02
  4.1000e+01     3.594102e+02
  4.1200e+01     3.612756e+02
  4.1400e+01     3.631672e+02
  4.1600e+01     3.650852e+02
  4.1800e+01     3.670300e+02
  4.2000e+01     3.690017e+02
  4.2200e+01     3.710007e+02
  4.2400e+01     3.730272e+02
  4.2600e+01     3.750814e+02
  4.2800e+01     3.771636e+02
  4.3000e+01     3.792741e+02
  4.3200e+01     3.814131e+02
  4.3400e+01     3.835810e+02
  4.3600e+01     3.857780e+02
  4.3800e+01     3.880045e+02
  4.4000e+01     3.902606e+02
  4.4200e+01     3.925467e+02
  4.4400e+01     3.948630e+02
  4.4600e+01     3.972100e+02
  4.4800e+01     3.995878e+02
  4.5000e+01     4.019969e+02
  4.5200e+01     4.044375e+02
  4.5400e+01     4.069099e+02
  4.5600e+01     4.094144e+02
  4.5800e+01     4.119515e+02
  4.6000e+01     4.145213e+02
  4.6200e+01     4.171243e+02
  4.6400e+01     4.197608e+02
  4.6600e+01     4.224311e+02
  4.6800e+01     4.251355e+02
  4.7000e+01     4.278745e+02
  4.7200e+01     4.306484e+02
  4.7400e+01     4.334576e+02
  4.7600e+01     4.363023e+02
  4.7800e+01     4.391830e+02
  4.8000e+01     4.421001e+02
  4.8200e+01     4.450539e+02
  4.8400e+01     4.480448e+02
  4.8600e+01     4.510732e+02
  4.8800e+01     4.541396e+02
  4.9000e+01     4.572442e+02
  4.9200e+01     4.603875e+02
  4.9400e+01     4.635699e+02
  4.9600e+01     4.667918e+02
  4.9800e+01     4.700536e+02
  5.0000e+01     4.733558e+02
  5.0200e+01     4.766988e+02
  5.0400e+01     4.800829e+02
  5.0600e+01     4.835087e+02
  5.0800e+01     4.869766e+02
  5.1000e+01     4.904870e+02
  5.1200e+01     4.940404e+02
  5.1400e+01     4.976371e+02
  5.1600e+01     5.012778e+02
  5.1800e+01     5.049628e+02
  5.2000e+01     5.086926e+02
  5.2200e+01     5.124677e+02
  5.2400e+01     5.162886e+02
  5.2600e+01     5.201557e+02
  5.2800e+01     5.240696e+02
  5.3000e+01     5.280307e+02
  5.3200e+01     5.320395e+02
  5.3400e+01     5.360966e+02
  5.3600e+01     5.402023e+02
  5.3800e+01     5.443574e+02
  5.4000e+01     5.485622e+02
  5.4200e+01     5.528173e+02
  5.4400e+01     5.571232e+02
  5.4600e+01     5.614804e+02
  5.4800e+01     5.658896e+02
  5.5000e+01     5.703512e+02
  5.5200e+01     5.748658e+02
  5.5400e+01     5.794338e+02
  5.5600e+01     5.840560e+02
  5.5800e+01     5.887329e+02
  5.6000e+01     5.934649e+02
  5.6200e+01     5.982527e+02
  5.6400e+01     6.030969e+02
  5.6600e+01     6.079981e+02
  5.6800e+01     6.129567e+02
  5.7000e+01     6.179735e+02
  5.7200e+01     6.230490e+02
  5.7400e+01     6.281838e+02
  5.7600e+01     6.333785e+02
  5.7800e+01     6.386338e+02
  5.8000e+01     6.439502e+02
  5.8200e+01     6.493283e+02
  5.8400e+01     6.547688e+02
  5.8600e+01     6.602723e+02
  5.8800e+01     6.658395e+02
  5.9000e+01     6.714709e+02
  5.9200e+01     6.771672e+02
  5.9400e+01     6.829291e+02
  5.9600e+01     6.887571e+02
  5.9800e+01     6.946520e+02
  6.0000e+01     7.006144e+02
  6.0200e+01     7.066449e+02
  6.0400e+01     7.127442e+02
  6.0600e+01     7.189130e+02
  6.0800e+01     7.251519e+02
  6.1000e+01     7.314617e+02
  6.1200e+01     7.378429e+02
  6.1400e+01     7.442963e+02
  6.1600e+01     7.508225e+02
  6.1800e+01     7.574222e+02
  6.2000e+01     7.640961e+02
  6.2200e+01     7.708449e+02
  6.2400e+01     7.776693e+02
  6.2600e+01     7.845700e+02
  6.2800e+01     7.915476e+02
  6.3000e+01     7.986028e+02
  6.3200e+01     8.057364e+02
  6.3400e+01     8.129490e+02
  6.3600e+01     8.202413e+02
  6.3800e+01     8.276141e+02
  6.4000e+01     8.350680e+02
  6.4200e+01     8.426038e+02
  6.4400e+01     8.502220e+02
  6.4600e+01     8.579235e+02
  6.4800e+01     8.657089e+02
  6.5000e+01     8.735789e+02
  6.5200e+01     8.815343e+02
  6.5400e+01     8.895756e+02
  6.5600e+01     8.977037e+02
  6.5800e+01     9.059192e+02
  6.6000e+01     9.142227e+02
  6.6200e+01     9.226151e+02
  6.6400e+01     9.310969e+02
  6.6600e+01     9.396688e+02
  6.6800e+01     9.483316e+02
  6.7000e+01     9.570859e+02
  6.7200e+01     9.659323e+02
  6.7400e+01     9.748716e+02
  6.7600e+01     9.839044e+02
  6.7800e+01     9.930313e+02
  6.8000e+01     1.002253e+03
  6.8200e+01     1.011570e+03
  6.8400e+01     1.020983e+03
  6.8600e+01     1.030493e+03
  6.8800e+01     1.040101e+03
  6.9000e+01     1.049806e+03
  6.9200e+01     1.059610e+03
  6.9400e+01     1.069513e+03
  6.9600e+01     1.079516e+03
  6.9800e+01     1.089619e+03
  7.0000e+01     1.099823e+03
  7.0200e+01     1.110128e+03
  7.0400e+01     1.120536e+03
  7.0600e+01     1.131046e+03
  7.0800e+01     1.141659e+03
  7.1000e+01     1.152376e+03
  7.1200e+01     1.163197e+03
  7.1400e+01     1.174122e+03
  7.1600e+01     1.185153e+03
  7.1800e+01     1.196288e+03
  7.2000e+01     1.207530e+03
  7.2200e+01     1.218878e+03
  7.2400e+01     1.230333e+03
  7.2600e+01     1.241895e+03
  7.2800e+01     1.253564e+03
  7.3000e+01     1.265341e+03
  7.3200e+01     1.277226e+03
  7.3400e+01     1.289220e+03
  7.3600e+01     1.301322e+03
  7.3800e+01     1.313534e+03
  7.4000e+01     1.325854e+03
  7.4200e+01     1.338284e+03
  7.4400e+01     1.350823e+03
  7.4600e+01     1.363472e+03
  7.4800e+01     1.376230e+03
  7.5000e+01     1.389099e+03
  7.5200e+01     1.402078e+03
  7.5400e+01     1.415166e+03
  7.5600e+01     1.428365e+03
  7.5800e+01     1.441673e+03
  7.6000e+01     1.455092e+03
  7.6200e+01     1.468620e+03
  7.6400e+01     1.482258e+03
  7.6600e+01     1.496005e+03
  7.6800e+01     1.509862e+03
  7.7000e+01     1.523828e+03
  7.7200e+01     1.537903e+03
  7.7400e+01     1.552086e+03
  7.7600e+01     1.566377e+03
  7.7800e+01     1.580776e+03
  7.8000e+01     1.595282e+03
  7.8200e+01     1.609895e+03
  7.8400e+01     1.624614e+03
  7.8600e+01     1.639439e+03
  7.8800e+01     1.654368e+03
  7.9000e+01     1.669402e+03
  7.9200e+01     1.684540e+03
  7.9400e+01     1.699781e+03
  7.9600e+01     1.715123e+03
  7.9800e+01     1.730567e+03
  8.0000e+01     1.746110e+03
  8.0200e+01     1.761753e+03
  8.0400e+01     1.777494e+03
  8.0600e+01     1.793332e+03
  8.0800e+01     1.809266e+03
  8.1000e+01     1.825295e+03
  8.1200e+01     1.841417e+03
  8.1400e+01     1.857631e+03
  8.1600e+01     1.873935e+03
  8.1800e+01     1.890329e+03
  8.2000e+01     1.906810e+03
  8.2200e+01     1.923377e+03
  8.2400e+01     1.940028e+03
  8.2600e+01     1.956762e+03
  8.2800e+01     1.973577e+03
  8.3000e+01     1.990470e+03
  8.3200e+01     2.007440e+03
  8.3400e+01     2.024486e+03
  8.3600e+01     2.041604e+03
  8.3800e+01     2.058792e+03
  8.4000e+01     2.076050e+03
  8.4200e+01     2.093373e+03
  8.4400e+01     2.110759e+03
  8.4600e+01     2.128207e+03
  8.4800e+01     2.145714e+03
  8.5000e+01     2.163277e+03
  8.5200e+01     2.180893e+03
  8.5400e+01     2.198559e+03
  8.5600e+01     2.216273e+03
  8.5800e+01     2.234032e+03
  8.6000e+01     2.251833e+03
  8.6200e+01     2.269672e+03
  8.6400e+01     2.287546e+03
  8.6600e+01     2.305453e+03
  8.6800e+01     2.323388e+03
  8.7000e+01     2.341349e+03
  8.7200e+01     2.359332e+03
  8.7400e+01     2.377333e+03
  8.7600e+01     2.395348e+03
  8.7800e+01     2.413374e+03
  8.8000e+01     2.431407e+03
  8.8200e+01     2.449444e+03
  8.8400e+01     2.467479e+03
  8.8600e+01     2.485509e+03
  8.8800e+01     2.503530e+03
  8.9000e+01     2.521537e+03
  8.9200e+01     2.539526e+03
  8.9400e+01     2.557493e+03
  8.9600e+01     2.575434e+03
  8.9800e+01     2.593343e+03
  9.0000e+01     2.611216e+03
  9.0200e+01     2.629048e+03
  9.0400e+01     2.646835e+03
  9.0600e+01     2.664572e+03
  9.0800e+01     2.682253e+03
  9.1000e+01     2.699874e+03
  9.1200e+01     2.717430e+03
  9.1400e+01     2.734916e+03
  9.1600e+01     2.752325e+03
  9.1800e+01     2.769654e+03
  9.2000e+01     2.786896e+03
  9.2200e+01     2.804047e+03
  9.2400e+01     2.821101e+03
  9.2600e+01     2.838052e+03
  9.2800e+01     2.854895e+03
  9.3000e+01     2.871624e+03
  9.3200e+01     2.888234e+03
  9.3400e+01     2.904719e+03
  9.3600e+01     2.921074e+03
  9.3800e+01     2.937291e+03
  9.4000e+01     2.953367e+03
  9.4200e+01     2.969294e+03
  9.4400e+01     2.985067e+03
  9.4600e+01     3.000681e+03
  9.4800e+01     3.016128e+03
  9.5000e+01     3.031404e+03
  9.5200e+01     3.046503e+03
  9.5400e+01     3.061417e+03
  9.5600e+01     3.076143e+03
  9.5800e+01     3.090673e+03
  9.6000e+01     3.105002e+03
  9.6200e+01     3.119123e+03
  9.6400e+01     3.133031e+03
  9.6600e+01     3.146720e+03
  9.6800e+01     3.160184e+03
  9.7000e+01     3.173418e+03
  9.7200e+01     3.186414e+03
  9.7400e+01     3.199169e+03
  9.7600e+01     3.211675e+03
  9.7800e+01     3.223927e+03
  9.8000e+01     3.235919e+03
  9.8200e+01     3.247646e+03
  9.8400e+01     3.259103e+03
  9.8600e+01     3.270283e+03
  9.8800e+01     3.281182e+03
  9.9000e+01     3.291794e+03
  9.9200e+01     3.302113e+03
  9.9400e+01     3.312135e+03
  9.9600e+01     3.321855e+03
  9.9800e+01     3.331267e+03
  1.0000e+02     3.340366e+03
  1.0020e+02     3.349149e+03
  1.0040e+02     3.357609e+03
  1.0060e+02     3.365743e+03
  1.0080e+02     3.373546e+03
  1.0100e+02     3.381014e+03
  1.0120e+02     3.388142e+03
  1.0140e+02     3.394926e+03
  1.0160e+02     3.401364e+03
  1.0180e+02     3.407449e+03
  1.0200e+02     3.413180e+03
  1.0220e+02     3.418553e+03
  1.0240e+02     3.423563e+03
  1.0260e+02     3.428209e+03
  1.0280e+02     3.432487e+03
  1.0300e+02     3.436393e+03
  1.0320e+02     3.439927e+03
  1.0340e+02     3.443084e+03
  1.0360e+02     3.445863e+03
  1.0380e+02     3.448261e+03
  1.0400e+02     3.450277e+03
  1.0420e+02     3.451908e+03
  1.0440e+02     3.453153e+03
  1.0460e+02     3.454012e+03
  1.0480e+02     3.454481e+03
  1.0500e+02     3.454561e+03
  1.0520e+02     3.454251e+03
  1.0540e+02     3.453550e+03
  1.0560e+02     3.452457e+03
  1.0580e+02     3.450973e+03
  1.0600e+02     3.449097e+03
  1.0620e+02     3.446830e+03
  1.0640e+02     3.444171e+03
  1.0660e+02     3.441122e+03
  1.0680e+02     3.437684e+03
  1.0700e+02     3.433857e+03
  1.0720e+02     3.429643e+03
  1.0740e+02     3.425043e+03
  1.0760e+02     3.420058e+03
  1.0780e+02     3.414691e+03
  1.0800e+02     3.408944e+03
  1.0820e+02     3.402818e+03
  1.0840e+02     3.396316e+03
  1.0860e+02     3.389442e+03
  1.0880e+02     3.382197e+03
  1.0900e+02     3.374585e+03
  1.0920e+02     3.366609e+03
  1.0940e+02     3.358272e+03
  1.0960e+02     3.349578e+03
  1.0980e+02     3.340531e+03
  1.1000e+02     3.331134e+03
  1.1020e+02     3.321392e+03
  1.1040e+02     3.311309e+03
  1.1060e+02     3.300890e+03
  1.1080e+02     3.290138e+03
  1.1100e+02     3.279060e+03
  1.1120e+02     3.267659e+03
  1.1140e+02     3.255941e+03
  1.1160e+02     3.243911e+03
  1.1180e+02     3.231575e+03
  1.1200e+02     3.218937e+03
  1.1220e+02     3.206004e+03
  1.1240e+02     3.192780e+03
  1.1260e+02     3.179273e+03
  1.1280e+02     3.165488e+03
  1.1300e+02     3.151431e+03
  1.1320e+02     3.137109e+03
  1.1340e+02     3.122526e+03
  1.1360e+02     3.107691e+03
  1.1380e+02     3.092608e+03
  1.1400e+02     3.077286e+03
  1.1420e+02     3.061730e+03
  1.1440e+02     3.045946e+03
  1.1460e+02     3.029943e+03
  1.1480e+02     3.013725e+03
  1.1500e+02     2.997301e+03
  1.1520e+02     2.980677e+03
  1.1540e+02     2.963860e+03
  1.1560e+02     2.946856e+03
  1.1580e+02     2.929673e+03
  1.1600e+02     2.912318e+03
  1.1620e+02     2.894797e+03
  1.1640e+02     2.877118e+03
  1.1660e+02     2.859287e+03
  1.1680e+02     2.841311e+03
  1.1700e+02     2.823198e+03
  1.1720e+02     2.804953e+03
  1.1740e+02     2.786585e+03
  1.1760e+02     2.768100e+03
  1.1780e+02     2.749504e+03
  1.1800e+02     2.730805e+03
  1.1820e+02     2.712009e+03
  1.1840e+02     2.693122e+03
  1.1860e+02     2.674153e+03
  1.1880e+02     2.655106e+03
  1.1900e+02     2.635989e+03
  1.1920e+02     2.616808e+03
  1.1940e+02     2.597569e+03
  1.1960e+02     2.578280e+03
  1.1980e+02     2.558945e+03
  1.2000e+02     2.539571e+03
  1.2020e+02     2.520164e+03
  1.2040e+02     2.500731e+03
  1.2060e+02     2.481276e+03
  1.2080e+02     2.461807e+03
  1.2100e+02     2.442328e+03
  1.2120e+02     2.422845e+03
  1.2140e+02     2.403364e+03
  1.2160e+02     2.383889e+03
  1.2180e+02     2.364427e+03
  1.2200e+02     2.344983e+03
  1.2220e+02     2.325561e+03
  1.2240e+02     2.306167e+03
  1.2260e+02     2.286805e+03
  1.2280e+02     2.267481e+03
  1.2300e+02     2.248198e+03
  1.2320e+02     2.228962e+03
  1.2340e+02     2.209776e+03
  1.2360e+02     2.190646e+03
  1.2380e+02     2.171574e+03
  1.2400e+02     2.152566e+03
  1.2420e+02     2.133626e+03
  1.2440e+02     2.114756e+03
  1.2460e+02     2.095961e+03
  1.2480e+02     2.077245e+03
  1.2500e+02     2.058610e+03
  1.2520e+02     2.040061e+03
  1.2540e+02     2.021600e+03
  1.2560e+02     2.003231e+03
  1.2580e+02     1.984956e+03
  1.2600e+02     1.966780e+03
  1.2620e+02     1.948703e+03
  1.2640e+02     1.930730e+03
  1.2660e+02     1.912862e+03
  1.2680e+02     1.895102e+03
  1.2700e+02     1.877453e+03
  1.2720e+02     1.859916e+03
  1.2740e+02     1.842495e+03
  1.2760e+02     1.825190e+03
  1.2780e+02     1.808004e+03
  1.2800e+02     1.790939e+03
  1.2820e+02     1.773997e+03
  1.2840e+02     1.757179e+03
  1.2860e+02     1.740486e+03
  1.2880e+02     1.723921e+03
  1.2900e+02     1.707484e+03
  1.2920e+02     1.691176e+03
  1.2940e+02     1.675000e+03
  1.2960e+02     1.658956e+03
  1.2980e+02     1.643046e+03
  1.3000e+02     1.627269e+03
  1.3020e+02     1.611627e+03
  1.3040e+02     1.596121e+03
  1.3060e+02     1.580752e+03
  1.3080e+02     1.565519e+03
  1.3100e+02     1.550424e+03
  1.3120e+02     1.535468e+03
  1.3140e+02     1.520649e+03
  1.3160e+02     1.505970e+03
  1.3180e+02     1.491430e+03
  1.3200e+02     1.477029e+03
  1.3220e+02     1.462768e+03
  1.3240e+02     1.448646e+03
  1.3260e+02     1.434664e+03
  1.3280e+02     1.420822e+03
  1.3300e+02     1.407120e+03
  1.3320e+02     1.393557e+03
  1.3340e+02     1.380133e+03
  1.3360e+02     1.366848e+03
  1.3380e+02     1.353702e+03
  1.3400e+02     1.340695e+03
  1.3420e+02     1.327826e+03
  1.3440e+02     1.315095e+03
  1.3460e+02     1.302500e+03
  1.3480e+02     1.290043e+03
  1.3500e+02     1.277723e+03
  1.3520e+02     1.265538e+03
  1.3540e+02     1.253488e+03
  1.3560e+02     1.241573e+03
  1.3580e+02     1.229791e+03
  1.3600e+02     1.218143e+03
  1.3620e+02     1.206628e+03
  1.3640e+02     1.195244e+03
  1.3660e+02     1.183992e+03
  1.3680e+02     1.172870e+03
  1.3700e+02     1.161877e+03
  1.3720e+02     1.151013e+03
  1.3740e+02     1.140277e+03
  1.3760e+02     1.129668e+03
  1.3780e+02     1.119185e+03
  1.3800e+02     1.108828e+03
  1.3820e+02     1.098594e+03
  1.3840e+02     1.088484e+03
  1.3860e+02     1.078496e+03
  1.3880e+02     1.068630e+03
  1.3900e+02     1.058884e+03
  1.3920e+02     1.049258e+03
  1.3940e+02     1.039750e+03
  1.3960e+02     1.030360e+03
  1.3980e+02     1.021086e+03
  1.4000e+02     1.011928e+03
  1.4020e+02     1.002885e+03
  1.4040e+02     9.939550e+02
  1.4060e+02     9.851373e+02
  1.4080e+02     9.764310e+02
  1.4100e+02     9.678350e+02
  1.4120e+02     9.593485e+02
  1.4140e+02     9.509702e+02
  1.4160e+02     9.426991e+02
  1.4180e+02     9.345343e+02
  1.4200e+02     9.264746e+02
  1.4220e+02     9.185190e+02
  1.4240e+02     9.106665e+02
  1.4260e+02     9.029160e+02
  1.4280e+02     8.952665e+02
  1.4300e+02     8.877169e+02
  1.4320e+02     8.802662e+02
  1.4340e+02     8.729134e+02
  1.4360e+02     8.656574e+02
  1.4380e+02     8.584973e+02
  1.4400e+02     8.514319e+02
  1.4420e+02     8.444603e+02
  1.4440e+02     8.375814e+02
  1.4460e+02     8.307942e+02
  1.4480e+02     8.240978e+02
  1.4500e+02     8.174912e+02
  1.4520e+02     8.109733e+02
  1.4540e+02     8.045431e+02
  1.4560e+02     7.981997e+02
  1.4580e+02     7.919421e+02
  1.4600e+02     7.857694e+02
  1.4620e+02     7.796805e+02
  1.4640e+02     7.736745e+02
  1.4660e+02     7.677506e+02
  1.4680e+02     7.619076e+02
  1.4700e+02     7.561448e+02
  1.4720e+02     7.504612e+02
  1.4740e+02     7.448558e+02
  1.4760e+02     7.393278e+02
  1.4780e+02     7.338763e+02
  1.4800e+02     7.285003e+02
  1.4820e+02     7.231991e+02
  1.4840e+02     7.179716e+02
  1.4860e+02     7.128172e+02
  1.4880e+02     7.077348e+02
  1.4900e+02     7.027238e+02
  1.4920e+02     6.977831e+02
  1.4940e+02     6.929120e+02
  1.4960e+02     6.881097e+02
  1.4980e+02     6.833754e+02
  1.5000e+02     6.787083e+02
  1.5020e+02     6.741075e+02
  1.5040e+02     6.695723e+02
  1.5060e+02     6.651019e+02
  1.5080e+02     6.606956e+02
  1.5100e+02     6.563525e+02
  1.5120e+02     6.520720e+02
  1.5140e+02     6.478533e+02
  1.5160e+02     6.436956e+02
  1.5180e+02     6.395983e+02
  1.5200e+02     6.355607e+02
  1.5220e+02     6.315820e+02
  1.5240e+02     6.276615e+02
  1.5260e+02     6.237986e+02
  1.5280e+02     6.199925e+02
  1.5300e+02     6.162427e+02
  1.5320e+02     6.125484e+02
  1.5340e+02     6.089090e+02
  1.5360e+02     6.053239e+02
  1.5380e+02     6.017924e+02
  1.5400e+02     5.983139e+02
  1.5420e+02     5.948878e+02
  1.5440e+02     5.915135e+02
  1.5460e+02     5.881903e+02
  1.5480e+02     5.849177e+02
  1.5500e+02     5.816952e+02
  1.5520e+02     5.785221e+02
  1.5540e+02     5.753978e+02
  1.5560e+02     5.723218e+02
  1.5580e+02     5.692936e+02
  1.5600e+02     5.663127e+02
  1.5620e+02     5.633784e+02
  1.5640e+02     5.604902e+02
  1.5660e+02     5.576477e+02
  1.5680e+02     5.548503e+02
  1.5700e+02     5.520976e+02
  1.5720e+02     5.493890e+02
  1.5740e+02     5.467240e+02
  1.5760e+02     5.441022e+02
  1.5780e+02     5.415230e+02
  1.5800e+02     5.389861e+02
  1.5820e+02     5.364910e+02
  1.5840e+02     5.340371e+02
  1.5860e+02     5.316242e+02
  1.5880e+02     5.292517e+02
  1.5900e+02     5.269191e+02
  1.5920e+02     5.246262e+02
  1.5940e+02     5.223724e+02
  1.5960e+02     5.201574e+02
  1.5980e+02     5.179807e+02
  1.6000e+02     5.158420e+02
  1.6020e+02     5.137408e+02
  1.6040e+02     5.116769e+02
  1.6060e+02     5.096497e+02
  1.6080e+02     5.076590e+02
  1.6100e+02     5.057043e+02
  1.6120e+02     5.037854e+02
  1.6140e+02     5.019018e+02
  1.6160e+02     5.000533e+02
  1.6180e+02     4.982394e+02
  1.6200e+02     4.964599e+02
  1.6220e+02     4.947144e+02
  1.6240e+02     4.930025e+02
  1.6260e+02     4.913241e+02
  1.6280e+02     4.896787e+02
  1.6300e+02     4.880661e+02
  1.6320e+02     4.864860e+02
  1.6340e+02     4.849381e+02
  1.6360e+02     4.834220e+02
  1.6380e+02     4.819375e+02
  1.6400e+02     4.804844e+02
  1.6420e+02     4.790623e+02
  1.6440e+02     4.776710e+02
  1.6460e+02     4.763102e+02
  1.6480e+02     4.749797e+02
  1.6500e+02     4.736792e+02
  1.6520e+02     4.724085e+02
  1.6540e+02     4.711673e+02
  1.6560e+02     4.699554e+02
  1.6580e+02     4.687725e+02
  1.6600e+02     4.676185e+02
  1.6620e+02     4.664931e+02
  1.6640e+02     4.653961e+02
  1.6660e+02     4.643273e+02
  1.6680e+02     4.632865e+02
  1.6700e+02     4.622734e+02
  1.6720e+02     4.612879e+02
  1.6740e+02     4.603298e+02
  1.6760e+02     4.593989e+02
  1.6780e+02     4.584949e+02
  1.6800e+02     4.576178e+02
  1.6820e+02     4.567673e+02
  1.6840e+02     4.559433e+02
  1.6860e+02     4.551456e+02
  1.6880e+02     4.543741e+02
  1.6900e+02     4.536285e+02
  1.6920e+02     4.529087e+02
  1.6940e+02     4.522146e+02
  1.6960e+02     4.515460e+02
  1.6980e+02     4.509028e+02
  1.7000e+02     4.502848e+02
  1.7020e+02     4.496919e+02
  1.7040e+02     4.491240e+02
  1.7060e+02     4.485809e+02
  1.7080e+02     4.480625e+02
  1.7100e+02     4.475686e+02
  1.7120e+02     4.470993e+02
  1.7140e+02     4.466543e+02
  1.7160e+02     4.462336e+02
  1.7180e+02     4.458369e+02
  1.7200e+02     4.454644e+02
  1.7220e+02     4.451157e+02
  1.7240e+02     4.447909e+02
  1.7260e+02     4.444898e+02
  1.7280e+02     4.442124e+02
  1.7300e+02     4.439585e+02
  1.7320e+02     4.437281e+02
  1.7340e+02     4.435211e+02
  1.7360e+02     4.433375e+02
  1.7380e+02     4.431771e+02
  1.7400e+02     4.430399e+02
  1.7420e+02     4.429258e+02
  1.7440e+02     4.428347e+02
  1.7460e+02     4.427667e+02
  1.7480e+02     4.427216e+02
  1.7500e+02     4.426993e+02
  1.7520e+02     4.426999e+02
  1.7540e+02     4.427233e+02
  1.7560e+02     4.427695e+02
  1.7580e+02     4.428383e+02
  1.7600e+02     4.429298e+02
  1.7620e+02     4.430440e+02
  1.7640e+02     4.431807e+02
  1.7660e+02     4.433400e+02
  1.7680e+02     4.435218e+02
  1.7700e+02     4.437262e+02
  1.7720e+02     4.439531e+02
  1.7740e+02     4.442024e+02
  1.7760e+02     4.444742e+02
  1.7780e+02     4.447685e+02
  1.7800e+02     4.450852e+02
  1.7820e+02     4.454244e+02
  1.7840e+02     4.457860e+02
  1.7860e+02     4.461700e+02
  1.7880e+02     4.465765e+02
  1.7900e+02     4.470055e+02
  1.7920e+02     4.474569e+02
  1.7940e+02     4.479308e+02
  1.7960e+02     4.484271e+02
  1.7980e+02     4.489460e+02
  1.8000e+02     4.494874e+02
  1.8020e+02     4.500514e+02
  1.8040e+02     4.506379e+02
  1.8060e+02     4.512470e+02
  1.8080e+02     4.518787e+02
  1.8100e+02     4.525332e+02
  1.8120e+02     4.532103e+02
  1.8140e+02     4.539101e+02
  1.8160e+02     4.546328e+02
  1.8180e+02     4.553783e+02
  1.8200e+02     4.561466e+02
  1.8220e+02     4.569379e+02
  1.8240e+02     4.577521e+02
  1.8260e+02     4.585894e+02
  1.8280e+02     4.594498e+02
  1.8300e+02     4.603334e+02
  1.8320e+02     4.612401e+02
  1.8340e+02     4.621701e+02
  1.8360e+02     4.631235e+02
  1.8380e+02     4.641003e+02
  1.8400e+02     4.651007e+02
  1.8420e+02     4.661245e+02
  1.8440e+02     4.671721e+02
  1.8460e+02     4.682434e+02
  1.8480e+02     4.693384e+02
  1.8500e+02     4.704574e+02
  1.8520e+02     4.716004e+02
  1.8540e+02     4.727675e+02
  1.8560e+02     4.739588e+02
  1.8580e+02     4.751744e+02
  1.8600e+02     4.764143e+02
  1.8620e+02     4.776787e+02
  1.8640e+02     4.789677e+02
  1.8660e+02     4.802815e+02
  1.8680e+02     4.816200e+02
  1.8700e+02     4.829834e+02
  1.8720e+02     4.843719e+02
  1.8740e+02     4.857856e+02
  1.8760e+02     4.872245e+02
  1.8780e+02     4.886888e+02
  1.8800e+02     4.901787e+02
  1.8820e+02     4.916942e+02
  1.8840e+02     4.932356e+02
  1.8860e+02     4.948028e+02
  1.8880e+02     4.963961e+02
  1.8900e+02     4.980156e+02
  1.8920e+02     4.996615e+02
  1.8940e+02     5.013338e+02
  1.8960e+02     5.030328e+02
  1.8980e+02     5.047586e+02
  1.9000e+02     5.065113e+02
  1.9020e+02     5.082911e+02
  1.9040e+02     5.100981e+02
  1.9060e+02     5.119326e+02
  1.9080e+02     5.137947e+02
  1.9100e+02     5.156845e+02
  1.9120e+02     5.176022e+02
  1.9140e+02     5.195479e+02
  1.9160e+02     5.215220e+02
  1.9180e+02     5.235245e+02
  1.9200e+02     5.255555e+02
  1.9220e+02     5.276154e+02
  1.9240e+02     5.297043e+02
  1.9260e+02     5.318223e+02
  1.9280e+02     5.339696e+02
  1.9300e+02     5.361465e+02
  1.9320e+02     5.383532e+02
  1.9340e+02     5.405898e+02
  1.9360e+02     5.428565e+02
  1.9380e+02     5.451535e+02
  1.9400e+02     5.474811e+02
  1.9420e+02     5.498395e+02
  1.9440e+02     5.522288e+02
  1.9460e+02     5.546492e+02
  1.9480e+02     5.571011e+02
  1.9500e+02     5.595846e+02
  1.9520e+02     5.620999e+02
  1.9540e+02     5.646472e+02
  1.9560e+02     5.672268e+02
  1.9580e+02     5.698389e+02
  1.9600e+02     5.724837e+02
  1.9620e+02     5.751616e+02
  1.9640e+02     5.778726e+02
  1.9660e+02     5.806170e+02
  1.9680e+02     5.833951e+02
  1.9700e+02     5.862072e+02
  1.9720e+02     5.890534e+02
  1.9740e+02     5.919340e+02
  1.9760e+02     5.948493e+02
  1.9780e+02     5.977995e+02
  1.9800e+02     6.007849e+02
  1.9820e+02     6.038057e+02
  1.9840e+02     6.068622e+02
  1.9860e+02     6.099546e+02
  1.9880e+02     6.130833e+02
  1.9900e+02     6.162485e+02
  1.9920e+02     6.194504e+02
  1.9940e+02     6.226893e+02
  1.9960e+02     6.259656e+02
  1.9980e+02     6.292794e+02
  2.0000e+02     6.326311e+02
  2.0020e+02     6.360209e+02
  2.0040e+02     6.394491e+02
  2.0060e+02     6.429161e+02
  2.0080e+02     6.464220e+02
  2.0100e+02     6.499672e+02
  2.0120e+02     6.535520e+02
  2.0140e+02     6.571767e+02
  2.0160e+02     6.608415e+02
  2.0180e+02     6.645468e+02
  2.0200e+02     6.682929e+02
  2.0220e+02     6.720800e+02
  2.0240e+02     6.759085e+02
  2.0260e+02     6.797787e+02
  2.0280e+02     6.836909e+02
  2.0300e+02     6.876453e+02
  2.0320e+02     6.916423e+02
  2.0340e+02     6.956823e+02
  2.0360e+02     6.997655e+02
  2.0380e+02     7.038922e+02
  2.0400e+02     7.080628e+02
  2.0420e+02     7.122776e+02
  2.0440e+02     7.165369e+02
  2.0460e+02     7.208410e+02
  2.0480e+02     7.251902e+02
  2.0500e+02     7.295850e+02
  2.0520e+02     7.340255e+02
  2.0540e+02     7.385121e+02
  2.0560e+02     7.430452e+02
  2.0580e+02     7.476251e+02
  2.0600e+02     7.522520e+02
  2.0620e+02     7.569265e+02
  2.0640e+02     7.616486e+02
  2.0660e+02     7.664189e+02
  2.0680e+02     7.712377e+02
  2.0700e+02     7.761051e+02
  2.0720e+02     7.810217e+02
  2.0740e+02     7.859878e+02
  2.0760e+02     7.910036e+02
  2.0780e+02     7.960695e+02
  2.0800e+02     8.011858e+02
  2.0820e+02     8.063530e+02
  2.0840e+02     8.115712e+02
  2.0860e+02     8.168409e+02
  2.0880e+02     8.221623e+02
  2.0900e+02     8.275359e+02
  2.0920e+02     8.329619e+02
  2.0940e+02     8.384407e+02
  2.0960e+02     8.439726e+02
  2.0980e+02     8.495579e+02
  2.1000e+02     8.551971e+02
  2.1020e+02     8.608903e+02
  2.1040e+02     8.666379e+02
  2.1060e+02     8.724403e+02
  2.1080e+02     8.782978e+02
  2.1100e+02     8.842107e+02
  2.1120e+02     8.901793e+02
  2.1140e+02     8.962039e+02
  2.1160e+02     9.022849e+02
  2.1180e+02     9.084226e+02
  2.1200e+02     9.146172e+02
  2.1220e+02     9.208692e+02
  2.1240e+02     9.271787e+02
  2.1260e+02     9.335462e+02
  2.1280e+02     9.399719e+02
  2.1300e+02     9.464560e+02
  2.1320e+02     9.529990e+02
  2.1340e+02     9.596011e+02
  2.1360e+02     9.662625e+02
  2.1380e+02     9.729836e+02
  2.1400e+02     9.797646e+02
  2.1420e+02     9.866059e+02
  2.1440e+02     9.935076e+02
  2.1460e+02     1.000470e+03
  2.1480e+02     1.007493e+03
  2.1500e+02     1.014578e+03
  2.1520e+02     1.021724e+03
  2.1540e+02     1.028932e+03
  2.1560e+02     1.036202e+03
  2.1580e+02     1.043534e+03
  2.1600e+02     1.050929e+03
  2.1620e+02     1.058386e+03
  2.1640e+02     1.065906e+03
  2.1660e+02     1.073489e+03
  2.1680e+02     1.081135e+03
  2.1700e+02     1.088845e+03
  2.1720e+02     1.096619e+03
  2.1740e+02     1.104456e+03
  2.1760e+02     1.112357e+03
  2.1780e+02     1.120323e+03
  2.1800e+02     1.128352e+03
  2.1820e+02     1.136446e+03
  2.1840e+02     1.144604e+03
  2.1860e+02     1.152828e+03
  2.1880e+02     1.161115e+03
  2.1900e+02     1.169468e+03
  2.1920e+02     1.177885e+03
  2.1940e+02     1.186368e+03
  2.1960e+02     1.194915e+03
  2.1980e+02     1.203528e+03
  2.2000e+02     1.212205e+03
  2.2020e+02     1.220948e+03
  2.2040e+02     1.229756e+03
  2.2060e+02     1.238629e+03
  2.2080e+02     1.247567e+03
  2.2100e+02     1.256570e+03
  2.2120e+02     1.265638e+03
  2.2140e+02     1.274771e+03
  2.2160e+02     1.283969e+03
  2.2180e+02     1.293232e+03
  2.2200e+02     1.302559e+03
  2.2220e+02     1.311951e+03
  2.2240e+02     1.321407e+03
  2.2260e+02     1.330928e+03
  2.2280e+02     1.340512e+03
  2.2300e+02     1.350161e+03
  2.2320e+02     1.359873e+03
  2.2340e+02     1.369648e+03
  2.2360e+02     1.379487e+03
  2.2380e+02     1.389388e+03
  2.2400e+02     1.399352e+03
  2.2420e+02     1.409378e+03
  2.2440e+02     1.419466e+03
  2.2460e+02     1.429616e+03
  2.2480e+02     1.439826e+03
  2.2500e+02     1.450098e+03
  2.2520e+02     1.460430e+03
  2.2540e+02     1.470821e+03
  2.2560e+02     1.481273e+03
  2.2580e+02     1.491783e+03
  2.2600e+02     1.502351e+03
  2.2620e+02     1.512977e+03
  2.2640e+02     1.523661e+03
  2.2660e+02     1.534401e+03
  2.2680e+02     1.545198e+03
  2.2700e+02     1.556050e+03
  2.2720e+02     1.566956e+03
  2.2740e+02     1.577917e+03
  2.2760e+02     1.588930e+03
  2.2780e+02     1.599997e+03
  2.2800e+02     1.611115e+03
  2.2820e+02     1.622284e+03
  2.2840e+02     1.633503e+03
  2.2860e+02     1.644772e+03
  2.2880e+02     1.656089e+03
  2.2900e+02     1.667453e+03
  2.2920e+02     1.678863e+03
  2.2940e+02     1.690319e+03
  2.2960e+02     1.701820e+03
  2.2980e+02     1.713364e+03
  2.3000e+02     1.724950e+03
  2.3020e+02     1.736577e+03
  2.3040e+02     1.748244e+03
  2.3060e+02     1.759950e+03
  2.3080e+02     1.771693e+03
  2.3100e+02     1.783473e+03
  2.3120e+02     1.795287e+03
  2.3140e+02     1.807136e+03
  2.3160e+02     1.819016e+03
  2.3180e+02     1.830928e+03
  2.3200e+02     1.842869e+03
  2.3220e+02     1.854838e+03
  2.3240e+02     1.866834e+03
  2.3260e+02     1.878854e+03
  2.3280e+02     1.890898e+03
  2.3300e+02     1.902964e+03
  2.3320e+02     1.915050e+03
  2.3340e+02     1.927155e+03
  2.3360e+02     1.939276e+03
  2.3380e+02     1.951412e+03
  2.3400e+02     1.963562e+03
  2.3420e+02     1.975723e+03
  2.3440e+02     1.987894e+03
  2.3460e+02     2.000072e+03
  2.3480e+02     2.012256e+03
  2.3500e+02     2.024444e+03
  2.3520e+02     2.036633e+03
  2.3540e+02     2.048823e+03
  2.3560e+02     2.061010e+03
  2.3580e+02     2.073192e+03
  2.3600e+02     2.085368e+03
  2.3620e+02     2.097536e+03
  2.3640e+02     2.109692e+03
  2.3660e+02     2.121835e+03
  2.3680e+02     2.133963e+03
  2.3700e+02     2.146073e+03
  2.3720e+02     2.158163e+03
  2.3740e+02     2.170230e+03
  2.3760e+02     2.182273e+03
  2.3780e+02     2.194288e+03
  2.3800e+02     2.206274e+03
  2.3820e+02     2.218227e+03
  2.3840e+02     2.230145e+03
  2.3860e+02     2.242026e+03
  2.3880e+02     2.253867e+03
  2.3900e+02     2.265665e+03
  2.3920e+02     2.277418e+03
  2.3940e+02     2.289123e+03
  2.3960e+02     2.300778e+03
  2.3980e+02     2.312379e+03
  2.4000e+02     2.323924e+03
  2.4020e+02     2.335411e+03
  2.4040e+02     2.346836e+03
  2.4060e+02     2.358196e+03
  2.4080e+02     2.369489e+03
  2.4100e+02     2.380713e+03
  2.4120e+02     2.391863e+03
  2.4140e+02     2.402937e+03
  2.4160e+02     2.413933e+03
  2.4180e+02     2.424847e+03
  2.4200e+02     2.435677e+03
  2.4220e+02     2.446419e+03
  2.4240e+02     2.457071e+03
  2.4260e+02     2.467629e+03
  2.4280e+02     2.478091e+03
  2.4300e+02     2.488454e+03
  2.4320e+02     2.498715e+03
  2.4340e+02     2.508870e+03
  2.4360e+02     2.518917e+03
  2.4380e+02     2.528853e+03
  2.4400e+02     2.538675e+03
  2.4420e+02     2.548380e+03
  2.4440e+02     2.557965e+03
  2.4460e+02     2.567426e+03
  2.4480e+02     2.576762e+03
  2.4500e+02     2.585969e+03
  2.4520e+02     2.595044e+03
  2.4540e+02     2.603984e+03
  2.4560e+02     2.612787e+03
  2.4580e+02     2.621449e+03
  2.4600e+02     2.629967e+03
  2.4620e+02     2.638340e+03
  2.4640e+02     2.646563e+03
  2.4660e+02     2.654635e+03
  2.4680e+02     2.662552e+03
  2.4700e+02     2.670311e+03
  2.4720e+02     2.677911e+03
  2.4740e+02     2.685347e+03
  2.4760e+02     2.692619e+03
  2.4780e+02     2.699722e+03
  2.4800e+02     2.706654e+03
  2.4820e+02     2.713414e+03
  2.4840e+02     2.719998e+03
  2.4860e+02     2.726403e+03
  2.4880e+02     2.732629e+03
  2.4900e+02     2.738671e+03
  2.4920e+02     2.744528e+03
  2.4940e+02     2.750198e+03
  2.4960e+02     2.755678e+03
  2.4980e+02     2.760966e+03
  2.5000e+02     2.766061e+03
  2.5020e+02     2.770959e+03
  2.5040e+02     2.775659e+03
  2.5060e+02     2.780160e+03
  2.5080e+02     2.784459e+03
  2.5100e+02     2.788554e+03
  2.5120e+02     2.792444e+03
  2.5140e+02     2.796127e+03
  2.5160e+02     2.799601e+03
  2.5180e+02     2.802866e+03
  2.5200e+02     2.805918e+03
  2.5220e+02     2.808758e+03
  2.5240e+02     2.811384e+03
  2.5260e+02     2.813794e+03
  2.5280e+02     2.815987e+03
  2.5300e+02     2.817963e+03
  2.5320e+02     2.819720e+03
  2.5340e+02     2.821257e+03
  2.5360e+02     2.822574e+03
  2.5380e+02     2.823670e+03
  2.5400e+02     2.824543e+03
  2.5420e+02     2.825194e+03
  2.5440e+02     2.825622e+03
  2.5460e+02     2.825827e+03
  2.5480e+02     2.825807e+03
  2.5500e+02     2.825564e+03
  2.5520e+02     2.825096e+03
  2.5540e+02     2.824404e+03
  2.5560e+02     2.823487e+03
  2.5580e+02     2.822347e+03
  2.5600e+02     2.820982e+03
  2.5620e+02     2.819393e+03
  2.5640e+02     2.817581e+03
  2.5660e+02     2.815546e+03
  2.5680e+02     2.813288e+03
  2.5700e+02     2.810809e+03
  2.5720e+02     2.808108e+03
  2.5740e+02     2.805187e+03
  2.5760e+02     2.802046e+03
  2.5780e+02     2.798687e+03
  2.5800e+02     2.795111e+03
  2.5820e+02     2.791318e+03
  2.5840e+02     2.787309e+03
  2.5860e+02     2.783087e+03
  2.5880e+02     2.778653e+03
  2.5900e+02     2.774007e+03
  2.5920e+02     2.769152e+03
  2.5940e+02     2.764089e+03
  2.5960e+02     2.758820e+03
  2.5980e+02     2.753347e+03
  2.6000e+02     2.747671e+03
  2.6020e+02     2.741794e+03
  2.6040e+02     2.735719e+03
  2.6060e+02     2.729448e+03
  2.6080e+02     2.722982e+03
  2.6100e+02     2.716323e+03
  2.6120e+02     2.709475e+03
  2.6140e+02     2.702440e+03
  2.6160e+02     2.695219e+03
  2.6180e+02     2.687815e+03
  2.6200e+02     2.680232e+03
  2.6220e+02     2.672471e+03
  2.6240e+02     2.664535e+03
  2.6260e+02     2.656426e+03
  2.6280e+02     2.648148e+03
  2.6300e+02     2.639704e+03
  2.6320e+02     2.631096e+03
  2.6340e+02     2.622327e+03
  2.6360e+02     2.613399e+03
  2.6380e+02     2.604317e+03
  2.6400e+02     2.595083e+03
  2.6420e+02     2.585700e+03
  2.6440e+02     2.576171e+03
  2.6460e+02     2.566499e+03
  2.6480e+02     2.556688e+03
  2.6500e+02     2.546740e+03
  2.6520e+02     2.536660e+03
  2.6540e+02     2.526449e+03
  2.6560e+02     2.516112e+03
  2.6580e+02     2.505651e+03
  2.6600e+02     2.495070e+03
  2.6620e+02     2.484373e+03
  2.6640e+02     2.473562e+03
  2.6660e+02     2.462641e+03
  2.6680e+02     2.451614e+03
  2.6700e+02     2.440483e+03
  2.6720e+02     2.429252e+03
  2.6740e+02     2.417924e+03
  2.6760e+02     2.406503e+03
  2.6780e+02     2.394993e+03
  2.6800e+02     2.383395e+03
  2.6820e+02     2.371715e+03
  2.6840e+02     2.359955e+03
  2.6860e+02     2.348118e+03
  2.6880e+02     2.336208e+03
  2.6900e+02     2.324229e+03
  2.6920e+02     2.312183e+03
  2.6940e+02     2.300074e+03
  2.6960e+02     2.287905e+03
  2.6980e+02     2.275679e+03
  2.7000e+02     2.263400e+03
  2.7020e+02     2.251071e+03
  2.7040e+02     2.238694e+03
  2.7060e+02     2.226274e+03
  2.7080e+02     2.213814e+03
  2.7100e+02     2.201315e+03
  2.7120e+02     2.188782e+03
  2.7140e+02     2.176218e+03
  2.7160e+02     2.163625e+03
  2.7180e+02     2.151007e+03
  2.7200e+02     2.138366e+03
  2.7220e+02     2.125706e+03
  2.7240e+02     2.113029e+03
  2.7260e+02     2.100338e+03
  2.7280e+02     2.087636e+03
  2.7300e+02     2.074926e+03
  2.7320e+02     2.062210e+03
  2.7340e+02     2.049491e+03
  2.7360e+02     2.036772e+03
  2.7380e+02     2.024056e+03
  2.7400e+02     2.011344e+03
  2.7420e+02     1.998639e+03
  2.7440e+02     1.985945e+03
  2.7460e+02     1.973263e+03
  2.7480e+02     1.960595e+03
  2.7500e+02     1.947945e+03
  2.7520e+02     1.935314e+03
  2.7540e+02     1.922704e+03
  2.7560e+02     1.910118e+03
  2.7580e+02     1.897558e+03
  2.7600e+02     1.885026e+03
  2.7620e+02     1.872523e+03
  2.7640e+02     1.860053e+03
  2.7660e+02     1.847617e+03
  2.7680e+02     1.835217e+03
  2.7700e+02     1.822854e+03
  2.7720e+02     1.810531e+03
  2.7740e+02     1.798249e+03
  2.7760e+02     1.786011e+03
  2.7780e+02     1.773817e+03
  2.7800e+02     1.761669e+03
  2.7820e+02     1.749569e+03
  2.7840e+02     1.737519e+03
  2.7860e+02     1.725519e+03
  2.7880e+02     1.713572e+03
  2.7900e+02     1.701679e+03
  2.7920e+02     1.689841e+03
  2.7940e+02     1.678059e+03
  2.7960e+02     1.666335e+03
  2.7980e+02     1.654669e+03
  2.8000e+02     1.643064e+03
  2.8020e+02     1.631520e+03
  2.8040e+02     1.620038e+03
  2.8060e+02     1.608620e+03
  2.8080e+02     1.597266e+03
  2.8100e+02     1.585977e+03
  2.8120e+02     1.574755e+03
  2.8140e+02     1.563599e+03
  2.8160e+02     1.552512e+03
  2.8180e+02     1.541493e+03
  2.8200e+02     1.530544e+03
  2.8220e+02     1.519665e+03
  2.8240e+02     1.508856e+03
  2.8260e+02     1.498120e+03
  2.8280e+02     1.487456e+03
  2.8300e+02     1.476864e+03
  2.8320e+02     1.466346e+03
  2.8340e+02     1.455902e+03
  2.8360e+02     1.445532e+03
  2.8380e+02     1.435237e+03
  2.8400e+02     1.425017e+03
  2.8420e+02     1.414872e+03
  2.8440e+02     1.404804e+03
  2.8460e+02     1.394812e+03
  2.8480e+02     1.384897e+03
  2.8500e+02     1.375058e+03
  2.8520e+02     1.365297e+03
  2.8540e+02     1.355612e+03
  2.8560e+02     1.346006e+03
  2.8580e+02     1.336477e+03
  2.8600e+02     1.327026e+03
  2.8620e+02     1.317653e+03
  2.8640e+02     1.308358e+03
  2.8660e+02     1.299141e+03
  2.8680e+02     1.290002e+03
  2.8700e+02     1.280941e+03
  2.8720e+02     1.271959e+03
  2.8740e+02     1.263054e+03
  2.8760e+02     1.254228e+03
  2.8780e+02     1.245480e+03
  2.8800e+02     1.236810e+03
  2.8820e+02     1.228217e+03
  2.8840e+02     1.219703e+03
  2.8860e+02     1.211266e+03
  2.8880e+02     1.202907e+03
  2.8900e+02     1.194625e+03
  2.8920e+02     1.186420e+03
  2.8940e+02     1.178292e+03
  2.8960e+02     1.170241e+03
  2.8980e+02     1.162266e+03
  2.9000e+02     1.154367e+03
  2.9020e+02     1.146545e+03
  2.9040e+02     1.138799e+03
  2.9060e+02     1.131128e+03
  2.9080e+02     1.123532e+03
  2.9100e+02     1.116011e+03
  2.9120e+02     1.108565e+03
  2.9140e+02     1.101193e+03
  2.9160e+02     1.093895e+03
  2.9180e+02     1.086670e+03
  2.9200e+02     1.079519e+03
  2.9220e+02     1.072441e+03
  2.9240e+02     1.065436e+03
  2.9260e+02     1.058503e+03
  2.9280e+02     1.051641e+03
  2.9300e+02     1.044851e+03
  2.9320e+02     1.038133e+03
  2.9340e+02     1.031485e+03
  2.9360e+02     1.024907e+03
  2.9380e+02     1.018399e+03
  2.9400e+02     1.011960e+03
  2.9420e+02     1.005591e+03
  2.9440e+02     9.992907e+02
  2.9460e+02     9.930581e+02
  2.9480e+02     9.868934e+02
  2.9500e+02     9.807960e+02
  2.9520e+02     9.747656e+02
  2.9540e+02     9.688017e+02
  2.9560e+02     9.629038e+02
  2.9580e+02     9.570715e+02
  2.9600e+02     9.513044e+02
  2.9620e+02     9.456020e+02
  2.9640e+02     9.399639e+02
  2.9660e+02     9.343896e+02
  2.9680e+02     9.288787e+02
  2.9700e+02     9.234307e+02
  2.9720e+02     9.180452e+02
  2.9740e+02     9.127217e+02
  2.9760e+02     9.074598e+02
  2.9780e+02     9.022590e+02
  2.9800e+02     8.971188e+02
  2.9820e+02     8.920389e+02
  2.9840e+02     8.870187e+02
  2.9860e+02     8.820578e+02
  2.9880e+02     8.771558e+02
  2.9900e+02     8.723122e+02
  2.9920e+02     8.675265e+02
  2.9940e+02     8.627984e+02
  2.9960e+02     8.581273e+02
  2.9980e+02     8.535128e+02
  3.0000e+02     8.489544e+02
  3.0020e+02     8.444518e+02
  3.0040e+02     8.400045e+02
  3.0060e+02     8.356120e+02
  3.0080e+02     8.312740e+02
  3.0100e+02     8.269899e+02
  3.0120e+02     8.227593e+02
  3.0140e+02     8.185818e+02
  3.0160e+02     8.144571e+02
  3.0180e+02     8.103845e+02
  3.0200e+02     8.063638e+02
  3.0220e+02     8.023946e+02
  3.0240e+02     7.984763e+02
  3.0260e+02     7.946085e+02
  3.0280e+02     7.907910e+02
  3.0300e+02     7.870232e+02
  3.0320e+02     7.833047e+02
  3.0340e+02     7.796352e+02
  3.0360e+02     7.760143e+02
  3.0380e+02     7.724414e+02
  3.0400e+02     7.689164e+02
  3.0420e+02     7.654387e+02
  3.0440e+02     7.620079e+02
  3.0460e+02     7.586238e+02
  3.0480e+02     7.552858e+02
  3.0500e+02     7.519937e+02
  3.0520e+02     7.487471e+02
  3.0540e+02     7.455455e+02
  3.0560e+02     7.423886e+02
  3.0580e+02     7.392761e+02
  3.0600e+02     7.362076e+02
  3.0620e+02     7.331828e+02
  3.0640e+02     7.302012e+02
  3.0660e+02     7.272625e+02
  3.0680e+02     7.243665e+02
  3.0700e+02     7.215126e+02
  3.0720e+02     7.187007e+02
  3.0740e+02     7.159304e+02
  3.0760e+02     7.132013e+02
  3.0780e+02     7.105131e+02
  3.0800e+02     7.078655e+02
  3.0820e+02     7.052582e+02
  3.0840e+02     7.026908e+02
  3.0860e+02     7.001631e+02
  3.0880e+02     6.976747e+02
  3.0900e+02     6.952253e+02
  3.0920e+02     6.928147e+02
  3.0940e+02     6.904424e+02
  3.0960e+02     6.881083e+02
  3.0980e+02     6.858121e+02
  3.1000e+02     6.835534e+02
  3.1020e+02     6.813320e+02
  3.1040e+02     6.791475e+02
  3.1060e+02     6.769998e+02
  3.1080e+02     6.748885e+02
  3.1100e+02     6.728134e+02
  3.1120e+02     6.707742e+02
  3.1140e+02     6.687707e+02
  3.1160e+02     6.668026e+02
  3.1180e+02     6.648695e+02
  3.1200e+02     6.629714e+02
  3.1220e+02     6.611079e+02
  3.1240e+02     6.592789e+02
  3.1260e+02     6.574839e+02
  3.1280e+02     6.557229e+02
  3.1300e+02     6.539956e+02
  3.1320e+02     6.523018e+02
  3.1340e+02     6.506412e+02
  3.1360e+02     6.490136e+02
  3.1380e+02     6.474188e+02
  3.1400e+02     6.458566e+02
  3.1420e+02     6.443267e+02
  3.1440e+02     6.428290e+02
  3.1460e+02     6.413633e+02
  3.1480e+02     6.399293e+02
  3.1500e+02     6.385269e+02
  3.1520e+02     6.371559e+02
  3.1540e+02     6.358160e+02
  3.1560e+02     6.345072e+02
  3.1580e+02     6.332291e+02
  3.1600e+02     6.319816e+02
  3.1620e+02     6.307646e+02
  3.1640e+02     6.295779e+02
  3.1660e+02     6.284212e+02
  3.1680e+02     6.272945e+02
  3.1700e+02     6.261976e+02
  3.1720e+02     6.251303e+02
  3.1740e+02     6.240924e+02
  3.1760e+02     6.230838e+02
  3.1780e+02     6.221043e+02
  3.1800e+02     6.211539e+02
  3.1820e+02     6.202322e+02
  3.1840e+02     6.193393e+02
  3.1860e+02     6.184750e+02
  3.1880e+02     6.176391e+02
  3.1900e+02     6.168314e+02
  3.1920e+02     6.160520e+02
  3.1940e+02     6.153006e+02
  3.1960e+02     6.145770e+02
  3.1980e+02     6.138813e+02
  3.2000e+02     6.132133e+02
  3.2020e+02     6.125728e+02
  3.2040e+02     6.119597e+02
  3.2060e+02     6.113740e+02
  3.2080e+02     6.108155e+02
  3.2100e+02     6.102842e+02
  3.2120e+02     6.097798e+02
  3.2140e+02     6.093024e+02
  3.2160e+02     6.088518e+02
  3.2180e+02     6.084280e+02
  3.2200e+02     6.080308e+02
  3.2220e+02     6.076602e+02
  3.2240e+02     6.073160e+02
  3.2260e+02     6.069982e+02
  3.2280e+02     6.067068e+02
  3.2300e+02     6.064415e+02
  3.2320e+02     6.062025e+02
  3.2340e+02     6.059895e+02
  3.2360e+02     6.058026e+02
  3.2380e+02     6.056416e+02
  3.2400e+02     6.055065e+02
  3.2420e+02     6.053973e+02
  3.2440e+02     6.053138e+02
  3.2460e+02     6.052561e+02
  3.2480e+02     6.052240e+02
  3.2500e+02     6.052175e+02
  3.2520e+02     6.052367e+02
  3.2540e+02     6.052813e+02
  3.2560e+02     6.053514e+02
  3.2580e+02     6.054470e+02
  3.2600e+02     6.055680e+02
  3.2620e+02     6.057144e+02
  3.2640e+02     6.058861e+02
  3.2660e+02     6.060831e+02
  3.2680e+02     6.063053e+02
  3.2700e+02     6.065529e+02
  3.2720e+02     6.068256e+02
  3.2740e+02     6.071236e+02
  3.2760e+02     6.074468e+02
  3.2780e+02     6.077951e+02
  3.2800e+02     6.081687e+02
  3.2820e+02     6.085673e+02
  3.2840e+02     6.089911e+02
  3.2860e+02     6.094401e+02
  3.2880e+02     6.099141e+02
  3.2900e+02     6.104133e+02
  3.2920e+02     6.109377e+02
  3.2940e+02     6.114871e+02
  3.2960e+02     6.120617e+02
  3.2980e+02     6.126614e+02
  3.3000e+02     6.132863e+02
  3.3020e+02     6.139364e+02
  3.3040e+02     6.146116e+02
  3.3060e+02     6.153120e+02
  3.3080e+02     6.160376e+02
  3.3100e+02     6.167885e+02
  3.3120e+02     6.175646e+02
  3.3140e+02     6.183659e+02
  3.3160e+02     6.191926e+02
  3.3180e+02     6.200446e+02
  3.3200e+02     6.209219e+02
  3.3220e+02     6.218247e+02
  3.3240e+02     6.227529e+02
  3.3260e+02     6.237065e+02
  3.3280e+02     6.246856e+02
  3.3300e+02     6.256903e+02
  3.3320e+02     6.267206e+02
  3.3340e+02     6.277765e+02
  3.3360e+02     6.288580e+02
  3.3380e+02     6.299653e+02
  3.3400e+02     6.310984e+02
  3.3420e+02     6.322573e+02
  3.3440e+02     6.334420e+02
  3.3460e+02     6.346527e+02
  3.3480e+02     6.358895e+02
  3.3500e+02     6.371522e+02
  3.3520e+02     6.384411e+02
  3.3540e+02     6.397562e+02
  3.3560e+02     6.410975e+02
  3.3580e+02     6.424651e+02
  3.3600e+02     6.438592e+02
  3.3620e+02     6.452797e+02
  3.3640e+02     6.467267e+02
  3.3660e+02     6.482003e+02
  3.3680e+02     6.497006e+02
  3.3700e+02     6.512277e+02
  3.3720e+02     6.527816e+02
  3.3740e+02     6.543625e+02
  3.3760e+02     6.559704e+02
  3.3780e+02     6.576053e+02
  3.3800e+02     6.592675e+02
  3.3820e+02     6.609569e+02
  3.3840e+02     6.626737e+02
  3.3860e+02     6.644180e+02
  3.3880e+02     6.661898e+02
  3.3900e+02     6.679893e+02
  3.3920e+02     6.698165e+02
  3.3940e+02     6.716716e+02
  3.3960e+02     6.735546e+02
  3.3980e+02     6.754657e+02
  3.4000e+02     6.774049e+02
  3.4020e+02     6.793724e+02
  3.4040e+02     6.813683e+02
  3.4060e+02     6.833926e+02
  3.4080e+02     6.854456e+02
  3.4100e+02     6.875272e+02
  3.4120e+02     6.896377e+02
  3.4140e+02     6.917771e+02
  3.4160e+02     6.939455e+02
  3.4180e+02     6.961431e+02
  3.4200e+02     6.983700e+02
  3.4220e+02     7.006263e+02
  3.4240e+02     7.029122e+02
  3.4260e+02     7.052277e+02
  3.4280e+02     7.075729e+02
  3.4300e+02     7.099481e+02
  3.4320e+02     7.123533e+02
  3.4340e+02     7.147886e+02
  3.4360e+02     7.172543e+02
  3.4380e+02     7.197503e+02
  3.4400e+02     7.222769e+02
  3.4420e+02     7.248342e+02
  3.4440e+02     7.274223e+02
  3.4460e+02     7.300414e+02
  3.4480e+02     7.326916e+02
  3.4500e+02     7.353730e+02
  3.4520e+02     7.380857e+02
  3.4540e+02     7.408300e+02
  3.4560e+02     7.436059e+02
  3.4580e+02     7.464137e+02
  3.4600e+02     7.492533e+02
  3.4620e+02     7.521250e+02
  3.4640e+02     7.550290e+02
  3.4660e+02     7.579653e+02
  3.4680e+02     7.609341e+02
  3.4700e+02     7.639356e+02
  3.4720e+02     7.669699e+02
  3.4740e+02     7.700371e+02
  3.4760e+02     7.731375e+02
  3.4780e+02     7.762711e+02
  3.4800e+02     7.794381e+02
  3.4820e+02     7.826386e+02
  3.4840e+02     7.858729e+02
  3.4860e+02     7.891410e+02
  3.4880e+02     7.924431e+02
  3.4900e+02     7.957794e+02
  3.4920e+02     7.991500e+02
  3.4940e+02     8.025551e+02
  3.4960e+02     8.059947e+02
  3.4980e+02     8.094692e+02
  3.5000e+02     8.129785e+02
  3.5020e+02     8.165230e+02
  3.5040e+02     8.201026e+02
  3.5060e+02     8.237177e+02
  3.5080e+02     8.273683e+02
  3.5100e+02     8.310545e+02
  3.5120e+02     8.347766e+02
  3.5140e+02     8.385347e+02
  3.5160e+02     8.423290e+02
  3.5180e+02     8.461595e+02
  3.5200e+02     8.500265e+02
  3.5220e+02     8.539301e+02
  3.5240e+02     8.578704e+02
  3.5260e+02     8.618476e+02
  3.5280e+02     8.658619e+02
  3.5300e+02     8.699134e+02
  3.5320e+02     8.740022e+02
  3.5340e+02     8.781285e+02
  3.5360e+02     8.822924e+02
  3.5380e+02     8.864941e+02
  3.5400e+02     8.907338e+02
  3.5420e+02     8.950114e+02
  3.5440e+02     8.993273e+02
  3.5460e+02     9.036816e+02
  3.5480e+02     9.080743e+02
  3.5500e+02     9.125057e+02
  3.5520e+02     9.169758e+02
  3.5540e+02     9.214848e+02
  3.5560e+02     9.260328e+02
  3.5580e+02     9.306199e+02
  3.5600e+02     9.352463e+02
  3.5620e+02     9.399122e+02
  3.5640e+02     9.446175e+02
  3.5660e+02     9.493626e+02
  3.5680e+02     9.541473e+02
  3.5700e+02     9.589720e+02
  3.5720e+02     9.638367e+02
  3.5740e+02     9.687414e+02
  3.5760e+02     9.736864e+02
  3.5780e+02     9.786717e+02
  3.5800e+02     9.836975e+02
  3.5820e+02     9.887638e+02
  3.5840e+02     9.938707e+02
  3.5860e+02     9.990183e+02
  3.5880e+02     1.004206e+03
  3.5900e+02     1.009436e+03
  3.5920e+02     1.014706e+03
  3.5940e+02     1.020017e+03
  3.5960e+02     1.025370e+03
  3.5980e+02     1.030764e+03
