# Epidemic | 7 days incidence [ x-unit: days | y-unit: per 100000 ]
  0.0000e+00     3.618006e+02
  2.0000e-01     3.596257e+02
  4.0000e-01     3.574668e+02
  6.0000e-01     3.553238e+02
  8.0000e-01     3.531966e+02
  1.0000e+00     3.510852e+02
  1.2000e+00     3.489893e+02
  1.4000e+00     3.469090e+02
  1.6000e+00     3.448442e+02
  1.8000e+00     3.427947e+02
  2.0000e+00     3.407605e+02
  2.2000e+00     3.387415e+02
  2.4000e+00     3.367376e+02
  2.6000e+00     3.347487e+02
  2.8000e+00     3.327748e+02
  3.0000e+00     3.308157e+02
  3.2000e+00     3.288713e+02
  3.4000e+00     3.269417e+02
  3.6000e+00     3.250266e+02
  3.8000e+00     3.231260e+02
  4.0000e+00     3.212399e+02
  4.2000e+00     3.193680e+02
  4.4000e+00     3.175104e+02
  4.6000e+00     3.156669e+02
  4.8000e+00     3.138375e+02
  5.0000e+00     3.120221e+02
  5.2000e+00     3.102206e+02
  5.4000e+00     3.084328e+02
  5.6000e+00     3.066587e+02
  5.8000e+00     3.048983e+02
  6.0000e+00     3.031514e+02
  6.2000e+00     3.014180e+02
  6.4000e+00     2.996979e+02
  6.6000e+00     2.979911e+02
  6.8000e+00     2.962974e+02
  7.0000e+00     2.946169e+02
  7.2000e+00     2.933578e+02
  7.4000e+00     2.921505e+02
  7.6000e+00     2.909491e+02
  7.8000e+00     2.897537e+02
  8.0000e+00     2.885642e+02
  8.2000e+00     2.873806e+02
  8.4000e+00     2.862029e+02
  8.6000e+00     2.850311e+02
  8.8000e+00     2.838651e+02
  9.0000e+00     2.827050e+02
  9.2000e+00     2.815507e+02
  9.4000e+00     2.804022e+02
  9.6000e+00     2.792594e+02
  9.8000e+00     2.781224e+02
  1.0000e+01     2.769912e+02
  1.0200e+01     2.758656e+02
  1.0400e+01     2.747458e+02
  1.0600e+01     2.736316e+02
  1.0800e+01     2.725231e+02
  1.1000e+01     2.714202e+02
  1.1200e+01     2.703230e+02
  1.1400e+01     2.692313e+02
  1.1600e+01     2.681452e+02
  1.1800e+01     2.670647e+02
  1.2000e+01     2.659897e+02
  1.2200e+01     2.649203e+02
  1.2400e+01     2.638564e+02
  1.2600e+01     2.627979e+02
  1.2800e+01     2.617449e+02
  1.3000e+01     2.606974e+02
  1.3200e+01     2.596553e+02
  1.3400e+01     2.586186e+02
  1.3600e+01     2.575873e+02
  1.3800e+01     2.565613e+02
  1.4000e+01     2.555408e+02
  1.4200e+01     2.545255e+02
  1.4400e+01     2.535156e+02
  1.4600e+01     2.525110e+02
  1.4800e+01     2.515116e+02
  1.5000e+01     2.505175e+02
  1.5200e+01     2.495287e+02
  1.5400e+01     2.485451e+02
  1.5600e+01     2.475667e+02
  1.5800e+01     2.465934e+02
  1.6000e+01     2.456254e+02
  1.6200e+01     2.446625e+02
  1.6400e+01     2.437047e+02
  1.6600e+01     2.427520e+02
  1.6800e+01     2.418044e+02
  1.7000e+01     2.408619e+02
  1.7200e+01     2.399245e+02
  1.7400e+01     2.389921e+02
  1.7600e+01     2.380647e+02
  1.7800e+01     2.371423e+02
  1.8000e+01     2.362249e+02
  1.8200e+01     2.353124e+02
  1.8400e+01     2.344049e+02
  1.8600e+01     2.335023e+02
  1.8800e+01     2.326047e+02
  1.9000e+01     2.317119e+02
  1.9200e+01     2.308240e+02
  1.9400e+01     2.299409e+02
  1.9600e+01     2.290626e+02
  1.9800e+01     2.281892e+02
  2.0000e+01     2.273206e+02
  2.0200e+01     2.264567e+02
  2.0400e+01     2.255976e+02
  2.0600e+01     2.247432e+02
  2.0800e+01     2.238936e+02
  2.1000e+01     2.230486e+02
  2.1200e+01     2.219738e+02
  2.1400e+01     2.208817e+02
  2.1600e+01     2.197984e+02
  2.1800e+01     2.187238e+02
  2.2000e+01     2.176579e+02
  2.2200e+01     2.166006e+02
  2.2400e+01     2.155519e+02
  2.2600e+01     2.145117e+02
  2.2800e+01     2.134798e+02
  2.3000e+01     2.124564e+02
  2.3200e+01     2.114412e+02
  2.3400e+01     2.104343e+02
  2.3600e+01     2.094355e+02
  2.3800e+01     2.084449e+02
  2.4000e+01     2.074623e+02
  2.4200e+01     2.064877e+02
  2.4400e+01     2.055210e+02
  2.4600e+01     2.045622e+02
  2.4800e+01     2.036112e+02
  2.5000e+01     2.026679e+02
  2.5200e+01     2.017323e+02
  2.5400e+01     2.008044e+02
  2.5600e+01     1.998840e+02
  2.5800e+01     1.989712e+02
  2.6000e+01     1.980658e+02
  2.6200e+01     1.971678e+02
  2.6400e+01     1.962771e+02
  2.6600e+01     1.953938e+02
  2.6800e+01     1.945176e+02
  2.7000e+01     1.936487e+02
  2.7200e+01     1.927868e+02
  2.7400e+01     1.919321e+02
  2.7600e+01     1.910843e+02
  2.7800e+01     1.902435e+02
  2.8000e+01     1.894097e+02
  2.8200e+01     1.885826e+02
  2.8400e+01     1.877624e+02
  2.8600e+01     1.869489e+02
  2.8800e+01     1.861422e+02
  2.9000e+01     1.853421e+02
  2.9200e+01     1.845486e+02
  2.9400e+01     1.837616e+02
  2.9600e+01     1.829811e+02
  2.9800e+01     1.822071e+02
  3.0000e+01     1.814395e+02
  3.0200e+01     1.806782e+02
  3.0400e+01     1.799233e+02
  3.0600e+01     1.791746e+02
  3.0800e+01     1.784321e+02
  3.1000e+01     1.776958e+02
  3.1200e+01     1.769655e+02
  3.1400e+01     1.762414e+02
  3.1600e+01     1.755233e+02
  3.1800e+01     1.748111e+02
  3.2000e+01     1.741049e+02
  3.2200e+01     1.734046e+02
  3.2400e+01     1.727101e+02
  3.2600e+01     1.720214e+02
  3.2800e+01     1.713385e+02
  3.3000e+01     1.706613e+02
  3.3200e+01     1.699897e+02
  3.3400e+01     1.693238e+02
  3.3600e+01     1.686635e+02
  3.3800e+01     1.680087e+02
  3.4000e+01     1.673594e+02
  3.4200e+01     1.667156e+02
  3.4400e+01     1.660772e+02
  3.4600e+01     1.654442e+02
  3.4800e+01     1.648165e+02
  3.5000e+01     1.641941e+02
  3.5200e+01     1.635770e+02
  3.5400e+01     1.629650e+02
  3.5600e+01     1.623583e+02
  3.5800e+01     1.617567e+02
  3.6000e+01     1.611603e+02
  3.6200e+01     1.605688e+02
  3.6400e+01     1.599825e+02
  3.6600e+01     1.594011e+02
  3.6800e+01     1.588246e+02
  3.7000e+01     1.582531e+02
  3.7200e+01     1.576865e+02
  3.7400e+01     1.571247e+02
  3.7600e+01     1.565678e+02
  3.7800e+01     1.560156e+02
  3.8000e+01     1.554681e+02
  3.8200e+01     1.549254e+02
  3.8400e+01     1.543873e+02
  3.8600e+01     1.538539e+02
  3.8800e+01     1.533251e+02
  3.9000e+01     1.528008e+02
  3.9200e+01     1.522811e+02
  3.9400e+01     1.517659e+02
  3.9600e+01     1.512552e+02
  3.9800e+01     1.507489e+02
  4.0000e+01     1.502470e+02
  4.0200e+01     1.497495e+02
  4.0400e+01     1.492564e+02
  4.0600e+01     1.487675e+02
  4.0800e+01     1.482830e+02
  4.1000e+01     1.478027e+02
  4.1200e+01     1.473266e+02
  4.1400e+01     1.468547e+02
  4.1600e+01     1.463870e+02
  4.1800e+01     1.459235e+02
  4.2000e+01     1.454640e+02
  4.2200e+01     1.450086e+02
  4.2400e+01     1.445573e+02
  4.2600e+01     1.441099e+02
  4.2800e+01     1.436666e+02
  4.3000e+01     1.432273e+02
  4.3200e+01     1.427919e+02
  4.3400e+01     1.423603e+02
  4.3600e+01     1.419327e+02
  4.3800e+01     1.415090e+02
  4.4000e+01     1.410890e+02
  4.4200e+01     1.406729e+02
  4.4400e+01     1.402605e+02
  4.4600e+01     1.398519e+02
  4.4800e+01     1.394471e+02
  4.5000e+01     1.390459e+02
  4.5200e+01     1.386484e+02
  4.5400e+01     1.382545e+02
  4.5600e+01     1.378643e+02
  4.5800e+01     1.374777e+02
  4.6000e+01     1.370947e+02
  4.6200e+01     1.367152e+02
  4.6400e+01     1.363393e+02
  4.6600e+01     1.359668e+02
  4.6800e+01     1.355979e+02
  4.7000e+01     1.352324e+02
  4.7200e+01     1.348703e+02
  4.7400e+01     1.345117e+02
  4.7600e+01     1.341565e+02
  4.7800e+01     1.338046e+02
  4.8000e+01     1.334561e+02
  4.8200e+01     1.331109e+02
  4.8400e+01     1.327690e+02
  4.8600e+01     1.324304e+02
  4.8800e+01     1.320951e+02
  4.9000e+01     1.317630e+02
  4.9200e+01     1.314342e+02
  4.9400e+01     1.311085e+02
  4.9600e+01     1.307860e+02
  4.9800e+01     1.304667e+02
  5.0000e+01     1.301506e+02
  5.0200e+01     1.298375e+02
  5.0400e+01     1.295276e+02
  5.0600e+01     1.292208e+02
  5.0800e+01     1.289170e+02
  5.1000e+01     1.286163e+02
  5.1200e+01     1.283186e+02
  5.1400e+01     1.280239e+02
  5.1600e+01     1.277322e+02
  5.1800e+01     1.274434e+02
  5.2000e+01     1.271577e+02
  5.2200e+01     1.268749e+02
  5.2400e+01     1.265950e+02
  5.2600e+01     1.263180e+02
  5.2800e+01     1.260438e+02
  5.3000e+01     1.257726e+02
  5.3200e+01     1.255042e+02
  5.3400e+01     1.252387e+02
  5.3600e+01     1.249759e+02
  5.3800e+01     1.247160e+02
  5.4000e+01     1.244589e+02
  5.4200e+01     1.242045e+02
  5.4400e+01     1.239529e+02
  5.4600e+01     1.237040e+02
  5.4800e+01     1.234579e+02
  5.5000e+01     1.232144e+02
  5.5200e+01     1.229737e+02
  5.5400e+01     1.227356e+02
  5.5600e+01     1.225003e+02
  5.5800e+01     1.222675e+02
  5.6000e+01     1.220374e+02
  5.6200e+01     1.218099e+02
  5.6400e+01     1.215851e+02
  5.6600e+01     1.213628e+02
  5.6800e+01     1.211431e+02
  5.7000e+01     1.209259e+02
  5.7200e+01     1.207114e+02
  5.7400e+01     1.204993e+02
  5.7600e+01     1.202898e+02
  5.7800e+01     1.200828e+02
  5.8000e+01     1.198783e+02
  5.8200e+01     1.196763e+02
  5.8400e+01     1.194768e+02
  5.8600e+01     1.192797e+02
  5.8800e+01     1.190851e+02
  5.9000e+01     1.188929e+02
  5.9200e+01     1.187031e+02
  5.9400e+01     1.185158e+02
  5.9600e+01     1.183308e+02
  5.9800e+01     1.181483e+02
  6.0000e+01     1.179681e+02
  6.0200e+01     1.177903e+02
  6.0400e+01     1.176149e+02
  6.0600e+01     1.174418e+02
  6.0800e+01     1.172710e+02
  6.1000e+01     1.171025e+02
  6.1200e+01     1.169364e+02
  6.1400e+01     1.167726e+02
  6.1600e+01     1.166111e+02
  6.1800e+01     1.164518e+02
  6.2000e+01     1.162948e+02
  6.2200e+01     1.161401e+02
  6.2400e+01     1.159876e+02
  6.2600e+01     1.158374e+02
  6.2800e+01     1.156894e+02
  6.3000e+01     1.155436e+02
  6.3200e+01     1.154001e+02
  6.3400e+01     1.152587e+02
  6.3600e+01     1.151196e+02
  6.3800e+01     1.149826e+02
  6.4000e+01     1.148478e+02
  6.4200e+01     1.147152e+02
  6.4400e+01     1.145847e+02
  6.4600e+01     1.144564e+02
  6.4800e+01     1.143302e+02
  6.5000e+01     1.142061e+02
  6.5200e+01     1.140842e+02
  6.5400e+01     1.139644e+02
  6.5600e+01     1.138467e+02
  6.5800e+01     1.137311e+02
  6.6000e+01     1.136176e+02
  6.6200e+01     1.135062e+02
  6.6400e+01     1.133969e+02
  6.6600e+01     1.132896e+02
  6.6800e+01     1.131844e+02
  6.7000e+01     1.130813e+02
  6.7200e+01     1.129802e+02
  6.7400e+01     1.128811e+02
  6.7600e+01     1.127841e+02
  6.7800e+01     1.126891e+02
  6.8000e+01     1.125962e+02
  6.8200e+01     1.125052e+02
  6.8400e+01     1.124163e+02
  6.8600e+01     1.123293e+02
  6.8800e+01     1.122444e+02
  6.9000e+01     1.121614e+02
  6.9200e+01     1.120805e+02
  6.9400e+01     1.120015e+02
  6.9600e+01     1.119244e+02
  6.9800e+01     1.118494e+02
  7.0000e+01     1.117763e+02
  7.0200e+01     1.117051e+02
  7.0400e+01     1.116359e+02
  7.0600e+01     1.115687e+02
  7.0800e+01     1.115034e+02
  7.1000e+01     1.114400e+02
  7.1200e+01     1.113785e+02
  7.1400e+01     1.113190e+02
  7.1600e+01     1.112614e+02
  7.1800e+01     1.112057e+02
  7.2000e+01     1.111519e+02
  7.2200e+01     1.111000e+02
  7.2400e+01     1.110500e+02
  7.2600e+01     1.110019e+02
  7.2800e+01     1.109557e+02
  7.3000e+01     1.109114e+02
  7.3200e+01     1.108690e+02
  7.3400e+01     1.108284e+02
  7.3600e+01     1.107897e+02
  7.3800e+01     1.107529e+02
  7.4000e+01     1.107179e+02
  7.4200e+01     1.106848e+02
  7.4400e+01     1.106536e+02
  7.4600e+01     1.106242e+02
  7.4800e+01     1.105967e+02
  7.5000e+01     1.105710e+02
  7.5200e+01     1.105472e+02
  7.5400e+01     1.105252e+02
  7.5600e+01     1.105050e+02
  7.5800e+01     1.104867e+02
  7.6000e+01     1.104702e+02
  7.6200e+01     1.104556e+02
  7.6400e+01     1.104427e+02
  7.6600e+01     1.104317e+02
  7.6800e+01     1.104225e+02
  7.7000e+01     1.104152e+02
  7.7200e+01     1.104096e+02
  7.7400e+01     1.104059e+02
  7.7600e+01     1.104040e+02
  7.7800e+01     1.104038e+02
  7.8000e+01     1.104055e+02
  7.8200e+01     1.104090e+02
  7.8400e+01     1.104143e+02
  7.8600e+01     1.104214e+02
  7.8800e+01     1.104303e+02
  7.9000e+01     1.104410e+02
  7.9200e+01     1.104535e+02
  7.9400e+01     1.104678e+02
  7.9600e+01     1.104838e+02
  7.9800e+01     1.105017e+02
  8.0000e+01     1.105214e+02
  8.0200e+01     1.105428e+02
  8.0400e+01     1.105660e+02
  8.0600e+01     1.105911e+02
  8.0800e+01     1.106179e+02
  8.1000e+01     1.106465e+02
  8.1200e+01     1.106768e+02
  8.1400e+01     1.107090e+02
  8.1600e+01     1.107429e+02
  8.1800e+01     1.107786e+02
  8.2000e+01     1.108161e+02
  8.2200e+01     1.108554e+02
  8.2400e+01     1.108965e+02
  8.2600e+01     1.109393e+02
  8.2800e+01     1.109839e+02
  8.3000e+01     1.110303e+02
  8.3200e+01     1.110785e+02
  8.3400e+01     1.111284e+02
  8.3600e+01     1.111802e+02
  8.3800e+01     1.112337e+02
  8.4000e+01     1.112890e+02
  8.4200e+01     1.113460e+02
  8.4400e+01     1.114049e+02
  8.4600e+01     1.114655e+02
  8.4800e+01     1.115279e+02
  8.5000e+01     1.115921e+02
  8.5200e+01     1.116581e+02
  8.5400e+01     1.117258e+02
  8.5600e+01     1.117954e+02
  8.5800e+01     1.118667e+02
  8.6000e+01     1.119398e+02
  8.6200e+01     1.120147e+02
  8.6400e+01     1.120913e+02
  8.6600e+01     1.121698e+02
  8.6800e+01     1.122501e+02
  8.7000e+01     1.123321e+02
  8.7200e+01     1.124159e+02
  8.7400e+01     1.125016e+02
  8.7600e+01     1.125890e+02
  8.7800e+01     1.126782e+02
  8.8000e+01     1.127692e+02
  8.8200e+01     1.128620e+02
  8.8400e+01     1.129566e+02
  8.8600e+01     1.130531e+02
  8.8800e+01     1.131513e+02
  8.9000e+01     1.132513e+02
  8.9200e+01     1.133531e+02
  8.9400e+01     1.134568e+02
  8.9600e+01     1.135623e+02
  8.9800e+01     1.136695e+02
  9.0000e+01     1.137786e+02
  9.0200e+01     1.138895e+02
  9.0400e+01     1.140023e+02
  9.0600e+01     1.141168e+02
  9.0800e+01     1.142332e+02
  9.1000e+01     1.143515e+02
  9.1200e+01     1.144715e+02
  9.1400e+01     1.145934e+02
  9.1600e+01     1.147171e+02
  9.1800e+01     1.148427e+02
  9.2000e+01     1.149701e+02
  9.2200e+01     1.150994e+02
  9.2400e+01     1.152305e+02
  9.2600e+01     1.153635e+02
  9.2800e+01     1.154983e+02
  9.3000e+01     1.156350e+02
  9.3200e+01     1.157735e+02
  9.3400e+01     1.159139e+02
  9.3600e+01     1.160562e+02
  9.3800e+01     1.162004e+02
  9.4000e+01     1.163464e+02
  9.4200e+01     1.164943e+02
  9.4400e+01     1.166442e+02
  9.4600e+01     1.167959e+02
  9.4800e+01     1.169495e+02
  9.5000e+01     1.171049e+02
  9.5200e+01     1.172623e+02
  9.5400e+01     1.174216e+02
  9.5600e+01     1.175829e+02
  9.5800e+01     1.177460e+02
  9.6000e+01     1.179110e+02
  9.6200e+01     1.180780e+02
  9.6400e+01     1.182469e+02
  9.6600e+01     1.184177e+02
  9.6800e+01     1.185905e+02
  9.7000e+01     1.187652e+02
  9.7200e+01     1.189419e+02
  9.7400e+01     1.191205e+02
  9.7600e+01     1.193011e+02
  9.7800e+01     1.194836e+02
  9.8000e+01     1.196681e+02
  9.8200e+01     1.198546e+02
  9.8400e+01     1.200430e+02
  9.8600e+01     1.202335e+02
  9.8800e+01     1.204259e+02
  9.9000e+01     1.206203e+02
  9.9200e+01     1.208167e+02
  9.9400e+01     1.210151e+02
  9.9600e+01     1.212156e+02
  9.9800e+01     1.214180e+02
  1.0000e+02     1.216225e+02
  1.0020e+02     1.218290e+02
  1.0040e+02     1.220375e+02
  1.0060e+02     1.222481e+02
  1.0080e+02     1.224607e+02
  1.0100e+02     1.226754e+02
  1.0120e+02     1.228921e+02
  1.0140e+02     1.231109e+02
  1.0160e+02     1.233318e+02
  1.0180e+02     1.235547e+02
  1.0200e+02     1.237798e+02
  1.0220e+02     1.240069e+02
  1.0240e+02     1.242361e+02
  1.0260e+02     1.244674e+02
  1.0280e+02     1.247008e+02
  1.0300e+02     1.249364e+02
  1.0320e+02     1.251741e+02
  1.0340e+02     1.254139e+02
  1.0360e+02     1.256558e+02
  1.0380e+02     1.258999e+02
  1.0400e+02     1.261461e+02
  1.0420e+02     1.263945e+02
  1.0440e+02     1.266451e+02
  1.0460e+02     1.268979e+02
  1.0480e+02     1.271528e+02
  1.0500e+02     1.274099e+02
  1.0520e+02     1.276692e+02
  1.0540e+02     1.279307e+02
  1.0560e+02     1.281945e+02
  1.0580e+02     1.284604e+02
  1.0600e+02     1.287286e+02
  1.0620e+02     1.289990e+02
  1.0640e+02     1.292717e+02
  1.0660e+02     1.295466e+02
  1.0680e+02     1.298238e+02
  1.0700e+02     1.301032e+02
  1.0720e+02     1.303849e+02
  1.0740e+02     1.306689e+02
  1.0760e+02     1.309552e+02
  1.0780e+02     1.312439e+02
  1.0800e+02     1.315348e+02
  1.0820e+02     1.318280e+02
  1.0840e+02     1.321236e+02
  1.0860e+02     1.324215e+02
  1.0880e+02     1.327217e+02
  1.0900e+02     1.330244e+02
  1.0920e+02     1.333293e+02
  1.0940e+02     1.336367e+02
  1.0960e+02     1.339464e+02
  1.0980e+02     1.342585e+02
  1.1000e+02     1.345731e+02
  1.1020e+02     1.348900e+02
  1.1040e+02     1.352094e+02
  1.1060e+02     1.355312e+02
  1.1080e+02     1.358554e+02
  1.1100e+02     1.361821e+02
  1.1120e+02     1.365112e+02
  1.1140e+02     1.368428e+02
  1.1160e+02     1.371769e+02
  1.1180e+02     1.375135e+02
  1.1200e+02     1.378526e+02
  1.1220e+02     1.381942e+02
  1.1240e+02     1.385383e+02
  1.1260e+02     1.388849e+02
  1.1280e+02     1.392341e+02
  1.1300e+02     1.395859e+02
  1.1320e+02     1.399402e+02
  1.1340e+02     1.402970e+02
  1.1360e+02     1.406565e+02
  1.1380e+02     1.410185e+02
  1.1400e+02     1.413832e+02
  1.1420e+02     1.417504e+02
  1.1440e+02     1.421203e+02
  1.1460e+02     1.424929e+02
  1.1480e+02     1.428680e+02
  1.1500e+02     1.432459e+02
  1.1520e+02     1.436264e+02
  1.1540e+02     1.440096e+02
  1.1560e+02     1.443955e+02
  1.1580e+02     1.447841e+02
  1.1600e+02     1.451754e+02
  1.1620e+02     1.455694e+02
  1.1640e+02     1.459662e+02
  1.1660e+02     1.463657e+02
  1.1680e+02     1.467680e+02
  1.1700e+02     1.471731e+02
  1.1720e+02     1.475810e+02
  1.1740e+02     1.479916e+02
  1.1760e+02     1.484051e+02
  1.1780e+02     1.488214e+02
  1.1800e+02     1.492405e+02
  1.1820e+02     1.496625e+02
  1.1840e+02     1.500874e+02
  1.1860e+02     1.505151e+02
  1.1880e+02     1.509457e+02
  1.1900e+02     1.513792e+02
  1.1920e+02     1.518156e+02
  1.1940e+02     1.522550e+02
  1.1960e+02     1.526973e+02
  1.1980e+02     1.531425e+02
  1.2000e+02     1.535907e+02
  1.2020e+02     1.540419e+02
  1.2040e+02     1.544960e+02
  1.2060e+02     1.549532e+02
  1.2080e+02     1.554134e+02
  1.2100e+02     1.558766e+02
  1.2120e+02     1.563429e+02
  1.2140e+02     1.568122e+02
  1.2160e+02     1.572846e+02
  1.2180e+02     1.577601e+02
  1.2200e+02     1.582386e+02
  1.2220e+02     1.587203e+02
  1.2240e+02     1.592051e+02
  1.2260e+02     1.596931e+02
  1.2280e+02     1.601842e+02
  1.2300e+02     1.606785e+02
  1.2320e+02     1.611759e+02
  1.2340e+02     1.616766e+02
  1.2360e+02     1.621804e+02
  1.2380e+02     1.626875e+02
  1.2400e+02     1.631979e+02
  1.2420e+02     1.637114e+02
  1.2440e+02     1.642283e+02
  1.2460e+02     1.647484e+02
  1.2480e+02     1.652719e+02
  1.2500e+02     1.657986e+02
  1.2520e+02     1.663287e+02
  1.2540e+02     1.668622e+02
  1.2560e+02     1.673989e+02
  1.2580e+02     1.679391e+02
  1.2600e+02     1.684826e+02
  1.2620e+02     1.690296e+02
  1.2640e+02     1.695800e+02
  1.2660e+02     1.701338e+02
  1.2680e+02     1.706910e+02
  1.2700e+02     1.712517e+02
  1.2720e+02     1.718160e+02
  1.2740e+02     1.723837e+02
  1.2760e+02     1.729549e+02
  1.2780e+02     1.735296e+02
  1.2800e+02     1.741079e+02
  1.2820e+02     1.746897e+02
  1.2840e+02     1.752752e+02
  1.2860e+02     1.758642e+02
  1.2880e+02     1.764568e+02
  1.2900e+02     1.770530e+02
  1.2920e+02     1.776529e+02
  1.2940e+02     1.782565e+02
  1.2960e+02     1.788637e+02
  1.2980e+02     1.794746e+02
  1.3000e+02     1.800892e+02
  1.3020e+02     1.807076e+02
  1.3040e+02     1.813296e+02
  1.3060e+02     1.819555e+02
  1.3080e+02     1.825851e+02
  1.3100e+02     1.832185e+02
  1.3120e+02     1.838557e+02
  1.3140e+02     1.844967e+02
  1.3160e+02     1.851416e+02
  1.3180e+02     1.857903e+02
  1.3200e+02     1.864429e+02
  1.3220e+02     1.870993e+02
  1.3240e+02     1.877597e+02
  1.3260e+02     1.884241e+02
  1.3280e+02     1.890923e+02
  1.3300e+02     1.897645e+02
  1.3320e+02     1.904407e+02
  1.3340e+02     1.911209e+02
  1.3360e+02     1.918051e+02
  1.3380e+02     1.924934e+02
  1.3400e+02     1.931856e+02
  1.3420e+02     1.938820e+02
  1.3440e+02     1.945824e+02
  1.3460e+02     1.952869e+02
  1.3480e+02     1.959956e+02
  1.3500e+02     1.967083e+02
  1.3520e+02     1.974253e+02
  1.3540e+02     1.981464e+02
  1.3560e+02     1.988717e+02
  1.3580e+02     1.996011e+02
  1.3600e+02     2.003349e+02
  1.3620e+02     2.010728e+02
  1.3640e+02     2.018150e+02
  1.3660e+02     2.025615e+02
  1.3680e+02     2.033123e+02
  1.3700e+02     2.040674e+02
  1.3720e+02     2.048269e+02
  1.3740e+02     2.055907e+02
  1.3760e+02     2.063588e+02
  1.3780e+02     2.071314e+02
  1.3800e+02     2.079083e+02
  1.3820e+02     2.086897e+02
  1.3840e+02     2.094755e+02
  1.3860e+02     2.102658e+02
  1.3880e+02     2.110605e+02
  1.3900e+02     2.118598e+02
  1.3920e+02     2.126636e+02
  1.3940e+02     2.134719e+02
  1.3960e+02     2.142847e+02
  1.3980e+02     2.151021e+02
  1.4000e+02     2.159241e+02
  1.4020e+02     2.167508e+02
  1.4040e+02     2.175820e+02
  1.4060e+02     2.184179e+02
  1.4080e+02     2.192584e+02
  1.4100e+02     2.201036e+02
  1.4120e+02     2.209536e+02
  1.4140e+02     2.218082e+02
  1.4160e+02     2.226676e+02
  1.4180e+02     2.235317e+02
  1.4200e+02     2.244006e+02
  1.4220e+02     2.252743e+02
  1.4240e+02     2.261528e+02
  1.4260e+02     2.270362e+02
  1.4280e+02     2.279243e+02
  1.4300e+02     2.288174e+02
  1.4320e+02     2.297153e+02
  1.4340e+02     2.306182e+02
  1.4360e+02     2.315259e+02
  1.4380e+02     2.324386e+02
  1.4400e+02     2.333562e+02
  1.4420e+02     2.342788e+02
  1.4440e+02     2.352065e+02
  1.4460e+02     2.361391e+02
  1.4480e+02     2.370767e+02
  1.4500e+02     2.380194e+02
  1.4520e+02     2.389672e+02
  1.4540e+02     2.399200e+02
  1.4560e+02     2.408780e+02
  1.4580e+02     2.418411e+02
  1.4600e+02     2.428093e+02
  1.4620e+02     2.437826e+02
  1.4640e+02     2.447612e+02
  1.4660e+02     2.457449e+02
  1.4680e+02     2.467338e+02
  1.4700e+02     2.477280e+02
  1.4720e+02     2.487274e+02
  1.4740e+02     2.497321e+02
  1.4760e+02     2.507420e+02
  1.4780e+02     2.517573e+02
  1.4800e+02     2.527778e+02
  1.4820e+02     2.538037e+02
  1.4840e+02     2.548349e+02
  1.4860e+02     2.558715e+02
  1.4880e+02     2.569135e+02
  1.4900e+02     2.579609e+02
  1.4920e+02     2.590137e+02
  1.4940e+02     2.600719e+02
  1.4960e+02     2.611356e+02
  1.4980e+02     2.622048e+02
  1.5000e+02     2.632794e+02
  1.5020e+02     2.643595e+02
  1.5040e+02     2.654452e+02
  1.5060e+02     2.665364e+02
  1.5080e+02     2.676331e+02
  1.5100e+02     2.687354e+02
  1.5120e+02     2.698432e+02
  1.5140e+02     2.709567e+02
  1.5160e+02     2.720758e+02
  1.5180e+02     2.732005e+02
  1.5200e+02     2.743308e+02
  1.5220e+02     2.754668e+02
  1.5240e+02     2.766085e+02
  1.5260e+02     2.777559e+02
  1.5280e+02     2.789089e+02
  1.5300e+02     2.800677e+02
  1.5320e+02     2.812322e+02
  1.5340e+02     2.824024e+02
  1.5360e+02     2.835785e+02
  1.5380e+02     2.847602e+02
  1.5400e+02     2.859478e+02
  1.5420e+02     2.871412e+02
  1.5440e+02     2.883404e+02
  1.5460e+02     2.895454e+02
  1.5480e+02     2.907562e+02
  1.5500e+02     2.919729e+02
  1.5520e+02     2.931955e+02
  1.5540e+02     2.944239e+02
  1.5560e+02     2.956583e+02
  1.5580e+02     2.968985e+02
  1.5600e+02     2.981447e+02
  1.5620e+02     2.993967e+02
  1.5640e+02     3.006547e+02
  1.5660e+02     3.019187e+02
  1.5680e+02     3.031886e+02
  1.5700e+02     3.044645e+02
  1.5720e+02     3.057464e+02
  1.5740e+02     3.070343e+02
  1.5760e+02     3.083281e+02
  1.5780e+02     3.096280e+02
  1.5800e+02     3.109339e+02
  1.5820e+02     3.122458e+02
  1.5840e+02     3.135638e+02
  1.5860e+02     3.148878e+02
  1.5880e+02     3.162179e+02
  1.5900e+02     3.175540e+02
  1.5920e+02     3.188962e+02
  1.5940e+02     3.202445e+02
  1.5960e+02     3.215989e+02
  1.5980e+02     3.229594e+02
  1.6000e+02     3.243259e+02
  1.6020e+02     3.256986e+02
  1.6040e+02     3.270774e+02
  1.6060e+02     3.284623e+02
  1.6080e+02     3.298533e+02
  1.6100e+02     3.312505e+02
  1.6120e+02     3.326538e+02
  1.6140e+02     3.340632e+02
  1.6160e+02     3.354787e+02
  1.6180e+02     3.369005e+02
  1.6200e+02     3.383283e+02
  1.6220e+02     3.397623e+02
  1.6240e+02     3.412025e+02
  1.6260e+02     3.426488e+02
  1.6280e+02     3.441013e+02
  1.6300e+02     3.455600e+02
  1.6320e+02     3.470248e+02
  1.6340e+02     3.484958e+02
  1.6360e+02     3.499729e+02
  1.6380e+02     3.514562e+02
  1.6400e+02     3.529456e+02
  1.6420e+02     3.544412e+02
  1.6440e+02     3.559430e+02
  1.6460e+02     3.574509e+02
  1.6480e+02     3.589650e+02
  1.6500e+02     3.604853e+02
  1.6520e+02     3.620116e+02
  1.6540e+02     3.635442e+02
  1.6560e+02     3.650828e+02
  1.6580e+02     3.666276e+02
  1.6600e+02     3.681786e+02
  1.6620e+02     3.697356e+02
  1.6640e+02     3.712988e+02
  1.6660e+02     3.728681e+02
  1.6680e+02     3.744435e+02
  1.6700e+02     3.760250e+02
  1.6720e+02     3.776126e+02
  1.6740e+02     3.792062e+02
  1.6760e+02     3.808060e+02
  1.6780e+02     3.824118e+02
  1.6800e+02     3.840236e+02
  1.6820e+02     3.856415e+02
  1.6840e+02     3.872654e+02
  1.6860e+02     3.888954e+02
  1.6880e+02     3.905313e+02
  1.6900e+02     3.921732e+02
  1.6920e+02     3.938211e+02
  1.6940e+02     3.954750e+02
  1.6960e+02     3.971348e+02
  1.6980e+02     3.988006e+02
  1.7000e+02     4.004722e+02
  1.7020e+02     4.021498e+02
  1.7040e+02     4.038333e+02
  1.7060e+02     4.055226e+02
  1.7080e+02     4.072178e+02
  1.7100e+02     4.089187e+02
  1.7120e+02     4.106255e+02
  1.7140e+02     4.123381e+02
  1.7160e+02     4.140565e+02
  1.7180e+02     4.157806e+02
  1.7200e+02     4.175104e+02
  1.7220e+02     4.192459e+02
  1.7240e+02     4.209871e+02
  1.7260e+02     4.227339e+02
  1.7280e+02     4.244864e+02
  1.7300e+02     4.262444e+02
  1.7320e+02     4.280080e+02
  1.7340e+02     4.297772e+02
  1.7360e+02     4.315519e+02
  1.7380e+02     4.333320e+02
  1.7400e+02     4.351177e+02
  1.7420e+02     4.369087e+02
  1.7440e+02     4.387051e+02
  1.7460e+02     4.405069e+02
  1.7480e+02     4.423141e+02
  1.7500e+02     4.441265e+02
  1.7520e+02     4.459442e+02
  1.7540e+02     4.477671e+02
  1.7560e+02     4.495952e+02
  1.7580e+02     4.514285e+02
  1.7600e+02     4.532668e+02
  1.7620e+02     4.551103e+02
  1.7640e+02     4.569588e+02
  1.7660e+02     4.588122e+02
  1.7680e+02     4.606707e+02
  1.7700e+02     4.625340e+02
  1.7720e+02     4.644022e+02
  1.7740e+02     4.662753e+02
  1.7760e+02     4.681531e+02
  1.7780e+02     4.700357e+02
  1.7800e+02     4.719230e+02
  1.7820e+02     4.738149e+02
  1.7840e+02     4.757114e+02
  1.7860e+02     4.776125e+02
  1.7880e+02     4.795181e+02
  1.7900e+02     4.814281e+02
  1.7920e+02     4.833425e+02
  1.7940e+02     4.852612e+02
  1.7960e+02     4.871843e+02
  1.7980e+02     4.891116e+02
  1.8000e+02     4.910431e+02
  1.8020e+02     4.929787e+02
  1.8040e+02     4.949183e+02
  1.8060e+02     4.968620e+02
  1.8080e+02     4.988097e+02
  1.8100e+02     5.007612e+02
  1.8120e+02     5.027166e+02
  1.8140e+02     5.046757e+02
  1.8160e+02     5.066386e+02
  1.8180e+02     5.086051e+02
  1.8200e+02     5.105752e+02
  1.8220e+02     5.125488e+02
  1.8240e+02     5.145258e+02
  1.8260e+02     5.165062e+02
  1.8280e+02     5.184900e+02
  1.8300e+02     5.204770e+02
  1.8320e+02     5.224671e+02
  1.8340e+02     5.244604e+02
  1.8360e+02     5.264567e+02
  1.8380e+02     5.284559e+02
  1.8400e+02     5.304580e+02
  1.8420e+02     5.324630e+02
  1.8440e+02     5.344706e+02
  1.8460e+02     5.364810e+02
  1.8480e+02     5.384939e+02
  1.8500e+02     5.405092e+02
  1.8520e+02     5.425270e+02
  1.8540e+02     5.445472e+02
  1.8560e+02     5.465696e+02
  1.8580e+02     5.485941e+02
  1.8600e+02     5.506208e+02
  1.8620e+02     5.526494e+02
  1.8640e+02     5.546800e+02
  1.8660e+02     5.567123e+02
  1.8680e+02     5.587464e+02
  1.8700e+02     5.607822e+02
  1.8720e+02     5.628195e+02
  1.8740e+02     5.648583e+02
  1.8760e+02     5.668984e+02
  1.8780e+02     5.689398e+02
  1.8800e+02     5.709824e+02
  1.8820e+02     5.730261e+02
  1.8840e+02     5.750708e+02
  1.8860e+02     5.771163e+02
  1.8880e+02     5.791627e+02
  1.8900e+02     5.812098e+02
  1.8920e+02     5.832574e+02
  1.8940e+02     5.853055e+02
  1.8960e+02     5.873541e+02
  1.8980e+02     5.894029e+02
  1.9000e+02     5.914519e+02
  1.9020e+02     5.935010e+02
  1.9040e+02     5.955500e+02
  1.9060e+02     5.975989e+02
  1.9080e+02     5.996476e+02
  1.9100e+02     6.016959e+02
  1.9120e+02     6.037437e+02
  1.9140e+02     6.057910e+02
  1.9160e+02     6.078375e+02
  1.9180e+02     6.098833e+02
  1.9200e+02     6.119281e+02
  1.9220e+02     6.139719e+02
  1.9240e+02     6.160146e+02
  1.9260e+02     6.180560e+02
  1.9280e+02     6.200960e+02
  1.9300e+02     6.221345e+02
  1.9320e+02     6.241714e+02
  1.9340e+02     6.262066e+02
  1.9360e+02     6.282398e+02
  1.9380e+02     6.302711e+02
  1.9400e+02     6.323003e+02
  1.9420e+02     6.343273e+02
  1.9440e+02     6.363519e+02
  1.9460e+02     6.383740e+02
  1.9480e+02     6.403935e+02
  1.9500e+02     6.424102e+02
  1.9520e+02     6.444241e+02
  1.9540e+02     6.464350e+02
  1.9560e+02     6.484428e+02
  1.9580e+02     6.504473e+02
  1.9600e+02     6.524485e+02
  1.9620e+02     6.544461e+02
  1.9640e+02     6.564400e+02
  1.9660e+02     6.584302e+02
  1.9680e+02     6.604165e+02
  1.9700e+02     6.623987e+02
  1.9720e+02     6.643767e+02
  1.9740e+02     6.663504e+02
  1.9760e+02     6.683197e+02
  1.9780e+02     6.702843e+02
  1.9800e+02     6.722442e+02
  1.9820e+02     6.741993e+02
  1.9840e+02     6.761493e+02
  1.9860e+02     6.780942e+02
  1.9880e+02     6.800337e+02
  1.9900e+02     6.819679e+02
  1.9920e+02     6.838965e+02
  1.9940e+02     6.858193e+02
  1.9960e+02     6.877363e+02
  1.9980e+02     6.896473e+02
  2.0000e+02     6.915521e+02
  2.0020e+02     6.934507e+02
  2.0040e+02     6.953428e+02
  2.0060e+02     6.972284e+02
  2.0080e+02     6.991072e+02
  2.0100e+02     7.009791e+02
  2.0120e+02     7.028441e+02
  2.0140e+02     7.047019e+02
  2.0160e+02     7.065524e+02
  2.0180e+02     7.083954e+02
  2.0200e+02     7.102308e+02
  2.0220e+02     7.120585e+02
  2.0240e+02     7.138783e+02
  2.0260e+02     7.156901e+02
  2.0280e+02     7.174937e+02
  2.0300e+02     7.192889e+02
  2.0320e+02     7.210757e+02
  2.0340e+02     7.228538e+02
  2.0360e+02     7.246232e+02
  2.0380e+02     7.263836e+02
  2.0400e+02     7.281350e+02
  2.0420e+02     7.298771e+02
  2.0440e+02     7.316099e+02
  2.0460e+02     7.333332e+02
  2.0480e+02     7.350468e+02
  2.0500e+02     7.367506e+02
  2.0520e+02     7.384444e+02
  2.0540e+02     7.401282e+02
  2.0560e+02     7.418016e+02
  2.0580e+02     7.434647e+02
  2.0600e+02     7.451172e+02
  2.0620e+02     7.467591e+02
  2.0640e+02     7.483901e+02
  2.0660e+02     7.500101e+02
  2.0680e+02     7.516190e+02
  2.0700e+02     7.532166e+02
  2.0720e+02     7.548028e+02
  2.0740e+02     7.563774e+02
  2.0760e+02     7.579403e+02
  2.0780e+02     7.594914e+02
  2.0800e+02     7.610305e+02
  2.0820e+02     7.625574e+02
  2.0840e+02     7.640720e+02
  2.0860e+02     7.655743e+02
  2.0880e+02     7.670639e+02
  2.0900e+02     7.685409e+02
  2.0920e+02     7.700050e+02
  2.0940e+02     7.714562e+02
  2.0960e+02     7.728942e+02
  2.0980e+02     7.743189e+02
  2.1000e+02     7.757303e+02
  2.1020e+02     7.771281e+02
  2.1040e+02     7.785123e+02
  2.1060e+02     7.798827e+02
  2.1080e+02     7.812391e+02
  2.1100e+02     7.825815e+02
  2.1120e+02     7.839096e+02
  2.1140e+02     7.852235e+02
  2.1160e+02     7.865229e+02
  2.1180e+02     7.878077e+02
  2.1200e+02     7.890777e+02
  2.1220e+02     7.903330e+02
  2.1240e+02     7.915733e+02
  2.1260e+02     7.927984e+02
  2.1280e+02     7.940084e+02
  2.1300e+02     7.952030e+02
  2.1320e+02     7.963822e+02
  2.1340e+02     7.975458e+02
  2.1360e+02     7.986937e+02
  2.1380e+02     7.998258e+02
  2.1400e+02     8.009420e+02
  2.1420e+02     8.020421e+02
  2.1440e+02     8.031261e+02
  2.1460e+02     8.041938e+02
  2.1480e+02     8.052451e+02
  2.1500e+02     8.062799e+02
  2.1520e+02     8.072982e+02
  2.1540e+02     8.082997e+02
  2.1560e+02     8.092844e+02
  2.1580e+02     8.102523e+02
  2.1600e+02     8.112031e+02
  2.1620e+02     8.121368e+02
  2.1640e+02     8.130533e+02
  2.1660e+02     8.139525e+02
  2.1680e+02     8.148343e+02
  2.1700e+02     8.156986e+02
  2.1720e+02     8.165453e+02
  2.1740e+02     8.173744e+02
  2.1760e+02     8.181857e+02
  2.1780e+02     8.189791e+02
  2.1800e+02     8.197546e+02
  2.1820e+02     8.205121e+02
  2.1840e+02     8.212515e+02
  2.1860e+02     8.219728e+02
  2.1880e+02     8.226758e+02
  2.1900e+02     8.233604e+02
  2.1920e+02     8.240267e+02
  2.1940e+02     8.246745e+02
  2.1960e+02     8.253037e+02
  2.1980e+02     8.259144e+02
  2.2000e+02     8.265063e+02
  2.2020e+02     8.270796e+02
  2.2040e+02     8.276340e+02
  2.2060e+02     8.281696e+02
  2.2080e+02     8.286862e+02
  2.2100e+02     8.291839e+02
  2.2120e+02     8.296626e+02
  2.2140e+02     8.301222e+02
  2.2160e+02     8.305626e+02
  2.2180e+02     8.309839e+02
  2.2200e+02     8.313860e+02
  2.2220e+02     8.317689e+02
  2.2240e+02     8.321324e+02
  2.2260e+02     8.324766e+02
  2.2280e+02     8.328014e+02
  2.2300e+02     8.331068e+02
  2.2320e+02     8.333928e+02
  2.2340e+02     8.336593e+02
  2.2360e+02     8.339063e+02
  2.2380e+02     8.341338e+02
  2.2400e+02     8.343418e+02
  2.2420e+02     8.345301e+02
  2.2440e+02     8.346990e+02
  2.2460e+02     8.348482e+02
  2.2480e+02     8.349778e+02
  2.2500e+02     8.350877e+02
  2.2520e+02     8.351781e+02
  2.2540e+02     8.352488e+02
  2.2560e+02     8.352998e+02
  2.2580e+02     8.353312e+02
  2.2600e+02     8.353430e+02
  2.2620e+02     8.353351e+02
  2.2640e+02     8.353076e+02
  2.2660e+02     8.352604e+02
  2.2680e+02     8.351937e+02
  2.2700e+02     8.351073e+02
  2.2720e+02     8.350013e+02
  2.2740e+02     8.348757e+02
  2.2760e+02     8.347305e+02
  2.2780e+02     8.345658e+02
  2.2800e+02     8.343816e+02
  2.2820e+02     8.341779e+02
  2.2840e+02     8.339547e+02
  2.2860e+02     8.337121e+02
  2.2880e+02     8.334500e+02
  2.2900e+02     8.331686e+02
  2.2920e+02     8.328678e+02
  2.2940e+02     8.325478e+02
  2.2960e+02     8.322084e+02
  2.2980e+02     8.318499e+02
  2.3000e+02     8.314722e+02
  2.3020e+02     8.310753e+02
  2.3040e+02     8.306594e+02
  2.3060e+02     8.302244e+02
  2.3080e+02     8.297705e+02
  2.3100e+02     8.292977e+02
  2.3120e+02     8.288060e+02
  2.3140e+02     8.282954e+02
  2.3160e+02     8.277662e+02
  2.3180e+02     8.272183e+02
  2.3200e+02     8.266517e+02
  2.3220e+02     8.260667e+02
  2.3240e+02     8.254631e+02
  2.3260e+02     8.248412e+02
  2.3280e+02     8.242009e+02
  2.3300e+02     8.235424e+02
  2.3320e+02     8.228658e+02
  2.3340e+02     8.221710e+02
  2.3360e+02     8.214582e+02
  2.3380e+02     8.207275e+02
  2.3400e+02     8.199790e+02
  2.3420e+02     8.192127e+02
  2.3440e+02     8.184288e+02
  2.3460e+02     8.176273e+02
  2.3480e+02     8.168083e+02
  2.3500e+02     8.159720e+02
  2.3520e+02     8.151184e+02
  2.3540e+02     8.142476e+02
  2.3560e+02     8.133597e+02
  2.3580e+02     8.124548e+02
  2.3600e+02     8.115330e+02
  2.3620e+02     8.105945e+02
  2.3640e+02     8.096393e+02
  2.3660e+02     8.086676e+02
  2.3680e+02     8.076794e+02
  2.3700e+02     8.066749e+02
  2.3720e+02     8.056541e+02
  2.3740e+02     8.046173e+02
  2.3760e+02     8.035645e+02
  2.3780e+02     8.024957e+02
  2.3800e+02     8.014113e+02
  2.3820e+02     8.003112e+02
  2.3840e+02     7.991956e+02
  2.3860e+02     7.980646e+02
  2.3880e+02     7.969184e+02
  2.3900e+02     7.957570e+02
  2.3920e+02     7.945806e+02
  2.3940e+02     7.933893e+02
  2.3960e+02     7.921833e+02
  2.3980e+02     7.909626e+02
  2.4000e+02     7.897275e+02
  2.4020e+02     7.884780e+02
  2.4040e+02     7.872143e+02
  2.4060e+02     7.859365e+02
  2.4080e+02     7.846448e+02
  2.4100e+02     7.833392e+02
  2.4120e+02     7.820200e+02
  2.4140e+02     7.806872e+02
  2.4160e+02     7.793411e+02
  2.4180e+02     7.779816e+02
  2.4200e+02     7.766091e+02
  2.4220e+02     7.752236e+02
  2.4240e+02     7.738253e+02
  2.4260e+02     7.724142e+02
  2.4280e+02     7.709907e+02
  2.4300e+02     7.695548e+02
  2.4320e+02     7.681066e+02
  2.4340e+02     7.666463e+02
  2.4360e+02     7.651740e+02
  2.4380e+02     7.636900e+02
  2.4400e+02     7.621943e+02
  2.4420e+02     7.606871e+02
  2.4440e+02     7.591685e+02
  2.4460e+02     7.576387e+02
  2.4480e+02     7.560979e+02
  2.4500e+02     7.545461e+02
  2.4520e+02     7.529837e+02
  2.4540e+02     7.514106e+02
  2.4560e+02     7.498270e+02
  2.4580e+02     7.482332e+02
  2.4600e+02     7.466292e+02
  2.4620e+02     7.450152e+02
  2.4640e+02     7.433914e+02
  2.4660e+02     7.417579e+02
  2.4680e+02     7.401148e+02
  2.4700e+02     7.384624e+02
  2.4720e+02     7.368008e+02
  2.4740e+02     7.351301e+02
  2.4760e+02     7.334504e+02
  2.4780e+02     7.317620e+02
  2.4800e+02     7.300650e+02
  2.4820e+02     7.283596e+02
  2.4840e+02     7.266458e+02
  2.4860e+02     7.249239e+02
  2.4880e+02     7.231939e+02
  2.4900e+02     7.214562e+02
  2.4920e+02     7.197107e+02
  2.4940e+02     7.179577e+02
  2.4960e+02     7.161973e+02
  2.4980e+02     7.144297e+02
  2.5000e+02     7.126550e+02
  2.5020e+02     7.108734e+02
  2.5040e+02     7.090850e+02
  2.5060e+02     7.072900e+02
  2.5080e+02     7.054885e+02
  2.5100e+02     7.036807e+02
  2.5120e+02     7.018667e+02
  2.5140e+02     7.000467e+02
  2.5160e+02     6.982208e+02
  2.5180e+02     6.963892e+02
  2.5200e+02     6.945520e+02
  2.5220e+02     6.927094e+02
  2.5240e+02     6.908615e+02
  2.5260e+02     6.890084e+02
  2.5280e+02     6.871504e+02
  2.5300e+02     6.852875e+02
  2.5320e+02     6.834200e+02
  2.5340e+02     6.815478e+02
  2.5360e+02     6.796713e+02
  2.5380e+02     6.777905e+02
  2.5400e+02     6.759056e+02
  2.5420e+02     6.740167e+02
  2.5440e+02     6.721239e+02
  2.5460e+02     6.702275e+02
  2.5480e+02     6.683274e+02
  2.5500e+02     6.664240e+02
  2.5520e+02     6.645173e+02
  2.5540e+02     6.626074e+02
  2.5560e+02     6.606945e+02
  2.5580e+02     6.587788e+02
  2.5600e+02     6.568603e+02
  2.5620e+02     6.549392e+02
  2.5640e+02     6.530156e+02
  2.5660e+02     6.510897e+02
  2.5680e+02     6.491616e+02
  2.5700e+02     6.472314e+02
  2.5720e+02     6.452992e+02
  2.5740e+02     6.433652e+02
  2.5760e+02     6.414295e+02
  2.5780e+02     6.394923e+02
  2.5800e+02     6.375536e+02
  2.5820e+02     6.356136e+02
  2.5840e+02     6.336725e+02
  2.5860e+02     6.317302e+02
  2.5880e+02     6.297870e+02
  2.5900e+02     6.278430e+02
  2.5920e+02     6.258982e+02
  2.5940e+02     6.239529e+02
  2.5960e+02     6.220071e+02
  2.5980e+02     6.200610e+02
  2.6000e+02     6.181146e+02
  2.6020e+02     6.161681e+02
  2.6040e+02     6.142215e+02
  2.6060e+02     6.122751e+02
  2.6080e+02     6.103289e+02
  2.6100e+02     6.083831e+02
  2.6120e+02     6.064376e+02
  2.6140e+02     6.044927e+02
  2.6160e+02     6.025485e+02
  2.6180e+02     6.006050e+02
  2.6200e+02     5.986624e+02
  2.6220e+02     5.967207e+02
  2.6240e+02     5.947802e+02
  2.6260e+02     5.928407e+02
  2.6280e+02     5.909026e+02
  2.6300e+02     5.889658e+02
  2.6320e+02     5.870305e+02
  2.6340e+02     5.850968e+02
  2.6360e+02     5.831647e+02
  2.6380e+02     5.812344e+02
  2.6400e+02     5.793059e+02
  2.6420e+02     5.773794e+02
  2.6440e+02     5.754549e+02
  2.6460e+02     5.735326e+02
  2.6480e+02     5.716124e+02
  2.6500e+02     5.696946e+02
  2.6520e+02     5.677792e+02
  2.6540e+02     5.658662e+02
  2.6560e+02     5.639558e+02
  2.6580e+02     5.620481e+02
  2.6600e+02     5.601431e+02
  2.6620e+02     5.582409e+02
  2.6640e+02     5.563415e+02
  2.6660e+02     5.544452e+02
  2.6680e+02     5.525519e+02
  2.6700e+02     5.506618e+02
  2.6720e+02     5.487748e+02
  2.6740e+02     5.468911e+02
  2.6760e+02     5.450108e+02
  2.6780e+02     5.431339e+02
  2.6800e+02     5.412605e+02
  2.6820e+02     5.393907e+02
  2.6840e+02     5.375245e+02
  2.6860e+02     5.356620e+02
  2.6880e+02     5.338033e+02
  2.6900e+02     5.319484e+02
  2.6920e+02     5.300974e+02
  2.6940e+02     5.282505e+02
  2.6960e+02     5.264075e+02
  2.6980e+02     5.245686e+02
  2.7000e+02     5.227339e+02
  2.7020e+02     5.209034e+02
  2.7040e+02     5.190772e+02
  2.7060e+02     5.172553e+02
  2.7080e+02     5.154378e+02
  2.7100e+02     5.136248e+02
  2.7120e+02     5.118163e+02
  2.7140e+02     5.100123e+02
  2.7160e+02     5.082129e+02
  2.7180e+02     5.064182e+02
  2.7200e+02     5.046282e+02
  2.7220e+02     5.028429e+02
  2.7240e+02     5.010625e+02
  2.7260e+02     4.992869e+02
  2.7280e+02     4.975162e+02
  2.7300e+02     4.957505e+02
  2.7320e+02     4.939898e+02
  2.7340e+02     4.922341e+02
  2.7360e+02     4.904835e+02
  2.7380e+02     4.887381e+02
  2.7400e+02     4.869978e+02
  2.7420e+02     4.852627e+02
  2.7440e+02     4.835328e+02
  2.7460e+02     4.818083e+02
  2.7480e+02     4.800890e+02
  2.7500e+02     4.783751e+02
  2.7520e+02     4.766667e+02
  2.7540e+02     4.749636e+02
  2.7560e+02     4.732660e+02
  2.7580e+02     4.715740e+02
  2.7600e+02     4.698874e+02
  2.7620e+02     4.682064e+02
  2.7640e+02     4.665311e+02
  2.7660e+02     4.648613e+02
  2.7680e+02     4.631972e+02
  2.7700e+02     4.615388e+02
  2.7720e+02     4.598861e+02
  2.7740e+02     4.582391e+02
  2.7760e+02     4.565979e+02
  2.7780e+02     4.549625e+02
  2.7800e+02     4.533329e+02
  2.7820e+02     4.517091e+02
  2.7840e+02     4.500912e+02
  2.7860e+02     4.484792e+02
  2.7880e+02     4.468730e+02
  2.7900e+02     4.452728e+02
  2.7920e+02     4.436786e+02
  2.7940e+02     4.420903e+02
  2.7960e+02     4.405080e+02
  2.7980e+02     4.389317e+02
  2.8000e+02     4.373614e+02
  2.8020e+02     4.357972e+02
  2.8040e+02     4.342390e+02
  2.8060e+02     4.326868e+02
  2.8080e+02     4.311408e+02
  2.8100e+02     4.296008e+02
  2.8120e+02     4.280670e+02
  2.8140e+02     4.265393e+02
  2.8160e+02     4.250177e+02
  2.8180e+02     4.235022e+02
  2.8200e+02     4.219929e+02
  2.8220e+02     4.204898e+02
  2.8240e+02     4.189929e+02
  2.8260e+02     4.175021e+02
  2.8280e+02     4.160175e+02
  2.8300e+02     4.145391e+02
  2.8320e+02     4.130670e+02
  2.8340e+02     4.116010e+02
  2.8360e+02     4.101413e+02
  2.8380e+02     4.086878e+02
  2.8400e+02     4.072405e+02
  2.8420e+02     4.057995e+02
  2.8440e+02     4.043647e+02
  2.8460e+02     4.029361e+02
  2.8480e+02     4.015138e+02
  2.8500e+02     4.000978e+02
  2.8520e+02     3.986880e+02
  2.8540e+02     3.972845e+02
  2.8560e+02     3.958872e+02
  2.8580e+02     3.944961e+02
  2.8600e+02     3.931114e+02
  2.8620e+02     3.917328e+02
  2.8640e+02     3.903606e+02
  2.8660e+02     3.889946e+02
  2.8680e+02     3.876348e+02
  2.8700e+02     3.862813e+02
  2.8720e+02     3.849341e+02
  2.8740e+02     3.835930e+02
  2.8760e+02     3.822583e+02
  2.8780e+02     3.809298e+02
  2.8800e+02     3.796075e+02
  2.8820e+02     3.782914e+02
  2.8840e+02     3.769816e+02
  2.8860e+02     3.756780e+02
  2.8880e+02     3.743806e+02
  2.8900e+02     3.730894e+02
  2.8920e+02     3.718044e+02
  2.8940e+02     3.705256e+02
  2.8960e+02     3.692530e+02
  2.8980e+02     3.679866e+02
  2.9000e+02     3.667264e+02
  2.9020e+02     3.654723e+02
  2.9040e+02     3.642244e+02
  2.9060e+02     3.629827e+02
  2.9080e+02     3.617471e+02
  2.9100e+02     3.605176e+02
  2.9120e+02     3.592943e+02
  2.9140e+02     3.580771e+02
  2.9160e+02     3.568659e+02
  2.9180e+02     3.556609e+02
  2.9200e+02     3.544620e+02
  2.9220e+02     3.532691e+02
  2.9240e+02     3.520823e+02
  2.9260e+02     3.509016e+02
  2.9280e+02     3.497269e+02
  2.9300e+02     3.485582e+02
  2.9320e+02     3.473956e+02
  2.9340e+02     3.462389e+02
  2.9360e+02     3.450883e+02
  2.9380e+02     3.439436e+02
  2.9400e+02     3.428049e+02
  2.9420e+02     3.416722e+02
  2.9440e+02     3.405454e+02
  2.9460e+02     3.394245e+02
  2.9480e+02     3.383096e+02
  2.9500e+02     3.372005e+02
  2.9520e+02     3.360974e+02
  2.9540e+02     3.350001e+02
  2.9560e+02     3.339087e+02
  2.9580e+02     3.328231e+02
  2.9600e+02     3.317433e+02
  2.9620e+02     3.306694e+02
  2.9640e+02     3.296013e+02
  2.9660e+02     3.285389e+02
  2.9680e+02     3.274824e+02
  2.9700e+02     3.264316e+02
  2.9720e+02     3.253865e+02
  2.9740e+02     3.243472e+02
  2.9760e+02     3.233135e+02
  2.9780e+02     3.222856e+02
  2.9800e+02     3.212633e+02
  2.9820e+02     3.202467e+02
  2.9840e+02     3.192358e+02
  2.9860e+02     3.182305e+02
  2.9880e+02     3.172308e+02
  2.9900e+02     3.162367e+02
  2.9920e+02     3.152481e+02
  2.9940e+02     3.142651e+02
  2.9960e+02     3.132877e+02
  2.9980e+02     3.123158e+02
  3.0000e+02     3.113495e+02
  3.0020e+02     3.103886e+02
  3.0040e+02     3.094332e+02
  3.0060e+02     3.084832e+02
  3.0080e+02     3.075387e+02
  3.0100e+02     3.065996e+02
  3.0120e+02     3.056660e+02
  3.0140e+02     3.047377e+02
  3.0160e+02     3.038148e+02
  3.0180e+02     3.028972e+02
  3.0200e+02     3.019850e+02
  3.0220e+02     3.010781e+02
  3.0240e+02     3.001766e+02
  3.0260e+02     2.992803e+02
  3.0280e+02     2.983892e+02
  3.0300e+02     2.975034e+02
  3.0320e+02     2.966229e+02
  3.0340e+02     2.957476e+02
  3.0360e+02     2.948774e+02
  3.0380e+02     2.940124e+02
  3.0400e+02     2.931526e+02
  3.0420e+02     2.922980e+02
  3.0440e+02     2.914484e+02
  3.0460e+02     2.906040e+02
  3.0480e+02     2.897646e+02
  3.0500e+02     2.889303e+02
  3.0520e+02     2.881011e+02
  3.0540e+02     2.872769e+02
  3.0560e+02     2.864577e+02
  3.0580e+02     2.856435e+02
  3.0600e+02     2.848343e+02
  3.0620e+02     2.840300e+02
  3.0640e+02     2.832307e+02
  3.0660e+02     2.824363e+02
  3.0680e+02     2.816468e+02
  3.0700e+02     2.808622e+02
  3.0720e+02     2.800824e+02
  3.0740e+02     2.793075e+02
  3.0760e+02     2.785375e+02
  3.0780e+02     2.777722e+02
  3.0800e+02     2.770117e+02
  3.0820e+02     2.762561e+02
  3.0840e+02     2.755051e+02
  3.0860e+02     2.747589e+02
  3.0880e+02     2.740175e+02
  3.0900e+02     2.732807e+02
  3.0920e+02     2.725486e+02
  3.0940e+02     2.718212e+02
  3.0960e+02     2.710985e+02
  3.0980e+02     2.703803e+02
  3.1000e+02     2.696668e+02
  3.1020e+02     2.689579e+02
  3.1040e+02     2.682535e+02
  3.1060e+02     2.675538e+02
  3.1080e+02     2.668585e+02
  3.1100e+02     2.661678e+02
  3.1120e+02     2.654816e+02
  3.1140e+02     2.647999e+02
  3.1160e+02     2.641226e+02
  3.1180e+02     2.634498e+02
  3.1200e+02     2.627814e+02
  3.1220e+02     2.621175e+02
  3.1240e+02     2.614579e+02
  3.1260e+02     2.608028e+02
  3.1280e+02     2.601519e+02
  3.1300e+02     2.595055e+02
  3.1320e+02     2.588634e+02
  3.1340e+02     2.582255e+02
  3.1360e+02     2.575920e+02
  3.1380e+02     2.569628e+02
  3.1400e+02     2.563378e+02
  3.1420e+02     2.557171e+02
  3.1440e+02     2.551006e+02
  3.1460e+02     2.544883e+02
  3.1480e+02     2.538802e+02
  3.1500e+02     2.532762e+02
  3.1520e+02     2.526765e+02
  3.1540e+02     2.520809e+02
  3.1560e+02     2.514894e+02
  3.1580e+02     2.509020e+02
  3.1600e+02     2.503187e+02
  3.1620e+02     2.497395e+02
  3.1640e+02     2.491643e+02
  3.1660e+02     2.485932e+02
  3.1680e+02     2.480261e+02
  3.1700e+02     2.474630e+02
  3.1720e+02     2.469039e+02
  3.1740e+02     2.463488e+02
  3.1760e+02     2.457977e+02
  3.1780e+02     2.452505e+02
  3.1800e+02     2.447072e+02
  3.1820e+02     2.441679e+02
  3.1840e+02     2.436324e+02
  3.1860e+02     2.431009e+02
  3.1880e+02     2.425732e+02
  3.1900e+02     2.420493e+02
  3.1920e+02     2.415293e+02
  3.1940e+02     2.410132e+02
  3.1960e+02     2.405008e+02
  3.1980e+02     2.399922e+02
  3.2000e+02     2.394874e+02
  3.2020e+02     2.389863e+02
  3.2040e+02     2.384890e+02
  3.2060e+02     2.379954e+02
  3.2080e+02     2.375056e+02
  3.2100e+02     2.370194e+02
  3.2120e+02     2.365369e+02
  3.2140e+02     2.360581e+02
  3.2160e+02     2.355830e+02
  3.2180e+02     2.351115e+02
  3.2200e+02     2.346436e+02
  3.2220e+02     2.341793e+02
  3.2240e+02     2.337187e+02
  3.2260e+02     2.332616e+02
  3.2280e+02     2.328081e+02
  3.2300e+02     2.323581e+02
  3.2320e+02     2.319117e+02
  3.2340e+02     2.314688e+02
  3.2360e+02     2.310295e+02
  3.2380e+02     2.305936e+02
  3.2400e+02     2.301612e+02
  3.2420e+02     2.297323e+02
  3.2440e+02     2.293069e+02
  3.2460e+02     2.288849e+02
  3.2480e+02     2.284663e+02
  3.2500e+02     2.280511e+02
  3.2520e+02     2.276394e+02
  3.2540e+02     2.272310e+02
  3.2560e+02     2.268261e+02
  3.2580e+02     2.264245e+02
  3.2600e+02     2.260262e+02
  3.2620e+02     2.256313e+02
  3.2640e+02     2.252397e+02
  3.2660e+02     2.248515e+02
  3.2680e+02     2.244665e+02
  3.2700e+02     2.240849e+02
  3.2720e+02     2.237065e+02
  3.2740e+02     2.233313e+02
  3.2760e+02     2.229595e+02
  3.2780e+02     2.225908e+02
  3.2800e+02     2.222255e+02
  3.2820e+02     2.218633e+02
  3.2840e+02     2.215043e+02
  3.2860e+02     2.211485e+02
  3.2880e+02     2.207959e+02
  3.2900e+02     2.204465e+02
  3.2920e+02     2.201002e+02
  3.2940e+02     2.197571e+02
  3.2960e+02     2.194171e+02
  3.2980e+02     2.190802e+02
  3.3000e+02     2.187465e+02
  3.3020e+02     2.184158e+02
  3.3040e+02     2.180883e+02
  3.3060e+02     2.177638e+02
  3.3080e+02     2.174424e+02
  3.3100e+02     2.171240e+02
  3.3120e+02     2.168087e+02
  3.3140e+02     2.164964e+02
  3.3160e+02     2.161872e+02
  3.3180e+02     2.158809e+02
  3.3200e+02     2.155777e+02
  3.3220e+02     2.152775e+02
  3.3240e+02     2.149802e+02
  3.3260e+02     2.146859e+02
  3.3280e+02     2.143946e+02
  3.3300e+02     2.141062e+02
  3.3320e+02     2.138208e+02
  3.3340e+02     2.135383e+02
  3.3360e+02     2.132587e+02
  3.3380e+02     2.129821e+02
  3.3400e+02     2.127083e+02
  3.3420e+02     2.124374e+02
  3.3440e+02     2.121695e+02
  3.3460e+02     2.119044e+02
  3.3480e+02     2.116421e+02
  3.3500e+02     2.113827e+02
  3.3520e+02     2.111262e+02
  3.3540e+02     2.108725e+02
  3.3560e+02     2.106216e+02
  3.3580e+02     2.103735e+02
  3.3600e+02     2.101283e+02
  3.3620e+02     2.098858e+02
  3.3640e+02     2.096461e+02
  3.3660e+02     2.094093e+02
  3.3680e+02     2.091752e+02
  3.3700e+02     2.089438e+02
  3.3720e+02     2.087152e+02
  3.3740e+02     2.084894e+02
  3.3760e+02     2.082663e+02
  3.3780e+02     2.080459e+02
  3.3800e+02     2.078283e+02
  3.3820e+02     2.076134e+02
  3.3840e+02     2.074011e+02
  3.3860e+02     2.071916e+02
  3.3880e+02     2.069848e+02
  3.3900e+02     2.067806e+02
  3.3920e+02     2.065792e+02
  3.3940e+02     2.063804e+02
  3.3960e+02     2.061842e+02
  3.3980e+02     2.059907e+02
  3.4000e+02     2.057999e+02
  3.4020e+02     2.056117e+02
  3.4040e+02     2.054261e+02
  3.4060e+02     2.052431e+02
  3.4080e+02     2.050628e+02
  3.4100e+02     2.048851e+02
  3.4120e+02     2.047099e+02
  3.4140e+02     2.045374e+02
  3.4160e+02     2.043674e+02
  3.4180e+02     2.042001e+02
  3.4200e+02     2.040353e+02
  3.4220e+02     2.038730e+02
  3.4240e+02     2.037134e+02
  3.4260e+02     2.035562e+02
  3.4280e+02     2.034017e+02
  3.4300e+02     2.032497e+02
  3.4320e+02     2.031002e+02
  3.4340e+02     2.029532e+02
  3.4360e+02     2.028087e+02
  3.4380e+02     2.026668e+02
  3.4400e+02     2.025274e+02
  3.4420e+02     2.023905e+02
  3.4440e+02     2.022561e+02
  3.4460e+02     2.021241e+02
  3.4480e+02     2.019947e+02
  3.4500e+02     2.018677e+02
  3.4520e+02     2.017432e+02
  3.4540e+02     2.016212e+02
  3.4560e+02     2.015017e+02
  3.4580e+02     2.013846e+02
  3.4600e+02     2.012699e+02
  3.4620e+02     2.011577e+02
  3.4640e+02     2.010479e+02
  3.4660e+02     2.009406e+02
  3.4680e+02     2.008357e+02
  3.4700e+02     2.007333e+02
  3.4720e+02     2.006332e+02
  3.4740e+02     2.005356e+02
  3.4760e+02     2.004404e+02
  3.4780e+02     2.003476e+02
  3.4800e+02     2.002571e+02
  3.4820e+02     2.001691e+02
  3.4840e+02     2.000835e+02
  3.4860e+02     2.000003e+02
  3.4880e+02     1.999194e+02
  3.4900e+02     1.998409e+02
  3.4920e+02     1.997648e+02
  3.4940e+02     1.996911e+02
  3.4960e+02     1.996197e+02
  3.4980e+02     1.995507e+02
  3.5000e+02     1.994841e+02
  3.5020e+02     1.994198e+02
  3.5040e+02     1.993578e+02
  3.5060e+02     1.992982e+02
  3.5080e+02     1.992410e+02
  3.5100e+02     1.991860e+02
  3.5120e+02     1.991334e+02
  3.5140e+02     1.990832e+02
  3.5160e+02     1.990352e+02
  3.5180e+02     1.989896e+02
  3.5200e+02     1.989463e+02
  3.5220e+02     1.989053e+02
  3.5240e+02     1.988667e+02
  3.5260e+02     1.988303e+02
  3.5280e+02     1.987963e+02
  3.5300e+02     1.987645e+02
  3.5320e+02     1.987350e+02
  3.5340e+02     1.987079e+02
  3.5360e+02     1.986830e+02
  3.5380e+02     1.986604e+02
  3.5400e+02     1.986401e+02
  3.5420e+02     1.986221e+02
  3.5440e+02     1.986064e+02
  3.5460e+02     1.985930e+02
  3.5480e+02     1.985818e+02
  3.5500e+02     1.985729e+02
  3.5520e+02     1.985662e+02
  3.5540e+02     1.985619e+02
  3.5560e+02     1.985598e+02
  3.5580e+02     1.985599e+02
  3.5600e+02     1.985624e+02
  3.5620e+02     1.985670e+02
  3.5640e+02     1.985740e+02
  3.5660e+02     1.985831e+02
  3.5680e+02     1.985946e+02
  3.5700e+02     1.986083e+02
  3.5720e+02     1.986242e+02
  3.5740e+02     1.986424e+02
  3.5760e+02     1.986628e+02
  3.5780e+02     1.986855e+02
  3.5800e+02     1.987104e+02
  3.5820e+02     1.987375e+02
  3.5840e+02     1.987669e+02
  3.5860e+02     1.987985e+02
  3.5880e+02     1.988323e+02
  3.5900e+02     1.988684e+02
  3.5920e+02     1.989067e+02
  3.5940e+02     1.989472e+02
  3.5960e+02     1.989900e+02
  3.5980e+02     1.990349e+02
