# Epidemic | 7 days incidence [ x-unit: days | y-unit: per 100000 ]
  0.0000e+00     3.618006e+02
  2.0000e-01     3.595234e+02
  4.0000e-01     3.572580e+02
  6.0000e-01     3.550045e+02
  8.0000e-01     3.527630e+02
  1.0000e+00     3.505332e+02
  1.2000e+00     3.483154e+02
  1.4000e+00     3.461095e+02
  1.6000e+00     3.439154e+02
  1.8000e+00     3.417332e+02
  2.0000e+00     3.395629e+02
  2.2000e+00     3.374045e+02
  2.4000e+00     3.352580e+02
  2.6000e+00     3.331234e+02
  2.8000e+00     3.310006e+02
  3.0000e+00     3.288897e+02
  3.2000e+00     3.267906e+02
  3.4000e+00     3.247034e+02
  3.6000e+00     3.226280e+02
  3.8000e+00     3.205645e+02
  4.0000e+00     3.185127e+02
  4.2000e+00     3.164727e+02
  4.4000e+00     3.144445e+02
  4.6000e+00     3.124280e+02
  4.8000e+00     3.104233e+02
  5.0000e+00     3.084303e+02
  5.2000e+00     3.064490e+02
  5.4000e+00     3.044793e+02
  5.6000e+00     3.025213e+02
  5.8000e+00     3.005749e+02
  6.0000e+00     2.986402e+02
  6.2000e+00     2.967170e+02
  6.4000e+00     2.948053e+02
  6.6000e+00     2.929052e+02
  6.8000e+00     2.910166e+02
  7.0000e+00     2.891395e+02
  7.2000e+00     2.877214e+02
  7.4000e+00     2.863590e+02
  7.6000e+00     2.850022e+02
  7.8000e+00     2.836509e+02
  8.0000e+00     2.823052e+02
  8.2000e+00     2.809650e+02
  8.4000e+00     2.796303e+02
  8.6000e+00     2.783011e+02
  8.8000e+00     2.769774e+02
  9.0000e+00     2.756592e+02
  9.2000e+00     2.743464e+02
  9.4000e+00     2.730391e+02
  9.6000e+00     2.717372e+02
  9.8000e+00     2.704407e+02
  1.0000e+01     2.691497e+02
  1.0200e+01     2.678640e+02
  1.0400e+01     2.665837e+02
  1.0600e+01     2.653087e+02
  1.0800e+01     2.640391e+02
  1.1000e+01     2.627749e+02
  1.1200e+01     2.615159e+02
  1.1400e+01     2.602623e+02
  1.1600e+01     2.590140e+02
  1.1800e+01     2.577710e+02
  1.2000e+01     2.565332e+02
  1.2200e+01     2.553007e+02
  1.2400e+01     2.540735e+02
  1.2600e+01     2.528515e+02
  1.2800e+01     2.516347e+02
  1.3000e+01     2.504231e+02
  1.3200e+01     2.492168e+02
  1.3400e+01     2.480156e+02
  1.3600e+01     2.468196e+02
  1.3800e+01     2.456288e+02
  1.4000e+01     2.444431e+02
  1.4200e+01     2.432626e+02
  1.4400e+01     2.420872e+02
  1.4600e+01     2.409170e+02
  1.4800e+01     2.397518e+02
  1.5000e+01     2.385918e+02
  1.5200e+01     2.374368e+02
  1.5400e+01     2.362869e+02
  1.5600e+01     2.351421e+02
  1.5800e+01     2.340023e+02
  1.6000e+01     2.328676e+02
  1.6200e+01     2.317379e+02
  1.6400e+01     2.306132e+02
  1.6600e+01     2.294936e+02
  1.6800e+01     2.283789e+02
  1.7000e+01     2.272692e+02
  1.7200e+01     2.261645e+02
  1.7400e+01     2.250647e+02
  1.7600e+01     2.239699e+02
  1.7800e+01     2.228801e+02
  1.8000e+01     2.217951e+02
  1.8200e+01     2.207151e+02
  1.8400e+01     2.196400e+02
  1.8600e+01     2.185698e+02
  1.8800e+01     2.175044e+02
  1.9000e+01     2.164440e+02
  1.9200e+01     2.153884e+02
  1.9400e+01     2.143376e+02
  1.9600e+01     2.132917e+02
  1.9800e+01     2.122506e+02
  2.0000e+01     2.112143e+02
  2.0200e+01     2.101828e+02
  2.0400e+01     2.091560e+02
  2.0600e+01     2.081341e+02
  2.0800e+01     2.071169e+02
  2.1000e+01     2.061045e+02
  2.1200e+01     2.048127e+02
  2.1400e+01     2.034983e+02
  2.1600e+01     2.021930e+02
  2.1800e+01     2.008967e+02
  2.2000e+01     1.996093e+02
  2.2200e+01     1.983309e+02
  2.2400e+01     1.970613e+02
  2.2600e+01     1.958006e+02
  2.2800e+01     1.945486e+02
  2.3000e+01     1.933053e+02
  2.3200e+01     1.920707e+02
  2.3400e+01     1.908448e+02
  2.3600e+01     1.896274e+02
  2.3800e+01     1.884185e+02
  2.4000e+01     1.872181e+02
  2.4200e+01     1.860261e+02
  2.4400e+01     1.848425e+02
  2.4600e+01     1.836672e+02
  2.4800e+01     1.825001e+02
  2.5000e+01     1.813413e+02
  2.5200e+01     1.801907e+02
  2.5400e+01     1.790482e+02
  2.5600e+01     1.779137e+02
  2.5800e+01     1.767873e+02
  2.6000e+01     1.756689e+02
  2.6200e+01     1.745584e+02
  2.6400e+01     1.734557e+02
  2.6600e+01     1.723609e+02
  2.6800e+01     1.712739e+02
  2.7000e+01     1.701946e+02
  2.7200e+01     1.691230e+02
  2.7400e+01     1.680590e+02
  2.7600e+01     1.670027e+02
  2.7800e+01     1.659538e+02
  2.8000e+01     1.649124e+02
  2.8200e+01     1.638785e+02
  2.8400e+01     1.628520e+02
  2.8600e+01     1.618328e+02
  2.8800e+01     1.608210e+02
  2.9000e+01     1.598163e+02
  2.9200e+01     1.588189e+02
  2.9400e+01     1.578287e+02
  2.9600e+01     1.568455e+02
  2.9800e+01     1.558694e+02
  3.0000e+01     1.549004e+02
  3.0200e+01     1.539383e+02
  3.0400e+01     1.529831e+02
  3.0600e+01     1.520348e+02
  3.0800e+01     1.510934e+02
  3.1000e+01     1.501587e+02
  3.1200e+01     1.492308e+02
  3.1400e+01     1.483096e+02
  3.1600e+01     1.473950e+02
  3.1800e+01     1.464871e+02
  3.2000e+01     1.455857e+02
  3.2200e+01     1.446908e+02
  3.2400e+01     1.438024e+02
  3.2600e+01     1.429204e+02
  3.2800e+01     1.420448e+02
  3.3000e+01     1.411755e+02
  3.3200e+01     1.403126e+02
  3.3400e+01     1.394559e+02
  3.3600e+01     1.386054e+02
  3.3800e+01     1.377611e+02
  3.4000e+01     1.369229e+02
  3.4200e+01     1.360908e+02
  3.4400e+01     1.352647e+02
  3.4600e+01     1.344447e+02
  3.4800e+01     1.336306e+02
  3.5000e+01     1.328224e+02
  3.5200e+01     1.320201e+02
  3.5400e+01     1.312236e+02
  3.5600e+01     1.304329e+02
  3.5800e+01     1.296479e+02
  3.6000e+01     1.288687e+02
  3.6200e+01     1.280951e+02
  3.6400e+01     1.273272e+02
  3.6600e+01     1.265649e+02
  3.6800e+01     1.258081e+02
  3.7000e+01     1.250568e+02
  3.7200e+01     1.243110e+02
  3.7400e+01     1.235706e+02
  3.7600e+01     1.228356e+02
  3.7800e+01     1.221060e+02
  3.8000e+01     1.213817e+02
  3.8200e+01     1.206626e+02
  3.8400e+01     1.199488e+02
  3.8600e+01     1.192402e+02
  3.8800e+01     1.185368e+02
  3.9000e+01     1.178385e+02
  3.9200e+01     1.171452e+02
  3.9400e+01     1.164571e+02
  3.9600e+01     1.157739e+02
  3.9800e+01     1.150957e+02
  4.0000e+01     1.144225e+02
  4.0200e+01     1.137542e+02
  4.0400e+01     1.130907e+02
  4.0600e+01     1.124321e+02
  4.0800e+01     1.117783e+02
  4.1000e+01     1.111292e+02
  4.1200e+01     1.104849e+02
  4.1400e+01     1.098453e+02
  4.1600e+01     1.092103e+02
  4.1800e+01     1.085800e+02
  4.2000e+01     1.079542e+02
  4.2200e+01     1.073331e+02
  4.2400e+01     1.067164e+02
  4.2600e+01     1.061042e+02
  4.2800e+01     1.054965e+02
  4.3000e+01     1.048932e+02
  4.3200e+01     1.042943e+02
  4.3400e+01     1.036998e+02
  4.3600e+01     1.031096e+02
  4.3800e+01     1.025237e+02
  4.4000e+01     1.019420e+02
  4.4200e+01     1.013646e+02
  4.4400e+01     1.007914e+02
  4.4600e+01     1.002223e+02
  4.4800e+01     9.965747e+01
  4.5000e+01     9.909667e+01
  4.5200e+01     9.853994e+01
  4.5400e+01     9.798726e+01
  4.5600e+01     9.743860e+01
  4.5800e+01     9.689392e+01
  4.6000e+01     9.635320e+01
  4.6200e+01     9.581641e+01
  4.6400e+01     9.528351e+01
  4.6600e+01     9.475448e+01
  4.6800e+01     9.422929e+01
  4.7000e+01     9.370791e+01
  4.7200e+01     9.319031e+01
  4.7400e+01     9.267646e+01
  4.7600e+01     9.216634e+01
  4.7800e+01     9.165991e+01
  4.8000e+01     9.115716e+01
  4.8200e+01     9.065804e+01
  4.8400e+01     9.016254e+01
  4.8600e+01     8.967063e+01
  4.8800e+01     8.918228e+01
  4.9000e+01     8.869746e+01
  4.9200e+01     8.821614e+01
  4.9400e+01     8.773831e+01
  4.9600e+01     8.726393e+01
  4.9800e+01     8.679297e+01
  5.0000e+01     8.632542e+01
  5.0200e+01     8.586125e+01
  5.0400e+01     8.540042e+01
  5.0600e+01     8.494292e+01
  5.0800e+01     8.448872e+01
  5.1000e+01     8.403780e+01
  5.1200e+01     8.359012e+01
  5.1400e+01     8.314567e+01
  5.1600e+01     8.270443e+01
  5.1800e+01     8.226636e+01
  5.2000e+01     8.183144e+01
  5.2200e+01     8.139966e+01
  5.2400e+01     8.097097e+01
  5.2600e+01     8.054538e+01
  5.2800e+01     8.012283e+01
  5.3000e+01     7.970333e+01
  5.3200e+01     7.928684e+01
  5.3400e+01     7.887334e+01
  5.3600e+01     7.846280e+01
  5.3800e+01     7.805521e+01
  5.4000e+01     7.765054e+01
  5.4200e+01     7.724878e+01
  5.4400e+01     7.684989e+01
  5.4600e+01     7.645385e+01
  5.4800e+01     7.606066e+01
  5.5000e+01     7.567027e+01
  5.5200e+01     7.528268e+01
  5.5400e+01     7.489786e+01
  5.5600e+01     7.451579e+01
  5.5800e+01     7.413645e+01
  5.6000e+01     7.375982e+01
  5.6200e+01     7.338587e+01
  5.6400e+01     7.301459e+01
  5.6600e+01     7.264596e+01
  5.6800e+01     7.227996e+01
  5.7000e+01     7.191657e+01
  5.7200e+01     7.155576e+01
  5.7400e+01     7.119752e+01
  5.7600e+01     7.084183e+01
  5.7800e+01     7.048867e+01
  5.8000e+01     7.013802e+01
  5.8200e+01     6.978987e+01
  5.8400e+01     6.944418e+01
  5.8600e+01     6.910095e+01
  5.8800e+01     6.876015e+01
  5.9000e+01     6.842177e+01
  5.9200e+01     6.808579e+01
  5.9400e+01     6.775219e+01
  5.9600e+01     6.742096e+01
  5.9800e+01     6.709207e+01
  6.0000e+01     6.676550e+01
  6.0200e+01     6.644125e+01
  6.0400e+01     6.611928e+01
  6.0600e+01     6.579960e+01
  6.0800e+01     6.548216e+01
  6.1000e+01     6.516698e+01
  6.1200e+01     6.485401e+01
  6.1400e+01     6.454325e+01
  6.1600e+01     6.423468e+01
  6.1800e+01     6.392829e+01
  6.2000e+01     6.362405e+01
  6.2200e+01     6.332196e+01
  6.2400e+01     6.302199e+01
  6.2600e+01     6.272413e+01
  6.2800e+01     6.242836e+01
  6.3000e+01     6.213468e+01
  6.3200e+01     6.184305e+01
  6.3400e+01     6.155347e+01
  6.3600e+01     6.126592e+01
  6.3800e+01     6.098039e+01
  6.4000e+01     6.069686e+01
  6.4200e+01     6.041532e+01
  6.4400e+01     6.013574e+01
  6.4600e+01     5.985813e+01
  6.4800e+01     5.958245e+01
  6.5000e+01     5.930871e+01
  6.5200e+01     5.903687e+01
  6.5400e+01     5.876694e+01
  6.5600e+01     5.849889e+01
  6.5800e+01     5.823271e+01
  6.6000e+01     5.796838e+01
  6.6200e+01     5.770590e+01
  6.6400e+01     5.744525e+01
  6.6600e+01     5.718641e+01
  6.6800e+01     5.692938e+01
  6.7000e+01     5.667413e+01
  6.7200e+01     5.642066e+01
  6.7400e+01     5.616895e+01
  6.7600e+01     5.591899e+01
  6.7800e+01     5.567077e+01
  6.8000e+01     5.542427e+01
  6.8200e+01     5.517948e+01
  6.8400e+01     5.493639e+01
  6.8600e+01     5.469498e+01
  6.8800e+01     5.445524e+01
  6.9000e+01     5.421717e+01
  6.9200e+01     5.398074e+01
  6.9400e+01     5.374595e+01
  6.9600e+01     5.351279e+01
  6.9800e+01     5.328123e+01
  7.0000e+01     5.305128e+01
  7.0200e+01     5.282291e+01
  7.0400e+01     5.259612e+01
  7.0600e+01     5.237090e+01
  7.0800e+01     5.214723e+01
  7.1000e+01     5.192510e+01
  7.1200e+01     5.170450e+01
  7.1400e+01     5.148542e+01
  7.1600e+01     5.126785e+01
  7.1800e+01     5.105178e+01
  7.2000e+01     5.083719e+01
  7.2200e+01     5.062408e+01
  7.2400e+01     5.041243e+01
  7.2600e+01     5.020224e+01
  7.2800e+01     4.999349e+01
  7.3000e+01     4.978618e+01
  7.3200e+01     4.958028e+01
  7.3400e+01     4.937580e+01
  7.3600e+01     4.917273e+01
  7.3800e+01     4.897104e+01
  7.4000e+01     4.877073e+01
  7.4200e+01     4.857180e+01
  7.4400e+01     4.837423e+01
  7.4600e+01     4.817801e+01
  7.4800e+01     4.798313e+01
  7.5000e+01     4.778959e+01
  7.5200e+01     4.759736e+01
  7.5400e+01     4.740646e+01
  7.5600e+01     4.721685e+01
  7.5800e+01     4.702854e+01
  7.6000e+01     4.684151e+01
  7.6200e+01     4.665577e+01
  7.6400e+01     4.647128e+01
  7.6600e+01     4.628806e+01
  7.6800e+01     4.610608e+01
  7.7000e+01     4.592534e+01
  7.7200e+01     4.574584e+01
  7.7400e+01     4.556755e+01
  7.7600e+01     4.539048e+01
  7.7800e+01     4.521462e+01
  7.8000e+01     4.503995e+01
  7.8200e+01     4.486647e+01
  7.8400e+01     4.469416e+01
  7.8600e+01     4.452303e+01
  7.8800e+01     4.435306e+01
  7.9000e+01     4.418425e+01
  7.9200e+01     4.401658e+01
  7.9400e+01     4.385005e+01
  7.9600e+01     4.368464e+01
  7.9800e+01     4.352037e+01
  8.0000e+01     4.335720e+01
  8.0200e+01     4.319514e+01
  8.0400e+01     4.303418e+01
  8.0600e+01     4.287431e+01
  8.0800e+01     4.271552e+01
  8.1000e+01     4.255781e+01
  8.1200e+01     4.240117e+01
  8.1400e+01     4.224558e+01
  8.1600e+01     4.209105e+01
  8.1800e+01     4.193757e+01
  8.2000e+01     4.178512e+01
  8.2200e+01     4.163371e+01
  8.2400e+01     4.148331e+01
  8.2600e+01     4.133394e+01
  8.2800e+01     4.118557e+01
  8.3000e+01     4.103821e+01
  8.3200e+01     4.089185e+01
  8.3400e+01     4.074647e+01
  8.3600e+01     4.060207e+01
  8.3800e+01     4.045865e+01
  8.4000e+01     4.031620e+01
  8.4200e+01     4.017471e+01
  8.4400e+01     4.003418e+01
  8.4600e+01     3.989459e+01
  8.4800e+01     3.975595e+01
  8.5000e+01     3.961824e+01
  8.5200e+01     3.948146e+01
  8.5400e+01     3.934561e+01
  8.5600e+01     3.921067e+01
  8.5800e+01     3.907664e+01
  8.6000e+01     3.894352e+01
  8.6200e+01     3.881130e+01
  8.6400e+01     3.867996e+01
  8.6600e+01     3.854951e+01
  8.6800e+01     3.841995e+01
  8.7000e+01     3.829125e+01
  8.7200e+01     3.816343e+01
  8.7400e+01     3.803647e+01
  8.7600e+01     3.791036e+01
  8.7800e+01     3.778510e+01
  8.8000e+01     3.766069e+01
  8.8200e+01     3.753712e+01
  8.8400e+01     3.741438e+01
  8.8600e+01     3.729247e+01
  8.8800e+01     3.717139e+01
  8.9000e+01     3.705112e+01
  8.9200e+01     3.693166e+01
  8.9400e+01     3.681301e+01
  8.9600e+01     3.669516e+01
  8.9800e+01     3.657810e+01
  9.0000e+01     3.646184e+01
  9.0200e+01     3.634636e+01
  9.0400e+01     3.623166e+01
  9.0600e+01     3.611773e+01
  9.0800e+01     3.600457e+01
  9.1000e+01     3.589218e+01
  9.1200e+01     3.578055e+01
  9.1400e+01     3.566968e+01
  9.1600e+01     3.555955e+01
  9.1800e+01     3.545017e+01
  9.2000e+01     3.534152e+01
  9.2200e+01     3.523362e+01
  9.2400e+01     3.512644e+01
  9.2600e+01     3.501999e+01
  9.2800e+01     3.491426e+01
  9.3000e+01     3.480924e+01
  9.3200e+01     3.470494e+01
  9.3400e+01     3.460135e+01
  9.3600e+01     3.449845e+01
  9.3800e+01     3.439626e+01
  9.4000e+01     3.429476e+01
  9.4200e+01     3.419395e+01
  9.4400e+01     3.409382e+01
  9.4600e+01     3.399437e+01
  9.4800e+01     3.389560e+01
  9.5000e+01     3.379750e+01
  9.5200e+01     3.370007e+01
  9.5400e+01     3.360330e+01
  9.5600e+01     3.350719e+01
  9.5800e+01     3.341173e+01
  9.6000e+01     3.331693e+01
  9.6200e+01     3.322277e+01
  9.6400e+01     3.312925e+01
  9.6600e+01     3.303637e+01
  9.6800e+01     3.294413e+01
  9.7000e+01     3.285252e+01
  9.7200e+01     3.276153e+01
  9.7400e+01     3.267117e+01
  9.7600e+01     3.258142e+01
  9.7800e+01     3.249230e+01
  9.8000e+01     3.240378e+01
  9.8200e+01     3.231587e+01
  9.8400e+01     3.222856e+01
  9.8600e+01     3.214185e+01
  9.8800e+01     3.205574e+01
  9.9000e+01     3.197022e+01
  9.9200e+01     3.188529e+01
  9.9400e+01     3.180095e+01
  9.9600e+01     3.171719e+01
  9.9800e+01     3.163400e+01
  1.0000e+02     3.155139e+01
  1.0020e+02     3.146936e+01
  1.0040e+02     3.138789e+01
  1.0060e+02     3.130698e+01
  1.0080e+02     3.122664e+01
  1.0100e+02     3.114685e+01
  1.0120e+02     3.106762e+01
  1.0140e+02     3.098894e+01
  1.0160e+02     3.091080e+01
  1.0180e+02     3.083322e+01
  1.0200e+02     3.075617e+01
  1.0220e+02     3.067966e+01
  1.0240e+02     3.060368e+01
  1.0260e+02     3.052824e+01
  1.0280e+02     3.045333e+01
  1.0300e+02     3.037894e+01
  1.0320e+02     3.030507e+01
  1.0340e+02     3.023172e+01
  1.0360e+02     3.015889e+01
  1.0380e+02     3.008658e+01
  1.0400e+02     3.001477e+01
  1.0420e+02     2.994347e+01
  1.0440e+02     2.987267e+01
  1.0460e+02     2.980238e+01
  1.0480e+02     2.973258e+01
  1.0500e+02     2.966329e+01
  1.0520e+02     2.959448e+01
  1.0540e+02     2.952616e+01
  1.0560e+02     2.945833e+01
  1.0580e+02     2.939099e+01
  1.0600e+02     2.932413e+01
  1.0620e+02     2.925775e+01
  1.0640e+02     2.919184e+01
  1.0660e+02     2.912641e+01
  1.0680e+02     2.906145e+01
  1.0700e+02     2.899695e+01
  1.0720e+02     2.893293e+01
  1.0740e+02     2.886936e+01
  1.0760e+02     2.880626e+01
  1.0780e+02     2.874362e+01
  1.0800e+02     2.868143e+01
  1.0820e+02     2.861969e+01
  1.0840e+02     2.855841e+01
  1.0860e+02     2.849757e+01
  1.0880e+02     2.843718e+01
  1.0900e+02     2.837723e+01
  1.0920e+02     2.831773e+01
  1.0940e+02     2.825866e+01
  1.0960e+02     2.820003e+01
  1.0980e+02     2.814183e+01
  1.1000e+02     2.808406e+01
  1.1020e+02     2.802673e+01
  1.1040e+02     2.796982e+01
  1.1060e+02     2.791333e+01
  1.1080e+02     2.785727e+01
  1.1100e+02     2.780163e+01
  1.1120e+02     2.774640e+01
  1.1140e+02     2.769159e+01
  1.1160e+02     2.763720e+01
  1.1180e+02     2.758322e+01
  1.1200e+02     2.752964e+01
  1.1220e+02     2.747648e+01
  1.1240e+02     2.742372e+01
  1.1260e+02     2.737136e+01
  1.1280e+02     2.731940e+01
  1.1300e+02     2.726784e+01
  1.1320e+02     2.721668e+01
  1.1340e+02     2.716592e+01
  1.1360e+02     2.711554e+01
  1.1380e+02     2.706556e+01
  1.1400e+02     2.701597e+01
  1.1420e+02     2.696676e+01
  1.1440e+02     2.691794e+01
  1.1460e+02     2.686950e+01
  1.1480e+02     2.682145e+01
  1.1500e+02     2.677377e+01
  1.1520e+02     2.672647e+01
  1.1540e+02     2.667955e+01
  1.1560e+02     2.663300e+01
  1.1580e+02     2.658682e+01
  1.1600e+02     2.654102e+01
  1.1620e+02     2.649558e+01
  1.1640e+02     2.645051e+01
  1.1660e+02     2.640580e+01
  1.1680e+02     2.636146e+01
  1.1700e+02     2.631748e+01
  1.1720e+02     2.627386e+01
  1.1740e+02     2.623059e+01
  1.1760e+02     2.618769e+01
  1.1780e+02     2.614513e+01
  1.1800e+02     2.610294e+01
  1.1820e+02     2.606109e+01
  1.1840e+02     2.601959e+01
  1.1860e+02     2.597844e+01
  1.1880e+02     2.593764e+01
  1.1900e+02     2.589718e+01
  1.1920e+02     2.585707e+01
  1.1940e+02     2.581730e+01
  1.1960e+02     2.577787e+01
  1.1980e+02     2.573878e+01
  1.2000e+02     2.570002e+01
  1.2020e+02     2.566160e+01
  1.2040e+02     2.562352e+01
  1.2060e+02     2.558577e+01
  1.2080e+02     2.554835e+01
  1.2100e+02     2.551126e+01
  1.2120e+02     2.547450e+01
  1.2140e+02     2.543807e+01
  1.2160e+02     2.540196e+01
  1.2180e+02     2.536618e+01
  1.2200e+02     2.533072e+01
  1.2220e+02     2.529558e+01
  1.2240e+02     2.526077e+01
  1.2260e+02     2.522627e+01
  1.2280e+02     2.519209e+01
  1.2300e+02     2.515823e+01
  1.2320e+02     2.512468e+01
  1.2340e+02     2.509144e+01
  1.2360e+02     2.505852e+01
  1.2380e+02     2.502591e+01
  1.2400e+02     2.499361e+01
  1.2420e+02     2.496162e+01
  1.2440e+02     2.492993e+01
  1.2460e+02     2.489856e+01
  1.2480e+02     2.486748e+01
  1.2500e+02     2.483672e+01
  1.2520e+02     2.480625e+01
  1.2540e+02     2.477609e+01
  1.2560e+02     2.474622e+01
  1.2580e+02     2.471666e+01
  1.2600e+02     2.468739e+01
  1.2620e+02     2.465842e+01
  1.2640e+02     2.462975e+01
  1.2660e+02     2.460137e+01
  1.2680e+02     2.457329e+01
  1.2700e+02     2.454550e+01
  1.2720e+02     2.451800e+01
  1.2740e+02     2.449079e+01
  1.2760e+02     2.446387e+01
  1.2780e+02     2.443724e+01
  1.2800e+02     2.441089e+01
  1.2820e+02     2.438483e+01
  1.2840e+02     2.435906e+01
  1.2860e+02     2.433357e+01
  1.2880e+02     2.430837e+01
  1.2900e+02     2.428345e+01
  1.2920e+02     2.425881e+01
  1.2940e+02     2.423445e+01
  1.2960e+02     2.421037e+01
  1.2980e+02     2.418657e+01
  1.3000e+02     2.416304e+01
  1.3020e+02     2.413979e+01
  1.3040e+02     2.411682e+01
  1.3060e+02     2.409413e+01
  1.3080e+02     2.407170e+01
  1.3100e+02     2.404955e+01
  1.3120e+02     2.402768e+01
  1.3140e+02     2.400607e+01
  1.3160e+02     2.398474e+01
  1.3180e+02     2.396367e+01
  1.3200e+02     2.394288e+01
  1.3220e+02     2.392235e+01
  1.3240e+02     2.390209e+01
  1.3260e+02     2.388209e+01
  1.3280e+02     2.386236e+01
  1.3300e+02     2.384290e+01
  1.3320e+02     2.382370e+01
  1.3340e+02     2.380477e+01
  1.3360e+02     2.378609e+01
  1.3380e+02     2.376768e+01
  1.3400e+02     2.374953e+01
  1.3420e+02     2.373164e+01
  1.3440e+02     2.371401e+01
  1.3460e+02     2.369664e+01
  1.3480e+02     2.367953e+01
  1.3500e+02     2.366267e+01
  1.3520e+02     2.364607e+01
  1.3540e+02     2.362973e+01
  1.3560e+02     2.361365e+01
  1.3580e+02     2.359781e+01
  1.3600e+02     2.358224e+01
  1.3620e+02     2.356691e+01
  1.3640e+02     2.355184e+01
  1.3660e+02     2.353702e+01
  1.3680e+02     2.352246e+01
  1.3700e+02     2.350814e+01
  1.3720e+02     2.349408e+01
  1.3740e+02     2.348026e+01
  1.3760e+02     2.346669e+01
  1.3780e+02     2.345338e+01
  1.3800e+02     2.344031e+01
  1.3820e+02     2.342749e+01
  1.3840e+02     2.341491e+01
  1.3860e+02     2.340258e+01
  1.3880e+02     2.339050e+01
  1.3900e+02     2.337867e+01
  1.3920e+02     2.336707e+01
  1.3940e+02     2.335573e+01
  1.3960e+02     2.334462e+01
  1.3980e+02     2.333376e+01
  1.4000e+02     2.332315e+01
  1.4020e+02     2.331277e+01
  1.4040e+02     2.330264e+01
  1.4060e+02     2.329275e+01
  1.4080e+02     2.328310e+01
  1.4100e+02     2.327369e+01
  1.4120e+02     2.326452e+01
  1.4140e+02     2.325559e+01
  1.4160e+02     2.324690e+01
  1.4180e+02     2.323845e+01
  1.4200e+02     2.323023e+01
  1.4220e+02     2.322226e+01
  1.4240e+02     2.321452e+01
  1.4260e+02     2.320702e+01
  1.4280e+02     2.319975e+01
  1.4300e+02     2.319273e+01
  1.4320e+02     2.318593e+01
  1.4340e+02     2.317938e+01
  1.4360e+02     2.317306e+01
  1.4380e+02     2.316697e+01
  1.4400e+02     2.316112e+01
  1.4420e+02     2.315551e+01
  1.4440e+02     2.315012e+01
  1.4460e+02     2.314497e+01
  1.4480e+02     2.314006e+01
  1.4500e+02     2.313538e+01
  1.4520e+02     2.313093e+01
  1.4540e+02     2.312671e+01
  1.4560e+02     2.312272e+01
  1.4580e+02     2.311897e+01
  1.4600e+02     2.311545e+01
  1.4620e+02     2.311216e+01
  1.4640e+02     2.310910e+01
  1.4660e+02     2.310627e+01
  1.4680e+02     2.310367e+01
  1.4700e+02     2.310130e+01
  1.4720e+02     2.309917e+01
  1.4740e+02     2.309726e+01
  1.4760e+02     2.309558e+01
  1.4780e+02     2.309413e+01
  1.4800e+02     2.309291e+01
  1.4820e+02     2.309192e+01
  1.4840e+02     2.309116e+01
  1.4860e+02     2.309063e+01
  1.4880e+02     2.309033e+01
  1.4900e+02     2.309025e+01
  1.4920e+02     2.309040e+01
  1.4940e+02     2.309078e+01
  1.4960e+02     2.309139e+01
  1.4980e+02     2.309223e+01
  1.5000e+02     2.309329e+01
  1.5020e+02     2.309458e+01
  1.5040e+02     2.309610e+01
  1.5060e+02     2.309784e+01
  1.5080e+02     2.309982e+01
  1.5100e+02     2.310202e+01
  1.5120e+02     2.310444e+01
  1.5140e+02     2.310710e+01
  1.5160e+02     2.310997e+01
  1.5180e+02     2.311308e+01
  1.5200e+02     2.311641e+01
  1.5220e+02     2.311997e+01
  1.5240e+02     2.312376e+01
  1.5260e+02     2.312777e+01
  1.5280e+02     2.313201e+01
  1.5300e+02     2.313648e+01
  1.5320e+02     2.314117e+01
  1.5340e+02     2.314608e+01
  1.5360e+02     2.315123e+01
  1.5380e+02     2.315660e+01
  1.5400e+02     2.316219e+01
  1.5420e+02     2.316801e+01
  1.5440e+02     2.317406e+01
  1.5460e+02     2.318034e+01
  1.5480e+02     2.318684e+01
  1.5500e+02     2.319356e+01
  1.5520e+02     2.320052e+01
  1.5540e+02     2.320770e+01
  1.5560e+02     2.321510e+01
  1.5580e+02     2.322273e+01
  1.5600e+02     2.323059e+01
  1.5620e+02     2.323868e+01
  1.5640e+02     2.324699e+01
  1.5660e+02     2.325553e+01
  1.5680e+02     2.326429e+01
  1.5700e+02     2.327328e+01
  1.5720e+02     2.328250e+01
  1.5740e+02     2.329195e+01
  1.5760e+02     2.330162e+01
  1.5780e+02     2.331152e+01
  1.5800e+02     2.332165e+01
  1.5820e+02     2.333200e+01
  1.5840e+02     2.334258e+01
  1.5860e+02     2.335339e+01
  1.5880e+02     2.336443e+01
  1.5900e+02     2.337570e+01
  1.5920e+02     2.338719e+01
  1.5940e+02     2.339891e+01
  1.5960e+02     2.341086e+01
  1.5980e+02     2.342304e+01
  1.6000e+02     2.343545e+01
  1.6020e+02     2.344809e+01
  1.6040e+02     2.346095e+01
  1.6060e+02     2.347405e+01
  1.6080e+02     2.348738e+01
  1.6100e+02     2.350093e+01
  1.6120e+02     2.351472e+01
  1.6140e+02     2.352873e+01
  1.6160e+02     2.354298e+01
  1.6180e+02     2.355745e+01
  1.6200e+02     2.357216e+01
  1.6220e+02     2.358710e+01
  1.6240e+02     2.360227e+01
  1.6260e+02     2.361767e+01
  1.6280e+02     2.363331e+01
  1.6300e+02     2.364917e+01
  1.6320e+02     2.366527e+01
  1.6340e+02     2.368160e+01
  1.6360e+02     2.369817e+01
  1.6380e+02     2.371496e+01
  1.6400e+02     2.373200e+01
  1.6420e+02     2.374926e+01
  1.6440e+02     2.376676e+01
  1.6460e+02     2.378450e+01
  1.6480e+02     2.380247e+01
  1.6500e+02     2.382067e+01
  1.6520e+02     2.383911e+01
  1.6540e+02     2.385779e+01
  1.6560e+02     2.387670e+01
  1.6580e+02     2.389585e+01
  1.6600e+02     2.391524e+01
  1.6620e+02     2.393486e+01
  1.6640e+02     2.395473e+01
  1.6660e+02     2.397483e+01
  1.6680e+02     2.399516e+01
  1.6700e+02     2.401574e+01
  1.6720e+02     2.403656e+01
  1.6740e+02     2.405762e+01
  1.6760e+02     2.407892e+01
  1.6780e+02     2.410045e+01
  1.6800e+02     2.412223e+01
  1.6820e+02     2.414425e+01
  1.6840e+02     2.416652e+01
  1.6860e+02     2.418902e+01
  1.6880e+02     2.421177e+01
  1.6900e+02     2.423476e+01
  1.6920e+02     2.425800e+01
  1.6940e+02     2.428148e+01
  1.6960e+02     2.430520e+01
  1.6980e+02     2.432917e+01
  1.7000e+02     2.435339e+01
  1.7020e+02     2.437785e+01
  1.7040e+02     2.440256e+01
  1.7060e+02     2.442751e+01
  1.7080e+02     2.445271e+01
  1.7100e+02     2.447817e+01
  1.7120e+02     2.450387e+01
  1.7140e+02     2.452982e+01
  1.7160e+02     2.455602e+01
  1.7180e+02     2.458247e+01
  1.7200e+02     2.460917e+01
  1.7220e+02     2.463612e+01
  1.7240e+02     2.466333e+01
  1.7260e+02     2.469079e+01
  1.7280e+02     2.471850e+01
  1.7300e+02     2.474646e+01
  1.7320e+02     2.477468e+01
  1.7340e+02     2.480316e+01
  1.7360e+02     2.483189e+01
  1.7380e+02     2.486088e+01
  1.7400e+02     2.489012e+01
  1.7420e+02     2.491962e+01
  1.7440e+02     2.494938e+01
  1.7460e+02     2.497940e+01
  1.7480e+02     2.500968e+01
  1.7500e+02     2.504022e+01
  1.7520e+02     2.507102e+01
  1.7540e+02     2.510208e+01
  1.7560e+02     2.513341e+01
  1.7580e+02     2.516500e+01
  1.7600e+02     2.519685e+01
  1.7620e+02     2.522896e+01
  1.7640e+02     2.526134e+01
  1.7660e+02     2.529399e+01
  1.7680e+02     2.532690e+01
  1.7700e+02     2.536008e+01
  1.7720e+02     2.539353e+01
  1.7740e+02     2.542725e+01
  1.7760e+02     2.546123e+01
  1.7780e+02     2.549549e+01
  1.7800e+02     2.553002e+01
  1.7820e+02     2.556482e+01
  1.7840e+02     2.559989e+01
  1.7860e+02     2.563523e+01
  1.7880e+02     2.567085e+01
  1.7900e+02     2.570675e+01
  1.7920e+02     2.574292e+01
  1.7940e+02     2.577937e+01
  1.7960e+02     2.581609e+01
  1.7980e+02     2.585309e+01
  1.8000e+02     2.589038e+01
  1.8020e+02     2.592794e+01
  1.8040e+02     2.596578e+01
  1.8060e+02     2.600390e+01
  1.8080e+02     2.604231e+01
  1.8100e+02     2.608100e+01
  1.8120e+02     2.611998e+01
  1.8140e+02     2.615924e+01
  1.8160e+02     2.619878e+01
  1.8180e+02     2.623862e+01
  1.8200e+02     2.627874e+01
  1.8220e+02     2.631915e+01
  1.8240e+02     2.635985e+01
  1.8260e+02     2.640084e+01
  1.8280e+02     2.644212e+01
  1.8300e+02     2.648370e+01
  1.8320e+02     2.652556e+01
  1.8340e+02     2.656773e+01
  1.8360e+02     2.661019e+01
  1.8380e+02     2.665294e+01
  1.8400e+02     2.669599e+01
  1.8420e+02     2.673934e+01
  1.8440e+02     2.678300e+01
  1.8460e+02     2.682695e+01
  1.8480e+02     2.687120e+01
  1.8500e+02     2.691576e+01
  1.8520e+02     2.696061e+01
  1.8540e+02     2.700578e+01
  1.8560e+02     2.705125e+01
  1.8580e+02     2.709703e+01
  1.8600e+02     2.714311e+01
  1.8620e+02     2.718950e+01
  1.8640e+02     2.723621e+01
  1.8660e+02     2.728322e+01
  1.8680e+02     2.733055e+01
  1.8700e+02     2.737819e+01
  1.8720e+02     2.742615e+01
  1.8740e+02     2.747442e+01
  1.8760e+02     2.752300e+01
  1.8780e+02     2.757191e+01
  1.8800e+02     2.762114e+01
  1.8820e+02     2.767068e+01
  1.8840e+02     2.772055e+01
  1.8860e+02     2.777074e+01
  1.8880e+02     2.782125e+01
  1.8900e+02     2.787209e+01
  1.8920e+02     2.792326e+01
  1.8940e+02     2.797475e+01
  1.8960e+02     2.802657e+01
  1.8980e+02     2.807872e+01
  1.9000e+02     2.813120e+01
  1.9020e+02     2.818402e+01
  1.9040e+02     2.823717e+01
  1.9060e+02     2.829065e+01
  1.9080e+02     2.834447e+01
  1.9100e+02     2.839863e+01
  1.9120e+02     2.845313e+01
  1.9140e+02     2.850796e+01
  1.9160e+02     2.856314e+01
  1.9180e+02     2.861866e+01
  1.9200e+02     2.867453e+01
  1.9220e+02     2.873074e+01
  1.9240e+02     2.878730e+01
  1.9260e+02     2.884421e+01
  1.9280e+02     2.890146e+01
  1.9300e+02     2.895907e+01
  1.9320e+02     2.901703e+01
  1.9340e+02     2.907534e+01
  1.9360e+02     2.913401e+01
  1.9380e+02     2.919304e+01
  1.9400e+02     2.925242e+01
  1.9420e+02     2.931217e+01
  1.9440e+02     2.937227e+01
  1.9460e+02     2.943274e+01
  1.9480e+02     2.949357e+01
  1.9500e+02     2.955477e+01
  1.9520e+02     2.961633e+01
  1.9540e+02     2.967827e+01
  1.9560e+02     2.974057e+01
  1.9580e+02     2.980325e+01
  1.9600e+02     2.986629e+01
  1.9620e+02     2.992972e+01
  1.9640e+02     2.999351e+01
  1.9660e+02     3.005769e+01
  1.9680e+02     3.012225e+01
  1.9700e+02     3.018718e+01
  1.9720e+02     3.025250e+01
  1.9740e+02     3.031821e+01
  1.9760e+02     3.038429e+01
  1.9780e+02     3.045077e+01
  1.9800e+02     3.051764e+01
  1.9820e+02     3.058489e+01
  1.9840e+02     3.065254e+01
  1.9860e+02     3.072059e+01
  1.9880e+02     3.078903e+01
  1.9900e+02     3.085786e+01
  1.9920e+02     3.092710e+01
  1.9940e+02     3.099673e+01
  1.9960e+02     3.106677e+01
  1.9980e+02     3.113722e+01
  2.0000e+02     3.120807e+01
  2.0020e+02     3.127932e+01
  2.0040e+02     3.135099e+01
  2.0060e+02     3.142307e+01
  2.0080e+02     3.149556e+01
  2.0100e+02     3.156847e+01
  2.0120e+02     3.164179e+01
  2.0140e+02     3.171553e+01
  2.0160e+02     3.178970e+01
  2.0180e+02     3.186428e+01
  2.0200e+02     3.193929e+01
  2.0220e+02     3.201473e+01
  2.0240e+02     3.209059e+01
  2.0260e+02     3.216689e+01
  2.0280e+02     3.224361e+01
  2.0300e+02     3.232077e+01
  2.0320e+02     3.239837e+01
  2.0340e+02     3.247640e+01
  2.0360e+02     3.255487e+01
  2.0380e+02     3.263379e+01
  2.0400e+02     3.271315e+01
  2.0420e+02     3.279295e+01
  2.0440e+02     3.287320e+01
  2.0460e+02     3.295391e+01
  2.0480e+02     3.303506e+01
  2.0500e+02     3.311667e+01
  2.0520e+02     3.319873e+01
  2.0540e+02     3.328125e+01
  2.0560e+02     3.336423e+01
  2.0580e+02     3.344767e+01
  2.0600e+02     3.353158e+01
  2.0620e+02     3.361595e+01
  2.0640e+02     3.370080e+01
  2.0660e+02     3.378611e+01
  2.0680e+02     3.387190e+01
  2.0700e+02     3.395816e+01
  2.0720e+02     3.404490e+01
  2.0740e+02     3.413211e+01
  2.0760e+02     3.421981e+01
  2.0780e+02     3.430800e+01
  2.0800e+02     3.439667e+01
  2.0820e+02     3.448582e+01
  2.0840e+02     3.457547e+01
  2.0860e+02     3.466561e+01
  2.0880e+02     3.475625e+01
  2.0900e+02     3.484739e+01
  2.0920e+02     3.493902e+01
  2.0940e+02     3.503116e+01
  2.0960e+02     3.512380e+01
  2.0980e+02     3.521695e+01
  2.1000e+02     3.531061e+01
  2.1020e+02     3.540478e+01
  2.1040e+02     3.549946e+01
  2.1060e+02     3.559466e+01
  2.1080e+02     3.569038e+01
  2.1100e+02     3.578663e+01
  2.1120e+02     3.588339e+01
  2.1140e+02     3.598068e+01
  2.1160e+02     3.607851e+01
  2.1180e+02     3.617686e+01
  2.1200e+02     3.627575e+01
  2.1220e+02     3.637517e+01
  2.1240e+02     3.647514e+01
  2.1260e+02     3.657564e+01
  2.1280e+02     3.667669e+01
  2.1300e+02     3.677829e+01
  2.1320e+02     3.688044e+01
  2.1340e+02     3.698314e+01
  2.1360e+02     3.708639e+01
  2.1380e+02     3.719021e+01
  2.1400e+02     3.729458e+01
  2.1420e+02     3.739952e+01
  2.1440e+02     3.750502e+01
  2.1460e+02     3.761109e+01
  2.1480e+02     3.771773e+01
  2.1500e+02     3.782495e+01
  2.1520e+02     3.793274e+01
  2.1540e+02     3.804111e+01
  2.1560e+02     3.815007e+01
  2.1580e+02     3.825961e+01
  2.1600e+02     3.836974e+01
  2.1620e+02     3.848046e+01
  2.1640e+02     3.859178e+01
  2.1660e+02     3.870369e+01
  2.1680e+02     3.881620e+01
  2.1700e+02     3.892931e+01
  2.1720e+02     3.904303e+01
  2.1740e+02     3.915736e+01
  2.1760e+02     3.927230e+01
  2.1780e+02     3.938786e+01
  2.1800e+02     3.950403e+01
  2.1820e+02     3.962083e+01
  2.1840e+02     3.973824e+01
  2.1860e+02     3.985629e+01
  2.1880e+02     3.997496e+01
  2.1900e+02     4.009427e+01
  2.1920e+02     4.021422e+01
  2.1940e+02     4.033480e+01
  2.1960e+02     4.045603e+01
  2.1980e+02     4.057790e+01
  2.2000e+02     4.070042e+01
  2.2020e+02     4.082359e+01
  2.2040e+02     4.094742e+01
  2.2060e+02     4.107191e+01
  2.2080e+02     4.119706e+01
  2.2100e+02     4.132288e+01
  2.2120e+02     4.144936e+01
  2.2140e+02     4.157652e+01
  2.2160e+02     4.170435e+01
  2.2180e+02     4.183286e+01
  2.2200e+02     4.196205e+01
  2.2220e+02     4.209193e+01
  2.2240e+02     4.222249e+01
  2.2260e+02     4.235375e+01
  2.2280e+02     4.248571e+01
  2.2300e+02     4.261836e+01
  2.2320e+02     4.275172e+01
  2.2340e+02     4.288578e+01
  2.2360e+02     4.302055e+01
  2.2380e+02     4.315604e+01
  2.2400e+02     4.329224e+01
  2.2420e+02     4.342917e+01
  2.2440e+02     4.356682e+01
  2.2460e+02     4.370519e+01
  2.2480e+02     4.384430e+01
  2.2500e+02     4.398415e+01
  2.2520e+02     4.412473e+01
  2.2540e+02     4.426606e+01
  2.2560e+02     4.440813e+01
  2.2580e+02     4.455095e+01
  2.2600e+02     4.469453e+01
  2.2620e+02     4.483886e+01
  2.2640e+02     4.498396e+01
  2.2660e+02     4.512982e+01
  2.2680e+02     4.527645e+01
  2.2700e+02     4.542385e+01
  2.2720e+02     4.557204e+01
  2.2740e+02     4.572100e+01
  2.2760e+02     4.587075e+01
  2.2780e+02     4.602128e+01
  2.2800e+02     4.617262e+01
  2.2820e+02     4.632474e+01
  2.2840e+02     4.647767e+01
  2.2860e+02     4.663141e+01
  2.2880e+02     4.678595e+01
  2.2900e+02     4.694131e+01
  2.2920e+02     4.709748e+01
  2.2940e+02     4.725448e+01
  2.2960e+02     4.741230e+01
  2.2980e+02     4.757096e+01
  2.3000e+02     4.773044e+01
  2.3020e+02     4.789077e+01
  2.3040e+02     4.805194e+01
  2.3060e+02     4.821396e+01
  2.3080e+02     4.837682e+01
  2.3100e+02     4.854055e+01
  2.3120e+02     4.870513e+01
  2.3140e+02     4.887058e+01
  2.3160e+02     4.903690e+01
  2.3180e+02     4.920409e+01
  2.3200e+02     4.937216e+01
  2.3220e+02     4.954112e+01
  2.3240e+02     4.971096e+01
  2.3260e+02     4.988169e+01
  2.3280e+02     5.005331e+01
  2.3300e+02     5.022584e+01
  2.3320e+02     5.039927e+01
  2.3340e+02     5.057362e+01
  2.3360e+02     5.074888e+01
  2.3380e+02     5.092505e+01
  2.3400e+02     5.110215e+01
  2.3420e+02     5.128018e+01
  2.3440e+02     5.145915e+01
  2.3460e+02     5.163905e+01
  2.3480e+02     5.181989e+01
  2.3500e+02     5.200169e+01
  2.3520e+02     5.218443e+01
  2.3540e+02     5.236813e+01
  2.3560e+02     5.255280e+01
  2.3580e+02     5.273843e+01
  2.3600e+02     5.292504e+01
  2.3620e+02     5.311262e+01
  2.3640e+02     5.330119e+01
  2.3660e+02     5.349074e+01
  2.3680e+02     5.368128e+01
  2.3700e+02     5.387283e+01
  2.3720e+02     5.406537e+01
  2.3740e+02     5.425892e+01
  2.3760e+02     5.445349e+01
  2.3780e+02     5.464908e+01
  2.3800e+02     5.484568e+01
  2.3820e+02     5.504332e+01
  2.3840e+02     5.524199e+01
  2.3860e+02     5.544170e+01
  2.3880e+02     5.564245e+01
  2.3900e+02     5.584426e+01
  2.3920e+02     5.604712e+01
  2.3940e+02     5.625104e+01
  2.3960e+02     5.645602e+01
  2.3980e+02     5.666208e+01
  2.4000e+02     5.686922e+01
  2.4020e+02     5.707743e+01
  2.4040e+02     5.728674e+01
  2.4060e+02     5.749714e+01
  2.4080e+02     5.770864e+01
  2.4100e+02     5.792124e+01
  2.4120e+02     5.813495e+01
  2.4140e+02     5.834978e+01
  2.4160e+02     5.856574e+01
  2.4180e+02     5.878282e+01
  2.4200e+02     5.900103e+01
  2.4220e+02     5.922038e+01
  2.4240e+02     5.944088e+01
  2.4260e+02     5.966253e+01
  2.4280e+02     5.988534e+01
  2.4300e+02     6.010930e+01
  2.4320e+02     6.033444e+01
  2.4340e+02     6.056075e+01
  2.4360e+02     6.078825e+01
  2.4380e+02     6.101693e+01
  2.4400e+02     6.124680e+01
  2.4420e+02     6.147787e+01
  2.4440e+02     6.171014e+01
  2.4460e+02     6.194363e+01
  2.4480e+02     6.217833e+01
  2.4500e+02     6.241426e+01
  2.4520e+02     6.265142e+01
  2.4540e+02     6.288981e+01
  2.4560e+02     6.312945e+01
  2.4580e+02     6.337033e+01
  2.4600e+02     6.361247e+01
  2.4620e+02     6.385587e+01
  2.4640e+02     6.410054e+01
  2.4660e+02     6.434648e+01
  2.4680e+02     6.459370e+01
  2.4700e+02     6.484221e+01
  2.4720e+02     6.509201e+01
  2.4740e+02     6.534312e+01
  2.4760e+02     6.559553e+01
  2.4780e+02     6.584925e+01
  2.4800e+02     6.610430e+01
  2.4820e+02     6.636067e+01
  2.4840e+02     6.661837e+01
  2.4860e+02     6.687741e+01
  2.4880e+02     6.713780e+01
  2.4900e+02     6.739955e+01
  2.4920e+02     6.766265e+01
  2.4940e+02     6.792713e+01
  2.4960e+02     6.819298e+01
  2.4980e+02     6.846020e+01
  2.5000e+02     6.872882e+01
  2.5020e+02     6.899883e+01
  2.5040e+02     6.927025e+01
  2.5060e+02     6.954307e+01
  2.5080e+02     6.981731e+01
  2.5100e+02     7.009297e+01
  2.5120e+02     7.037007e+01
  2.5140e+02     7.064860e+01
  2.5160e+02     7.092858e+01
  2.5180e+02     7.121001e+01
  2.5200e+02     7.149290e+01
  2.5220e+02     7.177725e+01
  2.5240e+02     7.206308e+01
  2.5260e+02     7.235039e+01
  2.5280e+02     7.263919e+01
  2.5300e+02     7.292949e+01
  2.5320e+02     7.322129e+01
  2.5340e+02     7.351460e+01
  2.5360e+02     7.380943e+01
  2.5380e+02     7.410579e+01
  2.5400e+02     7.440368e+01
  2.5420e+02     7.470312e+01
  2.5440e+02     7.500410e+01
  2.5460e+02     7.530664e+01
  2.5480e+02     7.561074e+01
  2.5500e+02     7.591642e+01
  2.5520e+02     7.622367e+01
  2.5540e+02     7.653252e+01
  2.5560e+02     7.684296e+01
  2.5580e+02     7.715500e+01
  2.5600e+02     7.746866e+01
  2.5620e+02     7.778393e+01
  2.5640e+02     7.810083e+01
  2.5660e+02     7.841937e+01
  2.5680e+02     7.873955e+01
  2.5700e+02     7.906139e+01
  2.5720e+02     7.938488e+01
  2.5740e+02     7.971004e+01
  2.5760e+02     8.003687e+01
  2.5780e+02     8.036539e+01
  2.5800e+02     8.069561e+01
  2.5820e+02     8.102752e+01
  2.5840e+02     8.136114e+01
  2.5860e+02     8.169648e+01
  2.5880e+02     8.203354e+01
  2.5900e+02     8.237234e+01
  2.5920e+02     8.271288e+01
  2.5940e+02     8.305517e+01
  2.5960e+02     8.339922e+01
  2.5980e+02     8.374504e+01
  2.6000e+02     8.409264e+01
  2.6020e+02     8.444202e+01
  2.6040e+02     8.479319e+01
  2.6060e+02     8.514616e+01
  2.6080e+02     8.550095e+01
  2.6100e+02     8.585755e+01
  2.6120e+02     8.621598e+01
  2.6140e+02     8.657625e+01
  2.6160e+02     8.693836e+01
  2.6180e+02     8.730233e+01
  2.6200e+02     8.766816e+01
  2.6220e+02     8.803586e+01
  2.6240e+02     8.840545e+01
  2.6260e+02     8.877692e+01
  2.6280e+02     8.915029e+01
  2.6300e+02     8.952557e+01
  2.6320e+02     8.990277e+01
  2.6340e+02     9.028189e+01
  2.6360e+02     9.066294e+01
  2.6380e+02     9.104594e+01
  2.6400e+02     9.143090e+01
  2.6420e+02     9.181781e+01
  2.6440e+02     9.220670e+01
  2.6460e+02     9.259756e+01
  2.6480e+02     9.299042e+01
  2.6500e+02     9.338527e+01
  2.6520e+02     9.378213e+01
  2.6540e+02     9.418101e+01
  2.6560e+02     9.458192e+01
  2.6580e+02     9.498486e+01
  2.6600e+02     9.538985e+01
  2.6620e+02     9.579690e+01
  2.6640e+02     9.620600e+01
  2.6660e+02     9.661719e+01
  2.6680e+02     9.703045e+01
  2.6700e+02     9.744581e+01
  2.6720e+02     9.786327e+01
  2.6740e+02     9.828284e+01
  2.6760e+02     9.870453e+01
  2.6780e+02     9.912836e+01
  2.6800e+02     9.955433e+01
  2.6820e+02     9.998244e+01
  2.6840e+02     1.004127e+02
  2.6860e+02     1.008451e+02
  2.6880e+02     1.012797e+02
  2.6900e+02     1.017166e+02
  2.6920e+02     1.021556e+02
  2.6940e+02     1.025968e+02
  2.6960e+02     1.030402e+02
  2.6980e+02     1.034859e+02
  2.7000e+02     1.039338e+02
  2.7020e+02     1.043840e+02
  2.7040e+02     1.048364e+02
  2.7060e+02     1.052911e+02
  2.7080e+02     1.057480e+02
  2.7100e+02     1.062073e+02
  2.7120e+02     1.066688e+02
  2.7140e+02     1.071327e+02
  2.7160e+02     1.075989e+02
  2.7180e+02     1.080674e+02
  2.7200e+02     1.085382e+02
  2.7220e+02     1.090114e+02
  2.7240e+02     1.094870e+02
  2.7260e+02     1.099649e+02
  2.7280e+02     1.104452e+02
  2.7300e+02     1.109279e+02
  2.7320e+02     1.114129e+02
  2.7340e+02     1.119004e+02
  2.7360e+02     1.123903e+02
  2.7380e+02     1.128827e+02
  2.7400e+02     1.133775e+02
  2.7420e+02     1.138747e+02
  2.7440e+02     1.143744e+02
  2.7460e+02     1.148766e+02
  2.7480e+02     1.153812e+02
  2.7500e+02     1.158883e+02
  2.7520e+02     1.163980e+02
  2.7540e+02     1.169101e+02
  2.7560e+02     1.174248e+02
  2.7580e+02     1.179420e+02
  2.7600e+02     1.184617e+02
  2.7620e+02     1.189840e+02
  2.7640e+02     1.195089e+02
  2.7660e+02     1.200363e+02
  2.7680e+02     1.205664e+02
  2.7700e+02     1.210990e+02
  2.7720e+02     1.216342e+02
  2.7740e+02     1.221720e+02
  2.7760e+02     1.227125e+02
  2.7780e+02     1.232556e+02
  2.7800e+02     1.238013e+02
  2.7820e+02     1.243497e+02
  2.7840e+02     1.249008e+02
  2.7860e+02     1.254545e+02
  2.7880e+02     1.260110e+02
  2.7900e+02     1.265701e+02
  2.7920e+02     1.271319e+02
  2.7940e+02     1.276965e+02
  2.7960e+02     1.282638e+02
  2.7980e+02     1.288338e+02
  2.8000e+02     1.294066e+02
  2.8020e+02     1.299821e+02
  2.8040e+02     1.305604e+02
  2.8060e+02     1.311415e+02
  2.8080e+02     1.317254e+02
  2.8100e+02     1.323121e+02
  2.8120e+02     1.329016e+02
  2.8140e+02     1.334939e+02
  2.8160e+02     1.340890e+02
  2.8180e+02     1.346870e+02
  2.8200e+02     1.352879e+02
  2.8220e+02     1.358916e+02
  2.8240e+02     1.364982e+02
  2.8260e+02     1.371077e+02
  2.8280e+02     1.377200e+02
  2.8300e+02     1.383353e+02
  2.8320e+02     1.389535e+02
  2.8340e+02     1.395746e+02
  2.8360e+02     1.401986e+02
  2.8380e+02     1.408256e+02
  2.8400e+02     1.414556e+02
  2.8420e+02     1.420885e+02
  2.8440e+02     1.427244e+02
  2.8460e+02     1.433632e+02
  2.8480e+02     1.440051e+02
  2.8500e+02     1.446500e+02
  2.8520e+02     1.452979e+02
  2.8540e+02     1.459488e+02
  2.8560e+02     1.466027e+02
  2.8580e+02     1.472597e+02
  2.8600e+02     1.479198e+02
  2.8620e+02     1.485829e+02
  2.8640e+02     1.492491e+02
  2.8660e+02     1.499184e+02
  2.8680e+02     1.505907e+02
  2.8700e+02     1.512662e+02
  2.8720e+02     1.519448e+02
  2.8740e+02     1.526265e+02
  2.8760e+02     1.533113e+02
  2.8780e+02     1.539993e+02
  2.8800e+02     1.546904e+02
  2.8820e+02     1.553847e+02
  2.8840e+02     1.560822e+02
  2.8860e+02     1.567829e+02
  2.8880e+02     1.574867e+02
  2.8900e+02     1.581937e+02
  2.8920e+02     1.589040e+02
  2.8940e+02     1.596174e+02
  2.8960e+02     1.603341e+02
  2.8980e+02     1.610540e+02
  2.9000e+02     1.617772e+02
  2.9020e+02     1.625036e+02
  2.9040e+02     1.632332e+02
  2.9060e+02     1.639662e+02
  2.9080e+02     1.647024e+02
  2.9100e+02     1.654419e+02
  2.9120e+02     1.661847e+02
  2.9140e+02     1.669308e+02
  2.9160e+02     1.676802e+02
  2.9180e+02     1.684329e+02
  2.9200e+02     1.691890e+02
  2.9220e+02     1.699484e+02
  2.9240e+02     1.707111e+02
  2.9260e+02     1.714772e+02
  2.9280e+02     1.722467e+02
  2.9300e+02     1.730195e+02
  2.9320e+02     1.737957e+02
  2.9340e+02     1.745753e+02
  2.9360e+02     1.753583e+02
  2.9380e+02     1.761447e+02
  2.9400e+02     1.769344e+02
  2.9420e+02     1.777276e+02
  2.9440e+02     1.785243e+02
  2.9460e+02     1.793243e+02
  2.9480e+02     1.801278e+02
  2.9500e+02     1.809347e+02
  2.9520e+02     1.817451e+02
  2.9540e+02     1.825589e+02
  2.9560e+02     1.833762e+02
  2.9580e+02     1.841970e+02
  2.9600e+02     1.850212e+02
  2.9620e+02     1.858490e+02
  2.9640e+02     1.866802e+02
  2.9660e+02     1.875149e+02
  2.9680e+02     1.883531e+02
  2.9700e+02     1.891948e+02
  2.9720e+02     1.900400e+02
  2.9740e+02     1.908888e+02
  2.9760e+02     1.917410e+02
  2.9780e+02     1.925968e+02
  2.9800e+02     1.934562e+02
  2.9820e+02     1.943190e+02
  2.9840e+02     1.951854e+02
  2.9860e+02     1.960554e+02
  2.9880e+02     1.969289e+02
  2.9900e+02     1.978060e+02
  2.9920e+02     1.986866e+02
  2.9940e+02     1.995708e+02
  2.9960e+02     2.004586e+02
  2.9980e+02     2.013499e+02
  3.0000e+02     2.022449e+02
  3.0020e+02     2.031434e+02
  3.0040e+02     2.040455e+02
  3.0060e+02     2.049511e+02
  3.0080e+02     2.058604e+02
  3.0100e+02     2.067733e+02
  3.0120e+02     2.076898e+02
  3.0140e+02     2.086098e+02
  3.0160e+02     2.095335e+02
  3.0180e+02     2.104608e+02
  3.0200e+02     2.113917e+02
  3.0220e+02     2.123262e+02
  3.0240e+02     2.132643e+02
  3.0260e+02     2.142060e+02
  3.0280e+02     2.151513e+02
  3.0300e+02     2.161003e+02
  3.0320e+02     2.170529e+02
  3.0340e+02     2.180091e+02
  3.0360e+02     2.189689e+02
  3.0380e+02     2.199323e+02
  3.0400e+02     2.208994e+02
  3.0420e+02     2.218701e+02
  3.0440e+02     2.228443e+02
  3.0460e+02     2.238223e+02
  3.0480e+02     2.248038e+02
  3.0500e+02     2.257890e+02
  3.0520e+02     2.267777e+02
  3.0540e+02     2.277701e+02
  3.0560e+02     2.287661e+02
  3.0580e+02     2.297658e+02
  3.0600e+02     2.307690e+02
  3.0620e+02     2.317758e+02
  3.0640e+02     2.327863e+02
  3.0660e+02     2.338003e+02
  3.0680e+02     2.348180e+02
  3.0700e+02     2.358393e+02
  3.0720e+02     2.368641e+02
  3.0740e+02     2.378926e+02
  3.0760e+02     2.389246e+02
  3.0780e+02     2.399602e+02
  3.0800e+02     2.409995e+02
  3.0820e+02     2.420422e+02
  3.0840e+02     2.430886e+02
  3.0860e+02     2.441385e+02
  3.0880e+02     2.451920e+02
  3.0900e+02     2.462491e+02
  3.0920e+02     2.473097e+02
  3.0940e+02     2.483738e+02
  3.0960e+02     2.494415e+02
  3.0980e+02     2.505127e+02
  3.1000e+02     2.515875e+02
  3.1020e+02     2.526657e+02
  3.1040e+02     2.537475e+02
  3.1060e+02     2.548328e+02
  3.1080e+02     2.559216e+02
  3.1100e+02     2.570138e+02
  3.1120e+02     2.581096e+02
  3.1140e+02     2.592088e+02
  3.1160e+02     2.603114e+02
  3.1180e+02     2.614176e+02
  3.1200e+02     2.625271e+02
  3.1220e+02     2.636401e+02
  3.1240e+02     2.647565e+02
  3.1260e+02     2.658764e+02
  3.1280e+02     2.669996e+02
  3.1300e+02     2.681262e+02
  3.1320e+02     2.692562e+02
  3.1340e+02     2.703895e+02
  3.1360e+02     2.715262e+02
  3.1380e+02     2.726663e+02
  3.1400e+02     2.738097e+02
  3.1420e+02     2.749563e+02
  3.1440e+02     2.761063e+02
  3.1460e+02     2.772596e+02
  3.1480e+02     2.784161e+02
  3.1500e+02     2.795759e+02
  3.1520e+02     2.807389e+02
  3.1540e+02     2.819052e+02
  3.1560e+02     2.830747e+02
  3.1580e+02     2.842473e+02
  3.1600e+02     2.854232e+02
  3.1620e+02     2.866022e+02
  3.1640e+02     2.877843e+02
  3.1660e+02     2.889696e+02
  3.1680e+02     2.901579e+02
  3.1700e+02     2.913494e+02
  3.1720e+02     2.925439e+02
  3.1740e+02     2.937415e+02
  3.1760e+02     2.949421e+02
  3.1780e+02     2.961457e+02
  3.1800e+02     2.973523e+02
  3.1820e+02     2.985619e+02
  3.1840e+02     2.997745e+02
  3.1860e+02     3.009899e+02
  3.1880e+02     3.022083e+02
  3.1900e+02     3.034295e+02
  3.1920e+02     3.046536e+02
  3.1940e+02     3.058806e+02
  3.1960e+02     3.071103e+02
  3.1980e+02     3.083428e+02
  3.2000e+02     3.095782e+02
  3.2020e+02     3.108162e+02
  3.2040e+02     3.120570e+02
  3.2060e+02     3.133004e+02
  3.2080e+02     3.145465e+02
  3.2100e+02     3.157953e+02
  3.2120e+02     3.170466e+02
  3.2140e+02     3.183006e+02
  3.2160e+02     3.195571e+02
  3.2180e+02     3.208161e+02
  3.2200e+02     3.220776e+02
  3.2220e+02     3.233416e+02
  3.2240e+02     3.246080e+02
  3.2260e+02     3.258768e+02
  3.2280e+02     3.271480e+02
  3.2300e+02     3.284216e+02
  3.2320e+02     3.296975e+02
  3.2340e+02     3.309756e+02
  3.2360e+02     3.322560e+02
  3.2380e+02     3.335386e+02
  3.2400e+02     3.348235e+02
  3.2420e+02     3.361104e+02
  3.2440e+02     3.373995e+02
  3.2460e+02     3.386907e+02
  3.2480e+02     3.399839e+02
  3.2500e+02     3.412791e+02
  3.2520e+02     3.425763e+02
  3.2540e+02     3.438754e+02
  3.2560e+02     3.451764e+02
  3.2580e+02     3.464794e+02
  3.2600e+02     3.477841e+02
  3.2620e+02     3.490906e+02
  3.2640e+02     3.503989e+02
  3.2660e+02     3.517088e+02
  3.2680e+02     3.530205e+02
  3.2700e+02     3.543338e+02
  3.2720e+02     3.556487e+02
  3.2740e+02     3.569651e+02
  3.2760e+02     3.582830e+02
  3.2780e+02     3.596024e+02
  3.2800e+02     3.609232e+02
  3.2820e+02     3.622454e+02
  3.2840e+02     3.635689e+02
  3.2860e+02     3.648937e+02
  3.2880e+02     3.662198e+02
  3.2900e+02     3.675471e+02
  3.2920e+02     3.688755e+02
  3.2940e+02     3.702050e+02
  3.2960e+02     3.715356e+02
  3.2980e+02     3.728672e+02
  3.3000e+02     3.741998e+02
  3.3020e+02     3.755333e+02
  3.3040e+02     3.768677e+02
  3.3060e+02     3.782029e+02
  3.3080e+02     3.795388e+02
  3.3100e+02     3.808755e+02
  3.3120e+02     3.822129e+02
  3.3140e+02     3.835509e+02
  3.3160e+02     3.848894e+02
  3.3180e+02     3.862285e+02
  3.3200e+02     3.875681e+02
  3.3220e+02     3.889080e+02
  3.3240e+02     3.902483e+02
  3.3260e+02     3.915890e+02
  3.3280e+02     3.929298e+02
  3.3300e+02     3.942709e+02
  3.3320e+02     3.956121e+02
  3.3340e+02     3.969534e+02
  3.3360e+02     3.982948e+02
  3.3380e+02     3.996361e+02
  3.3400e+02     4.009773e+02
  3.3420e+02     4.023184e+02
  3.3440e+02     4.036593e+02
  3.3460e+02     4.049999e+02
  3.3480e+02     4.063403e+02
  3.3500e+02     4.076802e+02
  3.3520e+02     4.090197e+02
  3.3540e+02     4.103587e+02
  3.3560e+02     4.116972e+02
  3.3580e+02     4.130350e+02
  3.3600e+02     4.143722e+02
  3.3620e+02     4.157086e+02
  3.3640e+02     4.170443e+02
  3.3660e+02     4.183790e+02
  3.3680e+02     4.197128e+02
  3.3700e+02     4.210457e+02
  3.3720e+02     4.223775e+02
  3.3740e+02     4.237081e+02
  3.3760e+02     4.250376e+02
  3.3780e+02     4.263658e+02
  3.3800e+02     4.276927e+02
  3.3820e+02     4.290182e+02
  3.3840e+02     4.303423e+02
  3.3860e+02     4.316649e+02
  3.3880e+02     4.329858e+02
  3.3900e+02     4.343052e+02
  3.3920e+02     4.356228e+02
  3.3940e+02     4.369386e+02
  3.3960e+02     4.382525e+02
  3.3980e+02     4.395645e+02
  3.4000e+02     4.408746e+02
  3.4020e+02     4.421825e+02
  3.4040e+02     4.434884e+02
  3.4060e+02     4.447920e+02
  3.4080e+02     4.460933e+02
  3.4100e+02     4.473923e+02
  3.4120e+02     4.486889e+02
  3.4140e+02     4.499830e+02
  3.4160e+02     4.512745e+02
  3.4180e+02     4.525634e+02
  3.4200e+02     4.538496e+02
  3.4220e+02     4.551329e+02
  3.4240e+02     4.564135e+02
  3.4260e+02     4.576911e+02
  3.4280e+02     4.589657e+02
  3.4300e+02     4.602372e+02
  3.4320e+02     4.615055e+02
  3.4340e+02     4.627707e+02
  3.4360e+02     4.640325e+02
  3.4380e+02     4.652910e+02
  3.4400e+02     4.665460e+02
  3.4420e+02     4.677974e+02
  3.4440e+02     4.690453e+02
  3.4460e+02     4.702895e+02
  3.4480e+02     4.715299e+02
  3.4500e+02     4.727665e+02
  3.4520e+02     4.739992e+02
  3.4540e+02     4.752278e+02
  3.4560e+02     4.764525e+02
  3.4580e+02     4.776730e+02
  3.4600e+02     4.788892e+02
  3.4620e+02     4.801012e+02
  3.4640e+02     4.813088e+02
  3.4660e+02     4.825119e+02
  3.4680e+02     4.837105e+02
  3.4700e+02     4.849045e+02
  3.4720e+02     4.860938e+02
  3.4740e+02     4.872784e+02
  3.4760e+02     4.884581e+02
  3.4780e+02     4.896328e+02
  3.4800e+02     4.908026e+02
  3.4820e+02     4.919673e+02
  3.4840e+02     4.931269e+02
  3.4860e+02     4.942812e+02
  3.4880e+02     4.954302e+02
  3.4900e+02     4.965738e+02
  3.4920e+02     4.977119e+02
  3.4940e+02     4.988445e+02
  3.4960e+02     4.999714e+02
  3.4980e+02     5.010927e+02
  3.5000e+02     5.022082e+02
  3.5020e+02     5.033177e+02
  3.5040e+02     5.044214e+02
  3.5060e+02     5.055190e+02
  3.5080e+02     5.066106e+02
  3.5100e+02     5.076959e+02
  3.5120e+02     5.087750e+02
  3.5140e+02     5.098478e+02
  3.5160e+02     5.109142e+02
  3.5180e+02     5.119740e+02
  3.5200e+02     5.130273e+02
  3.5220e+02     5.140740e+02
  3.5240e+02     5.151139e+02
  3.5260e+02     5.161471e+02
  3.5280e+02     5.171733e+02
  3.5300e+02     5.181927e+02
  3.5320e+02     5.192049e+02
  3.5340e+02     5.202101e+02
  3.5360e+02     5.212081e+02
  3.5380e+02     5.221989e+02
  3.5400e+02     5.231823e+02
  3.5420e+02     5.241583e+02
  3.5440e+02     5.251269e+02
  3.5460e+02     5.260878e+02
  3.5480e+02     5.270412e+02
  3.5500e+02     5.279868e+02
  3.5520e+02     5.289247e+02
  3.5540e+02     5.298547e+02
  3.5560e+02     5.307768e+02
  3.5580e+02     5.316909e+02
  3.5600e+02     5.325969e+02
  3.5620e+02     5.334948e+02
  3.5640e+02     5.343845e+02
  3.5660e+02     5.352659e+02
  3.5680e+02     5.361389e+02
  3.5700e+02     5.370036e+02
  3.5720e+02     5.378597e+02
  3.5740e+02     5.387072e+02
  3.5760e+02     5.395462e+02
  3.5780e+02     5.403764e+02
  3.5800e+02     5.411979e+02
  3.5820e+02     5.420105e+02
  3.5840e+02     5.428142e+02
  3.5860e+02     5.436090e+02
  3.5880e+02     5.443947e+02
  3.5900e+02     5.451714e+02
  3.5920e+02     5.459388e+02
  3.5940e+02     5.466971e+02
  3.5960e+02     5.474460e+02
  3.5980e+02     5.481856e+02
