# Epidemic | 7 days incidence [ x-unit: days | y-unit: per 100000 ]
  0.0000e+00     3.618006e+02
  2.0000e-01     3.595227e+02
  4.0000e-01     3.572553e+02
  6.0000e-01     3.549983e+02
  8.0000e-01     3.527518e+02
  1.0000e+00     3.505158e+02
  1.2000e+00     3.482904e+02
  1.4000e+00     3.460756e+02
  1.6000e+00     3.438713e+02
  1.8000e+00     3.416777e+02
  2.0000e+00     3.394948e+02
  2.2000e+00     3.373225e+02
  2.4000e+00     3.351610e+02
  2.6000e+00     3.330102e+02
  2.8000e+00     3.308701e+02
  3.0000e+00     3.287408e+02
  3.2000e+00     3.266222e+02
  3.4000e+00     3.245145e+02
  3.6000e+00     3.224175e+02
  3.8000e+00     3.203313e+02
  4.0000e+00     3.182560e+02
  4.2000e+00     3.161915e+02
  4.4000e+00     3.141378e+02
  4.6000e+00     3.120950e+02
  4.8000e+00     3.100630e+02
  5.0000e+00     3.080418e+02
  5.2000e+00     3.060315e+02
  5.4000e+00     3.040321e+02
  5.6000e+00     3.020434e+02
  5.8000e+00     3.000657e+02
  6.0000e+00     2.980987e+02
  6.2000e+00     2.961426e+02
  6.4000e+00     2.941974e+02
  6.6000e+00     2.922629e+02
  6.8000e+00     2.903393e+02
  7.0000e+00     2.884264e+02
  7.2000e+00     2.869782e+02
  7.4000e+00     2.855860e+02
  7.6000e+00     2.841992e+02
  7.8000e+00     2.828178e+02
  8.0000e+00     2.814417e+02
  8.2000e+00     2.800710e+02
  8.4000e+00     2.787056e+02
  8.6000e+00     2.773456e+02
  8.8000e+00     2.759908e+02
  9.0000e+00     2.746413e+02
  9.2000e+00     2.732972e+02
  9.4000e+00     2.719582e+02
  9.6000e+00     2.706246e+02
  9.8000e+00     2.692962e+02
  1.0000e+01     2.679730e+02
  1.0200e+01     2.666551e+02
  1.0400e+01     2.653424e+02
  1.0600e+01     2.640349e+02
  1.0800e+01     2.627326e+02
  1.1000e+01     2.614354e+02
  1.1200e+01     2.601435e+02
  1.1400e+01     2.588567e+02
  1.1600e+01     2.575751e+02
  1.1800e+01     2.562986e+02
  1.2000e+01     2.550273e+02
  1.2200e+01     2.537611e+02
  1.2400e+01     2.525000e+02
  1.2600e+01     2.512440e+02
  1.2800e+01     2.499931e+02
  1.3000e+01     2.487473e+02
  1.3200e+01     2.475066e+02
  1.3400e+01     2.462710e+02
  1.3600e+01     2.450404e+02
  1.3800e+01     2.438149e+02
  1.4000e+01     2.425944e+02
  1.4200e+01     2.413790e+02
  1.4400e+01     2.401686e+02
  1.4600e+01     2.389632e+02
  1.4800e+01     2.377628e+02
  1.5000e+01     2.365675e+02
  1.5200e+01     2.353771e+02
  1.5400e+01     2.341917e+02
  1.5600e+01     2.330113e+02
  1.5800e+01     2.318358e+02
  1.6000e+01     2.306654e+02
  1.6200e+01     2.294998e+02
  1.6400e+01     2.283392e+02
  1.6600e+01     2.271836e+02
  1.6800e+01     2.260328e+02
  1.7000e+01     2.248870e+02
  1.7200e+01     2.237461e+02
  1.7400e+01     2.226101e+02
  1.7600e+01     2.214790e+02
  1.7800e+01     2.203528e+02
  1.8000e+01     2.192314e+02
  1.8200e+01     2.181149e+02
  1.8400e+01     2.170032e+02
  1.8600e+01     2.158964e+02
  1.8800e+01     2.147945e+02
  1.9000e+01     2.136973e+02
  1.9200e+01     2.126050e+02
  1.9400e+01     2.115175e+02
  1.9600e+01     2.104348e+02
  1.9800e+01     2.093569e+02
  2.0000e+01     2.082838e+02
  2.0200e+01     2.072154e+02
  2.0400e+01     2.061518e+02
  2.0600e+01     2.050930e+02
  2.0800e+01     2.040389e+02
  2.1000e+01     2.029896e+02
  2.1200e+01     2.016499e+02
  2.1400e+01     2.002864e+02
  2.1600e+01     1.989320e+02
  2.1800e+01     1.975867e+02
  2.2000e+01     1.962503e+02
  2.2200e+01     1.949230e+02
  2.2400e+01     1.936046e+02
  2.2600e+01     1.922950e+02
  2.2800e+01     1.909943e+02
  2.3000e+01     1.897024e+02
  2.3200e+01     1.884193e+02
  2.3400e+01     1.871449e+02
  2.3600e+01     1.858791e+02
  2.3800e+01     1.846220e+02
  2.4000e+01     1.833735e+02
  2.4200e+01     1.821335e+02
  2.4400e+01     1.809020e+02
  2.4600e+01     1.796789e+02
  2.4800e+01     1.784643e+02
  2.5000e+01     1.772580e+02
  2.5200e+01     1.760600e+02
  2.5400e+01     1.748703e+02
  2.5600e+01     1.736888e+02
  2.5800e+01     1.725155e+02
  2.6000e+01     1.713503e+02
  2.6200e+01     1.701933e+02
  2.6400e+01     1.690442e+02
  2.6600e+01     1.679032e+02
  2.6800e+01     1.667701e+02
  2.7000e+01     1.656450e+02
  2.7200e+01     1.645277e+02
  2.7400e+01     1.634182e+02
  2.7600e+01     1.623165e+02
  2.7800e+01     1.612225e+02
  2.8000e+01     1.601363e+02
  2.8200e+01     1.590576e+02
  2.8400e+01     1.579866e+02
  2.8600e+01     1.569231e+02
  2.8800e+01     1.558671e+02
  2.9000e+01     1.548186e+02
  2.9200e+01     1.537775e+02
  2.9400e+01     1.527437e+02
  2.9600e+01     1.517173e+02
  2.9800e+01     1.506982e+02
  3.0000e+01     1.496863e+02
  3.0200e+01     1.486817e+02
  3.0400e+01     1.476841e+02
  3.0600e+01     1.466937e+02
  3.0800e+01     1.457103e+02
  3.1000e+01     1.447340e+02
  3.1200e+01     1.437646e+02
  3.1400e+01     1.428022e+02
  3.1600e+01     1.418466e+02
  3.1800e+01     1.408979e+02
  3.2000e+01     1.399560e+02
  3.2200e+01     1.390209e+02
  3.2400e+01     1.380924e+02
  3.2600e+01     1.371707e+02
  3.2800e+01     1.362556e+02
  3.3000e+01     1.353470e+02
  3.3200e+01     1.344450e+02
  3.3400e+01     1.335495e+02
  3.3600e+01     1.326605e+02
  3.3800e+01     1.317778e+02
  3.4000e+01     1.309016e+02
  3.4200e+01     1.300317e+02
  3.4400e+01     1.291680e+02
  3.4600e+01     1.283107e+02
  3.4800e+01     1.274595e+02
  3.5000e+01     1.266145e+02
  3.5200e+01     1.257756e+02
  3.5400e+01     1.249428e+02
  3.5600e+01     1.241160e+02
  3.5800e+01     1.232953e+02
  3.6000e+01     1.224805e+02
  3.6200e+01     1.216716e+02
  3.6400e+01     1.208686e+02
  3.6600e+01     1.200715e+02
  3.6800e+01     1.192801e+02
  3.7000e+01     1.184946e+02
  3.7200e+01     1.177147e+02
  3.7400e+01     1.169405e+02
  3.7600e+01     1.161720e+02
  3.7800e+01     1.154091e+02
  3.8000e+01     1.146517e+02
  3.8200e+01     1.138999e+02
  3.8400e+01     1.131535e+02
  3.8600e+01     1.124126e+02
  3.8800e+01     1.116772e+02
  3.9000e+01     1.109471e+02
  3.9200e+01     1.102223e+02
  3.9400e+01     1.095028e+02
  3.9600e+01     1.087886e+02
  3.9800e+01     1.080797e+02
  4.0000e+01     1.073759e+02
  4.0200e+01     1.066773e+02
  4.0400e+01     1.059837e+02
  4.0600e+01     1.052953e+02
  4.0800e+01     1.046119e+02
  4.1000e+01     1.039335e+02
  4.1200e+01     1.032601e+02
  4.1400e+01     1.025917e+02
  4.1600e+01     1.019281e+02
  4.1800e+01     1.012694e+02
  4.2000e+01     1.006155e+02
  4.2200e+01     9.996647e+01
  4.2400e+01     9.932215e+01
  4.2600e+01     9.868257e+01
  4.2800e+01     9.804767e+01
  4.3000e+01     9.741744e+01
  4.3200e+01     9.679183e+01
  4.3400e+01     9.617082e+01
  4.3600e+01     9.555436e+01
  4.3800e+01     9.494243e+01
  4.4000e+01     9.433499e+01
  4.4200e+01     9.373201e+01
  4.4400e+01     9.313346e+01
  4.4600e+01     9.253931e+01
  4.4800e+01     9.194952e+01
  4.5000e+01     9.136406e+01
  4.5200e+01     9.078289e+01
  4.5400e+01     9.020600e+01
  4.5600e+01     8.963334e+01
  4.5800e+01     8.906489e+01
  4.6000e+01     8.850061e+01
  4.6200e+01     8.794048e+01
  4.6400e+01     8.738445e+01
  4.6600e+01     8.683251e+01
  4.6800e+01     8.628462e+01
  4.7000e+01     8.574076e+01
  4.7200e+01     8.520088e+01
  4.7400e+01     8.466497e+01
  4.7600e+01     8.413299e+01
  4.7800e+01     8.360492e+01
  4.8000e+01     8.308071e+01
  4.8200e+01     8.256036e+01
  4.8400e+01     8.204382e+01
  4.8600e+01     8.153107e+01
  4.8800e+01     8.102208e+01
  4.9000e+01     8.051682e+01
  4.9200e+01     8.001527e+01
  4.9400e+01     7.951739e+01
  4.9600e+01     7.902317e+01
  4.9800e+01     7.853256e+01
  5.0000e+01     7.804555e+01
  5.0200e+01     7.756210e+01
  5.0400e+01     7.708220e+01
  5.0600e+01     7.660581e+01
  5.0800e+01     7.613290e+01
  5.1000e+01     7.566346e+01
  5.1200e+01     7.519745e+01
  5.1400e+01     7.473485e+01
  5.1600e+01     7.427563e+01
  5.1800e+01     7.381978e+01
  5.2000e+01     7.336725e+01
  5.2200e+01     7.291803e+01
  5.2400e+01     7.247209e+01
  5.2600e+01     7.202941e+01
  5.2800e+01     7.158996e+01
  5.3000e+01     7.115372e+01
  5.3200e+01     7.072067e+01
  5.3400e+01     7.029077e+01
  5.3600e+01     6.986401e+01
  5.3800e+01     6.944036e+01
  5.4000e+01     6.901980e+01
  5.4200e+01     6.860230e+01
  5.4400e+01     6.818784e+01
  5.4600e+01     6.777640e+01
  5.4800e+01     6.736796e+01
  5.5000e+01     6.696249e+01
  5.5200e+01     6.655996e+01
  5.5400e+01     6.616037e+01
  5.5600e+01     6.576368e+01
  5.5800e+01     6.536987e+01
  5.6000e+01     6.497892e+01
  5.6200e+01     6.459081e+01
  5.6400e+01     6.420552e+01
  5.6600e+01     6.382303e+01
  5.6800e+01     6.344331e+01
  5.7000e+01     6.306634e+01
  5.7200e+01     6.269210e+01
  5.7400e+01     6.232057e+01
  5.7600e+01     6.195174e+01
  5.7800e+01     6.158557e+01
  5.8000e+01     6.122205e+01
  5.8200e+01     6.086117e+01
  5.8400e+01     6.050289e+01
  5.8600e+01     6.014720e+01
  5.8800e+01     5.979408e+01
  5.9000e+01     5.944350e+01
  5.9200e+01     5.909546e+01
  5.9400e+01     5.874993e+01
  5.9600e+01     5.840689e+01
  5.9800e+01     5.806632e+01
  6.0000e+01     5.772821e+01
  6.0200e+01     5.739252e+01
  6.0400e+01     5.705926e+01
  6.0600e+01     5.672839e+01
  6.0800e+01     5.639990e+01
  6.1000e+01     5.607377e+01
  6.1200e+01     5.574999e+01
  6.1400e+01     5.542852e+01
  6.1600e+01     5.510937e+01
  6.1800e+01     5.479250e+01
  6.2000e+01     5.447791e+01
  6.2200e+01     5.416557e+01
  6.2400e+01     5.385546e+01
  6.2600e+01     5.354758e+01
  6.2800e+01     5.324189e+01
  6.3000e+01     5.293840e+01
  6.3200e+01     5.263707e+01
  6.3400e+01     5.233789e+01
  6.3600e+01     5.204085e+01
  6.3800e+01     5.174593e+01
  6.4000e+01     5.145311e+01
  6.4200e+01     5.116238e+01
  6.4400e+01     5.087372e+01
  6.4600e+01     5.058711e+01
  6.4800e+01     5.030254e+01
  6.5000e+01     5.002000e+01
  6.5200e+01     4.973946e+01
  6.5400e+01     4.946092e+01
  6.5600e+01     4.918436e+01
  6.5800e+01     4.890975e+01
  6.6000e+01     4.863710e+01
  6.6200e+01     4.836637e+01
  6.6400e+01     4.809757e+01
  6.6600e+01     4.783066e+01
  6.6800e+01     4.756565e+01
  6.7000e+01     4.730251e+01
  6.7200e+01     4.704122e+01
  6.7400e+01     4.678179e+01
  6.7600e+01     4.652418e+01
  6.7800e+01     4.626839e+01
  6.8000e+01     4.601440e+01
  6.8200e+01     4.576221e+01
  6.8400e+01     4.551178e+01
  6.8600e+01     4.526312e+01
  6.8800e+01     4.501621e+01
  6.9000e+01     4.477104e+01
  6.9200e+01     4.452758e+01
  6.9400e+01     4.428584e+01
  6.9600e+01     4.404579e+01
  6.9800e+01     4.380742e+01
  7.0000e+01     4.357073e+01
  7.0200e+01     4.333569e+01
  7.0400e+01     4.310229e+01
  7.0600e+01     4.287053e+01
  7.0800e+01     4.264038e+01
  7.1000e+01     4.241185e+01
  7.1200e+01     4.218490e+01
  7.1400e+01     4.195955e+01
  7.1600e+01     4.173576e+01
  7.1800e+01     4.151353e+01
  7.2000e+01     4.129284e+01
  7.2200e+01     4.107370e+01
  7.2400e+01     4.085607e+01
  7.2600e+01     4.063996e+01
  7.2800e+01     4.042535e+01
  7.3000e+01     4.021222e+01
  7.3200e+01     4.000058e+01
  7.3400e+01     3.979040e+01
  7.3600e+01     3.958168e+01
  7.3800e+01     3.937440e+01
  7.4000e+01     3.916855e+01
  7.4200e+01     3.896413e+01
  7.4400e+01     3.876111e+01
  7.4600e+01     3.855950e+01
  7.4800e+01     3.835928e+01
  7.5000e+01     3.816044e+01
  7.5200e+01     3.796297e+01
  7.5400e+01     3.776685e+01
  7.5600e+01     3.757209e+01
  7.5800e+01     3.737866e+01
  7.6000e+01     3.718656e+01
  7.6200e+01     3.699578e+01
  7.6400e+01     3.680631e+01
  7.6600e+01     3.661814e+01
  7.6800e+01     3.643126e+01
  7.7000e+01     3.624565e+01
  7.7200e+01     3.606132e+01
  7.7400e+01     3.587824e+01
  7.7600e+01     3.569642e+01
  7.7800e+01     3.551583e+01
  7.8000e+01     3.533648e+01
  7.8200e+01     3.515835e+01
  7.8400e+01     3.498143e+01
  7.8600e+01     3.480572e+01
  7.8800e+01     3.463120e+01
  7.9000e+01     3.445786e+01
  7.9200e+01     3.428571e+01
  7.9400e+01     3.411472e+01
  7.9600e+01     3.394489e+01
  7.9800e+01     3.377622e+01
  8.0000e+01     3.360868e+01
  8.0200e+01     3.344228e+01
  8.0400e+01     3.327701e+01
  8.0600e+01     3.311285e+01
  8.0800e+01     3.294979e+01
  8.1000e+01     3.278784e+01
  8.1200e+01     3.262699e+01
  8.1400e+01     3.246721e+01
  8.1600e+01     3.230851e+01
  8.1800e+01     3.215088e+01
  8.2000e+01     3.199431e+01
  8.2200e+01     3.183879e+01
  8.2400e+01     3.168431e+01
  8.2600e+01     3.153087e+01
  8.2800e+01     3.137846e+01
  8.3000e+01     3.122707e+01
  8.3200e+01     3.107669e+01
  8.3400e+01     3.092732e+01
  8.3600e+01     3.077895e+01
  8.3800e+01     3.063157e+01
  8.4000e+01     3.048517e+01
  8.4200e+01     3.033975e+01
  8.4400e+01     3.019530e+01
  8.4600e+01     3.005181e+01
  8.4800e+01     2.990927e+01
  8.5000e+01     2.976768e+01
  8.5200e+01     2.962704e+01
  8.5400e+01     2.948733e+01
  8.5600e+01     2.934854e+01
  8.5800e+01     2.921067e+01
  8.6000e+01     2.907372e+01
  8.6200e+01     2.893768e+01
  8.6400e+01     2.880253e+01
  8.6600e+01     2.866828e+01
  8.6800e+01     2.853491e+01
  8.7000e+01     2.840243e+01
  8.7200e+01     2.827082e+01
  8.7400e+01     2.814007e+01
  8.7600e+01     2.801019e+01
  8.7800e+01     2.788117e+01
  8.8000e+01     2.775299e+01
  8.8200e+01     2.762565e+01
  8.8400e+01     2.749915e+01
  8.8600e+01     2.737348e+01
  8.8800e+01     2.724864e+01
  8.9000e+01     2.712461e+01
  8.9200e+01     2.700139e+01
  8.9400e+01     2.687898e+01
  8.9600e+01     2.675737e+01
  8.9800e+01     2.663656e+01
  9.0000e+01     2.651653e+01
  9.0200e+01     2.639729e+01
  9.0400e+01     2.627883e+01
  9.0600e+01     2.616113e+01
  9.0800e+01     2.604421e+01
  9.1000e+01     2.592804e+01
  9.1200e+01     2.581263e+01
  9.1400e+01     2.569797e+01
  9.1600e+01     2.558405e+01
  9.1800e+01     2.547087e+01
  9.2000e+01     2.535843e+01
  9.2200e+01     2.524671e+01
  9.2400e+01     2.513572e+01
  9.2600e+01     2.502544e+01
  9.2800e+01     2.491588e+01
  9.3000e+01     2.480702e+01
  9.3200e+01     2.469887e+01
  9.3400e+01     2.459141e+01
  9.3600e+01     2.448465e+01
  9.3800e+01     2.437857e+01
  9.4000e+01     2.427318e+01
  9.4200e+01     2.416847e+01
  9.4400e+01     2.406442e+01
  9.4600e+01     2.396105e+01
  9.4800e+01     2.385834e+01
  9.5000e+01     2.375629e+01
  9.5200e+01     2.365489e+01
  9.5400e+01     2.355414e+01
  9.5600e+01     2.345403e+01
  9.5800e+01     2.335457e+01
  9.6000e+01     2.325574e+01
  9.6200e+01     2.315754e+01
  9.6400e+01     2.305997e+01
  9.6600e+01     2.296302e+01
  9.6800e+01     2.286668e+01
  9.7000e+01     2.277096e+01
  9.7200e+01     2.267585e+01
  9.7400e+01     2.258135e+01
  9.7600e+01     2.248744e+01
  9.7800e+01     2.239413e+01
  9.8000e+01     2.230142e+01
  9.8200e+01     2.220929e+01
  9.8400e+01     2.211774e+01
  9.8600e+01     2.202678e+01
  9.8800e+01     2.193639e+01
  9.9000e+01     2.184657e+01
  9.9200e+01     2.175731e+01
  9.9400e+01     2.166863e+01
  9.9600e+01     2.158050e+01
  9.9800e+01     2.149292e+01
  1.0000e+02     2.140590e+01
  1.0020e+02     2.131943e+01
  1.0040e+02     2.123350e+01
  1.0060e+02     2.114811e+01
  1.0080e+02     2.106326e+01
  1.0100e+02     2.097894e+01
  1.0120e+02     2.089515e+01
  1.0140e+02     2.081188e+01
  1.0160e+02     2.072914e+01
  1.0180e+02     2.064691e+01
  1.0200e+02     2.056520e+01
  1.0220e+02     2.048400e+01
  1.0240e+02     2.040331e+01
  1.0260e+02     2.032312e+01
  1.0280e+02     2.024343e+01
  1.0300e+02     2.016424e+01
  1.0320e+02     2.008555e+01
  1.0340e+02     2.000734e+01
  1.0360e+02     1.992962e+01
  1.0380e+02     1.985238e+01
  1.0400e+02     1.977563e+01
  1.0420e+02     1.969935e+01
  1.0440e+02     1.962354e+01
  1.0460e+02     1.954821e+01
  1.0480e+02     1.947334e+01
  1.0500e+02     1.939894e+01
  1.0520e+02     1.932499e+01
  1.0540e+02     1.925151e+01
  1.0560e+02     1.917848e+01
  1.0580e+02     1.910590e+01
  1.0600e+02     1.903377e+01
  1.0620e+02     1.896208e+01
  1.0640e+02     1.889084e+01
  1.0660e+02     1.882003e+01
  1.0680e+02     1.874967e+01
  1.0700e+02     1.867973e+01
  1.0720e+02     1.861023e+01
  1.0740e+02     1.854115e+01
  1.0760e+02     1.847250e+01
  1.0780e+02     1.840427e+01
  1.0800e+02     1.833646e+01
  1.0820e+02     1.826907e+01
  1.0840e+02     1.820209e+01
  1.0860e+02     1.813552e+01
  1.0880e+02     1.806936e+01
  1.0900e+02     1.800360e+01
  1.0920e+02     1.793824e+01
  1.0940e+02     1.787329e+01
  1.0960e+02     1.780873e+01
  1.0980e+02     1.774457e+01
  1.1000e+02     1.768080e+01
  1.1020e+02     1.761742e+01
  1.1040e+02     1.755442e+01
  1.1060e+02     1.749181e+01
  1.1080e+02     1.742958e+01
  1.1100e+02     1.736773e+01
  1.1120e+02     1.730625e+01
  1.1140e+02     1.724515e+01
  1.1160e+02     1.718442e+01
  1.1180e+02     1.712406e+01
  1.1200e+02     1.706407e+01
  1.1220e+02     1.700444e+01
  1.1240e+02     1.694518e+01
  1.1260e+02     1.688627e+01
  1.1280e+02     1.682772e+01
  1.1300e+02     1.676952e+01
  1.1320e+02     1.671168e+01
  1.1340e+02     1.665418e+01
  1.1360e+02     1.659704e+01
  1.1380e+02     1.654024e+01
  1.1400e+02     1.648378e+01
  1.1420e+02     1.642767e+01
  1.1440e+02     1.637189e+01
  1.1460e+02     1.631645e+01
  1.1480e+02     1.626134e+01
  1.1500e+02     1.620657e+01
  1.1520e+02     1.615213e+01
  1.1540e+02     1.609801e+01
  1.1560e+02     1.604422e+01
  1.1580e+02     1.599075e+01
  1.1600e+02     1.593761e+01
  1.1620e+02     1.588479e+01
  1.1640e+02     1.583228e+01
  1.1660e+02     1.578009e+01
  1.1680e+02     1.572821e+01
  1.1700e+02     1.567664e+01
  1.1720e+02     1.562539e+01
  1.1740e+02     1.557444e+01
  1.1760e+02     1.552379e+01
  1.1780e+02     1.547345e+01
  1.1800e+02     1.542341e+01
  1.1820e+02     1.537367e+01
  1.1840e+02     1.532423e+01
  1.1860e+02     1.527509e+01
  1.1880e+02     1.522624e+01
  1.1900e+02     1.517768e+01
  1.1920e+02     1.512941e+01
  1.1940e+02     1.508143e+01
  1.1960e+02     1.503374e+01
  1.1980e+02     1.498633e+01
  1.2000e+02     1.493920e+01
  1.2020e+02     1.489236e+01
  1.2040e+02     1.484579e+01
  1.2060e+02     1.479950e+01
  1.2080e+02     1.475349e+01
  1.2100e+02     1.470776e+01
  1.2120e+02     1.466229e+01
  1.2140e+02     1.461710e+01
  1.2160e+02     1.457218e+01
  1.2180e+02     1.452752e+01
  1.2200e+02     1.448313e+01
  1.2220e+02     1.443900e+01
  1.2240e+02     1.439514e+01
  1.2260e+02     1.435154e+01
  1.2280e+02     1.430819e+01
  1.2300e+02     1.426511e+01
  1.2320e+02     1.422228e+01
  1.2340e+02     1.417970e+01
  1.2360e+02     1.413738e+01
  1.2380e+02     1.409531e+01
  1.2400e+02     1.405349e+01
  1.2420e+02     1.401192e+01
  1.2440e+02     1.397059e+01
  1.2460e+02     1.392951e+01
  1.2480e+02     1.388867e+01
  1.2500e+02     1.384808e+01
  1.2520e+02     1.380772e+01
  1.2540e+02     1.376761e+01
  1.2560e+02     1.372773e+01
  1.2580e+02     1.368809e+01
  1.2600e+02     1.364869e+01
  1.2620e+02     1.360952e+01
  1.2640e+02     1.357058e+01
  1.2660e+02     1.353187e+01
  1.2680e+02     1.349339e+01
  1.2700e+02     1.345514e+01
  1.2720e+02     1.341712e+01
  1.2740e+02     1.337932e+01
  1.2760e+02     1.334175e+01
  1.2780e+02     1.330440e+01
  1.2800e+02     1.326727e+01
  1.2820e+02     1.323035e+01
  1.2840e+02     1.319366e+01
  1.2860e+02     1.315719e+01
  1.2880e+02     1.312093e+01
  1.2900e+02     1.308489e+01
  1.2920e+02     1.304906e+01
  1.2940e+02     1.301344e+01
  1.2960e+02     1.297803e+01
  1.2980e+02     1.294283e+01
  1.3000e+02     1.290785e+01
  1.3020e+02     1.287306e+01
  1.3040e+02     1.283849e+01
  1.3060e+02     1.280412e+01
  1.3080e+02     1.276995e+01
  1.3100e+02     1.273599e+01
  1.3120e+02     1.270223e+01
  1.3140e+02     1.266866e+01
  1.3160e+02     1.263530e+01
  1.3180e+02     1.260213e+01
  1.3200e+02     1.256916e+01
  1.3220e+02     1.253639e+01
  1.3240e+02     1.250381e+01
  1.3260e+02     1.247142e+01
  1.3280e+02     1.243923e+01
  1.3300e+02     1.240723e+01
  1.3320e+02     1.237541e+01
  1.3340e+02     1.234379e+01
  1.3360e+02     1.231235e+01
  1.3380e+02     1.228110e+01
  1.3400e+02     1.225004e+01
  1.3420e+02     1.221916e+01
  1.3440e+02     1.218847e+01
  1.3460e+02     1.215795e+01
  1.3480e+02     1.212762e+01
  1.3500e+02     1.209747e+01
  1.3520e+02     1.206750e+01
  1.3540e+02     1.203770e+01
  1.3560e+02     1.200809e+01
  1.3580e+02     1.197865e+01
  1.3600e+02     1.194938e+01
  1.3620e+02     1.192029e+01
  1.3640e+02     1.189138e+01
  1.3660e+02     1.186263e+01
  1.3680e+02     1.183406e+01
  1.3700e+02     1.180566e+01
  1.3720e+02     1.177742e+01
  1.3740e+02     1.174936e+01
  1.3760e+02     1.172146e+01
  1.3780e+02     1.169374e+01
  1.3800e+02     1.166617e+01
  1.3820e+02     1.163877e+01
  1.3840e+02     1.161154e+01
  1.3860e+02     1.158447e+01
  1.3880e+02     1.155756e+01
  1.3900e+02     1.153081e+01
  1.3920e+02     1.150423e+01
  1.3940e+02     1.147780e+01
  1.3960e+02     1.145153e+01
  1.3980e+02     1.142542e+01
  1.4000e+02     1.139947e+01
  1.4020e+02     1.137367e+01
  1.4040e+02     1.134803e+01
  1.4060e+02     1.132254e+01
  1.4080e+02     1.129720e+01
  1.4100e+02     1.127202e+01
  1.4120e+02     1.124699e+01
  1.4140e+02     1.122212e+01
  1.4160e+02     1.119739e+01
  1.4180e+02     1.117281e+01
  1.4200e+02     1.114838e+01
  1.4220e+02     1.112410e+01
  1.4240e+02     1.109997e+01
  1.4260e+02     1.107598e+01
  1.4280e+02     1.105214e+01
  1.4300e+02     1.102845e+01
  1.4320e+02     1.100489e+01
  1.4340e+02     1.098148e+01
  1.4360e+02     1.095822e+01
  1.4380e+02     1.093509e+01
  1.4400e+02     1.091211e+01
  1.4420e+02     1.088927e+01
  1.4440e+02     1.086657e+01
  1.4460e+02     1.084400e+01
  1.4480e+02     1.082158e+01
  1.4500e+02     1.079929e+01
  1.4520e+02     1.077714e+01
  1.4540e+02     1.075512e+01
  1.4560e+02     1.073325e+01
  1.4580e+02     1.071150e+01
  1.4600e+02     1.068989e+01
  1.4620e+02     1.066841e+01
  1.4640e+02     1.064707e+01
  1.4660e+02     1.062586e+01
  1.4680e+02     1.060478e+01
  1.4700e+02     1.058383e+01
  1.4720e+02     1.056301e+01
  1.4740e+02     1.054232e+01
  1.4760e+02     1.052176e+01
  1.4780e+02     1.050132e+01
  1.4800e+02     1.048102e+01
  1.4820e+02     1.046084e+01
  1.4840e+02     1.044078e+01
  1.4860e+02     1.042086e+01
  1.4880e+02     1.040105e+01
  1.4900e+02     1.038138e+01
  1.4920e+02     1.036182e+01
  1.4940e+02     1.034239e+01
  1.4960e+02     1.032308e+01
  1.4980e+02     1.030390e+01
  1.5000e+02     1.028483e+01
  1.5020e+02     1.026589e+01
  1.5040e+02     1.024706e+01
  1.5060e+02     1.022836e+01
  1.5080e+02     1.020978e+01
  1.5100e+02     1.019131e+01
  1.5120e+02     1.017296e+01
  1.5140e+02     1.015473e+01
  1.5160e+02     1.013661e+01
  1.5180e+02     1.011861e+01
  1.5200e+02     1.010073e+01
  1.5220e+02     1.008296e+01
  1.5240e+02     1.006531e+01
  1.5260e+02     1.004777e+01
  1.5280e+02     1.003035e+01
  1.5300e+02     1.001304e+01
  1.5320e+02     9.995839e+00
  1.5340e+02     9.978751e+00
  1.5360e+02     9.961775e+00
  1.5380e+02     9.944909e+00
  1.5400e+02     9.928154e+00
  1.5420e+02     9.911509e+00
  1.5440e+02     9.894973e+00
  1.5460e+02     9.878546e+00
  1.5480e+02     9.862227e+00
  1.5500e+02     9.846016e+00
  1.5520e+02     9.829913e+00
  1.5540e+02     9.813917e+00
  1.5560e+02     9.798027e+00
  1.5580e+02     9.782243e+00
  1.5600e+02     9.766564e+00
  1.5620e+02     9.750991e+00
  1.5640e+02     9.735522e+00
  1.5660e+02     9.720157e+00
  1.5680e+02     9.704896e+00
  1.5700e+02     9.689738e+00
  1.5720e+02     9.674683e+00
  1.5740e+02     9.659730e+00
  1.5760e+02     9.644879e+00
  1.5780e+02     9.630130e+00
  1.5800e+02     9.615481e+00
  1.5820e+02     9.600933e+00
  1.5840e+02     9.586485e+00
  1.5860e+02     9.572136e+00
  1.5880e+02     9.557887e+00
  1.5900e+02     9.543736e+00
  1.5920e+02     9.529684e+00
  1.5940e+02     9.515730e+00
  1.5960e+02     9.501874e+00
  1.5980e+02     9.488114e+00
  1.6000e+02     9.474452e+00
  1.6020e+02     9.460885e+00
  1.6040e+02     9.447415e+00
  1.6060e+02     9.434040e+00
  1.6080e+02     9.420760e+00
  1.6100e+02     9.407575e+00
  1.6120e+02     9.394485e+00
  1.6140e+02     9.381488e+00
  1.6160e+02     9.368585e+00
  1.6180e+02     9.355775e+00
  1.6200e+02     9.343058e+00
  1.6220e+02     9.330433e+00
  1.6240e+02     9.317901e+00
  1.6260e+02     9.305460e+00
  1.6280e+02     9.293110e+00
  1.6300e+02     9.280852e+00
  1.6320e+02     9.268684e+00
  1.6340e+02     9.256606e+00
  1.6360e+02     9.244619e+00
  1.6380e+02     9.232721e+00
  1.6400e+02     9.220912e+00
  1.6420e+02     9.209192e+00
  1.6440e+02     9.197560e+00
  1.6460e+02     9.186017e+00
  1.6480e+02     9.174561e+00
  1.6500e+02     9.163193e+00
  1.6520e+02     9.151912e+00
  1.6540e+02     9.140719e+00
  1.6560e+02     9.129611e+00
  1.6580e+02     9.118590e+00
  1.6600e+02     9.107654e+00
  1.6620e+02     9.096805e+00
  1.6640e+02     9.086040e+00
  1.6660e+02     9.075360e+00
  1.6680e+02     9.064765e+00
  1.6700e+02     9.054255e+00
  1.6720e+02     9.043828e+00
  1.6740e+02     9.033485e+00
  1.6760e+02     9.023225e+00
  1.6780e+02     9.013049e+00
  1.6800e+02     9.002955e+00
  1.6820e+02     8.992943e+00
  1.6840e+02     8.983014e+00
  1.6860e+02     8.973167e+00
  1.6880e+02     8.963402e+00
  1.6900e+02     8.953717e+00
  1.6920e+02     8.944114e+00
  1.6940e+02     8.934592e+00
  1.6960e+02     8.925150e+00
  1.6980e+02     8.915789e+00
  1.7000e+02     8.906507e+00
  1.7020e+02     8.897305e+00
  1.7040e+02     8.888182e+00
  1.7060e+02     8.879139e+00
  1.7080e+02     8.870174e+00
  1.7100e+02     8.861288e+00
  1.7120e+02     8.852481e+00
  1.7140e+02     8.843751e+00
  1.7160e+02     8.835100e+00
  1.7180e+02     8.826526e+00
  1.7200e+02     8.818029e+00
  1.7220e+02     8.809610e+00
  1.7240e+02     8.801267e+00
  1.7260e+02     8.793001e+00
  1.7280e+02     8.784811e+00
  1.7300e+02     8.776698e+00
  1.7320e+02     8.768660e+00
  1.7340e+02     8.760698e+00
  1.7360e+02     8.752811e+00
  1.7380e+02     8.745000e+00
  1.7400e+02     8.737263e+00
  1.7420e+02     8.729601e+00
  1.7440e+02     8.722014e+00
  1.7460e+02     8.714501e+00
  1.7480e+02     8.707062e+00
  1.7500e+02     8.699697e+00
  1.7520e+02     8.692406e+00
  1.7540e+02     8.685188e+00
  1.7560e+02     8.678043e+00
  1.7580e+02     8.670971e+00
  1.7600e+02     8.663972e+00
  1.7620e+02     8.657045e+00
  1.7640e+02     8.650191e+00
  1.7660e+02     8.643409e+00
  1.7680e+02     8.636699e+00
  1.7700e+02     8.630061e+00
  1.7720e+02     8.623494e+00
  1.7740e+02     8.616999e+00
  1.7760e+02     8.610574e+00
  1.7780e+02     8.604221e+00
  1.7800e+02     8.597939e+00
  1.7820e+02     8.591727e+00
  1.7840e+02     8.585585e+00
  1.7860e+02     8.579514e+00
  1.7880e+02     8.573513e+00
  1.7900e+02     8.567582e+00
  1.7920e+02     8.561720e+00
  1.7940e+02     8.555928e+00
  1.7960e+02     8.550205e+00
  1.7980e+02     8.544551e+00
  1.8000e+02     8.538967e+00
  1.8020e+02     8.533451e+00
  1.8040e+02     8.528004e+00
  1.8060e+02     8.522625e+00
  1.8080e+02     8.517314e+00
  1.8100e+02     8.512072e+00
  1.8120e+02     8.506898e+00
  1.8140e+02     8.501791e+00
  1.8160e+02     8.496753e+00
  1.8180e+02     8.491781e+00
  1.8200e+02     8.486877e+00
  1.8220e+02     8.482041e+00
  1.8240e+02     8.477271e+00
  1.8260e+02     8.472568e+00
  1.8280e+02     8.467932e+00
  1.8300e+02     8.463363e+00
  1.8320e+02     8.458860e+00
  1.8340e+02     8.454423e+00
  1.8360e+02     8.450053e+00
  1.8380e+02     8.445748e+00
  1.8400e+02     8.441510e+00
  1.8420e+02     8.437337e+00
  1.8440e+02     8.433230e+00
  1.8460e+02     8.429188e+00
  1.8480e+02     8.425212e+00
  1.8500e+02     8.421301e+00
  1.8520e+02     8.417455e+00
  1.8540e+02     8.413674e+00
  1.8560e+02     8.409958e+00
  1.8580e+02     8.406307e+00
  1.8600e+02     8.402720e+00
  1.8620e+02     8.399198e+00
  1.8640e+02     8.395740e+00
  1.8660e+02     8.392346e+00
  1.8680e+02     8.389016e+00
  1.8700e+02     8.385751e+00
  1.8720e+02     8.382549e+00
  1.8740e+02     8.379412e+00
  1.8760e+02     8.376338e+00
  1.8780e+02     8.373327e+00
  1.8800e+02     8.370380e+00
  1.8820e+02     8.367496e+00
  1.8840e+02     8.364676e+00
  1.8860e+02     8.361919e+00
  1.8880e+02     8.359224e+00
  1.8900e+02     8.356593e+00
  1.8920e+02     8.354025e+00
  1.8940e+02     8.351519e+00
  1.8960e+02     8.349076e+00
  1.8980e+02     8.346696e+00
  1.9000e+02     8.344378e+00
  1.9020e+02     8.342122e+00
  1.9040e+02     8.339929e+00
  1.9060e+02     8.337798e+00
  1.9080e+02     8.335729e+00
  1.9100e+02     8.333722e+00
  1.9120e+02     8.331778e+00
  1.9140e+02     8.329895e+00
  1.9160e+02     8.328073e+00
  1.9180e+02     8.326314e+00
  1.9200e+02     8.324616e+00
  1.9220e+02     8.322980e+00
  1.9240e+02     8.321405e+00
  1.9260e+02     8.319892e+00
  1.9280e+02     8.318440e+00
  1.9300e+02     8.317049e+00
  1.9320e+02     8.315720e+00
  1.9340e+02     8.314451e+00
  1.9360e+02     8.313244e+00
  1.9380e+02     8.312098e+00
  1.9400e+02     8.311012e+00
  1.9420e+02     8.309988e+00
  1.9440e+02     8.309024e+00
  1.9460e+02     8.308121e+00
  1.9480e+02     8.307279e+00
  1.9500e+02     8.306497e+00
  1.9520e+02     8.305776e+00
  1.9540e+02     8.305116e+00
  1.9560e+02     8.304516e+00
  1.9580e+02     8.303976e+00
  1.9600e+02     8.303497e+00
  1.9620e+02     8.303078e+00
  1.9640e+02     8.302720e+00
  1.9660e+02     8.302421e+00
  1.9680e+02     8.302183e+00
  1.9700e+02     8.302005e+00
  1.9720e+02     8.301887e+00
  1.9740e+02     8.301829e+00
  1.9760e+02     8.301831e+00
  1.9780e+02     8.301894e+00
  1.9800e+02     8.302016e+00
  1.9820e+02     8.302198e+00
  1.9840e+02     8.302439e+00
  1.9860e+02     8.302741e+00
  1.9880e+02     8.303103e+00
  1.9900e+02     8.303524e+00
  1.9920e+02     8.304005e+00
  1.9940e+02     8.304546e+00
  1.9960e+02     8.305146e+00
  1.9980e+02     8.305806e+00
  2.0000e+02     8.306526e+00
  2.0020e+02     8.307305e+00
  2.0040e+02     8.308144e+00
  2.0060e+02     8.309043e+00
  2.0080e+02     8.310001e+00
  2.0100e+02     8.311019e+00
  2.0120e+02     8.312096e+00
  2.0140e+02     8.313232e+00
  2.0160e+02     8.314429e+00
  2.0180e+02     8.315684e+00
  2.0200e+02     8.316999e+00
  2.0220e+02     8.318374e+00
  2.0240e+02     8.319808e+00
  2.0260e+02     8.321301e+00
  2.0280e+02     8.322854e+00
  2.0300e+02     8.324466e+00
  2.0320e+02     8.326138e+00
  2.0340e+02     8.327869e+00
  2.0360e+02     8.329660e+00
  2.0380e+02     8.331510e+00
  2.0400e+02     8.333419e+00
  2.0420e+02     8.335388e+00
  2.0440e+02     8.337416e+00
  2.0460e+02     8.339504e+00
  2.0480e+02     8.341651e+00
  2.0500e+02     8.343858e+00
  2.0520e+02     8.346124e+00
  2.0540e+02     8.348449e+00
  2.0560e+02     8.350834e+00
  2.0580e+02     8.353279e+00
  2.0600e+02     8.355783e+00
  2.0620e+02     8.358346e+00
  2.0640e+02     8.360969e+00
  2.0660e+02     8.363651e+00
  2.0680e+02     8.366394e+00
  2.0700e+02     8.369195e+00
  2.0720e+02     8.372056e+00
  2.0740e+02     8.374977e+00
  2.0760e+02     8.377958e+00
  2.0780e+02     8.380998e+00
  2.0800e+02     8.384098e+00
  2.0820e+02     8.387257e+00
  2.0840e+02     8.390477e+00
  2.0860e+02     8.393756e+00
  2.0880e+02     8.397095e+00
  2.0900e+02     8.400494e+00
  2.0920e+02     8.403952e+00
  2.0940e+02     8.407471e+00
  2.0960e+02     8.411049e+00
  2.0980e+02     8.414688e+00
  2.1000e+02     8.418386e+00
  2.1020e+02     8.422145e+00
  2.1040e+02     8.425963e+00
  2.1060e+02     8.429842e+00
  2.1080e+02     8.433781e+00
  2.1100e+02     8.437780e+00
  2.1120e+02     8.441840e+00
  2.1140e+02     8.445959e+00
  2.1160e+02     8.450139e+00
  2.1180e+02     8.454380e+00
  2.1200e+02     8.458681e+00
  2.1220e+02     8.463042e+00
  2.1240e+02     8.467465e+00
  2.1260e+02     8.471947e+00
  2.1280e+02     8.476491e+00
  2.1300e+02     8.481095e+00
  2.1320e+02     8.485759e+00
  2.1340e+02     8.490485e+00
  2.1360e+02     8.495272e+00
  2.1380e+02     8.500119e+00
  2.1400e+02     8.505028e+00
  2.1420e+02     8.509997e+00
  2.1440e+02     8.515028e+00
  2.1460e+02     8.520120e+00
  2.1480e+02     8.525274e+00
  2.1500e+02     8.530488e+00
  2.1520e+02     8.535764e+00
  2.1540e+02     8.541102e+00
  2.1560e+02     8.546501e+00
  2.1580e+02     8.551962e+00
  2.1600e+02     8.557484e+00
  2.1620e+02     8.563069e+00
  2.1640e+02     8.568715e+00
  2.1660e+02     8.574423e+00
  2.1680e+02     8.580193e+00
  2.1700e+02     8.586025e+00
  2.1720e+02     8.591920e+00
  2.1740e+02     8.597876e+00
  2.1760e+02     8.603895e+00
  2.1780e+02     8.609977e+00
  2.1800e+02     8.616121e+00
  2.1820e+02     8.622327e+00
  2.1840e+02     8.628597e+00
  2.1860e+02     8.634929e+00
  2.1880e+02     8.641324e+00
  2.1900e+02     8.647782e+00
  2.1920e+02     8.654303e+00
  2.1940e+02     8.660887e+00
  2.1960e+02     8.667534e+00
  2.1980e+02     8.674245e+00
  2.2000e+02     8.681019e+00
  2.2020e+02     8.687857e+00
  2.2040e+02     8.694759e+00
  2.2060e+02     8.701724e+00
  2.2080e+02     8.708753e+00
  2.2100e+02     8.715846e+00
  2.2120e+02     8.723004e+00
  2.2140e+02     8.730225e+00
  2.2160e+02     8.737511e+00
  2.2180e+02     8.744861e+00
  2.2200e+02     8.752275e+00
  2.2220e+02     8.759755e+00
  2.2240e+02     8.767299e+00
  2.2260e+02     8.774907e+00
  2.2280e+02     8.782581e+00
  2.2300e+02     8.790320e+00
  2.2320e+02     8.798125e+00
  2.2340e+02     8.805994e+00
  2.2360e+02     8.813929e+00
  2.2380e+02     8.821930e+00
  2.2400e+02     8.829996e+00
  2.2420e+02     8.838128e+00
  2.2440e+02     8.846326e+00
  2.2460e+02     8.854590e+00
  2.2480e+02     8.862921e+00
  2.2500e+02     8.871318e+00
  2.2520e+02     8.879781e+00
  2.2540e+02     8.888311e+00
  2.2560e+02     8.896908e+00
  2.2580e+02     8.905571e+00
  2.2600e+02     8.914302e+00
  2.2620e+02     8.923100e+00
  2.2640e+02     8.931965e+00
  2.2660e+02     8.940897e+00
  2.2680e+02     8.949898e+00
  2.2700e+02     8.958965e+00
  2.2720e+02     8.968101e+00
  2.2740e+02     8.977305e+00
  2.2760e+02     8.986577e+00
  2.2780e+02     8.995918e+00
  2.2800e+02     9.005327e+00
  2.2820e+02     9.014804e+00
  2.2840e+02     9.024350e+00
  2.2860e+02     9.033966e+00
  2.2880e+02     9.043650e+00
  2.2900e+02     9.053404e+00
  2.2920e+02     9.063227e+00
  2.2940e+02     9.073120e+00
  2.2960e+02     9.083082e+00
  2.2980e+02     9.093115e+00
  2.3000e+02     9.103217e+00
  2.3020e+02     9.113390e+00
  2.3040e+02     9.123633e+00
  2.3060e+02     9.133947e+00
  2.3080e+02     9.144332e+00
  2.3100e+02     9.154787e+00
  2.3120e+02     9.165314e+00
  2.3140e+02     9.175911e+00
  2.3160e+02     9.186581e+00
  2.3180e+02     9.197322e+00
  2.3200e+02     9.208135e+00
  2.3220e+02     9.219019e+00
  2.3240e+02     9.229976e+00
  2.3260e+02     9.241006e+00
  2.3280e+02     9.252108e+00
  2.3300e+02     9.263283e+00
  2.3320e+02     9.274530e+00
  2.3340e+02     9.285851e+00
  2.3360e+02     9.297245e+00
  2.3380e+02     9.308712e+00
  2.3400e+02     9.320254e+00
  2.3420e+02     9.331869e+00
  2.3440e+02     9.343558e+00
  2.3460e+02     9.355322e+00
  2.3480e+02     9.367160e+00
  2.3500e+02     9.379073e+00
  2.3520e+02     9.391060e+00
  2.3540e+02     9.403123e+00
  2.3560e+02     9.415261e+00
  2.3580e+02     9.427475e+00
  2.3600e+02     9.439764e+00
  2.3620e+02     9.452129e+00
  2.3640e+02     9.464571e+00
  2.3660e+02     9.477089e+00
  2.3680e+02     9.489683e+00
  2.3700e+02     9.502354e+00
  2.3720e+02     9.515102e+00
  2.3740e+02     9.527928e+00
  2.3760e+02     9.540831e+00
  2.3780e+02     9.553811e+00
  2.3800e+02     9.566870e+00
  2.3820e+02     9.580007e+00
  2.3840e+02     9.593222e+00
  2.3860e+02     9.606515e+00
  2.3880e+02     9.619888e+00
  2.3900e+02     9.633339e+00
  2.3920e+02     9.646870e+00
  2.3940e+02     9.660480e+00
  2.3960e+02     9.674171e+00
  2.3980e+02     9.687941e+00
  2.4000e+02     9.701791e+00
  2.4020e+02     9.715722e+00
  2.4040e+02     9.729734e+00
  2.4060e+02     9.743827e+00
  2.4080e+02     9.758000e+00
  2.4100e+02     9.772256e+00
  2.4120e+02     9.786593e+00
  2.4140e+02     9.801012e+00
  2.4160e+02     9.815514e+00
  2.4180e+02     9.830098e+00
  2.4200e+02     9.844764e+00
  2.4220e+02     9.859514e+00
  2.4240e+02     9.874347e+00
  2.4260e+02     9.889263e+00
  2.4280e+02     9.904264e+00
  2.4300e+02     9.919348e+00
  2.4320e+02     9.934517e+00
  2.4340e+02     9.949770e+00
  2.4360e+02     9.965109e+00
  2.4380e+02     9.980532e+00
  2.4400e+02     9.996041e+00
  2.4420e+02     1.001163e+01
  2.4440e+02     1.002731e+01
  2.4460e+02     1.004308e+01
  2.4480e+02     1.005893e+01
  2.4500e+02     1.007487e+01
  2.4520e+02     1.009090e+01
  2.4540e+02     1.010702e+01
  2.4560e+02     1.012322e+01
  2.4580e+02     1.013951e+01
  2.4600e+02     1.015589e+01
  2.4620e+02     1.017236e+01
  2.4640e+02     1.018891e+01
  2.4660e+02     1.020556e+01
  2.4680e+02     1.022229e+01
  2.4700e+02     1.023912e+01
  2.4720e+02     1.025603e+01
  2.4740e+02     1.027304e+01
  2.4760e+02     1.029013e+01
  2.4780e+02     1.030732e+01
  2.4800e+02     1.032460e+01
  2.4820e+02     1.034197e+01
  2.4840e+02     1.035943e+01
  2.4860e+02     1.037699e+01
  2.4880e+02     1.039464e+01
  2.4900e+02     1.041238e+01
  2.4920e+02     1.043021e+01
  2.4940e+02     1.044814e+01
  2.4960e+02     1.046616e+01
  2.4980e+02     1.048427e+01
  2.5000e+02     1.050248e+01
  2.5020e+02     1.052079e+01
  2.5040e+02     1.053919e+01
  2.5060e+02     1.055768e+01
  2.5080e+02     1.057627e+01
  2.5100e+02     1.059496e+01
  2.5120e+02     1.061375e+01
  2.5140e+02     1.063263e+01
  2.5160e+02     1.065161e+01
  2.5180e+02     1.067068e+01
  2.5200e+02     1.068986e+01
  2.5220e+02     1.070913e+01
  2.5240e+02     1.072850e+01
  2.5260e+02     1.074797e+01
  2.5280e+02     1.076754e+01
  2.5300e+02     1.078721e+01
  2.5320e+02     1.080698e+01
  2.5340e+02     1.082685e+01
  2.5360e+02     1.084682e+01
  2.5380e+02     1.086690e+01
  2.5400e+02     1.088707e+01
  2.5420e+02     1.090735e+01
  2.5440e+02     1.092773e+01
  2.5460e+02     1.094821e+01
  2.5480e+02     1.096879e+01
  2.5500e+02     1.098948e+01
  2.5520e+02     1.101028e+01
  2.5540e+02     1.103117e+01
  2.5560e+02     1.105217e+01
  2.5580e+02     1.107328e+01
  2.5600e+02     1.109449e+01
  2.5620e+02     1.111581e+01
  2.5640e+02     1.113724e+01
  2.5660e+02     1.115877e+01
  2.5680e+02     1.118041e+01
  2.5700e+02     1.120215e+01
  2.5720e+02     1.122401e+01
  2.5740e+02     1.124597e+01
  2.5760e+02     1.126804e+01
  2.5780e+02     1.129022e+01
  2.5800e+02     1.131251e+01
  2.5820e+02     1.133491e+01
  2.5840e+02     1.135743e+01
  2.5860e+02     1.138005e+01
  2.5880e+02     1.140278e+01
  2.5900e+02     1.142563e+01
  2.5920e+02     1.144858e+01
  2.5940e+02     1.147165e+01
  2.5960e+02     1.149484e+01
  2.5980e+02     1.151813e+01
  2.6000e+02     1.154154e+01
  2.6020e+02     1.156507e+01
  2.6040e+02     1.158871e+01
  2.6060e+02     1.161246e+01
  2.6080e+02     1.163633e+01
  2.6100e+02     1.166032e+01
  2.6120e+02     1.168443e+01
  2.6140e+02     1.170865e+01
  2.6160e+02     1.173299e+01
  2.6180e+02     1.175744e+01
  2.6200e+02     1.178202e+01
  2.6220e+02     1.180671e+01
  2.6240e+02     1.183153e+01
  2.6260e+02     1.185646e+01
  2.6280e+02     1.188152e+01
  2.6300e+02     1.190669e+01
  2.6320e+02     1.193199e+01
  2.6340e+02     1.195741e+01
  2.6360e+02     1.198295e+01
  2.6380e+02     1.200862e+01
  2.6400e+02     1.203440e+01
  2.6420e+02     1.206032e+01
  2.6440e+02     1.208635e+01
  2.6460e+02     1.211251e+01
  2.6480e+02     1.213880e+01
  2.6500e+02     1.216521e+01
  2.6520e+02     1.219175e+01
  2.6540e+02     1.221842e+01
  2.6560e+02     1.224522e+01
  2.6580e+02     1.227214e+01
  2.6600e+02     1.229919e+01
  2.6620e+02     1.232637e+01
  2.6640e+02     1.235368e+01
  2.6660e+02     1.238112e+01
  2.6680e+02     1.240869e+01
  2.6700e+02     1.243639e+01
  2.6720e+02     1.246422e+01
  2.6740e+02     1.249219e+01
  2.6760e+02     1.252029e+01
  2.6780e+02     1.254852e+01
  2.6800e+02     1.257689e+01
  2.6820e+02     1.260539e+01
  2.6840e+02     1.263402e+01
  2.6860e+02     1.266279e+01
  2.6880e+02     1.269170e+01
  2.6900e+02     1.272075e+01
  2.6920e+02     1.274993e+01
  2.6940e+02     1.277925e+01
  2.6960e+02     1.280871e+01
  2.6980e+02     1.283831e+01
  2.7000e+02     1.286804e+01
  2.7020e+02     1.289792e+01
  2.7040e+02     1.292794e+01
  2.7060e+02     1.295810e+01
  2.7080e+02     1.298841e+01
  2.7100e+02     1.301885e+01
  2.7120e+02     1.304944e+01
  2.7140e+02     1.308017e+01
  2.7160e+02     1.311105e+01
  2.7180e+02     1.314207e+01
  2.7200e+02     1.317324e+01
  2.7220e+02     1.320456e+01
  2.7240e+02     1.323602e+01
  2.7260e+02     1.326763e+01
  2.7280e+02     1.329939e+01
  2.7300e+02     1.333129e+01
  2.7320e+02     1.336335e+01
  2.7340e+02     1.339556e+01
  2.7360e+02     1.342791e+01
  2.7380e+02     1.346042e+01
  2.7400e+02     1.349309e+01
  2.7420e+02     1.352590e+01
  2.7440e+02     1.355887e+01
  2.7460e+02     1.359199e+01
  2.7480e+02     1.362527e+01
  2.7500e+02     1.365870e+01
  2.7520e+02     1.369229e+01
  2.7540e+02     1.372603e+01
  2.7560e+02     1.375994e+01
  2.7580e+02     1.379400e+01
  2.7600e+02     1.382822e+01
  2.7620e+02     1.386260e+01
  2.7640e+02     1.389714e+01
  2.7660e+02     1.393184e+01
  2.7680e+02     1.396670e+01
  2.7700e+02     1.400173e+01
  2.7720e+02     1.403692e+01
  2.7740e+02     1.407227e+01
  2.7760e+02     1.410779e+01
  2.7780e+02     1.414347e+01
  2.7800e+02     1.417932e+01
  2.7820e+02     1.421534e+01
  2.7840e+02     1.425152e+01
  2.7860e+02     1.428787e+01
  2.7880e+02     1.432439e+01
  2.7900e+02     1.436108e+01
  2.7920e+02     1.439794e+01
  2.7940e+02     1.443498e+01
  2.7960e+02     1.447218e+01
  2.7980e+02     1.450956e+01
  2.8000e+02     1.454711e+01
  2.8020e+02     1.458483e+01
  2.8040e+02     1.462273e+01
  2.8060e+02     1.466081e+01
  2.8080e+02     1.469906e+01
  2.8100e+02     1.473749e+01
  2.8120e+02     1.477610e+01
  2.8140e+02     1.481489e+01
  2.8160e+02     1.485386e+01
  2.8180e+02     1.489300e+01
  2.8200e+02     1.493233e+01
  2.8220e+02     1.497185e+01
  2.8240e+02     1.501154e+01
  2.8260e+02     1.505142e+01
  2.8280e+02     1.509149e+01
  2.8300e+02     1.513174e+01
  2.8320e+02     1.517217e+01
  2.8340e+02     1.521279e+01
  2.8360e+02     1.525361e+01
  2.8380e+02     1.529461e+01
  2.8400e+02     1.533580e+01
  2.8420e+02     1.537718e+01
  2.8440e+02     1.541875e+01
  2.8460e+02     1.546052e+01
  2.8480e+02     1.550248e+01
  2.8500e+02     1.554463e+01
  2.8520e+02     1.558698e+01
  2.8540e+02     1.562952e+01
  2.8560e+02     1.567226e+01
  2.8580e+02     1.571520e+01
  2.8600e+02     1.575834e+01
  2.8620e+02     1.580167e+01
  2.8640e+02     1.584521e+01
  2.8660e+02     1.588895e+01
  2.8680e+02     1.593289e+01
  2.8700e+02     1.597703e+01
  2.8720e+02     1.602138e+01
  2.8740e+02     1.606594e+01
  2.8760e+02     1.611070e+01
  2.8780e+02     1.615566e+01
  2.8800e+02     1.620084e+01
  2.8820e+02     1.624622e+01
  2.8840e+02     1.629181e+01
  2.8860e+02     1.633762e+01
  2.8880e+02     1.638363e+01
  2.8900e+02     1.642986e+01
  2.8920e+02     1.647631e+01
  2.8940e+02     1.652296e+01
  2.8960e+02     1.656984e+01
  2.8980e+02     1.661692e+01
  2.9000e+02     1.666423e+01
  2.9020e+02     1.671176e+01
  2.9040e+02     1.675950e+01
  2.9060e+02     1.680747e+01
  2.9080e+02     1.685566e+01
  2.9100e+02     1.690407e+01
  2.9120e+02     1.695271e+01
  2.9140e+02     1.700157e+01
  2.9160e+02     1.705065e+01
  2.9180e+02     1.709997e+01
  2.9200e+02     1.714951e+01
  2.9220e+02     1.719928e+01
  2.9240e+02     1.724928e+01
  2.9260e+02     1.729951e+01
  2.9280e+02     1.734997e+01
  2.9300e+02     1.740067e+01
  2.9320e+02     1.745160e+01
  2.9340e+02     1.750277e+01
  2.9360e+02     1.755417e+01
  2.9380e+02     1.760582e+01
  2.9400e+02     1.765770e+01
  2.9420e+02     1.770982e+01
  2.9440e+02     1.776218e+01
  2.9460e+02     1.781478e+01
  2.9480e+02     1.786763e+01
  2.9500e+02     1.792072e+01
  2.9520e+02     1.797406e+01
  2.9540e+02     1.802765e+01
  2.9560e+02     1.808148e+01
  2.9580e+02     1.813556e+01
  2.9600e+02     1.818989e+01
  2.9620e+02     1.824448e+01
  2.9640e+02     1.829931e+01
  2.9660e+02     1.835440e+01
  2.9680e+02     1.840975e+01
  2.9700e+02     1.846535e+01
  2.9720e+02     1.852121e+01
  2.9740e+02     1.857733e+01
  2.9760e+02     1.863371e+01
  2.9780e+02     1.869035e+01
  2.9800e+02     1.874725e+01
  2.9820e+02     1.880441e+01
  2.9840e+02     1.886184e+01
  2.9860e+02     1.891954e+01
  2.9880e+02     1.897750e+01
  2.9900e+02     1.903574e+01
  2.9920e+02     1.909424e+01
  2.9940e+02     1.915301e+01
  2.9960e+02     1.921206e+01
  2.9980e+02     1.927138e+01
  3.0000e+02     1.933097e+01
  3.0020e+02     1.939084e+01
  3.0040e+02     1.945099e+01
  3.0060e+02     1.951142e+01
  3.0080e+02     1.957213e+01
  3.0100e+02     1.963312e+01
  3.0120e+02     1.969439e+01
  3.0140e+02     1.975595e+01
  3.0160e+02     1.981779e+01
  3.0180e+02     1.987992e+01
  3.0200e+02     1.994234e+01
  3.0220e+02     2.000505e+01
  3.0240e+02     2.006805e+01
  3.0260e+02     2.013134e+01
  3.0280e+02     2.019493e+01
  3.0300e+02     2.025881e+01
  3.0320e+02     2.032299e+01
  3.0340e+02     2.038747e+01
  3.0360e+02     2.045225e+01
  3.0380e+02     2.051732e+01
  3.0400e+02     2.058270e+01
  3.0420e+02     2.064839e+01
  3.0440e+02     2.071438e+01
  3.0460e+02     2.078067e+01
  3.0480e+02     2.084728e+01
  3.0500e+02     2.091419e+01
  3.0520e+02     2.098142e+01
  3.0540e+02     2.104896e+01
  3.0560e+02     2.111681e+01
  3.0580e+02     2.118498e+01
  3.0600e+02     2.125347e+01
  3.0620e+02     2.132228e+01
  3.0640e+02     2.139140e+01
  3.0660e+02     2.146085e+01
  3.0680e+02     2.153062e+01
  3.0700e+02     2.160072e+01
  3.0720e+02     2.167114e+01
  3.0740e+02     2.174189e+01
  3.0760e+02     2.181297e+01
  3.0780e+02     2.188438e+01
  3.0800e+02     2.195613e+01
  3.0820e+02     2.202821e+01
  3.0840e+02     2.210062e+01
  3.0860e+02     2.217338e+01
  3.0880e+02     2.224647e+01
  3.0900e+02     2.231991e+01
  3.0920e+02     2.239368e+01
  3.0940e+02     2.246780e+01
  3.0960e+02     2.254227e+01
  3.0980e+02     2.261709e+01
  3.1000e+02     2.269225e+01
  3.1020e+02     2.276776e+01
  3.1040e+02     2.284363e+01
  3.1060e+02     2.291985e+01
  3.1080e+02     2.299643e+01
  3.1100e+02     2.307337e+01
  3.1120e+02     2.315067e+01
  3.1140e+02     2.322832e+01
  3.1160e+02     2.330634e+01
  3.1180e+02     2.338473e+01
  3.1200e+02     2.346348e+01
  3.1220e+02     2.354260e+01
  3.1240e+02     2.362209e+01
  3.1260e+02     2.370195e+01
  3.1280e+02     2.378219e+01
  3.1300e+02     2.386280e+01
  3.1320e+02     2.394379e+01
  3.1340e+02     2.402516e+01
  3.1360e+02     2.410691e+01
  3.1380e+02     2.418904e+01
  3.1400e+02     2.427155e+01
  3.1420e+02     2.435446e+01
  3.1440e+02     2.443775e+01
  3.1460e+02     2.452143e+01
  3.1480e+02     2.460551e+01
  3.1500e+02     2.468997e+01
  3.1520e+02     2.477484e+01
  3.1540e+02     2.486010e+01
  3.1560e+02     2.494576e+01
  3.1580e+02     2.503183e+01
  3.1600e+02     2.511830e+01
  3.1620e+02     2.520517e+01
  3.1640e+02     2.529245e+01
  3.1660e+02     2.538014e+01
  3.1680e+02     2.546825e+01
  3.1700e+02     2.555677e+01
  3.1720e+02     2.564570e+01
  3.1740e+02     2.573505e+01
  3.1760e+02     2.582482e+01
  3.1780e+02     2.591501e+01
  3.1800e+02     2.600563e+01
  3.1820e+02     2.609667e+01
  3.1840e+02     2.618814e+01
  3.1860e+02     2.628004e+01
  3.1880e+02     2.637237e+01
  3.1900e+02     2.646514e+01
  3.1920e+02     2.655834e+01
  3.1940e+02     2.665198e+01
  3.1960e+02     2.674606e+01
  3.1980e+02     2.684059e+01
  3.2000e+02     2.693556e+01
  3.2020e+02     2.703097e+01
  3.2040e+02     2.712684e+01
  3.2060e+02     2.722316e+01
  3.2080e+02     2.731993e+01
  3.2100e+02     2.741716e+01
  3.2120e+02     2.751484e+01
  3.2140e+02     2.761299e+01
  3.2160e+02     2.771160e+01
  3.2180e+02     2.781067e+01
  3.2200e+02     2.791021e+01
  3.2220e+02     2.801022e+01
  3.2240e+02     2.811070e+01
  3.2260e+02     2.821165e+01
  3.2280e+02     2.831309e+01
  3.2300e+02     2.841500e+01
  3.2320e+02     2.851739e+01
  3.2340e+02     2.862026e+01
  3.2360e+02     2.872362e+01
  3.2380e+02     2.882747e+01
  3.2400e+02     2.893181e+01
  3.2420e+02     2.903664e+01
  3.2440e+02     2.914196e+01
  3.2460e+02     2.924779e+01
  3.2480e+02     2.935411e+01
  3.2500e+02     2.946093e+01
  3.2520e+02     2.956826e+01
  3.2540e+02     2.967610e+01
  3.2560e+02     2.978445e+01
  3.2580e+02     2.989331e+01
  3.2600e+02     3.000268e+01
  3.2620e+02     3.011258e+01
  3.2640e+02     3.022299e+01
  3.2660e+02     3.033392e+01
  3.2680e+02     3.044538e+01
  3.2700e+02     3.055737e+01
  3.2720e+02     3.066988e+01
  3.2740e+02     3.078293e+01
  3.2760e+02     3.089651e+01
  3.2780e+02     3.101063e+01
  3.2800e+02     3.112530e+01
  3.2820e+02     3.124050e+01
  3.2840e+02     3.135625e+01
  3.2860e+02     3.147255e+01
  3.2880e+02     3.158940e+01
  3.2900e+02     3.170680e+01
  3.2920e+02     3.182476e+01
  3.2940e+02     3.194328e+01
  3.2960e+02     3.206236e+01
  3.2980e+02     3.218200e+01
  3.3000e+02     3.230221e+01
  3.3020e+02     3.242300e+01
  3.3040e+02     3.254435e+01
  3.3060e+02     3.266628e+01
  3.3080e+02     3.278879e+01
  3.3100e+02     3.291188e+01
  3.3120e+02     3.303555e+01
  3.3140e+02     3.315981e+01
  3.3160e+02     3.328466e+01
  3.3180e+02     3.341010e+01
  3.3200e+02     3.353614e+01
  3.3220e+02     3.366277e+01
  3.3240e+02     3.379001e+01
  3.3260e+02     3.391785e+01
  3.3280e+02     3.404630e+01
  3.3300e+02     3.417536e+01
  3.3320e+02     3.430503e+01
  3.3340e+02     3.443531e+01
  3.3360e+02     3.456622e+01
  3.3380e+02     3.469774e+01
  3.3400e+02     3.482989e+01
  3.3420e+02     3.496267e+01
  3.3440e+02     3.509608e+01
  3.3460e+02     3.523013e+01
  3.3480e+02     3.536481e+01
  3.3500e+02     3.550013e+01
  3.3520e+02     3.563610e+01
  3.3540e+02     3.577271e+01
  3.3560e+02     3.590997e+01
  3.3580e+02     3.604788e+01
  3.3600e+02     3.618645e+01
  3.3620e+02     3.632568e+01
  3.3640e+02     3.646556e+01
  3.3660e+02     3.660612e+01
  3.3680e+02     3.674734e+01
  3.3700e+02     3.688924e+01
  3.3720e+02     3.703181e+01
  3.3740e+02     3.717505e+01
  3.3760e+02     3.731898e+01
  3.3780e+02     3.746360e+01
  3.3800e+02     3.760890e+01
  3.3820e+02     3.775489e+01
  3.3840e+02     3.790158e+01
  3.3860e+02     3.804897e+01
  3.3880e+02     3.819705e+01
  3.3900e+02     3.834585e+01
  3.3920e+02     3.849535e+01
  3.3940e+02     3.864556e+01
  3.3960e+02     3.879648e+01
  3.3980e+02     3.894813e+01
  3.4000e+02     3.910050e+01
  3.4020e+02     3.925359e+01
  3.4040e+02     3.940741e+01
  3.4060e+02     3.956196e+01
  3.4080e+02     3.971725e+01
  3.4100e+02     3.987328e+01
  3.4120e+02     4.003005e+01
  3.4140e+02     4.018757e+01
  3.4160e+02     4.034583e+01
  3.4180e+02     4.050485e+01
  3.4200e+02     4.066463e+01
  3.4220e+02     4.082517e+01
  3.4240e+02     4.098647e+01
  3.4260e+02     4.114854e+01
  3.4280e+02     4.131139e+01
  3.4300e+02     4.147500e+01
  3.4320e+02     4.163940e+01
  3.4340e+02     4.180458e+01
  3.4360e+02     4.197055e+01
  3.4380e+02     4.213730e+01
  3.4400e+02     4.230485e+01
  3.4420e+02     4.247320e+01
  3.4440e+02     4.264235e+01
  3.4460e+02     4.281231e+01
  3.4480e+02     4.298307e+01
  3.4500e+02     4.315465e+01
  3.4520e+02     4.332704e+01
  3.4540e+02     4.350026e+01
  3.4560e+02     4.367430e+01
  3.4580e+02     4.384916e+01
  3.4600e+02     4.402486e+01
  3.4620e+02     4.420140e+01
  3.4640e+02     4.437878e+01
  3.4660e+02     4.455700e+01
  3.4680e+02     4.473607e+01
  3.4700e+02     4.491599e+01
  3.4720e+02     4.509677e+01
  3.4740e+02     4.527841e+01
  3.4760e+02     4.546091e+01
  3.4780e+02     4.564428e+01
  3.4800e+02     4.582852e+01
  3.4820e+02     4.601364e+01
  3.4840e+02     4.619964e+01
  3.4860e+02     4.638653e+01
  3.4880e+02     4.657430e+01
  3.4900e+02     4.676297e+01
  3.4920e+02     4.695254e+01
  3.4940e+02     4.714300e+01
  3.4960e+02     4.733438e+01
  3.4980e+02     4.752666e+01
  3.5000e+02     4.771986e+01
  3.5020e+02     4.791397e+01
  3.5040e+02     4.810901e+01
  3.5060e+02     4.830498e+01
  3.5080e+02     4.850187e+01
  3.5100e+02     4.869970e+01
  3.5120e+02     4.889848e+01
  3.5140e+02     4.909819e+01
  3.5160e+02     4.929886e+01
  3.5180e+02     4.950048e+01
  3.5200e+02     4.970305e+01
  3.5220e+02     4.990659e+01
  3.5240e+02     5.011110e+01
  3.5260e+02     5.031657e+01
  3.5280e+02     5.052303e+01
  3.5300e+02     5.073046e+01
  3.5320e+02     5.093887e+01
  3.5340e+02     5.114828e+01
  3.5360e+02     5.135868e+01
  3.5380e+02     5.157007e+01
  3.5400e+02     5.178247e+01
  3.5420e+02     5.199588e+01
  3.5440e+02     5.221030e+01
  3.5460e+02     5.242573e+01
  3.5480e+02     5.264219e+01
  3.5500e+02     5.285967e+01
  3.5520e+02     5.307819e+01
  3.5540e+02     5.329773e+01
  3.5560e+02     5.351832e+01
  3.5580e+02     5.373995e+01
  3.5600e+02     5.396264e+01
  3.5620e+02     5.418637e+01
  3.5640e+02     5.441117e+01
  3.5660e+02     5.463703e+01
  3.5680e+02     5.486396e+01
  3.5700e+02     5.509196e+01
  3.5720e+02     5.532104e+01
  3.5740e+02     5.555120e+01
  3.5760e+02     5.578245e+01
  3.5780e+02     5.601480e+01
  3.5800e+02     5.624824e+01
  3.5820e+02     5.648278e+01
  3.5840e+02     5.671844e+01
  3.5860e+02     5.695520e+01
  3.5880e+02     5.719308e+01
  3.5900e+02     5.743209e+01
  3.5920e+02     5.767222e+01
  3.5940e+02     5.791349e+01
  3.5960e+02     5.815589e+01
  3.5980e+02     5.839944e+01
