# Epidemic | 7 days incidence [ x-unit: days | y-unit: per 100000 ]
  0.0000e+00     3.618006e+02
  2.0000e-01     3.595225e+02
  4.0000e-01     3.572543e+02
  6.0000e-01     3.549962e+02
  8.0000e-01     3.527481e+02
  1.0000e+00     3.505100e+02
  1.2000e+00     3.482821e+02
  1.4000e+00     3.460643e+02
  1.6000e+00     3.438566e+02
  1.8000e+00     3.416592e+02
  2.0000e+00     3.394721e+02
  2.2000e+00     3.372952e+02
  2.4000e+00     3.351286e+02
  2.6000e+00     3.329724e+02
  2.8000e+00     3.308266e+02
  3.0000e+00     3.286911e+02
  3.2000e+00     3.265661e+02
  3.4000e+00     3.244514e+02
  3.6000e+00     3.223473e+02
  3.8000e+00     3.202536e+02
  4.0000e+00     3.181704e+02
  4.2000e+00     3.160977e+02
  4.4000e+00     3.140356e+02
  4.6000e+00     3.119839e+02
  4.8000e+00     3.099428e+02
  5.0000e+00     3.079123e+02
  5.2000e+00     3.058923e+02
  5.4000e+00     3.038829e+02
  5.6000e+00     3.018841e+02
  5.8000e+00     2.998959e+02
  6.0000e+00     2.979182e+02
  6.2000e+00     2.959512e+02
  6.4000e+00     2.939947e+02
  6.6000e+00     2.920488e+02
  6.8000e+00     2.901135e+02
  7.0000e+00     2.881888e+02
  7.2000e+00     2.867305e+02
  7.4000e+00     2.853284e+02
  7.6000e+00     2.839316e+02
  7.8000e+00     2.825402e+02
  8.0000e+00     2.811540e+02
  8.2000e+00     2.797732e+02
  8.4000e+00     2.783976e+02
  8.6000e+00     2.770272e+02
  8.8000e+00     2.756621e+02
  9.0000e+00     2.743023e+02
  9.2000e+00     2.729477e+02
  9.4000e+00     2.715982e+02
  9.6000e+00     2.702540e+02
  9.8000e+00     2.689150e+02
  1.0000e+01     2.675812e+02
  1.0200e+01     2.662526e+02
  1.0400e+01     2.649291e+02
  1.0600e+01     2.636108e+02
  1.0800e+01     2.622976e+02
  1.1000e+01     2.609896e+02
  1.1200e+01     2.596867e+02
  1.1400e+01     2.583889e+02
  1.1600e+01     2.570963e+02
  1.1800e+01     2.558087e+02
  1.2000e+01     2.545262e+02
  1.2200e+01     2.532488e+02
  1.2400e+01     2.519765e+02
  1.2600e+01     2.507093e+02
  1.2800e+01     2.494471e+02
  1.3000e+01     2.481900e+02
  1.3200e+01     2.469379e+02
  1.3400e+01     2.456909e+02
  1.3600e+01     2.444489e+02
  1.3800e+01     2.432119e+02
  1.4000e+01     2.419799e+02
  1.4200e+01     2.407529e+02
  1.4400e+01     2.395310e+02
  1.4600e+01     2.383140e+02
  1.4800e+01     2.371020e+02
  1.5000e+01     2.358949e+02
  1.5200e+01     2.346929e+02
  1.5400e+01     2.334957e+02
  1.5600e+01     2.323036e+02
  1.5800e+01     2.311164e+02
  1.6000e+01     2.299341e+02
  1.6200e+01     2.287567e+02
  1.6400e+01     2.275843e+02
  1.6600e+01     2.264168e+02
  1.6800e+01     2.252542e+02
  1.7000e+01     2.240964e+02
  1.7200e+01     2.229436e+02
  1.7400e+01     2.217957e+02
  1.7600e+01     2.206526e+02
  1.7800e+01     2.195144e+02
  1.8000e+01     2.183810e+02
  1.8200e+01     2.172525e+02
  1.8400e+01     2.161288e+02
  1.8600e+01     2.150100e+02
  1.8800e+01     2.138960e+02
  1.9000e+01     2.127868e+02
  1.9200e+01     2.116825e+02
  1.9400e+01     2.105829e+02
  1.9600e+01     2.094881e+02
  1.9800e+01     2.083981e+02
  2.0000e+01     2.073129e+02
  2.0200e+01     2.062325e+02
  2.0400e+01     2.051568e+02
  2.0600e+01     2.040859e+02
  2.0800e+01     2.030197e+02
  2.1000e+01     2.019583e+02
  2.1200e+01     2.006029e+02
  2.1400e+01     1.992234e+02
  2.1600e+01     1.978529e+02
  2.1800e+01     1.964916e+02
  2.2000e+01     1.951393e+02
  2.2200e+01     1.937959e+02
  2.2400e+01     1.924616e+02
  2.2600e+01     1.911362e+02
  2.2800e+01     1.898196e+02
  2.3000e+01     1.885119e+02
  2.3200e+01     1.872130e+02
  2.3400e+01     1.859228e+02
  2.3600e+01     1.846414e+02
  2.3800e+01     1.833686e+02
  2.4000e+01     1.821045e+02
  2.4200e+01     1.808489e+02
  2.4400e+01     1.796019e+02
  2.4600e+01     1.783634e+02
  2.4800e+01     1.771333e+02
  2.5000e+01     1.759117e+02
  2.5200e+01     1.746984e+02
  2.5400e+01     1.734935e+02
  2.5600e+01     1.722968e+02
  2.5800e+01     1.711084e+02
  2.6000e+01     1.699282e+02
  2.6200e+01     1.687562e+02
  2.6400e+01     1.675922e+02
  2.6600e+01     1.664364e+02
  2.6800e+01     1.652885e+02
  2.7000e+01     1.641486e+02
  2.7200e+01     1.630167e+02
  2.7400e+01     1.618927e+02
  2.7600e+01     1.607765e+02
  2.7800e+01     1.596681e+02
  2.8000e+01     1.585675e+02
  2.8200e+01     1.574746e+02
  2.8400e+01     1.563894e+02
  2.8600e+01     1.553118e+02
  2.8800e+01     1.542418e+02
  2.9000e+01     1.531793e+02
  2.9200e+01     1.521243e+02
  2.9400e+01     1.510768e+02
  2.9600e+01     1.500367e+02
  2.9800e+01     1.490040e+02
  3.0000e+01     1.479786e+02
  3.0200e+01     1.469604e+02
  3.0400e+01     1.459495e+02
  3.0600e+01     1.449458e+02
  3.0800e+01     1.439493e+02
  3.1000e+01     1.429599e+02
  3.1200e+01     1.419775e+02
  3.1400e+01     1.410021e+02
  3.1600e+01     1.400337e+02
  3.1800e+01     1.390723e+02
  3.2000e+01     1.381177e+02
  3.2200e+01     1.371700e+02
  3.2400e+01     1.362291e+02
  3.2600e+01     1.352950e+02
  3.2800e+01     1.343676e+02
  3.3000e+01     1.334468e+02
  3.3200e+01     1.325327e+02
  3.3400e+01     1.316252e+02
  3.3600e+01     1.307243e+02
  3.3800e+01     1.298298e+02
  3.4000e+01     1.289418e+02
  3.4200e+01     1.280603e+02
  3.4400e+01     1.271851e+02
  3.4600e+01     1.263163e+02
  3.4800e+01     1.254538e+02
  3.5000e+01     1.245975e+02
  3.5200e+01     1.237474e+02
  3.5400e+01     1.229036e+02
  3.5600e+01     1.220658e+02
  3.5800e+01     1.212342e+02
  3.6000e+01     1.204086e+02
  3.6200e+01     1.195891e+02
  3.6400e+01     1.187755e+02
  3.6600e+01     1.179678e+02
  3.6800e+01     1.171661e+02
  3.7000e+01     1.163702e+02
  3.7200e+01     1.155801e+02
  3.7400e+01     1.147958e+02
  3.7600e+01     1.140172e+02
  3.7800e+01     1.132443e+02
  3.8000e+01     1.124771e+02
  3.8200e+01     1.117155e+02
  3.8400e+01     1.109595e+02
  3.8600e+01     1.102091e+02
  3.8800e+01     1.094641e+02
  3.9000e+01     1.087247e+02
  3.9200e+01     1.079906e+02
  3.9400e+01     1.072619e+02
  3.9600e+01     1.065386e+02
  3.9800e+01     1.058207e+02
  4.0000e+01     1.051080e+02
  4.0200e+01     1.044005e+02
  4.0400e+01     1.036982e+02
  4.0600e+01     1.030012e+02
  4.0800e+01     1.023092e+02
  4.1000e+01     1.016224e+02
  4.1200e+01     1.009406e+02
  4.1400e+01     1.002638e+02
  4.1600e+01     9.959210e+01
  4.1800e+01     9.892529e+01
  4.2000e+01     9.826340e+01
  4.2200e+01     9.760640e+01
  4.2400e+01     9.695424e+01
  4.2600e+01     9.630690e+01
  4.2800e+01     9.566434e+01
  4.3000e+01     9.502653e+01
  4.3200e+01     9.439343e+01
  4.3400e+01     9.376501e+01
  4.3600e+01     9.314123e+01
  4.3800e+01     9.252207e+01
  4.4000e+01     9.190748e+01
  4.4200e+01     9.129744e+01
  4.4400e+01     9.069191e+01
  4.4600e+01     9.009086e+01
  4.4800e+01     8.949426e+01
  4.5000e+01     8.890207e+01
  4.5200e+01     8.831426e+01
  4.5400e+01     8.773080e+01
  4.5600e+01     8.715166e+01
  4.5800e+01     8.657681e+01
  4.6000e+01     8.600621e+01
  4.6200e+01     8.543983e+01
  4.6400e+01     8.487765e+01
  4.6600e+01     8.431963e+01
  4.6800e+01     8.376574e+01
  4.7000e+01     8.321595e+01
  4.7200e+01     8.267023e+01
  4.7400e+01     8.212855e+01
  4.7600e+01     8.159088e+01
  4.7800e+01     8.105720e+01
  4.8000e+01     8.052746e+01
  4.8200e+01     8.000164e+01
  4.8400e+01     7.947972e+01
  4.8600e+01     7.896166e+01
  4.8800e+01     7.844743e+01
  4.9000e+01     7.793701e+01
  4.9200e+01     7.743037e+01
  4.9400e+01     7.692748e+01
  4.9600e+01     7.642830e+01
  4.9800e+01     7.593282e+01
  5.0000e+01     7.544101e+01
  5.0200e+01     7.495284e+01
  5.0400e+01     7.446827e+01
  5.0600e+01     7.398729e+01
  5.0800e+01     7.350986e+01
  5.1000e+01     7.303597e+01
  5.1200e+01     7.256558e+01
  5.1400e+01     7.209866e+01
  5.1600e+01     7.163520e+01
  5.1800e+01     7.117516e+01
  5.2000e+01     7.071852e+01
  5.2200e+01     7.026525e+01
  5.2400e+01     6.981533e+01
  5.2600e+01     6.936873e+01
  5.2800e+01     6.892543e+01
  5.3000e+01     6.848540e+01
  5.3200e+01     6.804862e+01
  5.3400e+01     6.761505e+01
  5.3600e+01     6.718469e+01
  5.3800e+01     6.675750e+01
  5.4000e+01     6.633346e+01
  5.4200e+01     6.591255e+01
  5.4400e+01     6.549473e+01
  5.4600e+01     6.508000e+01
  5.4800e+01     6.466832e+01
  5.5000e+01     6.425967e+01
  5.5200e+01     6.385402e+01
  5.5400e+01     6.345137e+01
  5.5600e+01     6.305167e+01
  5.5800e+01     6.265492e+01
  5.6000e+01     6.226108e+01
  5.6200e+01     6.187014e+01
  5.6400e+01     6.148207e+01
  5.6600e+01     6.109684e+01
  5.6800e+01     6.071445e+01
  5.7000e+01     6.033487e+01
  5.7200e+01     5.995807e+01
  5.7400e+01     5.958403e+01
  5.7600e+01     5.921274e+01
  5.7800e+01     5.884417e+01
  5.8000e+01     5.847830e+01
  5.8200e+01     5.811511e+01
  5.8400e+01     5.775458e+01
  5.8600e+01     5.739669e+01
  5.8800e+01     5.704142e+01
  5.9000e+01     5.668875e+01
  5.9200e+01     5.633866e+01
  5.9400e+01     5.599112e+01
  5.9600e+01     5.564613e+01
  5.9800e+01     5.530365e+01
  6.0000e+01     5.496367e+01
  6.0200e+01     5.462618e+01
  6.0400e+01     5.429115e+01
  6.0600e+01     5.395856e+01
  6.0800e+01     5.362839e+01
  6.1000e+01     5.330063e+01
  6.1200e+01     5.297525e+01
  6.1400e+01     5.265225e+01
  6.1600e+01     5.233159e+01
  6.1800e+01     5.201327e+01
  6.2000e+01     5.169726e+01
  6.2200e+01     5.138355e+01
  6.2400e+01     5.107211e+01
  6.2600e+01     5.076294e+01
  6.2800e+01     5.045601e+01
  6.3000e+01     5.015130e+01
  6.3200e+01     4.984881e+01
  6.3400e+01     4.954850e+01
  6.3600e+01     4.925037e+01
  6.3800e+01     4.895440e+01
  6.4000e+01     4.866057e+01
  6.4200e+01     4.836887e+01
  6.4400e+01     4.807927e+01
  6.4600e+01     4.779177e+01
  6.4800e+01     4.750634e+01
  6.5000e+01     4.722297e+01
  6.5200e+01     4.694164e+01
  6.5400e+01     4.666235e+01
  6.5600e+01     4.638506e+01
  6.5800e+01     4.610978e+01
  6.6000e+01     4.583647e+01
  6.6200e+01     4.556514e+01
  6.6400e+01     4.529575e+01
  6.6600e+01     4.502830e+01
  6.6800e+01     4.476277e+01
  6.7000e+01     4.449914e+01
  6.7200e+01     4.423741e+01
  6.7400e+01     4.397755e+01
  6.7600e+01     4.371956e+01
  6.7800e+01     4.346342e+01
  6.8000e+01     4.320911e+01
  6.8200e+01     4.295661e+01
  6.8400e+01     4.270593e+01
  6.8600e+01     4.245703e+01
  6.8800e+01     4.220992e+01
  6.9000e+01     4.196456e+01
  6.9200e+01     4.172096e+01
  6.9400e+01     4.147910e+01
  6.9600e+01     4.123896e+01
  6.9800e+01     4.100053e+01
  7.0000e+01     4.076379e+01
  7.0200e+01     4.052874e+01
  7.0400e+01     4.029536e+01
  7.0600e+01     4.006364e+01
  7.0800e+01     3.983357e+01
  7.1000e+01     3.960512e+01
  7.1200e+01     3.937830e+01
  7.1400e+01     3.915309e+01
  7.1600e+01     3.892947e+01
  7.1800e+01     3.870743e+01
  7.2000e+01     3.848697e+01
  7.2200e+01     3.826806e+01
  7.2400e+01     3.805070e+01
  7.2600e+01     3.783487e+01
  7.2800e+01     3.762057e+01
  7.3000e+01     3.740778e+01
  7.3200e+01     3.719649e+01
  7.3400e+01     3.698669e+01
  7.3600e+01     3.677836e+01
  7.3800e+01     3.657150e+01
  7.4000e+01     3.636609e+01
  7.4200e+01     3.616213e+01
  7.4400e+01     3.595960e+01
  7.4600e+01     3.575849e+01
  7.4800e+01     3.555879e+01
  7.5000e+01     3.536049e+01
  7.5200e+01     3.516357e+01
  7.5400e+01     3.496804e+01
  7.5600e+01     3.477387e+01
  7.5800e+01     3.458106e+01
  7.6000e+01     3.438959e+01
  7.6200e+01     3.419947e+01
  7.6400e+01     3.401066e+01
  7.6600e+01     3.382318e+01
  7.6800e+01     3.363700e+01
  7.7000e+01     3.345211e+01
  7.7200e+01     3.326851e+01
  7.7400e+01     3.308619e+01
  7.7600e+01     3.290514e+01
  7.7800e+01     3.272534e+01
  7.8000e+01     3.254678e+01
  7.8200e+01     3.236947e+01
  7.8400e+01     3.219338e+01
  7.8600e+01     3.201851e+01
  7.8800e+01     3.184486e+01
  7.9000e+01     3.167240e+01
  7.9200e+01     3.150113e+01
  7.9400e+01     3.133104e+01
  7.9600e+01     3.116213e+01
  7.9800e+01     3.099439e+01
  8.0000e+01     3.082779e+01
  8.0200e+01     3.066235e+01
  8.0400e+01     3.049804e+01
  8.0600e+01     3.033486e+01
  8.0800e+01     3.017280e+01
  8.1000e+01     3.001186e+01
  8.1200e+01     2.985201e+01
  8.1400e+01     2.969327e+01
  8.1600e+01     2.953561e+01
  8.1800e+01     2.937903e+01
  8.2000e+01     2.922352e+01
  8.2200e+01     2.906907e+01
  8.2400e+01     2.891568e+01
  8.2600e+01     2.876333e+01
  8.2800e+01     2.861202e+01
  8.3000e+01     2.846175e+01
  8.3200e+01     2.831249e+01
  8.3400e+01     2.816426e+01
  8.3600e+01     2.801702e+01
  8.3800e+01     2.787079e+01
  8.4000e+01     2.772556e+01
  8.4200e+01     2.758130e+01
  8.4400e+01     2.743803e+01
  8.4600e+01     2.729572e+01
  8.4800e+01     2.715438e+01
  8.5000e+01     2.701400e+01
  8.5200e+01     2.687456e+01
  8.5400e+01     2.673607e+01
  8.5600e+01     2.659850e+01
  8.5800e+01     2.646187e+01
  8.6000e+01     2.632616e+01
  8.6200e+01     2.619136e+01
  8.6400e+01     2.605747e+01
  8.6600e+01     2.592447e+01
  8.6800e+01     2.579238e+01
  8.7000e+01     2.566116e+01
  8.7200e+01     2.553083e+01
  8.7400e+01     2.540137e+01
  8.7600e+01     2.527278e+01
  8.7800e+01     2.514505e+01
  8.8000e+01     2.501817e+01
  8.8200e+01     2.489214e+01
  8.8400e+01     2.476695e+01
  8.8600e+01     2.464260e+01
  8.8800e+01     2.451907e+01
  8.9000e+01     2.439637e+01
  8.9200e+01     2.427449e+01
  8.9400e+01     2.415341e+01
  8.9600e+01     2.403314e+01
  8.9800e+01     2.391367e+01
  9.0000e+01     2.379499e+01
  9.0200e+01     2.367710e+01
  9.0400e+01     2.355999e+01
  9.0600e+01     2.344366e+01
  9.0800e+01     2.332809e+01
  9.1000e+01     2.321329e+01
  9.1200e+01     2.309924e+01
  9.1400e+01     2.298595e+01
  9.1600e+01     2.287341e+01
  9.1800e+01     2.276160e+01
  9.2000e+01     2.265054e+01
  9.2200e+01     2.254020e+01
  9.2400e+01     2.243059e+01
  9.2600e+01     2.232170e+01
  9.2800e+01     2.221352e+01
  9.3000e+01     2.210606e+01
  9.3200e+01     2.199929e+01
  9.3400e+01     2.189323e+01
  9.3600e+01     2.178786e+01
  9.3800e+01     2.168318e+01
  9.4000e+01     2.157918e+01
  9.4200e+01     2.147586e+01
  9.4400e+01     2.137322e+01
  9.4600e+01     2.127125e+01
  9.4800e+01     2.116993e+01
  9.5000e+01     2.106928e+01
  9.5200e+01     2.096928e+01
  9.5400e+01     2.086994e+01
  9.5600e+01     2.077123e+01
  9.5800e+01     2.067317e+01
  9.6000e+01     2.057574e+01
  9.6200e+01     2.047894e+01
  9.6400e+01     2.038277e+01
  9.6600e+01     2.028723e+01
  9.6800e+01     2.019229e+01
  9.7000e+01     2.009798e+01
  9.7200e+01     2.000427e+01
  9.7400e+01     1.991116e+01
  9.7600e+01     1.981865e+01
  9.7800e+01     1.972674e+01
  9.8000e+01     1.963542e+01
  9.8200e+01     1.954469e+01
  9.8400e+01     1.945454e+01
  9.8600e+01     1.936497e+01
  9.8800e+01     1.927597e+01
  9.9000e+01     1.918754e+01
  9.9200e+01     1.909968e+01
  9.9400e+01     1.901238e+01
  9.9600e+01     1.892563e+01
  9.9800e+01     1.883944e+01
  1.0000e+02     1.875380e+01
  1.0020e+02     1.866871e+01
  1.0040e+02     1.858416e+01
  1.0060e+02     1.850015e+01
  1.0080e+02     1.841667e+01
  1.0100e+02     1.833372e+01
  1.0120e+02     1.825130e+01
  1.0140e+02     1.816940e+01
  1.0160e+02     1.808802e+01
  1.0180e+02     1.800715e+01
  1.0200e+02     1.792680e+01
  1.0220e+02     1.784696e+01
  1.0240e+02     1.776762e+01
  1.0260e+02     1.768878e+01
  1.0280e+02     1.761044e+01
  1.0300e+02     1.753259e+01
  1.0320e+02     1.745523e+01
  1.0340e+02     1.737836e+01
  1.0360e+02     1.730197e+01
  1.0380e+02     1.722607e+01
  1.0400e+02     1.715064e+01
  1.0420e+02     1.707568e+01
  1.0440e+02     1.700119e+01
  1.0460e+02     1.692717e+01
  1.0480e+02     1.685362e+01
  1.0500e+02     1.678052e+01
  1.0520e+02     1.670788e+01
  1.0540e+02     1.663569e+01
  1.0560e+02     1.656396e+01
  1.0580e+02     1.649267e+01
  1.0600e+02     1.642183e+01
  1.0620e+02     1.635142e+01
  1.0640e+02     1.628146e+01
  1.0660e+02     1.621193e+01
  1.0680e+02     1.614283e+01
  1.0700e+02     1.607416e+01
  1.0720e+02     1.600592e+01
  1.0740e+02     1.593809e+01
  1.0760e+02     1.587069e+01
  1.0780e+02     1.580371e+01
  1.0800e+02     1.573714e+01
  1.0820e+02     1.567098e+01
  1.0840e+02     1.560523e+01
  1.0860e+02     1.553989e+01
  1.0880e+02     1.547494e+01
  1.0900e+02     1.541040e+01
  1.0920e+02     1.534626e+01
  1.0940e+02     1.528251e+01
  1.0960e+02     1.521915e+01
  1.0980e+02     1.515618e+01
  1.1000e+02     1.509360e+01
  1.1020e+02     1.503140e+01
  1.1040e+02     1.496958e+01
  1.1060e+02     1.490814e+01
  1.1080e+02     1.484707e+01
  1.1100e+02     1.478638e+01
  1.1120e+02     1.472606e+01
  1.1140e+02     1.466611e+01
  1.1160e+02     1.460652e+01
  1.1180e+02     1.454730e+01
  1.1200e+02     1.448844e+01
  1.1220e+02     1.442993e+01
  1.1240e+02     1.437178e+01
  1.1260e+02     1.431399e+01
  1.1280e+02     1.425654e+01
  1.1300e+02     1.419945e+01
  1.1320e+02     1.414270e+01
  1.1340e+02     1.408629e+01
  1.1360e+02     1.403022e+01
  1.1380e+02     1.397450e+01
  1.1400e+02     1.391911e+01
  1.1420e+02     1.386405e+01
  1.1440e+02     1.380933e+01
  1.1460e+02     1.375494e+01
  1.1480e+02     1.370087e+01
  1.1500e+02     1.364714e+01
  1.1520e+02     1.359372e+01
  1.1540e+02     1.354062e+01
  1.1560e+02     1.348785e+01
  1.1580e+02     1.343539e+01
  1.1600e+02     1.338325e+01
  1.1620e+02     1.333141e+01
  1.1640e+02     1.327989e+01
  1.1660e+02     1.322868e+01
  1.1680e+02     1.317778e+01
  1.1700e+02     1.312717e+01
  1.1720e+02     1.307687e+01
  1.1740e+02     1.302687e+01
  1.1760e+02     1.297717e+01
  1.1780e+02     1.292777e+01
  1.1800e+02     1.287866e+01
  1.1820e+02     1.282984e+01
  1.1840e+02     1.278131e+01
  1.1860e+02     1.273307e+01
  1.1880e+02     1.268512e+01
  1.1900e+02     1.263745e+01
  1.1920e+02     1.259007e+01
  1.1940e+02     1.254296e+01
  1.1960e+02     1.249614e+01
  1.1980e+02     1.244959e+01
  1.2000e+02     1.240332e+01
  1.2020e+02     1.235732e+01
  1.2040e+02     1.231159e+01
  1.2060e+02     1.226613e+01
  1.2080e+02     1.222095e+01
  1.2100e+02     1.217602e+01
  1.2120e+02     1.213136e+01
  1.2140e+02     1.208697e+01
  1.2160e+02     1.204284e+01
  1.2180e+02     1.199896e+01
  1.2200e+02     1.195534e+01
  1.2220e+02     1.191198e+01
  1.2240e+02     1.186888e+01
  1.2260e+02     1.182603e+01
  1.2280e+02     1.178342e+01
  1.2300e+02     1.174107e+01
  1.2320e+02     1.169897e+01
  1.2340e+02     1.165711e+01
  1.2360e+02     1.161549e+01
  1.2380e+02     1.157412e+01
  1.2400e+02     1.153299e+01
  1.2420e+02     1.149210e+01
  1.2440e+02     1.145145e+01
  1.2460e+02     1.141104e+01
  1.2480e+02     1.137086e+01
  1.2500e+02     1.133092e+01
  1.2520e+02     1.129120e+01
  1.2540e+02     1.125172e+01
  1.2560e+02     1.121247e+01
  1.2580e+02     1.117345e+01
  1.2600e+02     1.113465e+01
  1.2620e+02     1.109607e+01
  1.2640e+02     1.105773e+01
  1.2660e+02     1.101960e+01
  1.2680e+02     1.098169e+01
  1.2700e+02     1.094400e+01
  1.2720e+02     1.090653e+01
  1.2740e+02     1.086928e+01
  1.2760e+02     1.083224e+01
  1.2780e+02     1.079542e+01
  1.2800e+02     1.075881e+01
  1.2820e+02     1.072241e+01
  1.2840e+02     1.068621e+01
  1.2860e+02     1.065023e+01
  1.2880e+02     1.061446e+01
  1.2900e+02     1.057889e+01
  1.2920e+02     1.054352e+01
  1.2940e+02     1.050836e+01
  1.2960e+02     1.047340e+01
  1.2980e+02     1.043864e+01
  1.3000e+02     1.040408e+01
  1.3020e+02     1.036971e+01
  1.3040e+02     1.033555e+01
  1.3060e+02     1.030158e+01
  1.3080e+02     1.026780e+01
  1.3100e+02     1.023422e+01
  1.3120e+02     1.020083e+01
  1.3140e+02     1.016763e+01
  1.3160e+02     1.013462e+01
  1.3180e+02     1.010180e+01
  1.3200e+02     1.006916e+01
  1.3220e+02     1.003671e+01
  1.3240e+02     1.000445e+01
  1.3260e+02     9.972372e+00
  1.3280e+02     9.940475e+00
  1.3300e+02     9.908759e+00
  1.3320e+02     9.877224e+00
  1.3340e+02     9.845868e+00
  1.3360e+02     9.814690e+00
  1.3380e+02     9.783689e+00
  1.3400e+02     9.752864e+00
  1.3420e+02     9.722214e+00
  1.3440e+02     9.691738e+00
  1.3460e+02     9.661435e+00
  1.3480e+02     9.631303e+00
  1.3500e+02     9.601342e+00
  1.3520e+02     9.571550e+00
  1.3540e+02     9.541927e+00
  1.3560e+02     9.512472e+00
  1.3580e+02     9.483183e+00
  1.3600e+02     9.454060e+00
  1.3620e+02     9.425101e+00
  1.3640e+02     9.396306e+00
  1.3660e+02     9.367673e+00
  1.3680e+02     9.339202e+00
  1.3700e+02     9.310891e+00
  1.3720e+02     9.282740e+00
  1.3740e+02     9.254748e+00
  1.3760e+02     9.226913e+00
  1.3780e+02     9.199235e+00
  1.3800e+02     9.171713e+00
  1.3820e+02     9.144346e+00
  1.3840e+02     9.117132e+00
  1.3860e+02     9.090072e+00
  1.3880e+02     9.063164e+00
  1.3900e+02     9.036406e+00
  1.3920e+02     9.009800e+00
  1.3940e+02     8.983342e+00
  1.3960e+02     8.957033e+00
  1.3980e+02     8.930872e+00
  1.4000e+02     8.904857e+00
  1.4020e+02     8.878988e+00
  1.4040e+02     8.853264e+00
  1.4060e+02     8.827685e+00
  1.4080e+02     8.802248e+00
  1.4100e+02     8.776954e+00
  1.4120e+02     8.751802e+00
  1.4140e+02     8.726790e+00
  1.4160e+02     8.701919e+00
  1.4180e+02     8.677186e+00
  1.4200e+02     8.652592e+00
  1.4220e+02     8.628135e+00
  1.4240e+02     8.603815e+00
  1.4260e+02     8.579631e+00
  1.4280e+02     8.555582e+00
  1.4300e+02     8.531667e+00
  1.4320e+02     8.507886e+00
  1.4340e+02     8.484237e+00
  1.4360e+02     8.460721e+00
  1.4380e+02     8.437336e+00
  1.4400e+02     8.414081e+00
  1.4420e+02     8.390956e+00
  1.4440e+02     8.367959e+00
  1.4460e+02     8.345091e+00
  1.4480e+02     8.322351e+00
  1.4500e+02     8.299737e+00
  1.4520e+02     8.277249e+00
  1.4540e+02     8.254887e+00
  1.4560e+02     8.232649e+00
  1.4580e+02     8.210535e+00
  1.4600e+02     8.188544e+00
  1.4620e+02     8.166675e+00
  1.4640e+02     8.144929e+00
  1.4660e+02     8.123303e+00
  1.4680e+02     8.101798e+00
  1.4700e+02     8.080412e+00
  1.4720e+02     8.059145e+00
  1.4740e+02     8.037997e+00
  1.4760e+02     8.016966e+00
  1.4780e+02     7.996053e+00
  1.4800e+02     7.975255e+00
  1.4820e+02     7.954574e+00
  1.4840e+02     7.934007e+00
  1.4860e+02     7.913555e+00
  1.4880e+02     7.893216e+00
  1.4900e+02     7.872991e+00
  1.4920e+02     7.852878e+00
  1.4940e+02     7.832877e+00
  1.4960e+02     7.812987e+00
  1.4980e+02     7.793208e+00
  1.5000e+02     7.773538e+00
  1.5020e+02     7.753978e+00
  1.5040e+02     7.734527e+00
  1.5060e+02     7.715184e+00
  1.5080e+02     7.695949e+00
  1.5100e+02     7.676820e+00
  1.5120e+02     7.657798e+00
  1.5140e+02     7.638882e+00
  1.5160e+02     7.620071e+00
  1.5180e+02     7.601365e+00
  1.5200e+02     7.582762e+00
  1.5220e+02     7.564264e+00
  1.5240e+02     7.545868e+00
  1.5260e+02     7.527574e+00
  1.5280e+02     7.509382e+00
  1.5300e+02     7.491292e+00
  1.5320e+02     7.473302e+00
  1.5340e+02     7.455413e+00
  1.5360e+02     7.437623e+00
  1.5380e+02     7.419932e+00
  1.5400e+02     7.402339e+00
  1.5420e+02     7.384845e+00
  1.5440e+02     7.367448e+00
  1.5460e+02     7.350148e+00
  1.5480e+02     7.332945e+00
  1.5500e+02     7.315838e+00
  1.5520e+02     7.298826e+00
  1.5540e+02     7.281908e+00
  1.5560e+02     7.265086e+00
  1.5580e+02     7.248357e+00
  1.5600e+02     7.231721e+00
  1.5620e+02     7.215179e+00
  1.5640e+02     7.198729e+00
  1.5660e+02     7.182370e+00
  1.5680e+02     7.166104e+00
  1.5700e+02     7.149928e+00
  1.5720e+02     7.133843e+00
  1.5740e+02     7.117847e+00
  1.5760e+02     7.101942e+00
  1.5780e+02     7.086125e+00
  1.5800e+02     7.070397e+00
  1.5820e+02     7.054757e+00
  1.5840e+02     7.039204e+00
  1.5860e+02     7.023739e+00
  1.5880e+02     7.008361e+00
  1.5900e+02     6.993069e+00
  1.5920e+02     6.977863e+00
  1.5940e+02     6.962742e+00
  1.5960e+02     6.947707e+00
  1.5980e+02     6.932756e+00
  1.6000e+02     6.917889e+00
  1.6020e+02     6.903105e+00
  1.6040e+02     6.888405e+00
  1.6060e+02     6.873788e+00
  1.6080e+02     6.859253e+00
  1.6100e+02     6.844800e+00
  1.6120e+02     6.830429e+00
  1.6140e+02     6.816139e+00
  1.6160e+02     6.801930e+00
  1.6180e+02     6.787801e+00
  1.6200e+02     6.773752e+00
  1.6220e+02     6.759782e+00
  1.6240e+02     6.745892e+00
  1.6260e+02     6.732080e+00
  1.6280e+02     6.718347e+00
  1.6300e+02     6.704692e+00
  1.6320e+02     6.691114e+00
  1.6340e+02     6.677614e+00
  1.6360e+02     6.664190e+00
  1.6380e+02     6.650843e+00
  1.6400e+02     6.637571e+00
  1.6420e+02     6.624376e+00
  1.6440e+02     6.611255e+00
  1.6460e+02     6.598210e+00
  1.6480e+02     6.585239e+00
  1.6500e+02     6.572342e+00
  1.6520e+02     6.559519e+00
  1.6540e+02     6.546770e+00
  1.6560e+02     6.534094e+00
  1.6580e+02     6.521490e+00
  1.6600e+02     6.508959e+00
  1.6620e+02     6.496500e+00
  1.6640e+02     6.484113e+00
  1.6660e+02     6.471796e+00
  1.6680e+02     6.459551e+00
  1.6700e+02     6.447377e+00
  1.6720e+02     6.435273e+00
  1.6740e+02     6.423239e+00
  1.6760e+02     6.411275e+00
  1.6780e+02     6.399380e+00
  1.6800e+02     6.387553e+00
  1.6820e+02     6.375796e+00
  1.6840e+02     6.364107e+00
  1.6860e+02     6.352486e+00
  1.6880e+02     6.340933e+00
  1.6900e+02     6.329447e+00
  1.6920e+02     6.318028e+00
  1.6940e+02     6.306676e+00
  1.6960e+02     6.295390e+00
  1.6980e+02     6.284171e+00
  1.7000e+02     6.273017e+00
  1.7020e+02     6.261929e+00
  1.7040e+02     6.250906e+00
  1.7060e+02     6.239948e+00
  1.7080e+02     6.229055e+00
  1.7100e+02     6.218226e+00
  1.7120e+02     6.207461e+00
  1.7140e+02     6.196759e+00
  1.7160e+02     6.186121e+00
  1.7180e+02     6.175547e+00
  1.7200e+02     6.165035e+00
  1.7220e+02     6.154586e+00
  1.7240e+02     6.144199e+00
  1.7260e+02     6.133874e+00
  1.7280e+02     6.123611e+00
  1.7300e+02     6.113409e+00
  1.7320e+02     6.103268e+00
  1.7340e+02     6.093189e+00
  1.7360e+02     6.083170e+00
  1.7380e+02     6.073211e+00
  1.7400e+02     6.063313e+00
  1.7420e+02     6.053474e+00
  1.7440e+02     6.043695e+00
  1.7460e+02     6.033975e+00
  1.7480e+02     6.024315e+00
  1.7500e+02     6.014713e+00
  1.7520e+02     6.005170e+00
  1.7540e+02     5.995684e+00
  1.7560e+02     5.986257e+00
  1.7580e+02     5.976888e+00
  1.7600e+02     5.967577e+00
  1.7620e+02     5.958322e+00
  1.7640e+02     5.949125e+00
  1.7660e+02     5.939984e+00
  1.7680e+02     5.930900e+00
  1.7700e+02     5.921873e+00
  1.7720e+02     5.912901e+00
  1.7740e+02     5.903985e+00
  1.7760e+02     5.895125e+00
  1.7780e+02     5.886320e+00
  1.7800e+02     5.877571e+00
  1.7820e+02     5.868876e+00
  1.7840e+02     5.860236e+00
  1.7860e+02     5.851650e+00
  1.7880e+02     5.843119e+00
  1.7900e+02     5.834641e+00
  1.7920e+02     5.826218e+00
  1.7940e+02     5.817848e+00
  1.7960e+02     5.809531e+00
  1.7980e+02     5.801267e+00
  1.8000e+02     5.793057e+00
  1.8020e+02     5.784899e+00
  1.8040e+02     5.776793e+00
  1.8060e+02     5.768740e+00
  1.8080e+02     5.760739e+00
  1.8100e+02     5.752789e+00
  1.8120e+02     5.744891e+00
  1.8140e+02     5.737045e+00
  1.8160e+02     5.729250e+00
  1.8180e+02     5.721506e+00
  1.8200e+02     5.713812e+00
  1.8220e+02     5.706170e+00
  1.8240e+02     5.698577e+00
  1.8260e+02     5.691035e+00
  1.8280e+02     5.683543e+00
  1.8300e+02     5.676101e+00
  1.8320e+02     5.668709e+00
  1.8340e+02     5.661366e+00
  1.8360e+02     5.654072e+00
  1.8380e+02     5.646827e+00
  1.8400e+02     5.639631e+00
  1.8420e+02     5.632484e+00
  1.8440e+02     5.625385e+00
  1.8460e+02     5.618335e+00
  1.8480e+02     5.611332e+00
  1.8500e+02     5.604378e+00
  1.8520e+02     5.597472e+00
  1.8540e+02     5.590613e+00
  1.8560e+02     5.583801e+00
  1.8580e+02     5.577037e+00
  1.8600e+02     5.570320e+00
  1.8620e+02     5.563650e+00
  1.8640e+02     5.557026e+00
  1.8660e+02     5.550449e+00
  1.8680e+02     5.543919e+00
  1.8700e+02     5.537434e+00
  1.8720e+02     5.530996e+00
  1.8740e+02     5.524604e+00
  1.8760e+02     5.518257e+00
  1.8780e+02     5.511956e+00
  1.8800e+02     5.505700e+00
  1.8820e+02     5.499490e+00
  1.8840e+02     5.493325e+00
  1.8860e+02     5.487204e+00
  1.8880e+02     5.481128e+00
  1.8900e+02     5.475097e+00
  1.8920e+02     5.469111e+00
  1.8940e+02     5.463169e+00
  1.8960e+02     5.457270e+00
  1.8980e+02     5.451416e+00
  1.9000e+02     5.445606e+00
  1.9020e+02     5.439839e+00
  1.9040e+02     5.434116e+00
  1.9060e+02     5.428437e+00
  1.9080e+02     5.422800e+00
  1.9100e+02     5.417207e+00
  1.9120e+02     5.411657e+00
  1.9140e+02     5.406149e+00
  1.9160e+02     5.400685e+00
  1.9180e+02     5.395262e+00
  1.9200e+02     5.389883e+00
  1.9220e+02     5.384545e+00
  1.9240e+02     5.379250e+00
  1.9260e+02     5.373996e+00
  1.9280e+02     5.368785e+00
  1.9300e+02     5.363615e+00
  1.9320e+02     5.358487e+00
  1.9340e+02     5.353400e+00
  1.9360e+02     5.348355e+00
  1.9380e+02     5.343351e+00
  1.9400e+02     5.338387e+00
  1.9420e+02     5.333465e+00
  1.9440e+02     5.328584e+00
  1.9460e+02     5.323743e+00
  1.9480e+02     5.318943e+00
  1.9500e+02     5.314184e+00
  1.9520e+02     5.309465e+00
  1.9540e+02     5.304785e+00
  1.9560e+02     5.300147e+00
  1.9580e+02     5.295548e+00
  1.9600e+02     5.290988e+00
  1.9620e+02     5.286469e+00
  1.9640e+02     5.281989e+00
  1.9660e+02     5.277549e+00
  1.9680e+02     5.273148e+00
  1.9700e+02     5.268786e+00
  1.9720e+02     5.264464e+00
  1.9740e+02     5.260181e+00
  1.9760e+02     5.255936e+00
  1.9780e+02     5.251731e+00
  1.9800e+02     5.247564e+00
  1.9820e+02     5.243435e+00
  1.9840e+02     5.239346e+00
  1.9860e+02     5.235294e+00
  1.9880e+02     5.231281e+00
  1.9900e+02     5.227306e+00
  1.9920e+02     5.223369e+00
  1.9940e+02     5.219471e+00
  1.9960e+02     5.215610e+00
  1.9980e+02     5.211786e+00
  2.0000e+02     5.208001e+00
  2.0020e+02     5.204253e+00
  2.0040e+02     5.200543e+00
  2.0060e+02     5.196870e+00
  2.0080e+02     5.193234e+00
  2.0100e+02     5.189635e+00
  2.0120e+02     5.186074e+00
  2.0140e+02     5.182550e+00
  2.0160e+02     5.179062e+00
  2.0180e+02     5.175611e+00
  2.0200e+02     5.172197e+00
  2.0220e+02     5.168820e+00
  2.0240e+02     5.165479e+00
  2.0260e+02     5.162175e+00
  2.0280e+02     5.158907e+00
  2.0300e+02     5.155676e+00
  2.0320e+02     5.152480e+00
  2.0340e+02     5.149321e+00
  2.0360e+02     5.146198e+00
  2.0380e+02     5.143110e+00
  2.0400e+02     5.140059e+00
  2.0420e+02     5.137043e+00
  2.0440e+02     5.134063e+00
  2.0460e+02     5.131119e+00
  2.0480e+02     5.128210e+00
  2.0500e+02     5.125337e+00
  2.0520e+02     5.122499e+00
  2.0540e+02     5.119696e+00
  2.0560e+02     5.116929e+00
  2.0580e+02     5.114197e+00
  2.0600e+02     5.111499e+00
  2.0620e+02     5.108837e+00
  2.0640e+02     5.106210e+00
  2.0660e+02     5.103618e+00
  2.0680e+02     5.101060e+00
  2.0700e+02     5.098537e+00
  2.0720e+02     5.096049e+00
  2.0740e+02     5.093595e+00
  2.0760e+02     5.091176e+00
  2.0780e+02     5.088792e+00
  2.0800e+02     5.086441e+00
  2.0820e+02     5.084125e+00
  2.0840e+02     5.081843e+00
  2.0860e+02     5.079596e+00
  2.0880e+02     5.077382e+00
  2.0900e+02     5.075203e+00
  2.0920e+02     5.073057e+00
  2.0940e+02     5.070946e+00
  2.0960e+02     5.068868e+00
  2.0980e+02     5.066824e+00
  2.1000e+02     5.064814e+00
  2.1020e+02     5.062838e+00
  2.1040e+02     5.060895e+00
  2.1060e+02     5.058986e+00
  2.1080e+02     5.057110e+00
  2.1100e+02     5.055268e+00
  2.1120e+02     5.053459e+00
  2.1140e+02     5.051683e+00
  2.1160e+02     5.049941e+00
  2.1180e+02     5.048232e+00
  2.1200e+02     5.046556e+00
  2.1220e+02     5.044913e+00
  2.1240e+02     5.043303e+00
  2.1260e+02     5.041726e+00
  2.1280e+02     5.040183e+00
  2.1300e+02     5.038672e+00
  2.1320e+02     5.037194e+00
  2.1340e+02     5.035749e+00
  2.1360e+02     5.034336e+00
  2.1380e+02     5.032957e+00
  2.1400e+02     5.031610e+00
  2.1420e+02     5.030295e+00
  2.1440e+02     5.029014e+00
  2.1460e+02     5.027765e+00
  2.1480e+02     5.026548e+00
  2.1500e+02     5.025364e+00
  2.1520e+02     5.024212e+00
  2.1540e+02     5.023092e+00
  2.1560e+02     5.022005e+00
  2.1580e+02     5.020950e+00
  2.1600e+02     5.019928e+00
  2.1620e+02     5.018937e+00
  2.1640e+02     5.017979e+00
  2.1660e+02     5.017053e+00
  2.1680e+02     5.016159e+00
  2.1700e+02     5.015297e+00
  2.1720e+02     5.014468e+00
  2.1740e+02     5.013670e+00
  2.1760e+02     5.012904e+00
  2.1780e+02     5.012170e+00
  2.1800e+02     5.011468e+00
  2.1820e+02     5.010797e+00
  2.1840e+02     5.010159e+00
  2.1860e+02     5.009552e+00
  2.1880e+02     5.008977e+00
  2.1900e+02     5.008434e+00
  2.1920e+02     5.007923e+00
  2.1940e+02     5.007443e+00
  2.1960e+02     5.006995e+00
  2.1980e+02     5.006578e+00
  2.2000e+02     5.006193e+00
  2.2020e+02     5.005840e+00
  2.2040e+02     5.005518e+00
  2.2060e+02     5.005228e+00
  2.2080e+02     5.004969e+00
  2.2100e+02     5.004741e+00
  2.2120e+02     5.004545e+00
  2.2140e+02     5.004381e+00
  2.2160e+02     5.004248e+00
  2.2180e+02     5.004146e+00
  2.2200e+02     5.004075e+00
  2.2220e+02     5.004036e+00
  2.2240e+02     5.004029e+00
  2.2260e+02     5.004052e+00
  2.2280e+02     5.004107e+00
  2.2300e+02     5.004193e+00
  2.2320e+02     5.004310e+00
  2.2340e+02     5.004458e+00
  2.2360e+02     5.004638e+00
  2.2380e+02     5.004849e+00
  2.2400e+02     5.005091e+00
  2.2420e+02     5.005364e+00
  2.2440e+02     5.005668e+00
  2.2460e+02     5.006003e+00
  2.2480e+02     5.006370e+00
  2.2500e+02     5.006767e+00
  2.2520e+02     5.007196e+00
  2.2540e+02     5.007656e+00
  2.2560e+02     5.008147e+00
  2.2580e+02     5.008668e+00
  2.2600e+02     5.009221e+00
  2.2620e+02     5.009805e+00
  2.2640e+02     5.010420e+00
  2.2660e+02     5.011066e+00
  2.2680e+02     5.011743e+00
  2.2700e+02     5.012451e+00
  2.2720e+02     5.013190e+00
  2.2740e+02     5.013960e+00
  2.2760e+02     5.014761e+00
  2.2780e+02     5.015593e+00
  2.2800e+02     5.016456e+00
  2.2820e+02     5.017350e+00
  2.2840e+02     5.018275e+00
  2.2860e+02     5.019231e+00
  2.2880e+02     5.020217e+00
  2.2900e+02     5.021235e+00
  2.2920e+02     5.022284e+00
  2.2940e+02     5.023364e+00
  2.2960e+02     5.024474e+00
  2.2980e+02     5.025616e+00
  2.3000e+02     5.026789e+00
  2.3020e+02     5.027992e+00
  2.3040e+02     5.029227e+00
  2.3060e+02     5.030492e+00
  2.3080e+02     5.031789e+00
  2.3100e+02     5.033116e+00
  2.3120e+02     5.034475e+00
  2.3140e+02     5.035864e+00
  2.3160e+02     5.037285e+00
  2.3180e+02     5.038736e+00
  2.3200e+02     5.040219e+00
  2.3220e+02     5.041733e+00
  2.3240e+02     5.043277e+00
  2.3260e+02     5.044853e+00
  2.3280e+02     5.046460e+00
  2.3300e+02     5.048097e+00
  2.3320e+02     5.049766e+00
  2.3340e+02     5.051466e+00
  2.3360e+02     5.053197e+00
  2.3380e+02     5.054959e+00
  2.3400e+02     5.056753e+00
  2.3420e+02     5.058577e+00
  2.3440e+02     5.060433e+00
  2.3460e+02     5.062319e+00
  2.3480e+02     5.064237e+00
  2.3500e+02     5.066187e+00
  2.3520e+02     5.068167e+00
  2.3540e+02     5.070178e+00
  2.3560e+02     5.072221e+00
  2.3580e+02     5.074295e+00
  2.3600e+02     5.076401e+00
  2.3620e+02     5.078537e+00
  2.3640e+02     5.080705e+00
  2.3660e+02     5.082905e+00
  2.3680e+02     5.085135e+00
  2.3700e+02     5.087397e+00
  2.3720e+02     5.089691e+00
  2.3740e+02     5.092016e+00
  2.3760e+02     5.094372e+00
  2.3780e+02     5.096760e+00
  2.3800e+02     5.099179e+00
  2.3820e+02     5.101630e+00
  2.3840e+02     5.104112e+00
  2.3860e+02     5.106626e+00
  2.3880e+02     5.109172e+00
  2.3900e+02     5.111749e+00
  2.3920e+02     5.114358e+00
  2.3940e+02     5.116999e+00
  2.3960e+02     5.119671e+00
  2.3980e+02     5.122375e+00
  2.4000e+02     5.125111e+00
  2.4020e+02     5.127878e+00
  2.4040e+02     5.130677e+00
  2.4060e+02     5.133509e+00
  2.4080e+02     5.136372e+00
  2.4100e+02     5.139267e+00
  2.4120e+02     5.142194e+00
  2.4140e+02     5.145153e+00
  2.4160e+02     5.148144e+00
  2.4180e+02     5.151167e+00
  2.4200e+02     5.154222e+00
  2.4220e+02     5.157310e+00
  2.4240e+02     5.160429e+00
  2.4260e+02     5.163581e+00
  2.4280e+02     5.166765e+00
  2.4300e+02     5.169981e+00
  2.4320e+02     5.173229e+00
  2.4340e+02     5.176510e+00
  2.4360e+02     5.179823e+00
  2.4380e+02     5.183169e+00
  2.4400e+02     5.186547e+00
  2.4420e+02     5.189958e+00
  2.4440e+02     5.193401e+00
  2.4460e+02     5.196877e+00
  2.4480e+02     5.200386e+00
  2.4500e+02     5.203927e+00
  2.4520e+02     5.207501e+00
  2.4540e+02     5.211107e+00
  2.4560e+02     5.214747e+00
  2.4580e+02     5.218419e+00
  2.4600e+02     5.222125e+00
  2.4620e+02     5.225863e+00
  2.4640e+02     5.229634e+00
  2.4660e+02     5.233438e+00
  2.4680e+02     5.237276e+00
  2.4700e+02     5.241146e+00
  2.4720e+02     5.245050e+00
  2.4740e+02     5.248987e+00
  2.4760e+02     5.252958e+00
  2.4780e+02     5.256961e+00
  2.4800e+02     5.260998e+00
  2.4820e+02     5.265069e+00
  2.4840e+02     5.269173e+00
  2.4860e+02     5.273311e+00
  2.4880e+02     5.277482e+00
  2.4900e+02     5.281687e+00
  2.4920e+02     5.285926e+00
  2.4940e+02     5.290198e+00
  2.4960e+02     5.294505e+00
  2.4980e+02     5.298845e+00
  2.5000e+02     5.303219e+00
  2.5020e+02     5.307627e+00
  2.5040e+02     5.312069e+00
  2.5060e+02     5.316546e+00
  2.5080e+02     5.321056e+00
  2.5100e+02     5.325601e+00
  2.5120e+02     5.330181e+00
  2.5140e+02     5.334794e+00
  2.5160e+02     5.339442e+00
  2.5180e+02     5.344125e+00
  2.5200e+02     5.348842e+00
  2.5220e+02     5.353594e+00
  2.5240e+02     5.358380e+00
  2.5260e+02     5.363201e+00
  2.5280e+02     5.368057e+00
  2.5300e+02     5.372948e+00
  2.5320e+02     5.377874e+00
  2.5340e+02     5.382835e+00
  2.5360e+02     5.387831e+00
  2.5380e+02     5.392863e+00
  2.5400e+02     5.397929e+00
  2.5420e+02     5.403031e+00
  2.5440e+02     5.408168e+00
  2.5460e+02     5.413341e+00
  2.5480e+02     5.418549e+00
  2.5500e+02     5.423793e+00
  2.5520e+02     5.429072e+00
  2.5540e+02     5.434388e+00
  2.5560e+02     5.439739e+00
  2.5580e+02     5.445126e+00
  2.5600e+02     5.450549e+00
  2.5620e+02     5.456008e+00
  2.5640e+02     5.461503e+00
  2.5660e+02     5.467034e+00
  2.5680e+02     5.472602e+00
  2.5700e+02     5.478206e+00
  2.5720e+02     5.483846e+00
  2.5740e+02     5.489523e+00
  2.5760e+02     5.495237e+00
  2.5780e+02     5.500987e+00
  2.5800e+02     5.506774e+00
  2.5820e+02     5.512598e+00
  2.5840e+02     5.518459e+00
  2.5860e+02     5.524357e+00
  2.5880e+02     5.530292e+00
  2.5900e+02     5.536264e+00
  2.5920e+02     5.542274e+00
  2.5940e+02     5.548320e+00
  2.5960e+02     5.554405e+00
  2.5980e+02     5.560527e+00
  2.6000e+02     5.566686e+00
  2.6020e+02     5.572883e+00
  2.6040e+02     5.579118e+00
  2.6060e+02     5.585391e+00
  2.6080e+02     5.591702e+00
  2.6100e+02     5.598051e+00
  2.6120e+02     5.604439e+00
  2.6140e+02     5.610864e+00
  2.6160e+02     5.617328e+00
  2.6180e+02     5.623830e+00
  2.6200e+02     5.630371e+00
  2.6220e+02     5.636951e+00
  2.6240e+02     5.643569e+00
  2.6260e+02     5.650226e+00
  2.6280e+02     5.656922e+00
  2.6300e+02     5.663657e+00
  2.6320e+02     5.670432e+00
  2.6340e+02     5.677245e+00
  2.6360e+02     5.684098e+00
  2.6380e+02     5.690990e+00
  2.6400e+02     5.697922e+00
  2.6420e+02     5.704894e+00
  2.6440e+02     5.711905e+00
  2.6460e+02     5.718957e+00
  2.6480e+02     5.726048e+00
  2.6500e+02     5.733179e+00
  2.6520e+02     5.740350e+00
  2.6540e+02     5.747562e+00
  2.6560e+02     5.754814e+00
  2.6580e+02     5.762107e+00
  2.6600e+02     5.769440e+00
  2.6620e+02     5.776814e+00
  2.6640e+02     5.784229e+00
  2.6660e+02     5.791685e+00
  2.6680e+02     5.799182e+00
  2.6700e+02     5.806720e+00
  2.6720e+02     5.814299e+00
  2.6740e+02     5.821920e+00
  2.6760e+02     5.829582e+00
  2.6780e+02     5.837286e+00
  2.6800e+02     5.845032e+00
  2.6820e+02     5.852820e+00
  2.6840e+02     5.860649e+00
  2.6860e+02     5.868521e+00
  2.6880e+02     5.876435e+00
  2.6900e+02     5.884391e+00
  2.6920e+02     5.892390e+00
  2.6940e+02     5.900431e+00
  2.6960e+02     5.908515e+00
  2.6980e+02     5.916642e+00
  2.7000e+02     5.924812e+00
  2.7020e+02     5.933025e+00
  2.7040e+02     5.941281e+00
  2.7060e+02     5.949581e+00
  2.7080e+02     5.957924e+00
  2.7100e+02     5.966310e+00
  2.7120e+02     5.974741e+00
  2.7140e+02     5.983215e+00
  2.7160e+02     5.991733e+00
  2.7180e+02     6.000296e+00
  2.7200e+02     6.008902e+00
  2.7220e+02     6.017553e+00
  2.7240e+02     6.026249e+00
  2.7260e+02     6.034989e+00
  2.7280e+02     6.043774e+00
  2.7300e+02     6.052604e+00
  2.7320e+02     6.061479e+00
  2.7340e+02     6.070400e+00
  2.7360e+02     6.079365e+00
  2.7380e+02     6.088376e+00
  2.7400e+02     6.097433e+00
  2.7420e+02     6.106536e+00
  2.7440e+02     6.115684e+00
  2.7460e+02     6.124878e+00
  2.7480e+02     6.134119e+00
  2.7500e+02     6.143406e+00
  2.7520e+02     6.152740e+00
  2.7540e+02     6.162120e+00
  2.7560e+02     6.171547e+00
  2.7580e+02     6.181021e+00
  2.7600e+02     6.190542e+00
  2.7620e+02     6.200110e+00
  2.7640e+02     6.209726e+00
  2.7660e+02     6.219389e+00
  2.7680e+02     6.229100e+00
  2.7700e+02     6.238858e+00
  2.7720e+02     6.248665e+00
  2.7740e+02     6.258520e+00
  2.7760e+02     6.268423e+00
  2.7780e+02     6.278375e+00
  2.7800e+02     6.288375e+00
  2.7820e+02     6.298424e+00
  2.7840e+02     6.308522e+00
  2.7860e+02     6.318670e+00
  2.7880e+02     6.328866e+00
  2.7900e+02     6.339112e+00
  2.7920e+02     6.349407e+00
  2.7940e+02     6.359753e+00
  2.7960e+02     6.370148e+00
  2.7980e+02     6.380593e+00
  2.8000e+02     6.391088e+00
  2.8020e+02     6.401634e+00
  2.8040e+02     6.412231e+00
  2.8060e+02     6.422878e+00
  2.8080e+02     6.433576e+00
  2.8100e+02     6.444326e+00
  2.8120e+02     6.455126e+00
  2.8140e+02     6.465979e+00
  2.8160e+02     6.476882e+00
  2.8180e+02     6.487838e+00
  2.8200e+02     6.498845e+00
  2.8220e+02     6.509905e+00
  2.8240e+02     6.521017e+00
  2.8260e+02     6.532182e+00
  2.8280e+02     6.543399e+00
  2.8300e+02     6.554669e+00
  2.8320e+02     6.565993e+00
  2.8340e+02     6.577369e+00
  2.8360e+02     6.588799e+00
  2.8380e+02     6.600283e+00
  2.8400e+02     6.611820e+00
  2.8420e+02     6.623412e+00
  2.8440e+02     6.635057e+00
  2.8460e+02     6.646757e+00
  2.8480e+02     6.658512e+00
  2.8500e+02     6.670321e+00
  2.8520e+02     6.682185e+00
  2.8540e+02     6.694105e+00
  2.8560e+02     6.706080e+00
  2.8580e+02     6.718110e+00
  2.8600e+02     6.730196e+00
  2.8620e+02     6.742338e+00
  2.8640e+02     6.754536e+00
  2.8660e+02     6.766791e+00
  2.8680e+02     6.779102e+00
  2.8700e+02     6.791470e+00
  2.8720e+02     6.803894e+00
  2.8740e+02     6.816376e+00
  2.8760e+02     6.828916e+00
  2.8780e+02     6.841513e+00
  2.8800e+02     6.854167e+00
  2.8820e+02     6.866880e+00
  2.8840e+02     6.879651e+00
  2.8860e+02     6.892480e+00
  2.8880e+02     6.905368e+00
  2.8900e+02     6.918314e+00
  2.8920e+02     6.931320e+00
  2.8940e+02     6.944385e+00
  2.8960e+02     6.957510e+00
  2.8980e+02     6.970694e+00
  2.9000e+02     6.983938e+00
  2.9020e+02     6.997242e+00
  2.9040e+02     7.010607e+00
  2.9060e+02     7.024032e+00
  2.9080e+02     7.037518e+00
  2.9100e+02     7.051065e+00
  2.9120e+02     7.064674e+00
  2.9140e+02     7.078344e+00
  2.9160e+02     7.092075e+00
  2.9180e+02     7.105869e+00
  2.9200e+02     7.119724e+00
  2.9220e+02     7.133643e+00
  2.9240e+02     7.147623e+00
  2.9260e+02     7.161667e+00
  2.9280e+02     7.175774e+00
  2.9300e+02     7.189944e+00
  2.9320e+02     7.204178e+00
  2.9340e+02     7.218476e+00
  2.9360e+02     7.232838e+00
  2.9380e+02     7.247264e+00
  2.9400e+02     7.261754e+00
  2.9420e+02     7.276310e+00
  2.9440e+02     7.290930e+00
  2.9460e+02     7.305616e+00
  2.9480e+02     7.320368e+00
  2.9500e+02     7.335185e+00
  2.9520e+02     7.350068e+00
  2.9540e+02     7.365018e+00
  2.9560e+02     7.380034e+00
  2.9580e+02     7.395117e+00
  2.9600e+02     7.410267e+00
  2.9620e+02     7.425485e+00
  2.9640e+02     7.440770e+00
  2.9660e+02     7.456123e+00
  2.9680e+02     7.471544e+00
  2.9700e+02     7.487034e+00
  2.9720e+02     7.502592e+00
  2.9740e+02     7.518219e+00
  2.9760e+02     7.533915e+00
  2.9780e+02     7.549681e+00
  2.9800e+02     7.565517e+00
  2.9820e+02     7.581422e+00
  2.9840e+02     7.597398e+00
  2.9860e+02     7.613445e+00
  2.9880e+02     7.629562e+00
  2.9900e+02     7.645750e+00
  2.9920e+02     7.662010e+00
  2.9940e+02     7.678341e+00
  2.9960e+02     7.694745e+00
  2.9980e+02     7.711220e+00
  3.0000e+02     7.727768e+00
  3.0020e+02     7.744389e+00
  3.0040e+02     7.761084e+00
  3.0060e+02     7.777851e+00
  3.0080e+02     7.794692e+00
  3.0100e+02     7.811607e+00
  3.0120e+02     7.828597e+00
  3.0140e+02     7.845661e+00
  3.0160e+02     7.862800e+00
  3.0180e+02     7.880014e+00
  3.0200e+02     7.897303e+00
  3.0220e+02     7.914668e+00
  3.0240e+02     7.932110e+00
  3.0260e+02     7.949627e+00
  3.0280e+02     7.967222e+00
  3.0300e+02     7.984893e+00
  3.0320e+02     8.002642e+00
  3.0340e+02     8.020468e+00
  3.0360e+02     8.038372e+00
  3.0380e+02     8.056355e+00
  3.0400e+02     8.074416e+00
  3.0420e+02     8.092556e+00
  3.0440e+02     8.110775e+00
  3.0460e+02     8.129073e+00
  3.0480e+02     8.147452e+00
  3.0500e+02     8.165910e+00
  3.0520e+02     8.184449e+00
  3.0540e+02     8.203069e+00
  3.0560e+02     8.221770e+00
  3.0580e+02     8.240553e+00
  3.0600e+02     8.259417e+00
  3.0620e+02     8.278364e+00
  3.0640e+02     8.297393e+00
  3.0660e+02     8.316504e+00
  3.0680e+02     8.335699e+00
  3.0700e+02     8.354978e+00
  3.0720e+02     8.374340e+00
  3.0740e+02     8.393786e+00
  3.0760e+02     8.413317e+00
  3.0780e+02     8.432933e+00
  3.0800e+02     8.452634e+00
  3.0820e+02     8.472421e+00
  3.0840e+02     8.492294e+00
  3.0860e+02     8.512253e+00
  3.0880e+02     8.532298e+00
  3.0900e+02     8.552431e+00
  3.0920e+02     8.572651e+00
  3.0940e+02     8.592958e+00
  3.0960e+02     8.613354e+00
  3.0980e+02     8.633838e+00
  3.1000e+02     8.654411e+00
  3.1020e+02     8.675074e+00
  3.1040e+02     8.695825e+00
  3.1060e+02     8.716667e+00
  3.1080e+02     8.737599e+00
  3.1100e+02     8.758622e+00
  3.1120e+02     8.779736e+00
  3.1140e+02     8.800941e+00
  3.1160e+02     8.822238e+00
  3.1180e+02     8.843628e+00
  3.1200e+02     8.865110e+00
  3.1220e+02     8.886685e+00
  3.1240e+02     8.908353e+00
  3.1260e+02     8.930115e+00
  3.1280e+02     8.951972e+00
  3.1300e+02     8.973923e+00
  3.1320e+02     8.995969e+00
  3.1340e+02     9.018110e+00
  3.1360e+02     9.040347e+00
  3.1380e+02     9.062681e+00
  3.1400e+02     9.085111e+00
  3.1420e+02     9.107637e+00
  3.1440e+02     9.130262e+00
  3.1460e+02     9.152984e+00
  3.1480e+02     9.175804e+00
  3.1500e+02     9.198724e+00
  3.1520e+02     9.221742e+00
  3.1540e+02     9.244859e+00
  3.1560e+02     9.268077e+00
  3.1580e+02     9.291395e+00
  3.1600e+02     9.314814e+00
  3.1620e+02     9.338334e+00
  3.1640e+02     9.361955e+00
  3.1660e+02     9.385679e+00
  3.1680e+02     9.409505e+00
  3.1700e+02     9.433435e+00
  3.1720e+02     9.457467e+00
  3.1740e+02     9.481604e+00
  3.1760e+02     9.505844e+00
  3.1780e+02     9.530190e+00
  3.1800e+02     9.554641e+00
  3.1820e+02     9.579197e+00
  3.1840e+02     9.603859e+00
  3.1860e+02     9.628628e+00
  3.1880e+02     9.653504e+00
  3.1900e+02     9.678488e+00
  3.1920e+02     9.703579e+00
  3.1940e+02     9.728779e+00
  3.1960e+02     9.754088e+00
  3.1980e+02     9.779506e+00
  3.2000e+02     9.805034e+00
  3.2020e+02     9.830672e+00
  3.2040e+02     9.856421e+00
  3.2060e+02     9.882281e+00
  3.2080e+02     9.908253e+00
  3.2100e+02     9.934337e+00
  3.2120e+02     9.960534e+00
  3.2140e+02     9.986844e+00
  3.2160e+02     1.001326e+01
  3.2180e+02     1.003980e+01
  3.2200e+02     1.006645e+01
  3.2220e+02     1.009322e+01
  3.2240e+02     1.012011e+01
  3.2260e+02     1.014711e+01
  3.2280e+02     1.017422e+01
  3.2300e+02     1.020146e+01
  3.2320e+02     1.022881e+01
  3.2340e+02     1.025628e+01
  3.2360e+02     1.028386e+01
  3.2380e+02     1.031157e+01
  3.2400e+02     1.033940e+01
  3.2420e+02     1.036735e+01
  3.2440e+02     1.039542e+01
  3.2460e+02     1.042361e+01
  3.2480e+02     1.045192e+01
  3.2500e+02     1.048035e+01
  3.2520e+02     1.050891e+01
  3.2540e+02     1.053759e+01
  3.2560e+02     1.056640e+01
  3.2580e+02     1.059533e+01
  3.2600e+02     1.062438e+01
  3.2620e+02     1.065356e+01
  3.2640e+02     1.068287e+01
  3.2660e+02     1.071230e+01
  3.2680e+02     1.074186e+01
  3.2700e+02     1.077155e+01
  3.2720e+02     1.080137e+01
  3.2740e+02     1.083132e+01
  3.2760e+02     1.086139e+01
  3.2780e+02     1.089160e+01
  3.2800e+02     1.092194e+01
  3.2820e+02     1.095241e+01
  3.2840e+02     1.098301e+01
  3.2860e+02     1.101374e+01
  3.2880e+02     1.104461e+01
  3.2900e+02     1.107561e+01
  3.2920e+02     1.110674e+01
  3.2940e+02     1.113801e+01
  3.2960e+02     1.116942e+01
  3.2980e+02     1.120096e+01
  3.3000e+02     1.123264e+01
  3.3020e+02     1.126445e+01
  3.3040e+02     1.129641e+01
  3.3060e+02     1.132850e+01
  3.3080e+02     1.136073e+01
  3.3100e+02     1.139310e+01
  3.3120e+02     1.142562e+01
  3.3140e+02     1.145827e+01
  3.3160e+02     1.149106e+01
  3.3180e+02     1.152400e+01
  3.3200e+02     1.155708e+01
  3.3220e+02     1.159031e+01
  3.3240e+02     1.162367e+01
  3.3260e+02     1.165719e+01
  3.3280e+02     1.169085e+01
  3.3300e+02     1.172465e+01
  3.3320e+02     1.175860e+01
  3.3340e+02     1.179270e+01
  3.3360e+02     1.182695e+01
  3.3380e+02     1.186135e+01
  3.3400e+02     1.189589e+01
  3.3420e+02     1.193059e+01
  3.3440e+02     1.196544e+01
  3.3460e+02     1.200044e+01
  3.3480e+02     1.203559e+01
  3.3500e+02     1.207089e+01
  3.3520e+02     1.210635e+01
  3.3540e+02     1.214197e+01
  3.3560e+02     1.217773e+01
  3.3580e+02     1.221366e+01
  3.3600e+02     1.224974e+01
  3.3620e+02     1.228597e+01
  3.3640e+02     1.232237e+01
  3.3660e+02     1.235892e+01
  3.3680e+02     1.239564e+01
  3.3700e+02     1.243251e+01
  3.3720e+02     1.246954e+01
  3.3740e+02     1.250674e+01
  3.3760e+02     1.254410e+01
  3.3780e+02     1.258162e+01
  3.3800e+02     1.261930e+01
  3.3820e+02     1.265715e+01
  3.3840e+02     1.269517e+01
  3.3860e+02     1.273335e+01
  3.3880e+02     1.277169e+01
  3.3900e+02     1.281021e+01
  3.3920e+02     1.284889e+01
  3.3940e+02     1.288774e+01
  3.3960e+02     1.292676e+01
  3.3980e+02     1.296596e+01
  3.4000e+02     1.300532e+01
  3.4020e+02     1.304486e+01
  3.4040e+02     1.308457e+01
  3.4060e+02     1.312445e+01
  3.4080e+02     1.316451e+01
  3.4100e+02     1.320474e+01
  3.4120e+02     1.324515e+01
  3.4140e+02     1.328573e+01
  3.4160e+02     1.332649e+01
  3.4180e+02     1.336744e+01
  3.4200e+02     1.340856e+01
  3.4220e+02     1.344986e+01
  3.4240e+02     1.349134e+01
  3.4260e+02     1.353300e+01
  3.4280e+02     1.357485e+01
  3.4300e+02     1.361688e+01
  3.4320e+02     1.365910e+01
  3.4340e+02     1.370150e+01
  3.4360e+02     1.374408e+01
  3.4380e+02     1.378686e+01
  3.4400e+02     1.382982e+01
  3.4420e+02     1.387297e+01
  3.4440e+02     1.391630e+01
  3.4460e+02     1.395983e+01
  3.4480e+02     1.400355e+01
  3.4500e+02     1.404747e+01
  3.4520e+02     1.409157e+01
  3.4540e+02     1.413587e+01
  3.4560e+02     1.418037e+01
  3.4580e+02     1.422506e+01
  3.4600e+02     1.426994e+01
  3.4620e+02     1.431503e+01
  3.4640e+02     1.436031e+01
  3.4660e+02     1.440579e+01
  3.4680e+02     1.445147e+01
  3.4700e+02     1.449736e+01
  3.4720e+02     1.454344e+01
  3.4740e+02     1.458973e+01
  3.4760e+02     1.463622e+01
  3.4780e+02     1.468292e+01
  3.4800e+02     1.472983e+01
  3.4820e+02     1.477694e+01
  3.4840e+02     1.482425e+01
  3.4860e+02     1.487178e+01
  3.4880e+02     1.491952e+01
  3.4900e+02     1.496747e+01
  3.4920e+02     1.501562e+01
  3.4940e+02     1.506400e+01
  3.4960e+02     1.511258e+01
  3.4980e+02     1.516138e+01
  3.5000e+02     1.521040e+01
  3.5020e+02     1.525963e+01
  3.5040e+02     1.530908e+01
  3.5060e+02     1.535875e+01
  3.5080e+02     1.540864e+01
  3.5100e+02     1.545875e+01
  3.5120e+02     1.550908e+01
  3.5140e+02     1.555963e+01
  3.5160e+02     1.561041e+01
  3.5180e+02     1.566141e+01
  3.5200e+02     1.571264e+01
  3.5220e+02     1.576409e+01
  3.5240e+02     1.581578e+01
  3.5260e+02     1.586769e+01
  3.5280e+02     1.591983e+01
  3.5300e+02     1.597220e+01
  3.5320e+02     1.602481e+01
  3.5340e+02     1.607765e+01
  3.5360e+02     1.613072e+01
  3.5380e+02     1.618403e+01
  3.5400e+02     1.623758e+01
  3.5420e+02     1.629136e+01
  3.5440e+02     1.634538e+01
  3.5460e+02     1.639965e+01
  3.5480e+02     1.645415e+01
  3.5500e+02     1.650889e+01
  3.5520e+02     1.656388e+01
  3.5540e+02     1.661912e+01
  3.5560e+02     1.667460e+01
  3.5580e+02     1.673032e+01
  3.5600e+02     1.678630e+01
  3.5620e+02     1.684252e+01
  3.5640e+02     1.689899e+01
  3.5660e+02     1.695572e+01
  3.5680e+02     1.701269e+01
  3.5700e+02     1.706992e+01
  3.5720e+02     1.712741e+01
  3.5740e+02     1.718515e+01
  3.5760e+02     1.724315e+01
  3.5780e+02     1.730141e+01
  3.5800e+02     1.735993e+01
  3.5820e+02     1.741871e+01
  3.5840e+02     1.747775e+01
  3.5860e+02     1.753705e+01
  3.5880e+02     1.759662e+01
  3.5900e+02     1.765645e+01
  3.5920e+02     1.771656e+01
  3.5940e+02     1.777693e+01
  3.5960e+02     1.783757e+01
  3.5980e+02     1.789848e+01
