# Epidemic | 7 days incidence [ x-unit: days | y-unit: per 100000 ]
  0.0000e+00     3.618006e+02
  2.0000e-01     3.595216e+02
  4.0000e-01     3.572507e+02
  6.0000e-01     3.549878e+02
  8.0000e-01     3.527332e+02
  1.0000e+00     3.504868e+02
  1.2000e+00     3.482487e+02
  1.4000e+00     3.460190e+02
  1.6000e+00     3.437978e+02
  1.8000e+00     3.415852e+02
  2.0000e+00     3.393811e+02
  2.2000e+00     3.371858e+02
  2.4000e+00     3.349992e+02
  2.6000e+00     3.328213e+02
  2.8000e+00     3.306524e+02
  3.0000e+00     3.284924e+02
  3.2000e+00     3.263413e+02
  3.4000e+00     3.241993e+02
  3.6000e+00     3.220663e+02
  3.8000e+00     3.199425e+02
  4.0000e+00     3.178279e+02
  4.2000e+00     3.157225e+02
  4.4000e+00     3.136264e+02
  4.6000e+00     3.115395e+02
  4.8000e+00     3.094621e+02
  5.0000e+00     3.073941e+02
  5.2000e+00     3.053354e+02
  5.4000e+00     3.032863e+02
  5.6000e+00     3.012467e+02
  5.8000e+00     2.992166e+02
  6.0000e+00     2.971961e+02
  6.2000e+00     2.951852e+02
  6.4000e+00     2.931839e+02
  6.6000e+00     2.911923e+02
  6.8000e+00     2.892104e+02
  7.0000e+00     2.872382e+02
  7.2000e+00     2.857397e+02
  7.4000e+00     2.842981e+02
  7.6000e+00     2.828616e+02
  7.8000e+00     2.814301e+02
  8.0000e+00     2.800037e+02
  8.2000e+00     2.785823e+02
  8.4000e+00     2.771660e+02
  8.6000e+00     2.757547e+02
  8.8000e+00     2.743484e+02
  9.0000e+00     2.729472e+02
  9.2000e+00     2.715509e+02
  9.4000e+00     2.701597e+02
  9.6000e+00     2.687735e+02
  9.8000e+00     2.673923e+02
  1.0000e+01     2.660160e+02
  1.0200e+01     2.646447e+02
  1.0400e+01     2.632785e+02
  1.0600e+01     2.619172e+02
  1.0800e+01     2.605608e+02
  1.1000e+01     2.592094e+02
  1.1200e+01     2.578630e+02
  1.1400e+01     2.565215e+02
  1.1600e+01     2.551850e+02
  1.1800e+01     2.538534e+02
  1.2000e+01     2.525267e+02
  1.2200e+01     2.512049e+02
  1.2400e+01     2.498881e+02
  1.2600e+01     2.485762e+02
  1.2800e+01     2.472693e+02
  1.3000e+01     2.459672e+02
  1.3200e+01     2.446701e+02
  1.3400e+01     2.433778e+02
  1.3600e+01     2.420904e+02
  1.3800e+01     2.408080e+02
  1.4000e+01     2.395304e+02
  1.4200e+01     2.382577e+02
  1.4400e+01     2.369900e+02
  1.4600e+01     2.357270e+02
  1.4800e+01     2.344690e+02
  1.5000e+01     2.332158e+02
  1.5200e+01     2.319675e+02
  1.5400e+01     2.307241e+02
  1.5600e+01     2.294855e+02
  1.5800e+01     2.282518e+02
  1.6000e+01     2.270230e+02
  1.6200e+01     2.257989e+02
  1.6400e+01     2.245798e+02
  1.6600e+01     2.233655e+02
  1.6800e+01     2.221560e+02
  1.7000e+01     2.209513e+02
  1.7200e+01     2.197515e+02
  1.7400e+01     2.185565e+02
  1.7600e+01     2.173663e+02
  1.7800e+01     2.161810e+02
  1.8000e+01     2.150005e+02
  1.8200e+01     2.138248e+02
  1.8400e+01     2.126538e+02
  1.8600e+01     2.114877e+02
  1.8800e+01     2.103264e+02
  1.9000e+01     2.091699e+02
  1.9200e+01     2.080182e+02
  1.9400e+01     2.068713e+02
  1.9600e+01     2.057292e+02
  1.9800e+01     2.045918e+02
  2.0000e+01     2.034592e+02
  2.0200e+01     2.023314e+02
  2.0400e+01     2.012083e+02
  2.0600e+01     2.000901e+02
  2.0800e+01     1.989765e+02
  2.1000e+01     1.978677e+02
  2.1200e+01     1.964512e+02
  2.1400e+01     1.950090e+02
  2.1600e+01     1.935760e+02
  2.1800e+01     1.921522e+02
  2.2000e+01     1.907377e+02
  2.2200e+01     1.893322e+02
  2.2400e+01     1.879360e+02
  2.2600e+01     1.865488e+02
  2.2800e+01     1.851706e+02
  2.3000e+01     1.838015e+02
  2.3200e+01     1.824414e+02
  2.3400e+01     1.810903e+02
  2.3600e+01     1.797481e+02
  2.3800e+01     1.784148e+02
  2.4000e+01     1.770904e+02
  2.4200e+01     1.757748e+02
  2.4400e+01     1.744679e+02
  2.4600e+01     1.731699e+02
  2.4800e+01     1.718806e+02
  2.5000e+01     1.705999e+02
  2.5200e+01     1.693279e+02
  2.5400e+01     1.680645e+02
  2.5600e+01     1.668097e+02
  2.5800e+01     1.655634e+02
  2.6000e+01     1.643257e+02
  2.6200e+01     1.630964e+02
  2.6400e+01     1.618755e+02
  2.6600e+01     1.606630e+02
  2.6800e+01     1.594589e+02
  2.7000e+01     1.582630e+02
  2.7200e+01     1.570755e+02
  2.7400e+01     1.558962e+02
  2.7600e+01     1.547250e+02
  2.7800e+01     1.535621e+02
  2.8000e+01     1.524072e+02
  2.8200e+01     1.512604e+02
  2.8400e+01     1.501217e+02
  2.8600e+01     1.489909e+02
  2.8800e+01     1.478681e+02
  2.9000e+01     1.467533e+02
  2.9200e+01     1.456462e+02
  2.9400e+01     1.445471e+02
  2.9600e+01     1.434557e+02
  2.9800e+01     1.423721e+02
  3.0000e+01     1.412962e+02
  3.0200e+01     1.402279e+02
  3.0400e+01     1.391673e+02
  3.0600e+01     1.381143e+02
  3.0800e+01     1.370688e+02
  3.1000e+01     1.360308e+02
  3.1200e+01     1.350003e+02
  3.1400e+01     1.339773e+02
  3.1600e+01     1.329616e+02
  3.1800e+01     1.319532e+02
  3.2000e+01     1.309522e+02
  3.2200e+01     1.299584e+02
  3.2400e+01     1.289718e+02
  3.2600e+01     1.279924e+02
  3.2800e+01     1.270202e+02
  3.3000e+01     1.260550e+02
  3.3200e+01     1.250969e+02
  3.3400e+01     1.241458e+02
  3.3600e+01     1.232017e+02
  3.3800e+01     1.222645e+02
  3.4000e+01     1.213341e+02
  3.4200e+01     1.204107e+02
  3.4400e+01     1.194940e+02
  3.4600e+01     1.185841e+02
  3.4800e+01     1.176810e+02
  3.5000e+01     1.167845e+02
  3.5200e+01     1.158946e+02
  3.5400e+01     1.150114e+02
  3.5600e+01     1.141347e+02
  3.5800e+01     1.132646e+02
  3.6000e+01     1.124009e+02
  3.6200e+01     1.115436e+02
  3.6400e+01     1.106928e+02
  3.6600e+01     1.098483e+02
  3.6800e+01     1.090101e+02
  3.7000e+01     1.081783e+02
  3.7200e+01     1.073526e+02
  3.7400e+01     1.065332e+02
  3.7600e+01     1.057199e+02
  3.7800e+01     1.049127e+02
  3.8000e+01     1.041116e+02
  3.8200e+01     1.033165e+02
  3.8400e+01     1.025275e+02
  3.8600e+01     1.017443e+02
  3.8800e+01     1.009672e+02
  3.9000e+01     1.001959e+02
  3.9200e+01     9.943045e+01
  3.9400e+01     9.867079e+01
  3.9600e+01     9.791691e+01
  3.9800e+01     9.716874e+01
  4.0000e+01     9.642627e+01
  4.0200e+01     9.568945e+01
  4.0400e+01     9.495824e+01
  4.0600e+01     9.423260e+01
  4.0800e+01     9.351250e+01
  4.1000e+01     9.279790e+01
  4.1200e+01     9.208876e+01
  4.1400e+01     9.138504e+01
  4.1600e+01     9.068671e+01
  4.1800e+01     8.999372e+01
  4.2000e+01     8.930605e+01
  4.2200e+01     8.862366e+01
  4.2400e+01     8.794650e+01
  4.2600e+01     8.727455e+01
  4.2800e+01     8.660776e+01
  4.3000e+01     8.594611e+01
  4.3200e+01     8.528954e+01
  4.3400e+01     8.463804e+01
  4.3600e+01     8.399156e+01
  4.3800e+01     8.335006e+01
  4.4000e+01     8.271352e+01
  4.4200e+01     8.208189e+01
  4.4400e+01     8.145515e+01
  4.4600e+01     8.083325e+01
  4.4800e+01     8.021616e+01
  4.5000e+01     7.960385e+01
  4.5200e+01     7.899629e+01
  4.5400e+01     7.839343e+01
  4.5600e+01     7.779525e+01
  4.5800e+01     7.720171e+01
  4.6000e+01     7.661278e+01
  4.6200e+01     7.602843e+01
  4.6400e+01     7.544861e+01
  4.6600e+01     7.487331e+01
  4.6800e+01     7.430248e+01
  4.7000e+01     7.373609e+01
  4.7200e+01     7.317411e+01
  4.7400e+01     7.261651e+01
  4.7600e+01     7.206326e+01
  4.7800e+01     7.151432e+01
  4.8000e+01     7.096966e+01
  4.8200e+01     7.042925e+01
  4.8400e+01     6.989306e+01
  4.8600e+01     6.936106e+01
  4.8800e+01     6.883322e+01
  4.9000e+01     6.830950e+01
  4.9200e+01     6.778987e+01
  4.9400e+01     6.727431e+01
  4.9600e+01     6.676279e+01
  4.9800e+01     6.625526e+01
  5.0000e+01     6.575171e+01
  5.0200e+01     6.525211e+01
  5.0400e+01     6.475642e+01
  5.0600e+01     6.426461e+01
  5.0800e+01     6.377666e+01
  5.1000e+01     6.329254e+01
  5.1200e+01     6.281221e+01
  5.1400e+01     6.233566e+01
  5.1600e+01     6.186284e+01
  5.1800e+01     6.139373e+01
  5.2000e+01     6.092831e+01
  5.2200e+01     6.046655e+01
  5.2400e+01     6.000841e+01
  5.2600e+01     5.955387e+01
  5.2800e+01     5.910290e+01
  5.3000e+01     5.865548e+01
  5.3200e+01     5.821158e+01
  5.3400e+01     5.777117e+01
  5.3600e+01     5.733422e+01
  5.3800e+01     5.690071e+01
  5.4000e+01     5.647061e+01
  5.4200e+01     5.604390e+01
  5.4400e+01     5.562055e+01
  5.4600e+01     5.520053e+01
  5.4800e+01     5.478381e+01
  5.5000e+01     5.437038e+01
  5.5200e+01     5.396020e+01
  5.5400e+01     5.355326e+01
  5.5600e+01     5.314952e+01
  5.5800e+01     5.274896e+01
  5.6000e+01     5.235156e+01
  5.6200e+01     5.195729e+01
  5.6400e+01     5.156613e+01
  5.6600e+01     5.117805e+01
  5.6800e+01     5.079303e+01
  5.7000e+01     5.041105e+01
  5.7200e+01     5.003207e+01
  5.7400e+01     4.965609e+01
  5.7600e+01     4.928307e+01
  5.7800e+01     4.891299e+01
  5.8000e+01     4.854583e+01
  5.8200e+01     4.818156e+01
  5.8400e+01     4.782017e+01
  5.8600e+01     4.746163e+01
  5.8800e+01     4.710592e+01
  5.9000e+01     4.675301e+01
  5.9200e+01     4.640288e+01
  5.9400e+01     4.605552e+01
  5.9600e+01     4.571089e+01
  5.9800e+01     4.536898e+01
  6.0000e+01     4.502977e+01
  6.0200e+01     4.469324e+01
  6.0400e+01     4.435936e+01
  6.0600e+01     4.402811e+01
  6.0800e+01     4.369948e+01
  6.1000e+01     4.337343e+01
  6.1200e+01     4.304996e+01
  6.1400e+01     4.272904e+01
  6.1600e+01     4.241064e+01
  6.1800e+01     4.209476e+01
  6.2000e+01     4.178137e+01
  6.2200e+01     4.147045e+01
  6.2400e+01     4.116198e+01
  6.2600e+01     4.085594e+01
  6.2800e+01     4.055231e+01
  6.3000e+01     4.025108e+01
  6.3200e+01     3.995222e+01
  6.3400e+01     3.965571e+01
  6.3600e+01     3.936154e+01
  6.3800e+01     3.906969e+01
  6.4000e+01     3.878014e+01
  6.4200e+01     3.849286e+01
  6.4400e+01     3.820785e+01
  6.4600e+01     3.792509e+01
  6.4800e+01     3.764454e+01
  6.5000e+01     3.736621e+01
  6.5200e+01     3.709007e+01
  6.5400e+01     3.681610e+01
  6.5600e+01     3.654429e+01
  6.5800e+01     3.627461e+01
  6.6000e+01     3.600706e+01
  6.6200e+01     3.574161e+01
  6.6400e+01     3.547824e+01
  6.6600e+01     3.521695e+01
  6.6800e+01     3.495771e+01
  6.7000e+01     3.470051e+01
  6.7200e+01     3.444533e+01
  6.7400e+01     3.419216e+01
  6.7600e+01     3.394097e+01
  6.7800e+01     3.369176e+01
  6.8000e+01     3.344450e+01
  6.8200e+01     3.319918e+01
  6.8400e+01     3.295579e+01
  6.8600e+01     3.271431e+01
  6.8800e+01     3.247472e+01
  6.9000e+01     3.223702e+01
  6.9200e+01     3.200117e+01
  6.9400e+01     3.176718e+01
  6.9600e+01     3.153502e+01
  6.9800e+01     3.130468e+01
  7.0000e+01     3.107614e+01
  7.0200e+01     3.084939e+01
  7.0400e+01     3.062442e+01
  7.0600e+01     3.040121e+01
  7.0800e+01     3.017975e+01
  7.1000e+01     2.996002e+01
  7.1200e+01     2.974201e+01
  7.1400e+01     2.952571e+01
  7.1600e+01     2.931109e+01
  7.1800e+01     2.909815e+01
  7.2000e+01     2.888688e+01
  7.2200e+01     2.867726e+01
  7.2400e+01     2.846927e+01
  7.2600e+01     2.826291e+01
  7.2800e+01     2.805816e+01
  7.3000e+01     2.785501e+01
  7.3200e+01     2.765344e+01
  7.3400e+01     2.745345e+01
  7.3600e+01     2.725501e+01
  7.3800e+01     2.705813e+01
  7.4000e+01     2.686277e+01
  7.4200e+01     2.666894e+01
  7.4400e+01     2.647661e+01
  7.4600e+01     2.628579e+01
  7.4800e+01     2.609645e+01
  7.5000e+01     2.590858e+01
  7.5200e+01     2.572217e+01
  7.5400e+01     2.553722e+01
  7.5600e+01     2.535370e+01
  7.5800e+01     2.517160e+01
  7.6000e+01     2.499092e+01
  7.6200e+01     2.481165e+01
  7.6400e+01     2.463376e+01
  7.6600e+01     2.445726e+01
  7.6800e+01     2.428213e+01
  7.7000e+01     2.410835e+01
  7.7200e+01     2.393592e+01
  7.7400e+01     2.376483e+01
  7.7600e+01     2.359506e+01
  7.7800e+01     2.342661e+01
  7.8000e+01     2.325946e+01
  7.8200e+01     2.309360e+01
  7.8400e+01     2.292903e+01
  7.8600e+01     2.276573e+01
  7.8800e+01     2.260369e+01
  7.9000e+01     2.244291e+01
  7.9200e+01     2.228336e+01
  7.9400e+01     2.212505e+01
  7.9600e+01     2.196796e+01
  7.9800e+01     2.181208e+01
  8.0000e+01     2.165741e+01
  8.0200e+01     2.150392e+01
  8.0400e+01     2.135162e+01
  8.0600e+01     2.120050e+01
  8.0800e+01     2.105053e+01
  8.1000e+01     2.090173e+01
  8.1200e+01     2.075406e+01
  8.1400e+01     2.060753e+01
  8.1600e+01     2.046213e+01
  8.1800e+01     2.031785e+01
  8.2000e+01     2.017467e+01
  8.2200e+01     2.003260e+01
  8.2400e+01     1.989161e+01
  8.2600e+01     1.975171e+01
  8.2800e+01     1.961288e+01
  8.3000e+01     1.947511e+01
  8.3200e+01     1.933840e+01
  8.3400e+01     1.920274e+01
  8.3600e+01     1.906811e+01
  8.3800e+01     1.893452e+01
  8.4000e+01     1.880195e+01
  8.4200e+01     1.867039e+01
  8.4400e+01     1.853984e+01
  8.4600e+01     1.841028e+01
  8.4800e+01     1.828172e+01
  8.5000e+01     1.815413e+01
  8.5200e+01     1.802752e+01
  8.5400e+01     1.790188e+01
  8.5600e+01     1.777719e+01
  8.5800e+01     1.765345e+01
  8.6000e+01     1.753066e+01
  8.6200e+01     1.740880e+01
  8.6400e+01     1.728787e+01
  8.6600e+01     1.716786e+01
  8.6800e+01     1.704876e+01
  8.7000e+01     1.693056e+01
  8.7200e+01     1.681327e+01
  8.7400e+01     1.669686e+01
  8.7600e+01     1.658134e+01
  8.7800e+01     1.646669e+01
  8.8000e+01     1.635292e+01
  8.8200e+01     1.624000e+01
  8.8400e+01     1.612795e+01
  8.8600e+01     1.601674e+01
  8.8800e+01     1.590637e+01
  8.9000e+01     1.579683e+01
  8.9200e+01     1.568813e+01
  8.9400e+01     1.558025e+01
  8.9600e+01     1.547318e+01
  8.9800e+01     1.536692e+01
  9.0000e+01     1.526146e+01
  9.0200e+01     1.515680e+01
  9.0400e+01     1.505292e+01
  9.0600e+01     1.494983e+01
  9.0800e+01     1.484752e+01
  9.1000e+01     1.474597e+01
  9.1200e+01     1.464519e+01
  9.1400e+01     1.454517e+01
  9.1600e+01     1.444590e+01
  9.1800e+01     1.434738e+01
  9.2000e+01     1.424959e+01
  9.2200e+01     1.415254e+01
  9.2400e+01     1.405622e+01
  9.2600e+01     1.396062e+01
  9.2800e+01     1.386574e+01
  9.3000e+01     1.377157e+01
  9.3200e+01     1.367810e+01
  9.3400e+01     1.358533e+01
  9.3600e+01     1.349326e+01
  9.3800e+01     1.340188e+01
  9.4000e+01     1.331117e+01
  9.4200e+01     1.322115e+01
  9.4400e+01     1.313180e+01
  9.4600e+01     1.304311e+01
  9.4800e+01     1.295509e+01
  9.5000e+01     1.286772e+01
  9.5200e+01     1.278100e+01
  9.5400e+01     1.269493e+01
  9.5600e+01     1.260950e+01
  9.5800e+01     1.252470e+01
  9.6000e+01     1.244053e+01
  9.6200e+01     1.235699e+01
  9.6400e+01     1.227407e+01
  9.6600e+01     1.219177e+01
  9.6800e+01     1.211008e+01
  9.7000e+01     1.202899e+01
  9.7200e+01     1.194850e+01
  9.7400e+01     1.186861e+01
  9.7600e+01     1.178931e+01
  9.7800e+01     1.171060e+01
  9.8000e+01     1.163247e+01
  9.8200e+01     1.155491e+01
  9.8400e+01     1.147793e+01
  9.8600e+01     1.140152e+01
  9.8800e+01     1.132567e+01
  9.9000e+01     1.125038e+01
  9.9200e+01     1.117565e+01
  9.9400e+01     1.110147e+01
  9.9600e+01     1.102783e+01
  9.9800e+01     1.095474e+01
  1.0000e+02     1.088218e+01
  1.0020e+02     1.081015e+01
  1.0040e+02     1.073866e+01
  1.0060e+02     1.066769e+01
  1.0080e+02     1.059724e+01
  1.0100e+02     1.052731e+01
  1.0120e+02     1.045789e+01
  1.0140e+02     1.038898e+01
  1.0160e+02     1.032057e+01
  1.0180e+02     1.025266e+01
  1.0200e+02     1.018525e+01
  1.0220e+02     1.011834e+01
  1.0240e+02     1.005191e+01
  1.0260e+02     9.985971e+00
  1.0280e+02     9.920510e+00
  1.0300e+02     9.855526e+00
  1.0320e+02     9.791016e+00
  1.0340e+02     9.726976e+00
  1.0360e+02     9.663402e+00
  1.0380e+02     9.600291e+00
  1.0400e+02     9.537639e+00
  1.0420e+02     9.475443e+00
  1.0440e+02     9.413698e+00
  1.0460e+02     9.352401e+00
  1.0480e+02     9.291550e+00
  1.0500e+02     9.231139e+00
  1.0520e+02     9.171167e+00
  1.0540e+02     9.111629e+00
  1.0560e+02     9.052522e+00
  1.0580e+02     8.993843e+00
  1.0600e+02     8.935588e+00
  1.0620e+02     8.877754e+00
  1.0640e+02     8.820338e+00
  1.0660e+02     8.763337e+00
  1.0680e+02     8.706746e+00
  1.0700e+02     8.650564e+00
  1.0720e+02     8.594787e+00
  1.0740e+02     8.539411e+00
  1.0760e+02     8.484434e+00
  1.0780e+02     8.429853e+00
  1.0800e+02     8.375664e+00
  1.0820e+02     8.321864e+00
  1.0840e+02     8.268451e+00
  1.0860e+02     8.215421e+00
  1.0880e+02     8.162771e+00
  1.0900e+02     8.110499e+00
  1.0920e+02     8.058601e+00
  1.0940e+02     8.007075e+00
  1.0960e+02     7.955918e+00
  1.0980e+02     7.905126e+00
  1.1000e+02     7.854698e+00
  1.1020e+02     7.804630e+00
  1.1040e+02     7.754919e+00
  1.1060e+02     7.705563e+00
  1.1080e+02     7.656559e+00
  1.1100e+02     7.607904e+00
  1.1120e+02     7.559595e+00
  1.1140e+02     7.511631e+00
  1.1160e+02     7.464007e+00
  1.1180e+02     7.416722e+00
  1.1200e+02     7.369773e+00
  1.1220e+02     7.323158e+00
  1.1240e+02     7.276873e+00
  1.1260e+02     7.230917e+00
  1.1280e+02     7.185286e+00
  1.1300e+02     7.139978e+00
  1.1320e+02     7.094991e+00
  1.1340e+02     7.050323e+00
  1.1360e+02     7.005970e+00
  1.1380e+02     6.961931e+00
  1.1400e+02     6.918203e+00
  1.1420e+02     6.874783e+00
  1.1440e+02     6.831669e+00
  1.1460e+02     6.788860e+00
  1.1480e+02     6.746352e+00
  1.1500e+02     6.704143e+00
  1.1520e+02     6.662232e+00
  1.1540e+02     6.620615e+00
  1.1560e+02     6.579290e+00
  1.1580e+02     6.538256e+00
  1.1600e+02     6.497509e+00
  1.1620e+02     6.457049e+00
  1.1640e+02     6.416872e+00
  1.1660e+02     6.376977e+00
  1.1680e+02     6.337361e+00
  1.1700e+02     6.298022e+00
  1.1720e+02     6.258958e+00
  1.1740e+02     6.220167e+00
  1.1760e+02     6.181648e+00
  1.1780e+02     6.143397e+00
  1.1800e+02     6.105412e+00
  1.1820e+02     6.067693e+00
  1.1840e+02     6.030236e+00
  1.1860e+02     5.993041e+00
  1.1880e+02     5.956104e+00
  1.1900e+02     5.919423e+00
  1.1920e+02     5.882998e+00
  1.1940e+02     5.846826e+00
  1.1960e+02     5.810905e+00
  1.1980e+02     5.775233e+00
  1.2000e+02     5.739808e+00
  1.2020e+02     5.704629e+00
  1.2040e+02     5.669693e+00
  1.2060e+02     5.634999e+00
  1.2080e+02     5.600544e+00
  1.2100e+02     5.566328e+00
  1.2120e+02     5.532349e+00
  1.2140e+02     5.498603e+00
  1.2160e+02     5.465091e+00
  1.2180e+02     5.431809e+00
  1.2200e+02     5.398757e+00
  1.2220e+02     5.365932e+00
  1.2240e+02     5.333333e+00
  1.2260e+02     5.300958e+00
  1.2280e+02     5.268806e+00
  1.2300e+02     5.236874e+00
  1.2320e+02     5.205162e+00
  1.2340e+02     5.173667e+00
  1.2360e+02     5.142388e+00
  1.2380e+02     5.111323e+00
  1.2400e+02     5.080470e+00
  1.2420e+02     5.049829e+00
  1.2440e+02     5.019397e+00
  1.2460e+02     4.989173e+00
  1.2480e+02     4.959156e+00
  1.2500e+02     4.929343e+00
  1.2520e+02     4.899734e+00
  1.2540e+02     4.870326e+00
  1.2560e+02     4.841118e+00
  1.2580e+02     4.812110e+00
  1.2600e+02     4.783298e+00
  1.2620e+02     4.754683e+00
  1.2640e+02     4.726261e+00
  1.2660e+02     4.698033e+00
  1.2680e+02     4.669996e+00
  1.2700e+02     4.642150e+00
  1.2720e+02     4.614491e+00
  1.2740e+02     4.587021e+00
  1.2760e+02     4.559736e+00
  1.2780e+02     4.532635e+00
  1.2800e+02     4.505718e+00
  1.2820e+02     4.478982e+00
  1.2840e+02     4.452427e+00
  1.2860e+02     4.426051e+00
  1.2880e+02     4.399852e+00
  1.2900e+02     4.373831e+00
  1.2920e+02     4.347984e+00
  1.2940e+02     4.322311e+00
  1.2960e+02     4.296811e+00
  1.2980e+02     4.271482e+00
  1.3000e+02     4.246323e+00
  1.3020e+02     4.221333e+00
  1.3040e+02     4.196510e+00
  1.3060e+02     4.171854e+00
  1.3080e+02     4.147362e+00
  1.3100e+02     4.123035e+00
  1.3120e+02     4.098870e+00
  1.3140e+02     4.074867e+00
  1.3160e+02     4.051024e+00
  1.3180e+02     4.027341e+00
  1.3200e+02     4.003815e+00
  1.3220e+02     3.980446e+00
  1.3240e+02     3.957233e+00
  1.3260e+02     3.934174e+00
  1.3280e+02     3.911268e+00
  1.3300e+02     3.888515e+00
  1.3320e+02     3.865913e+00
  1.3340e+02     3.843461e+00
  1.3360e+02     3.821158e+00
  1.3380e+02     3.799003e+00
  1.3400e+02     3.776995e+00
  1.3420e+02     3.755132e+00
  1.3440e+02     3.733415e+00
  1.3460e+02     3.711840e+00
  1.3480e+02     3.690408e+00
  1.3500e+02     3.669118e+00
  1.3520e+02     3.647969e+00
  1.3540e+02     3.626958e+00
  1.3560e+02     3.606087e+00
  1.3580e+02     3.585352e+00
  1.3600e+02     3.564755e+00
  1.3620e+02     3.544292e+00
  1.3640e+02     3.523965e+00
  1.3660e+02     3.503770e+00
  1.3680e+02     3.483709e+00
  1.3700e+02     3.463779e+00
  1.3720e+02     3.443979e+00
  1.3740e+02     3.424309e+00
  1.3760e+02     3.404768e+00
  1.3780e+02     3.385355e+00
  1.3800e+02     3.366069e+00
  1.3820e+02     3.346909e+00
  1.3840e+02     3.327874e+00
  1.3860e+02     3.308963e+00
  1.3880e+02     3.290176e+00
  1.3900e+02     3.271511e+00
  1.3920e+02     3.252967e+00
  1.3940e+02     3.234544e+00
  1.3960e+02     3.216241e+00
  1.3980e+02     3.198057e+00
  1.4000e+02     3.179991e+00
  1.4020e+02     3.162043e+00
  1.4040e+02     3.144211e+00
  1.4060e+02     3.126494e+00
  1.4080e+02     3.108892e+00
  1.4100e+02     3.091404e+00
  1.4120e+02     3.074029e+00
  1.4140e+02     3.056767e+00
  1.4160e+02     3.039616e+00
  1.4180e+02     3.022575e+00
  1.4200e+02     3.005645e+00
  1.4220e+02     2.988824e+00
  1.4240e+02     2.972111e+00
  1.4260e+02     2.955506e+00
  1.4280e+02     2.939007e+00
  1.4300e+02     2.922615e+00
  1.4320e+02     2.906328e+00
  1.4340e+02     2.890145e+00
  1.4360e+02     2.874067e+00
  1.4380e+02     2.858091e+00
  1.4400e+02     2.842218e+00
  1.4420e+02     2.826447e+00
  1.4440e+02     2.810776e+00
  1.4460e+02     2.795206e+00
  1.4480e+02     2.779735e+00
  1.4500e+02     2.764363e+00
  1.4520e+02     2.749089e+00
  1.4540e+02     2.733913e+00
  1.4560e+02     2.718833e+00
  1.4580e+02     2.703849e+00
  1.4600e+02     2.688961e+00
  1.4620e+02     2.674167e+00
  1.4640e+02     2.659468e+00
  1.4660e+02     2.644862e+00
  1.4680e+02     2.630348e+00
  1.4700e+02     2.615927e+00
  1.4720e+02     2.601597e+00
  1.4740e+02     2.587357e+00
  1.4760e+02     2.573208e+00
  1.4780e+02     2.559148e+00
  1.4800e+02     2.545178e+00
  1.4820e+02     2.531295e+00
  1.4840e+02     2.517500e+00
  1.4860e+02     2.503793e+00
  1.4880e+02     2.490171e+00
  1.4900e+02     2.476636e+00
  1.4920e+02     2.463185e+00
  1.4940e+02     2.449820e+00
  1.4960e+02     2.436538e+00
  1.4980e+02     2.423340e+00
  1.5000e+02     2.410224e+00
  1.5020e+02     2.397191e+00
  1.5040e+02     2.384240e+00
  1.5060e+02     2.371370e+00
  1.5080e+02     2.358580e+00
  1.5100e+02     2.345870e+00
  1.5120e+02     2.333240e+00
  1.5140e+02     2.320689e+00
  1.5160e+02     2.308216e+00
  1.5180e+02     2.295821e+00
  1.5200e+02     2.283503e+00
  1.5220e+02     2.271263e+00
  1.5240e+02     2.259098e+00
  1.5260e+02     2.247009e+00
  1.5280e+02     2.234995e+00
  1.5300e+02     2.223056e+00
  1.5320e+02     2.211191e+00
  1.5340e+02     2.199399e+00
  1.5360e+02     2.187681e+00
  1.5380e+02     2.176036e+00
  1.5400e+02     2.164462e+00
  1.5420e+02     2.152960e+00
  1.5440e+02     2.141529e+00
  1.5460e+02     2.130169e+00
  1.5480e+02     2.118879e+00
  1.5500e+02     2.107659e+00
  1.5520e+02     2.096508e+00
  1.5540e+02     2.085426e+00
  1.5560e+02     2.074412e+00
  1.5580e+02     2.063465e+00
  1.5600e+02     2.052587e+00
  1.5620e+02     2.041774e+00
  1.5640e+02     2.031029e+00
  1.5660e+02     2.020349e+00
  1.5680e+02     2.009735e+00
  1.5700e+02     1.999186e+00
  1.5720e+02     1.988701e+00
  1.5740e+02     1.978281e+00
  1.5760e+02     1.967924e+00
  1.5780e+02     1.957631e+00
  1.5800e+02     1.947401e+00
  1.5820e+02     1.937233e+00
  1.5840e+02     1.927127e+00
  1.5860e+02     1.917082e+00
  1.5880e+02     1.907099e+00
  1.5900e+02     1.897177e+00
  1.5920e+02     1.887315e+00
  1.5940e+02     1.877513e+00
  1.5960e+02     1.867770e+00
  1.5980e+02     1.858087e+00
  1.6000e+02     1.848462e+00
  1.6020e+02     1.838896e+00
  1.6040e+02     1.829388e+00
  1.6060e+02     1.819937e+00
  1.6080e+02     1.810543e+00
  1.6100e+02     1.801207e+00
  1.6120e+02     1.791926e+00
  1.6140e+02     1.782702e+00
  1.6160e+02     1.773533e+00
  1.6180e+02     1.764420e+00
  1.6200e+02     1.755361e+00
  1.6220e+02     1.746357e+00
  1.6240e+02     1.737407e+00
  1.6260e+02     1.728511e+00
  1.6280e+02     1.719669e+00
  1.6300e+02     1.710879e+00
  1.6320e+02     1.702142e+00
  1.6340e+02     1.693458e+00
  1.6360e+02     1.684826e+00
  1.6380e+02     1.676245e+00
  1.6400e+02     1.667716e+00
  1.6420e+02     1.659237e+00
  1.6440e+02     1.650810e+00
  1.6460e+02     1.642432e+00
  1.6480e+02     1.634105e+00
  1.6500e+02     1.625827e+00
  1.6520e+02     1.617599e+00
  1.6540e+02     1.609419e+00
  1.6560e+02     1.601289e+00
  1.6580e+02     1.593206e+00
  1.6600e+02     1.585172e+00
  1.6620e+02     1.577185e+00
  1.6640e+02     1.569246e+00
  1.6660e+02     1.561353e+00
  1.6680e+02     1.553508e+00
  1.6700e+02     1.545709e+00
  1.6720e+02     1.537956e+00
  1.6740e+02     1.530249e+00
  1.6760e+02     1.522587e+00
  1.6780e+02     1.514971e+00
  1.6800e+02     1.507400e+00
  1.6820e+02     1.499873e+00
  1.6840e+02     1.492391e+00
  1.6860e+02     1.484952e+00
  1.6880e+02     1.477558e+00
  1.6900e+02     1.470207e+00
  1.6920e+02     1.462899e+00
  1.6940e+02     1.455634e+00
  1.6960e+02     1.448412e+00
  1.6980e+02     1.441232e+00
  1.7000e+02     1.434094e+00
  1.7020e+02     1.426997e+00
  1.7040e+02     1.419943e+00
  1.7060e+02     1.412929e+00
  1.7080e+02     1.405957e+00
  1.7100e+02     1.399025e+00
  1.7120e+02     1.392134e+00
  1.7140e+02     1.385283e+00
  1.7160e+02     1.378472e+00
  1.7180e+02     1.371700e+00
  1.7200e+02     1.364968e+00
  1.7220e+02     1.358275e+00
  1.7240e+02     1.351621e+00
  1.7260e+02     1.345006e+00
  1.7280e+02     1.338429e+00
  1.7300e+02     1.331890e+00
  1.7320e+02     1.325389e+00
  1.7340e+02     1.318925e+00
  1.7360e+02     1.312499e+00
  1.7380e+02     1.306110e+00
  1.7400e+02     1.299758e+00
  1.7420e+02     1.293443e+00
  1.7440e+02     1.287164e+00
  1.7460e+02     1.280921e+00
  1.7480e+02     1.274715e+00
  1.7500e+02     1.268544e+00
  1.7520e+02     1.262408e+00
  1.7540e+02     1.256308e+00
  1.7560e+02     1.250243e+00
  1.7580e+02     1.244213e+00
  1.7600e+02     1.238217e+00
  1.7620e+02     1.232256e+00
  1.7640e+02     1.226328e+00
  1.7660e+02     1.220435e+00
  1.7680e+02     1.214576e+00
  1.7700e+02     1.208749e+00
  1.7720e+02     1.202957e+00
  1.7740e+02     1.197197e+00
  1.7760e+02     1.191470e+00
  1.7780e+02     1.185776e+00
  1.7800e+02     1.180114e+00
  1.7820e+02     1.174485e+00
  1.7840e+02     1.168887e+00
  1.7860e+02     1.163322e+00
  1.7880e+02     1.157787e+00
  1.7900e+02     1.152285e+00
  1.7920e+02     1.146813e+00
  1.7940e+02     1.141373e+00
  1.7960e+02     1.135963e+00
  1.7980e+02     1.130584e+00
  1.8000e+02     1.125236e+00
  1.8020e+02     1.119918e+00
  1.8040e+02     1.114629e+00
  1.8060e+02     1.109371e+00
  1.8080e+02     1.104142e+00
  1.8100e+02     1.098943e+00
  1.8120e+02     1.093773e+00
  1.8140e+02     1.088632e+00
  1.8160e+02     1.083520e+00
  1.8180e+02     1.078437e+00
  1.8200e+02     1.073382e+00
  1.8220e+02     1.068356e+00
  1.8240e+02     1.063358e+00
  1.8260e+02     1.058388e+00
  1.8280e+02     1.053445e+00
  1.8300e+02     1.048531e+00
  1.8320e+02     1.043644e+00
  1.8340e+02     1.038784e+00
  1.8360e+02     1.033951e+00
  1.8380e+02     1.029146e+00
  1.8400e+02     1.024367e+00
  1.8420e+02     1.019614e+00
  1.8440e+02     1.014889e+00
  1.8460e+02     1.010189e+00
  1.8480e+02     1.005516e+00
  1.8500e+02     1.000869e+00
  1.8520e+02     9.962475e-01
  1.8540e+02     9.916516e-01
  1.8560e+02     9.870812e-01
  1.8580e+02     9.825362e-01
  1.8600e+02     9.780163e-01
  1.8620e+02     9.735214e-01
  1.8640e+02     9.690514e-01
  1.8660e+02     9.646061e-01
  1.8680e+02     9.601853e-01
  1.8700e+02     9.557890e-01
  1.8720e+02     9.514168e-01
  1.8740e+02     9.470688e-01
  1.8760e+02     9.427448e-01
  1.8780e+02     9.384445e-01
  1.8800e+02     9.341679e-01
  1.8820e+02     9.299147e-01
  1.8840e+02     9.256850e-01
  1.8860e+02     9.214784e-01
  1.8880e+02     9.172949e-01
  1.8900e+02     9.131344e-01
  1.8920e+02     9.089966e-01
  1.8940e+02     9.048815e-01
  1.8960e+02     9.007889e-01
  1.8980e+02     8.967186e-01
  1.9000e+02     8.926706e-01
  1.9020e+02     8.886446e-01
  1.9040e+02     8.846406e-01
  1.9060e+02     8.806584e-01
  1.9080e+02     8.766980e-01
  1.9100e+02     8.727590e-01
  1.9120e+02     8.688415e-01
  1.9140e+02     8.649453e-01
  1.9160e+02     8.610702e-01
  1.9180e+02     8.572162e-01
  1.9200e+02     8.533830e-01
  1.9220e+02     8.495706e-01
  1.9240e+02     8.457789e-01
  1.9260e+02     8.420077e-01
  1.9280e+02     8.382568e-01
  1.9300e+02     8.345263e-01
  1.9320e+02     8.308158e-01
  1.9340e+02     8.271254e-01
  1.9360e+02     8.234549e-01
  1.9380e+02     8.198042e-01
  1.9400e+02     8.161731e-01
  1.9420e+02     8.125616e-01
  1.9440e+02     8.089695e-01
  1.9460e+02     8.053967e-01
  1.9480e+02     8.018430e-01
  1.9500e+02     7.983085e-01
  1.9520e+02     7.947928e-01
  1.9540e+02     7.912961e-01
  1.9560e+02     7.878180e-01
  1.9580e+02     7.843585e-01
  1.9600e+02     7.809176e-01
  1.9620e+02     7.774950e-01
  1.9640e+02     7.740907e-01
  1.9660e+02     7.707045e-01
  1.9680e+02     7.673364e-01
  1.9700e+02     7.639863e-01
  1.9720e+02     7.606540e-01
  1.9740e+02     7.573394e-01
  1.9760e+02     7.540424e-01
  1.9780e+02     7.507629e-01
  1.9800e+02     7.475009e-01
  1.9820e+02     7.442561e-01
  1.9840e+02     7.410286e-01
  1.9860e+02     7.378181e-01
  1.9880e+02     7.346247e-01
  1.9900e+02     7.314481e-01
  1.9920e+02     7.282884e-01
  1.9940e+02     7.251453e-01
  1.9960e+02     7.220188e-01
  1.9980e+02     7.189088e-01
  2.0000e+02     7.158152e-01
  2.0020e+02     7.127379e-01
  2.0040e+02     7.096768e-01
  2.0060e+02     7.066318e-01
  2.0080e+02     7.036027e-01
  2.0100e+02     7.005896e-01
  2.0120e+02     6.975924e-01
  2.0140e+02     6.946108e-01
  2.0160e+02     6.916449e-01
  2.0180e+02     6.886945e-01
  2.0200e+02     6.857595e-01
  2.0220e+02     6.828399e-01
  2.0240e+02     6.799355e-01
  2.0260e+02     6.770464e-01
  2.0280e+02     6.741723e-01
  2.0300e+02     6.713131e-01
  2.0320e+02     6.684689e-01
  2.0340e+02     6.656395e-01
  2.0360e+02     6.628249e-01
  2.0380e+02     6.600248e-01
  2.0400e+02     6.572393e-01
  2.0420e+02     6.544683e-01
  2.0440e+02     6.517117e-01
  2.0460e+02     6.489693e-01
  2.0480e+02     6.462412e-01
  2.0500e+02     6.435272e-01
  2.0520e+02     6.408272e-01
  2.0540e+02     6.381412e-01
  2.0560e+02     6.354691e-01
  2.0580e+02     6.328108e-01
  2.0600e+02     6.301662e-01
  2.0620e+02     6.275352e-01
  2.0640e+02     6.249178e-01
  2.0660e+02     6.223139e-01
  2.0680e+02     6.197233e-01
  2.0700e+02     6.171461e-01
  2.0720e+02     6.145821e-01
  2.0740e+02     6.120313e-01
  2.0760e+02     6.094936e-01
  2.0780e+02     6.069689e-01
  2.0800e+02     6.044572e-01
  2.0820e+02     6.019582e-01
  2.0840e+02     5.994721e-01
  2.0860e+02     5.969987e-01
  2.0880e+02     5.945379e-01
  2.0900e+02     5.920897e-01
  2.0920e+02     5.896540e-01
  2.0940e+02     5.872307e-01
  2.0960e+02     5.848198e-01
  2.0980e+02     5.824211e-01
  2.1000e+02     5.800346e-01
  2.1020e+02     5.776603e-01
  2.1040e+02     5.752980e-01
  2.1060e+02     5.729477e-01
  2.1080e+02     5.706093e-01
  2.1100e+02     5.682828e-01
  2.1120e+02     5.659681e-01
  2.1140e+02     5.636651e-01
  2.1160e+02     5.613738e-01
  2.1180e+02     5.590940e-01
  2.1200e+02     5.568258e-01
  2.1220e+02     5.545690e-01
  2.1240e+02     5.523235e-01
  2.1260e+02     5.500894e-01
  2.1280e+02     5.478666e-01
  2.1300e+02     5.456550e-01
  2.1320e+02     5.434544e-01
  2.1340e+02     5.412650e-01
  2.1360e+02     5.390865e-01
  2.1380e+02     5.369190e-01
  2.1400e+02     5.347623e-01
  2.1420e+02     5.326165e-01
  2.1440e+02     5.304814e-01
  2.1460e+02     5.283570e-01
  2.1480e+02     5.262432e-01
  2.1500e+02     5.241400e-01
  2.1520e+02     5.220473e-01
  2.1540e+02     5.199650e-01
  2.1560e+02     5.178931e-01
  2.1580e+02     5.158316e-01
  2.1600e+02     5.137803e-01
  2.1620e+02     5.117392e-01
  2.1640e+02     5.097083e-01
  2.1660e+02     5.076875e-01
  2.1680e+02     5.056767e-01
  2.1700e+02     5.036759e-01
  2.1720e+02     5.016850e-01
  2.1740e+02     4.997040e-01
  2.1760e+02     4.977328e-01
  2.1780e+02     4.957713e-01
  2.1800e+02     4.938196e-01
  2.1820e+02     4.918775e-01
  2.1840e+02     4.899450e-01
  2.1860e+02     4.880220e-01
  2.1880e+02     4.861085e-01
  2.1900e+02     4.842044e-01
  2.1920e+02     4.823098e-01
  2.1940e+02     4.804244e-01
  2.1960e+02     4.785483e-01
  2.1980e+02     4.766815e-01
  2.2000e+02     4.748238e-01
  2.2020e+02     4.729752e-01
  2.2040e+02     4.711357e-01
  2.2060e+02     4.693052e-01
  2.2080e+02     4.674836e-01
  2.2100e+02     4.656710e-01
  2.2120e+02     4.638673e-01
  2.2140e+02     4.620723e-01
  2.2160e+02     4.602862e-01
  2.2180e+02     4.585087e-01
  2.2200e+02     4.567399e-01
  2.2220e+02     4.549798e-01
  2.2240e+02     4.532282e-01
  2.2260e+02     4.514851e-01
  2.2280e+02     4.497505e-01
  2.2300e+02     4.480243e-01
  2.2320e+02     4.463065e-01
  2.2340e+02     4.445971e-01
  2.2360e+02     4.428959e-01
  2.2380e+02     4.412030e-01
  2.2400e+02     4.395183e-01
  2.2420e+02     4.378417e-01
  2.2440e+02     4.361733e-01
  2.2460e+02     4.345129e-01
  2.2480e+02     4.328605e-01
  2.2500e+02     4.312161e-01
  2.2520e+02     4.295796e-01
  2.2540e+02     4.279510e-01
  2.2560e+02     4.263303e-01
  2.2580e+02     4.247173e-01
  2.2600e+02     4.231121e-01
  2.2620e+02     4.215147e-01
  2.2640e+02     4.199249e-01
  2.2660e+02     4.183427e-01
  2.2680e+02     4.167681e-01
  2.2700e+02     4.152010e-01
  2.2720e+02     4.136415e-01
  2.2740e+02     4.120894e-01
  2.2760e+02     4.105447e-01
  2.2780e+02     4.090075e-01
  2.2800e+02     4.074775e-01
  2.2820e+02     4.059549e-01
  2.2840e+02     4.044395e-01
  2.2860e+02     4.029313e-01
  2.2880e+02     4.014304e-01
  2.2900e+02     3.999365e-01
  2.2920e+02     3.984498e-01
  2.2940e+02     3.969701e-01
  2.2960e+02     3.954975e-01
  2.2980e+02     3.940318e-01
  2.3000e+02     3.925731e-01
  2.3020e+02     3.911213e-01
  2.3040e+02     3.896764e-01
  2.3060e+02     3.882383e-01
  2.3080e+02     3.868070e-01
  2.3100e+02     3.853825e-01
  2.3120e+02     3.839647e-01
  2.3140e+02     3.825536e-01
  2.3160e+02     3.811491e-01
  2.3180e+02     3.797513e-01
  2.3200e+02     3.783601e-01
  2.3220e+02     3.769753e-01
  2.3240e+02     3.755971e-01
  2.3260e+02     3.742254e-01
  2.3280e+02     3.728601e-01
  2.3300e+02     3.715013e-01
  2.3320e+02     3.701488e-01
  2.3340e+02     3.688026e-01
  2.3360e+02     3.674627e-01
  2.3380e+02     3.661291e-01
  2.3400e+02     3.648018e-01
  2.3420e+02     3.634806e-01
  2.3440e+02     3.621656e-01
  2.3460e+02     3.608568e-01
  2.3480e+02     3.595540e-01
  2.3500e+02     3.582573e-01
  2.3520e+02     3.569667e-01
  2.3540e+02     3.556820e-01
  2.3560e+02     3.544034e-01
  2.3580e+02     3.531306e-01
  2.3600e+02     3.518638e-01
  2.3620e+02     3.506029e-01
  2.3640e+02     3.493478e-01
  2.3660e+02     3.480985e-01
  2.3680e+02     3.468550e-01
  2.3700e+02     3.456173e-01
  2.3720e+02     3.443853e-01
  2.3740e+02     3.431589e-01
  2.3760e+02     3.419383e-01
  2.3780e+02     3.407232e-01
  2.3800e+02     3.395138e-01
  2.3820e+02     3.383099e-01
  2.3840e+02     3.371116e-01
  2.3860e+02     3.359188e-01
  2.3880e+02     3.347315e-01
  2.3900e+02     3.335497e-01
  2.3920e+02     3.323732e-01
  2.3940e+02     3.312022e-01
  2.3960e+02     3.300365e-01
  2.3980e+02     3.288762e-01
  2.4000e+02     3.277212e-01
  2.4020e+02     3.265715e-01
  2.4040e+02     3.254270e-01
  2.4060e+02     3.242878e-01
  2.4080e+02     3.231537e-01
  2.4100e+02     3.220249e-01
  2.4120e+02     3.209011e-01
  2.4140e+02     3.197825e-01
  2.4160e+02     3.186690e-01
  2.4180e+02     3.175606e-01
  2.4200e+02     3.164572e-01
  2.4220e+02     3.153588e-01
  2.4240e+02     3.142654e-01
  2.4260e+02     3.131770e-01
  2.4280e+02     3.120935e-01
  2.4300e+02     3.110149e-01
  2.4320e+02     3.099412e-01
  2.4340e+02     3.088724e-01
  2.4360e+02     3.078084e-01
  2.4380e+02     3.067492e-01
  2.4400e+02     3.056947e-01
  2.4420e+02     3.046451e-01
  2.4440e+02     3.036001e-01
  2.4460e+02     3.025599e-01
  2.4480e+02     3.015244e-01
  2.4500e+02     3.004935e-01
  2.4520e+02     2.994673e-01
  2.4540e+02     2.984456e-01
  2.4560e+02     2.974286e-01
  2.4580e+02     2.964161e-01
  2.4600e+02     2.954082e-01
  2.4620e+02     2.944048e-01
  2.4640e+02     2.934059e-01
  2.4660e+02     2.924114e-01
  2.4680e+02     2.914214e-01
  2.4700e+02     2.904358e-01
  2.4720e+02     2.894546e-01
  2.4740e+02     2.884778e-01
  2.4760e+02     2.875054e-01
  2.4780e+02     2.865373e-01
  2.4800e+02     2.855735e-01
  2.4820e+02     2.846140e-01
  2.4840e+02     2.836587e-01
  2.4860e+02     2.827078e-01
  2.4880e+02     2.817610e-01
  2.4900e+02     2.808184e-01
  2.4920e+02     2.798800e-01
  2.4940e+02     2.789458e-01
  2.4960e+02     2.780157e-01
  2.4980e+02     2.770897e-01
  2.5000e+02     2.761679e-01
  2.5020e+02     2.752501e-01
  2.5040e+02     2.743363e-01
  2.5060e+02     2.734266e-01
  2.5080e+02     2.725209e-01
  2.5100e+02     2.716192e-01
  2.5120e+02     2.707215e-01
  2.5140e+02     2.698277e-01
  2.5160e+02     2.689378e-01
  2.5180e+02     2.680519e-01
  2.5200e+02     2.671698e-01
  2.5220e+02     2.662917e-01
  2.5240e+02     2.654173e-01
  2.5260e+02     2.645469e-01
  2.5280e+02     2.636802e-01
  2.5300e+02     2.628173e-01
  2.5320e+02     2.619582e-01
  2.5340e+02     2.611028e-01
  2.5360e+02     2.602512e-01
  2.5380e+02     2.594033e-01
  2.5400e+02     2.585591e-01
  2.5420e+02     2.577186e-01
  2.5440e+02     2.568818e-01
  2.5460e+02     2.560486e-01
  2.5480e+02     2.552190e-01
  2.5500e+02     2.543930e-01
  2.5520e+02     2.535706e-01
  2.5540e+02     2.527518e-01
  2.5560e+02     2.519366e-01
  2.5580e+02     2.511248e-01
  2.5600e+02     2.503166e-01
  2.5620e+02     2.495119e-01
  2.5640e+02     2.487107e-01
  2.5660e+02     2.479129e-01
  2.5680e+02     2.471186e-01
  2.5700e+02     2.463277e-01
  2.5720e+02     2.455403e-01
  2.5740e+02     2.447562e-01
  2.5760e+02     2.439755e-01
  2.5780e+02     2.431982e-01
  2.5800e+02     2.424242e-01
  2.5820e+02     2.416535e-01
  2.5840e+02     2.408862e-01
  2.5860e+02     2.401222e-01
  2.5880e+02     2.393614e-01
  2.5900e+02     2.386039e-01
  2.5920e+02     2.378496e-01
  2.5940e+02     2.370986e-01
  2.5960e+02     2.363508e-01
  2.5980e+02     2.356062e-01
  2.6000e+02     2.348648e-01
  2.6020e+02     2.341265e-01
  2.6040e+02     2.333914e-01
  2.6060e+02     2.326595e-01
  2.6080e+02     2.319306e-01
  2.6100e+02     2.312049e-01
  2.6120e+02     2.304822e-01
  2.6140e+02     2.297626e-01
  2.6160e+02     2.290461e-01
  2.6180e+02     2.283326e-01
  2.6200e+02     2.276222e-01
  2.6220e+02     2.269148e-01
  2.6240e+02     2.262104e-01
  2.6260e+02     2.255089e-01
  2.6280e+02     2.248104e-01
  2.6300e+02     2.241149e-01
  2.6320e+02     2.234224e-01
  2.6340e+02     2.227327e-01
  2.6360e+02     2.220460e-01
  2.6380e+02     2.213621e-01
  2.6400e+02     2.206812e-01
  2.6420e+02     2.200031e-01
  2.6440e+02     2.193279e-01
  2.6460e+02     2.186555e-01
  2.6480e+02     2.179860e-01
  2.6500e+02     2.173192e-01
  2.6520e+02     2.166553e-01
  2.6540e+02     2.159942e-01
  2.6560e+02     2.153358e-01
  2.6580e+02     2.146802e-01
  2.6600e+02     2.140273e-01
  2.6620e+02     2.133772e-01
  2.6640e+02     2.127298e-01
  2.6660e+02     2.120851e-01
  2.6680e+02     2.114431e-01
  2.6700e+02     2.108037e-01
  2.6720e+02     2.101671e-01
  2.6740e+02     2.095331e-01
  2.6760e+02     2.089017e-01
  2.6780e+02     2.082730e-01
  2.6800e+02     2.076469e-01
  2.6820e+02     2.070233e-01
  2.6840e+02     2.064024e-01
  2.6860e+02     2.057841e-01
  2.6880e+02     2.051683e-01
  2.6900e+02     2.045551e-01
  2.6920e+02     2.039444e-01
  2.6940e+02     2.033363e-01
  2.6960e+02     2.027307e-01
  2.6980e+02     2.021275e-01
  2.7000e+02     2.015269e-01
  2.7020e+02     2.009288e-01
  2.7040e+02     2.003331e-01
  2.7060e+02     1.997399e-01
  2.7080e+02     1.991491e-01
  2.7100e+02     1.985608e-01
  2.7120e+02     1.979749e-01
  2.7140e+02     1.973914e-01
  2.7160e+02     1.968102e-01
  2.7180e+02     1.962315e-01
  2.7200e+02     1.956552e-01
  2.7220e+02     1.950812e-01
  2.7240e+02     1.945096e-01
  2.7260e+02     1.939403e-01
  2.7280e+02     1.933734e-01
  2.7300e+02     1.928088e-01
  2.7320e+02     1.922465e-01
  2.7340e+02     1.916865e-01
  2.7360e+02     1.911288e-01
  2.7380e+02     1.905733e-01
  2.7400e+02     1.900201e-01
  2.7420e+02     1.894692e-01
  2.7440e+02     1.889206e-01
  2.7460e+02     1.883741e-01
  2.7480e+02     1.878299e-01
  2.7500e+02     1.872879e-01
  2.7520e+02     1.867481e-01
  2.7540e+02     1.862105e-01
  2.7560e+02     1.856751e-01
  2.7580e+02     1.851418e-01
  2.7600e+02     1.846107e-01
  2.7620e+02     1.840818e-01
  2.7640e+02     1.835550e-01
  2.7660e+02     1.830304e-01
  2.7680e+02     1.825078e-01
  2.7700e+02     1.819874e-01
  2.7720e+02     1.814691e-01
  2.7740e+02     1.809528e-01
  2.7760e+02     1.804387e-01
  2.7780e+02     1.799266e-01
  2.7800e+02     1.794166e-01
  2.7820e+02     1.789086e-01
  2.7840e+02     1.784027e-01
  2.7860e+02     1.778988e-01
  2.7880e+02     1.773969e-01
  2.7900e+02     1.768971e-01
  2.7920e+02     1.763993e-01
  2.7940e+02     1.759034e-01
  2.7960e+02     1.754096e-01
  2.7980e+02     1.749177e-01
  2.8000e+02     1.744278e-01
  2.8020e+02     1.739398e-01
  2.8040e+02     1.734538e-01
  2.8060e+02     1.729698e-01
  2.8080e+02     1.724876e-01
  2.8100e+02     1.720074e-01
  2.8120e+02     1.715291e-01
  2.8140e+02     1.710528e-01
  2.8160e+02     1.705783e-01
  2.8180e+02     1.701057e-01
  2.8200e+02     1.696350e-01
  2.8220e+02     1.691661e-01
  2.8240e+02     1.686991e-01
  2.8260e+02     1.682340e-01
  2.8280e+02     1.677707e-01
  2.8300e+02     1.673093e-01
  2.8320e+02     1.668497e-01
  2.8340e+02     1.663919e-01
  2.8360e+02     1.659359e-01
  2.8380e+02     1.654817e-01
  2.8400e+02     1.650293e-01
  2.8420e+02     1.645787e-01
  2.8440e+02     1.641299e-01
  2.8460e+02     1.636828e-01
  2.8480e+02     1.632375e-01
  2.8500e+02     1.627940e-01
  2.8520e+02     1.623522e-01
  2.8540e+02     1.619121e-01
  2.8560e+02     1.614738e-01
  2.8580e+02     1.610372e-01
  2.8600e+02     1.606023e-01
  2.8620e+02     1.601691e-01
  2.8640e+02     1.597377e-01
  2.8660e+02     1.593079e-01
  2.8680e+02     1.588798e-01
  2.8700e+02     1.584533e-01
  2.8720e+02     1.580286e-01
  2.8740e+02     1.576055e-01
  2.8760e+02     1.571840e-01
  2.8780e+02     1.567642e-01
  2.8800e+02     1.563460e-01
  2.8820e+02     1.559295e-01
  2.8840e+02     1.555146e-01
  2.8860e+02     1.551013e-01
  2.8880e+02     1.546896e-01
  2.8900e+02     1.542795e-01
  2.8920e+02     1.538711e-01
  2.8940e+02     1.534642e-01
  2.8960e+02     1.530588e-01
  2.8980e+02     1.526551e-01
  2.9000e+02     1.522529e-01
  2.9020e+02     1.518523e-01
  2.9040e+02     1.514532e-01
  2.9060e+02     1.510557e-01
  2.9080e+02     1.506597e-01
  2.9100e+02     1.502652e-01
  2.9120e+02     1.498723e-01
  2.9140e+02     1.494809e-01
  2.9160e+02     1.490910e-01
  2.9180e+02     1.487026e-01
  2.9200e+02     1.483157e-01
  2.9220e+02     1.479303e-01
  2.9240e+02     1.475463e-01
  2.9260e+02     1.471639e-01
  2.9280e+02     1.467829e-01
  2.9300e+02     1.464034e-01
  2.9320e+02     1.460253e-01
  2.9340e+02     1.456487e-01
  2.9360e+02     1.452735e-01
  2.9380e+02     1.448998e-01
  2.9400e+02     1.445275e-01
  2.9420e+02     1.441566e-01
  2.9440e+02     1.437872e-01
  2.9460e+02     1.434191e-01
  2.9480e+02     1.430525e-01
  2.9500e+02     1.426873e-01
  2.9520e+02     1.423234e-01
  2.9540e+02     1.419610e-01
  2.9560e+02     1.415999e-01
  2.9580e+02     1.412402e-01
  2.9600e+02     1.408819e-01
  2.9620e+02     1.405250e-01
  2.9640e+02     1.401694e-01
  2.9660e+02     1.398151e-01
  2.9680e+02     1.394622e-01
  2.9700e+02     1.391106e-01
  2.9720e+02     1.387604e-01
  2.9740e+02     1.384115e-01
  2.9760e+02     1.380639e-01
  2.9780e+02     1.377177e-01
  2.9800e+02     1.373727e-01
  2.9820e+02     1.370291e-01
  2.9840e+02     1.366867e-01
  2.9860e+02     1.363457e-01
  2.9880e+02     1.360059e-01
  2.9900e+02     1.356674e-01
  2.9920e+02     1.353302e-01
  2.9940e+02     1.349943e-01
  2.9960e+02     1.346596e-01
  2.9980e+02     1.343262e-01
  3.0000e+02     1.339941e-01
  3.0020e+02     1.336631e-01
  3.0040e+02     1.333335e-01
  3.0060e+02     1.330051e-01
  3.0080e+02     1.326779e-01
  3.0100e+02     1.323519e-01
  3.0120e+02     1.320272e-01
  3.0140e+02     1.317036e-01
  3.0160e+02     1.313813e-01
  3.0180e+02     1.310602e-01
  3.0200e+02     1.307403e-01
  3.0220e+02     1.304216e-01
  3.0240e+02     1.301041e-01
  3.0260e+02     1.297878e-01
  3.0280e+02     1.294726e-01
  3.0300e+02     1.291586e-01
  3.0320e+02     1.288458e-01
  3.0340e+02     1.285342e-01
  3.0360e+02     1.282237e-01
  3.0380e+02     1.279144e-01
  3.0400e+02     1.276062e-01
  3.0420e+02     1.272992e-01
  3.0440e+02     1.269933e-01
  3.0460e+02     1.266886e-01
  3.0480e+02     1.263849e-01
  3.0500e+02     1.260824e-01
  3.0520e+02     1.257811e-01
  3.0540e+02     1.254808e-01
  3.0560e+02     1.251817e-01
  3.0580e+02     1.248836e-01
  3.0600e+02     1.245867e-01
  3.0620e+02     1.242909e-01
  3.0640e+02     1.239961e-01
  3.0660e+02     1.237025e-01
  3.0680e+02     1.234099e-01
  3.0700e+02     1.231184e-01
  3.0720e+02     1.228280e-01
  3.0740e+02     1.225386e-01
  3.0760e+02     1.222503e-01
  3.0780e+02     1.219631e-01
  3.0800e+02     1.216769e-01
  3.0820e+02     1.213918e-01
  3.0840e+02     1.211078e-01
  3.0860e+02     1.208247e-01
  3.0880e+02     1.205427e-01
  3.0900e+02     1.202618e-01
  3.0920e+02     1.199819e-01
  3.0940e+02     1.197030e-01
  3.0960e+02     1.194251e-01
  3.0980e+02     1.191482e-01
  3.1000e+02     1.188724e-01
  3.1020e+02     1.185975e-01
  3.1040e+02     1.183237e-01
  3.1060e+02     1.180509e-01
  3.1080e+02     1.177790e-01
  3.1100e+02     1.175082e-01
  3.1120e+02     1.172383e-01
  3.1140e+02     1.169694e-01
  3.1160e+02     1.167015e-01
  3.1180e+02     1.164346e-01
  3.1200e+02     1.161687e-01
  3.1220e+02     1.159037e-01
  3.1240e+02     1.156396e-01
  3.1260e+02     1.153766e-01
  3.1280e+02     1.151145e-01
  3.1300e+02     1.148533e-01
  3.1320e+02     1.145931e-01
  3.1340e+02     1.143338e-01
  3.1360e+02     1.140755e-01
  3.1380e+02     1.138181e-01
  3.1400e+02     1.135616e-01
  3.1420e+02     1.133061e-01
  3.1440e+02     1.130515e-01
  3.1460e+02     1.127978e-01
  3.1480e+02     1.125450e-01
  3.1500e+02     1.122931e-01
  3.1520e+02     1.120422e-01
  3.1540e+02     1.117921e-01
  3.1560e+02     1.115429e-01
  3.1580e+02     1.112947e-01
  3.1600e+02     1.110473e-01
  3.1620e+02     1.108008e-01
  3.1640e+02     1.105553e-01
  3.1660e+02     1.103106e-01
  3.1680e+02     1.100667e-01
  3.1700e+02     1.098238e-01
  3.1720e+02     1.095817e-01
  3.1740e+02     1.093405e-01
  3.1760e+02     1.091001e-01
  3.1780e+02     1.088606e-01
  3.1800e+02     1.086220e-01
  3.1820e+02     1.083842e-01
  3.1840e+02     1.081473e-01
  3.1860e+02     1.079112e-01
  3.1880e+02     1.076760e-01
  3.1900e+02     1.074416e-01
  3.1920e+02     1.072080e-01
  3.1940e+02     1.069753e-01
  3.1960e+02     1.067434e-01
  3.1980e+02     1.065123e-01
  3.2000e+02     1.062821e-01
  3.2020e+02     1.060526e-01
  3.2040e+02     1.058240e-01
  3.2060e+02     1.055962e-01
  3.2080e+02     1.053692e-01
  3.2100e+02     1.051430e-01
  3.2120e+02     1.049177e-01
  3.2140e+02     1.046931e-01
  3.2160e+02     1.044693e-01
  3.2180e+02     1.042463e-01
  3.2200e+02     1.040241e-01
  3.2220e+02     1.038027e-01
  3.2240e+02     1.035820e-01
  3.2260e+02     1.033622e-01
  3.2280e+02     1.031431e-01
  3.2300e+02     1.029248e-01
  3.2320e+02     1.027073e-01
  3.2340e+02     1.024905e-01
  3.2360e+02     1.022745e-01
  3.2380e+02     1.020593e-01
  3.2400e+02     1.018448e-01
  3.2420e+02     1.016311e-01
  3.2440e+02     1.014181e-01
  3.2460e+02     1.012059e-01
  3.2480e+02     1.009944e-01
  3.2500e+02     1.007837e-01
  3.2520e+02     1.005737e-01
  3.2540e+02     1.003645e-01
  3.2560e+02     1.001560e-01
  3.2580e+02     9.994818e-02
  3.2600e+02     9.974113e-02
  3.2620e+02     9.953480e-02
  3.2640e+02     9.932920e-02
  3.2660e+02     9.912431e-02
  3.2680e+02     9.892015e-02
  3.2700e+02     9.871670e-02
  3.2720e+02     9.851396e-02
  3.2740e+02     9.831193e-02
  3.2760e+02     9.811061e-02
  3.2780e+02     9.790999e-02
  3.2800e+02     9.771007e-02
  3.2820e+02     9.751084e-02
  3.2840e+02     9.731232e-02
  3.2860e+02     9.711448e-02
  3.2880e+02     9.691734e-02
  3.2900e+02     9.672088e-02
  3.2920e+02     9.652511e-02
  3.2940e+02     9.633001e-02
  3.2960e+02     9.613560e-02
  3.2980e+02     9.594186e-02
  3.3000e+02     9.574880e-02
  3.3020e+02     9.555641e-02
  3.3040e+02     9.536468e-02
  3.3060e+02     9.517362e-02
  3.3080e+02     9.498322e-02
  3.3100e+02     9.479349e-02
  3.3120e+02     9.460441e-02
  3.3140e+02     9.441599e-02
  3.3160e+02     9.422822e-02
  3.3180e+02     9.404109e-02
  3.3200e+02     9.385462e-02
  3.3220e+02     9.366879e-02
  3.3240e+02     9.348361e-02
  3.3260e+02     9.329906e-02
  3.3280e+02     9.311515e-02
  3.3300e+02     9.293188e-02
  3.3320e+02     9.274924e-02
  3.3340e+02     9.256723e-02
  3.3360e+02     9.238585e-02
  3.3380e+02     9.220509e-02
  3.3400e+02     9.202495e-02
  3.3420e+02     9.184544e-02
  3.3440e+02     9.166654e-02
  3.3460e+02     9.148826e-02
  3.3480e+02     9.131059e-02
  3.3500e+02     9.113354e-02
  3.3520e+02     9.095709e-02
  3.3540e+02     9.078125e-02
  3.3560e+02     9.060601e-02
  3.3580e+02     9.043137e-02
  3.3600e+02     9.025733e-02
  3.3620e+02     9.008389e-02
  3.3640e+02     8.991104e-02
  3.3660e+02     8.973879e-02
  3.3680e+02     8.956713e-02
  3.3700e+02     8.939605e-02
  3.3720e+02     8.922556e-02
  3.3740e+02     8.905565e-02
  3.3760e+02     8.888632e-02
  3.3780e+02     8.871758e-02
  3.3800e+02     8.854940e-02
  3.3820e+02     8.838181e-02
  3.3840e+02     8.821478e-02
  3.3860e+02     8.804833e-02
  3.3880e+02     8.788244e-02
  3.3900e+02     8.771712e-02
  3.3920e+02     8.755236e-02
  3.3940e+02     8.738817e-02
  3.3960e+02     8.722453e-02
  3.3980e+02     8.706145e-02
  3.4000e+02     8.689892e-02
  3.4020e+02     8.673695e-02
  3.4040e+02     8.657553e-02
  3.4060e+02     8.641466e-02
  3.4080e+02     8.625433e-02
  3.4100e+02     8.609455e-02
  3.4120e+02     8.593531e-02
  3.4140e+02     8.577661e-02
  3.4160e+02     8.561845e-02
  3.4180e+02     8.546083e-02
  3.4200e+02     8.530374e-02
  3.4220e+02     8.514719e-02
  3.4240e+02     8.499116e-02
  3.4260e+02     8.483566e-02
  3.4280e+02     8.468069e-02
  3.4300e+02     8.452624e-02
  3.4320e+02     8.437232e-02
  3.4340e+02     8.421892e-02
  3.4360e+02     8.406603e-02
  3.4380e+02     8.391366e-02
  3.4400e+02     8.376181e-02
  3.4420e+02     8.361047e-02
  3.4440e+02     8.345964e-02
  3.4460e+02     8.330932e-02
  3.4480e+02     8.315950e-02
  3.4500e+02     8.301019e-02
  3.4520e+02     8.286139e-02
  3.4540e+02     8.271308e-02
  3.4560e+02     8.256528e-02
  3.4580e+02     8.241797e-02
  3.4600e+02     8.227116e-02
  3.4620e+02     8.212484e-02
  3.4640e+02     8.197902e-02
  3.4660e+02     8.183368e-02
  3.4680e+02     8.168884e-02
  3.4700e+02     8.154448e-02
  3.4720e+02     8.140060e-02
  3.4740e+02     8.125721e-02
  3.4760e+02     8.111430e-02
  3.4780e+02     8.097187e-02
  3.4800e+02     8.082992e-02
  3.4820e+02     8.068844e-02
  3.4840e+02     8.054744e-02
  3.4860e+02     8.040691e-02
  3.4880e+02     8.026685e-02
  3.4900e+02     8.012727e-02
  3.4920e+02     7.998814e-02
  3.4940e+02     7.984949e-02
  3.4960e+02     7.971130e-02
  3.4980e+02     7.957357e-02
  3.5000e+02     7.943630e-02
  3.5020e+02     7.929949e-02
  3.5040e+02     7.916313e-02
  3.5060e+02     7.902724e-02
  3.5080e+02     7.889179e-02
  3.5100e+02     7.875680e-02
  3.5120e+02     7.862226e-02
  3.5140e+02     7.848817e-02
  3.5160e+02     7.835453e-02
  3.5180e+02     7.822133e-02
  3.5200e+02     7.808857e-02
  3.5220e+02     7.795626e-02
  3.5240e+02     7.782439e-02
  3.5260e+02     7.769296e-02
  3.5280e+02     7.756197e-02
  3.5300e+02     7.743141e-02
  3.5320e+02     7.730129e-02
  3.5340e+02     7.717160e-02
  3.5360e+02     7.704234e-02
  3.5380e+02     7.691351e-02
  3.5400e+02     7.678511e-02
  3.5420e+02     7.665714e-02
  3.5440e+02     7.652959e-02
  3.5460e+02     7.640247e-02
  3.5480e+02     7.627577e-02
  3.5500e+02     7.614949e-02
  3.5520e+02     7.602362e-02
  3.5540e+02     7.589818e-02
  3.5560e+02     7.577315e-02
  3.5580e+02     7.564854e-02
  3.5600e+02     7.552434e-02
  3.5620e+02     7.540055e-02
  3.5640e+02     7.527717e-02
  3.5660e+02     7.515421e-02
  3.5680e+02     7.503164e-02
  3.5700e+02     7.490949e-02
  3.5720e+02     7.478774e-02
  3.5740e+02     7.466639e-02
  3.5760e+02     7.454545e-02
  3.5780e+02     7.442490e-02
  3.5800e+02     7.430475e-02
  3.5820e+02     7.418500e-02
  3.5840e+02     7.406565e-02
  3.5860e+02     7.394669e-02
  3.5880e+02     7.382813e-02
  3.5900e+02     7.370995e-02
  3.5920e+02     7.359217e-02
  3.5940e+02     7.347478e-02
  3.5960e+02     7.335777e-02
  3.5980e+02     7.324115e-02
