# Epidemic | 7 days incidence [ x-unit: days | y-unit: per 100000 ]
  0.0000e+00     3.618006e+02
  2.0000e-01     3.595205e+02
  4.0000e-01     3.572461e+02
  6.0000e-01     3.549774e+02
  8.0000e-01     3.527146e+02
  1.0000e+00     3.504577e+02
  1.2000e+00     3.482070e+02
  1.4000e+00     3.459625e+02
  1.6000e+00     3.437243e+02
  1.8000e+00     3.414926e+02
  2.0000e+00     3.392674e+02
  2.2000e+00     3.370489e+02
  2.4000e+00     3.348372e+02
  2.6000e+00     3.326324e+02
  2.8000e+00     3.304345e+02
  3.0000e+00     3.282437e+02
  3.2000e+00     3.260601e+02
  3.4000e+00     3.238838e+02
  3.6000e+00     3.217148e+02
  3.8000e+00     3.195533e+02
  4.0000e+00     3.173994e+02
  4.2000e+00     3.152531e+02
  4.4000e+00     3.131145e+02
  4.6000e+00     3.109837e+02
  4.8000e+00     3.088608e+02
  5.0000e+00     3.067458e+02
  5.2000e+00     3.046389e+02
  5.4000e+00     3.025401e+02
  5.6000e+00     3.004495e+02
  5.8000e+00     2.983672e+02
  6.0000e+00     2.962932e+02
  6.2000e+00     2.942275e+02
  6.4000e+00     2.921704e+02
  6.6000e+00     2.901217e+02
  6.8000e+00     2.880817e+02
  7.0000e+00     2.860503e+02
  7.2000e+00     2.845017e+02
  7.4000e+00     2.830108e+02
  7.6000e+00     2.815247e+02
  7.8000e+00     2.800434e+02
  8.0000e+00     2.785669e+02
  8.2000e+00     2.770951e+02
  8.4000e+00     2.756281e+02
  8.6000e+00     2.741659e+02
  8.8000e+00     2.727085e+02
  9.0000e+00     2.712558e+02
  9.2000e+00     2.698079e+02
  9.4000e+00     2.683648e+02
  9.6000e+00     2.669264e+02
  9.8000e+00     2.654928e+02
  1.0000e+01     2.640640e+02
  1.0200e+01     2.626400e+02
  1.0400e+01     2.612207e+02
  1.0600e+01     2.598061e+02
  1.0800e+01     2.583963e+02
  1.1000e+01     2.569913e+02
  1.1200e+01     2.555911e+02
  1.1400e+01     2.541956e+02
  1.1600e+01     2.528049e+02
  1.1800e+01     2.514189e+02
  1.2000e+01     2.500377e+02
  1.2200e+01     2.486613e+02
  1.2400e+01     2.472896e+02
  1.2600e+01     2.459227e+02
  1.2800e+01     2.445606e+02
  1.3000e+01     2.432032e+02
  1.3200e+01     2.418506e+02
  1.3400e+01     2.405028e+02
  1.3600e+01     2.391597e+02
  1.3800e+01     2.378214e+02
  1.4000e+01     2.364879e+02
  1.4200e+01     2.351591e+02
  1.4400e+01     2.338351e+02
  1.4600e+01     2.325160e+02
  1.4800e+01     2.312015e+02
  1.5000e+01     2.298919e+02
  1.5200e+01     2.285870e+02
  1.5400e+01     2.272869e+02
  1.5600e+01     2.259917e+02
  1.5800e+01     2.247011e+02
  1.6000e+01     2.234154e+02
  1.6200e+01     2.221345e+02
  1.6400e+01     2.208583e+02
  1.6600e+01     2.195870e+02
  1.6800e+01     2.183204e+02
  1.7000e+01     2.170587e+02
  1.7200e+01     2.158017e+02
  1.7400e+01     2.145495e+02
  1.7600e+01     2.133021e+02
  1.7800e+01     2.120596e+02
  1.8000e+01     2.108218e+02
  1.8200e+01     2.095888e+02
  1.8400e+01     2.083607e+02
  1.8600e+01     2.071373e+02
  1.8800e+01     2.059188e+02
  1.9000e+01     2.047050e+02
  1.9200e+01     2.034961e+02
  1.9400e+01     2.022920e+02
  1.9600e+01     2.010927e+02
  1.9800e+01     1.998982e+02
  2.0000e+01     1.987085e+02
  2.0200e+01     1.975236e+02
  2.0400e+01     1.963436e+02
  2.0600e+01     1.951683e+02
  2.0800e+01     1.939979e+02
  2.1000e+01     1.928323e+02
  2.1200e+01     1.913425e+02
  2.1400e+01     1.898254e+02
  2.1600e+01     1.883178e+02
  2.1800e+01     1.868197e+02
  2.2000e+01     1.853310e+02
  2.2200e+01     1.838518e+02
  2.2400e+01     1.823820e+02
  2.2600e+01     1.809217e+02
  2.2800e+01     1.794707e+02
  2.3000e+01     1.780291e+02
  2.3200e+01     1.765968e+02
  2.3400e+01     1.751739e+02
  2.3600e+01     1.737603e+02
  2.3800e+01     1.723559e+02
  2.4000e+01     1.709608e+02
  2.4200e+01     1.695750e+02
  2.4400e+01     1.681983e+02
  2.4600e+01     1.668309e+02
  2.4800e+01     1.654725e+02
  2.5000e+01     1.641234e+02
  2.5200e+01     1.627833e+02
  2.5400e+01     1.614523e+02
  2.5600e+01     1.601303e+02
  2.5800e+01     1.588173e+02
  2.6000e+01     1.575134e+02
  2.6200e+01     1.562184e+02
  2.6400e+01     1.549323e+02
  2.6600e+01     1.536551e+02
  2.6800e+01     1.523867e+02
  2.7000e+01     1.511272e+02
  2.7200e+01     1.498765e+02
  2.7400e+01     1.486345e+02
  2.7600e+01     1.474013e+02
  2.7800e+01     1.461768e+02
  2.8000e+01     1.449609e+02
  2.8200e+01     1.437536e+02
  2.8400e+01     1.425550e+02
  2.8600e+01     1.413649e+02
  2.8800e+01     1.401833e+02
  2.9000e+01     1.390102e+02
  2.9200e+01     1.378456e+02
  2.9400e+01     1.366893e+02
  2.9600e+01     1.355415e+02
  2.9800e+01     1.344019e+02
  3.0000e+01     1.332707e+02
  3.0200e+01     1.321478e+02
  3.0400e+01     1.310330e+02
  3.0600e+01     1.299265e+02
  3.0800e+01     1.288281e+02
  3.1000e+01     1.277378e+02
  3.1200e+01     1.266555e+02
  3.1400e+01     1.255813e+02
  3.1600e+01     1.245151e+02
  3.1800e+01     1.234569e+02
  3.2000e+01     1.224065e+02
  3.2200e+01     1.213641e+02
  3.2400e+01     1.203294e+02
  3.2600e+01     1.193026e+02
  3.2800e+01     1.182835e+02
  3.3000e+01     1.172721e+02
  3.3200e+01     1.162684e+02
  3.3400e+01     1.152723e+02
  3.3600e+01     1.142838e+02
  3.3800e+01     1.133028e+02
  3.4000e+01     1.123294e+02
  3.4200e+01     1.113634e+02
  3.4400e+01     1.104049e+02
  3.4600e+01     1.094537e+02
  3.4800e+01     1.085099e+02
  3.5000e+01     1.075734e+02
  3.5200e+01     1.066441e+02
  3.5400e+01     1.057221e+02
  3.5600e+01     1.048072e+02
  3.5800e+01     1.038995e+02
  3.6000e+01     1.029988e+02
  3.6200e+01     1.021052e+02
  3.6400e+01     1.012187e+02
  3.6600e+01     1.003391e+02
  3.6800e+01     9.946641e+01
  3.7000e+01     9.860061e+01
  3.7200e+01     9.774166e+01
  3.7400e+01     9.688951e+01
  3.7600e+01     9.604412e+01
  3.7800e+01     9.520545e+01
  3.8000e+01     9.437346e+01
  3.8200e+01     9.354810e+01
  3.8400e+01     9.272934e+01
  3.8600e+01     9.191713e+01
  3.8800e+01     9.111143e+01
  3.9000e+01     9.031220e+01
  3.9200e+01     8.951941e+01
  3.9400e+01     8.873300e+01
  3.9600e+01     8.795294e+01
  3.9800e+01     8.717918e+01
  4.0000e+01     8.641169e+01
  4.0200e+01     8.565042e+01
  4.0400e+01     8.489534e+01
  4.0600e+01     8.414640e+01
  4.0800e+01     8.340356e+01
  4.1000e+01     8.266679e+01
  4.1200e+01     8.193603e+01
  4.1400e+01     8.121126e+01
  4.1600e+01     8.049242e+01
  4.1800e+01     7.977949e+01
  4.2000e+01     7.907242e+01
  4.2200e+01     7.837117e+01
  4.2400e+01     7.767570e+01
  4.2600e+01     7.698597e+01
  4.2800e+01     7.630194e+01
  4.3000e+01     7.562357e+01
  4.3200e+01     7.495083e+01
  4.3400e+01     7.428367e+01
  4.3600e+01     7.362206e+01
  4.3800e+01     7.296595e+01
  4.4000e+01     7.231531e+01
  4.4200e+01     7.167010e+01
  4.4400e+01     7.103027e+01
  4.4600e+01     7.039580e+01
  4.4800e+01     6.976665e+01
  4.5000e+01     6.914277e+01
  4.5200e+01     6.852412e+01
  4.5400e+01     6.791068e+01
  4.5600e+01     6.730240e+01
  4.5800e+01     6.669925e+01
  4.6000e+01     6.610118e+01
  4.6200e+01     6.550816e+01
  4.6400e+01     6.492016e+01
  4.6600e+01     6.433714e+01
  4.6800e+01     6.375905e+01
  4.7000e+01     6.318587e+01
  4.7200e+01     6.261756e+01
  4.7400e+01     6.205408e+01
  4.7600e+01     6.149539e+01
  4.7800e+01     6.094147e+01
  4.8000e+01     6.039227e+01
  4.8200e+01     5.984776e+01
  4.8400e+01     5.930790e+01
  4.8600e+01     5.877266e+01
  4.8800e+01     5.824201e+01
  4.9000e+01     5.771590e+01
  4.9200e+01     5.719431e+01
  4.9400e+01     5.667720e+01
  4.9600e+01     5.616454e+01
  4.9800e+01     5.565629e+01
  5.0000e+01     5.515242e+01
  5.0200e+01     5.465289e+01
  5.0400e+01     5.415767e+01
  5.0600e+01     5.366673e+01
  5.0800e+01     5.318004e+01
  5.1000e+01     5.269756e+01
  5.1200e+01     5.221926e+01
  5.1400e+01     5.174510e+01
  5.1600e+01     5.127506e+01
  5.1800e+01     5.080910e+01
  5.2000e+01     5.034719e+01
  5.2200e+01     4.988930e+01
  5.2400e+01     4.943540e+01
  5.2600e+01     4.898545e+01
  5.2800e+01     4.853943e+01
  5.3000e+01     4.809730e+01
  5.3200e+01     4.765903e+01
  5.3400e+01     4.722460e+01
  5.3600e+01     4.679396e+01
  5.3800e+01     4.636710e+01
  5.4000e+01     4.594398e+01
  5.4200e+01     4.552457e+01
  5.4400e+01     4.510884e+01
  5.4600e+01     4.469676e+01
  5.4800e+01     4.428830e+01
  5.5000e+01     4.388344e+01
  5.5200e+01     4.348214e+01
  5.5400e+01     4.308437e+01
  5.5600e+01     4.269011e+01
  5.5800e+01     4.229933e+01
  5.6000e+01     4.191200e+01
  5.6200e+01     4.152810e+01
  5.6400e+01     4.114758e+01
  5.6600e+01     4.077043e+01
  5.6800e+01     4.039662e+01
  5.7000e+01     4.002613e+01
  5.7200e+01     3.965891e+01
  5.7400e+01     3.929495e+01
  5.7600e+01     3.893423e+01
  5.7800e+01     3.857670e+01
  5.8000e+01     3.822236e+01
  5.8200e+01     3.787116e+01
  5.8400e+01     3.752309e+01
  5.8600e+01     3.717812e+01
  5.8800e+01     3.683623e+01
  5.9000e+01     3.649738e+01
  5.9200e+01     3.616155e+01
  5.9400e+01     3.582872e+01
  5.9600e+01     3.549886e+01
  5.9800e+01     3.517195e+01
  6.0000e+01     3.484797e+01
  6.0200e+01     3.452688e+01
  6.0400e+01     3.420866e+01
  6.0600e+01     3.389330e+01
  6.0800e+01     3.358076e+01
  6.1000e+01     3.327102e+01
  6.1200e+01     3.296406e+01
  6.1400e+01     3.265986e+01
  6.1600e+01     3.235839e+01
  6.1800e+01     3.205962e+01
  6.2000e+01     3.176355e+01
  6.2200e+01     3.147013e+01
  6.2400e+01     3.117936e+01
  6.2600e+01     3.089120e+01
  6.2800e+01     3.060564e+01
  6.3000e+01     3.032265e+01
  6.3200e+01     3.004222e+01
  6.3400e+01     2.976431e+01
  6.3600e+01     2.948891e+01
  6.3800e+01     2.921600e+01
  6.4000e+01     2.894555e+01
  6.4200e+01     2.867755e+01
  6.4400e+01     2.841197e+01
  6.4600e+01     2.814880e+01
  6.4800e+01     2.788800e+01
  6.5000e+01     2.762957e+01
  6.5200e+01     2.737348e+01
  6.5400e+01     2.711971e+01
  6.5600e+01     2.686824e+01
  6.5800e+01     2.661905e+01
  6.6000e+01     2.637212e+01
  6.6200e+01     2.612743e+01
  6.6400e+01     2.588497e+01
  6.6600e+01     2.564471e+01
  6.6800e+01     2.540663e+01
  6.7000e+01     2.517072e+01
  6.7200e+01     2.493695e+01
  6.7400e+01     2.470531e+01
  6.7600e+01     2.447578e+01
  6.7800e+01     2.424834e+01
  6.8000e+01     2.402297e+01
  6.8200e+01     2.379966e+01
  6.8400e+01     2.357838e+01
  6.8600e+01     2.335912e+01
  6.8800e+01     2.314186e+01
  6.9000e+01     2.292658e+01
  6.9200e+01     2.271327e+01
  6.9400e+01     2.250191e+01
  6.9600e+01     2.229248e+01
  6.9800e+01     2.208496e+01
  7.0000e+01     2.187934e+01
  7.0200e+01     2.167560e+01
  7.0400e+01     2.147373e+01
  7.0600e+01     2.127371e+01
  7.0800e+01     2.107551e+01
  7.1000e+01     2.087913e+01
  7.1200e+01     2.068455e+01
  7.1400e+01     2.049176e+01
  7.1600e+01     2.030073e+01
  7.1800e+01     2.011145e+01
  7.2000e+01     1.992391e+01
  7.2200e+01     1.973809e+01
  7.2400e+01     1.955398e+01
  7.2600e+01     1.937156e+01
  7.2800e+01     1.919081e+01
  7.3000e+01     1.901172e+01
  7.3200e+01     1.883429e+01
  7.3400e+01     1.865848e+01
  7.3600e+01     1.848429e+01
  7.3800e+01     1.831170e+01
  7.4000e+01     1.814069e+01
  7.4200e+01     1.797127e+01
  7.4400e+01     1.780340e+01
  7.4600e+01     1.763708e+01
  7.4800e+01     1.747229e+01
  7.5000e+01     1.730902e+01
  7.5200e+01     1.714725e+01
  7.5400e+01     1.698698e+01
  7.5600e+01     1.682818e+01
  7.5800e+01     1.667085e+01
  7.6000e+01     1.651497e+01
  7.6200e+01     1.636053e+01
  7.6400e+01     1.620752e+01
  7.6600e+01     1.605592e+01
  7.6800e+01     1.590571e+01
  7.7000e+01     1.575690e+01
  7.7200e+01     1.560946e+01
  7.7400e+01     1.546338e+01
  7.7600e+01     1.531866e+01
  7.7800e+01     1.517527e+01
  7.8000e+01     1.503321e+01
  7.8200e+01     1.489246e+01
  7.8400e+01     1.475302e+01
  7.8600e+01     1.461486e+01
  7.8800e+01     1.447799e+01
  7.9000e+01     1.434238e+01
  7.9200e+01     1.420803e+01
  7.9400e+01     1.407492e+01
  7.9600e+01     1.394305e+01
  7.9800e+01     1.381240e+01
  8.0000e+01     1.368296e+01
  8.0200e+01     1.355472e+01
  8.0400e+01     1.342767e+01
  8.0600e+01     1.330180e+01
  8.0800e+01     1.317709e+01
  8.1000e+01     1.305355e+01
  8.1200e+01     1.293115e+01
  8.1400e+01     1.280988e+01
  8.1600e+01     1.268975e+01
  8.1800e+01     1.257072e+01
  8.2000e+01     1.245281e+01
  8.2200e+01     1.233599e+01
  8.2400e+01     1.222025e+01
  8.2600e+01     1.210559e+01
  8.2800e+01     1.199200e+01
  8.3000e+01     1.187946e+01
  8.3200e+01     1.176797e+01
  8.3400e+01     1.165751e+01
  8.3600e+01     1.154809e+01
  8.3800e+01     1.143968e+01
  8.4000e+01     1.133228e+01
  8.4200e+01     1.122588e+01
  8.4400e+01     1.112047e+01
  8.4600e+01     1.101604e+01
  8.4800e+01     1.091259e+01
  8.5000e+01     1.081009e+01
  8.5200e+01     1.070856e+01
  8.5400e+01     1.060797e+01
  8.5600e+01     1.050831e+01
  8.5800e+01     1.040959e+01
  8.6000e+01     1.031178e+01
  8.6200e+01     1.021489e+01
  8.6400e+01     1.011890e+01
  8.6600e+01     1.002380e+01
  8.6800e+01     9.929599e+00
  8.7000e+01     9.836270e+00
  8.7200e+01     9.743812e+00
  8.7400e+01     9.652216e+00
  8.7600e+01     9.561476e+00
  8.7800e+01     9.471582e+00
  8.8000e+01     9.382527e+00
  8.8200e+01     9.294304e+00
  8.8400e+01     9.206905e+00
  8.8600e+01     9.120322e+00
  8.8800e+01     9.034547e+00
  8.9000e+01     8.949574e+00
  8.9200e+01     8.865395e+00
  8.9400e+01     8.782003e+00
  8.9600e+01     8.699389e+00
  8.9800e+01     8.617548e+00
  9.0000e+01     8.536472e+00
  9.0200e+01     8.456154e+00
  9.0400e+01     8.376587e+00
  9.0600e+01     8.297764e+00
  9.0800e+01     8.219678e+00
  9.1000e+01     8.142322e+00
  9.1200e+01     8.065690e+00
  9.1400e+01     7.989776e+00
  9.1600e+01     7.914571e+00
  9.1800e+01     7.840070e+00
  9.2000e+01     7.766267e+00
  9.2200e+01     7.693154e+00
  9.2400e+01     7.620726e+00
  9.2600e+01     7.548975e+00
  9.2800e+01     7.477897e+00
  9.3000e+01     7.407484e+00
  9.3200e+01     7.337731e+00
  9.3400e+01     7.268631e+00
  9.3600e+01     7.200178e+00
  9.3800e+01     7.132367e+00
  9.4000e+01     7.065191e+00
  9.4200e+01     6.998644e+00
  9.4400e+01     6.932721e+00
  9.4600e+01     6.867416e+00
  9.4800e+01     6.802724e+00
  9.5000e+01     6.738637e+00
  9.5200e+01     6.675151e+00
  9.5400e+01     6.612261e+00
  9.5600e+01     6.549960e+00
  9.5800e+01     6.488244e+00
  9.6000e+01     6.427106e+00
  9.6200e+01     6.366542e+00
  9.6400e+01     6.306546e+00
  9.6600e+01     6.247113e+00
  9.6800e+01     6.188237e+00
  9.7000e+01     6.129914e+00
  9.7200e+01     6.072139e+00
  9.7400e+01     6.014905e+00
  9.7600e+01     5.958209e+00
  9.7800e+01     5.902044e+00
  9.8000e+01     5.846407e+00
  9.8200e+01     5.791293e+00
  9.8400e+01     5.736695e+00
  9.8600e+01     5.682611e+00
  9.8800e+01     5.629034e+00
  9.9000e+01     5.575961e+00
  9.9200e+01     5.523386e+00
  9.9400e+01     5.471304e+00
  9.9600e+01     5.419712e+00
  9.9800e+01     5.368605e+00
  1.0000e+02     5.317978e+00
  1.0020e+02     5.267826e+00
  1.0040e+02     5.218146e+00
  1.0060e+02     5.168933e+00
  1.0080e+02     5.120182e+00
  1.0100e+02     5.071889e+00
  1.0120e+02     5.024050e+00
  1.0140e+02     4.976661e+00
  1.0160e+02     4.929717e+00
  1.0180e+02     4.883215e+00
  1.0200e+02     4.837149e+00
  1.0220e+02     4.791517e+00
  1.0240e+02     4.746314e+00
  1.0260e+02     4.701537e+00
  1.0280e+02     4.657180e+00
  1.0300e+02     4.613240e+00
  1.0320e+02     4.569714e+00
  1.0340e+02     4.526597e+00
  1.0360e+02     4.483886e+00
  1.0380e+02     4.441576e+00
  1.0400e+02     4.399665e+00
  1.0420e+02     4.358147e+00
  1.0440e+02     4.317021e+00
  1.0460e+02     4.276281e+00
  1.0480e+02     4.235925e+00
  1.0500e+02     4.195949e+00
  1.0520e+02     4.156349e+00
  1.0540e+02     4.117121e+00
  1.0560e+02     4.078263e+00
  1.0580e+02     4.039771e+00
  1.0600e+02     4.001641e+00
  1.0620e+02     3.963870e+00
  1.0640e+02     3.926454e+00
  1.0660e+02     3.889391e+00
  1.0680e+02     3.852677e+00
  1.0700e+02     3.816308e+00
  1.0720e+02     3.780282e+00
  1.0740e+02     3.744595e+00
  1.0760e+02     3.709245e+00
  1.0780e+02     3.674227e+00
  1.0800e+02     3.639539e+00
  1.0820e+02     3.605178e+00
  1.0840e+02     3.571140e+00
  1.0860e+02     3.537423e+00
  1.0880e+02     3.504024e+00
  1.0900e+02     3.470939e+00
  1.0920e+02     3.438166e+00
  1.0940e+02     3.405702e+00
  1.0960e+02     3.373544e+00
  1.0980e+02     3.341688e+00
  1.1000e+02     3.310133e+00
  1.1020e+02     3.278876e+00
  1.1040e+02     3.247912e+00
  1.1060e+02     3.217241e+00
  1.1080e+02     3.186859e+00
  1.1100e+02     3.156763e+00
  1.1120e+02     3.126951e+00
  1.1140e+02     3.097419e+00
  1.1160e+02     3.068167e+00
  1.1180e+02     3.039190e+00
  1.1200e+02     3.010486e+00
  1.1220e+02     2.982052e+00
  1.1240e+02     2.953887e+00
  1.1260e+02     2.925987e+00
  1.1280e+02     2.898351e+00
  1.1300e+02     2.870975e+00
  1.1320e+02     2.843857e+00
  1.1340e+02     2.816995e+00
  1.1360e+02     2.790386e+00
  1.1380e+02     2.764028e+00
  1.1400e+02     2.737918e+00
  1.1420e+02     2.712055e+00
  1.1440e+02     2.686436e+00
  1.1460e+02     2.661058e+00
  1.1480e+02     2.635920e+00
  1.1500e+02     2.611019e+00
  1.1520e+02     2.586353e+00
  1.1540e+02     2.561920e+00
  1.1560e+02     2.537717e+00
  1.1580e+02     2.513742e+00
  1.1600e+02     2.489993e+00
  1.1620e+02     2.466469e+00
  1.1640e+02     2.443166e+00
  1.1660e+02     2.420084e+00
  1.1680e+02     2.397219e+00
  1.1700e+02     2.374570e+00
  1.1720e+02     2.352134e+00
  1.1740e+02     2.329911e+00
  1.1760e+02     2.307897e+00
  1.1780e+02     2.286090e+00
  1.1800e+02     2.264490e+00
  1.1820e+02     2.243093e+00
  1.1840e+02     2.221899e+00
  1.1860e+02     2.200904e+00
  1.1880e+02     2.180107e+00
  1.1900e+02     2.159507e+00
  1.1920e+02     2.139101e+00
  1.1940e+02     2.118888e+00
  1.1960e+02     2.098866e+00
  1.1980e+02     2.079033e+00
  1.2000e+02     2.059386e+00
  1.2020e+02     2.039926e+00
  1.2040e+02     2.020649e+00
  1.2060e+02     2.001554e+00
  1.2080e+02     1.982639e+00
  1.2100e+02     1.963903e+00
  1.2120e+02     1.945343e+00
  1.2140e+02     1.926959e+00
  1.2160e+02     1.908749e+00
  1.2180e+02     1.890710e+00
  1.2200e+02     1.872842e+00
  1.2220e+02     1.855143e+00
  1.2240e+02     1.837610e+00
  1.2260e+02     1.820243e+00
  1.2280e+02     1.803041e+00
  1.2300e+02     1.786000e+00
  1.2320e+02     1.769121e+00
  1.2340e+02     1.752401e+00
  1.2360e+02     1.735838e+00
  1.2380e+02     1.719433e+00
  1.2400e+02     1.703182e+00
  1.2420e+02     1.687084e+00
  1.2440e+02     1.671139e+00
  1.2460e+02     1.655344e+00
  1.2480e+02     1.639699e+00
  1.2500e+02     1.624201e+00
  1.2520e+02     1.608849e+00
  1.2540e+02     1.593643e+00
  1.2560e+02     1.578580e+00
  1.2580e+02     1.563660e+00
  1.2600e+02     1.548880e+00
  1.2620e+02     1.534240e+00
  1.2640e+02     1.519738e+00
  1.2660e+02     1.505374e+00
  1.2680e+02     1.491145e+00
  1.2700e+02     1.477050e+00
  1.2720e+02     1.463089e+00
  1.2740e+02     1.449259e+00
  1.2760e+02     1.435560e+00
  1.2780e+02     1.421991e+00
  1.2800e+02     1.408549e+00
  1.2820e+02     1.395235e+00
  1.2840e+02     1.382047e+00
  1.2860e+02     1.368983e+00
  1.2880e+02     1.356042e+00
  1.2900e+02     1.343224e+00
  1.2920e+02     1.330527e+00
  1.2940e+02     1.317950e+00
  1.2960e+02     1.305491e+00
  1.2980e+02     1.293151e+00
  1.3000e+02     1.280927e+00
  1.3020e+02     1.268818e+00
  1.3040e+02     1.256824e+00
  1.3060e+02     1.244944e+00
  1.3080e+02     1.233175e+00
  1.3100e+02     1.221518e+00
  1.3120e+02     1.209971e+00
  1.3140e+02     1.198533e+00
  1.3160e+02     1.187203e+00
  1.3180e+02     1.175980e+00
  1.3200e+02     1.164863e+00
  1.3220e+02     1.153851e+00
  1.3240e+02     1.142944e+00
  1.3260e+02     1.132139e+00
  1.3280e+02     1.121437e+00
  1.3300e+02     1.110835e+00
  1.3320e+02     1.100334e+00
  1.3340e+02     1.089932e+00
  1.3360e+02     1.079629e+00
  1.3380e+02     1.069422e+00
  1.3400e+02     1.059313e+00
  1.3420e+02     1.049298e+00
  1.3440e+02     1.039379e+00
  1.3460e+02     1.029553e+00
  1.3480e+02     1.019820e+00
  1.3500e+02     1.010179e+00
  1.3520e+02     1.000629e+00
  1.3540e+02     9.911702e-01
  1.3560e+02     9.818000e-01
  1.3580e+02     9.725184e-01
  1.3600e+02     9.633245e-01
  1.3620e+02     9.542176e-01
  1.3640e+02     9.451967e-01
  1.3660e+02     9.362611e-01
  1.3680e+02     9.274099e-01
  1.3700e+02     9.186424e-01
  1.3720e+02     9.099578e-01
  1.3740e+02     9.013553e-01
  1.3760e+02     8.928341e-01
  1.3780e+02     8.843934e-01
  1.3800e+02     8.760325e-01
  1.3820e+02     8.677507e-01
  1.3840e+02     8.595471e-01
  1.3860e+02     8.514211e-01
  1.3880e+02     8.433719e-01
  1.3900e+02     8.353988e-01
  1.3920e+02     8.275011e-01
  1.3940e+02     8.196780e-01
  1.3960e+02     8.119289e-01
  1.3980e+02     8.042531e-01
  1.4000e+02     7.966498e-01
  1.4020e+02     7.891183e-01
  1.4040e+02     7.816581e-01
  1.4060e+02     7.742684e-01
  1.4080e+02     7.669486e-01
  1.4100e+02     7.596979e-01
  1.4120e+02     7.525159e-01
  1.4140e+02     7.454017e-01
  1.4160e+02     7.383547e-01
  1.4180e+02     7.313744e-01
  1.4200e+02     7.244601e-01
  1.4220e+02     7.176111e-01
  1.4240e+02     7.108269e-01
  1.4260e+02     7.041068e-01
  1.4280e+02     6.974503e-01
  1.4300e+02     6.908567e-01
  1.4320e+02     6.843254e-01
  1.4340e+02     6.778559e-01
  1.4360e+02     6.714476e-01
  1.4380e+02     6.650998e-01
  1.4400e+02     6.588121e-01
  1.4420e+02     6.525837e-01
  1.4440e+02     6.464143e-01
  1.4460e+02     6.403032e-01
  1.4480e+02     6.342499e-01
  1.4500e+02     6.282538e-01
  1.4520e+02     6.223145e-01
  1.4540e+02     6.164312e-01
  1.4560e+02     6.106036e-01
  1.4580e+02     6.048311e-01
  1.4600e+02     5.991132e-01
  1.4620e+02     5.934493e-01
  1.4640e+02     5.878390e-01
  1.4660e+02     5.822817e-01
  1.4680e+02     5.767770e-01
  1.4700e+02     5.713243e-01
  1.4720e+02     5.659232e-01
  1.4740e+02     5.605731e-01
  1.4760e+02     5.552736e-01
  1.4780e+02     5.500242e-01
  1.4800e+02     5.448245e-01
  1.4820e+02     5.396739e-01
  1.4840e+02     5.345721e-01
  1.4860e+02     5.295184e-01
  1.4880e+02     5.245126e-01
  1.4900e+02     5.195540e-01
  1.4920e+02     5.146424e-01
  1.4940e+02     5.097772e-01
  1.4960e+02     5.049580e-01
  1.4980e+02     5.001844e-01
  1.5000e+02     4.954559e-01
  1.5020e+02     4.907721e-01
  1.5040e+02     4.861326e-01
  1.5060e+02     4.815370e-01
  1.5080e+02     4.769848e-01
  1.5100e+02     4.724757e-01
  1.5120e+02     4.680092e-01
  1.5140e+02     4.635849e-01
  1.5160e+02     4.592025e-01
  1.5180e+02     4.548615e-01
  1.5200e+02     4.505615e-01
  1.5220e+02     4.463022e-01
  1.5240e+02     4.420832e-01
  1.5260e+02     4.379041e-01
  1.5280e+02     4.337645e-01
  1.5300e+02     4.296640e-01
  1.5320e+02     4.256023e-01
  1.5340e+02     4.215790e-01
  1.5360e+02     4.175938e-01
  1.5380e+02     4.136462e-01
  1.5400e+02     4.097360e-01
  1.5420e+02     4.058627e-01
  1.5440e+02     4.020260e-01
  1.5460e+02     3.982257e-01
  1.5480e+02     3.944612e-01
  1.5500e+02     3.907324e-01
  1.5520e+02     3.870388e-01
  1.5540e+02     3.833802e-01
  1.5560e+02     3.797561e-01
  1.5580e+02     3.761663e-01
  1.5600e+02     3.726105e-01
  1.5620e+02     3.690882e-01
  1.5640e+02     3.655993e-01
  1.5660e+02     3.621434e-01
  1.5680e+02     3.587201e-01
  1.5700e+02     3.553292e-01
  1.5720e+02     3.519704e-01
  1.5740e+02     3.486434e-01
  1.5760e+02     3.453477e-01
  1.5780e+02     3.420833e-01
  1.5800e+02     3.388497e-01
  1.5820e+02     3.356467e-01
  1.5840e+02     3.324740e-01
  1.5860e+02     3.293313e-01
  1.5880e+02     3.262183e-01
  1.5900e+02     3.231347e-01
  1.5920e+02     3.200803e-01
  1.5940e+02     3.170548e-01
  1.5960e+02     3.140579e-01
  1.5980e+02     3.110893e-01
  1.6000e+02     3.081488e-01
  1.6020e+02     3.052361e-01
  1.6040e+02     3.023509e-01
  1.6060e+02     2.994930e-01
  1.6080e+02     2.966621e-01
  1.6100e+02     2.938580e-01
  1.6120e+02     2.910804e-01
  1.6140e+02     2.883291e-01
  1.6160e+02     2.856038e-01
  1.6180e+02     2.829043e-01
  1.6200e+02     2.802302e-01
  1.6220e+02     2.775815e-01
  1.6240e+02     2.749578e-01
  1.6260e+02     2.723589e-01
  1.6280e+02     2.697846e-01
  1.6300e+02     2.672347e-01
  1.6320e+02     2.647088e-01
  1.6340e+02     2.622068e-01
  1.6360e+02     2.597285e-01
  1.6380e+02     2.572736e-01
  1.6400e+02     2.548420e-01
  1.6420e+02     2.524333e-01
  1.6440e+02     2.500474e-01
  1.6460e+02     2.476840e-01
  1.6480e+02     2.453430e-01
  1.6500e+02     2.430242e-01
  1.6520e+02     2.407272e-01
  1.6540e+02     2.384520e-01
  1.6560e+02     2.361983e-01
  1.6580e+02     2.339659e-01
  1.6600e+02     2.317546e-01
  1.6620e+02     2.295642e-01
  1.6640e+02     2.273945e-01
  1.6660e+02     2.252454e-01
  1.6680e+02     2.231165e-01
  1.6700e+02     2.210078e-01
  1.6720e+02     2.189190e-01
  1.6740e+02     2.168500e-01
  1.6760e+02     2.148005e-01
  1.6780e+02     2.127704e-01
  1.6800e+02     2.107596e-01
  1.6820e+02     2.087677e-01
  1.6840e+02     2.067946e-01
  1.6860e+02     2.048402e-01
  1.6880e+02     2.029043e-01
  1.6900e+02     2.009867e-01
  1.6920e+02     1.990872e-01
  1.6940e+02     1.972057e-01
  1.6960e+02     1.953419e-01
  1.6980e+02     1.934958e-01
  1.7000e+02     1.916672e-01
  1.7020e+02     1.898558e-01
  1.7040e+02     1.880616e-01
  1.7060e+02     1.862843e-01
  1.7080e+02     1.845238e-01
  1.7100e+02     1.827800e-01
  1.7120e+02     1.810526e-01
  1.7140e+02     1.793416e-01
  1.7160e+02     1.776468e-01
  1.7180e+02     1.759679e-01
  1.7200e+02     1.743050e-01
  1.7220e+02     1.726578e-01
  1.7240e+02     1.710261e-01
  1.7260e+02     1.694099e-01
  1.7280e+02     1.678089e-01
  1.7300e+02     1.662231e-01
  1.7320e+02     1.646523e-01
  1.7340e+02     1.630964e-01
  1.7360e+02     1.615551e-01
  1.7380e+02     1.600284e-01
  1.7400e+02     1.585162e-01
  1.7420e+02     1.570182e-01
  1.7440e+02     1.555344e-01
  1.7460e+02     1.540647e-01
  1.7480e+02     1.526088e-01
  1.7500e+02     1.511667e-01
  1.7520e+02     1.497382e-01
  1.7540e+02     1.483232e-01
  1.7560e+02     1.469216e-01
  1.7580e+02     1.455333e-01
  1.7600e+02     1.441581e-01
  1.7620e+02     1.427959e-01
  1.7640e+02     1.414465e-01
  1.7660e+02     1.401099e-01
  1.7680e+02     1.387860e-01
  1.7700e+02     1.374746e-01
  1.7720e+02     1.361755e-01
  1.7740e+02     1.348888e-01
  1.7760e+02     1.336142e-01
  1.7780e+02     1.323517e-01
  1.7800e+02     1.311011e-01
  1.7820e+02     1.298623e-01
  1.7840e+02     1.286352e-01
  1.7860e+02     1.274197e-01
  1.7880e+02     1.262157e-01
  1.7900e+02     1.250231e-01
  1.7920e+02     1.238418e-01
  1.7940e+02     1.226717e-01
  1.7960e+02     1.215126e-01
  1.7980e+02     1.203644e-01
  1.8000e+02     1.192271e-01
  1.8020e+02     1.181006e-01
  1.8040e+02     1.169847e-01
  1.8060e+02     1.158794e-01
  1.8080e+02     1.147845e-01
  1.8100e+02     1.137000e-01
  1.8120e+02     1.126257e-01
  1.8140e+02     1.115615e-01
  1.8160e+02     1.105075e-01
  1.8180e+02     1.094633e-01
  1.8200e+02     1.084291e-01
  1.8220e+02     1.074046e-01
  1.8240e+02     1.063899e-01
  1.8260e+02     1.053847e-01
  1.8280e+02     1.043890e-01
  1.8300e+02     1.034027e-01
  1.8320e+02     1.024258e-01
  1.8340e+02     1.014580e-01
  1.8360e+02     1.004995e-01
  1.8380e+02     9.954996e-02
  1.8400e+02     9.860943e-02
  1.8420e+02     9.767778e-02
  1.8440e+02     9.675495e-02
  1.8460e+02     9.584083e-02
  1.8480e+02     9.493536e-02
  1.8500e+02     9.403844e-02
  1.8520e+02     9.315000e-02
  1.8540e+02     9.226996e-02
  1.8560e+02     9.139824e-02
  1.8580e+02     9.053475e-02
  1.8600e+02     8.967943e-02
  1.8620e+02     8.883219e-02
  1.8640e+02     8.799297e-02
  1.8660e+02     8.716167e-02
  1.8680e+02     8.633823e-02
  1.8700e+02     8.552257e-02
  1.8720e+02     8.471462e-02
  1.8740e+02     8.391431e-02
  1.8760e+02     8.312157e-02
  1.8780e+02     8.233631e-02
  1.8800e+02     8.155848e-02
  1.8820e+02     8.078800e-02
  1.8840e+02     8.002480e-02
  1.8860e+02     7.926882e-02
  1.8880e+02     7.851998e-02
  1.8900e+02     7.777821e-02
  1.8920e+02     7.704346e-02
  1.8940e+02     7.631565e-02
  1.8960e+02     7.559472e-02
  1.8980e+02     7.488061e-02
  1.9000e+02     7.417324e-02
  1.9020e+02     7.347256e-02
  1.9040e+02     7.277850e-02
  1.9060e+02     7.209101e-02
  1.9080e+02     7.141000e-02
  1.9100e+02     7.073544e-02
  1.9120e+02     7.006725e-02
  1.9140e+02     6.940537e-02
  1.9160e+02     6.874975e-02
  1.9180e+02     6.810033e-02
  1.9200e+02     6.745704e-02
  1.9220e+02     6.681984e-02
  1.9240e+02     6.618865e-02
  1.9260e+02     6.556343e-02
  1.9280e+02     6.494412e-02
  1.9300e+02     6.433066e-02
  1.9320e+02     6.372300e-02
  1.9340e+02     6.312109e-02
  1.9360e+02     6.252486e-02
  1.9380e+02     6.193426e-02
  1.9400e+02     6.134925e-02
  1.9420e+02     6.076976e-02
  1.9440e+02     6.019576e-02
  1.9460e+02     5.962717e-02
  1.9480e+02     5.906396e-02
  1.9500e+02     5.850607e-02
  1.9520e+02     5.795345e-02
  1.9540e+02     5.740606e-02
  1.9560e+02     5.686384e-02
  1.9580e+02     5.632674e-02
  1.9600e+02     5.579472e-02
  1.9620e+02     5.526773e-02
  1.9640e+02     5.474571e-02
  1.9660e+02     5.422863e-02
  1.9680e+02     5.371644e-02
  1.9700e+02     5.320908e-02
  1.9720e+02     5.270652e-02
  1.9740e+02     5.220871e-02
  1.9760e+02     5.171560e-02
  1.9780e+02     5.122715e-02
  1.9800e+02     5.074332e-02
  1.9820e+02     5.026406e-02
  1.9840e+02     4.978933e-02
  1.9860e+02     4.931908e-02
  1.9880e+02     4.885328e-02
  1.9900e+02     4.839188e-02
  1.9920e+02     4.793484e-02
  1.9940e+02     4.748212e-02
  1.9960e+02     4.703367e-02
  1.9980e+02     4.658947e-02
  2.0000e+02     4.614946e-02
  2.0020e+02     4.571360e-02
  2.0040e+02     4.528187e-02
  2.0060e+02     4.485422e-02
  2.0080e+02     4.443060e-02
  2.0100e+02     4.401099e-02
  2.0120e+02     4.359535e-02
  2.0140e+02     4.318363e-02
  2.0160e+02     4.277580e-02
  2.0180e+02     4.237182e-02
  2.0200e+02     4.197167e-02
  2.0220e+02     4.157529e-02
  2.0240e+02     4.118266e-02
  2.0260e+02     4.079374e-02
  2.0280e+02     4.040849e-02
  2.0300e+02     4.002688e-02
  2.0320e+02     3.964888e-02
  2.0340e+02     3.927445e-02
  2.0360e+02     3.890356e-02
  2.0380e+02     3.853617e-02
  2.0400e+02     3.817225e-02
  2.0420e+02     3.781177e-02
  2.0440e+02     3.745470e-02
  2.0460e+02     3.710100e-02
  2.0480e+02     3.675064e-02
  2.0500e+02     3.640360e-02
  2.0520e+02     3.605983e-02
  2.0540e+02     3.571931e-02
  2.0560e+02     3.538201e-02
  2.0580e+02     3.504789e-02
  2.0600e+02     3.471693e-02
  2.0620e+02     3.438910e-02
  2.0640e+02     3.406436e-02
  2.0660e+02     3.374269e-02
  2.0680e+02     3.342406e-02
  2.0700e+02     3.310845e-02
  2.0720e+02     3.279581e-02
  2.0740e+02     3.248613e-02
  2.0760e+02     3.217937e-02
  2.0780e+02     3.187551e-02
  2.0800e+02     3.157452e-02
  2.0820e+02     3.127637e-02
  2.0840e+02     3.098105e-02
  2.0860e+02     3.068851e-02
  2.0880e+02     3.039873e-02
  2.0900e+02     3.011170e-02
  2.0920e+02     2.982737e-02
  2.0940e+02     2.954573e-02
  2.0960e+02     2.926675e-02
  2.0980e+02     2.899041e-02
  2.1000e+02     2.871667e-02
  2.1020e+02     2.844553e-02
  2.1040e+02     2.817694e-02
  2.1060e+02     2.791089e-02
  2.1080e+02     2.764736e-02
  2.1100e+02     2.738631e-02
  2.1120e+02     2.712773e-02
  2.1140e+02     2.687160e-02
  2.1160e+02     2.661788e-02
  2.1180e+02     2.636656e-02
  2.1200e+02     2.611761e-02
  2.1220e+02     2.587102e-02
  2.1240e+02     2.562675e-02
  2.1260e+02     2.538480e-02
  2.1280e+02     2.514512e-02
  2.1300e+02     2.490771e-02
  2.1320e+02     2.467255e-02
  2.1340e+02     2.443960e-02
  2.1360e+02     2.420886e-02
  2.1380e+02     2.398030e-02
  2.1400e+02     2.375389e-02
  2.1420e+02     2.352962e-02
  2.1440e+02     2.330748e-02
  2.1460e+02     2.308743e-02
  2.1480e+02     2.286945e-02
  2.1500e+02     2.265354e-02
  2.1520e+02     2.243967e-02
  2.1540e+02     2.222782e-02
  2.1560e+02     2.201796e-02
  2.1580e+02     2.181010e-02
  2.1600e+02     2.160419e-02
  2.1620e+02     2.140023e-02
  2.1640e+02     2.119819e-02
  2.1660e+02     2.099807e-02
  2.1680e+02     2.079983e-02
  2.1700e+02     2.060347e-02
  2.1720e+02     2.040896e-02
  2.1740e+02     2.021629e-02
  2.1760e+02     2.002543e-02
  2.1780e+02     1.983638e-02
  2.1800e+02     1.964912e-02
  2.1820e+02     1.946363e-02
  2.1840e+02     1.927988e-02
  2.1860e+02     1.909787e-02
  2.1880e+02     1.891759e-02
  2.1900e+02     1.873900e-02
  2.1920e+02     1.856210e-02
  2.1940e+02     1.838687e-02
  2.1960e+02     1.821330e-02
  2.1980e+02     1.804137e-02
  2.2000e+02     1.787106e-02
  2.2020e+02     1.770235e-02
  2.2040e+02     1.753525e-02
  2.2060e+02     1.736972e-02
  2.2080e+02     1.720575e-02
  2.2100e+02     1.704333e-02
  2.2120e+02     1.688245e-02
  2.2140e+02     1.672308e-02
  2.2160e+02     1.656522e-02
  2.2180e+02     1.640885e-02
  2.2200e+02     1.625396e-02
  2.2220e+02     1.610053e-02
  2.2240e+02     1.594855e-02
  2.2260e+02     1.579801e-02
  2.2280e+02     1.564888e-02
  2.2300e+02     1.550117e-02
  2.2320e+02     1.535485e-02
  2.2340e+02     1.520991e-02
  2.2360e+02     1.506634e-02
  2.2380e+02     1.492413e-02
  2.2400e+02     1.478326e-02
  2.2420e+02     1.464372e-02
  2.2440e+02     1.450550e-02
  2.2460e+02     1.436858e-02
  2.2480e+02     1.423295e-02
  2.2500e+02     1.409861e-02
  2.2520e+02     1.396554e-02
  2.2540e+02     1.383372e-02
  2.2560e+02     1.370315e-02
  2.2580e+02     1.357381e-02
  2.2600e+02     1.344569e-02
  2.2620e+02     1.331878e-02
  2.2640e+02     1.319307e-02
  2.2660e+02     1.306855e-02
  2.2680e+02     1.294520e-02
  2.2700e+02     1.282302e-02
  2.2720e+02     1.270199e-02
  2.2740e+02     1.258210e-02
  2.2760e+02     1.246335e-02
  2.2780e+02     1.234571e-02
  2.2800e+02     1.222919e-02
  2.2820e+02     1.211377e-02
  2.2840e+02     1.199944e-02
  2.2860e+02     1.188619e-02
  2.2880e+02     1.177401e-02
  2.2900e+02     1.166288e-02
  2.2920e+02     1.155281e-02
  2.2940e+02     1.144377e-02
  2.2960e+02     1.133577e-02
  2.2980e+02     1.122878e-02
  2.3000e+02     1.112281e-02
  2.3020e+02     1.101783e-02
  2.3040e+02     1.091385e-02
  2.3060e+02     1.081085e-02
  2.3080e+02     1.070882e-02
  2.3100e+02     1.060776e-02
  2.3120e+02     1.050764e-02
  2.3140e+02     1.040848e-02
  2.3160e+02     1.031025e-02
  2.3180e+02     1.021295e-02
  2.3200e+02     1.011656e-02
  2.3220e+02     1.002109e-02
  2.3240e+02     9.926520e-03
  2.3260e+02     9.832841e-03
  2.3280e+02     9.740046e-03
  2.3300e+02     9.648128e-03
  2.3320e+02     9.557078e-03
  2.3340e+02     9.466887e-03
  2.3360e+02     9.377548e-03
  2.3380e+02     9.289052e-03
  2.3400e+02     9.201392e-03
  2.3420e+02     9.114560e-03
  2.3440e+02     9.028547e-03
  2.3460e+02     8.943347e-03
  2.3480e+02     8.858950e-03
  2.3500e+02     8.775351e-03
  2.3520e+02     8.692541e-03
  2.3540e+02     8.610513e-03
  2.3560e+02     8.529259e-03
  2.3580e+02     8.448772e-03
  2.3600e+02     8.369045e-03
  2.3620e+02     8.290071e-03
  2.3640e+02     8.211843e-03
  2.3660e+02     8.134353e-03
  2.3680e+02     8.057595e-03
  2.3700e+02     7.981561e-03
  2.3720e+02     7.906245e-03
  2.3740e+02     7.831640e-03
  2.3760e+02     7.757740e-03
  2.3780e+02     7.684537e-03
  2.3800e+02     7.612025e-03
  2.3820e+02     7.540198e-03
  2.3840e+02     7.469048e-03
  2.3860e+02     7.398571e-03
  2.3880e+02     7.328759e-03
  2.3900e+02     7.259606e-03
  2.3920e+02     7.191106e-03
  2.3940e+02     7.123252e-03
  2.3960e+02     7.056039e-03
  2.3980e+02     6.989460e-03
  2.4000e+02     6.923510e-03
  2.4020e+02     6.858183e-03
  2.4040e+02     6.793472e-03
  2.4060e+02     6.729372e-03
  2.4080e+02     6.665878e-03
  2.4100e+02     6.602982e-03
  2.4120e+02     6.540681e-03
  2.4140e+02     6.478967e-03
  2.4160e+02     6.417836e-03
  2.4180e+02     6.357282e-03
  2.4200e+02     6.297300e-03
  2.4220e+02     6.237884e-03
  2.4240e+02     6.179029e-03
  2.4260e+02     6.120729e-03
  2.4280e+02     6.062980e-03
  2.4300e+02     6.005775e-03
  2.4320e+02     5.949111e-03
  2.4340e+02     5.892982e-03
  2.4360e+02     5.837382e-03
  2.4380e+02     5.782308e-03
  2.4400e+02     5.727753e-03
  2.4420e+02     5.673713e-03
  2.4440e+02     5.620183e-03
  2.4460e+02     5.567159e-03
  2.4480e+02     5.514635e-03
  2.4500e+02     5.462607e-03
  2.4520e+02     5.411069e-03
  2.4540e+02     5.360019e-03
  2.4560e+02     5.309450e-03
  2.4580e+02     5.259358e-03
  2.4600e+02     5.209740e-03
  2.4620e+02     5.160589e-03
  2.4640e+02     5.111903e-03
  2.4660e+02     5.063676e-03
  2.4680e+02     5.015904e-03
  2.4700e+02     4.968584e-03
  2.4720e+02     4.921709e-03
  2.4740e+02     4.875278e-03
  2.4760e+02     4.829284e-03
  2.4780e+02     4.783725e-03
  2.4800e+02     4.738595e-03
  2.4820e+02     4.693892e-03
  2.4840e+02     4.649611e-03
  2.4860e+02     4.605747e-03
  2.4880e+02     4.562297e-03
  2.4900e+02     4.519258e-03
  2.4920e+02     4.476625e-03
  2.4940e+02     4.434394e-03
  2.4960e+02     4.392562e-03
  2.4980e+02     4.351124e-03
  2.5000e+02     4.310078e-03
  2.5020e+02     4.269419e-03
  2.5040e+02     4.229143e-03
  2.5060e+02     4.189248e-03
  2.5080e+02     4.149730e-03
  2.5100e+02     4.110584e-03
  2.5120e+02     4.071808e-03
  2.5140e+02     4.033397e-03
  2.5160e+02     3.995350e-03
  2.5180e+02     3.957661e-03
  2.5200e+02     3.920328e-03
  2.5220e+02     3.883347e-03
  2.5240e+02     3.846716e-03
  2.5260e+02     3.810430e-03
  2.5280e+02     3.774486e-03
  2.5300e+02     3.738882e-03
  2.5320e+02     3.703613e-03
  2.5340e+02     3.668678e-03
  2.5360e+02     3.634072e-03
  2.5380e+02     3.599793e-03
  2.5400e+02     3.565837e-03
  2.5420e+02     3.532202e-03
  2.5440e+02     3.498884e-03
  2.5460e+02     3.465881e-03
  2.5480e+02     3.433189e-03
  2.5500e+02     3.400805e-03
  2.5520e+02     3.368727e-03
  2.5540e+02     3.336952e-03
  2.5560e+02     3.305477e-03
  2.5580e+02     3.274299e-03
  2.5600e+02     3.243415e-03
  2.5620e+02     3.212822e-03
  2.5640e+02     3.182518e-03
  2.5660e+02     3.152500e-03
  2.5680e+02     3.122765e-03
  2.5700e+02     3.093311e-03
  2.5720e+02     3.064135e-03
  2.5740e+02     3.035234e-03
  2.5760e+02     3.006606e-03
  2.5780e+02     2.978248e-03
  2.5800e+02     2.950158e-03
  2.5820e+02     2.922332e-03
  2.5840e+02     2.894770e-03
  2.5860e+02     2.867467e-03
  2.5880e+02     2.840422e-03
  2.5900e+02     2.813632e-03
  2.5920e+02     2.787095e-03
  2.5940e+02     2.760808e-03
  2.5960e+02     2.734770e-03
  2.5980e+02     2.708977e-03
  2.6000e+02     2.683427e-03
  2.6020e+02     2.658119e-03
  2.6040e+02     2.633049e-03
  2.6060e+02     2.608216e-03
  2.6080e+02     2.583617e-03
  2.6100e+02     2.559250e-03
  2.6120e+02     2.535114e-03
  2.6140e+02     2.511205e-03
  2.6160e+02     2.487521e-03
  2.6180e+02     2.464061e-03
  2.6200e+02     2.440823e-03
  2.6220e+02     2.417803e-03
  2.6240e+02     2.395001e-03
  2.6260e+02     2.372414e-03
  2.6280e+02     2.350040e-03
  2.6300e+02     2.327877e-03
  2.6320e+02     2.305923e-03
  2.6340e+02     2.284177e-03
  2.6360e+02     2.262636e-03
  2.6380e+02     2.241297e-03
  2.6400e+02     2.220161e-03
  2.6420e+02     2.199223e-03
  2.6440e+02     2.178483e-03
  2.6460e+02     2.157939e-03
  2.6480e+02     2.137589e-03
  2.6500e+02     2.117430e-03
  2.6520e+02     2.097462e-03
  2.6540e+02     2.077682e-03
  2.6560e+02     2.058089e-03
  2.6580e+02     2.038681e-03
  2.6600e+02     2.019456e-03
  2.6620e+02     2.000412e-03
  2.6640e+02     1.981548e-03
  2.6660e+02     1.962862e-03
  2.6680e+02     1.944352e-03
  2.6700e+02     1.926016e-03
  2.6720e+02     1.907854e-03
  2.6740e+02     1.889863e-03
  2.6760e+02     1.872042e-03
  2.6780e+02     1.854389e-03
  2.6800e+02     1.836902e-03
  2.6820e+02     1.819581e-03
  2.6840e+02     1.802423e-03
  2.6860e+02     1.785426e-03
  2.6880e+02     1.768590e-03
  2.6900e+02     1.751913e-03
  2.6920e+02     1.735394e-03
  2.6940e+02     1.719030e-03
  2.6960e+02     1.702820e-03
  2.6980e+02     1.686763e-03
  2.7000e+02     1.670858e-03
  2.7020e+02     1.655103e-03
  2.7040e+02     1.639497e-03
  2.7060e+02     1.624037e-03
  2.7080e+02     1.608724e-03
  2.7100e+02     1.593555e-03
  2.7120e+02     1.578529e-03
  2.7140e+02     1.563645e-03
  2.7160e+02     1.548901e-03
  2.7180e+02     1.534296e-03
  2.7200e+02     1.519830e-03
  2.7220e+02     1.505499e-03
  2.7240e+02     1.491304e-03
  2.7260e+02     1.477243e-03
  2.7280e+02     1.463314e-03
  2.7300e+02     1.449517e-03
  2.7320e+02     1.435849e-03
  2.7340e+02     1.422311e-03
  2.7360e+02     1.408901e-03
  2.7380e+02     1.395617e-03
  2.7400e+02     1.382458e-03
  2.7420e+02     1.369423e-03
  2.7440e+02     1.356512e-03
  2.7460e+02     1.343722e-03
  2.7480e+02     1.331053e-03
  2.7500e+02     1.318503e-03
  2.7520e+02     1.306072e-03
  2.7540e+02     1.293758e-03
  2.7560e+02     1.281560e-03
  2.7580e+02     1.269477e-03
  2.7600e+02     1.257508e-03
  2.7620e+02     1.245652e-03
  2.7640e+02     1.233908e-03
  2.7660e+02     1.222274e-03
  2.7680e+02     1.210751e-03
  2.7700e+02     1.199336e-03
  2.7720e+02     1.188028e-03
  2.7740e+02     1.176828e-03
  2.7760e+02     1.165733e-03
  2.7780e+02     1.154742e-03
  2.7800e+02     1.143856e-03
  2.7820e+02     1.133072e-03
  2.7840e+02     1.122389e-03
  2.7860e+02     1.111808e-03
  2.7880e+02     1.101326e-03
  2.7900e+02     1.090943e-03
  2.7920e+02     1.080658e-03
  2.7940e+02     1.070470e-03
  2.7960e+02     1.060378e-03
  2.7980e+02     1.050382e-03
  2.8000e+02     1.040479e-03
  2.8020e+02     1.030670e-03
  2.8040e+02     1.020954e-03
  2.8060e+02     1.011329e-03
  2.8080e+02     1.001795e-03
  2.8100e+02     9.923509e-04
  2.8120e+02     9.829958e-04
  2.8140e+02     9.737290e-04
  2.8160e+02     9.645495e-04
  2.8180e+02     9.554567e-04
  2.8200e+02     9.464496e-04
  2.8220e+02     9.375274e-04
  2.8240e+02     9.286894e-04
  2.8260e+02     9.199347e-04
  2.8280e+02     9.112626e-04
  2.8300e+02     9.026723e-04
  2.8320e+02     8.941630e-04
  2.8340e+02     8.857339e-04
  2.8360e+02     8.773844e-04
  2.8380e+02     8.691136e-04
  2.8400e+02     8.609208e-04
  2.8420e+02     8.528052e-04
  2.8440e+02     8.447662e-04
  2.8460e+02     8.368030e-04
  2.8480e+02     8.289149e-04
  2.8500e+02     8.211012e-04
  2.8520e+02     8.133611e-04
  2.8540e+02     8.056941e-04
  2.8560e+02     7.980994e-04
  2.8580e+02     7.905763e-04
  2.8600e+02     7.831241e-04
  2.8620e+02     7.757422e-04
  2.8640e+02     7.684299e-04
  2.8660e+02     7.611866e-04
  2.8680e+02     7.540116e-04
  2.8700e+02     7.469043e-04
  2.8720e+02     7.398639e-04
  2.8740e+02     7.328900e-04
  2.8760e+02     7.259818e-04
  2.8780e+02     7.191388e-04
  2.8800e+02     7.123603e-04
  2.8820e+02     7.056457e-04
  2.8840e+02     6.989945e-04
  2.8860e+02     6.924059e-04
  2.8880e+02     6.858795e-04
  2.8900e+02     6.794146e-04
  2.8920e+02     6.730107e-04
  2.8940e+02     6.666672e-04
  2.8960e+02     6.603835e-04
  2.8980e+02     6.541591e-04
  2.9000e+02     6.479933e-04
  2.9020e+02     6.418857e-04
  2.9040e+02     6.358357e-04
  2.9060e+02     6.298427e-04
  2.9080e+02     6.239062e-04
  2.9100e+02     6.180257e-04
  2.9120e+02     6.122007e-04
  2.9140e+02     6.064306e-04
  2.9160e+02     6.007149e-04
  2.9180e+02     5.950531e-04
  2.9200e+02     5.894446e-04
  2.9220e+02     5.838891e-04
  2.9240e+02     5.783859e-04
  2.9260e+02     5.729347e-04
  2.9280e+02     5.675348e-04
  2.9300e+02     5.621858e-04
  2.9320e+02     5.568873e-04
  2.9340e+02     5.516387e-04
  2.9360e+02     5.464397e-04
  2.9380e+02     5.412896e-04
  2.9400e+02     5.361881e-04
  2.9420e+02     5.311347e-04
  2.9440e+02     5.261290e-04
  2.9460e+02     5.211704e-04
  2.9480e+02     5.162586e-04
  2.9500e+02     5.113932e-04
  2.9520e+02     5.065735e-04
  2.9540e+02     5.017994e-04
  2.9560e+02     4.970702e-04
  2.9580e+02     4.923856e-04
  2.9600e+02     4.877452e-04
  2.9620e+02     4.831486e-04
  2.9640e+02     4.785953e-04
  2.9660e+02     4.740849e-04
  2.9680e+02     4.696170e-04
  2.9700e+02     4.651913e-04
  2.9720e+02     4.608073e-04
  2.9740e+02     4.564646e-04
  2.9760e+02     4.521629e-04
  2.9780e+02     4.479017e-04
  2.9800e+02     4.436807e-04
  2.9820e+02     4.394995e-04
  2.9840e+02     4.353577e-04
  2.9860e+02     4.312550e-04
  2.9880e+02     4.271909e-04
  2.9900e+02     4.231652e-04
  2.9920e+02     4.191774e-04
  2.9940e+02     4.152272e-04
  2.9960e+02     4.113143e-04
  2.9980e+02     4.074382e-04
  3.0000e+02     4.035987e-04
  3.0020e+02     3.997953e-04
  3.0040e+02     3.960279e-04
  3.0060e+02     3.922959e-04
  3.0080e+02     3.885992e-04
  3.0100e+02     3.849372e-04
  3.0120e+02     3.813099e-04
  3.0140e+02     3.777167e-04
  3.0160e+02     3.741573e-04
  3.0180e+02     3.706316e-04
  3.0200e+02     3.671390e-04
  3.0220e+02     3.636794e-04
  3.0240e+02     3.602524e-04
  3.0260e+02     3.568577e-04
  3.0280e+02     3.534951e-04
  3.0300e+02     3.501641e-04
  3.0320e+02     3.468645e-04
  3.0340e+02     3.435960e-04
  3.0360e+02     3.403583e-04
  3.0380e+02     3.371512e-04
  3.0400e+02     3.339743e-04
  3.0420e+02     3.308273e-04
  3.0440e+02     3.277100e-04
  3.0460e+02     3.246221e-04
  3.0480e+02     3.215633e-04
  3.0500e+02     3.185333e-04
  3.0520e+02     3.155319e-04
  3.0540e+02     3.125588e-04
  3.0560e+02     3.096137e-04
  3.0580e+02     3.066964e-04
  3.0600e+02     3.038065e-04
  3.0620e+02     3.009439e-04
  3.0640e+02     2.981083e-04
  3.0660e+02     2.952995e-04
  3.0680e+02     2.925171e-04
  3.0700e+02     2.897609e-04
  3.0720e+02     2.870307e-04
  3.0740e+02     2.843262e-04
  3.0760e+02     2.816473e-04
  3.0780e+02     2.789936e-04
  3.0800e+02     2.763649e-04
  3.0820e+02     2.737609e-04
  3.0840e+02     2.711816e-04
  3.0860e+02     2.686265e-04
  3.0880e+02     2.660955e-04
  3.0900e+02     2.635884e-04
  3.0920e+02     2.611049e-04
  3.0940e+02     2.586448e-04
  3.0960e+02     2.562079e-04
  3.0980e+02     2.537940e-04
  3.1000e+02     2.514028e-04
  3.1020e+02     2.490342e-04
  3.1040e+02     2.466879e-04
  3.1060e+02     2.443637e-04
  3.1080e+02     2.420614e-04
  3.1100e+02     2.397808e-04
  3.1120e+02     2.375217e-04
  3.1140e+02     2.352839e-04
  3.1160e+02     2.330672e-04
  3.1180e+02     2.308714e-04
  3.1200e+02     2.286963e-04
  3.1220e+02     2.265417e-04
  3.1240e+02     2.244074e-04
  3.1260e+02     2.222932e-04
  3.1280e+02     2.201989e-04
  3.1300e+02     2.181244e-04
  3.1320e+02     2.160694e-04
  3.1340e+02     2.140338e-04
  3.1360e+02     2.120174e-04
  3.1380e+02     2.100200e-04
  3.1400e+02     2.080414e-04
  3.1420e+02     2.060814e-04
  3.1440e+02     2.041399e-04
  3.1460e+02     2.022168e-04
  3.1480e+02     2.003117e-04
  3.1500e+02     1.984246e-04
  3.1520e+02     1.965553e-04
  3.1540e+02     1.947036e-04
  3.1560e+02     1.928694e-04
  3.1580e+02     1.910524e-04
  3.1600e+02     1.892526e-04
  3.1620e+02     1.874697e-04
  3.1640e+02     1.857037e-04
  3.1660e+02     1.839542e-04
  3.1680e+02     1.822213e-04
  3.1700e+02     1.805047e-04
  3.1720e+02     1.788043e-04
  3.1740e+02     1.771199e-04
  3.1760e+02     1.754514e-04
  3.1780e+02     1.737986e-04
  3.1800e+02     1.721613e-04
  3.1820e+02     1.705395e-04
  3.1840e+02     1.689330e-04
  3.1860e+02     1.673416e-04
  3.1880e+02     1.657653e-04
  3.1900e+02     1.642038e-04
  3.1920e+02     1.626569e-04
  3.1940e+02     1.611247e-04
  3.1960e+02     1.596069e-04
  3.1980e+02     1.581034e-04
  3.2000e+02     1.566141e-04
  3.2020e+02     1.551388e-04
  3.2040e+02     1.536775e-04
  3.2060e+02     1.522299e-04
  3.2080e+02     1.507959e-04
  3.2100e+02     1.493754e-04
  3.2120e+02     1.479684e-04
  3.2140e+02     1.465746e-04
  3.2160e+02     1.451939e-04
  3.2180e+02     1.438262e-04
  3.2200e+02     1.424715e-04
  3.2220e+02     1.411294e-04
  3.2240e+02     1.398001e-04
  3.2260e+02     1.384832e-04
  3.2280e+02     1.371788e-04
  3.2300e+02     1.358867e-04
  3.2320e+02     1.346067e-04
  3.2340e+02     1.333388e-04
  3.2360e+02     1.320829e-04
  3.2380e+02     1.308388e-04
  3.2400e+02     1.296064e-04
  3.2420e+02     1.283856e-04
  3.2440e+02     1.271763e-04
  3.2460e+02     1.259784e-04
  3.2480e+02     1.247918e-04
  3.2500e+02     1.236164e-04
  3.2520e+02     1.224521e-04
  3.2540e+02     1.212987e-04
  3.2560e+02     1.201562e-04
  3.2580e+02     1.190245e-04
  3.2600e+02     1.179034e-04
  3.2620e+02     1.167929e-04
  3.2640e+02     1.156929e-04
  3.2660e+02     1.146032e-04
  3.2680e+02     1.135238e-04
  3.2700e+02     1.124545e-04
  3.2720e+02     1.113954e-04
  3.2740e+02     1.103462e-04
  3.2760e+02     1.093069e-04
  3.2780e+02     1.082774e-04
  3.2800e+02     1.072576e-04
  3.2820e+02     1.062474e-04
  3.2840e+02     1.052467e-04
  3.2860e+02     1.042554e-04
  3.2880e+02     1.032735e-04
  3.2900e+02     1.023009e-04
  3.2920e+02     1.013374e-04
  3.2940e+02     1.003830e-04
  3.2960e+02     9.943753e-05
  3.2980e+02     9.850101e-05
  3.3000e+02     9.757332e-05
  3.3020e+02     9.665437e-05
  3.3040e+02     9.574407e-05
  3.3060e+02     9.484235e-05
  3.3080e+02     9.394913e-05
  3.3100e+02     9.306432e-05
  3.3120e+02     9.218785e-05
  3.3140e+02     9.131964e-05
  3.3160e+02     9.045961e-05
  3.3180e+02     8.960768e-05
  3.3200e+02     8.876377e-05
  3.3220e+02     8.792782e-05
  3.3240e+02     8.709974e-05
  3.3260e+02     8.627947e-05
  3.3280e+02     8.546692e-05
  3.3300e+02     8.466203e-05
  3.3320e+02     8.386472e-05
  3.3340e+02     8.307492e-05
  3.3360e+02     8.229257e-05
  3.3380e+02     8.151758e-05
  3.3400e+02     8.074990e-05
  3.3420e+02     7.998944e-05
  3.3440e+02     7.923616e-05
  3.3460e+02     7.848996e-05
  3.3480e+02     7.775080e-05
  3.3500e+02     7.701861e-05
  3.3520e+02     7.629331e-05
  3.3540e+02     7.557484e-05
  3.3560e+02     7.486314e-05
  3.3580e+02     7.415815e-05
  3.3600e+02     7.345979e-05
  3.3620e+02     7.276802e-05
  3.3640e+02     7.208276e-05
  3.3660e+02     7.140396e-05
  3.3680e+02     7.073156e-05
  3.3700e+02     7.006549e-05
  3.3720e+02     6.940569e-05
  3.3740e+02     6.875211e-05
  3.3760e+02     6.810469e-05
  3.3780e+02     6.746336e-05
  3.3800e+02     6.682808e-05
  3.3820e+02     6.619878e-05
  3.3840e+02     6.557541e-05
  3.3860e+02     6.495791e-05
  3.3880e+02     6.434623e-05
  3.3900e+02     6.374031e-05
  3.3920e+02     6.314010e-05
  3.3940e+02     6.254554e-05
  3.3960e+02     6.195658e-05
  3.3980e+02     6.137317e-05
  3.4000e+02     6.079526e-05
  3.4020e+02     6.022279e-05
  3.4040e+02     5.965572e-05
  3.4060e+02     5.909398e-05
  3.4080e+02     5.853754e-05
  3.4100e+02     5.798634e-05
  3.4120e+02     5.744033e-05
  3.4140e+02     5.689946e-05
  3.4160e+02     5.636369e-05
  3.4180e+02     5.583297e-05
  3.4200e+02     5.530724e-05
  3.4220e+02     5.478647e-05
  3.4240e+02     5.427060e-05
  3.4260e+02     5.375959e-05
  3.4280e+02     5.325340e-05
  3.4300e+02     5.275197e-05
  3.4320e+02     5.225527e-05
  3.4340e+02     5.176324e-05
  3.4360e+02     5.127585e-05
  3.4380e+02     5.079305e-05
  3.4400e+02     5.031480e-05
  3.4420e+02     4.984105e-05
  3.4440e+02     4.937177e-05
  3.4460e+02     4.890691e-05
  3.4480e+02     4.844642e-05
  3.4500e+02     4.799027e-05
  3.4520e+02     4.753842e-05
  3.4540e+02     4.709082e-05
  3.4560e+02     4.664744e-05
  3.4580e+02     4.620824e-05
  3.4600e+02     4.577317e-05
  3.4620e+02     4.534220e-05
  3.4640e+02     4.491529e-05
  3.4660e+02     4.449241e-05
  3.4680e+02     4.407350e-05
  3.4700e+02     4.365854e-05
  3.4720e+02     4.324749e-05
  3.4740e+02     4.284031e-05
  3.4760e+02     4.243696e-05
  3.4780e+02     4.203742e-05
  3.4800e+02     4.164163e-05
  3.4820e+02     4.124958e-05
  3.4840e+02     4.086122e-05
  3.4860e+02     4.047651e-05
  3.4880e+02     4.009543e-05
  3.4900e+02     3.971794e-05
  3.4920e+02     3.934400e-05
  3.4940e+02     3.897359e-05
  3.4960e+02     3.860666e-05
  3.4980e+02     3.824319e-05
  3.5000e+02     3.788314e-05
  3.5020e+02     3.752648e-05
  3.5040e+02     3.717319e-05
  3.5060e+02     3.682322e-05
  3.5080e+02     3.647654e-05
  3.5100e+02     3.613314e-05
  3.5120e+02     3.579296e-05
  3.5140e+02     3.545599e-05
  3.5160e+02     3.512219e-05
  3.5180e+02     3.479154e-05
  3.5200e+02     3.446400e-05
  3.5220e+02     3.413954e-05
  3.5240e+02     3.381815e-05
  3.5260e+02     3.349977e-05
  3.5280e+02     3.318440e-05
  3.5300e+02     3.287200e-05
  3.5320e+02     3.256253e-05
  3.5340e+02     3.225599e-05
  3.5360e+02     3.195233e-05
  3.5380e+02     3.165153e-05
  3.5400e+02     3.135356e-05
  3.5420e+02     3.105840e-05
  3.5440e+02     3.076601e-05
  3.5460e+02     3.047639e-05
  3.5480e+02     3.018948e-05
  3.5500e+02     2.990529e-05
  3.5520e+02     2.962376e-05
  3.5540e+02     2.934489e-05
  3.5560e+02     2.906865e-05
  3.5580e+02     2.879500e-05
  3.5600e+02     2.852393e-05
  3.5620e+02     2.825542e-05
  3.5640e+02     2.798943e-05
  3.5660e+02     2.772595e-05
  3.5680e+02     2.746495e-05
  3.5700e+02     2.720641e-05
  3.5720e+02     2.695031e-05
  3.5740e+02     2.669661e-05
  3.5760e+02     2.644530e-05
  3.5780e+02     2.619636e-05
  3.5800e+02     2.594977e-05
  3.5820e+02     2.570550e-05
  3.5840e+02     2.546352e-05
  3.5860e+02     2.522383e-05
  3.5880e+02     2.498639e-05
  3.5900e+02     2.475119e-05
  3.5920e+02     2.451820e-05
  3.5940e+02     2.428741e-05
  3.5960e+02     2.405879e-05
  3.5980e+02     2.383232e-05
