# Epidemic | 7 days incidence [ x-unit: days | y-unit: per 100000 ]
  0.0000e+00     3.618006e+02
  2.0000e-01     3.595150e+02
  4.0000e-01     3.572231e+02
  6.0000e-01     3.549251e+02
  8.0000e-01     3.526214e+02
  1.0000e+00     3.503123e+02
  1.2000e+00     3.479981e+02
  1.4000e+00     3.456792e+02
  1.6000e+00     3.433559e+02
  1.8000e+00     3.410285e+02
  2.0000e+00     3.386974e+02
  2.2000e+00     3.363628e+02
  2.4000e+00     3.340252e+02
  2.6000e+00     3.316848e+02
  2.8000e+00     3.293420e+02
  3.0000e+00     3.269970e+02
  3.2000e+00     3.246502e+02
  3.4000e+00     3.223019e+02
  3.6000e+00     3.199524e+02
  3.8000e+00     3.176020e+02
  4.0000e+00     3.152510e+02
  4.2000e+00     3.128997e+02
  4.4000e+00     3.105484e+02
  4.6000e+00     3.081975e+02
  4.8000e+00     3.058471e+02
  5.0000e+00     3.034977e+02
  5.2000e+00     3.011494e+02
  5.4000e+00     2.988026e+02
  5.6000e+00     2.964575e+02
  5.8000e+00     2.941144e+02
  6.0000e+00     2.917737e+02
  6.2000e+00     2.894355e+02
  6.4000e+00     2.871001e+02
  6.6000e+00     2.847679e+02
  6.8000e+00     2.824390e+02
  7.0000e+00     2.801137e+02
  7.2000e+00     2.783172e+02
  7.4000e+00     2.765827e+02
  7.6000e+00     2.748519e+02
  7.8000e+00     2.731247e+02
  8.0000e+00     2.714013e+02
  8.2000e+00     2.696816e+02
  8.4000e+00     2.679658e+02
  8.6000e+00     2.662537e+02
  8.8000e+00     2.645456e+02
  9.0000e+00     2.628413e+02
  9.2000e+00     2.611409e+02
  9.4000e+00     2.594445e+02
  9.6000e+00     2.577521e+02
  9.8000e+00     2.560638e+02
  1.0000e+01     2.543795e+02
  1.0200e+01     2.526993e+02
  1.0400e+01     2.510232e+02
  1.0600e+01     2.493513e+02
  1.0800e+01     2.476835e+02
  1.1000e+01     2.460200e+02
  1.1200e+01     2.443607e+02
  1.1400e+01     2.427058e+02
  1.1600e+01     2.410551e+02
  1.1800e+01     2.394088e+02
  1.2000e+01     2.377668e+02
  1.2200e+01     2.361293e+02
  1.2400e+01     2.344962e+02
  1.2600e+01     2.328676e+02
  1.2800e+01     2.312435e+02
  1.3000e+01     2.296239e+02
  1.3200e+01     2.280089e+02
  1.3400e+01     2.263985e+02
  1.3600e+01     2.247927e+02
  1.3800e+01     2.231916e+02
  1.4000e+01     2.215951e+02
  1.4200e+01     2.200034e+02
  1.4400e+01     2.184165e+02
  1.4600e+01     2.168343e+02
  1.4800e+01     2.152569e+02
  1.5000e+01     2.136844e+02
  1.5200e+01     2.121168e+02
  1.5400e+01     2.105541e+02
  1.5600e+01     2.089963e+02
  1.5800e+01     2.074435e+02
  1.6000e+01     2.058958e+02
  1.6200e+01     2.043530e+02
  1.6400e+01     2.028154e+02
  1.6600e+01     2.012828e+02
  1.6800e+01     1.997554e+02
  1.7000e+01     1.982331e+02
  1.7200e+01     1.967161e+02
  1.7400e+01     1.952042e+02
  1.7600e+01     1.936977e+02
  1.7800e+01     1.921964e+02
  1.8000e+01     1.907005e+02
  1.8200e+01     1.892099e+02
  1.8400e+01     1.877248e+02
  1.8600e+01     1.862450e+02
  1.8800e+01     1.847707e+02
  1.9000e+01     1.833019e+02
  1.9200e+01     1.818386e+02
  1.9400e+01     1.803809e+02
  1.9600e+01     1.789288e+02
  1.9800e+01     1.774822e+02
  2.0000e+01     1.760413e+02
  2.0200e+01     1.746061e+02
  2.0400e+01     1.731766e+02
  2.0600e+01     1.717529e+02
  2.0800e+01     1.703349e+02
  2.1000e+01     1.689227e+02
  2.1200e+01     1.671189e+02
  2.1400e+01     1.652826e+02
  2.1600e+01     1.634584e+02
  2.1800e+01     1.616465e+02
  2.2000e+01     1.598468e+02
  2.2200e+01     1.580594e+02
  2.2400e+01     1.562844e+02
  2.2600e+01     1.545218e+02
  2.2800e+01     1.527717e+02
  2.3000e+01     1.510340e+02
  2.3200e+01     1.493089e+02
  2.3400e+01     1.475964e+02
  2.3600e+01     1.458964e+02
  2.3800e+01     1.442091e+02
  2.4000e+01     1.425345e+02
  2.4200e+01     1.408726e+02
  2.4400e+01     1.392233e+02
  2.4600e+01     1.375868e+02
  2.4800e+01     1.359631e+02
  2.5000e+01     1.343521e+02
  2.5200e+01     1.327539e+02
  2.5400e+01     1.311684e+02
  2.5600e+01     1.295958e+02
  2.5800e+01     1.280360e+02
  2.6000e+01     1.264889e+02
  2.6200e+01     1.249547e+02
  2.6400e+01     1.234333e+02
  2.6600e+01     1.219246e+02
  2.6800e+01     1.204288e+02
  2.7000e+01     1.189457e+02
  2.7200e+01     1.174754e+02
  2.7400e+01     1.160179e+02
  2.7600e+01     1.145731e+02
  2.7800e+01     1.131411e+02
  2.8000e+01     1.117217e+02
  2.8200e+01     1.103151e+02
  2.8400e+01     1.089211e+02
  2.8600e+01     1.075398e+02
  2.8800e+01     1.061711e+02
  2.9000e+01     1.048149e+02
  2.9200e+01     1.034714e+02
  2.9400e+01     1.021403e+02
  2.9600e+01     1.008218e+02
  2.9800e+01     9.951576e+01
  3.0000e+01     9.822212e+01
  3.0200e+01     9.694086e+01
  3.0400e+01     9.567196e+01
  3.0600e+01     9.441537e+01
  3.0800e+01     9.317104e+01
  3.1000e+01     9.193895e+01
  3.1200e+01     9.071903e+01
  3.1400e+01     8.951125e+01
  3.1600e+01     8.831555e+01
  3.1800e+01     8.713190e+01
  3.2000e+01     8.596023e+01
  3.2200e+01     8.480050e+01
  3.2400e+01     8.365265e+01
  3.2600e+01     8.251664e+01
  3.2800e+01     8.139240e+01
  3.3000e+01     8.027989e+01
  3.3200e+01     7.917904e+01
  3.3400e+01     7.808979e+01
  3.3600e+01     7.701210e+01
  3.3800e+01     7.594589e+01
  3.4000e+01     7.489111e+01
  3.4200e+01     7.384770e+01
  3.4400e+01     7.281559e+01
  3.4600e+01     7.179472e+01
  3.4800e+01     7.078502e+01
  3.5000e+01     6.978644e+01
  3.5200e+01     6.879891e+01
  3.5400e+01     6.782235e+01
  3.5600e+01     6.685671e+01
  3.5800e+01     6.590192e+01
  3.6000e+01     6.495790e+01
  3.6200e+01     6.402458e+01
  3.6400e+01     6.310191e+01
  3.6600e+01     6.218981e+01
  3.6800e+01     6.128820e+01
  3.7000e+01     6.039702e+01
  3.7200e+01     5.951620e+01
  3.7400e+01     5.864566e+01
  3.7600e+01     5.778533e+01
  3.7800e+01     5.693513e+01
  3.8000e+01     5.609500e+01
  3.8200e+01     5.526487e+01
  3.8400e+01     5.444465e+01
  3.8600e+01     5.363427e+01
  3.8800e+01     5.283366e+01
  3.9000e+01     5.204275e+01
  3.9200e+01     5.126145e+01
  3.9400e+01     5.048969e+01
  3.9600e+01     4.972741e+01
  3.9800e+01     4.897451e+01
  4.0000e+01     4.823093e+01
  4.0200e+01     4.749659e+01
  4.0400e+01     4.677141e+01
  4.0600e+01     4.605532e+01
  4.0800e+01     4.534824e+01
  4.1000e+01     4.465009e+01
  4.1200e+01     4.396080e+01
  4.1400e+01     4.328029e+01
  4.1600e+01     4.260849e+01
  4.1800e+01     4.194531e+01
  4.2000e+01     4.129068e+01
  4.2200e+01     4.064453e+01
  4.2400e+01     4.000678e+01
  4.2600e+01     3.937734e+01
  4.2800e+01     3.875616e+01
  4.3000e+01     3.814313e+01
  4.3200e+01     3.753821e+01
  4.3400e+01     3.694129e+01
  4.3600e+01     3.635232e+01
  4.3800e+01     3.577121e+01
  4.4000e+01     3.519789e+01
  4.4200e+01     3.463229e+01
  4.4400e+01     3.407432e+01
  4.4600e+01     3.352391e+01
  4.4800e+01     3.298099e+01
  4.5000e+01     3.244548e+01
  4.5200e+01     3.191731e+01
  4.5400e+01     3.139640e+01
  4.5600e+01     3.088268e+01
  4.5800e+01     3.037608e+01
  4.6000e+01     2.987652e+01
  4.6200e+01     2.938393e+01
  4.6400e+01     2.889823e+01
  4.6600e+01     2.841936e+01
  4.6800e+01     2.794724e+01
  4.7000e+01     2.748180e+01
  4.7200e+01     2.702296e+01
  4.7400e+01     2.657066e+01
  4.7600e+01     2.612483e+01
  4.7800e+01     2.568538e+01
  4.8000e+01     2.525227e+01
  4.8200e+01     2.482540e+01
  4.8400e+01     2.440472e+01
  4.8600e+01     2.399015e+01
  4.8800e+01     2.358163e+01
  4.9000e+01     2.317909e+01
  4.9200e+01     2.278245e+01
  4.9400e+01     2.239166e+01
  4.9600e+01     2.200664e+01
  4.9800e+01     2.162733e+01
  5.0000e+01     2.125366e+01
  5.0200e+01     2.088556e+01
  5.0400e+01     2.052297e+01
  5.0600e+01     2.016583e+01
  5.0800e+01     1.981407e+01
  5.1000e+01     1.946762e+01
  5.1200e+01     1.912642e+01
  5.1400e+01     1.879041e+01
  5.1600e+01     1.845952e+01
  5.1800e+01     1.813370e+01
  5.2000e+01     1.781287e+01
  5.2200e+01     1.749699e+01
  5.2400e+01     1.718598e+01
  5.2600e+01     1.687979e+01
  5.2800e+01     1.657835e+01
  5.3000e+01     1.628161e+01
  5.3200e+01     1.598951e+01
  5.3400e+01     1.570199e+01
  5.3600e+01     1.541899e+01
  5.3800e+01     1.514045e+01
  5.4000e+01     1.486632e+01
  5.4200e+01     1.459653e+01
  5.4400e+01     1.433104e+01
  5.4600e+01     1.406978e+01
  5.4800e+01     1.381270e+01
  5.5000e+01     1.355975e+01
  5.5200e+01     1.331087e+01
  5.5400e+01     1.306600e+01
  5.5600e+01     1.282510e+01
  5.5800e+01     1.258812e+01
  5.6000e+01     1.235498e+01
  5.6200e+01     1.212566e+01
  5.6400e+01     1.190009e+01
  5.6600e+01     1.167822e+01
  5.6800e+01     1.146001e+01
  5.7000e+01     1.124540e+01
  5.7200e+01     1.103434e+01
  5.7400e+01     1.082679e+01
  5.7600e+01     1.062269e+01
  5.7800e+01     1.042200e+01
  5.8000e+01     1.022467e+01
  5.8200e+01     1.003065e+01
  5.8400e+01     9.839907e+00
  5.8600e+01     9.652376e+00
  5.8800e+01     9.468018e+00
  5.9000e+01     9.286789e+00
  5.9200e+01     9.108643e+00
  5.9400e+01     8.933538e+00
  5.9600e+01     8.761428e+00
  5.9800e+01     8.592270e+00
  6.0000e+01     8.426022e+00
  6.0200e+01     8.262641e+00
  6.0400e+01     8.102084e+00
  6.0600e+01     7.944312e+00
  6.0800e+01     7.789281e+00
  6.1000e+01     7.636953e+00
  6.1200e+01     7.487286e+00
  6.1400e+01     7.340242e+00
  6.1600e+01     7.195780e+00
  6.1800e+01     7.053862e+00
  6.2000e+01     6.914449e+00
  6.2200e+01     6.777505e+00
  6.2400e+01     6.642990e+00
  6.2600e+01     6.510869e+00
  6.2800e+01     6.381105e+00
  6.3000e+01     6.253661e+00
  6.3200e+01     6.128502e+00
  6.3400e+01     6.005593e+00
  6.3600e+01     5.884898e+00
  6.3800e+01     5.766384e+00
  6.4000e+01     5.650015e+00
  6.4200e+01     5.535760e+00
  6.4400e+01     5.423584e+00
  6.4600e+01     5.313455e+00
  6.4800e+01     5.205340e+00
  6.5000e+01     5.099208e+00
  6.5200e+01     4.995027e+00
  6.5400e+01     4.892765e+00
  6.5600e+01     4.792393e+00
  6.5800e+01     4.693879e+00
  6.6000e+01     4.597193e+00
  6.6200e+01     4.502307e+00
  6.6400e+01     4.409191e+00
  6.6600e+01     4.317816e+00
  6.6800e+01     4.228154e+00
  6.7000e+01     4.140177e+00
  6.7200e+01     4.053856e+00
  6.7400e+01     3.969166e+00
  6.7600e+01     3.886078e+00
  6.7800e+01     3.804566e+00
  6.8000e+01     3.724604e+00
  6.8200e+01     3.646167e+00
  6.8400e+01     3.569228e+00
  6.8600e+01     3.493762e+00
  6.8800e+01     3.419745e+00
  6.9000e+01     3.347153e+00
  6.9200e+01     3.275960e+00
  6.9400e+01     3.206144e+00
  6.9600e+01     3.137681e+00
  6.9800e+01     3.070547e+00
  7.0000e+01     3.004720e+00
  7.0200e+01     2.940178e+00
  7.0400e+01     2.876898e+00
  7.0600e+01     2.814859e+00
  7.0800e+01     2.754038e+00
  7.1000e+01     2.694416e+00
  7.1200e+01     2.635970e+00
  7.1400e+01     2.578680e+00
  7.1600e+01     2.522527e+00
  7.1800e+01     2.467490e+00
  7.2000e+01     2.413549e+00
  7.2200e+01     2.360685e+00
  7.2400e+01     2.308878e+00
  7.2600e+01     2.258111e+00
  7.2800e+01     2.208364e+00
  7.3000e+01     2.159620e+00
  7.3200e+01     2.111859e+00
  7.3400e+01     2.065066e+00
  7.3600e+01     2.019221e+00
  7.3800e+01     1.974308e+00
  7.4000e+01     1.930310e+00
  7.4200e+01     1.887211e+00
  7.4400e+01     1.844993e+00
  7.4600e+01     1.803641e+00
  7.4800e+01     1.763140e+00
  7.5000e+01     1.723472e+00
  7.5200e+01     1.684624e+00
  7.5400e+01     1.646579e+00
  7.5600e+01     1.609323e+00
  7.5800e+01     1.572841e+00
  7.6000e+01     1.537119e+00
  7.6200e+01     1.502143e+00
  7.6400e+01     1.467898e+00
  7.6600e+01     1.434371e+00
  7.6800e+01     1.401548e+00
  7.7000e+01     1.369417e+00
  7.7200e+01     1.337963e+00
  7.7400e+01     1.307174e+00
  7.7600e+01     1.277038e+00
  7.7800e+01     1.247542e+00
  7.8000e+01     1.218673e+00
  7.8200e+01     1.190420e+00
  7.8400e+01     1.162771e+00
  7.8600e+01     1.135713e+00
  7.8800e+01     1.109237e+00
  7.9000e+01     1.083330e+00
  7.9200e+01     1.057981e+00
  7.9400e+01     1.033180e+00
  7.9600e+01     1.008916e+00
  7.9800e+01     9.851785e-01
  8.0000e+01     9.619565e-01
  8.0200e+01     9.392402e-01
  8.0400e+01     9.170197e-01
  8.0600e+01     8.952853e-01
  8.0800e+01     8.740272e-01
  8.1000e+01     8.532360e-01
  8.1200e+01     8.329024e-01
  8.1400e+01     8.130173e-01
  8.1600e+01     7.935716e-01
  8.1800e+01     7.745566e-01
  8.2000e+01     7.559636e-01
  8.2200e+01     7.377840e-01
  8.2400e+01     7.200095e-01
  8.2600e+01     7.026319e-01
  8.2800e+01     6.856431e-01
  8.3000e+01     6.690352e-01
  8.3200e+01     6.528005e-01
  8.3400e+01     6.369312e-01
  8.3600e+01     6.214199e-01
  8.3800e+01     6.062592e-01
  8.4000e+01     5.914419e-01
  8.4200e+01     5.769609e-01
  8.4400e+01     5.628092e-01
  8.4600e+01     5.489800e-01
  8.4800e+01     5.354666e-01
  8.5000e+01     5.222623e-01
  8.5200e+01     5.093607e-01
  8.5400e+01     4.967555e-01
  8.5600e+01     4.844405e-01
  8.5800e+01     4.724095e-01
  8.6000e+01     4.606565e-01
  8.6200e+01     4.491756e-01
  8.6400e+01     4.379611e-01
  8.6600e+01     4.270074e-01
  8.6800e+01     4.163088e-01
  8.7000e+01     4.058598e-01
  8.7200e+01     3.956553e-01
  8.7400e+01     3.856898e-01
  8.7600e+01     3.759584e-01
  8.7800e+01     3.664558e-01
  8.8000e+01     3.571773e-01
  8.8200e+01     3.481178e-01
  8.8400e+01     3.392728e-01
  8.8600e+01     3.306374e-01
  8.8800e+01     3.222072e-01
  8.9000e+01     3.139777e-01
  8.9200e+01     3.059444e-01
  8.9400e+01     2.981030e-01
  8.9600e+01     2.904494e-01
  8.9800e+01     2.829794e-01
  9.0000e+01     2.756889e-01
  9.0200e+01     2.685740e-01
  9.0400e+01     2.616307e-01
  9.0600e+01     2.548553e-01
  9.0800e+01     2.482440e-01
  9.1000e+01     2.417931e-01
  9.1200e+01     2.354990e-01
  9.1400e+01     2.293583e-01
  9.1600e+01     2.233674e-01
  9.1800e+01     2.175230e-01
  9.2000e+01     2.118218e-01
  9.2200e+01     2.062606e-01
  9.2400e+01     2.008361e-01
  9.2600e+01     1.955453e-01
  9.2800e+01     1.903850e-01
  9.3000e+01     1.853524e-01
  9.3200e+01     1.804445e-01
  9.3400e+01     1.756585e-01
  9.3600e+01     1.709915e-01
  9.3800e+01     1.664407e-01
  9.4000e+01     1.620036e-01
  9.4200e+01     1.576775e-01
  9.4400e+01     1.534598e-01
  9.4600e+01     1.493480e-01
  9.4800e+01     1.453396e-01
  9.5000e+01     1.414323e-01
  9.5200e+01     1.376236e-01
  9.5400e+01     1.339112e-01
  9.5600e+01     1.302929e-01
  9.5800e+01     1.267665e-01
  9.6000e+01     1.233297e-01
  9.6200e+01     1.199806e-01
  9.6400e+01     1.167169e-01
  9.6600e+01     1.135368e-01
  9.6800e+01     1.104381e-01
  9.7000e+01     1.074189e-01
  9.7200e+01     1.044775e-01
  9.7400e+01     1.016118e-01
  9.7600e+01     9.882004e-02
  9.7800e+01     9.610051e-02
  9.8000e+01     9.345144e-02
  9.8200e+01     9.087112e-02
  9.8400e+01     8.835790e-02
  9.8600e+01     8.591015e-02
  9.8800e+01     8.352627e-02
  9.9000e+01     8.120472e-02
  9.9200e+01     7.894398e-02
  9.9400e+01     7.674256e-02
  9.9600e+01     7.459900e-02
  9.9800e+01     7.251190e-02
  1.0000e+02     7.047986e-02
  1.0020e+02     6.850152e-02
  1.0040e+02     6.657556e-02
  1.0060e+02     6.470069e-02
  1.0080e+02     6.287564e-02
  1.0100e+02     6.109917e-02
  1.0120e+02     5.937008e-02
  1.0140e+02     5.768718e-02
  1.0160e+02     5.604932e-02
  1.0180e+02     5.445537e-02
  1.0200e+02     5.290423e-02
  1.0220e+02     5.139483e-02
  1.0240e+02     4.992611e-02
  1.0260e+02     4.849705e-02
  1.0280e+02     4.710665e-02
  1.0300e+02     4.575392e-02
  1.0320e+02     4.443792e-02
  1.0340e+02     4.315770e-02
  1.0360e+02     4.191236e-02
  1.0380e+02     4.070100e-02
  1.0400e+02     3.952276e-02
  1.0420e+02     3.837679e-02
  1.0440e+02     3.726226e-02
  1.0460e+02     3.617835e-02
  1.0480e+02     3.512429e-02
  1.0500e+02     3.409929e-02
  1.0520e+02     3.310261e-02
  1.0540e+02     3.213352e-02
  1.0560e+02     3.119129e-02
  1.0580e+02     3.027523e-02
  1.0600e+02     2.938466e-02
  1.0620e+02     2.851890e-02
  1.0640e+02     2.767731e-02
  1.0660e+02     2.685926e-02
  1.0680e+02     2.606412e-02
  1.0700e+02     2.529130e-02
  1.0720e+02     2.454020e-02
  1.0740e+02     2.381025e-02
  1.0760e+02     2.310089e-02
  1.0780e+02     2.241157e-02
  1.0800e+02     2.174177e-02
  1.0820e+02     2.109095e-02
  1.0840e+02     2.045862e-02
  1.0860e+02     1.984428e-02
  1.0880e+02     1.924745e-02
  1.0900e+02     1.866766e-02
  1.0920e+02     1.810445e-02
  1.0940e+02     1.755737e-02
  1.0960e+02     1.702599e-02
  1.0980e+02     1.650988e-02
  1.1000e+02     1.600863e-02
  1.1020e+02     1.552184e-02
  1.1040e+02     1.504911e-02
  1.1060e+02     1.459007e-02
  1.1080e+02     1.414433e-02
  1.1100e+02     1.371153e-02
  1.1120e+02     1.329132e-02
  1.1140e+02     1.288335e-02
  1.1160e+02     1.248729e-02
  1.1180e+02     1.210281e-02
  1.1200e+02     1.172959e-02
  1.1220e+02     1.136731e-02
  1.1240e+02     1.101568e-02
  1.1260e+02     1.067440e-02
  1.1280e+02     1.034317e-02
  1.1300e+02     1.002173e-02
  1.1320e+02     9.709798e-03
  1.1340e+02     9.407106e-03
  1.1360e+02     9.113397e-03
  1.1380e+02     8.828419e-03
  1.1400e+02     8.551926e-03
  1.1420e+02     8.283680e-03
  1.1440e+02     8.023448e-03
  1.1460e+02     7.771003e-03
  1.1480e+02     7.526125e-03
  1.1500e+02     7.288599e-03
  1.1520e+02     7.058216e-03
  1.1540e+02     6.834774e-03
  1.1560e+02     6.618073e-03
  1.1580e+02     6.407921e-03
  1.1600e+02     6.204132e-03
  1.1620e+02     6.006522e-03
  1.1640e+02     5.814913e-03
  1.1660e+02     5.629134e-03
  1.1680e+02     5.449016e-03
  1.1700e+02     5.274396e-03
  1.1720e+02     5.105114e-03
  1.1740e+02     4.941015e-03
  1.1760e+02     4.781950e-03
  1.1780e+02     4.627772e-03
  1.1800e+02     4.478338e-03
  1.1820e+02     4.333511e-03
  1.1840e+02     4.193154e-03
  1.1860e+02     4.057138e-03
  1.1880e+02     3.925334e-03
  1.1900e+02     3.797620e-03
  1.1920e+02     3.673874e-03
  1.1940e+02     3.553979e-03
  1.1960e+02     3.437822e-03
  1.1980e+02     3.325293e-03
  1.2000e+02     3.216282e-03
  1.2020e+02     3.110687e-03
  1.2040e+02     3.008404e-03
  1.2060e+02     2.909336e-03
  1.2080e+02     2.813387e-03
  1.2100e+02     2.720462e-03
  1.2120e+02     2.630472e-03
  1.2140e+02     2.543329e-03
  1.2160e+02     2.458946e-03
  1.2180e+02     2.377240e-03
  1.2200e+02     2.298132e-03
  1.2220e+02     2.221541e-03
  1.2240e+02     2.147393e-03
  1.2260e+02     2.075612e-03
  1.2280e+02     2.006127e-03
  1.2300e+02     1.938869e-03
  1.2320e+02     1.873768e-03
  1.2340e+02     1.810760e-03
  1.2360e+02     1.749780e-03
  1.2380e+02     1.690766e-03
  1.2400e+02     1.633657e-03
  1.2420e+02     1.578396e-03
  1.2440e+02     1.524925e-03
  1.2460e+02     1.473188e-03
  1.2480e+02     1.423133e-03
  1.2500e+02     1.374707e-03
  1.2520e+02     1.327860e-03
  1.2540e+02     1.282542e-03
  1.2560e+02     1.238706e-03
  1.2580e+02     1.196306e-03
  1.2600e+02     1.155297e-03
  1.2620e+02     1.115636e-03
  1.2640e+02     1.077279e-03
  1.2660e+02     1.040187e-03
  1.2680e+02     1.004319e-03
  1.2700e+02     9.696371e-04
  1.2720e+02     9.361037e-04
  1.2740e+02     9.036824e-04
  1.2760e+02     8.723381e-04
  1.2780e+02     8.420366e-04
  1.2800e+02     8.127449e-04
  1.2820e+02     7.844307e-04
  1.2840e+02     7.570629e-04
  1.2860e+02     7.306113e-04
  1.2880e+02     7.050467e-04
  1.2900e+02     6.803405e-04
  1.2920e+02     6.564653e-04
  1.2940e+02     6.333944e-04
  1.2960e+02     6.111018e-04
  1.2980e+02     5.895625e-04
  1.3000e+02     5.687521e-04
  1.3020e+02     5.486471e-04
  1.3040e+02     5.292246e-04
  1.3060e+02     5.104625e-04
  1.3080e+02     4.923393e-04
  1.3100e+02     4.748341e-04
  1.3120e+02     4.579268e-04
  1.3140e+02     4.415979e-04
  1.3160e+02     4.258285e-04
  1.3180e+02     4.106002e-04
  1.3200e+02     3.958953e-04
  1.3220e+02     3.816965e-04
  1.3240e+02     3.679871e-04
  1.3260e+02     3.547511e-04
  1.3280e+02     3.419727e-04
  1.3300e+02     3.296369e-04
  1.3320e+02     3.177289e-04
  1.3340e+02     3.062346e-04
  1.3360e+02     2.951401e-04
  1.3380e+02     2.844322e-04
  1.3400e+02     2.740979e-04
  1.3420e+02     2.641249e-04
  1.3440e+02     2.545009e-04
  1.3460e+02     2.452142e-04
  1.3480e+02     2.362536e-04
  1.3500e+02     2.276081e-04
  1.3520e+02     2.192670e-04
  1.3540e+02     2.112200e-04
  1.3560e+02     2.034573e-04
  1.3580e+02     1.959692e-04
  1.3600e+02     1.887464e-04
  1.3620e+02     1.817799e-04
  1.3640e+02     1.750609e-04
  1.3660e+02     1.685810e-04
  1.3680e+02     1.623321e-04
  1.3700e+02     1.563063e-04
  1.3720e+02     1.504958e-04
  1.3740e+02     1.448934e-04
  1.3760e+02     1.394919e-04
  1.3780e+02     1.342844e-04
  1.3800e+02     1.292641e-04
  1.3820e+02     1.244246e-04
  1.3840e+02     1.197598e-04
  1.3860e+02     1.152634e-04
  1.3880e+02     1.109298e-04
  1.3900e+02     1.067531e-04
  1.3920e+02     1.027280e-04
  1.3940e+02     9.884924e-05
  1.3960e+02     9.511162e-05
  1.3980e+02     9.151024e-05
  1.4000e+02     8.804033e-05
  1.4020e+02     8.469727e-05
  1.4040e+02     8.147662e-05
  1.4060e+02     7.837406e-05
  1.4080e+02     7.538544e-05
  1.4100e+02     7.250673e-05
  1.4120e+02     6.973405e-05
  1.4140e+02     6.706364e-05
  1.4160e+02     6.449188e-05
  1.4180e+02     6.201527e-05
  1.4200e+02     5.963041e-05
  1.4220e+02     5.733404e-05
  1.4240e+02     5.512301e-05
  1.4260e+02     5.299426e-05
  1.4280e+02     5.094484e-05
  1.4300e+02     4.897193e-05
  1.4320e+02     4.707275e-05
  1.4340e+02     4.524467e-05
  1.4360e+02     4.348513e-05
  1.4380e+02     4.179165e-05
  1.4400e+02     4.016184e-05
  1.4420e+02     3.859340e-05
  1.4440e+02     3.708411e-05
  1.4460e+02     3.563182e-05
  1.4480e+02     3.423446e-05
  1.4500e+02     3.289002e-05
  1.4520e+02     3.159658e-05
  1.4540e+02     3.035227e-05
  1.4560e+02     2.915531e-05
  1.4580e+02     2.800394e-05
  1.4600e+02     2.689650e-05
  1.4620e+02     2.583138e-05
  1.4640e+02     2.480702e-05
  1.4660e+02     2.382191e-05
  1.4680e+02     2.287461e-05
  1.4700e+02     2.196371e-05
  1.4720e+02     2.108787e-05
  1.4740e+02     2.024580e-05
  1.4760e+02     1.943622e-05
  1.4780e+02     1.865795e-05
  1.4800e+02     1.790980e-05
  1.4820e+02     1.719065e-05
  1.4840e+02     1.649943e-05
  1.4860e+02     1.583509e-05
  1.4880e+02     1.519661e-05
  1.4900e+02     1.458303e-05
  1.4920e+02     1.399341e-05
  1.4940e+02     1.342685e-05
  1.4960e+02     1.288247e-05
  1.4980e+02     1.235945e-05
  1.5000e+02     1.185697e-05
  1.5020e+02     1.137425e-05
  1.5040e+02     1.091055e-05
  1.5060e+02     1.046514e-05
  1.5080e+02     1.003733e-05
  1.5100e+02     9.626438e-06
  1.5120e+02     9.231826e-06
  1.5140e+02     8.852869e-06
  1.5160e+02     8.488970e-06
  1.5180e+02     8.139549e-06
  1.5200e+02     7.804051e-06
  1.5220e+02     7.481940e-06
  1.5240e+02     7.172701e-06
  1.5260e+02     6.875836e-06
  1.5280e+02     6.590868e-06
  1.5300e+02     6.317336e-06
  1.5320e+02     6.054797e-06
  1.5340e+02     5.802825e-06
  1.5360e+02     5.561008e-06
  1.5380e+02     5.328951e-06
  1.5400e+02     5.106273e-06
  1.5420e+02     4.892609e-06
  1.5440e+02     4.687606e-06
  1.5460e+02     4.490924e-06
  1.5480e+02     4.302237e-06
  1.5500e+02     4.121231e-06
  1.5520e+02     3.947605e-06
  1.5540e+02     3.781066e-06
  1.5560e+02     3.621335e-06
  1.5580e+02     3.468144e-06
  1.5600e+02     3.321234e-06
  1.5620e+02     3.180355e-06
  1.5640e+02     3.045268e-06
  1.5660e+02     2.915743e-06
  1.5680e+02     2.791559e-06
  1.5700e+02     2.672502e-06
  1.5720e+02     2.558368e-06
  1.5740e+02     2.448960e-06
  1.5760e+02     2.344088e-06
  1.5780e+02     2.243571e-06
  1.5800e+02     2.147234e-06
  1.5820e+02     2.054908e-06
  1.5840e+02     1.966432e-06
  1.5860e+02     1.881651e-06
  1.5880e+02     1.800416e-06
  1.5900e+02     1.722582e-06
  1.5920e+02     1.648012e-06
  1.5940e+02     1.576574e-06
  1.5960e+02     1.508140e-06
  1.5980e+02     1.442588e-06
  1.6000e+02     1.379800e-06
  1.6020e+02     1.319664e-06
  1.6040e+02     1.262071e-06
  1.6060e+02     1.206917e-06
  1.6080e+02     1.154103e-06
  1.6100e+02     1.103531e-06
  1.6120e+02     1.055110e-06
  1.6140e+02     1.008751e-06
  1.6160e+02     9.643695e-07
  1.6180e+02     9.218833e-07
  1.6200e+02     8.812141e-07
  1.6220e+02     8.422867e-07
  1.6240e+02     8.050288e-07
  1.6260e+02     7.693710e-07
  1.6280e+02     7.352467e-07
  1.6300e+02     7.025921e-07
  1.6320e+02     6.713458e-07
  1.6340e+02     6.414490e-07
  1.6360e+02     6.128452e-07
  1.6380e+02     5.854801e-07
  1.6400e+02     5.593019e-07
  1.6420e+02     5.342605e-07
  1.6440e+02     5.103082e-07
  1.6460e+02     4.873991e-07
  1.6480e+02     4.654890e-07
  1.6500e+02     4.445358e-07
  1.6520e+02     4.244989e-07
  1.6540e+02     4.053395e-07
  1.6560e+02     3.870203e-07
  1.6580e+02     3.695056e-07
  1.6600e+02     3.527611e-07
  1.6620e+02     3.367541e-07
  1.6640e+02     3.214529e-07
  1.6660e+02     3.068274e-07
  1.6680e+02     2.928486e-07
  1.6700e+02     2.794889e-07
  1.6720e+02     2.667216e-07
  1.6740e+02     2.545212e-07
  1.6760e+02     2.428633e-07
  1.6780e+02     2.317245e-07
  1.6800e+02     2.210824e-07
  1.6820e+02     2.109155e-07
  1.6840e+02     2.012032e-07
  1.6860e+02     1.919257e-07
  1.6880e+02     1.830642e-07
  1.6900e+02     1.746006e-07
  1.6920e+02     1.665175e-07
  1.6940e+02     1.587983e-07
  1.6960e+02     1.514272e-07
  1.6980e+02     1.443888e-07
  1.7000e+02     1.376687e-07
  1.7020e+02     1.312527e-07
  1.7040e+02     1.251277e-07
  1.7060e+02     1.192807e-07
  1.7080e+02     1.136995e-07
  1.7100e+02     1.083723e-07
  1.7120e+02     1.032880e-07
  1.7140e+02     9.843577e-08
  1.7160e+02     9.380534e-08
  1.7180e+02     8.938685e-08
  1.7200e+02     8.517089e-08
  1.7220e+02     8.114843e-08
  1.7240e+02     7.731086e-08
  1.7260e+02     7.364991e-08
  1.7280e+02     7.015768e-08
  1.7300e+02     6.682662e-08
  1.7320e+02     6.364951e-08
  1.7340e+02     6.061943e-08
  1.7360e+02     5.772976e-08
  1.7380e+02     5.497419e-08
  1.7400e+02     5.234667e-08
  1.7420e+02     4.984141e-08
  1.7440e+02     4.745289e-08
  1.7460e+02     4.517581e-08
  1.7480e+02     4.300513e-08
  1.7500e+02     4.093601e-08
  1.7520e+02     3.896383e-08
  1.7540e+02     3.708418e-08
  1.7560e+02     3.529283e-08
  1.7580e+02     3.358575e-08
  1.7600e+02     3.195910e-08
  1.7620e+02     3.040917e-08
  1.7640e+02     2.893246e-08
  1.7660e+02     2.752560e-08
  1.7680e+02     2.618538e-08
  1.7700e+02     2.490873e-08
  1.7720e+02     2.369271e-08
  1.7740e+02     2.253453e-08
  1.7760e+02     2.143150e-08
  1.7780e+02     2.038108e-08
  1.7800e+02     1.938082e-08
  1.7820e+02     1.842840e-08
  1.7840e+02     1.752158e-08
  1.7860e+02     1.665825e-08
  1.7880e+02     1.583637e-08
  1.7900e+02     1.505400e-08
  1.7920e+02     1.430931e-08
  1.7940e+02     1.360051e-08
  1.7960e+02     1.292594e-08
  1.7980e+02     1.228398e-08
  1.8000e+02     1.167310e-08
  1.8020e+02     1.109183e-08
  1.8040e+02     1.053877e-08
  1.8060e+02     1.001260e-08
  1.8080e+02     9.512034e-09
  1.8100e+02     9.035868e-09
  1.8120e+02     8.582942e-09
  1.8140e+02     8.152152e-09
  1.8160e+02     7.742444e-09
  1.8180e+02     7.352813e-09
  1.8200e+02     6.982302e-09
  1.8220e+02     6.629997e-09
  1.8240e+02     6.295027e-09
  1.8260e+02     5.976562e-09
  1.8280e+02     5.673809e-09
  1.8300e+02     5.386013e-09
  1.8320e+02     5.112456e-09
  1.8340e+02     4.852450e-09
  1.8360e+02     4.605342e-09
  1.8380e+02     4.370509e-09
  1.8400e+02     4.147357e-09
  1.8420e+02     3.935319e-09
  1.8440e+02     3.733857e-09
  1.8460e+02     3.542457e-09
  1.8480e+02     3.360628e-09
  1.8500e+02     3.187906e-09
  1.8520e+02     3.023845e-09
  1.8540e+02     2.868022e-09
  1.8560e+02     2.720034e-09
  1.8580e+02     2.579497e-09
  1.8600e+02     2.446046e-09
  1.8620e+02     2.319333e-09
  1.8640e+02     2.199025e-09
  1.8660e+02     2.084808e-09
  1.8680e+02     1.976381e-09
  1.8700e+02     1.873457e-09
  1.8720e+02     1.775765e-09
  1.8740e+02     1.683046e-09
  1.8760e+02     1.595051e-09
  1.8780e+02     1.511548e-09
  1.8800e+02     1.432312e-09
  1.8820e+02     1.357131e-09
  1.8840e+02     1.285802e-09
  1.8860e+02     1.218133e-09
  1.8880e+02     1.153941e-09
  1.8900e+02     1.093052e-09
  1.8920e+02     1.035300e-09
  1.8940e+02     9.805270e-10
  1.8960e+02     9.285837e-10
  1.8980e+02     8.793273e-10
  1.9000e+02     8.326223e-10
  1.9020e+02     7.883399e-10
  1.9040e+02     7.463574e-10
  1.9060e+02     7.065583e-10
  1.9080e+02     6.688319e-10
  1.9100e+02     6.330729e-10
  1.9120e+02     5.991812e-10
  1.9140e+02     5.670617e-10
  1.9160e+02     5.366240e-10
  1.9180e+02     5.077822e-10
  1.9200e+02     4.804546e-10
  1.9220e+02     4.545636e-10
  1.9240e+02     4.300357e-10
  1.9260e+02     4.068007e-10
  1.9280e+02     3.847922e-10
  1.9300e+02     3.639470e-10
  1.9320e+02     3.442051e-10
  1.9340e+02     3.255095e-10
  1.9360e+02     3.078061e-10
  1.9380e+02     2.910434e-10
  1.9400e+02     2.751728e-10
  1.9420e+02     2.601478e-10
  1.9440e+02     2.459246e-10
  1.9460e+02     2.324612e-10
  1.9480e+02     2.197182e-10
  1.9500e+02     2.076579e-10
  1.9520e+02     1.962445e-10
  1.9540e+02     1.854443e-10
  1.9560e+02     1.752250e-10
  1.9580e+02     1.655561e-10
  1.9600e+02     1.564088e-10
  1.9620e+02     1.477554e-10
  1.9640e+02     1.395701e-10
  1.9660e+02     1.318280e-10
  1.9680e+02     1.245057e-10
  1.9700e+02     1.175810e-10
  1.9720e+02     1.110329e-10
  1.9740e+02     1.048413e-10
  1.9760e+02     9.898719e-11
  1.9780e+02     9.345272e-11
  1.9800e+02     8.822080e-11
  1.9820e+02     8.327527e-11
  1.9840e+02     7.860083e-11
  1.9860e+02     7.418296e-11
  1.9880e+02     7.000791e-11
  1.9900e+02     6.606263e-11
  1.9920e+02     6.233478e-11
  1.9940e+02     5.881265e-11
  1.9960e+02     5.548514e-11
  1.9980e+02     5.234176e-11
  2.0000e+02     4.937255e-11
  2.0020e+02     4.656808e-11
  2.0040e+02     4.391941e-11
  2.0060e+02     4.141810e-11
  2.0080e+02     3.905613e-11
  2.0100e+02     3.682592e-11
  2.0120e+02     3.472028e-11
  2.0140e+02     3.273241e-11
  2.0160e+02     3.085589e-11
  2.0180e+02     2.908460e-11
  2.0200e+02     2.741280e-11
  2.0220e+02     2.583500e-11
  2.0240e+02     2.434606e-11
  2.0260e+02     2.294107e-11
  2.0280e+02     2.161541e-11
  2.0300e+02     2.036470e-11
  2.0320e+02     1.918481e-11
  2.0340e+02     1.807180e-11
  2.0360e+02     1.702198e-11
  2.0380e+02     1.603184e-11
  2.0400e+02     1.509806e-11
  2.0420e+02     1.421750e-11
  2.0440e+02     1.338720e-11
  2.0460e+02     1.260436e-11
  2.0480e+02     1.186631e-11
  2.0500e+02     1.117057e-11
  2.0520e+02     1.051474e-11
  2.0540e+02     9.896609e-12
  2.0560e+02     9.314040e-12
  2.0580e+02     8.765039e-12
  2.0600e+02     8.247712e-12
  2.0620e+02     7.760273e-12
  2.0640e+02     7.301033e-12
  2.0660e+02     6.868398e-12
  2.0680e+02     6.460858e-12
  2.0700e+02     6.076992e-12
  2.0720e+02     5.715453e-12
  2.0740e+02     5.374972e-12
  2.0760e+02     5.054349e-12
  2.0780e+02     4.752451e-12
  2.0800e+02     4.468208e-12
  2.0820e+02     4.200611e-12
  2.0840e+02     3.948705e-12
  2.0860e+02     3.711591e-12
  2.0880e+02     3.488419e-12
  2.0900e+02     3.278387e-12
  2.0920e+02     3.080738e-12
  2.0940e+02     2.894758e-12
  2.0960e+02     2.719772e-12
  2.0980e+02     2.555146e-12
  2.1000e+02     2.400278e-12
  2.1020e+02     2.254603e-12
  2.1040e+02     2.117586e-12
  2.1060e+02     1.988725e-12
  2.1080e+02     1.867544e-12
  2.1100e+02     1.753595e-12
  2.1120e+02     1.646457e-12
  2.1140e+02     1.545729e-12
  2.1160e+02     1.451038e-12
  2.1180e+02     1.362029e-12
  2.1200e+02     1.278368e-12
  2.1220e+02     1.199742e-12
  2.1240e+02     1.125852e-12
  2.1260e+02     1.056421e-12
  2.1280e+02     9.911839e-13
  2.1300e+02     9.298938e-13
  2.1320e+02     8.723166e-13
  2.1340e+02     8.182323e-13
  2.1360e+02     7.674332e-13
  2.1380e+02     7.197242e-13
  2.1400e+02     6.749212e-13
  2.1420e+02     6.328508e-13
  2.1440e+02     5.933500e-13
  2.1460e+02     5.562650e-13
  2.1480e+02     5.214512e-13
  2.1500e+02     4.887725e-13
  2.1520e+02     4.581005e-13
  2.1540e+02     4.293148e-13
  2.1560e+02     4.023016e-13
  2.1580e+02     3.769541e-13
  2.1600e+02     3.531717e-13
  2.1620e+02     3.308598e-13
  2.1640e+02     3.099293e-13
  2.1660e+02     2.902966e-13
  2.1680e+02     2.718827e-13
  2.1700e+02     2.546136e-13
  2.1720e+02     2.384196e-13
  2.1740e+02     2.232352e-13
  2.1760e+02     2.089986e-13
  2.1780e+02     1.956520e-13
  2.1800e+02     1.831408e-13
  2.1820e+02     1.714139e-13
  2.1840e+02     1.604231e-13
  2.1860e+02     1.501230e-13
  2.1880e+02     1.404713e-13
  2.1900e+02     1.314279e-13
  2.1920e+02     1.229552e-13
  2.1940e+02     1.150180e-13
  2.1960e+02     1.075831e-13
  2.1980e+02     1.006195e-13
  2.2000e+02     9.409769e-14
  2.2020e+02     8.799037e-14
  2.2040e+02     8.227170e-14
  2.2060e+02     7.691744e-14
  2.2080e+02     7.190484e-14
  2.2100e+02     6.721255e-14
  2.2120e+02     6.282050e-14
  2.2140e+02     5.870987e-14
  2.2160e+02     5.486299e-14
  2.2180e+02     5.126329e-14
  2.2200e+02     4.789519e-14
  2.2220e+02     4.474410e-14
  2.2240e+02     4.179631e-14
  2.2260e+02     3.903897e-14
  2.2280e+02     3.646003e-14
  2.2300e+02     3.404816e-14
  2.2320e+02     3.179277e-14
  2.2340e+02     2.968390e-14
  2.2360e+02     2.771223e-14
  2.2380e+02     2.586900e-14
  2.2400e+02     2.414602e-14
  2.2420e+02     2.253560e-14
  2.2440e+02     2.103052e-14
  2.2460e+02     1.962404e-14
  2.2480e+02     1.830983e-14
  2.2500e+02     1.708194e-14
  2.2520e+02     1.593483e-14
  2.2540e+02     1.486328e-14
  2.2560e+02     1.386242e-14
  2.2580e+02     1.292767e-14
  2.2600e+02     1.205475e-14
  2.2620e+02     1.123965e-14
  2.2640e+02     1.047862e-14
  2.2660e+02     9.768146e-15
  2.2680e+02     9.104929e-15
  2.2700e+02     8.485889e-15
  2.2720e+02     7.908141e-15
  2.2740e+02     7.368986e-15
  2.2760e+02     6.865894e-15
  2.2780e+02     6.396502e-15
  2.2800e+02     5.958596e-15
  2.2820e+02     5.550104e-15
  2.2840e+02     5.169090e-15
  2.2860e+02     4.813740e-15
  2.2880e+02     4.482361e-15
  2.2900e+02     4.173366e-15
  2.2920e+02     3.885273e-15
  2.2940e+02     3.616694e-15
  2.2960e+02     3.366335e-15
  2.2980e+02     3.132982e-15
  2.3000e+02     2.915503e-15
  2.3020e+02     2.712839e-15
  2.3040e+02     2.523999e-15
  2.3060e+02     2.348060e-15
  2.3080e+02     2.184157e-15
  2.3100e+02     2.031482e-15
  2.3120e+02     1.889281e-15
  2.3140e+02     1.756849e-15
  2.3160e+02     1.633528e-15
  2.3180e+02     1.518703e-15
  2.3200e+02     1.411800e-15
  2.3220e+02     1.312282e-15
  2.3240e+02     1.219650e-15
  2.3260e+02     1.133436e-15
  2.3280e+02     1.053203e-15
  2.3300e+02     9.785456e-16
  2.3320e+02     9.090825e-16
  2.3340e+02     8.444596e-16
  2.3360e+02     7.843459e-16
  2.3380e+02     7.284328e-16
  2.3400e+02     6.764323e-16
  2.3420e+02     6.280759e-16
  2.3440e+02     5.831129e-16
  2.3460e+02     5.413098e-16
  2.3480e+02     5.024486e-16
  2.3500e+02     4.663263e-16
  2.3520e+02     4.327534e-16
  2.3540e+02     4.015535e-16
  2.3560e+02     3.725619e-16
  2.3580e+02     3.456252e-16
  2.3600e+02     3.206006e-16
  2.3620e+02     2.973549e-16
  2.3640e+02     2.757640e-16
  2.3660e+02     2.557123e-16
  2.3680e+02     2.370921e-16
  2.3700e+02     2.198032e-16
  2.3720e+02     2.037521e-16
  2.3740e+02     1.888519e-16
  2.3760e+02     1.750216e-16
  2.3780e+02     1.621858e-16
  2.3800e+02     1.502743e-16
  2.3820e+02     1.392218e-16
  2.3840e+02     1.289675e-16
  2.3860e+02     1.194549e-16
  2.3880e+02     1.106313e-16
  2.3900e+02     1.024477e-16
  2.3920e+02     9.485850e-17
  2.3940e+02     8.782141e-17
  2.3960e+02     8.129697e-17
  2.3980e+02     7.524854e-17
  2.4000e+02     6.964202e-17
  2.4020e+02     6.444572e-17
  2.4040e+02     5.963019e-17
  2.4060e+02     5.516803e-17
  2.4080e+02     5.103380e-17
  2.4100e+02     4.720384e-17
  2.4120e+02     4.365616e-17
  2.4140e+02     4.037035e-17
  2.4160e+02     3.732742e-17
  2.4180e+02     3.450977e-17
  2.4200e+02     3.190100e-17
  2.4220e+02     2.948593e-17
  2.4240e+02     2.725044e-17
  2.4260e+02     2.518141e-17
  2.4280e+02     2.326668e-17
  2.4300e+02     2.149495e-17
  2.4320e+02     1.985574e-17
  2.4340e+02     1.833931e-17
  2.4360e+02     1.693664e-17
  2.4380e+02     1.563935e-17
  2.4400e+02     1.443966e-17
  2.4420e+02     1.333038e-17
  2.4440e+02     1.230479e-17
  2.4460e+02     1.135672e-17
  2.4480e+02     1.048040e-17
  2.4500e+02     9.670510e-18
  2.4520e+02     8.922096e-18
  2.4540e+02     8.230580e-18
  2.4560e+02     7.591715e-18
  2.4580e+02     7.001564e-18
  2.4600e+02     6.456480e-18
  2.4620e+02     5.953085e-18
  2.4640e+02     5.488246e-18
  2.4660e+02     5.059065e-18
  2.4680e+02     4.662856e-18
  2.4700e+02     4.297131e-18
  2.4720e+02     3.959587e-18
  2.4740e+02     3.648091e-18
  2.4760e+02     3.360671e-18
  2.4780e+02     3.095498e-18
  2.4800e+02     2.850881e-18
  2.4820e+02     2.625256e-18
  2.4840e+02     2.417175e-18
  2.4860e+02     2.225298e-18
  2.4880e+02     2.048385e-18
  2.4900e+02     1.885291e-18
  2.4920e+02     1.734956e-18
  2.4940e+02     1.596399e-18
  2.4960e+02     1.468714e-18
  2.4980e+02     1.351064e-18
  2.5000e+02     1.242673e-18
  2.5020e+02     1.142827e-18
  2.5040e+02     1.050863e-18
  2.5060e+02     9.661705e-19
  2.5080e+02     8.881848e-19
  2.5100e+02     8.163842e-19
  2.5120e+02     7.502869e-19
  2.5140e+02     6.894480e-19
  2.5160e+02     6.334566e-19
  2.5180e+02     5.819333e-19
  2.5200e+02     5.345279e-19
  2.5220e+02     4.909172e-19
  2.5240e+02     4.508028e-19
  2.5260e+02     4.139094e-19
  2.5280e+02     3.799830e-19
  2.5300e+02     3.487892e-19
  2.5320e+02     3.201117e-19
  2.5340e+02     2.937513e-19
  2.5360e+02     2.695239e-19
  2.5380e+02     2.472602e-19
  2.5400e+02     2.268037e-19
  2.5420e+02     2.080103e-19
  2.5440e+02     1.907473e-19
  2.5460e+02     1.748922e-19
  2.5480e+02     1.603321e-19
  2.5500e+02     1.469633e-19
  2.5520e+02     1.346900e-19
  2.5540e+02     1.234239e-19
  2.5560e+02     1.130839e-19
  2.5580e+02     1.035952e-19
  2.5600e+02     9.488900e-20
  2.5620e+02     8.690182e-20
  2.5640e+02     7.957537e-20
  2.5660e+02     7.285594e-20
  2.5680e+02     6.669413e-20
  2.5700e+02     6.104448e-20
  2.5720e+02     5.586517e-20
  2.5740e+02     5.111773e-20
  2.5760e+02     4.676679e-20
  2.5780e+02     4.277981e-20
  2.5800e+02     3.912688e-20
  2.5820e+02     3.578051e-20
  2.5840e+02     3.271542e-20
  2.5860e+02     2.990838e-20
  2.5880e+02     2.733805e-20
  2.5900e+02     2.498482e-20
  2.5920e+02     2.283067e-20
  2.5940e+02     2.085906e-20
  2.5960e+02     1.905479e-20
  2.5980e+02     1.740391e-20
  2.6000e+02     1.589360e-20
  2.6020e+02     1.451211e-20
  2.6040e+02     1.324863e-20
  2.6060e+02     1.209327e-20
  2.6080e+02     1.103694e-20
  2.6100e+02     1.007129e-20
  2.6120e+02     9.188685e-21
  2.6140e+02     8.382098e-21
  2.6160e+02     7.645100e-21
  2.6180e+02     6.971791e-21
  2.6200e+02     6.356765e-21
  2.6220e+02     5.795064e-21
  2.6240e+02     5.282146e-21
  2.6260e+02     4.813847e-21
  2.6280e+02     4.386355e-21
  2.6300e+02     3.996176e-21
  2.6320e+02     3.640110e-21
  2.6340e+02     3.315226e-21
  2.6360e+02     3.018842e-21
  2.6380e+02     2.748501e-21
  2.6400e+02     2.501955e-21
  2.6420e+02     2.277145e-21
  2.6440e+02     2.072189e-21
  2.6460e+02     1.885365e-21
  2.6480e+02     1.715095e-21
  2.6500e+02     1.559940e-21
  2.6520e+02     1.418580e-21
  2.6540e+02     1.289810e-21
  2.6560e+02     1.172530e-21
  2.6580e+02     1.065730e-21
  2.6600e+02     9.684921e-22
  2.6620e+02     8.799739e-22
  2.6640e+02     7.994075e-22
  2.6660e+02     7.260910e-22
  2.6680e+02     6.593834e-22
  2.6700e+02     5.986994e-22
  2.6720e+02     5.435044e-22
  2.6740e+02     4.933107e-22
  2.6760e+02     4.476731e-22
  2.6780e+02     4.061851e-22
  2.6800e+02     3.684761e-22
  2.6820e+02     3.342078e-22
  2.6840e+02     3.030718e-22
  2.6860e+02     2.747868e-22
  2.6880e+02     2.490963e-22
  2.6900e+02     2.257664e-22
  2.6920e+02     2.045841e-22
  2.6940e+02     1.853550e-22
  2.6960e+02     1.679023e-22
  2.6980e+02     1.520646e-22
  2.7000e+02     1.376952e-22
  2.7020e+02     1.246603e-22
  2.7040e+02     1.128382e-22
  2.7060e+02     1.021179e-22
  2.7080e+02     9.239862e-23
  2.7100e+02     8.358846e-23
  2.7120e+02     7.560389e-23
  2.7140e+02     6.836890e-23
  2.7160e+02     6.181435e-23
  2.7180e+02     5.587736e-23
  2.7200e+02     5.050077e-23
  2.7220e+02     4.563261e-23
  2.7240e+02     4.122564e-23
  2.7260e+02     3.723693e-23
  2.7280e+02     3.362748e-23
  2.7300e+02     3.036186e-23
  2.7320e+02     2.740790e-23
  2.7340e+02     2.473637e-23
  2.7360e+02     2.232074e-23
  2.7380e+02     2.013693e-23
  2.7400e+02     1.816309e-23
  2.7420e+02     1.637937e-23
  2.7440e+02     1.476780e-23
  2.7460e+02     1.331204e-23
  2.7480e+02     1.199730e-23
  2.7500e+02     1.081015e-23
  2.7520e+02     9.738439e-24
  2.7540e+02     8.771131e-24
  2.7560e+02     7.898237e-24
  2.7580e+02     7.110702e-24
  2.7600e+02     6.400328e-24
  2.7620e+02     5.759687e-24
  2.7640e+02     5.182055e-24
  2.7660e+02     4.661344e-24
  2.7680e+02     4.192045e-24
  2.7700e+02     3.769170e-24
  2.7720e+02     3.388208e-24
  2.7740e+02     3.045079e-24
  2.7760e+02     2.736093e-24
  2.7780e+02     2.457911e-24
  2.7800e+02     2.207517e-24
  2.7820e+02     1.982185e-24
  2.7840e+02     1.779451e-24
  2.7860e+02     1.597088e-24
  2.7880e+02     1.433087e-24
  2.7900e+02     1.285631e-24
  2.7920e+02     1.153080e-24
  2.7940e+02     1.033955e-24
  2.7960e+02     9.269206e-25
  2.7980e+02     8.307709e-25
  2.8000e+02     7.444189e-25
  2.8020e+02     6.668842e-25
  2.8040e+02     5.972824e-25
  2.8060e+02     5.348163e-25
  2.8080e+02     4.787676e-25
  2.8100e+02     4.284888e-25
  2.8120e+02     3.833965e-25
  2.8140e+02     3.429652e-25
  2.8160e+02     3.067219e-25
  2.8180e+02     2.742406e-25
  2.8200e+02     2.451377e-25
  2.8220e+02     2.190682e-25
  2.8240e+02     1.957217e-25
  2.8260e+02     1.748188e-25
  2.8280e+02     1.561084e-25
  2.8300e+02     1.393647e-25
  2.8320e+02     1.243847e-25
  2.8340e+02     1.109859e-25
  2.8360e+02     9.900460e-26
  2.8380e+02     8.829342e-26
  2.8400e+02     7.872020e-26
  2.8420e+02     7.016625e-26
  2.8440e+02     6.252501e-26
  2.8460e+02     5.570088e-26
  2.8480e+02     4.960807e-26
  2.8500e+02     4.416963e-26
  2.8520e+02     3.931659e-26
  2.8540e+02     3.498707e-26
  2.8560e+02     3.112564e-26
  2.8580e+02     2.768262e-26
  2.8600e+02     2.461350e-26
  2.8620e+02     2.187843e-26
  2.8640e+02     1.944172e-26
  2.8660e+02     1.727143e-26
  2.8680e+02     1.533895e-26
  2.8700e+02     1.361873e-26
  2.8720e+02     1.208786e-26
  2.8740e+02     1.072591e-26
  2.8760e+02     9.514573e-27
  2.8780e+02     8.437506e-27
  2.8800e+02     7.480104e-27
  2.8820e+02     6.629321e-27
  2.8840e+02     5.873504e-27
  2.8860e+02     5.202253e-27
  2.8880e+02     4.606283e-27
  2.8900e+02     4.077310e-27
  2.8920e+02     3.607944e-27
  2.8940e+02     3.191595e-27
  2.8960e+02     2.822387e-27
  2.8980e+02     2.495085e-27
  2.9000e+02     2.205022e-27
  2.9020e+02     1.948041e-27
  2.9040e+02     1.720442e-27
  2.9060e+02     1.518928e-27
  2.9080e+02     1.340568e-27
  2.9100e+02     1.182752e-27
  2.9120e+02     1.043159e-27
  2.9140e+02     9.197259e-28
  2.9160e+02     8.106171e-28
  2.9180e+02     7.142027e-28
  2.9200e+02     6.290343e-28
  2.9220e+02     5.538256e-28
  2.9240e+02     4.874346e-28
  2.9260e+02     4.288474e-28
  2.9280e+02     3.771649e-28
  2.9300e+02     3.315890e-28
  2.9320e+02     2.914125e-28
  2.9340e+02     2.560083e-28
  2.9360e+02     2.248206e-28
  2.9380e+02     1.973572e-28
  2.9400e+02     1.731821e-28
  2.9420e+02     1.519095e-28
  2.9440e+02     1.331979e-28
  2.9460e+02     1.167450e-28
  2.9480e+02     1.022836e-28
  2.9500e+02     8.957757e-29
  2.9520e+02     7.841809e-29
  2.9540e+02     6.862072e-29
  2.9560e+02     6.002256e-29
  2.9580e+02     5.247981e-29
  2.9600e+02     4.586556e-29
  2.9620e+02     4.006784e-29
  2.9640e+02     3.498791e-29
  2.9660e+02     3.053875e-29
  2.9680e+02     2.664363e-29
  2.9700e+02     2.323499e-29
  2.9720e+02     2.025334e-29
  2.9740e+02     1.764629e-29
  2.9760e+02     1.536778e-29
  2.9780e+02     1.337726e-29
  2.9800e+02     1.163910e-29
  2.9820e+02     1.012199e-29
  2.9840e+02     8.798399e-30
  2.9860e+02     7.644176e-30
  2.9880e+02     6.638109e-30
  2.9900e+02     5.761588e-30
  2.9920e+02     4.998292e-30
  2.9940e+02     4.333911e-30
  2.9960e+02     3.755905e-30
  2.9980e+02     3.253288e-30
  3.0000e+02     2.816444e-30
  3.0020e+02     2.436954e-30
  3.0040e+02     2.107454e-30
  3.0060e+02     1.821505e-30
  3.0080e+02     1.573479e-30
  3.0100e+02     1.358459e-30
  3.0120e+02     1.172152e-30
  3.0140e+02     1.010810e-30
  3.0160e+02     8.711639e-31
  3.0180e+02     7.503627e-31
  3.0200e+02     6.459218e-31
  3.0220e+02     5.556765e-31
  3.0240e+02     4.777422e-31
  3.0260e+02     4.104786e-31
  3.0280e+02     3.524589e-31
  3.0300e+02     3.024427e-31
  3.0320e+02     2.593522e-31
  3.0340e+02     2.222513e-31
  3.0360e+02     1.903274e-31
  3.0380e+02     1.628756e-31
  3.0400e+02     1.392846e-31
  3.0420e+02     1.190249e-31
  3.0440e+02     1.016375e-31
  3.0460e+02     8.672530e-32
  3.0480e+02     7.394482e-32
  3.0500e+02     6.299898e-32
  3.0520e+02     5.363109e-32
  3.0540e+02     4.561949e-32
  3.0560e+02     3.877287e-32
  3.0580e+02     3.292623e-32
  3.0600e+02     2.793734e-32
  3.0620e+02     2.368368e-32
  3.0640e+02     2.005978e-32
  3.0660e+02     1.697491e-32
  3.0680e+02     1.435107e-32
  3.0700e+02     1.212124e-32
  3.0720e+02     1.022789e-32
  3.0740e+02     8.621652e-33
  3.0760e+02     7.260223e-33
  3.0780e+02     6.107351e-33
  3.0800e+02     5.132005e-33
  3.0820e+02     4.307645e-33
  3.0840e+02     3.611584e-33
  3.0860e+02     3.024449e-33
  3.0880e+02     2.529706e-33
  3.0900e+02     2.113260e-33
  3.0920e+02     1.763101e-33
  3.0940e+02     1.468986e-33
  3.0960e+02     1.222195e-33
  3.0980e+02     1.015399e-33
  3.1000e+02     8.423416e-34
  3.1020e+02     6.977050e-34
  3.1040e+02     5.769800e-34
  3.1060e+02     4.763491e-34
  3.1080e+02     3.925847e-34
  3.1100e+02     3.229602e-34
  3.1120e+02     2.651752e-34
  3.1140e+02     2.172908e-34
  3.1160e+02     1.776747e-34
  3.1180e+02     1.449543e-34
  3.1200e+02     1.179766e-34
  3.1220e+02     9.577445e-35
  3.1240e+02     7.753762e-35
  3.1260e+02     6.258807e-35
  3.1280e+02     5.035925e-35
  3.1300e+02     4.037839e-35
  3.1320e+02     3.225157e-35
  3.1340e+02     2.565107e-35
  3.1360e+02     2.030461e-35
  3.1380e+02     1.598642e-35
  3.1400e+02     1.250954e-35
  3.1420e+02     9.719478e-36
  3.1440e+02     7.488767e-36
  3.1460e+02     5.712471e-36
  3.1480e+02     4.304371e-36
  3.1500e+02     3.193792e-36
  3.1520e+02     2.322940e-36
  3.1540e+02     1.644693e-36
  3.1560e+02     1.120764e-36
  3.1580e+02     7.202024e-37
  3.1600e+02     4.182302e-37
  3.1620e+02     1.956023e-37
  3.1640e+02     5.661831e-38
  3.1660e+02     1.497091e-38
  3.1680e+02     3.958581e-39
  3.1700e+02     1.046721e-39
  3.1720e+02     2.767721e-40
  3.1740e+02     7.318357e-41
  3.1760e+02     1.935107e-41
  3.1780e+02     5.116774e-42
  3.1800e+02     1.352968e-42
  3.1820e+02     3.577494e-43
  3.1840e+02     9.459546e-44
  3.1860e+02     2.501276e-44
  3.1880e+02     6.613829e-45
  3.1900e+02     1.748817e-45
  3.1920e+02     4.624190e-46
  3.1940e+02     1.222720e-46
  3.1960e+02     3.233094e-47
  3.1980e+02     8.548888e-48
  3.2000e+02     2.260482e-48
  3.2020e+02     5.977125e-49
  3.2040e+02     1.580461e-49
  3.2060e+02     4.179025e-50
  3.2080e+02     1.105010e-50
  3.2100e+02     2.921848e-51
  3.2120e+02     7.725899e-52
  3.2140e+02     2.042868e-52
  3.2160e+02     5.401715e-53
  3.2180e+02     1.428312e-53
  3.2200e+02     3.776716e-54
  3.2220e+02     9.986325e-55
  3.2240e+02     2.640566e-55
  3.2260e+02     6.982137e-56
  3.2280e+02     1.846204e-56
  3.2300e+02     4.881699e-57
  3.2320e+02     1.290810e-57
  3.2340e+02     3.413137e-58
  3.2360e+02     9.024955e-59
  3.2380e+02     2.386362e-59
  3.2400e+02     6.309976e-60
  3.2420e+02     1.668472e-60
  3.2440e+02     4.411745e-61
  3.2460e+02     1.166546e-61
  3.2480e+02     3.084559e-62
  3.2500e+02     8.156135e-63
  3.2520e+02     2.156630e-63
  3.2540e+02     5.702523e-64
  3.2560e+02     1.507851e-64
  3.2580e+02     3.987032e-65
  3.2600e+02     1.054244e-65
  3.2620e+02     2.787613e-66
  3.2640e+02     7.370955e-67
  3.2660e+02     1.949015e-67
  3.2680e+02     5.153549e-68
  3.2700e+02     1.362692e-68
  3.2720e+02     3.603206e-69
  3.2740e+02     9.527533e-70
  3.2760e+02     2.519253e-70
  3.2780e+02     6.661363e-71
  3.2800e+02     1.761386e-71
  3.2820e+02     4.657424e-72
  3.2840e+02     1.231508e-72
  3.2860e+02     3.256330e-73
  3.2880e+02     8.610330e-74
  3.2900e+02     2.276728e-74
  3.2920e+02     6.020083e-75
  3.2940e+02     1.591819e-75
  3.2960e+02     4.209060e-76
  3.2980e+02     1.112952e-76
  3.3000e+02     2.942848e-77
  3.3020e+02     7.781425e-78
  3.3040e+02     2.057550e-78
  3.3060e+02     5.440538e-79
  3.3080e+02     1.438577e-79
  3.3100e+02     3.803860e-80
  3.3120e+02     1.005810e-80
  3.3140e+02     2.659544e-81
  3.3160e+02     7.032318e-82
  3.3180e+02     1.859473e-82
  3.3200e+02     4.916785e-83
  3.3220e+02     1.300087e-83
  3.3240e+02     3.437667e-84
  3.3260e+02     9.089818e-85
  3.3280e+02     2.403513e-85
  3.3300e+02     6.355327e-86
  3.3320e+02     1.680464e-86
  3.3340e+02     4.443453e-87
  3.3360e+02     1.174930e-87
  3.3380e+02     3.106728e-88
  3.3400e+02     8.214754e-89
  3.3420e+02     2.172130e-89
  3.3440e+02     5.743508e-90
  3.3460e+02     1.518688e-90
  3.3480e+02     4.015687e-91
  3.3500e+02     1.061821e-91
  3.3520e+02     2.807648e-92
  3.3540e+02     7.423931e-93
  3.3560e+02     1.963022e-93
  3.3580e+02     5.190588e-94
  3.3600e+02     1.372486e-94
  3.3620e+02     3.629103e-95
  3.3640e+02     9.596008e-96
  3.3660e+02     2.537359e-96
  3.3680e+02     6.709239e-97
  3.3700e+02     1.774045e-97
  3.3720e+02     4.690898e-98
  3.3740e+02     1.240359e-98
  3.3760e+02     3.279734e-99
  3.3780e+02     8.672214e-100
  3.3800e+02     2.293091e-100
  3.3820e+02     6.063350e-101
  3.3840e+02     1.603260e-101
  3.3860e+02     4.239311e-102
  3.3880e+02     1.120951e-102
  3.3900e+02     2.963999e-103
  3.3920e+02     7.837351e-104
  3.3940e+02     2.072338e-104
  3.3960e+02     5.479640e-105
  3.3980e+02     1.448916e-105
  3.4000e+02     3.831199e-106
  3.4020e+02     1.013039e-106
  3.4040e+02     2.678658e-107
  3.4060e+02     7.082860e-108
  3.4080e+02     1.872837e-108
  3.4100e+02     4.952122e-109
  3.4120e+02     1.309431e-109
  3.4140e+02     3.462374e-110
  3.4160e+02     9.155148e-111
  3.4180e+02     2.420788e-111
  3.4200e+02     6.401003e-112
  3.4220e+02     1.692542e-112
  3.4240e+02     4.475388e-113
  3.4260e+02     1.183374e-113
  3.4280e+02     3.129056e-114
  3.4300e+02     8.273794e-115
  3.4320e+02     2.187742e-115
  3.4340e+02     5.784787e-116
  3.4360e+02     1.529603e-116
  3.4380e+02     4.044549e-117
  3.4400e+02     1.069452e-117
  3.4420e+02     2.827826e-118
  3.4440e+02     7.477288e-119
  3.4460e+02     1.977131e-119
  3.4480e+02     5.227894e-120
  3.4500e+02     1.382350e-120
  3.4520e+02     3.655186e-121
  3.4540e+02     9.664976e-122
  3.4560e+02     2.555595e-122
  3.4580e+02     6.757459e-123
  3.4600e+02     1.786795e-123
  3.4620e+02     4.724612e-124
  3.4640e+02     1.249273e-124
  3.4660e+02     3.303306e-125
  3.4680e+02     8.734542e-126
  3.4700e+02     2.309572e-126
  3.4720e+02     6.106928e-127
  3.4740e+02     1.614783e-127
  3.4760e+02     4.269780e-128
  3.4780e+02     1.129007e-128
  3.4800e+02     2.985301e-129
  3.4820e+02     7.893679e-130
  3.4840e+02     2.087232e-130
  3.4860e+02     5.519022e-131
  3.4880e+02     1.459330e-131
  3.4900e+02     3.858734e-132
  3.4920e+02     1.020319e-132
  3.4940e+02     2.697910e-133
  3.4960e+02     7.133766e-134
  3.4980e+02     1.886297e-134
  3.5000e+02     4.987714e-135
  3.5020e+02     1.318842e-135
  3.5040e+02     3.487259e-136
  3.5060e+02     9.220947e-137
  3.5080e+02     2.438186e-137
  3.5100e+02     6.447008e-138
  3.5120e+02     1.704706e-138
  3.5140e+02     4.507553e-139
  3.5160e+02     1.191879e-139
  3.5180e+02     3.151545e-140
  3.5200e+02     8.333259e-141
  3.5220e+02     2.203465e-141
  3.5240e+02     5.826363e-142
  3.5260e+02     1.540596e-142
  3.5280e+02     4.073617e-143
  3.5300e+02     1.077139e-143
  3.5320e+02     2.848150e-144
  3.5340e+02     7.531028e-145
  3.5360e+02     1.991341e-145
  3.5380e+02     5.265467e-146
  3.5400e+02     1.392285e-146
  3.5420e+02     3.681456e-147
  3.5440e+02     9.734439e-148
  3.5460e+02     2.573963e-148
  3.5480e+02     6.806026e-149
  3.5500e+02     1.799637e-149
  3.5520e+02     4.758568e-150
  3.5540e+02     1.258252e-150
  3.5560e+02     3.327047e-151
  3.5580e+02     8.797318e-152
  3.5600e+02     2.326171e-152
  3.5620e+02     6.150819e-153
  3.5640e+02     1.626388e-153
  3.5660e+02     4.300467e-154
  3.5680e+02     1.137122e-154
  3.5700e+02     3.006757e-155
  3.5720e+02     7.950412e-156
  3.5740e+02     2.102234e-156
  3.5760e+02     5.558688e-157
  3.5780e+02     1.469818e-157
  3.5800e+02     3.886467e-158
  3.5820e+02     1.027653e-158
  3.5840e+02     2.717300e-159
  3.5860e+02     7.185037e-160
  3.5880e+02     1.899854e-160
  3.5900e+02     5.023561e-161
  3.5920e+02     1.328321e-161
  3.5940e+02     3.512322e-162
  3.5960e+02     9.287219e-163
  3.5980e+02     2.455710e-163
