# Epidemic | 7 days incidence [ x-unit: days | y-unit: per 100000 ]
  0.0000e+00     3.618006e+02
  2.0000e-01     3.595290e+02
  4.0000e-01     3.572819e+02
  6.0000e-01     3.550588e+02
  8.0000e-01     3.528596e+02
  1.0000e+00     3.506839e+02
  1.2000e+00     3.485317e+02
  1.4000e+00     3.464027e+02
  1.6000e+00     3.442966e+02
  1.8000e+00     3.422131e+02
  2.0000e+00     3.401522e+02
  2.2000e+00     3.381135e+02
  2.4000e+00     3.360969e+02
  2.6000e+00     3.341021e+02
  2.8000e+00     3.321288e+02
  3.0000e+00     3.301770e+02
  3.2000e+00     3.282464e+02
  3.4000e+00     3.263367e+02
  3.6000e+00     3.244478e+02
  3.8000e+00     3.225795e+02
  4.0000e+00     3.207315e+02
  4.2000e+00     3.189037e+02
  4.4000e+00     3.170958e+02
  4.6000e+00     3.153077e+02
  4.8000e+00     3.135392e+02
  5.0000e+00     3.117900e+02
  5.2000e+00     3.100600e+02
  5.4000e+00     3.083490e+02
  5.6000e+00     3.066568e+02
  5.8000e+00     3.049833e+02
  6.0000e+00     3.033281e+02
  6.2000e+00     3.016912e+02
  6.4000e+00     3.000724e+02
  6.6000e+00     2.984715e+02
  6.8000e+00     2.968883e+02
  7.0000e+00     2.953227e+02
  7.2000e+00     2.941690e+02
  7.4000e+00     2.930672e+02
  7.6000e+00     2.919730e+02
  7.8000e+00     2.908863e+02
  8.0000e+00     2.898072e+02
  8.2000e+00     2.887355e+02
  8.4000e+00     2.876713e+02
  8.6000e+00     2.866145e+02
  8.8000e+00     2.855652e+02
  9.0000e+00     2.845232e+02
  9.2000e+00     2.834885e+02
  9.4000e+00     2.824612e+02
  9.6000e+00     2.814412e+02
  9.8000e+00     2.804285e+02
  1.0000e+01     2.794230e+02
  1.0200e+01     2.784247e+02
  1.0400e+01     2.774336e+02
  1.0600e+01     2.764496e+02
  1.0800e+01     2.754728e+02
  1.1000e+01     2.745031e+02
  1.1200e+01     2.735405e+02
  1.1400e+01     2.725849e+02
  1.1600e+01     2.716364e+02
  1.1800e+01     2.706948e+02
  1.2000e+01     2.697602e+02
  1.2200e+01     2.688326e+02
  1.2400e+01     2.679118e+02
  1.2600e+01     2.669979e+02
  1.2800e+01     2.660909e+02
  1.3000e+01     2.651907e+02
  1.3200e+01     2.642972e+02
  1.3400e+01     2.634106e+02
  1.3600e+01     2.625307e+02
  1.3800e+01     2.616575e+02
  1.4000e+01     2.607909e+02
  1.4200e+01     2.599310e+02
  1.4400e+01     2.590777e+02
  1.4600e+01     2.582311e+02
  1.4800e+01     2.573909e+02
  1.5000e+01     2.565573e+02
  1.5200e+01     2.557302e+02
  1.5400e+01     2.549096e+02
  1.5600e+01     2.540955e+02
  1.5800e+01     2.532877e+02
  1.6000e+01     2.524863e+02
  1.6200e+01     2.516913e+02
  1.6400e+01     2.509026e+02
  1.6600e+01     2.501202e+02
  1.6800e+01     2.493441e+02
  1.7000e+01     2.485742e+02
  1.7200e+01     2.478105e+02
  1.7400e+01     2.470530e+02
  1.7600e+01     2.463017e+02
  1.7800e+01     2.455565e+02
  1.8000e+01     2.448174e+02
  1.8200e+01     2.440843e+02
  1.8400e+01     2.433573e+02
  1.8600e+01     2.426363e+02
  1.8800e+01     2.419212e+02
  1.9000e+01     2.412122e+02
  1.9200e+01     2.405090e+02
  1.9400e+01     2.398117e+02
  1.9600e+01     2.391203e+02
  1.9800e+01     2.384347e+02
  2.0000e+01     2.377550e+02
  2.0200e+01     2.370810e+02
  2.0400e+01     2.364127e+02
  2.0600e+01     2.357502e+02
  2.0800e+01     2.350934e+02
  2.1000e+01     2.344422e+02
  2.1200e+01     2.336237e+02
  2.1400e+01     2.327963e+02
  2.1600e+01     2.319794e+02
  2.1800e+01     2.311730e+02
  2.2000e+01     2.303769e+02
  2.2200e+01     2.295911e+02
  2.2400e+01     2.288155e+02
  2.2600e+01     2.280500e+02
  2.2800e+01     2.272945e+02
  2.3000e+01     2.265490e+02
  2.3200e+01     2.258133e+02
  2.3400e+01     2.250874e+02
  2.3600e+01     2.243712e+02
  2.3800e+01     2.236646e+02
  2.4000e+01     2.229675e+02
  2.4200e+01     2.222799e+02
  2.4400e+01     2.216018e+02
  2.4600e+01     2.209329e+02
  2.4800e+01     2.202733e+02
  2.5000e+01     2.196228e+02
  2.5200e+01     2.189815e+02
  2.5400e+01     2.183492e+02
  2.5600e+01     2.177259e+02
  2.5800e+01     2.171115e+02
  2.6000e+01     2.165059e+02
  2.6200e+01     2.159091e+02
  2.6400e+01     2.153210e+02
  2.6600e+01     2.147415e+02
  2.6800e+01     2.141706e+02
  2.7000e+01     2.136082e+02
  2.7200e+01     2.130543e+02
  2.7400e+01     2.125088e+02
  2.7600e+01     2.119716e+02
  2.7800e+01     2.114427e+02
  2.8000e+01     2.109220e+02
  2.8200e+01     2.104094e+02
  2.8400e+01     2.099050e+02
  2.8600e+01     2.094086e+02
  2.8800e+01     2.089203e+02
  2.9000e+01     2.084398e+02
  2.9200e+01     2.079673e+02
  2.9400e+01     2.075026e+02
  2.9600e+01     2.070457e+02
  2.9800e+01     2.065966e+02
  3.0000e+01     2.061551e+02
  3.0200e+01     2.057213e+02
  3.0400e+01     2.052950e+02
  3.0600e+01     2.048763e+02
  3.0800e+01     2.044652e+02
  3.1000e+01     2.040614e+02
  3.1200e+01     2.036651e+02
  3.1400e+01     2.032762e+02
  3.1600e+01     2.028946e+02
  3.1800e+01     2.025202e+02
  3.2000e+01     2.021531e+02
  3.2200e+01     2.017932e+02
  3.2400e+01     2.014405e+02
  3.2600e+01     2.010949e+02
  3.2800e+01     2.007564e+02
  3.3000e+01     2.004249e+02
  3.3200e+01     2.001004e+02
  3.3400e+01     1.997829e+02
  3.3600e+01     1.994723e+02
  3.3800e+01     1.991686e+02
  3.4000e+01     1.988718e+02
  3.4200e+01     1.985818e+02
  3.4400e+01     1.982986e+02
  3.4600e+01     1.980222e+02
  3.4800e+01     1.977525e+02
  3.5000e+01     1.974895e+02
  3.5200e+01     1.972332e+02
  3.5400e+01     1.969835e+02
  3.5600e+01     1.967404e+02
  3.5800e+01     1.965039e+02
  3.6000e+01     1.962740e+02
  3.6200e+01     1.960506e+02
  3.6400e+01     1.958336e+02
  3.6600e+01     1.956232e+02
  3.6800e+01     1.954192e+02
  3.7000e+01     1.952216e+02
  3.7200e+01     1.950304e+02
  3.7400e+01     1.948456e+02
  3.7600e+01     1.946671e+02
  3.7800e+01     1.944949e+02
  3.8000e+01     1.943291e+02
  3.8200e+01     1.941695e+02
  3.8400e+01     1.940162e+02
  3.8600e+01     1.938691e+02
  3.8800e+01     1.937283e+02
  3.9000e+01     1.935936e+02
  3.9200e+01     1.934652e+02
  3.9400e+01     1.933429e+02
  3.9600e+01     1.932267e+02
  3.9800e+01     1.931167e+02
  4.0000e+01     1.930127e+02
  4.0200e+01     1.929149e+02
  4.0400e+01     1.928231e+02
  4.0600e+01     1.927374e+02
  4.0800e+01     1.926578e+02
  4.1000e+01     1.925842e+02
  4.1200e+01     1.925166e+02
  4.1400e+01     1.924550e+02
  4.1600e+01     1.923994e+02
  4.1800e+01     1.923498e+02
  4.2000e+01     1.923062e+02
  4.2200e+01     1.922685e+02
  4.2400e+01     1.922368e+02
  4.2600e+01     1.922110e+02
  4.2800e+01     1.921911e+02
  4.3000e+01     1.921772e+02
  4.3200e+01     1.921692e+02
  4.3400e+01     1.921671e+02
  4.3600e+01     1.921708e+02
  4.3800e+01     1.921805e+02
  4.4000e+01     1.921961e+02
  4.4200e+01     1.922175e+02
  4.4400e+01     1.922448e+02
  4.4600e+01     1.922780e+02
  4.4800e+01     1.923170e+02
  4.5000e+01     1.923619e+02
  4.5200e+01     1.924127e+02
  4.5400e+01     1.924693e+02
  4.5600e+01     1.925318e+02
  4.5800e+01     1.926001e+02
  4.6000e+01     1.926742e+02
  4.6200e+01     1.927542e+02
  4.6400e+01     1.928400e+02
  4.6600e+01     1.929317e+02
  4.6800e+01     1.930293e+02
  4.7000e+01     1.931326e+02
  4.7200e+01     1.932419e+02
  4.7400e+01     1.933569e+02
  4.7600e+01     1.934778e+02
  4.7800e+01     1.936046e+02
  4.8000e+01     1.937372e+02
  4.8200e+01     1.938757e+02
  4.8400e+01     1.940201e+02
  4.8600e+01     1.941703e+02
  4.8800e+01     1.943264e+02
  4.9000e+01     1.944884e+02
  4.9200e+01     1.946562e+02
  4.9400e+01     1.948299e+02
  4.9600e+01     1.950096e+02
  4.9800e+01     1.951951e+02
  5.0000e+01     1.953866e+02
  5.0200e+01     1.955840e+02
  5.0400e+01     1.957873e+02
  5.0600e+01     1.959965e+02
  5.0800e+01     1.962117e+02
  5.1000e+01     1.964328e+02
  5.1200e+01     1.966599e+02
  5.1400e+01     1.968930e+02
  5.1600e+01     1.971321e+02
  5.1800e+01     1.973772e+02
  5.2000e+01     1.976283e+02
  5.2200e+01     1.978854e+02
  5.2400e+01     1.981486e+02
  5.2600e+01     1.984178e+02
  5.2800e+01     1.986930e+02
  5.3000e+01     1.989744e+02
  5.3200e+01     1.992619e+02
  5.3400e+01     1.995554e+02
  5.3600e+01     1.998551e+02
  5.3800e+01     2.001610e+02
  5.4000e+01     2.004730e+02
  5.4200e+01     2.007911e+02
  5.4400e+01     2.011155e+02
  5.4600e+01     2.014461e+02
  5.4800e+01     2.017829e+02
  5.5000e+01     2.021260e+02
  5.5200e+01     2.024754e+02
  5.5400e+01     2.028310e+02
  5.5600e+01     2.031929e+02
  5.5800e+01     2.035612e+02
  5.6000e+01     2.039359e+02
  5.6200e+01     2.043169e+02
  5.6400e+01     2.047043e+02
  5.6600e+01     2.050981e+02
  5.6800e+01     2.054984e+02
  5.7000e+01     2.059052e+02
  5.7200e+01     2.063184e+02
  5.7400e+01     2.067382e+02
  5.7600e+01     2.071645e+02
  5.7800e+01     2.075973e+02
  5.8000e+01     2.080368e+02
  5.8200e+01     2.084829e+02
  5.8400e+01     2.089356e+02
  5.8600e+01     2.093951e+02
  5.8800e+01     2.098612e+02
  5.9000e+01     2.103340e+02
  5.9200e+01     2.108136e+02
  5.9400e+01     2.113001e+02
  5.9600e+01     2.117933e+02
  5.9800e+01     2.122934e+02
  6.0000e+01     2.128003e+02
  6.0200e+01     2.133142e+02
  6.0400e+01     2.138350e+02
  6.0600e+01     2.143628e+02
  6.0800e+01     2.148977e+02
  6.1000e+01     2.154395e+02
  6.1200e+01     2.159885e+02
  6.1400e+01     2.165445e+02
  6.1600e+01     2.171077e+02
  6.1800e+01     2.176781e+02
  6.2000e+01     2.182557e+02
  6.2200e+01     2.188406e+02
  6.2400e+01     2.194327e+02
  6.2600e+01     2.200322e+02
  6.2800e+01     2.206391e+02
  6.3000e+01     2.212534e+02
  6.3200e+01     2.218751e+02
  6.3400e+01     2.225043e+02
  6.3600e+01     2.231410e+02
  6.3800e+01     2.237853e+02
  6.4000e+01     2.244372e+02
  6.4200e+01     2.250968e+02
  6.4400e+01     2.257640e+02
  6.4600e+01     2.264390e+02
  6.4800e+01     2.271217e+02
  6.5000e+01     2.278123e+02
  6.5200e+01     2.285108e+02
  6.5400e+01     2.292171e+02
  6.5600e+01     2.299314e+02
  6.5800e+01     2.306538e+02
  6.6000e+01     2.313841e+02
  6.6200e+01     2.321226e+02
  6.6400e+01     2.328692e+02
  6.6600e+01     2.336240e+02
  6.6800e+01     2.343870e+02
  6.7000e+01     2.351583e+02
  6.7200e+01     2.359380e+02
  6.7400e+01     2.367261e+02
  6.7600e+01     2.375226e+02
  6.7800e+01     2.383275e+02
  6.8000e+01     2.391411e+02
  6.8200e+01     2.399632e+02
  6.8400e+01     2.407940e+02
  6.8600e+01     2.416335e+02
  6.8800e+01     2.424817e+02
  6.9000e+01     2.433387e+02
  6.9200e+01     2.442046e+02
  6.9400e+01     2.450795e+02
  6.9600e+01     2.459633e+02
  6.9800e+01     2.468562e+02
  7.0000e+01     2.477581e+02
  7.0200e+01     2.486692e+02
  7.0400e+01     2.495895e+02
  7.0600e+01     2.505191e+02
  7.0800e+01     2.514581e+02
  7.1000e+01     2.524064e+02
  7.1200e+01     2.533641e+02
  7.1400e+01     2.543314e+02
  7.1600e+01     2.553083e+02
  7.1800e+01     2.562948e+02
  7.2000e+01     2.572910e+02
  7.2200e+01     2.582970e+02
  7.2400e+01     2.593128e+02
  7.2600e+01     2.603385e+02
  7.2800e+01     2.613742e+02
  7.3000e+01     2.624199e+02
  7.3200e+01     2.634757e+02
  7.3400e+01     2.645417e+02
  7.3600e+01     2.656180e+02
  7.3800e+01     2.667045e+02
  7.4000e+01     2.678014e+02
  7.4200e+01     2.689088e+02
  7.4400e+01     2.700266e+02
  7.4600e+01     2.711551e+02
  7.4800e+01     2.722942e+02
  7.5000e+01     2.734441e+02
  7.5200e+01     2.746048e+02
  7.5400e+01     2.757763e+02
  7.5600e+01     2.769588e+02
  7.5800e+01     2.781524e+02
  7.6000e+01     2.793570e+02
  7.6200e+01     2.805729e+02
  7.6400e+01     2.818000e+02
  7.6600e+01     2.830384e+02
  7.6800e+01     2.842883e+02
  7.7000e+01     2.855497e+02
  7.7200e+01     2.868227e+02
  7.7400e+01     2.881073e+02
  7.7600e+01     2.894036e+02
  7.7800e+01     2.907118e+02
  7.8000e+01     2.920319e+02
  7.8200e+01     2.933640e+02
  7.8400e+01     2.947082e+02
  7.8600e+01     2.960645e+02
  7.8800e+01     2.974330e+02
  7.9000e+01     2.988139e+02
  7.9200e+01     3.002073e+02
  7.9400e+01     3.016131e+02
  7.9600e+01     3.030315e+02
  7.9800e+01     3.044626e+02
  8.0000e+01     3.059064e+02
  8.0200e+01     3.073632e+02
  8.0400e+01     3.088328e+02
  8.0600e+01     3.103155e+02
  8.0800e+01     3.118114e+02
  8.1000e+01     3.133205e+02
  8.1200e+01     3.148429e+02
  8.1400e+01     3.163787e+02
  8.1600e+01     3.179280e+02
  8.1800e+01     3.194909e+02
  8.2000e+01     3.210675e+02
  8.2200e+01     3.226579e+02
  8.2400e+01     3.242622e+02
  8.2600e+01     3.258804e+02
  8.2800e+01     3.275128e+02
  8.3000e+01     3.291593e+02
  8.3200e+01     3.308202e+02
  8.3400e+01     3.324954e+02
  8.3600e+01     3.341851e+02
  8.3800e+01     3.358893e+02
  8.4000e+01     3.376083e+02
  8.4200e+01     3.393421e+02
  8.4400e+01     3.410907e+02
  8.4600e+01     3.428544e+02
  8.4800e+01     3.446331e+02
  8.5000e+01     3.464271e+02
  8.5200e+01     3.482363e+02
  8.5400e+01     3.500610e+02
  8.5600e+01     3.519012e+02
  8.5800e+01     3.537570e+02
  8.6000e+01     3.556286e+02
  8.6200e+01     3.575160e+02
  8.6400e+01     3.594193e+02
  8.6600e+01     3.613388e+02
  8.6800e+01     3.632744e+02
  8.7000e+01     3.652263e+02
  8.7200e+01     3.671945e+02
  8.7400e+01     3.691793e+02
  8.7600e+01     3.711807e+02
  8.7800e+01     3.731989e+02
  8.8000e+01     3.752338e+02
  8.8200e+01     3.772858e+02
  8.8400e+01     3.793548e+02
  8.8600e+01     3.814410e+02
  8.8800e+01     3.835445e+02
  8.9000e+01     3.856654e+02
  8.9200e+01     3.878038e+02
  8.9400e+01     3.899599e+02
  8.9600e+01     3.921338e+02
  8.9800e+01     3.943255e+02
  9.0000e+01     3.965352e+02
  9.0200e+01     3.987631e+02
  9.0400e+01     4.010092e+02
  9.0600e+01     4.032736e+02
  9.0800e+01     4.055565e+02
  9.1000e+01     4.078580e+02
  9.1200e+01     4.101782e+02
  9.1400e+01     4.125173e+02
  9.1600e+01     4.148753e+02
  9.1800e+01     4.172524e+02
  9.2000e+01     4.196486e+02
  9.2200e+01     4.220642e+02
  9.2400e+01     4.244992e+02
  9.2600e+01     4.269538e+02
  9.2800e+01     4.294280e+02
  9.3000e+01     4.319221e+02
  9.3200e+01     4.344360e+02
  9.3400e+01     4.369700e+02
  9.3600e+01     4.395242e+02
  9.3800e+01     4.420987e+02
  9.4000e+01     4.446936e+02
  9.4200e+01     4.473090e+02
  9.4400e+01     4.499450e+02
  9.4600e+01     4.526019e+02
  9.4800e+01     4.552796e+02
  9.5000e+01     4.579784e+02
  9.5200e+01     4.606983e+02
  9.5400e+01     4.634395e+02
  9.5600e+01     4.662021e+02
  9.5800e+01     4.689862e+02
  9.6000e+01     4.717919e+02
  9.6200e+01     4.746194e+02
  9.6400e+01     4.774687e+02
  9.6600e+01     4.803401e+02
  9.6800e+01     4.832336e+02
  9.7000e+01     4.861493e+02
  9.7200e+01     4.890874e+02
  9.7400e+01     4.920479e+02
  9.7600e+01     4.950311e+02
  9.7800e+01     4.980370e+02
  9.8000e+01     5.010658e+02
  9.8200e+01     5.041175e+02
  9.8400e+01     5.071923e+02
  9.8600e+01     5.102902e+02
  9.8800e+01     5.134115e+02
  9.9000e+01     5.165563e+02
  9.9200e+01     5.197245e+02
  9.9400e+01     5.229165e+02
  9.9600e+01     5.261322e+02
  9.9800e+01     5.293718e+02
  1.0000e+02     5.326354e+02
  1.0020e+02     5.359231e+02
  1.0040e+02     5.392350e+02
  1.0060e+02     5.425713e+02
  1.0080e+02     5.459320e+02
  1.0100e+02     5.493173e+02
  1.0120e+02     5.527273e+02
  1.0140e+02     5.561620e+02
  1.0160e+02     5.596216e+02
  1.0180e+02     5.631061e+02
  1.0200e+02     5.666158e+02
  1.0220e+02     5.701506e+02
  1.0240e+02     5.737107e+02
  1.0260e+02     5.772962e+02
  1.0280e+02     5.809071e+02
  1.0300e+02     5.845437e+02
  1.0320e+02     5.882059e+02
  1.0340e+02     5.918938e+02
  1.0360e+02     5.956077e+02
  1.0380e+02     5.993474e+02
  1.0400e+02     6.031132e+02
  1.0420e+02     6.069051e+02
  1.0440e+02     6.107232e+02
  1.0460e+02     6.145676e+02
  1.0480e+02     6.184383e+02
  1.0500e+02     6.223355e+02
  1.0520e+02     6.262591e+02
  1.0540e+02     6.302094e+02
  1.0560e+02     6.341864e+02
  1.0580e+02     6.381900e+02
  1.0600e+02     6.422205e+02
  1.0620e+02     6.462778e+02
  1.0640e+02     6.503621e+02
  1.0660e+02     6.544733e+02
  1.0680e+02     6.586116e+02
  1.0700e+02     6.627769e+02
  1.0720e+02     6.669694e+02
  1.0740e+02     6.711891e+02
  1.0760e+02     6.754361e+02
  1.0780e+02     6.797103e+02
  1.0800e+02     6.840118e+02
  1.0820e+02     6.883407e+02
  1.0840e+02     6.926970e+02
  1.0860e+02     6.970807e+02
  1.0880e+02     7.014919e+02
  1.0900e+02     7.059305e+02
  1.0920e+02     7.103967e+02
  1.0940e+02     7.148903e+02
  1.0960e+02     7.194114e+02
  1.0980e+02     7.239601e+02
  1.1000e+02     7.285363e+02
  1.1020e+02     7.331401e+02
  1.1040e+02     7.377714e+02
  1.1060e+02     7.424302e+02
  1.1080e+02     7.471165e+02
  1.1100e+02     7.518303e+02
  1.1120e+02     7.565715e+02
  1.1140e+02     7.613403e+02
  1.1160e+02     7.661364e+02
  1.1180e+02     7.709600e+02
  1.1200e+02     7.758109e+02
  1.1220e+02     7.806891e+02
  1.1240e+02     7.855945e+02
  1.1260e+02     7.905272e+02
  1.1280e+02     7.954870e+02
  1.1300e+02     8.004739e+02
  1.1320e+02     8.054878e+02
  1.1340e+02     8.105287e+02
  1.1360e+02     8.155964e+02
  1.1380e+02     8.206909e+02
  1.1400e+02     8.258121e+02
  1.1420e+02     8.309598e+02
  1.1440e+02     8.361341e+02
  1.1460e+02     8.413347e+02
  1.1480e+02     8.465616e+02
  1.1500e+02     8.518146e+02
  1.1520e+02     8.570937e+02
  1.1540e+02     8.623986e+02
  1.1560e+02     8.677293e+02
  1.1580e+02     8.730856e+02
  1.1600e+02     8.784673e+02
  1.1620e+02     8.838743e+02
  1.1640e+02     8.893064e+02
  1.1660e+02     8.947635e+02
  1.1680e+02     9.002453e+02
  1.1700e+02     9.057517e+02
  1.1720e+02     9.112825e+02
  1.1740e+02     9.168375e+02
  1.1760e+02     9.224164e+02
  1.1780e+02     9.280191e+02
  1.1800e+02     9.336454e+02
  1.1820e+02     9.392949e+02
  1.1840e+02     9.449675e+02
  1.1860e+02     9.506629e+02
  1.1880e+02     9.563808e+02
  1.1900e+02     9.621210e+02
  1.1920e+02     9.678833e+02
  1.1940e+02     9.736673e+02
  1.1960e+02     9.794727e+02
  1.1980e+02     9.852993e+02
  1.2000e+02     9.911468e+02
  1.2020e+02     9.970147e+02
  1.2040e+02     1.002902e+03
  1.2060e+02     1.008811e+03
  1.2080e+02     1.014738e+03
  1.2100e+02     1.020685e+03
  1.2120e+02     1.026650e+03
  1.2140e+02     1.032634e+03
  1.2160e+02     1.038637e+03
  1.2180e+02     1.044656e+03
  1.2200e+02     1.050694e+03
  1.2220e+02     1.056748e+03
  1.2240e+02     1.062818e+03
  1.2260e+02     1.068905e+03
  1.2280e+02     1.075007e+03
  1.2300e+02     1.081124e+03
  1.2320e+02     1.087256e+03
  1.2340e+02     1.093402e+03
  1.2360e+02     1.099563e+03
  1.2380e+02     1.105736e+03
  1.2400e+02     1.111922e+03
  1.2420e+02     1.118121e+03
  1.2440e+02     1.124331e+03
  1.2460e+02     1.130553e+03
  1.2480e+02     1.136785e+03
  1.2500e+02     1.143028e+03
  1.2520e+02     1.149280e+03
  1.2540e+02     1.155541e+03
  1.2560e+02     1.161811e+03
  1.2580e+02     1.168089e+03
  1.2600e+02     1.174374e+03
  1.2620e+02     1.180666e+03
  1.2640e+02     1.186963e+03
  1.2660e+02     1.193267e+03
  1.2680e+02     1.199575e+03
  1.2700e+02     1.205888e+03
  1.2720e+02     1.212204e+03
  1.2740e+02     1.218523e+03
  1.2760e+02     1.224844e+03
  1.2780e+02     1.231166e+03
  1.2800e+02     1.237490e+03
  1.2820e+02     1.243814e+03
  1.2840e+02     1.250137e+03
  1.2860e+02     1.256458e+03
  1.2880e+02     1.262778e+03
  1.2900e+02     1.269095e+03
  1.2920e+02     1.275409e+03
  1.2940e+02     1.281718e+03
  1.2960e+02     1.288022e+03
  1.2980e+02     1.294320e+03
  1.3000e+02     1.300611e+03
  1.3020e+02     1.306895e+03
  1.3040e+02     1.313171e+03
  1.3060e+02     1.319438e+03
  1.3080e+02     1.325694e+03
  1.3100e+02     1.331940e+03
  1.3120e+02     1.338175e+03
  1.3140e+02     1.344396e+03
  1.3160e+02     1.350605e+03
  1.3180e+02     1.356799e+03
  1.3200e+02     1.362978e+03
  1.3220e+02     1.369142e+03
  1.3240e+02     1.375288e+03
  1.3260e+02     1.381417e+03
  1.3280e+02     1.387527e+03
  1.3300e+02     1.393617e+03
  1.3320e+02     1.399687e+03
  1.3340e+02     1.405735e+03
  1.3360e+02     1.411761e+03
  1.3380e+02     1.417763e+03
  1.3400e+02     1.423741e+03
  1.3420e+02     1.429694e+03
  1.3440e+02     1.435620e+03
  1.3460e+02     1.441520e+03
  1.3480e+02     1.447391e+03
  1.3500e+02     1.453233e+03
  1.3520e+02     1.459045e+03
  1.3540e+02     1.464825e+03
  1.3560e+02     1.470574e+03
  1.3580e+02     1.476289e+03
  1.3600e+02     1.481970e+03
  1.3620e+02     1.487616e+03
  1.3640e+02     1.493225e+03
  1.3660e+02     1.498798e+03
  1.3680e+02     1.504332e+03
  1.3700e+02     1.509827e+03
  1.3720e+02     1.515282e+03
  1.3740e+02     1.520695e+03
  1.3760e+02     1.526066e+03
  1.3780e+02     1.531394e+03
  1.3800e+02     1.536677e+03
  1.3820e+02     1.541915e+03
  1.3840e+02     1.547106e+03
  1.3860e+02     1.552250e+03
  1.3880e+02     1.557346e+03
  1.3900e+02     1.562392e+03
  1.3920e+02     1.567387e+03
  1.3940e+02     1.572331e+03
  1.3960e+02     1.577223e+03
  1.3980e+02     1.582060e+03
  1.4000e+02     1.586843e+03
  1.4020e+02     1.591571e+03
  1.4040e+02     1.596242e+03
  1.4060e+02     1.600855e+03
  1.4080e+02     1.605410e+03
  1.4100e+02     1.609905e+03
  1.4120e+02     1.614339e+03
  1.4140e+02     1.618712e+03
  1.4160e+02     1.623022e+03
  1.4180e+02     1.627269e+03
  1.4200e+02     1.631451e+03
  1.4220e+02     1.635568e+03
  1.4240e+02     1.639618e+03
  1.4260e+02     1.643601e+03
  1.4280e+02     1.647516e+03
  1.4300e+02     1.651361e+03
  1.4320e+02     1.655137e+03
  1.4340e+02     1.658842e+03
  1.4360e+02     1.662474e+03
  1.4380e+02     1.666034e+03
  1.4400e+02     1.669521e+03
  1.4420e+02     1.672932e+03
  1.4440e+02     1.676269e+03
  1.4460e+02     1.679529e+03
  1.4480e+02     1.682713e+03
  1.4500e+02     1.685819e+03
  1.4520e+02     1.688846e+03
  1.4540e+02     1.691794e+03
  1.4560e+02     1.694662e+03
  1.4580e+02     1.697449e+03
  1.4600e+02     1.700154e+03
  1.4620e+02     1.702777e+03
  1.4640e+02     1.705318e+03
  1.4660e+02     1.707774e+03
  1.4680e+02     1.710147e+03
  1.4700e+02     1.712434e+03
  1.4720e+02     1.714636e+03
  1.4740e+02     1.716752e+03
  1.4760e+02     1.718781e+03
  1.4780e+02     1.720722e+03
  1.4800e+02     1.722576e+03
  1.4820e+02     1.724341e+03
  1.4840e+02     1.726018e+03
  1.4860e+02     1.727605e+03
  1.4880e+02     1.729102e+03
  1.4900e+02     1.730509e+03
  1.4920e+02     1.731825e+03
  1.4940e+02     1.733050e+03
  1.4960e+02     1.734183e+03
  1.4980e+02     1.735224e+03
  1.5000e+02     1.736173e+03
  1.5020e+02     1.737030e+03
  1.5040e+02     1.737794e+03
  1.5060e+02     1.738464e+03
  1.5080e+02     1.739041e+03
  1.5100e+02     1.739525e+03
  1.5120e+02     1.739914e+03
  1.5140e+02     1.740210e+03
  1.5160e+02     1.740411e+03
  1.5180e+02     1.740518e+03
  1.5200e+02     1.740531e+03
  1.5220e+02     1.740449e+03
  1.5240e+02     1.740273e+03
  1.5260e+02     1.740002e+03
  1.5280e+02     1.739636e+03
  1.5300e+02     1.739176e+03
  1.5320e+02     1.738621e+03
  1.5340e+02     1.737972e+03
  1.5360e+02     1.737228e+03
  1.5380e+02     1.736390e+03
  1.5400e+02     1.735457e+03
  1.5420e+02     1.734431e+03
  1.5440e+02     1.733310e+03
  1.5460e+02     1.732096e+03
  1.5480e+02     1.730789e+03
  1.5500e+02     1.729388e+03
  1.5520e+02     1.727895e+03
  1.5540e+02     1.726309e+03
  1.5560e+02     1.724631e+03
  1.5580e+02     1.722860e+03
  1.5600e+02     1.720998e+03
  1.5620e+02     1.719045e+03
  1.5640e+02     1.717002e+03
  1.5660e+02     1.714868e+03
  1.5680e+02     1.712644e+03
  1.5700e+02     1.710331e+03
  1.5720e+02     1.707929e+03
  1.5740e+02     1.705438e+03
  1.5760e+02     1.702860e+03
  1.5780e+02     1.700195e+03
  1.5800e+02     1.697443e+03
  1.5820e+02     1.694605e+03
  1.5840e+02     1.691682e+03
  1.5860e+02     1.688674e+03
  1.5880e+02     1.685582e+03
  1.5900e+02     1.682407e+03
  1.5920e+02     1.679149e+03
  1.5940e+02     1.675810e+03
  1.5960e+02     1.672389e+03
  1.5980e+02     1.668888e+03
  1.6000e+02     1.665308e+03
  1.6020e+02     1.661648e+03
  1.6040e+02     1.657911e+03
  1.6060e+02     1.654097e+03
  1.6080e+02     1.650207e+03
  1.6100e+02     1.646241e+03
  1.6120e+02     1.642201e+03
  1.6140e+02     1.638088e+03
  1.6160e+02     1.633902e+03
  1.6180e+02     1.629644e+03
  1.6200e+02     1.625316e+03
  1.6220e+02     1.620918e+03
  1.6240e+02     1.616451e+03
  1.6260e+02     1.611916e+03
  1.6280e+02     1.607315e+03
  1.6300e+02     1.602648e+03
  1.6320e+02     1.597916e+03
  1.6340e+02     1.593120e+03
  1.6360e+02     1.588262e+03
  1.6380e+02     1.583342e+03
  1.6400e+02     1.578361e+03
  1.6420e+02     1.573321e+03
  1.6440e+02     1.568223e+03
  1.6460e+02     1.563068e+03
  1.6480e+02     1.557856e+03
  1.6500e+02     1.552589e+03
  1.6520e+02     1.547268e+03
  1.6540e+02     1.541894e+03
  1.6560e+02     1.536468e+03
  1.6580e+02     1.530992e+03
  1.6600e+02     1.525466e+03
  1.6620e+02     1.519892e+03
  1.6640e+02     1.514270e+03
  1.6660e+02     1.508603e+03
  1.6680e+02     1.502890e+03
  1.6700e+02     1.497133e+03
  1.6720e+02     1.491334e+03
  1.6740e+02     1.485493e+03
  1.6760e+02     1.479612e+03
  1.6780e+02     1.473691e+03
  1.6800e+02     1.467733e+03
  1.6820e+02     1.461737e+03
  1.6840e+02     1.455705e+03
  1.6860e+02     1.449639e+03
  1.6880e+02     1.443539e+03
  1.6900e+02     1.437407e+03
  1.6920e+02     1.431243e+03
  1.6940e+02     1.425049e+03
  1.6960e+02     1.418826e+03
  1.6980e+02     1.412575e+03
  1.7000e+02     1.406297e+03
  1.7020e+02     1.399993e+03
  1.7040e+02     1.393665e+03
  1.7060e+02     1.387313e+03
  1.7080e+02     1.380939e+03
  1.7100e+02     1.374543e+03
  1.7120e+02     1.368127e+03
  1.7140e+02     1.361692e+03
  1.7160e+02     1.355239e+03
  1.7180e+02     1.348768e+03
  1.7200e+02     1.342282e+03
  1.7220e+02     1.335780e+03
  1.7240e+02     1.329265e+03
  1.7260e+02     1.322737e+03
  1.7280e+02     1.316196e+03
  1.7300e+02     1.309645e+03
  1.7320e+02     1.303084e+03
  1.7340e+02     1.296514e+03
  1.7360e+02     1.289936e+03
  1.7380e+02     1.283351e+03
  1.7400e+02     1.276760e+03
  1.7420e+02     1.270163e+03
  1.7440e+02     1.263563e+03
  1.7460e+02     1.256959e+03
  1.7480e+02     1.250353e+03
  1.7500e+02     1.243746e+03
  1.7520e+02     1.237138e+03
  1.7540e+02     1.230531e+03
  1.7560e+02     1.223924e+03
  1.7580e+02     1.217320e+03
  1.7600e+02     1.210718e+03
  1.7620e+02     1.204121e+03
  1.7640e+02     1.197528e+03
  1.7660e+02     1.190940e+03
  1.7680e+02     1.184358e+03
  1.7700e+02     1.177783e+03
  1.7720e+02     1.171216e+03
  1.7740e+02     1.164658e+03
  1.7760e+02     1.158108e+03
  1.7780e+02     1.151569e+03
  1.7800e+02     1.145040e+03
  1.7820e+02     1.138522e+03
  1.7840e+02     1.132017e+03
  1.7860e+02     1.125524e+03
  1.7880e+02     1.119045e+03
  1.7900e+02     1.112579e+03
  1.7920e+02     1.106128e+03
  1.7940e+02     1.099693e+03
  1.7960e+02     1.093273e+03
  1.7980e+02     1.086870e+03
  1.8000e+02     1.080484e+03
  1.8020e+02     1.074116e+03
  1.8040e+02     1.067766e+03
  1.8060e+02     1.061434e+03
  1.8080e+02     1.055122e+03
  1.8100e+02     1.048830e+03
  1.8120e+02     1.042558e+03
  1.8140e+02     1.036307e+03
  1.8160e+02     1.030078e+03
  1.8180e+02     1.023870e+03
  1.8200e+02     1.017684e+03
  1.8220e+02     1.011521e+03
  1.8240e+02     1.005381e+03
  1.8260e+02     9.992655e+02
  1.8280e+02     9.931733e+02
  1.8300e+02     9.871055e+02
  1.8320e+02     9.810625e+02
  1.8340e+02     9.750446e+02
  1.8360e+02     9.690522e+02
  1.8380e+02     9.630858e+02
  1.8400e+02     9.571455e+02
  1.8420e+02     9.512318e+02
  1.8440e+02     9.453450e+02
  1.8460e+02     9.394853e+02
  1.8480e+02     9.336531e+02
  1.8500e+02     9.278488e+02
  1.8520e+02     9.220724e+02
  1.8540e+02     9.163244e+02
  1.8560e+02     9.106049e+02
  1.8580e+02     9.049143e+02
  1.8600e+02     8.992528e+02
  1.8620e+02     8.936205e+02
  1.8640e+02     8.880177e+02
  1.8660e+02     8.824446e+02
  1.8680e+02     8.769015e+02
  1.8700e+02     8.713884e+02
  1.8720e+02     8.659057e+02
  1.8740e+02     8.604533e+02
  1.8760e+02     8.550316e+02
  1.8780e+02     8.496406e+02
  1.8800e+02     8.442806e+02
  1.8820e+02     8.389516e+02
  1.8840e+02     8.336537e+02
  1.8860e+02     8.283871e+02
  1.8880e+02     8.231520e+02
  1.8900e+02     8.179483e+02
  1.8920e+02     8.127762e+02
  1.8940e+02     8.076358e+02
  1.8960e+02     8.025272e+02
  1.8980e+02     7.974504e+02
  1.9000e+02     7.924055e+02
  1.9020e+02     7.873925e+02
  1.9040e+02     7.824116e+02
  1.9060e+02     7.774627e+02
  1.9080e+02     7.725458e+02
  1.9100e+02     7.676611e+02
  1.9120e+02     7.628086e+02
  1.9140e+02     7.579882e+02
  1.9160e+02     7.532000e+02
  1.9180e+02     7.484439e+02
  1.9200e+02     7.437200e+02
  1.9220e+02     7.390283e+02
  1.9240e+02     7.343688e+02
  1.9260e+02     7.297414e+02
  1.9280e+02     7.251461e+02
  1.9300e+02     7.205829e+02
  1.9320e+02     7.160518e+02
  1.9340e+02     7.115527e+02
  1.9360e+02     7.070856e+02
  1.9380e+02     7.026504e+02
  1.9400e+02     6.982471e+02
  1.9420e+02     6.938757e+02
  1.9440e+02     6.895360e+02
  1.9460e+02     6.852280e+02
  1.9480e+02     6.809517e+02
  1.9500e+02     6.767069e+02
  1.9520e+02     6.724936e+02
  1.9540e+02     6.683117e+02
  1.9560e+02     6.641611e+02
  1.9580e+02     6.600418e+02
  1.9600e+02     6.559536e+02
  1.9620e+02     6.518964e+02
  1.9640e+02     6.478703e+02
  1.9660e+02     6.438749e+02
  1.9680e+02     6.399104e+02
  1.9700e+02     6.359764e+02
  1.9720e+02     6.320730e+02
  1.9740e+02     6.282001e+02
  1.9760e+02     6.243574e+02
  1.9780e+02     6.205449e+02
  1.9800e+02     6.167625e+02
  1.9820e+02     6.130101e+02
  1.9840e+02     6.092875e+02
  1.9860e+02     6.055945e+02
  1.9880e+02     6.019312e+02
  1.9900e+02     5.982973e+02
  1.9920e+02     5.946927e+02
  1.9940e+02     5.911173e+02
  1.9960e+02     5.875709e+02
  1.9980e+02     5.840534e+02
  2.0000e+02     5.805647e+02
  2.0020e+02     5.771046e+02
  2.0040e+02     5.736730e+02
  2.0060e+02     5.702697e+02
  2.0080e+02     5.668947e+02
  2.0100e+02     5.635476e+02
  2.0120e+02     5.602285e+02
  2.0140e+02     5.569371e+02
  2.0160e+02     5.536733e+02
  2.0180e+02     5.504370e+02
  2.0200e+02     5.472280e+02
  2.0220e+02     5.440461e+02
  2.0240e+02     5.408912e+02
  2.0260e+02     5.377632e+02
  2.0280e+02     5.346618e+02
  2.0300e+02     5.315870e+02
  2.0320e+02     5.285385e+02
  2.0340e+02     5.255163e+02
  2.0360e+02     5.225201e+02
  2.0380e+02     5.195499e+02
  2.0400e+02     5.166053e+02
  2.0420e+02     5.136864e+02
  2.0440e+02     5.107929e+02
  2.0460e+02     5.079247e+02
  2.0480e+02     5.050816e+02
  2.0500e+02     5.022635e+02
  2.0520e+02     4.994701e+02
  2.0540e+02     4.967014e+02
  2.0560e+02     4.939572e+02
  2.0580e+02     4.912373e+02
  2.0600e+02     4.885415e+02
  2.0620e+02     4.858698e+02
  2.0640e+02     4.832219e+02
  2.0660e+02     4.805977e+02
  2.0680e+02     4.779970e+02
  2.0700e+02     4.754197e+02
  2.0720e+02     4.728656e+02
  2.0740e+02     4.703345e+02
  2.0760e+02     4.678264e+02
  2.0780e+02     4.653410e+02
  2.0800e+02     4.628782e+02
  2.0820e+02     4.604378e+02
  2.0840e+02     4.580196e+02
  2.0860e+02     4.556236e+02
  2.0880e+02     4.532496e+02
  2.0900e+02     4.508974e+02
  2.0920e+02     4.485668e+02
  2.0940e+02     4.462577e+02
  2.0960e+02     4.439699e+02
  2.0980e+02     4.417034e+02
  2.1000e+02     4.394579e+02
  2.1020e+02     4.372333e+02
  2.1040e+02     4.350294e+02
  2.1060e+02     4.328462e+02
  2.1080e+02     4.306833e+02
  2.1100e+02     4.285408e+02
  2.1120e+02     4.264184e+02
  2.1140e+02     4.243160e+02
  2.1160e+02     4.222335e+02
  2.1180e+02     4.201706e+02
  2.1200e+02     4.181274e+02
  2.1220e+02     4.161035e+02
  2.1240e+02     4.140989e+02
  2.1260e+02     4.121135e+02
  2.1280e+02     4.101471e+02
  2.1300e+02     4.081995e+02
  2.1320e+02     4.062706e+02
  2.1340e+02     4.043603e+02
  2.1360e+02     4.024684e+02
  2.1380e+02     4.005948e+02
  2.1400e+02     3.987394e+02
  2.1420e+02     3.969020e+02
  2.1440e+02     3.950825e+02
  2.1460e+02     3.932807e+02
  2.1480e+02     3.914966e+02
  2.1500e+02     3.897300e+02
  2.1520e+02     3.879807e+02
  2.1540e+02     3.862486e+02
  2.1560e+02     3.845337e+02
  2.1580e+02     3.828357e+02
  2.1600e+02     3.811546e+02
  2.1620e+02     3.794902e+02
  2.1640e+02     3.778423e+02
  2.1660e+02     3.762110e+02
  2.1680e+02     3.745959e+02
  2.1700e+02     3.729971e+02
  2.1720e+02     3.714144e+02
  2.1740e+02     3.698477e+02
  2.1760e+02     3.682968e+02
  2.1780e+02     3.667617e+02
  2.1800e+02     3.652422e+02
  2.1820e+02     3.637382e+02
  2.1840e+02     3.622495e+02
  2.1860e+02     3.607762e+02
  2.1880e+02     3.593180e+02
  2.1900e+02     3.578748e+02
  2.1920e+02     3.564466e+02
  2.1940e+02     3.550331e+02
  2.1960e+02     3.536344e+02
  2.1980e+02     3.522503e+02
  2.2000e+02     3.508807e+02
  2.2020e+02     3.495255e+02
  2.2040e+02     3.481845e+02
  2.2060e+02     3.468577e+02
  2.2080e+02     3.455450e+02
  2.2100e+02     3.442462e+02
  2.2120e+02     3.429613e+02
  2.2140e+02     3.416901e+02
  2.2160e+02     3.404326e+02
  2.2180e+02     3.391886e+02
  2.2200e+02     3.379581e+02
  2.2220e+02     3.367410e+02
  2.2240e+02     3.355371e+02
  2.2260e+02     3.343464e+02
  2.2280e+02     3.331687e+02
  2.2300e+02     3.320040e+02
  2.2320e+02     3.308522e+02
  2.2340e+02     3.297132e+02
  2.2360e+02     3.285869e+02
  2.2380e+02     3.274732e+02
  2.2400e+02     3.263719e+02
  2.2420e+02     3.252832e+02
  2.2440e+02     3.242067e+02
  2.2460e+02     3.231425e+02
  2.2480e+02     3.220905e+02
  2.2500e+02     3.210505e+02
  2.2520e+02     3.200225e+02
  2.2540e+02     3.190064e+02
  2.2560e+02     3.180022e+02
  2.2580e+02     3.170097e+02
  2.2600e+02     3.160288e+02
  2.2620e+02     3.150596e+02
  2.2640e+02     3.141018e+02
  2.2660e+02     3.131555e+02
  2.2680e+02     3.122205e+02
  2.2700e+02     3.112968e+02
  2.2720e+02     3.103842e+02
  2.2740e+02     3.094828e+02
  2.2760e+02     3.085924e+02
  2.2780e+02     3.077130e+02
  2.2800e+02     3.068445e+02
  2.2820e+02     3.059868e+02
  2.2840e+02     3.051399e+02
  2.2860e+02     3.043036e+02
  2.2880e+02     3.034780e+02
  2.2900e+02     3.026629e+02
  2.2920e+02     3.018583e+02
  2.2940e+02     3.010641e+02
  2.2960e+02     3.002802e+02
  2.2980e+02     2.995066e+02
  2.3000e+02     2.987432e+02
  2.3020e+02     2.979900e+02
  2.3040e+02     2.972469e+02
  2.3060e+02     2.965137e+02
  2.3080e+02     2.957906e+02
  2.3100e+02     2.950773e+02
  2.3120e+02     2.943739e+02
  2.3140e+02     2.936803e+02
  2.3160e+02     2.929963e+02
  2.3180e+02     2.923221e+02
  2.3200e+02     2.916574e+02
  2.3220e+02     2.910023e+02
  2.3240e+02     2.903567e+02
  2.3260e+02     2.897206e+02
  2.3280e+02     2.890938e+02
  2.3300e+02     2.884764e+02
  2.3320e+02     2.878682e+02
  2.3340e+02     2.872693e+02
  2.3360e+02     2.866795e+02
  2.3380e+02     2.860989e+02
  2.3400e+02     2.855273e+02
  2.3420e+02     2.849648e+02
  2.3440e+02     2.844112e+02
  2.3460e+02     2.838666e+02
  2.3480e+02     2.833309e+02
  2.3500e+02     2.828040e+02
  2.3520e+02     2.822859e+02
  2.3540e+02     2.817765e+02
  2.3560e+02     2.812758e+02
  2.3580e+02     2.807838e+02
  2.3600e+02     2.803004e+02
  2.3620e+02     2.798255e+02
  2.3640e+02     2.793592e+02
  2.3660e+02     2.789014e+02
  2.3680e+02     2.784520e+02
  2.3700e+02     2.780111e+02
  2.3720e+02     2.775785e+02
  2.3740e+02     2.771542e+02
  2.3760e+02     2.767382e+02
  2.3780e+02     2.763304e+02
  2.3800e+02     2.759309e+02
  2.3820e+02     2.755396e+02
  2.3840e+02     2.751564e+02
  2.3860e+02     2.747813e+02
  2.3880e+02     2.744142e+02
  2.3900e+02     2.740553e+02
  2.3920e+02     2.737043e+02
  2.3940e+02     2.733613e+02
  2.3960e+02     2.730262e+02
  2.3980e+02     2.726990e+02
  2.4000e+02     2.723798e+02
  2.4020e+02     2.720683e+02
  2.4040e+02     2.717647e+02
  2.4060e+02     2.714689e+02
  2.4080e+02     2.711808e+02
  2.4100e+02     2.709005e+02
  2.4120e+02     2.706279e+02
  2.4140e+02     2.703629e+02
  2.4160e+02     2.701056e+02
  2.4180e+02     2.698559e+02
  2.4200e+02     2.696138e+02
  2.4220e+02     2.693793e+02
  2.4240e+02     2.691524e+02
  2.4260e+02     2.689329e+02
  2.4280e+02     2.687210e+02
  2.4300e+02     2.685166e+02
  2.4320e+02     2.683196e+02
  2.4340e+02     2.681300e+02
  2.4360e+02     2.679479e+02
  2.4380e+02     2.677732e+02
  2.4400e+02     2.676058e+02
  2.4420e+02     2.674458e+02
  2.4440e+02     2.672931e+02
  2.4460e+02     2.671478e+02
  2.4480e+02     2.670097e+02
  2.4500e+02     2.668790e+02
  2.4520e+02     2.667555e+02
  2.4540e+02     2.666392e+02
  2.4560e+02     2.665302e+02
  2.4580e+02     2.664284e+02
  2.4600e+02     2.663338e+02
  2.4620e+02     2.662464e+02
  2.4640e+02     2.661662e+02
  2.4660e+02     2.660931e+02
  2.4680e+02     2.660272e+02
  2.4700e+02     2.659684e+02
  2.4720e+02     2.659168e+02
  2.4740e+02     2.658722e+02
  2.4760e+02     2.658348e+02
  2.4780e+02     2.658044e+02
  2.4800e+02     2.657812e+02
  2.4820e+02     2.657650e+02
  2.4840e+02     2.657558e+02
  2.4860e+02     2.657538e+02
  2.4880e+02     2.657587e+02
  2.4900e+02     2.657707e+02
  2.4920e+02     2.657898e+02
  2.4940e+02     2.658159e+02
  2.4960e+02     2.658489e+02
  2.4980e+02     2.658890e+02
  2.5000e+02     2.659362e+02
  2.5020e+02     2.659903e+02
  2.5040e+02     2.660514e+02
  2.5060e+02     2.661195e+02
  2.5080e+02     2.661946e+02
  2.5100e+02     2.662767e+02
  2.5120e+02     2.663657e+02
  2.5140e+02     2.664618e+02
  2.5160e+02     2.665648e+02
  2.5180e+02     2.666748e+02
  2.5200e+02     2.667918e+02
  2.5220e+02     2.669158e+02
  2.5240e+02     2.670468e+02
  2.5260e+02     2.671847e+02
  2.5280e+02     2.673296e+02
  2.5300e+02     2.674815e+02
  2.5320e+02     2.676404e+02
  2.5340e+02     2.678063e+02
  2.5360e+02     2.679792e+02
  2.5380e+02     2.681590e+02
  2.5400e+02     2.683459e+02
  2.5420e+02     2.685397e+02
  2.5440e+02     2.687406e+02
  2.5460e+02     2.689485e+02
  2.5480e+02     2.691633e+02
  2.5500e+02     2.693852e+02
  2.5520e+02     2.696142e+02
  2.5540e+02     2.698502e+02
  2.5560e+02     2.700932e+02
  2.5580e+02     2.703432e+02
  2.5600e+02     2.706004e+02
  2.5620e+02     2.708645e+02
  2.5640e+02     2.711358e+02
  2.5660e+02     2.714141e+02
  2.5680e+02     2.716996e+02
  2.5700e+02     2.719921e+02
  2.5720e+02     2.722918e+02
  2.5740e+02     2.725986e+02
  2.5760e+02     2.729125e+02
  2.5780e+02     2.732336e+02
  2.5800e+02     2.735618e+02
  2.5820e+02     2.738972e+02
  2.5840e+02     2.742398e+02
  2.5860e+02     2.745896e+02
  2.5880e+02     2.749466e+02
  2.5900e+02     2.753108e+02
  2.5920e+02     2.756823e+02
  2.5940e+02     2.760610e+02
  2.5960e+02     2.764470e+02
  2.5980e+02     2.768403e+02
  2.6000e+02     2.772409e+02
  2.6020e+02     2.776488e+02
  2.6040e+02     2.780641e+02
  2.6060e+02     2.784867e+02
  2.6080e+02     2.789167e+02
  2.6100e+02     2.793541e+02
  2.6120e+02     2.797990e+02
  2.6140e+02     2.802512e+02
  2.6160e+02     2.807109e+02
  2.6180e+02     2.811781e+02
  2.6200e+02     2.816527e+02
  2.6220e+02     2.821349e+02
  2.6240e+02     2.826246e+02
  2.6260e+02     2.831219e+02
  2.6280e+02     2.836268e+02
  2.6300e+02     2.841392e+02
  2.6320e+02     2.846593e+02
  2.6340e+02     2.851871e+02
  2.6360e+02     2.857225e+02
  2.6380e+02     2.862656e+02
  2.6400e+02     2.868164e+02
  2.6420e+02     2.873750e+02
  2.6440e+02     2.879414e+02
  2.6460e+02     2.885155e+02
  2.6480e+02     2.890975e+02
  2.6500e+02     2.896873e+02
  2.6520e+02     2.902850e+02
  2.6540e+02     2.908907e+02
  2.6560e+02     2.915042e+02
  2.6580e+02     2.921258e+02
  2.6600e+02     2.927553e+02
  2.6620e+02     2.933928e+02
  2.6640e+02     2.940384e+02
  2.6660e+02     2.946921e+02
  2.6680e+02     2.953539e+02
  2.6700e+02     2.960238e+02
  2.6720e+02     2.967019e+02
  2.6740e+02     2.973882e+02
  2.6760e+02     2.980828e+02
  2.6780e+02     2.987856e+02
  2.6800e+02     2.994967e+02
  2.6820e+02     3.002162e+02
  2.6840e+02     3.009441e+02
  2.6860e+02     3.016803e+02
  2.6880e+02     3.024250e+02
  2.6900e+02     3.031782e+02
  2.6920e+02     3.039399e+02
  2.6940e+02     3.047101e+02
  2.6960e+02     3.054889e+02
  2.6980e+02     3.062763e+02
  2.7000e+02     3.070724e+02
  2.7020e+02     3.078772e+02
  2.7040e+02     3.086907e+02
  2.7060e+02     3.095130e+02
  2.7080e+02     3.103441e+02
  2.7100e+02     3.111841e+02
  2.7120e+02     3.120329e+02
  2.7140e+02     3.128907e+02
  2.7160e+02     3.137574e+02
  2.7180e+02     3.146331e+02
  2.7200e+02     3.155179e+02
  2.7220e+02     3.164118e+02
  2.7240e+02     3.173148e+02
  2.7260e+02     3.182270e+02
  2.7280e+02     3.191485e+02
  2.7300e+02     3.200791e+02
  2.7320e+02     3.210191e+02
  2.7340e+02     3.219685e+02
  2.7360e+02     3.229272e+02
  2.7380e+02     3.238954e+02
  2.7400e+02     3.248730e+02
  2.7420e+02     3.258602e+02
  2.7440e+02     3.268570e+02
  2.7460e+02     3.278633e+02
  2.7480e+02     3.288794e+02
  2.7500e+02     3.299052e+02
  2.7520e+02     3.309407e+02
  2.7540e+02     3.319860e+02
  2.7560e+02     3.330412e+02
  2.7580e+02     3.341063e+02
  2.7600e+02     3.351814e+02
  2.7620e+02     3.362664e+02
  2.7640e+02     3.373616e+02
  2.7660e+02     3.384668e+02
  2.7680e+02     3.395822e+02
  2.7700e+02     3.407078e+02
  2.7720e+02     3.418436e+02
  2.7740e+02     3.429898e+02
  2.7760e+02     3.441463e+02
  2.7780e+02     3.453132e+02
  2.7800e+02     3.464906e+02
  2.7820e+02     3.476786e+02
  2.7840e+02     3.488771e+02
  2.7860e+02     3.500862e+02
  2.7880e+02     3.513060e+02
  2.7900e+02     3.525365e+02
  2.7920e+02     3.537779e+02
  2.7940e+02     3.550300e+02
  2.7960e+02     3.562931e+02
  2.7980e+02     3.575672e+02
  2.8000e+02     3.588522e+02
  2.8020e+02     3.601483e+02
  2.8040e+02     3.614556e+02
  2.8060e+02     3.627740e+02
  2.8080e+02     3.641037e+02
  2.8100e+02     3.654446e+02
  2.8120e+02     3.667970e+02
  2.8140e+02     3.681607e+02
  2.8160e+02     3.695359e+02
  2.8180e+02     3.709227e+02
  2.8200e+02     3.723210e+02
  2.8220e+02     3.737310e+02
  2.8240e+02     3.751527e+02
  2.8260e+02     3.765862e+02
  2.8280e+02     3.780315e+02
  2.8300e+02     3.794887e+02
  2.8320e+02     3.809579e+02
  2.8340e+02     3.824391e+02
  2.8360e+02     3.839323e+02
  2.8380e+02     3.854377e+02
  2.8400e+02     3.869554e+02
  2.8420e+02     3.884852e+02
  2.8440e+02     3.900274e+02
  2.8460e+02     3.915820e+02
  2.8480e+02     3.931491e+02
  2.8500e+02     3.947286e+02
  2.8520e+02     3.963208e+02
  2.8540e+02     3.979255e+02
  2.8560e+02     3.995430e+02
  2.8580e+02     4.011733e+02
  2.8600e+02     4.028164e+02
  2.8620e+02     4.044724e+02
  2.8640e+02     4.061414e+02
  2.8660e+02     4.078234e+02
  2.8680e+02     4.095185e+02
  2.8700e+02     4.112268e+02
  2.8720e+02     4.129483e+02
  2.8740e+02     4.146831e+02
  2.8760e+02     4.164312e+02
  2.8780e+02     4.181928e+02
  2.8800e+02     4.199678e+02
  2.8820e+02     4.217565e+02
  2.8840e+02     4.235587e+02
  2.8860e+02     4.253746e+02
  2.8880e+02     4.272043e+02
  2.8900e+02     4.290478e+02
  2.8920e+02     4.309052e+02
  2.8940e+02     4.327766e+02
  2.8960e+02     4.346620e+02
  2.8980e+02     4.365614e+02
  2.9000e+02     4.384751e+02
  2.9020e+02     4.404029e+02
  2.9040e+02     4.423450e+02
  2.9060e+02     4.443015e+02
  2.9080e+02     4.462725e+02
  2.9100e+02     4.482579e+02
  2.9120e+02     4.502578e+02
  2.9140e+02     4.522724e+02
  2.9160e+02     4.543017e+02
  2.9180e+02     4.563457e+02
  2.9200e+02     4.584046e+02
  2.9220e+02     4.604783e+02
  2.9240e+02     4.625670e+02
  2.9260e+02     4.646707e+02
  2.9280e+02     4.667895e+02
  2.9300e+02     4.689235e+02
  2.9320e+02     4.710726e+02
  2.9340e+02     4.732371e+02
  2.9360e+02     4.754169e+02
  2.9380e+02     4.776121e+02
  2.9400e+02     4.798228e+02
  2.9420e+02     4.820490e+02
  2.9440e+02     4.842909e+02
  2.9460e+02     4.865484e+02
  2.9480e+02     4.888216e+02
  2.9500e+02     4.911107e+02
  2.9520e+02     4.934156e+02
  2.9540e+02     4.957364e+02
  2.9560e+02     4.980732e+02
  2.9580e+02     5.004261e+02
  2.9600e+02     5.027950e+02
  2.9620e+02     5.051801e+02
  2.9640e+02     5.075815e+02
  2.9660e+02     5.099992e+02
  2.9680e+02     5.124332e+02
  2.9700e+02     5.148836e+02
  2.9720e+02     5.173504e+02
  2.9740e+02     5.198338e+02
  2.9760e+02     5.223338e+02
  2.9780e+02     5.248505e+02
  2.9800e+02     5.273838e+02
  2.9820e+02     5.299338e+02
  2.9840e+02     5.325007e+02
  2.9860e+02     5.350845e+02
  2.9880e+02     5.376851e+02
  2.9900e+02     5.403027e+02
  2.9920e+02     5.429374e+02
  2.9940e+02     5.455891e+02
  2.9960e+02     5.482579e+02
  2.9980e+02     5.509439e+02
  3.0000e+02     5.536471e+02
  3.0020e+02     5.563676e+02
  3.0040e+02     5.591054e+02
  3.0060e+02     5.618605e+02
  3.0080e+02     5.646331e+02
  3.0100e+02     5.674231e+02
  3.0120e+02     5.702306e+02
  3.0140e+02     5.730557e+02
  3.0160e+02     5.758983e+02
  3.0180e+02     5.787586e+02
  3.0200e+02     5.816365e+02
  3.0220e+02     5.845320e+02
  3.0240e+02     5.874454e+02
  3.0260e+02     5.903764e+02
  3.0280e+02     5.933253e+02
  3.0300e+02     5.962921e+02
  3.0320e+02     5.992766e+02
  3.0340e+02     6.022791e+02
  3.0360e+02     6.052995e+02
  3.0380e+02     6.083379e+02
  3.0400e+02     6.113942e+02
  3.0420e+02     6.144685e+02
  3.0440e+02     6.175609e+02
  3.0460e+02     6.206713e+02
  3.0480e+02     6.237997e+02
  3.0500e+02     6.269463e+02
  3.0520e+02     6.301109e+02
  3.0540e+02     6.332937e+02
  3.0560e+02     6.364946e+02
  3.0580e+02     6.397136e+02
  3.0600e+02     6.429508e+02
  3.0620e+02     6.462061e+02
  3.0640e+02     6.494796e+02
  3.0660e+02     6.527713e+02
  3.0680e+02     6.560811e+02
  3.0700e+02     6.594092e+02
  3.0720e+02     6.627553e+02
  3.0740e+02     6.661197e+02
  3.0760e+02     6.695022e+02
  3.0780e+02     6.729028e+02
  3.0800e+02     6.763216e+02
  3.0820e+02     6.797586e+02
  3.0840e+02     6.832136e+02
  3.0860e+02     6.866867e+02
  3.0880e+02     6.901779e+02
  3.0900e+02     6.936872e+02
  3.0920e+02     6.972145e+02
  3.0940e+02     7.007598e+02
  3.0960e+02     7.043231e+02
  3.0980e+02     7.079043e+02
  3.1000e+02     7.115034e+02
  3.1020e+02     7.151204e+02
  3.1040e+02     7.187553e+02
  3.1060e+02     7.224079e+02
  3.1080e+02     7.260783e+02
  3.1100e+02     7.297663e+02
  3.1120e+02     7.334720e+02
  3.1140e+02     7.371953e+02
  3.1160e+02     7.409362e+02
  3.1180e+02     7.446945e+02
  3.1200e+02     7.484702e+02
  3.1220e+02     7.522633e+02
  3.1240e+02     7.560737e+02
  3.1260e+02     7.599012e+02
  3.1280e+02     7.637459e+02
  3.1300e+02     7.676077e+02
  3.1320e+02     7.714864e+02
  3.1340e+02     7.753821e+02
  3.1360e+02     7.792945e+02
  3.1380e+02     7.832236e+02
  3.1400e+02     7.871693e+02
  3.1420e+02     7.911316e+02
  3.1440e+02     7.951102e+02
  3.1460e+02     7.991052e+02
  3.1480e+02     8.031163e+02
  3.1500e+02     8.071436e+02
  3.1520e+02     8.111868e+02
  3.1540e+02     8.152458e+02
  3.1560e+02     8.193206e+02
  3.1580e+02     8.234109e+02
  3.1600e+02     8.275167e+02
  3.1620e+02     8.316379e+02
  3.1640e+02     8.357742e+02
  3.1660e+02     8.399255e+02
  3.1680e+02     8.440917e+02
  3.1700e+02     8.482727e+02
  3.1720e+02     8.524682e+02
  3.1740e+02     8.566781e+02
  3.1760e+02     8.609023e+02
  3.1780e+02     8.651406e+02
  3.1800e+02     8.693927e+02
  3.1820e+02     8.736586e+02
  3.1840e+02     8.779381e+02
  3.1860e+02     8.822308e+02
  3.1880e+02     8.865368e+02
  3.1900e+02     8.908557e+02
  3.1920e+02     8.951874e+02
  3.1940e+02     8.995316e+02
  3.1960e+02     9.038881e+02
  3.1980e+02     9.082568e+02
  3.2000e+02     9.126374e+02
  3.2020e+02     9.170297e+02
  3.2040e+02     9.214335e+02
  3.2060e+02     9.258485e+02
  3.2080e+02     9.302744e+02
  3.2100e+02     9.347111e+02
  3.2120e+02     9.391583e+02
  3.2140e+02     9.436157e+02
  3.2160e+02     9.480830e+02
  3.2180e+02     9.525601e+02
  3.2200e+02     9.570467e+02
  3.2220e+02     9.615424e+02
  3.2240e+02     9.660469e+02
  3.2260e+02     9.705601e+02
  3.2280e+02     9.750816e+02
  3.2300e+02     9.796111e+02
  3.2320e+02     9.841484e+02
  3.2340e+02     9.886930e+02
  3.2360e+02     9.932448e+02
  3.2380e+02     9.978033e+02
  3.2400e+02     1.002368e+03
  3.2420e+02     1.006939e+03
  3.2440e+02     1.011516e+03
  3.2460e+02     1.016098e+03
  3.2480e+02     1.020686e+03
  3.2500e+02     1.025278e+03
  3.2520e+02     1.029875e+03
  3.2540e+02     1.034476e+03
  3.2560e+02     1.039081e+03
  3.2580e+02     1.043689e+03
  3.2600e+02     1.048299e+03
  3.2620e+02     1.052913e+03
  3.2640e+02     1.057529e+03
  3.2660e+02     1.062146e+03
  3.2680e+02     1.066765e+03
  3.2700e+02     1.071385e+03
  3.2720e+02     1.076006e+03
  3.2740e+02     1.080627e+03
  3.2760e+02     1.085247e+03
  3.2780e+02     1.089867e+03
  3.2800e+02     1.094486e+03
  3.2820e+02     1.099104e+03
  3.2840e+02     1.103719e+03
  3.2860e+02     1.108333e+03
  3.2880e+02     1.112943e+03
  3.2900e+02     1.117550e+03
  3.2920e+02     1.122154e+03
  3.2940e+02     1.126753e+03
  3.2960e+02     1.131348e+03
  3.2980e+02     1.135938e+03
  3.3000e+02     1.140522e+03
  3.3020e+02     1.145100e+03
  3.3040e+02     1.149671e+03
  3.3060e+02     1.154236e+03
  3.3080e+02     1.158793e+03
  3.3100e+02     1.163342e+03
  3.3120e+02     1.167882e+03
  3.3140e+02     1.172414e+03
  3.3160e+02     1.176936e+03
  3.3180e+02     1.181448e+03
  3.3200e+02     1.185949e+03
  3.3220e+02     1.190439e+03
  3.3240e+02     1.194918e+03
  3.3260e+02     1.199385e+03
  3.3280e+02     1.203839e+03
  3.3300e+02     1.208279e+03
  3.3320e+02     1.212706e+03
  3.3340e+02     1.217119e+03
  3.3360e+02     1.221517e+03
  3.3380e+02     1.225900e+03
  3.3400e+02     1.230266e+03
  3.3420e+02     1.234616e+03
  3.3440e+02     1.238950e+03
  3.3460e+02     1.243265e+03
  3.3480e+02     1.247562e+03
  3.3500e+02     1.251841e+03
  3.3520e+02     1.256100e+03
  3.3540e+02     1.260340e+03
  3.3560e+02     1.264559e+03
  3.3580e+02     1.268756e+03
  3.3600e+02     1.272933e+03
  3.3620e+02     1.277087e+03
  3.3640e+02     1.281218e+03
  3.3660e+02     1.285326e+03
  3.3680e+02     1.289410e+03
  3.3700e+02     1.293469e+03
  3.3720e+02     1.297504e+03
  3.3740e+02     1.301512e+03
  3.3760e+02     1.305495e+03
  3.3780e+02     1.309450e+03
  3.3800e+02     1.313378e+03
  3.3820e+02     1.317278e+03
  3.3840e+02     1.321149e+03
  3.3860e+02     1.324991e+03
  3.3880e+02     1.328803e+03
  3.3900e+02     1.332585e+03
  3.3920e+02     1.336335e+03
  3.3940e+02     1.340054e+03
  3.3960e+02     1.343741e+03
  3.3980e+02     1.347395e+03
  3.4000e+02     1.351016e+03
  3.4020e+02     1.354602e+03
  3.4040e+02     1.358154e+03
  3.4060e+02     1.361671e+03
  3.4080e+02     1.365152e+03
  3.4100e+02     1.368597e+03
  3.4120e+02     1.372005e+03
  3.4140e+02     1.375376e+03
  3.4160e+02     1.378708e+03
  3.4180e+02     1.382002e+03
  3.4200e+02     1.385257e+03
  3.4220e+02     1.388472e+03
  3.4240e+02     1.391646e+03
  3.4260e+02     1.394780e+03
  3.4280e+02     1.397873e+03
  3.4300e+02     1.400923e+03
  3.4320e+02     1.403931e+03
  3.4340e+02     1.406896e+03
  3.4360e+02     1.409817e+03
  3.4380e+02     1.412695e+03
  3.4400e+02     1.415527e+03
  3.4420e+02     1.418315e+03
  3.4440e+02     1.421057e+03
  3.4460e+02     1.423753e+03
  3.4480e+02     1.426402e+03
  3.4500e+02     1.429003e+03
  3.4520e+02     1.431558e+03
  3.4540e+02     1.434064e+03
  3.4560e+02     1.436521e+03
  3.4580e+02     1.438929e+03
  3.4600e+02     1.441288e+03
  3.4620e+02     1.443597e+03
  3.4640e+02     1.445855e+03
  3.4660e+02     1.448062e+03
  3.4680e+02     1.450218e+03
  3.4700e+02     1.452322e+03
  3.4720e+02     1.454374e+03
  3.4740e+02     1.456374e+03
  3.4760e+02     1.458320e+03
  3.4780e+02     1.460213e+03
  3.4800e+02     1.462052e+03
  3.4820e+02     1.463837e+03
  3.4840e+02     1.465567e+03
  3.4860e+02     1.467242e+03
  3.4880e+02     1.468862e+03
  3.4900e+02     1.470427e+03
  3.4920e+02     1.471935e+03
  3.4940e+02     1.473388e+03
  3.4960e+02     1.474783e+03
  3.4980e+02     1.476122e+03
  3.5000e+02     1.477404e+03
  3.5020e+02     1.478628e+03
  3.5040e+02     1.479794e+03
  3.5060e+02     1.480903e+03
  3.5080e+02     1.481953e+03
  3.5100e+02     1.482944e+03
  3.5120e+02     1.483877e+03
  3.5140e+02     1.484751e+03
  3.5160e+02     1.485566e+03
  3.5180e+02     1.486322e+03
  3.5200e+02     1.487018e+03
  3.5220e+02     1.487654e+03
  3.5240e+02     1.488231e+03
  3.5260e+02     1.488747e+03
  3.5280e+02     1.489204e+03
  3.5300e+02     1.489600e+03
  3.5320e+02     1.489936e+03
  3.5340e+02     1.490211e+03
  3.5360e+02     1.490426e+03
  3.5380e+02     1.490580e+03
  3.5400e+02     1.490673e+03
  3.5420e+02     1.490706e+03
  3.5440e+02     1.490678e+03
  3.5460e+02     1.490589e+03
  3.5480e+02     1.490439e+03
  3.5500e+02     1.490228e+03
  3.5520e+02     1.489957e+03
  3.5540e+02     1.489625e+03
  3.5560e+02     1.489232e+03
  3.5580e+02     1.488778e+03
  3.5600e+02     1.488263e+03
  3.5620e+02     1.487688e+03
  3.5640e+02     1.487053e+03
  3.5660e+02     1.486357e+03
  3.5680e+02     1.485601e+03
  3.5700e+02     1.484784e+03
  3.5720e+02     1.483908e+03
  3.5740e+02     1.482971e+03
  3.5760e+02     1.481975e+03
  3.5780e+02     1.480919e+03
  3.5800e+02     1.479804e+03
  3.5820e+02     1.478629e+03
  3.5840e+02     1.477396e+03
  3.5860e+02     1.476104e+03
  3.5880e+02     1.474753e+03
  3.5900e+02     1.473344e+03
  3.5920e+02     1.471877e+03
  3.5940e+02     1.470352e+03
  3.5960e+02     1.468769e+03
  3.5980e+02     1.467130e+03
