# Epidemic | 7 days incidence [ x-unit: days | y-unit: per 100000 ]
  0.0000e+00     3.618006e+02
  2.0000e-01     3.595172e+02
  4.0000e-01     3.572323e+02
  6.0000e-01     3.549460e+02
  8.0000e-01     3.526587e+02
  1.0000e+00     3.503705e+02
  1.2000e+00     3.480817e+02
  1.4000e+00     3.457926e+02
  1.6000e+00     3.435034e+02
  1.8000e+00     3.412143e+02
  2.0000e+00     3.389257e+02
  2.2000e+00     3.366376e+02
  2.4000e+00     3.343504e+02
  2.6000e+00     3.320643e+02
  2.8000e+00     3.297796e+02
  3.0000e+00     3.274964e+02
  3.2000e+00     3.252150e+02
  3.4000e+00     3.229355e+02
  3.6000e+00     3.206584e+02
  3.8000e+00     3.183836e+02
  4.0000e+00     3.161115e+02
  4.2000e+00     3.138423e+02
  4.4000e+00     3.115762e+02
  4.6000e+00     3.093133e+02
  4.8000e+00     3.070540e+02
  5.0000e+00     3.047983e+02
  5.2000e+00     3.025466e+02
  5.4000e+00     3.002989e+02
  5.6000e+00     2.980556e+02
  5.8000e+00     2.958167e+02
  6.0000e+00     2.935824e+02
  6.2000e+00     2.913531e+02
  6.4000e+00     2.891287e+02
  6.6000e+00     2.869096e+02
  6.8000e+00     2.846959e+02
  7.0000e+00     2.824877e+02
  7.2000e+00     2.807899e+02
  7.4000e+00     2.791523e+02
  7.6000e+00     2.775187e+02
  7.8000e+00     2.758892e+02
  8.0000e+00     2.742638e+02
  8.2000e+00     2.726425e+02
  8.4000e+00     2.710253e+02
  8.6000e+00     2.694123e+02
  8.8000e+00     2.678034e+02
  9.0000e+00     2.661986e+02
  9.2000e+00     2.645981e+02
  9.4000e+00     2.630018e+02
  9.6000e+00     2.614097e+02
  9.8000e+00     2.598218e+02
  1.0000e+01     2.582382e+02
  1.0200e+01     2.566589e+02
  1.0400e+01     2.550839e+02
  1.0600e+01     2.535131e+02
  1.0800e+01     2.519468e+02
  1.1000e+01     2.503847e+02
  1.1200e+01     2.488271e+02
  1.1400e+01     2.472738e+02
  1.1600e+01     2.457249e+02
  1.1800e+01     2.441805e+02
  1.2000e+01     2.426404e+02
  1.2200e+01     2.411049e+02
  1.2400e+01     2.395738e+02
  1.2600e+01     2.380472e+02
  1.2800e+01     2.365251e+02
  1.3000e+01     2.350076e+02
  1.3200e+01     2.334946e+02
  1.3400e+01     2.319861e+02
  1.3600e+01     2.304823e+02
  1.3800e+01     2.289830e+02
  1.4000e+01     2.274884e+02
  1.4200e+01     2.259984e+02
  1.4400e+01     2.245131e+02
  1.4600e+01     2.230325e+02
  1.4800e+01     2.215565e+02
  1.5000e+01     2.200853e+02
  1.5200e+01     2.186188e+02
  1.5400e+01     2.171571e+02
  1.5600e+01     2.157001e+02
  1.5800e+01     2.142479e+02
  1.6000e+01     2.128006e+02
  1.6200e+01     2.113581e+02
  1.6400e+01     2.099204e+02
  1.6600e+01     2.084876e+02
  1.6800e+01     2.070597e+02
  1.7000e+01     2.056367e+02
  1.7200e+01     2.042186e+02
  1.7400e+01     2.028054e+02
  1.7600e+01     2.013973e+02
  1.7800e+01     1.999941e+02
  1.8000e+01     1.985959e+02
  1.8200e+01     1.972027e+02
  1.8400e+01     1.958146e+02
  1.8600e+01     1.944315e+02
  1.8800e+01     1.930536e+02
  1.9000e+01     1.916807e+02
  1.9200e+01     1.903129e+02
  1.9400e+01     1.889503e+02
  1.9600e+01     1.875928e+02
  1.9800e+01     1.862405e+02
  2.0000e+01     1.848934e+02
  2.0200e+01     1.835515e+02
  2.0400e+01     1.822148e+02
  2.0600e+01     1.808834e+02
  2.0800e+01     1.795572e+02
  2.1000e+01     1.782363e+02
  2.1200e+01     1.765479e+02
  2.1400e+01     1.748285e+02
  2.1600e+01     1.731199e+02
  2.1800e+01     1.714222e+02
  2.2000e+01     1.697354e+02
  2.2200e+01     1.680595e+02
  2.2400e+01     1.663945e+02
  2.2600e+01     1.647405e+02
  2.2800e+01     1.630974e+02
  2.3000e+01     1.614653e+02
  2.3200e+01     1.598442e+02
  2.3400e+01     1.582342e+02
  2.3600e+01     1.566351e+02
  2.3800e+01     1.550471e+02
  2.4000e+01     1.534701e+02
  2.4200e+01     1.519041e+02
  2.4400e+01     1.503492e+02
  2.4600e+01     1.488054e+02
  2.4800e+01     1.472726e+02
  2.5000e+01     1.457509e+02
  2.5200e+01     1.442402e+02
  2.5400e+01     1.427406e+02
  2.5600e+01     1.412520e+02
  2.5800e+01     1.397745e+02
  2.6000e+01     1.383080e+02
  2.6200e+01     1.368525e+02
  2.6400e+01     1.354080e+02
  2.6600e+01     1.339745e+02
  2.6800e+01     1.325520e+02
  2.7000e+01     1.311405e+02
  2.7200e+01     1.297399e+02
  2.7400e+01     1.283503e+02
  2.7600e+01     1.269716e+02
  2.7800e+01     1.256037e+02
  2.8000e+01     1.242468e+02
  2.8200e+01     1.229006e+02
  2.8400e+01     1.215654e+02
  2.8600e+01     1.202409e+02
  2.8800e+01     1.189272e+02
  2.9000e+01     1.176242e+02
  2.9200e+01     1.163320e+02
  2.9400e+01     1.150504e+02
  2.9600e+01     1.137795e+02
  2.9800e+01     1.125193e+02
  3.0000e+01     1.112696e+02
  3.0200e+01     1.100305e+02
  3.0400e+01     1.088019e+02
  3.0600e+01     1.075838e+02
  3.0800e+01     1.063762e+02
  3.1000e+01     1.051790e+02
  3.1200e+01     1.039921e+02
  3.1400e+01     1.028156e+02
  3.1600e+01     1.016494e+02
  3.1800e+01     1.004935e+02
  3.2000e+01     9.934785e+01
  3.2200e+01     9.821231e+01
  3.2400e+01     9.708692e+01
  3.2600e+01     9.597161e+01
  3.2800e+01     9.486636e+01
  3.3000e+01     9.377110e+01
  3.3200e+01     9.268581e+01
  3.3400e+01     9.161042e+01
  3.3600e+01     9.054490e+01
  3.3800e+01     8.948920e+01
  3.4000e+01     8.844327e+01
  3.4200e+01     8.740706e+01
  3.4400e+01     8.638052e+01
  3.4600e+01     8.536361e+01
  3.4800e+01     8.435627e+01
  3.5000e+01     8.335845e+01
  3.5200e+01     8.237010e+01
  3.5400e+01     8.139117e+01
  3.5600e+01     8.042162e+01
  3.5800e+01     7.946138e+01
  3.6000e+01     7.851040e+01
  3.6200e+01     7.756864e+01
  3.6400e+01     7.663603e+01
  3.6600e+01     7.571253e+01
  3.6800e+01     7.479808e+01
  3.7000e+01     7.389262e+01
  3.7200e+01     7.299611e+01
  3.7400e+01     7.210848e+01
  3.7600e+01     7.122969e+01
  3.7800e+01     7.035967e+01
  3.8000e+01     6.949838e+01
  3.8200e+01     6.864574e+01
  3.8400e+01     6.780172e+01
  3.8600e+01     6.696625e+01
  3.8800e+01     6.613928e+01
  3.9000e+01     6.532075e+01
  3.9200e+01     6.451060e+01
  3.9400e+01     6.370878e+01
  3.9600e+01     6.291522e+01
  3.9800e+01     6.212988e+01
  4.0000e+01     6.135270e+01
  4.0200e+01     6.058361e+01
  4.0400e+01     5.982257e+01
  4.0600e+01     5.906950e+01
  4.0800e+01     5.832436e+01
  4.1000e+01     5.758709e+01
  4.1200e+01     5.685763e+01
  4.1400e+01     5.613593e+01
  4.1600e+01     5.542191e+01
  4.1800e+01     5.471554e+01
  4.2000e+01     5.401674e+01
  4.2200e+01     5.332547e+01
  4.2400e+01     5.264166e+01
  4.2600e+01     5.196526e+01
  4.2800e+01     5.129621e+01
  4.3000e+01     5.063445e+01
  4.3200e+01     4.997992e+01
  4.3400e+01     4.933257e+01
  4.3600e+01     4.869234e+01
  4.3800e+01     4.805917e+01
  4.4000e+01     4.743301e+01
  4.4200e+01     4.681380e+01
  4.4400e+01     4.620148e+01
  4.4600e+01     4.559599e+01
  4.4800e+01     4.499728e+01
  4.5000e+01     4.440529e+01
  4.5200e+01     4.381996e+01
  4.5400e+01     4.324125e+01
  4.5600e+01     4.266909e+01
  4.5800e+01     4.210342e+01
  4.6000e+01     4.154419e+01
  4.6200e+01     4.099135e+01
  4.6400e+01     4.044484e+01
  4.6600e+01     3.990460e+01
  4.6800e+01     3.937058e+01
  4.7000e+01     3.884273e+01
  4.7200e+01     3.832098e+01
  4.7400e+01     3.780529e+01
  4.7600e+01     3.729561e+01
  4.7800e+01     3.679186e+01
  4.8000e+01     3.629401e+01
  4.8200e+01     3.580200e+01
  4.8400e+01     3.531577e+01
  4.8600e+01     3.483528e+01
  4.8800e+01     3.436047e+01
  4.9000e+01     3.389128e+01
  4.9200e+01     3.342767e+01
  4.9400e+01     3.296957e+01
  4.9600e+01     3.251695e+01
  4.9800e+01     3.206975e+01
  5.0000e+01     3.162791e+01
  5.0200e+01     3.119139e+01
  5.0400e+01     3.076013e+01
  5.0600e+01     3.033409e+01
  5.0800e+01     2.991321e+01
  5.1000e+01     2.949744e+01
  5.1200e+01     2.908674e+01
  5.1400e+01     2.868105e+01
  5.1600e+01     2.828032e+01
  5.1800e+01     2.788451e+01
  5.2000e+01     2.749356e+01
  5.2200e+01     2.710744e+01
  5.2400e+01     2.672608e+01
  5.2600e+01     2.634945e+01
  5.2800e+01     2.597748e+01
  5.3000e+01     2.561015e+01
  5.3200e+01     2.524740e+01
  5.3400e+01     2.488918e+01
  5.3600e+01     2.453544e+01
  5.3800e+01     2.418615e+01
  5.4000e+01     2.384125e+01
  5.4200e+01     2.350070e+01
  5.4400e+01     2.316446e+01
  5.4600e+01     2.283247e+01
  5.4800e+01     2.250470e+01
  5.5000e+01     2.218110e+01
  5.5200e+01     2.186163e+01
  5.5400e+01     2.154624e+01
  5.5600e+01     2.123489e+01
  5.5800e+01     2.092753e+01
  5.6000e+01     2.062413e+01
  5.6200e+01     2.032464e+01
  5.6400e+01     2.002902e+01
  5.6600e+01     1.973722e+01
  5.6800e+01     1.944921e+01
  5.7000e+01     1.916495e+01
  5.7200e+01     1.888439e+01
  5.7400e+01     1.860749e+01
  5.7600e+01     1.833422e+01
  5.7800e+01     1.806452e+01
  5.8000e+01     1.779838e+01
  5.8200e+01     1.753573e+01
  5.8400e+01     1.727655e+01
  5.8600e+01     1.702080e+01
  5.8800e+01     1.676843e+01
  5.9000e+01     1.651942e+01
  5.9200e+01     1.627372e+01
  5.9400e+01     1.603129e+01
  5.9600e+01     1.579210e+01
  5.9800e+01     1.555611e+01
  6.0000e+01     1.532328e+01
  6.0200e+01     1.509359e+01
  6.0400e+01     1.486698e+01
  6.0600e+01     1.464343e+01
  6.0800e+01     1.442290e+01
  6.1000e+01     1.420536e+01
  6.1200e+01     1.399078e+01
  6.1400e+01     1.377910e+01
  6.1600e+01     1.357032e+01
  6.1800e+01     1.336438e+01
  6.2000e+01     1.316125e+01
  6.2200e+01     1.296091e+01
  6.2400e+01     1.276333e+01
  6.2600e+01     1.256845e+01
  6.2800e+01     1.237627e+01
  6.3000e+01     1.218673e+01
  6.3200e+01     1.199982e+01
  6.3400e+01     1.181550e+01
  6.3600e+01     1.163374e+01
  6.3800e+01     1.145450e+01
  6.4000e+01     1.127777e+01
  6.4200e+01     1.110350e+01
  6.4400e+01     1.093167e+01
  6.4600e+01     1.076225e+01
  6.4800e+01     1.059520e+01
  6.5000e+01     1.043051e+01
  6.5200e+01     1.026813e+01
  6.5400e+01     1.010805e+01
  6.5600e+01     9.950241e+00
  6.5800e+01     9.794660e+00
  6.6000e+01     9.641287e+00
  6.6200e+01     9.490096e+00
  6.6400e+01     9.341059e+00
  6.6600e+01     9.194148e+00
  6.6800e+01     9.049338e+00
  6.7000e+01     8.906602e+00
  6.7200e+01     8.765914e+00
  6.7400e+01     8.627249e+00
  6.7600e+01     8.490580e+00
  6.7800e+01     8.355883e+00
  6.8000e+01     8.223132e+00
  6.8200e+01     8.092302e+00
  6.8400e+01     7.963370e+00
  6.8600e+01     7.836311e+00
  6.8800e+01     7.711101e+00
  6.9000e+01     7.587715e+00
  6.9200e+01     7.466132e+00
  6.9400e+01     7.346327e+00
  6.9600e+01     7.228278e+00
  6.9800e+01     7.111961e+00
  7.0000e+01     6.997354e+00
  7.0200e+01     6.884436e+00
  7.0400e+01     6.773183e+00
  7.0600e+01     6.663575e+00
  7.0800e+01     6.555589e+00
  7.1000e+01     6.449204e+00
  7.1200e+01     6.344400e+00
  7.1400e+01     6.241155e+00
  7.1600e+01     6.139449e+00
  7.1800e+01     6.039261e+00
  7.2000e+01     5.940571e+00
  7.2200e+01     5.843360e+00
  7.2400e+01     5.747607e+00
  7.2600e+01     5.653293e+00
  7.2800e+01     5.560399e+00
  7.3000e+01     5.468905e+00
  7.3200e+01     5.378793e+00
  7.3400e+01     5.290045e+00
  7.3600e+01     5.202641e+00
  7.3800e+01     5.116564e+00
  7.4000e+01     5.031795e+00
  7.4200e+01     4.948318e+00
  7.4400e+01     4.866113e+00
  7.4600e+01     4.785164e+00
  7.4800e+01     4.705454e+00
  7.5000e+01     4.626965e+00
  7.5200e+01     4.549681e+00
  7.5400e+01     4.473586e+00
  7.5600e+01     4.398662e+00
  7.5800e+01     4.324894e+00
  7.6000e+01     4.252265e+00
  7.6200e+01     4.180761e+00
  7.6400e+01     4.110364e+00
  7.6600e+01     4.041061e+00
  7.6800e+01     3.972835e+00
  7.7000e+01     3.905671e+00
  7.7200e+01     3.839554e+00
  7.7400e+01     3.774471e+00
  7.7600e+01     3.710406e+00
  7.7800e+01     3.647344e+00
  7.8000e+01     3.585273e+00
  7.8200e+01     3.524177e+00
  7.8400e+01     3.464042e+00
  7.8600e+01     3.404856e+00
  7.8800e+01     3.346605e+00
  7.9000e+01     3.289275e+00
  7.9200e+01     3.232853e+00
  7.9400e+01     3.177326e+00
  7.9600e+01     3.122682e+00
  7.9800e+01     3.068907e+00
  8.0000e+01     3.015989e+00
  8.0200e+01     2.963916e+00
  8.0400e+01     2.912675e+00
  8.0600e+01     2.862255e+00
  8.0800e+01     2.812644e+00
  8.1000e+01     2.763829e+00
  8.1200e+01     2.715799e+00
  8.1400e+01     2.668543e+00
  8.1600e+01     2.622049e+00
  8.1800e+01     2.576306e+00
  8.2000e+01     2.531304e+00
  8.2200e+01     2.487030e+00
  8.2400e+01     2.443476e+00
  8.2600e+01     2.400629e+00
  8.2800e+01     2.358479e+00
  8.3000e+01     2.317017e+00
  8.3200e+01     2.276232e+00
  8.3400e+01     2.236113e+00
  8.3600e+01     2.196652e+00
  8.3800e+01     2.157837e+00
  8.4000e+01     2.119660e+00
  8.4200e+01     2.082111e+00
  8.4400e+01     2.045180e+00
  8.4600e+01     2.008859e+00
  8.4800e+01     1.973137e+00
  8.5000e+01     1.938006e+00
  8.5200e+01     1.903458e+00
  8.5400e+01     1.869482e+00
  8.5600e+01     1.836072e+00
  8.5800e+01     1.803217e+00
  8.6000e+01     1.770909e+00
  8.6200e+01     1.739141e+00
  8.6400e+01     1.707903e+00
  8.6600e+01     1.677189e+00
  8.6800e+01     1.646989e+00
  8.7000e+01     1.617296e+00
  8.7200e+01     1.588102e+00
  8.7400e+01     1.559399e+00
  8.7600e+01     1.531180e+00
  8.7800e+01     1.503438e+00
  8.8000e+01     1.476164e+00
  8.8200e+01     1.449352e+00
  8.8400e+01     1.422995e+00
  8.8600e+01     1.397085e+00
  8.8800e+01     1.371615e+00
  8.9000e+01     1.346579e+00
  8.9200e+01     1.321970e+00
  8.9400e+01     1.297781e+00
  8.9600e+01     1.274006e+00
  8.9800e+01     1.250637e+00
  9.0000e+01     1.227669e+00
  9.0200e+01     1.205095e+00
  9.0400e+01     1.182910e+00
  9.0600e+01     1.161106e+00
  9.0800e+01     1.139678e+00
  9.1000e+01     1.118620e+00
  9.1200e+01     1.097927e+00
  9.1400e+01     1.077591e+00
  9.1600e+01     1.057608e+00
  9.1800e+01     1.037971e+00
  9.2000e+01     1.018676e+00
  9.2200e+01     9.997176e-01
  9.2400e+01     9.810889e-01
  9.2600e+01     9.627853e-01
  9.2800e+01     9.448016e-01
  9.3000e+01     9.271327e-01
  9.3200e+01     9.097734e-01
  9.3400e+01     8.927187e-01
  9.3600e+01     8.759637e-01
  9.3800e+01     8.595035e-01
  9.4000e+01     8.433334e-01
  9.4200e+01     8.274486e-01
  9.4400e+01     8.118444e-01
  9.4600e+01     7.965163e-01
  9.4800e+01     7.814597e-01
  9.5000e+01     7.666703e-01
  9.5200e+01     7.521435e-01
  9.5400e+01     7.378751e-01
  9.5600e+01     7.238608e-01
  9.5800e+01     7.100965e-01
  9.6000e+01     6.965780e-01
  9.6200e+01     6.833012e-01
  9.6400e+01     6.702622e-01
  9.6600e+01     6.574569e-01
  9.6800e+01     6.448815e-01
  9.7000e+01     6.325322e-01
  9.7200e+01     6.204052e-01
  9.7400e+01     6.084968e-01
  9.7600e+01     5.968033e-01
  9.7800e+01     5.853211e-01
  9.8000e+01     5.740467e-01
  9.8200e+01     5.629766e-01
  9.8400e+01     5.521074e-01
  9.8600e+01     5.414356e-01
  9.8800e+01     5.309579e-01
  9.9000e+01     5.206711e-01
  9.9200e+01     5.105718e-01
  9.9400e+01     5.006571e-01
  9.9600e+01     4.909236e-01
  9.9800e+01     4.813683e-01
  1.0000e+02     4.719882e-01
  1.0020e+02     4.627803e-01
  1.0040e+02     4.537417e-01
  1.0060e+02     4.448694e-01
  1.0080e+02     4.361605e-01
  1.0100e+02     4.276124e-01
  1.0120e+02     4.192222e-01
  1.0140e+02     4.109873e-01
  1.0160e+02     4.029048e-01
  1.0180e+02     3.949723e-01
  1.0200e+02     3.871870e-01
  1.0220e+02     3.795466e-01
  1.0240e+02     3.720483e-01
  1.0260e+02     3.646899e-01
  1.0280e+02     3.574688e-01
  1.0300e+02     3.503826e-01
  1.0320e+02     3.434291e-01
  1.0340e+02     3.366058e-01
  1.0360e+02     3.299105e-01
  1.0380e+02     3.233410e-01
  1.0400e+02     3.168950e-01
  1.0420e+02     3.105705e-01
  1.0440e+02     3.043651e-01
  1.0460e+02     2.982769e-01
  1.0480e+02     2.923038e-01
  1.0500e+02     2.864438e-01
  1.0520e+02     2.806947e-01
  1.0540e+02     2.750548e-01
  1.0560e+02     2.695220e-01
  1.0580e+02     2.640944e-01
  1.0600e+02     2.587702e-01
  1.0620e+02     2.535475e-01
  1.0640e+02     2.484245e-01
  1.0660e+02     2.433994e-01
  1.0680e+02     2.384705e-01
  1.0700e+02     2.336361e-01
  1.0720e+02     2.288944e-01
  1.0740e+02     2.242437e-01
  1.0760e+02     2.196826e-01
  1.0780e+02     2.152092e-01
  1.0800e+02     2.108221e-01
  1.0820e+02     2.065197e-01
  1.0840e+02     2.023005e-01
  1.0860e+02     1.981629e-01
  1.0880e+02     1.941055e-01
  1.0900e+02     1.901267e-01
  1.0920e+02     1.862253e-01
  1.0940e+02     1.823997e-01
  1.0960e+02     1.786486e-01
  1.0980e+02     1.749706e-01
  1.1000e+02     1.713644e-01
  1.1020e+02     1.678287e-01
  1.1040e+02     1.643621e-01
  1.1060e+02     1.609634e-01
  1.1080e+02     1.576314e-01
  1.1100e+02     1.543648e-01
  1.1120e+02     1.511625e-01
  1.1140e+02     1.480231e-01
  1.1160e+02     1.449456e-01
  1.1180e+02     1.419289e-01
  1.1200e+02     1.389717e-01
  1.1220e+02     1.360730e-01
  1.1240e+02     1.332317e-01
  1.1260e+02     1.304467e-01
  1.1280e+02     1.277170e-01
  1.1300e+02     1.250416e-01
  1.1320e+02     1.224193e-01
  1.1340e+02     1.198493e-01
  1.1360e+02     1.173306e-01
  1.1380e+02     1.148621e-01
  1.1400e+02     1.124430e-01
  1.1420e+02     1.100723e-01
  1.1440e+02     1.077491e-01
  1.1460e+02     1.054725e-01
  1.1480e+02     1.032416e-01
  1.1500e+02     1.010556e-01
  1.1520e+02     9.891356e-02
  1.1540e+02     9.681471e-02
  1.1560e+02     9.475822e-02
  1.1580e+02     9.274326e-02
  1.1600e+02     9.076906e-02
  1.1620e+02     8.883484e-02
  1.1640e+02     8.693983e-02
  1.1660e+02     8.508328e-02
  1.1680e+02     8.326445e-02
  1.1700e+02     8.148262e-02
  1.1720e+02     7.973708e-02
  1.1740e+02     7.802714e-02
  1.1760e+02     7.635210e-02
  1.1780e+02     7.471130e-02
  1.1800e+02     7.310407e-02
  1.1820e+02     7.152976e-02
  1.1840e+02     6.998774e-02
  1.1860e+02     6.847738e-02
  1.1880e+02     6.699807e-02
  1.1900e+02     6.554920e-02
  1.1920e+02     6.413018e-02
  1.1940e+02     6.274044e-02
  1.1960e+02     6.137939e-02
  1.1980e+02     6.004647e-02
  1.2000e+02     5.874115e-02
  1.2020e+02     5.746287e-02
  1.2040e+02     5.621111e-02
  1.2060e+02     5.498535e-02
  1.2080e+02     5.378507e-02
  1.2100e+02     5.260978e-02
  1.2120e+02     5.145898e-02
  1.2140e+02     5.033218e-02
  1.2160e+02     4.922893e-02
  1.2180e+02     4.814874e-02
  1.2200e+02     4.709116e-02
  1.2220e+02     4.605575e-02
  1.2240e+02     4.504206e-02
  1.2260e+02     4.404966e-02
  1.2280e+02     4.307813e-02
  1.2300e+02     4.212705e-02
  1.2320e+02     4.119602e-02
  1.2340e+02     4.028462e-02
  1.2360e+02     3.939248e-02
  1.2380e+02     3.851921e-02
  1.2400e+02     3.766442e-02
  1.2420e+02     3.682775e-02
  1.2440e+02     3.600883e-02
  1.2460e+02     3.520730e-02
  1.2480e+02     3.442282e-02
  1.2500e+02     3.365503e-02
  1.2520e+02     3.290361e-02
  1.2540e+02     3.216822e-02
  1.2560e+02     3.144853e-02
  1.2580e+02     3.074424e-02
  1.2600e+02     3.005502e-02
  1.2620e+02     2.938057e-02
  1.2640e+02     2.872059e-02
  1.2660e+02     2.807478e-02
  1.2680e+02     2.744286e-02
  1.2700e+02     2.682453e-02
  1.2720e+02     2.621954e-02
  1.2740e+02     2.562759e-02
  1.2760e+02     2.504842e-02
  1.2780e+02     2.448178e-02
  1.2800e+02     2.392739e-02
  1.2820e+02     2.338502e-02
  1.2840e+02     2.285441e-02
  1.2860e+02     2.233533e-02
  1.2880e+02     2.182752e-02
  1.2900e+02     2.133077e-02
  1.2920e+02     2.084483e-02
  1.2940e+02     2.036949e-02
  1.2960e+02     1.990453e-02
  1.2980e+02     1.944973e-02
  1.3000e+02     1.900488e-02
  1.3020e+02     1.856978e-02
  1.3040e+02     1.814421e-02
  1.3060e+02     1.772798e-02
  1.3080e+02     1.732090e-02
  1.3100e+02     1.692277e-02
  1.3120e+02     1.653341e-02
  1.3140e+02     1.615264e-02
  1.3160e+02     1.578026e-02
  1.3180e+02     1.541611e-02
  1.3200e+02     1.506001e-02
  1.3220e+02     1.471180e-02
  1.3240e+02     1.437130e-02
  1.3260e+02     1.403836e-02
  1.3280e+02     1.371281e-02
  1.3300e+02     1.339450e-02
  1.3320e+02     1.308327e-02
  1.3340e+02     1.277898e-02
  1.3360e+02     1.248147e-02
  1.3380e+02     1.219060e-02
  1.3400e+02     1.190624e-02
  1.3420e+02     1.162824e-02
  1.3440e+02     1.135646e-02
  1.3460e+02     1.109078e-02
  1.3480e+02     1.083106e-02
  1.3500e+02     1.057718e-02
  1.3520e+02     1.032900e-02
  1.3540e+02     1.008642e-02
  1.3560e+02     9.849298e-03
  1.3580e+02     9.617530e-03
  1.3600e+02     9.390997e-03
  1.3620e+02     9.169585e-03
  1.3640e+02     8.953185e-03
  1.3660e+02     8.741687e-03
  1.3680e+02     8.534987e-03
  1.3700e+02     8.332979e-03
  1.3720e+02     8.135563e-03
  1.3740e+02     7.942638e-03
  1.3760e+02     7.754108e-03
  1.3780e+02     7.569875e-03
  1.3800e+02     7.389847e-03
  1.3820e+02     7.213932e-03
  1.3840e+02     7.042040e-03
  1.3860e+02     6.874083e-03
  1.3880e+02     6.709976e-03
  1.3900e+02     6.549633e-03
  1.3920e+02     6.392972e-03
  1.3940e+02     6.239912e-03
  1.3960e+02     6.090375e-03
  1.3980e+02     5.944282e-03
  1.4000e+02     5.801558e-03
  1.4020e+02     5.662128e-03
  1.4040e+02     5.525920e-03
  1.4060e+02     5.392863e-03
  1.4080e+02     5.262886e-03
  1.4100e+02     5.135922e-03
  1.4120e+02     5.011903e-03
  1.4140e+02     4.890764e-03
  1.4160e+02     4.772442e-03
  1.4180e+02     4.656873e-03
  1.4200e+02     4.543997e-03
  1.4220e+02     4.433752e-03
  1.4240e+02     4.326081e-03
  1.4260e+02     4.220926e-03
  1.4280e+02     4.118231e-03
  1.4300e+02     4.017939e-03
  1.4320e+02     3.919999e-03
  1.4340e+02     3.824356e-03
  1.4360e+02     3.730959e-03
  1.4380e+02     3.639758e-03
  1.4400e+02     3.550703e-03
  1.4420e+02     3.463745e-03
  1.4440e+02     3.378838e-03
  1.4460e+02     3.295935e-03
  1.4480e+02     3.214991e-03
  1.4500e+02     3.135961e-03
  1.4520e+02     3.058802e-03
  1.4540e+02     2.983471e-03
  1.4560e+02     2.909928e-03
  1.4580e+02     2.838130e-03
  1.4600e+02     2.768039e-03
  1.4620e+02     2.699616e-03
  1.4640e+02     2.632822e-03
  1.4660e+02     2.567621e-03
  1.4680e+02     2.503975e-03
  1.4700e+02     2.441850e-03
  1.4720e+02     2.381210e-03
  1.4740e+02     2.322022e-03
  1.4760e+02     2.264251e-03
  1.4780e+02     2.207866e-03
  1.4800e+02     2.152834e-03
  1.4820e+02     2.099125e-03
  1.4840e+02     2.046708e-03
  1.4860e+02     1.995552e-03
  1.4880e+02     1.945630e-03
  1.4900e+02     1.896911e-03
  1.4920e+02     1.849370e-03
  1.4940e+02     1.802977e-03
  1.4960e+02     1.757706e-03
  1.4980e+02     1.713532e-03
  1.5000e+02     1.670429e-03
  1.5020e+02     1.628372e-03
  1.5040e+02     1.587336e-03
  1.5060e+02     1.547298e-03
  1.5080e+02     1.508235e-03
  1.5100e+02     1.470123e-03
  1.5120e+02     1.432940e-03
  1.5140e+02     1.396665e-03
  1.5160e+02     1.361276e-03
  1.5180e+02     1.326752e-03
  1.5200e+02     1.293074e-03
  1.5220e+02     1.260221e-03
  1.5240e+02     1.228173e-03
  1.5260e+02     1.196913e-03
  1.5280e+02     1.166420e-03
  1.5300e+02     1.136678e-03
  1.5320e+02     1.107667e-03
  1.5340e+02     1.079372e-03
  1.5360e+02     1.051775e-03
  1.5380e+02     1.024859e-03
  1.5400e+02     9.986082e-04
  1.5420e+02     9.730070e-04
  1.5440e+02     9.480398e-04
  1.5460e+02     9.236914e-04
  1.5480e+02     8.999471e-04
  1.5500e+02     8.767925e-04
  1.5520e+02     8.542134e-04
  1.5540e+02     8.321962e-04
  1.5560e+02     8.107272e-04
  1.5580e+02     7.897935e-04
  1.5600e+02     7.693822e-04
  1.5620e+02     7.494806e-04
  1.5640e+02     7.300766e-04
  1.5660e+02     7.111581e-04
  1.5680e+02     6.927135e-04
  1.5700e+02     6.747313e-04
  1.5720e+02     6.572004e-04
  1.5740e+02     6.401099e-04
  1.5760e+02     6.234490e-04
  1.5780e+02     6.072074e-04
  1.5800e+02     5.913750e-04
  1.5820e+02     5.759417e-04
  1.5840e+02     5.608980e-04
  1.5860e+02     5.462342e-04
  1.5880e+02     5.319413e-04
  1.5900e+02     5.180100e-04
  1.5920e+02     5.044317e-04
  1.5940e+02     4.911977e-04
  1.5960e+02     4.782995e-04
  1.5980e+02     4.657290e-04
  1.6000e+02     4.534781e-04
  1.6020e+02     4.415390e-04
  1.6040e+02     4.299041e-04
  1.6060e+02     4.185659e-04
  1.6080e+02     4.075170e-04
  1.6100e+02     3.967503e-04
  1.6120e+02     3.862590e-04
  1.6140e+02     3.760362e-04
  1.6160e+02     3.660753e-04
  1.6180e+02     3.563697e-04
  1.6200e+02     3.469133e-04
  1.6220e+02     3.376997e-04
  1.6240e+02     3.287231e-04
  1.6260e+02     3.199775e-04
  1.6280e+02     3.114572e-04
  1.6300e+02     3.031566e-04
  1.6320e+02     2.950701e-04
  1.6340e+02     2.871926e-04
  1.6360e+02     2.795187e-04
  1.6380e+02     2.720435e-04
  1.6400e+02     2.647618e-04
  1.6420e+02     2.576689e-04
  1.6440e+02     2.507601e-04
  1.6460e+02     2.440308e-04
  1.6480e+02     2.374763e-04
  1.6500e+02     2.310925e-04
  1.6520e+02     2.248749e-04
  1.6540e+02     2.188194e-04
  1.6560e+02     2.129219e-04
  1.6580e+02     2.071784e-04
  1.6600e+02     2.015850e-04
  1.6620e+02     1.961380e-04
  1.6640e+02     1.908336e-04
  1.6660e+02     1.856683e-04
  1.6680e+02     1.806385e-04
  1.6700e+02     1.757407e-04
  1.6720e+02     1.709717e-04
  1.6740e+02     1.663282e-04
  1.6760e+02     1.618069e-04
  1.6780e+02     1.574047e-04
  1.6800e+02     1.531187e-04
  1.6820e+02     1.489458e-04
  1.6840e+02     1.448832e-04
  1.6860e+02     1.409281e-04
  1.6880e+02     1.370777e-04
  1.6900e+02     1.333293e-04
  1.6920e+02     1.296803e-04
  1.6940e+02     1.261281e-04
  1.6960e+02     1.226704e-04
  1.6980e+02     1.193045e-04
  1.7000e+02     1.160283e-04
  1.7020e+02     1.128394e-04
  1.7040e+02     1.097354e-04
  1.7060e+02     1.067143e-04
  1.7080e+02     1.037739e-04
  1.7100e+02     1.009122e-04
  1.7120e+02     9.812697e-05
  1.7140e+02     9.541636e-05
  1.7160e+02     9.277841e-05
  1.7180e+02     9.021124e-05
  1.7200e+02     8.771301e-05
  1.7220e+02     8.528193e-05
  1.7240e+02     8.291625e-05
  1.7260e+02     8.061426e-05
  1.7280e+02     7.837431e-05
  1.7300e+02     7.619478e-05
  1.7320e+02     7.407409e-05
  1.7340e+02     7.201071e-05
  1.7360e+02     7.000313e-05
  1.7380e+02     6.804989e-05
  1.7400e+02     6.614957e-05
  1.7420e+02     6.430078e-05
  1.7440e+02     6.250216e-05
  1.7460e+02     6.075240e-05
  1.7480e+02     5.905022e-05
  1.7500e+02     5.739435e-05
  1.7520e+02     5.578358e-05
  1.7540e+02     5.421673e-05
  1.7560e+02     5.269262e-05
  1.7580e+02     5.121012e-05
  1.7600e+02     4.976815e-05
  1.7620e+02     4.836562e-05
  1.7640e+02     4.700149e-05
  1.7660e+02     4.567475e-05
  1.7680e+02     4.438439e-05
  1.7700e+02     4.312945e-05
  1.7720e+02     4.190898e-05
  1.7740e+02     4.072208e-05
  1.7760e+02     3.956785e-05
  1.7780e+02     3.844541e-05
  1.7800e+02     3.735391e-05
  1.7820e+02     3.629253e-05
  1.7840e+02     3.526047e-05
  1.7860e+02     3.425693e-05
  1.7880e+02     3.328116e-05
  1.7900e+02     3.233240e-05
  1.7920e+02     3.140994e-05
  1.7940e+02     3.051306e-05
  1.7960e+02     2.964108e-05
  1.7980e+02     2.879333e-05
  1.8000e+02     2.796915e-05
  1.8020e+02     2.716792e-05
  1.8040e+02     2.638900e-05
  1.8060e+02     2.563180e-05
  1.8080e+02     2.489572e-05
  1.8100e+02     2.418021e-05
  1.8120e+02     2.348469e-05
  1.8140e+02     2.280863e-05
  1.8160e+02     2.215150e-05
  1.8180e+02     2.151279e-05
  1.8200e+02     2.089199e-05
  1.8220e+02     2.028862e-05
  1.8240e+02     1.970220e-05
  1.8260e+02     1.913226e-05
  1.8280e+02     1.857837e-05
  1.8300e+02     1.804008e-05
  1.8320e+02     1.751697e-05
  1.8340e+02     1.700861e-05
  1.8360e+02     1.651461e-05
  1.8380e+02     1.603457e-05
  1.8400e+02     1.556811e-05
  1.8420e+02     1.511486e-05
  1.8440e+02     1.467445e-05
  1.8460e+02     1.424653e-05
  1.8480e+02     1.383075e-05
  1.8500e+02     1.342679e-05
  1.8520e+02     1.303430e-05
  1.8540e+02     1.265299e-05
  1.8560e+02     1.228254e-05
  1.8580e+02     1.192264e-05
  1.8600e+02     1.157301e-05
  1.8620e+02     1.123337e-05
  1.8640e+02     1.090343e-05
  1.8660e+02     1.058292e-05
  1.8680e+02     1.027159e-05
  1.8700e+02     9.969173e-06
  1.8720e+02     9.675429e-06
  1.8740e+02     9.390113e-06
  1.8760e+02     9.112991e-06
  1.8780e+02     8.843835e-06
  1.8800e+02     8.582420e-06
  1.8820e+02     8.328532e-06
  1.8840e+02     8.081959e-06
  1.8860e+02     7.842497e-06
  1.8880e+02     7.609946e-06
  1.8900e+02     7.384112e-06
  1.8920e+02     7.164807e-06
  1.8940e+02     6.951847e-06
  1.8960e+02     6.745054e-06
  1.8980e+02     6.544254e-06
  1.9000e+02     6.349279e-06
  1.9020e+02     6.159963e-06
  1.9040e+02     5.976148e-06
  1.9060e+02     5.797678e-06
  1.9080e+02     5.624401e-06
  1.9100e+02     5.456171e-06
  1.9120e+02     5.292845e-06
  1.9140e+02     5.134284e-06
  1.9160e+02     4.980352e-06
  1.9180e+02     4.830918e-06
  1.9200e+02     4.685855e-06
  1.9220e+02     4.545037e-06
  1.9240e+02     4.408345e-06
  1.9260e+02     4.275660e-06
  1.9280e+02     4.146868e-06
  1.9300e+02     4.021858e-06
  1.9320e+02     3.900522e-06
  1.9340e+02     3.782755e-06
  1.9360e+02     3.668455e-06
  1.9380e+02     3.557523e-06
  1.9400e+02     3.449861e-06
  1.9420e+02     3.345376e-06
  1.9440e+02     3.243977e-06
  1.9460e+02     3.145575e-06
  1.9480e+02     3.050084e-06
  1.9500e+02     2.957420e-06
  1.9520e+02     2.867502e-06
  1.9540e+02     2.780250e-06
  1.9560e+02     2.695588e-06
  1.9580e+02     2.613440e-06
  1.9600e+02     2.533734e-06
  1.9620e+02     2.456400e-06
  1.9640e+02     2.381368e-06
  1.9660e+02     2.308572e-06
  1.9680e+02     2.237946e-06
  1.9700e+02     2.169429e-06
  1.9720e+02     2.102958e-06
  1.9740e+02     2.038474e-06
  1.9760e+02     1.975920e-06
  1.9780e+02     1.915239e-06
  1.9800e+02     1.856376e-06
  1.9820e+02     1.799278e-06
  1.9840e+02     1.743894e-06
  1.9860e+02     1.690174e-06
  1.9880e+02     1.638069e-06
  1.9900e+02     1.587531e-06
  1.9920e+02     1.538515e-06
  1.9940e+02     1.490977e-06
  1.9960e+02     1.444872e-06
  1.9980e+02     1.400158e-06
  2.0000e+02     1.356795e-06
  2.0020e+02     1.314744e-06
  2.0040e+02     1.273964e-06
  2.0060e+02     1.234419e-06
  2.0080e+02     1.196073e-06
  2.0100e+02     1.158889e-06
  2.0120e+02     1.122835e-06
  2.0140e+02     1.087875e-06
  2.0160e+02     1.053978e-06
  2.0180e+02     1.021112e-06
  2.0200e+02     9.892475e-07
  2.0220e+02     9.583536e-07
  2.0240e+02     9.284019e-07
  2.0260e+02     8.993643e-07
  2.0280e+02     8.712137e-07
  2.0300e+02     8.439235e-07
  2.0320e+02     8.174683e-07
  2.0340e+02     7.918231e-07
  2.0360e+02     7.669636e-07
  2.0380e+02     7.428665e-07
  2.0400e+02     7.195089e-07
  2.0420e+02     6.968687e-07
  2.0440e+02     6.749244e-07
  2.0460e+02     6.536552e-07
  2.0480e+02     6.330408e-07
  2.0500e+02     6.130614e-07
  2.0520e+02     5.936982e-07
  2.0540e+02     5.749324e-07
  2.0560e+02     5.567462e-07
  2.0580e+02     5.391221e-07
  2.0600e+02     5.220431e-07
  2.0620e+02     5.054928e-07
  2.0640e+02     4.894552e-07
  2.0660e+02     4.739148e-07
  2.0680e+02     4.588566e-07
  2.0700e+02     4.442660e-07
  2.0720e+02     4.301288e-07
  2.0740e+02     4.164313e-07
  2.0760e+02     4.031601e-07
  2.0780e+02     3.903023e-07
  2.0800e+02     3.778453e-07
  2.0820e+02     3.657769e-07
  2.0840e+02     3.540853e-07
  2.0860e+02     3.427590e-07
  2.0880e+02     3.317868e-07
  2.0900e+02     3.211580e-07
  2.0920e+02     3.108621e-07
  2.0940e+02     3.008889e-07
  2.0960e+02     2.912285e-07
  2.0980e+02     2.818714e-07
  2.1000e+02     2.728082e-07
  2.1020e+02     2.640299e-07
  2.1040e+02     2.555278e-07
  2.1060e+02     2.472935e-07
  2.1080e+02     2.393186e-07
  2.1100e+02     2.315952e-07
  2.1120e+02     2.241155e-07
  2.1140e+02     2.168721e-07
  2.1160e+02     2.098576e-07
  2.1180e+02     2.030651e-07
  2.1200e+02     1.964875e-07
  2.1220e+02     1.901183e-07
  2.1240e+02     1.839511e-07
  2.1260e+02     1.779796e-07
  2.1280e+02     1.721976e-07
  2.1300e+02     1.665994e-07
  2.1320e+02     1.611793e-07
  2.1340e+02     1.559316e-07
  2.1360e+02     1.508511e-07
  2.1380e+02     1.459325e-07
  2.1400e+02     1.411709e-07
  2.1420e+02     1.365612e-07
  2.1440e+02     1.320988e-07
  2.1460e+02     1.277791e-07
  2.1480e+02     1.235976e-07
  2.1500e+02     1.195499e-07
  2.1520e+02     1.156320e-07
  2.1540e+02     1.118397e-07
  2.1560e+02     1.081692e-07
  2.1580e+02     1.046165e-07
  2.1600e+02     1.011780e-07
  2.1620e+02     9.785012e-08
  2.1640e+02     9.462935e-08
  2.1660e+02     9.151235e-08
  2.1680e+02     8.849583e-08
  2.1700e+02     8.557663e-08
  2.1720e+02     8.275169e-08
  2.1740e+02     8.001802e-08
  2.1760e+02     7.737276e-08
  2.1780e+02     7.481309e-08
  2.1800e+02     7.233632e-08
  2.1820e+02     6.993981e-08
  2.1840e+02     6.762103e-08
  2.1860e+02     6.537752e-08
  2.1880e+02     6.320687e-08
  2.1900e+02     6.110679e-08
  2.1920e+02     5.907502e-08
  2.1940e+02     5.710940e-08
  2.1960e+02     5.520781e-08
  2.1980e+02     5.336823e-08
  2.2000e+02     5.158866e-08
  2.2020e+02     4.986720e-08
  2.2040e+02     4.820199e-08
  2.2060e+02     4.659124e-08
  2.2080e+02     4.503319e-08
  2.2100e+02     4.352617e-08
  2.2120e+02     4.206855e-08
  2.2140e+02     4.065872e-08
  2.2160e+02     3.929518e-08
  2.2180e+02     3.797642e-08
  2.2200e+02     3.670101e-08
  2.2220e+02     3.546755e-08
  2.2240e+02     3.427470e-08
  2.2260e+02     3.312115e-08
  2.2280e+02     3.200563e-08
  2.2300e+02     3.092691e-08
  2.2320e+02     2.988381e-08
  2.2340e+02     2.887518e-08
  2.2360e+02     2.789989e-08
  2.2380e+02     2.695688e-08
  2.2400e+02     2.604510e-08
  2.2420e+02     2.516353e-08
  2.2440e+02     2.431120e-08
  2.2460e+02     2.348715e-08
  2.2480e+02     2.269047e-08
  2.2500e+02     2.192027e-08
  2.2520e+02     2.117569e-08
  2.2540e+02     2.045590e-08
  2.2560e+02     1.976008e-08
  2.2580e+02     1.908745e-08
  2.2600e+02     1.843726e-08
  2.2620e+02     1.780878e-08
  2.2640e+02     1.720129e-08
  2.2660e+02     1.661411e-08
  2.2680e+02     1.604658e-08
  2.2700e+02     1.549805e-08
  2.2720e+02     1.496790e-08
  2.2740e+02     1.445552e-08
  2.2760e+02     1.396033e-08
  2.2780e+02     1.348178e-08
  2.2800e+02     1.301930e-08
  2.2820e+02     1.257238e-08
  2.2840e+02     1.214049e-08
  2.2860e+02     1.172315e-08
  2.2880e+02     1.131987e-08
  2.2900e+02     1.093020e-08
  2.2920e+02     1.055367e-08
  2.2940e+02     1.018987e-08
  2.2960e+02     9.838354e-09
  2.2980e+02     9.498731e-09
  2.3000e+02     9.170604e-09
  2.3020e+02     8.853591e-09
  2.3040e+02     8.547323e-09
  2.3060e+02     8.251444e-09
  2.3080e+02     7.965609e-09
  2.3100e+02     7.689483e-09
  2.3120e+02     7.422745e-09
  2.3140e+02     7.165080e-09
  2.3160e+02     6.916186e-09
  2.3180e+02     6.675772e-09
  2.3200e+02     6.443554e-09
  2.3220e+02     6.219259e-09
  2.3240e+02     6.002621e-09
  2.3260e+02     5.793385e-09
  2.3280e+02     5.591302e-09
  2.3300e+02     5.396134e-09
  2.3320e+02     5.207648e-09
  2.3340e+02     5.025620e-09
  2.3360e+02     4.849833e-09
  2.3380e+02     4.680079e-09
  2.3400e+02     4.516153e-09
  2.3420e+02     4.357859e-09
  2.3440e+02     4.205009e-09
  2.3460e+02     4.057418e-09
  2.3480e+02     3.914910e-09
  2.3500e+02     3.777313e-09
  2.3520e+02     3.644460e-09
  2.3540e+02     3.516192e-09
  2.3560e+02     3.392353e-09
  2.3580e+02     3.272794e-09
  2.3600e+02     3.157370e-09
  2.3620e+02     3.045940e-09
  2.3640e+02     2.938369e-09
  2.3660e+02     2.834526e-09
  2.3680e+02     2.734284e-09
  2.3700e+02     2.637521e-09
  2.3720e+02     2.544119e-09
  2.3740e+02     2.453963e-09
  2.3760e+02     2.366942e-09
  2.3780e+02     2.282950e-09
  2.3800e+02     2.201883e-09
  2.3820e+02     2.123642e-09
  2.3840e+02     2.048129e-09
  2.3860e+02     1.975252e-09
  2.3880e+02     1.904920e-09
  2.3900e+02     1.837046e-09
  2.3920e+02     1.771547e-09
  2.3940e+02     1.708339e-09
  2.3960e+02     1.647346e-09
  2.3980e+02     1.588490e-09
  2.4000e+02     1.531698e-09
  2.4020e+02     1.476900e-09
  2.4040e+02     1.424027e-09
  2.4060e+02     1.373011e-09
  2.4080e+02     1.323791e-09
  2.4100e+02     1.276302e-09
  2.4120e+02     1.230486e-09
  2.4140e+02     1.186285e-09
  2.4160e+02     1.143643e-09
  2.4180e+02     1.102506e-09
  2.4200e+02     1.062822e-09
  2.4220e+02     1.024541e-09
  2.4240e+02     9.876132e-10
  2.4260e+02     9.519927e-10
  2.4280e+02     9.176339e-10
  2.4300e+02     8.844928e-10
  2.4320e+02     8.525271e-10
  2.4340e+02     8.216960e-10
  2.4360e+02     7.919599e-10
  2.4380e+02     7.632807e-10
  2.4400e+02     7.356215e-10
  2.4420e+02     7.089467e-10
  2.4440e+02     6.832219e-10
  2.4460e+02     6.584140e-10
  2.4480e+02     6.344908e-10
  2.4500e+02     6.114215e-10
  2.4520e+02     5.891760e-10
  2.4540e+02     5.677256e-10
  2.4560e+02     5.470423e-10
  2.4580e+02     5.270992e-10
  2.4600e+02     5.078704e-10
  2.4620e+02     4.893307e-10
  2.4640e+02     4.714558e-10
  2.4660e+02     4.542224e-10
  2.4680e+02     4.376079e-10
  2.4700e+02     4.215905e-10
  2.4720e+02     4.061491e-10
  2.4740e+02     3.912633e-10
  2.4760e+02     3.769136e-10
  2.4780e+02     3.630810e-10
  2.4800e+02     3.497471e-10
  2.4820e+02     3.368945e-10
  2.4840e+02     3.245059e-10
  2.4860e+02     3.125650e-10
  2.4880e+02     3.010558e-10
  2.4900e+02     2.899631e-10
  2.4920e+02     2.792721e-10
  2.4940e+02     2.689684e-10
  2.4960e+02     2.590383e-10
  2.4980e+02     2.494685e-10
  2.5000e+02     2.402461e-10
  2.5020e+02     2.313588e-10
  2.5040e+02     2.227947e-10
  2.5060e+02     2.145421e-10
  2.5080e+02     2.065899e-10
  2.5100e+02     1.989275e-10
  2.5120e+02     1.915444e-10
  2.5140e+02     1.844306e-10
  2.5160e+02     1.775765e-10
  2.5180e+02     1.709728e-10
  2.5200e+02     1.646105e-10
  2.5220e+02     1.584810e-10
  2.5240e+02     1.525758e-10
  2.5260e+02     1.468869e-10
  2.5280e+02     1.414065e-10
  2.5300e+02     1.361272e-10
  2.5320e+02     1.310416e-10
  2.5340e+02     1.261428e-10
  2.5360e+02     1.214240e-10
  2.5380e+02     1.168788e-10
  2.5400e+02     1.125009e-10
  2.5420e+02     1.082842e-10
  2.5440e+02     1.042229e-10
  2.5460e+02     1.003114e-10
  2.5480e+02     9.654417e-11
  2.5500e+02     9.291610e-11
  2.5520e+02     8.942209e-11
  2.5540e+02     8.605727e-11
  2.5560e+02     8.281696e-11
  2.5580e+02     7.969663e-11
  2.5600e+02     7.669190e-11
  2.5620e+02     7.379858e-11
  2.5640e+02     7.101261e-11
  2.5660e+02     6.833007e-11
  2.5680e+02     6.574718e-11
  2.5700e+02     6.326032e-11
  2.5720e+02     6.086597e-11
  2.5740e+02     5.856075e-11
  2.5760e+02     5.634139e-11
  2.5780e+02     5.420477e-11
  2.5800e+02     5.214784e-11
  2.5820e+02     5.016768e-11
  2.5840e+02     4.826149e-11
  2.5860e+02     4.642653e-11
  2.5880e+02     4.466020e-11
  2.5900e+02     4.295998e-11
  2.5920e+02     4.132343e-11
  2.5940e+02     3.974820e-11
  2.5960e+02     3.823205e-11
  2.5980e+02     3.677279e-11
  2.6000e+02     3.536832e-11
  2.6020e+02     3.401662e-11
  2.6040e+02     3.271575e-11
  2.6060e+02     3.146381e-11
  2.6080e+02     3.025901e-11
  2.6100e+02     2.909960e-11
  2.6120e+02     2.798390e-11
  2.6140e+02     2.691029e-11
  2.6160e+02     2.587720e-11
  2.6180e+02     2.488314e-11
  2.6200e+02     2.392665e-11
  2.6220e+02     2.300633e-11
  2.6240e+02     2.212085e-11
  2.6260e+02     2.126891e-11
  2.6280e+02     2.044925e-11
  2.6300e+02     1.966068e-11
  2.6320e+02     1.890203e-11
  2.6340e+02     1.817218e-11
  2.6360e+02     1.747007e-11
  2.6380e+02     1.679466e-11
  2.6400e+02     1.614495e-11
  2.6420e+02     1.551997e-11
  2.6440e+02     1.491880e-11
  2.6460e+02     1.434055e-11
  2.6480e+02     1.378436e-11
  2.6500e+02     1.324940e-11
  2.6520e+02     1.273487e-11
  2.6540e+02     1.224001e-11
  2.6560e+02     1.176408e-11
  2.6580e+02     1.130636e-11
  2.6600e+02     1.086618e-11
  2.6620e+02     1.044286e-11
  2.6640e+02     1.003577e-11
  2.6660e+02     9.644308e-12
  2.6680e+02     9.267876e-12
  2.6700e+02     8.905907e-12
  2.6720e+02     8.557855e-12
  2.6740e+02     8.223193e-12
  2.6760e+02     7.901415e-12
  2.6780e+02     7.592033e-12
  2.6800e+02     7.294578e-12
  2.6820e+02     7.008595e-12
  2.6840e+02     6.733652e-12
  2.6860e+02     6.469327e-12
  2.6880e+02     6.215218e-12
  2.6900e+02     5.970937e-12
  2.6920e+02     5.736108e-12
  2.6940e+02     5.510373e-12
  2.6960e+02     5.293385e-12
  2.6980e+02     5.084811e-12
  2.7000e+02     4.884328e-12
  2.7020e+02     4.691630e-12
  2.7040e+02     4.506417e-12
  2.7060e+02     4.328404e-12
  2.7080e+02     4.157316e-12
  2.7100e+02     3.992887e-12
  2.7120e+02     3.834863e-12
  2.7140e+02     3.682997e-12
  2.7160e+02     3.537055e-12
  2.7180e+02     3.396807e-12
  2.7200e+02     3.262036e-12
  2.7220e+02     3.132532e-12
  2.7240e+02     3.008090e-12
  2.7260e+02     2.888518e-12
  2.7280e+02     2.773627e-12
  2.7300e+02     2.663237e-12
  2.7320e+02     2.557174e-12
  2.7340e+02     2.455272e-12
  2.7360e+02     2.357369e-12
  2.7380e+02     2.263312e-12
  2.7400e+02     2.172951e-12
  2.7420e+02     2.086143e-12
  2.7440e+02     2.002752e-12
  2.7460e+02     1.922644e-12
  2.7480e+02     1.845693e-12
  2.7500e+02     1.771775e-12
  2.7520e+02     1.700774e-12
  2.7540e+02     1.632576e-12
  2.7560e+02     1.567072e-12
  2.7580e+02     1.504157e-12
  2.7600e+02     1.443730e-12
  2.7620e+02     1.385695e-12
  2.7640e+02     1.329958e-12
  2.7660e+02     1.276431e-12
  2.7680e+02     1.225025e-12
  2.7700e+02     1.175660e-12
  2.7720e+02     1.128254e-12
  2.7740e+02     1.082732e-12
  2.7760e+02     1.039019e-12
  2.7780e+02     9.970455e-13
  2.7800e+02     9.567426e-13
  2.7820e+02     9.180450e-13
  2.7840e+02     8.808897e-13
  2.7860e+02     8.452161e-13
  2.7880e+02     8.109661e-13
  2.7900e+02     7.780838e-13
  2.7920e+02     7.465153e-13
  2.7940e+02     7.162090e-13
  2.7960e+02     6.871151e-13
  2.7980e+02     6.591860e-13
  2.8000e+02     6.323756e-13
  2.8020e+02     6.066398e-13
  2.8040e+02     5.819362e-13
  2.8060e+02     5.582241e-13
  2.8080e+02     5.354642e-13
  2.8100e+02     5.136188e-13
  2.8120e+02     4.926519e-13
  2.8140e+02     4.725285e-13
  2.8160e+02     4.532153e-13
  2.8180e+02     4.346802e-13
  2.8200e+02     4.168922e-13
  2.8220e+02     3.998216e-13
  2.8240e+02     3.834401e-13
  2.8260e+02     3.677201e-13
  2.8280e+02     3.526354e-13
  2.8300e+02     3.381607e-13
  2.8320e+02     3.242717e-13
  2.8340e+02     3.109449e-13
  2.8360e+02     2.981581e-13
  2.8380e+02     2.858897e-13
  2.8400e+02     2.741189e-13
  2.8420e+02     2.628258e-13
  2.8440e+02     2.519914e-13
  2.8460e+02     2.415973e-13
  2.8480e+02     2.316259e-13
  2.8500e+02     2.220602e-13
  2.8520e+02     2.128840e-13
  2.8540e+02     2.040816e-13
  2.8560e+02     1.956381e-13
  2.8580e+02     1.875390e-13
  2.8600e+02     1.797705e-13
  2.8620e+02     1.723193e-13
  2.8640e+02     1.651726e-13
  2.8660e+02     1.583181e-13
  2.8680e+02     1.517441e-13
  2.8700e+02     1.454393e-13
  2.8720e+02     1.393927e-13
  2.8740e+02     1.335941e-13
  2.8760e+02     1.280333e-13
  2.8780e+02     1.227008e-13
  2.8800e+02     1.175872e-13
  2.8820e+02     1.126838e-13
  2.8840e+02     1.079821e-13
  2.8860e+02     1.034738e-13
  2.8880e+02     9.915114e-14
  2.8900e+02     9.500656e-14
  2.8920e+02     9.103284e-14
  2.8940e+02     8.722302e-14
  2.8960e+02     8.357046e-14
  2.8980e+02     8.006874e-14
  2.9000e+02     7.671173e-14
  2.9020e+02     7.349354e-14
  2.9040e+02     7.040850e-14
  2.9060e+02     6.745119e-14
  2.9080e+02     6.461640e-14
  2.9100e+02     6.189911e-14
  2.9120e+02     5.929453e-14
  2.9140e+02     5.679805e-14
  2.9160e+02     5.440524e-14
  2.9180e+02     5.211187e-14
  2.9200e+02     4.991386e-14
  2.9220e+02     4.780730e-14
  2.9240e+02     4.578843e-14
  2.9260e+02     4.385366e-14
  2.9280e+02     4.199954e-14
  2.9300e+02     4.022275e-14
  2.9320e+02     3.852011e-14
  2.9340e+02     3.688857e-14
  2.9360e+02     3.532520e-14
  2.9380e+02     3.382720e-14
  2.9400e+02     3.239187e-14
  2.9420e+02     3.101662e-14
  2.9440e+02     2.969897e-14
  2.9460e+02     2.843655e-14
  2.9480e+02     2.722707e-14
  2.9500e+02     2.606835e-14
  2.9520e+02     2.495827e-14
  2.9540e+02     2.389484e-14
  2.9560e+02     2.287611e-14
  2.9580e+02     2.190024e-14
  2.9600e+02     2.096544e-14
  2.9620e+02     2.007001e-14
  2.9640e+02     1.921232e-14
  2.9660e+02     1.839079e-14
  2.9680e+02     1.760393e-14
  2.9700e+02     1.685028e-14
  2.9720e+02     1.612848e-14
  2.9740e+02     1.543718e-14
  2.9760e+02     1.477512e-14
  2.9780e+02     1.414109e-14
  2.9800e+02     1.353390e-14
  2.9820e+02     1.295244e-14
  2.9840e+02     1.239563e-14
  2.9860e+02     1.186244e-14
  2.9880e+02     1.135189e-14
  2.9900e+02     1.086302e-14
  2.9920e+02     1.039493e-14
  2.9940e+02     9.946749e-15
  2.9960e+02     9.517636e-15
  2.9980e+02     9.106794e-15
  3.0000e+02     8.713454e-15
  3.0020e+02     8.336883e-15
  3.0040e+02     7.976374e-15
  3.0060e+02     7.631251e-15
  3.0080e+02     7.300867e-15
  3.0100e+02     6.984601e-15
  3.0120e+02     6.681857e-15
  3.0140e+02     6.392066e-15
  3.0160e+02     6.114680e-15
  3.0180e+02     5.849176e-15
  3.0200e+02     5.595052e-15
  3.0220e+02     5.351825e-15
  3.0240e+02     5.119036e-15
  3.0260e+02     4.896242e-15
  3.0280e+02     4.683020e-15
  3.0300e+02     4.478964e-15
  3.0320e+02     4.283685e-15
  3.0340e+02     4.096811e-15
  3.0360e+02     3.917985e-15
  3.0380e+02     3.746865e-15
  3.0400e+02     3.583123e-15
  3.0420e+02     3.426445e-15
  3.0440e+02     3.276531e-15
  3.0460e+02     3.133093e-15
  3.0480e+02     2.995853e-15
  3.0500e+02     2.864549e-15
  3.0520e+02     2.738927e-15
  3.0540e+02     2.618743e-15
  3.0560e+02     2.503767e-15
  3.0580e+02     2.393774e-15
  3.0600e+02     2.288553e-15
  3.0620e+02     2.187898e-15
  3.0640e+02     2.091614e-15
  3.0660e+02     1.999514e-15
  3.0680e+02     1.911418e-15
  3.0700e+02     1.827155e-15
  3.0720e+02     1.746559e-15
  3.0740e+02     1.669474e-15
  3.0760e+02     1.595749e-15
  3.0780e+02     1.525238e-15
  3.0800e+02     1.457804e-15
  3.0820e+02     1.393314e-15
  3.0840e+02     1.331642e-15
  3.0860e+02     1.272665e-15
  3.0880e+02     1.216267e-15
  3.0900e+02     1.162337e-15
  3.0920e+02     1.110769e-15
  3.0940e+02     1.061461e-15
  3.0960e+02     1.014314e-15
  3.0980e+02     9.692350e-16
  3.1000e+02     9.261348e-16
  3.1020e+02     8.849273e-16
  3.1040e+02     8.455307e-16
  3.1060e+02     8.078663e-16
  3.1080e+02     7.718589e-16
  3.1100e+02     7.374366e-16
  3.1120e+02     7.045305e-16
  3.1140e+02     6.730747e-16
  3.1160e+02     6.430060e-16
  3.1180e+02     6.142640e-16
  3.1200e+02     5.867910e-16
  3.1220e+02     5.605317e-16
  3.1240e+02     5.354331e-16
  3.1260e+02     5.114446e-16
  3.1280e+02     4.885176e-16
  3.1300e+02     4.666059e-16
  3.1320e+02     4.456650e-16
  3.1340e+02     4.256524e-16
  3.1360e+02     4.065275e-16
  3.1380e+02     3.882515e-16
  3.1400e+02     3.707871e-16
  3.1420e+02     3.540987e-16
  3.1440e+02     3.381524e-16
  3.1460e+02     3.229154e-16
  3.1480e+02     3.083567e-16
  3.1500e+02     2.944464e-16
  3.1520e+02     2.811561e-16
  3.1540e+02     2.684584e-16
  3.1560e+02     2.563272e-16
  3.1580e+02     2.447376e-16
  3.1600e+02     2.336657e-16
  3.1620e+02     2.230887e-16
  3.1640e+02     2.129847e-16
  3.1660e+02     2.033328e-16
  3.1680e+02     1.941131e-16
  3.1700e+02     1.853064e-16
  3.1720e+02     1.768945e-16
  3.1740e+02     1.688599e-16
  3.1760e+02     1.611858e-16
  3.1780e+02     1.538564e-16
  3.1800e+02     1.468562e-16
  3.1820e+02     1.401708e-16
  3.1840e+02     1.337860e-16
  3.1860e+02     1.276887e-16
  3.1880e+02     1.218659e-16
  3.1900e+02     1.163055e-16
  3.1920e+02     1.109958e-16
  3.1940e+02     1.059256e-16
  3.1960e+02     1.010843e-16
  3.1980e+02     9.646167e-17
  3.2000e+02     9.204792e-17
  3.2020e+02     8.783374e-17
  3.2040e+02     8.381022e-17
  3.2060e+02     7.996884e-17
  3.2080e+02     7.630146e-17
  3.2100e+02     7.280029e-17
  3.2120e+02     6.945788e-17
  3.2140e+02     6.626714e-17
  3.2160e+02     6.322125e-17
  3.2180e+02     6.031372e-17
  3.2200e+02     5.753834e-17
  3.2220e+02     5.488919e-17
  3.2240e+02     5.236058e-17
  3.2260e+02     4.994710e-17
  3.2280e+02     4.764356e-17
  3.2300e+02     4.544503e-17
  3.2320e+02     4.334677e-17
  3.2340e+02     4.134427e-17
  3.2360e+02     3.943320e-17
  3.2380e+02     3.760944e-17
  3.2400e+02     3.586906e-17
  3.2420e+02     3.420827e-17
  3.2440e+02     3.262350e-17
  3.2460e+02     3.111129e-17
  3.2480e+02     2.966838e-17
  3.2500e+02     2.829161e-17
  3.2520e+02     2.697799e-17
  3.2540e+02     2.572467e-17
  3.2560e+02     2.452890e-17
  3.2580e+02     2.338808e-17
  3.2600e+02     2.229971e-17
  3.2620e+02     2.126140e-17
  3.2640e+02     2.027089e-17
  3.2660e+02     1.932599e-17
  3.2680e+02     1.842464e-17
  3.2700e+02     1.756484e-17
  3.2720e+02     1.674471e-17
  3.2740e+02     1.596243e-17
  3.2760e+02     1.521629e-17
  3.2780e+02     1.450462e-17
  3.2800e+02     1.382587e-17
  3.2820e+02     1.317851e-17
  3.2840e+02     1.256112e-17
  3.2860e+02     1.197233e-17
  3.2880e+02     1.141082e-17
  3.2900e+02     1.087535e-17
  3.2920e+02     1.036473e-17
  3.2940e+02     9.877806e-18
  3.2960e+02     9.413502e-18
  3.2980e+02     8.970776e-18
  3.3000e+02     8.548638e-18
  3.3020e+02     8.146140e-18
  3.3040e+02     7.762381e-18
  3.3060e+02     7.396497e-18
  3.3080e+02     7.047666e-18
  3.3100e+02     6.715102e-18
  3.3120e+02     6.398055e-18
  3.3140e+02     6.095810e-18
  3.3160e+02     5.807683e-18
  3.3180e+02     5.533023e-18
  3.3200e+02     5.271208e-18
  3.3220e+02     5.021643e-18
  3.3240e+02     4.783762e-18
  3.3260e+02     4.557025e-18
  3.3280e+02     4.340915e-18
  3.3300e+02     4.134940e-18
  3.3320e+02     3.938630e-18
  3.3340e+02     3.751536e-18
  3.3360e+02     3.573232e-18
  3.3380e+02     3.403308e-18
  3.3400e+02     3.241376e-18
  3.3420e+02     3.087063e-18
  3.3440e+02     2.940016e-18
  3.3460e+02     2.799896e-18
  3.3480e+02     2.666381e-18
  3.3500e+02     2.539162e-18
  3.3520e+02     2.417947e-18
  3.3540e+02     2.302454e-18
  3.3560e+02     2.192418e-18
  3.3580e+02     2.087582e-18
  3.3600e+02     1.987705e-18
  3.3620e+02     1.892554e-18
  3.3640e+02     1.801908e-18
  3.3660e+02     1.715556e-18
  3.3680e+02     1.633297e-18
  3.3700e+02     1.554940e-18
  3.3720e+02     1.480301e-18
  3.3740e+02     1.409205e-18
  3.3760e+02     1.341487e-18
  3.3780e+02     1.276988e-18
  3.3800e+02     1.215556e-18
  3.3820e+02     1.157048e-18
  3.3840e+02     1.101325e-18
  3.3860e+02     1.048257e-18
  3.3880e+02     9.977180e-19
  3.3900e+02     9.495895e-19
  3.3920e+02     9.037577e-19
  3.3940e+02     8.601140e-19
  3.3960e+02     8.185553e-19
  3.3980e+02     7.789830e-19
  3.4000e+02     7.413032e-19
  3.4020e+02     7.054265e-19
  3.4040e+02     6.712674e-19
  3.4060e+02     6.387447e-19
  3.4080e+02     6.077808e-19
  3.4100e+02     5.783019e-19
  3.4120e+02     5.502375e-19
  3.4140e+02     5.235205e-19
  3.4160e+02     4.980869e-19
  3.4180e+02     4.738758e-19
  3.4200e+02     4.508289e-19
  3.4220e+02     4.288910e-19
  3.4240e+02     4.080093e-19
  3.4260e+02     3.881335e-19
  3.4280e+02     3.692156e-19
  3.4300e+02     3.512101e-19
  3.4320e+02     3.340733e-19
  3.4340e+02     3.177638e-19
  3.4360e+02     3.022421e-19
  3.4380e+02     2.874706e-19
  3.4400e+02     2.734134e-19
  3.4420e+02     2.600364e-19
  3.4440e+02     2.473069e-19
  3.4460e+02     2.351940e-19
  3.4480e+02     2.236682e-19
  3.4500e+02     2.127013e-19
  3.4520e+02     2.022664e-19
  3.4540e+02     1.923381e-19
  3.4560e+02     1.828920e-19
  3.4580e+02     1.739050e-19
  3.4600e+02     1.653550e-19
  3.4620e+02     1.572209e-19
  3.4640e+02     1.494828e-19
  3.4660e+02     1.421216e-19
  3.4680e+02     1.351191e-19
  3.4700e+02     1.284580e-19
  3.4720e+02     1.221219e-19
  3.4740e+02     1.160950e-19
  3.4760e+02     1.103625e-19
  3.4780e+02     1.049101e-19
  3.4800e+02     9.972433e-20
  3.4820e+02     9.479221e-20
  3.4840e+02     9.010150e-20
  3.4860e+02     8.564051e-20
  3.4880e+02     8.139810e-20
  3.4900e+02     7.736368e-20
  3.4920e+02     7.352716e-20
  3.4940e+02     6.987893e-20
  3.4960e+02     6.640986e-20
  3.4980e+02     6.311123e-20
  3.5000e+02     5.997477e-20
  3.5020e+02     5.699258e-20
  3.5040e+02     5.415716e-20
  3.5060e+02     5.146135e-20
  3.5080e+02     4.889836e-20
  3.5100e+02     4.646172e-20
  3.5120e+02     4.414525e-20
  3.5140e+02     4.194310e-20
  3.5160e+02     3.984968e-20
  3.5180e+02     3.785967e-20
  3.5200e+02     3.596804e-20
  3.5220e+02     3.416995e-20
  3.5240e+02     3.246084e-20
  3.5260e+02     3.083635e-20
  3.5280e+02     2.929233e-20
  3.5300e+02     2.782484e-20
  3.5320e+02     2.643012e-20
  3.5340e+02     2.510460e-20
  3.5360e+02     2.384489e-20
  3.5380e+02     2.264775e-20
  3.5400e+02     2.151011e-20
  3.5420e+02     2.042903e-20
  3.5440e+02     1.940175e-20
  3.5460e+02     1.842560e-20
  3.5480e+02     1.749806e-20
  3.5500e+02     1.661675e-20
  3.5520e+02     1.577939e-20
  3.5540e+02     1.498379e-20
  3.5560e+02     1.422791e-20
  3.5580e+02     1.350978e-20
  3.5600e+02     1.282753e-20
  3.5620e+02     1.217939e-20
  3.5640e+02     1.156368e-20
  3.5660e+02     1.097878e-20
  3.5680e+02     1.042317e-20
  3.5700e+02     9.895392e-21
  3.5720e+02     9.394077e-21
  3.5740e+02     8.917906e-21
  3.5760e+02     8.465632e-21
  3.5780e+02     8.036067e-21
  3.5800e+02     7.628084e-21
  3.5820e+02     7.240607e-21
  3.5840e+02     6.872619e-21
  3.5860e+02     6.523147e-21
  3.5880e+02     6.191270e-21
  3.5900e+02     5.876112e-21
  3.5920e+02     5.576838e-21
  3.5940e+02     5.292655e-21
  3.5960e+02     5.022812e-21
  3.5980e+02     4.766590e-21
