# Epidemic | 7 days incidence [ x-unit: days | y-unit: per 100000 ]
  0.0000e+00     3.618006e+02
  2.0000e-01     3.595282e+02
  4.0000e-01     3.572782e+02
  6.0000e-01     3.550504e+02
  8.0000e-01     3.528447e+02
  1.0000e+00     3.506608e+02
  1.2000e+00     3.484985e+02
  1.4000e+00     3.463576e+02
  1.6000e+00     3.442380e+02
  1.8000e+00     3.421394e+02
  2.0000e+00     3.400617e+02
  2.2000e+00     3.380046e+02
  2.4000e+00     3.359681e+02
  2.6000e+00     3.339518e+02
  2.8000e+00     3.319556e+02
  3.0000e+00     3.299794e+02
  3.2000e+00     3.280229e+02
  3.4000e+00     3.260860e+02
  3.6000e+00     3.241684e+02
  3.8000e+00     3.222701e+02
  4.0000e+00     3.203908e+02
  4.2000e+00     3.185304e+02
  4.4000e+00     3.166887e+02
  4.6000e+00     3.148655e+02
  4.8000e+00     3.130606e+02
  5.0000e+00     3.112739e+02
  5.2000e+00     3.095052e+02
  5.4000e+00     3.077544e+02
  5.6000e+00     3.060213e+02
  5.8000e+00     3.043057e+02
  6.0000e+00     3.026074e+02
  6.2000e+00     3.009264e+02
  6.4000e+00     2.992623e+02
  6.6000e+00     2.976152e+02
  6.8000e+00     2.959848e+02
  7.0000e+00     2.943710e+02
  7.2000e+00     2.931763e+02
  7.4000e+00     2.920342e+02
  7.6000e+00     2.908992e+02
  7.8000e+00     2.897714e+02
  8.0000e+00     2.886508e+02
  8.2000e+00     2.875374e+02
  8.4000e+00     2.864310e+02
  8.6000e+00     2.853318e+02
  8.8000e+00     2.842396e+02
  9.0000e+00     2.831545e+02
  9.2000e+00     2.820764e+02
  9.4000e+00     2.810053e+02
  9.6000e+00     2.799411e+02
  9.8000e+00     2.788839e+02
  1.0000e+01     2.778336e+02
  1.0200e+01     2.767902e+02
  1.0400e+01     2.757536e+02
  1.0600e+01     2.747239e+02
  1.0800e+01     2.737009e+02
  1.1000e+01     2.726848e+02
  1.1200e+01     2.716754e+02
  1.1400e+01     2.706727e+02
  1.1600e+01     2.696767e+02
  1.1800e+01     2.686874e+02
  1.2000e+01     2.677048e+02
  1.2200e+01     2.667287e+02
  1.2400e+01     2.657593e+02
  1.2600e+01     2.647964e+02
  1.2800e+01     2.638400e+02
  1.3000e+01     2.628902e+02
  1.3200e+01     2.619469e+02
  1.3400e+01     2.610100e+02
  1.3600e+01     2.600795e+02
  1.3800e+01     2.591554e+02
  1.4000e+01     2.582377e+02
  1.4200e+01     2.573264e+02
  1.4400e+01     2.564214e+02
  1.4600e+01     2.555226e+02
  1.4800e+01     2.546302e+02
  1.5000e+01     2.537440e+02
  1.5200e+01     2.528639e+02
  1.5400e+01     2.519901e+02
  1.5600e+01     2.511224e+02
  1.5800e+01     2.502609e+02
  1.6000e+01     2.494055e+02
  1.6200e+01     2.485561e+02
  1.6400e+01     2.477128e+02
  1.6600e+01     2.468755e+02
  1.6800e+01     2.460442e+02
  1.7000e+01     2.452189e+02
  1.7200e+01     2.443995e+02
  1.7400e+01     2.435860e+02
  1.7600e+01     2.427784e+02
  1.7800e+01     2.419767e+02
  1.8000e+01     2.411808e+02
  1.8200e+01     2.403907e+02
  1.8400e+01     2.396064e+02
  1.8600e+01     2.388278e+02
  1.8800e+01     2.380550e+02
  1.9000e+01     2.372878e+02
  1.9200e+01     2.365263e+02
  1.9400e+01     2.357705e+02
  1.9600e+01     2.350202e+02
  1.9800e+01     2.342756e+02
  2.0000e+01     2.335365e+02
  2.0200e+01     2.328030e+02
  2.0400e+01     2.320749e+02
  2.0600e+01     2.313523e+02
  2.0800e+01     2.306352e+02
  2.1000e+01     2.299235e+02
  2.1200e+01     2.290252e+02
  2.1400e+01     2.281155e+02
  2.1600e+01     2.272159e+02
  2.1800e+01     2.263263e+02
  2.2000e+01     2.254466e+02
  2.2200e+01     2.245767e+02
  2.2400e+01     2.237166e+02
  2.2600e+01     2.228661e+02
  2.2800e+01     2.220252e+02
  2.3000e+01     2.211939e+02
  2.3200e+01     2.203719e+02
  2.3400e+01     2.195593e+02
  2.3600e+01     2.187560e+02
  2.3800e+01     2.179619e+02
  2.4000e+01     2.171769e+02
  2.4200e+01     2.164009e+02
  2.4400e+01     2.156339e+02
  2.4600e+01     2.148758e+02
  2.4800e+01     2.141265e+02
  2.5000e+01     2.133860e+02
  2.5200e+01     2.126541e+02
  2.5400e+01     2.119309e+02
  2.5600e+01     2.112162e+02
  2.5800e+01     2.105100e+02
  2.6000e+01     2.098122e+02
  2.6200e+01     2.091227e+02
  2.6400e+01     2.084415e+02
  2.6600e+01     2.077685e+02
  2.6800e+01     2.071037e+02
  2.7000e+01     2.064469e+02
  2.7200e+01     2.057982e+02
  2.7400e+01     2.051574e+02
  2.7600e+01     2.045246e+02
  2.7800e+01     2.038996e+02
  2.8000e+01     2.032823e+02
  2.8200e+01     2.026728e+02
  2.8400e+01     2.020709e+02
  2.8600e+01     2.014767e+02
  2.8800e+01     2.008900e+02
  2.9000e+01     2.003107e+02
  2.9200e+01     1.997390e+02
  2.9400e+01     1.991746e+02
  2.9600e+01     1.986175e+02
  2.9800e+01     1.980678e+02
  3.0000e+01     1.975252e+02
  3.0200e+01     1.969898e+02
  3.0400e+01     1.964616e+02
  3.0600e+01     1.959404e+02
  3.0800e+01     1.954263e+02
  3.1000e+01     1.949191e+02
  3.1200e+01     1.944188e+02
  3.1400e+01     1.939255e+02
  3.1600e+01     1.934389e+02
  3.1800e+01     1.929592e+02
  3.2000e+01     1.924862e+02
  3.2200e+01     1.920199e+02
  3.2400e+01     1.915602e+02
  3.2600e+01     1.911072e+02
  3.2800e+01     1.906607e+02
  3.3000e+01     1.902207e+02
  3.3200e+01     1.897873e+02
  3.3400e+01     1.893602e+02
  3.3600e+01     1.889396e+02
  3.3800e+01     1.885253e+02
  3.4000e+01     1.881173e+02
  3.4200e+01     1.877157e+02
  3.4400e+01     1.873202e+02
  3.4600e+01     1.869310e+02
  3.4800e+01     1.865479e+02
  3.5000e+01     1.861710e+02
  3.5200e+01     1.858001e+02
  3.5400e+01     1.854353e+02
  3.5600e+01     1.850766e+02
  3.5800e+01     1.847238e+02
  3.6000e+01     1.843770e+02
  3.6200e+01     1.840361e+02
  3.6400e+01     1.837010e+02
  3.6600e+01     1.833719e+02
  3.6800e+01     1.830485e+02
  3.7000e+01     1.827310e+02
  3.7200e+01     1.824192e+02
  3.7400e+01     1.821131e+02
  3.7600e+01     1.818128e+02
  3.7800e+01     1.815181e+02
  3.8000e+01     1.812290e+02
  3.8200e+01     1.809456e+02
  3.8400e+01     1.806678e+02
  3.8600e+01     1.803955e+02
  3.8800e+01     1.801287e+02
  3.9000e+01     1.798674e+02
  3.9200e+01     1.796117e+02
  3.9400e+01     1.793613e+02
  3.9600e+01     1.791164e+02
  3.9800e+01     1.788769e+02
  4.0000e+01     1.786428e+02
  4.0200e+01     1.784141e+02
  4.0400e+01     1.781906e+02
  4.0600e+01     1.779725e+02
  4.0800e+01     1.777596e+02
  4.1000e+01     1.775521e+02
  4.1200e+01     1.773497e+02
  4.1400e+01     1.771526e+02
  4.1600e+01     1.769607e+02
  4.1800e+01     1.767740e+02
  4.2000e+01     1.765924e+02
  4.2200e+01     1.764159e+02
  4.2400e+01     1.762446e+02
  4.2600e+01     1.760784e+02
  4.2800e+01     1.759173e+02
  4.3000e+01     1.757612e+02
  4.3200e+01     1.756102e+02
  4.3400e+01     1.754642e+02
  4.3600e+01     1.753232e+02
  4.3800e+01     1.751873e+02
  4.4000e+01     1.750563e+02
  4.4200e+01     1.749303e+02
  4.4400e+01     1.748092e+02
  4.4600e+01     1.746931e+02
  4.4800e+01     1.745819e+02
  4.5000e+01     1.744756e+02
  4.5200e+01     1.743742e+02
  4.5400e+01     1.742777e+02
  4.5600e+01     1.741860e+02
  4.5800e+01     1.740993e+02
  4.6000e+01     1.740173e+02
  4.6200e+01     1.739402e+02
  4.6400e+01     1.738680e+02
  4.6600e+01     1.738005e+02
  4.6800e+01     1.737378e+02
  4.7000e+01     1.736800e+02
  4.7200e+01     1.736269e+02
  4.7400e+01     1.735786e+02
  4.7600e+01     1.735350e+02
  4.7800e+01     1.734963e+02
  4.8000e+01     1.734622e+02
  4.8200e+01     1.734329e+02
  4.8400e+01     1.734084e+02
  4.8600e+01     1.733885e+02
  4.8800e+01     1.733734e+02
  4.9000e+01     1.733630e+02
  4.9200e+01     1.733573e+02
  4.9400e+01     1.733563e+02
  4.9600e+01     1.733600e+02
  4.9800e+01     1.733684e+02
  5.0000e+01     1.733814e+02
  5.0200e+01     1.733992e+02
  5.0400e+01     1.734216e+02
  5.0600e+01     1.734487e+02
  5.0800e+01     1.734804e+02
  5.1000e+01     1.735169e+02
  5.1200e+01     1.735580e+02
  5.1400e+01     1.736037e+02
  5.1600e+01     1.736541e+02
  5.1800e+01     1.737092e+02
  5.2000e+01     1.737689e+02
  5.2200e+01     1.738333e+02
  5.2400e+01     1.739023e+02
  5.2600e+01     1.739760e+02
  5.2800e+01     1.740544e+02
  5.3000e+01     1.741374e+02
  5.3200e+01     1.742250e+02
  5.3400e+01     1.743173e+02
  5.3600e+01     1.744143e+02
  5.3800e+01     1.745159e+02
  5.4000e+01     1.746222e+02
  5.4200e+01     1.747331e+02
  5.4400e+01     1.748487e+02
  5.4600e+01     1.749690e+02
  5.4800e+01     1.750940e+02
  5.5000e+01     1.752236e+02
  5.5200e+01     1.753579e+02
  5.5400e+01     1.754969e+02
  5.5600e+01     1.756406e+02
  5.5800e+01     1.757889e+02
  5.6000e+01     1.759420e+02
  5.6200e+01     1.760998e+02
  5.6400e+01     1.762622e+02
  5.6600e+01     1.764294e+02
  5.6800e+01     1.766013e+02
  5.7000e+01     1.767780e+02
  5.7200e+01     1.769593e+02
  5.7400e+01     1.771455e+02
  5.7600e+01     1.773363e+02
  5.7800e+01     1.775320e+02
  5.8000e+01     1.777323e+02
  5.8200e+01     1.779375e+02
  5.8400e+01     1.781475e+02
  5.8600e+01     1.783622e+02
  5.8800e+01     1.785818e+02
  5.9000e+01     1.788061e+02
  5.9200e+01     1.790353e+02
  5.9400e+01     1.792693e+02
  5.9600e+01     1.795082e+02
  5.9800e+01     1.797519e+02
  6.0000e+01     1.800005e+02
  6.0200e+01     1.802540e+02
  6.0400e+01     1.805123e+02
  6.0600e+01     1.807756e+02
  6.0800e+01     1.810438e+02
  6.1000e+01     1.813169e+02
  6.1200e+01     1.815949e+02
  6.1400e+01     1.818780e+02
  6.1600e+01     1.821659e+02
  6.1800e+01     1.824589e+02
  6.2000e+01     1.827569e+02
  6.2200e+01     1.830599e+02
  6.2400e+01     1.833679e+02
  6.2600e+01     1.836810e+02
  6.2800e+01     1.839991e+02
  6.3000e+01     1.843223e+02
  6.3200e+01     1.846506e+02
  6.3400e+01     1.849841e+02
  6.3600e+01     1.853226e+02
  6.3800e+01     1.856663e+02
  6.4000e+01     1.860152e+02
  6.4200e+01     1.863693e+02
  6.4400e+01     1.867285e+02
  6.4600e+01     1.870930e+02
  6.4800e+01     1.874627e+02
  6.5000e+01     1.878377e+02
  6.5200e+01     1.882180e+02
  6.5400e+01     1.886036e+02
  6.5600e+01     1.889945e+02
  6.5800e+01     1.893907e+02
  6.6000e+01     1.897924e+02
  6.6200e+01     1.901994e+02
  6.6400e+01     1.906118e+02
  6.6600e+01     1.910296e+02
  6.6800e+01     1.914529e+02
  6.7000e+01     1.918817e+02
  6.7200e+01     1.923160e+02
  6.7400e+01     1.927558e+02
  6.7600e+01     1.932011e+02
  6.7800e+01     1.936521e+02
  6.8000e+01     1.941086e+02
  6.8200e+01     1.945707e+02
  6.8400e+01     1.950385e+02
  6.8600e+01     1.955120e+02
  6.8800e+01     1.959912e+02
  6.9000e+01     1.964761e+02
  6.9200e+01     1.969668e+02
  6.9400e+01     1.974632e+02
  6.9600e+01     1.979655e+02
  6.9800e+01     1.984736e+02
  7.0000e+01     1.989875e+02
  7.0200e+01     1.995074e+02
  7.0400e+01     2.000332e+02
  7.0600e+01     2.005649e+02
  7.0800e+01     2.011026e+02
  7.1000e+01     2.016463e+02
  7.1200e+01     2.021961e+02
  7.1400e+01     2.027520e+02
  7.1600e+01     2.033139e+02
  7.1800e+01     2.038820e+02
  7.2000e+01     2.044563e+02
  7.2200e+01     2.050368e+02
  7.2400e+01     2.056235e+02
  7.2600e+01     2.062164e+02
  7.2800e+01     2.068157e+02
  7.3000e+01     2.074213e+02
  7.3200e+01     2.080333e+02
  7.3400e+01     2.086517e+02
  7.3600e+01     2.092765e+02
  7.3800e+01     2.099078e+02
  7.4000e+01     2.105456e+02
  7.4200e+01     2.111899e+02
  7.4400e+01     2.118409e+02
  7.4600e+01     2.124984e+02
  7.4800e+01     2.131626e+02
  7.5000e+01     2.138335e+02
  7.5200e+01     2.145112e+02
  7.5400e+01     2.151956e+02
  7.5600e+01     2.158868e+02
  7.5800e+01     2.165849e+02
  7.6000e+01     2.172898e+02
  7.6200e+01     2.180017e+02
  7.6400e+01     2.187206e+02
  7.6600e+01     2.194465e+02
  7.6800e+01     2.201794e+02
  7.7000e+01     2.209194e+02
  7.7200e+01     2.216665e+02
  7.7400e+01     2.224209e+02
  7.7600e+01     2.231824e+02
  7.7800e+01     2.239512e+02
  7.8000e+01     2.247274e+02
  7.8200e+01     2.255108e+02
  7.8400e+01     2.263017e+02
  7.8600e+01     2.271000e+02
  7.8800e+01     2.279058e+02
  7.9000e+01     2.287191e+02
  7.9200e+01     2.295400e+02
  7.9400e+01     2.303685e+02
  7.9600e+01     2.312047e+02
  7.9800e+01     2.320487e+02
  8.0000e+01     2.329003e+02
  8.0200e+01     2.337598e+02
  8.0400e+01     2.346272e+02
  8.0600e+01     2.355025e+02
  8.0800e+01     2.363857e+02
  8.1000e+01     2.372770e+02
  8.1200e+01     2.381763e+02
  8.1400e+01     2.390837e+02
  8.1600e+01     2.399993e+02
  8.1800e+01     2.409231e+02
  8.2000e+01     2.418552e+02
  8.2200e+01     2.427955e+02
  8.2400e+01     2.437443e+02
  8.2600e+01     2.447015e+02
  8.2800e+01     2.456672e+02
  8.3000e+01     2.466414e+02
  8.3200e+01     2.476242e+02
  8.3400e+01     2.486156e+02
  8.3600e+01     2.496157e+02
  8.3800e+01     2.506246e+02
  8.4000e+01     2.516423e+02
  8.4200e+01     2.526689e+02
  8.4400e+01     2.537044e+02
  8.4600e+01     2.547489e+02
  8.4800e+01     2.558024e+02
  8.5000e+01     2.568651e+02
  8.5200e+01     2.579369e+02
  8.5400e+01     2.590179e+02
  8.5600e+01     2.601081e+02
  8.5800e+01     2.612078e+02
  8.6000e+01     2.623168e+02
  8.6200e+01     2.634353e+02
  8.6400e+01     2.645633e+02
  8.6600e+01     2.657009e+02
  8.6800e+01     2.668481e+02
  8.7000e+01     2.680051e+02
  8.7200e+01     2.691718e+02
  8.7400e+01     2.703484e+02
  8.7600e+01     2.715348e+02
  8.7800e+01     2.727313e+02
  8.8000e+01     2.739377e+02
  8.8200e+01     2.751543e+02
  8.8400e+01     2.763810e+02
  8.8600e+01     2.776180e+02
  8.8800e+01     2.788652e+02
  8.9000e+01     2.801228e+02
  8.9200e+01     2.813909e+02
  8.9400e+01     2.826694e+02
  8.9600e+01     2.839585e+02
  8.9800e+01     2.852583e+02
  9.0000e+01     2.865688e+02
  9.0200e+01     2.878900e+02
  9.0400e+01     2.892221e+02
  9.0600e+01     2.905651e+02
  9.0800e+01     2.919191e+02
  9.1000e+01     2.932842e+02
  9.1200e+01     2.946604e+02
  9.1400e+01     2.960478e+02
  9.1600e+01     2.974464e+02
  9.1800e+01     2.988565e+02
  9.2000e+01     3.002779e+02
  9.2200e+01     3.017109e+02
  9.2400e+01     3.031554e+02
  9.2600e+01     3.046116e+02
  9.2800e+01     3.060795e+02
  9.3000e+01     3.075592e+02
  9.3200e+01     3.090508e+02
  9.3400e+01     3.105544e+02
  9.3600e+01     3.120699e+02
  9.3800e+01     3.135976e+02
  9.4000e+01     3.151375e+02
  9.4200e+01     3.166896e+02
  9.4400e+01     3.182541e+02
  9.4600e+01     3.198310e+02
  9.4800e+01     3.214204e+02
  9.5000e+01     3.230223e+02
  9.5200e+01     3.246370e+02
  9.5400e+01     3.262643e+02
  9.5600e+01     3.279045e+02
  9.5800e+01     3.295576e+02
  9.6000e+01     3.312237e+02
  9.6200e+01     3.329028e+02
  9.6400e+01     3.345951e+02
  9.6600e+01     3.363006e+02
  9.6800e+01     3.380195e+02
  9.7000e+01     3.397517e+02
  9.7200e+01     3.414974e+02
  9.7400e+01     3.432566e+02
  9.7600e+01     3.450295e+02
  9.7800e+01     3.468162e+02
  9.8000e+01     3.486166e+02
  9.8200e+01     3.504309e+02
  9.8400e+01     3.522593e+02
  9.8600e+01     3.541016e+02
  9.8800e+01     3.559582e+02
  9.9000e+01     3.578290e+02
  9.9200e+01     3.597141e+02
  9.9400e+01     3.616136e+02
  9.9600e+01     3.635276e+02
  9.9800e+01     3.654562e+02
  1.0000e+02     3.673994e+02
  1.0020e+02     3.693575e+02
  1.0040e+02     3.713303e+02
  1.0060e+02     3.733181e+02
  1.0080e+02     3.753209e+02
  1.0100e+02     3.773388e+02
  1.0120e+02     3.793719e+02
  1.0140e+02     3.814203e+02
  1.0160e+02     3.834841e+02
  1.0180e+02     3.855633e+02
  1.0200e+02     3.876581e+02
  1.0220e+02     3.897684e+02
  1.0240e+02     3.918946e+02
  1.0260e+02     3.940365e+02
  1.0280e+02     3.961943e+02
  1.0300e+02     3.983681e+02
  1.0320e+02     4.005579e+02
  1.0340e+02     4.027640e+02
  1.0360e+02     4.049863e+02
  1.0380e+02     4.072249e+02
  1.0400e+02     4.094799e+02
  1.0420e+02     4.117515e+02
  1.0440e+02     4.140396e+02
  1.0460e+02     4.163445e+02
  1.0480e+02     4.186661e+02
  1.0500e+02     4.210046e+02
  1.0520e+02     4.233601e+02
  1.0540e+02     4.257325e+02
  1.0560e+02     4.281222e+02
  1.0580e+02     4.305290e+02
  1.0600e+02     4.329531e+02
  1.0620e+02     4.353946e+02
  1.0640e+02     4.378536e+02
  1.0660e+02     4.403301e+02
  1.0680e+02     4.428243e+02
  1.0700e+02     4.453362e+02
  1.0720e+02     4.478660e+02
  1.0740e+02     4.504136e+02
  1.0760e+02     4.529792e+02
  1.0780e+02     4.555629e+02
  1.0800e+02     4.581647e+02
  1.0820e+02     4.607848e+02
  1.0840e+02     4.634231e+02
  1.0860e+02     4.660799e+02
  1.0880e+02     4.687551e+02
  1.0900e+02     4.714489e+02
  1.0920e+02     4.741614e+02
  1.0940e+02     4.768925e+02
  1.0960e+02     4.796425e+02
  1.0980e+02     4.824113e+02
  1.1000e+02     4.851991e+02
  1.1020e+02     4.880059e+02
  1.1040e+02     4.908318e+02
  1.1060e+02     4.936769e+02
  1.1080e+02     4.965413e+02
  1.1100e+02     4.994249e+02
  1.1120e+02     5.023280e+02
  1.1140e+02     5.052506e+02
  1.1160e+02     5.081926e+02
  1.1180e+02     5.111544e+02
  1.1200e+02     5.141357e+02
  1.1220e+02     5.171369e+02
  1.1240e+02     5.201578e+02
  1.1260e+02     5.231987e+02
  1.1280e+02     5.262594e+02
  1.1300e+02     5.293402e+02
  1.1320e+02     5.324411e+02
  1.1340e+02     5.355621e+02
  1.1360e+02     5.387033e+02
  1.1380e+02     5.418647e+02
  1.1400e+02     5.450464e+02
  1.1420e+02     5.482485e+02
  1.1440e+02     5.514711e+02
  1.1460e+02     5.547141e+02
  1.1480e+02     5.579776e+02
  1.1500e+02     5.612617e+02
  1.1520e+02     5.645664e+02
  1.1540e+02     5.678917e+02
  1.1560e+02     5.712378e+02
  1.1580e+02     5.746046e+02
  1.1600e+02     5.779923e+02
  1.1620e+02     5.814007e+02
  1.1640e+02     5.848300e+02
  1.1660e+02     5.882803e+02
  1.1680e+02     5.917515e+02
  1.1700e+02     5.952436e+02
  1.1720e+02     5.987567e+02
  1.1740e+02     6.022909e+02
  1.1760e+02     6.058461e+02
  1.1780e+02     6.094224e+02
  1.1800e+02     6.130199e+02
  1.1820e+02     6.166384e+02
  1.1840e+02     6.202780e+02
  1.1860e+02     6.239388e+02
  1.1880e+02     6.276208e+02
  1.1900e+02     6.313239e+02
  1.1920e+02     6.350482e+02
  1.1940e+02     6.387937e+02
  1.1960e+02     6.425603e+02
  1.1980e+02     6.463482e+02
  1.2000e+02     6.501572e+02
  1.2020e+02     6.539873e+02
  1.2040e+02     6.578387e+02
  1.2060e+02     6.617112e+02
  1.2080e+02     6.656048e+02
  1.2100e+02     6.695195e+02
  1.2120e+02     6.734553e+02
  1.2140e+02     6.774121e+02
  1.2160e+02     6.813900e+02
  1.2180e+02     6.853889e+02
  1.2200e+02     6.894088e+02
  1.2220e+02     6.934496e+02
  1.2240e+02     6.975113e+02
  1.2260e+02     7.015938e+02
  1.2280e+02     7.056971e+02
  1.2300e+02     7.098212e+02
  1.2320e+02     7.139660e+02
  1.2340e+02     7.181313e+02
  1.2360e+02     7.223173e+02
  1.2380e+02     7.265237e+02
  1.2400e+02     7.307506e+02
  1.2420e+02     7.349978e+02
  1.2440e+02     7.392653e+02
  1.2460e+02     7.435530e+02
  1.2480e+02     7.478608e+02
  1.2500e+02     7.521886e+02
  1.2520e+02     7.565363e+02
  1.2540e+02     7.609038e+02
  1.2560e+02     7.652910e+02
  1.2580e+02     7.696978e+02
  1.2600e+02     7.741241e+02
  1.2620e+02     7.785698e+02
  1.2640e+02     7.830347e+02
  1.2660e+02     7.875187e+02
  1.2680e+02     7.920217e+02
  1.2700e+02     7.965436e+02
  1.2720e+02     8.010842e+02
  1.2740e+02     8.056433e+02
  1.2760e+02     8.102208e+02
  1.2780e+02     8.148166e+02
  1.2800e+02     8.194305e+02
  1.2820e+02     8.240622e+02
  1.2840e+02     8.287118e+02
  1.2860e+02     8.333789e+02
  1.2880e+02     8.380633e+02
  1.2900e+02     8.427650e+02
  1.2920e+02     8.474837e+02
  1.2940e+02     8.522191e+02
  1.2960e+02     8.569712e+02
  1.2980e+02     8.617397e+02
  1.3000e+02     8.665243e+02
  1.3020e+02     8.713248e+02
  1.3040e+02     8.761411e+02
  1.3060e+02     8.809728e+02
  1.3080e+02     8.858198e+02
  1.3100e+02     8.906818e+02
  1.3120e+02     8.955585e+02
  1.3140e+02     9.004497e+02
  1.3160e+02     9.053551e+02
  1.3180e+02     9.102745e+02
  1.3200e+02     9.152075e+02
  1.3220e+02     9.201540e+02
  1.3240e+02     9.251135e+02
  1.3260e+02     9.300858e+02
  1.3280e+02     9.350706e+02
  1.3300e+02     9.400676e+02
  1.3320e+02     9.450765e+02
  1.3340e+02     9.500969e+02
  1.3360e+02     9.551285e+02
  1.3380e+02     9.601711e+02
  1.3400e+02     9.652242e+02
  1.3420e+02     9.702874e+02
  1.3440e+02     9.753605e+02
  1.3460e+02     9.804431e+02
  1.3480e+02     9.855349e+02
  1.3500e+02     9.906353e+02
  1.3520e+02     9.957441e+02
  1.3540e+02     1.000860e+03
  1.3560e+02     1.005985e+03
  1.3580e+02     1.011116e+03
  1.3600e+02     1.016255e+03
  1.3620e+02     1.021399e+03
  1.3640e+02     1.026550e+03
  1.3660e+02     1.031706e+03
  1.3680e+02     1.036867e+03
  1.3700e+02     1.042032e+03
  1.3720e+02     1.047202e+03
  1.3740e+02     1.052376e+03
  1.3760e+02     1.057553e+03
  1.3780e+02     1.062732e+03
  1.3800e+02     1.067914e+03
  1.3820e+02     1.073098e+03
  1.3840e+02     1.078283e+03
  1.3860e+02     1.083468e+03
  1.3880e+02     1.088654e+03
  1.3900e+02     1.093840e+03
  1.3920e+02     1.099025e+03
  1.3940e+02     1.104209e+03
  1.3960e+02     1.109392e+03
  1.3980e+02     1.114571e+03
  1.4000e+02     1.119748e+03
  1.4020e+02     1.124922e+03
  1.4040e+02     1.130091e+03
  1.4060e+02     1.135257e+03
  1.4080e+02     1.140417e+03
  1.4100e+02     1.145571e+03
  1.4120e+02     1.150719e+03
  1.4140e+02     1.155860e+03
  1.4160e+02     1.160994e+03
  1.4180e+02     1.166119e+03
  1.4200e+02     1.171236e+03
  1.4220e+02     1.176344e+03
  1.4240e+02     1.181442e+03
  1.4260e+02     1.186529e+03
  1.4280e+02     1.191606e+03
  1.4300e+02     1.196670e+03
  1.4320e+02     1.201722e+03
  1.4340e+02     1.206761e+03
  1.4360e+02     1.211786e+03
  1.4380e+02     1.216797e+03
  1.4400e+02     1.221793e+03
  1.4420e+02     1.226773e+03
  1.4440e+02     1.231737e+03
  1.4460e+02     1.236684e+03
  1.4480e+02     1.241613e+03
  1.4500e+02     1.246523e+03
  1.4520e+02     1.251415e+03
  1.4540e+02     1.256287e+03
  1.4560e+02     1.261138e+03
  1.4580e+02     1.265968e+03
  1.4600e+02     1.270776e+03
  1.4620e+02     1.275562e+03
  1.4640e+02     1.280324e+03
  1.4660e+02     1.285062e+03
  1.4680e+02     1.289776e+03
  1.4700e+02     1.294464e+03
  1.4720e+02     1.299126e+03
  1.4740e+02     1.303761e+03
  1.4760e+02     1.308369e+03
  1.4780e+02     1.312948e+03
  1.4800e+02     1.317498e+03
  1.4820e+02     1.322018e+03
  1.4840e+02     1.326508e+03
  1.4860e+02     1.330966e+03
  1.4880e+02     1.335393e+03
  1.4900e+02     1.339787e+03
  1.4920e+02     1.344147e+03
  1.4940e+02     1.348473e+03
  1.4960e+02     1.352764e+03
  1.4980e+02     1.357019e+03
  1.5000e+02     1.361238e+03
  1.5020e+02     1.365420e+03
  1.5040e+02     1.369564e+03
  1.5060e+02     1.373670e+03
  1.5080e+02     1.377736e+03
  1.5100e+02     1.381762e+03
  1.5120e+02     1.385747e+03
  1.5140e+02     1.389691e+03
  1.5160e+02     1.393592e+03
  1.5180e+02     1.397450e+03
  1.5200e+02     1.401265e+03
  1.5220e+02     1.405036e+03
  1.5240e+02     1.408761e+03
  1.5260e+02     1.412440e+03
  1.5280e+02     1.416073e+03
  1.5300e+02     1.419659e+03
  1.5320e+02     1.423197e+03
  1.5340e+02     1.426686e+03
  1.5360e+02     1.430126e+03
  1.5380e+02     1.433515e+03
  1.5400e+02     1.436855e+03
  1.5420e+02     1.440143e+03
  1.5440e+02     1.443378e+03
  1.5460e+02     1.446562e+03
  1.5480e+02     1.449692e+03
  1.5500e+02     1.452768e+03
  1.5520e+02     1.455789e+03
  1.5540e+02     1.458756e+03
  1.5560e+02     1.461666e+03
  1.5580e+02     1.464520e+03
  1.5600e+02     1.467317e+03
  1.5620e+02     1.470056e+03
  1.5640e+02     1.472737e+03
  1.5660e+02     1.475360e+03
  1.5680e+02     1.477922e+03
  1.5700e+02     1.480425e+03
  1.5720e+02     1.482868e+03
  1.5740e+02     1.485249e+03
  1.5760e+02     1.487569e+03
  1.5780e+02     1.489827e+03
  1.5800e+02     1.492022e+03
  1.5820e+02     1.494154e+03
  1.5840e+02     1.496222e+03
  1.5860e+02     1.498227e+03
  1.5880e+02     1.500166e+03
  1.5900e+02     1.502041e+03
  1.5920e+02     1.503851e+03
  1.5940e+02     1.505594e+03
  1.5960e+02     1.507271e+03
  1.5980e+02     1.508882e+03
  1.6000e+02     1.510425e+03
  1.6020e+02     1.511901e+03
  1.6040e+02     1.513310e+03
  1.6060e+02     1.514650e+03
  1.6080e+02     1.515921e+03
  1.6100e+02     1.517124e+03
  1.6120e+02     1.518257e+03
  1.6140e+02     1.519322e+03
  1.6160e+02     1.520316e+03
  1.6180e+02     1.521240e+03
  1.6200e+02     1.522095e+03
  1.6220e+02     1.522878e+03
  1.6240e+02     1.523591e+03
  1.6260e+02     1.524233e+03
  1.6280e+02     1.524804e+03
  1.6300e+02     1.525304e+03
  1.6320e+02     1.525732e+03
  1.6340e+02     1.526089e+03
  1.6360e+02     1.526374e+03
  1.6380e+02     1.526587e+03
  1.6400e+02     1.526728e+03
  1.6420e+02     1.526798e+03
  1.6440e+02     1.526795e+03
  1.6460e+02     1.526720e+03
  1.6480e+02     1.526573e+03
  1.6500e+02     1.526353e+03
  1.6520e+02     1.526062e+03
  1.6540e+02     1.525698e+03
  1.6560e+02     1.525263e+03
  1.6580e+02     1.524755e+03
  1.6600e+02     1.524175e+03
  1.6620e+02     1.523523e+03
  1.6640e+02     1.522799e+03
  1.6660e+02     1.522004e+03
  1.6680e+02     1.521137e+03
  1.6700e+02     1.520198e+03
  1.6720e+02     1.519188e+03
  1.6740e+02     1.518107e+03
  1.6760e+02     1.516955e+03
  1.6780e+02     1.515733e+03
  1.6800e+02     1.514440e+03
  1.6820e+02     1.513076e+03
  1.6840e+02     1.511643e+03
  1.6860e+02     1.510139e+03
  1.6880e+02     1.508567e+03
  1.6900e+02     1.506925e+03
  1.6920e+02     1.505214e+03
  1.6940e+02     1.503435e+03
  1.6960e+02     1.501588e+03
  1.6980e+02     1.499672e+03
  1.7000e+02     1.497690e+03
  1.7020e+02     1.495640e+03
  1.7040e+02     1.493524e+03
  1.7060e+02     1.491341e+03
  1.7080e+02     1.489093e+03
  1.7100e+02     1.486780e+03
  1.7120e+02     1.484401e+03
  1.7140e+02     1.481958e+03
  1.7160e+02     1.479452e+03
  1.7180e+02     1.476881e+03
  1.7200e+02     1.474248e+03
  1.7220e+02     1.471553e+03
  1.7240e+02     1.468796e+03
  1.7260e+02     1.465977e+03
  1.7280e+02     1.463098e+03
  1.7300e+02     1.460158e+03
  1.7320e+02     1.457159e+03
  1.7340e+02     1.454101e+03
  1.7360e+02     1.450985e+03
  1.7380e+02     1.447811e+03
  1.7400e+02     1.444580e+03
  1.7420e+02     1.441292e+03
  1.7440e+02     1.437949e+03
  1.7460e+02     1.434550e+03
  1.7480e+02     1.431097e+03
  1.7500e+02     1.427590e+03
  1.7520e+02     1.424030e+03
  1.7540e+02     1.420418e+03
  1.7560e+02     1.416753e+03
  1.7580e+02     1.413038e+03
  1.7600e+02     1.409272e+03
  1.7620e+02     1.405457e+03
  1.7640e+02     1.401593e+03
  1.7660e+02     1.397681e+03
  1.7680e+02     1.393722e+03
  1.7700e+02     1.389716e+03
  1.7720e+02     1.385664e+03
  1.7740e+02     1.381566e+03
  1.7760e+02     1.377425e+03
  1.7780e+02     1.373240e+03
  1.7800e+02     1.369012e+03
  1.7820e+02     1.364743e+03
  1.7840e+02     1.360432e+03
  1.7860e+02     1.356080e+03
  1.7880e+02     1.351689e+03
  1.7900e+02     1.347259e+03
  1.7920e+02     1.342791e+03
  1.7940e+02     1.338286e+03
  1.7960e+02     1.333744e+03
  1.7980e+02     1.329167e+03
  1.8000e+02     1.324555e+03
  1.8020e+02     1.319909e+03
  1.8040e+02     1.315229e+03
  1.8060e+02     1.310518e+03
  1.8080e+02     1.305774e+03
  1.8100e+02     1.301000e+03
  1.8120e+02     1.296196e+03
  1.8140e+02     1.291363e+03
  1.8160e+02     1.286501e+03
  1.8180e+02     1.281612e+03
  1.8200e+02     1.276696e+03
  1.8220e+02     1.271754e+03
  1.8240e+02     1.266787e+03
  1.8260e+02     1.261795e+03
  1.8280e+02     1.256780e+03
  1.8300e+02     1.251743e+03
  1.8320e+02     1.246683e+03
  1.8340e+02     1.241602e+03
  1.8360e+02     1.236501e+03
  1.8380e+02     1.231380e+03
  1.8400e+02     1.226241e+03
  1.8420e+02     1.221083e+03
  1.8440e+02     1.215909e+03
  1.8460e+02     1.210717e+03
  1.8480e+02     1.205510e+03
  1.8500e+02     1.200288e+03
  1.8520e+02     1.195052e+03
  1.8540e+02     1.189803e+03
  1.8560e+02     1.184540e+03
  1.8580e+02     1.179266e+03
  1.8600e+02     1.173981e+03
  1.8620e+02     1.168685e+03
  1.8640e+02     1.163379e+03
  1.8660e+02     1.158064e+03
  1.8680e+02     1.152741e+03
  1.8700e+02     1.147410e+03
  1.8720e+02     1.142072e+03
  1.8740e+02     1.136728e+03
  1.8760e+02     1.131379e+03
  1.8780e+02     1.126024e+03
  1.8800e+02     1.120665e+03
  1.8820e+02     1.115303e+03
  1.8840e+02     1.109938e+03
  1.8860e+02     1.104570e+03
  1.8880e+02     1.099201e+03
  1.8900e+02     1.093831e+03
  1.8920e+02     1.088461e+03
  1.8940e+02     1.083091e+03
  1.8960e+02     1.077721e+03
  1.8980e+02     1.072354e+03
  1.9000e+02     1.066988e+03
  1.9020e+02     1.061625e+03
  1.9040e+02     1.056265e+03
  1.9060e+02     1.050909e+03
  1.9080e+02     1.045557e+03
  1.9100e+02     1.040210e+03
  1.9120e+02     1.034869e+03
  1.9140e+02     1.029534e+03
  1.9160e+02     1.024205e+03
  1.9180e+02     1.018883e+03
  1.9200e+02     1.013569e+03
  1.9220e+02     1.008263e+03
  1.9240e+02     1.002965e+03
  1.9260e+02     9.976774e+02
  1.9280e+02     9.923984e+02
  1.9300e+02     9.871295e+02
  1.9320e+02     9.818710e+02
  1.9340e+02     9.766234e+02
  1.9360e+02     9.713871e+02
  1.9380e+02     9.661627e+02
  1.9400e+02     9.609504e+02
  1.9420e+02     9.557508e+02
  1.9440e+02     9.505643e+02
  1.9460e+02     9.453912e+02
  1.9480e+02     9.402319e+02
  1.9500e+02     9.350869e+02
  1.9520e+02     9.299565e+02
  1.9540e+02     9.248410e+02
  1.9560e+02     9.197409e+02
  1.9580e+02     9.146564e+02
  1.9600e+02     9.095880e+02
  1.9620e+02     9.045359e+02
  1.9640e+02     8.995006e+02
  1.9660e+02     8.944822e+02
  1.9680e+02     8.894812e+02
  1.9700e+02     8.844978e+02
  1.9720e+02     8.795323e+02
  1.9740e+02     8.745850e+02
  1.9760e+02     8.696562e+02
  1.9780e+02     8.647462e+02
  1.9800e+02     8.598552e+02
  1.9820e+02     8.549835e+02
  1.9840e+02     8.501313e+02
  1.9860e+02     8.452989e+02
  1.9880e+02     8.404865e+02
  1.9900e+02     8.356943e+02
  1.9920e+02     8.309226e+02
  1.9940e+02     8.261716e+02
  1.9960e+02     8.214415e+02
  1.9980e+02     8.167324e+02
  2.0000e+02     8.120446e+02
  2.0020e+02     8.073782e+02
  2.0040e+02     8.027335e+02
  2.0060e+02     7.981106e+02
  2.0080e+02     7.935097e+02
  2.0100e+02     7.889309e+02
  2.0120e+02     7.843743e+02
  2.0140e+02     7.798403e+02
  2.0160e+02     7.753287e+02
  2.0180e+02     7.708399e+02
  2.0200e+02     7.663739e+02
  2.0220e+02     7.619309e+02
  2.0240e+02     7.575110e+02
  2.0260e+02     7.531142e+02
  2.0280e+02     7.487407e+02
  2.0300e+02     7.443906e+02
  2.0320e+02     7.400640e+02
  2.0340e+02     7.357609e+02
  2.0360e+02     7.314815e+02
  2.0380e+02     7.272258e+02
  2.0400e+02     7.229939e+02
  2.0420e+02     7.187859e+02
  2.0440e+02     7.146018e+02
  2.0460e+02     7.104417e+02
  2.0480e+02     7.063056e+02
  2.0500e+02     7.021936e+02
  2.0520e+02     6.981057e+02
  2.0540e+02     6.940420e+02
  2.0560e+02     6.900025e+02
  2.0580e+02     6.859873e+02
  2.0600e+02     6.819962e+02
  2.0620e+02     6.780295e+02
  2.0640e+02     6.740870e+02
  2.0660e+02     6.701689e+02
  2.0680e+02     6.662750e+02
  2.0700e+02     6.624055e+02
  2.0720e+02     6.585603e+02
  2.0740e+02     6.547393e+02
  2.0760e+02     6.509428e+02
  2.0780e+02     6.471705e+02
  2.0800e+02     6.434224e+02
  2.0820e+02     6.396987e+02
  2.0840e+02     6.359992e+02
  2.0860e+02     6.323239e+02
  2.0880e+02     6.286728e+02
  2.0900e+02     6.250459e+02
  2.0920e+02     6.214431e+02
  2.0940e+02     6.178644e+02
  2.0960e+02     6.143097e+02
  2.0980e+02     6.107791e+02
  2.1000e+02     6.072725e+02
  2.1020e+02     6.037897e+02
  2.1040e+02     6.003309e+02
  2.1060e+02     5.968958e+02
  2.1080e+02     5.934846e+02
  2.1100e+02     5.900970e+02
  2.1120e+02     5.867331e+02
  2.1140e+02     5.833927e+02
  2.1160e+02     5.800759e+02
  2.1180e+02     5.767826e+02
  2.1200e+02     5.735127e+02
  2.1220e+02     5.702660e+02
  2.1240e+02     5.670426e+02
  2.1260e+02     5.638424e+02
  2.1280e+02     5.606653e+02
  2.1300e+02     5.575112e+02
  2.1320e+02     5.543800e+02
  2.1340e+02     5.512717e+02
  2.1360e+02     5.481862e+02
  2.1380e+02     5.451234e+02
  2.1400e+02     5.420832e+02
  2.1420e+02     5.390655e+02
  2.1440e+02     5.360702e+02
  2.1460e+02     5.330973e+02
  2.1480e+02     5.301466e+02
  2.1500e+02     5.272181e+02
  2.1520e+02     5.243116e+02
  2.1540e+02     5.214271e+02
  2.1560e+02     5.185645e+02
  2.1580e+02     5.157236e+02
  2.1600e+02     5.129045e+02
  2.1620e+02     5.101069e+02
  2.1640e+02     5.073308e+02
  2.1660e+02     5.045760e+02
  2.1680e+02     5.018426e+02
  2.1700e+02     4.991303e+02
  2.1720e+02     4.964391e+02
  2.1740e+02     4.937689e+02
  2.1760e+02     4.911195e+02
  2.1780e+02     4.884909e+02
  2.1800e+02     4.858829e+02
  2.1820e+02     4.832955e+02
  2.1840e+02     4.807285e+02
  2.1860e+02     4.781819e+02
  2.1880e+02     4.756555e+02
  2.1900e+02     4.731492e+02
  2.1920e+02     4.706629e+02
  2.1940e+02     4.681965e+02
  2.1960e+02     4.657499e+02
  2.1980e+02     4.633230e+02
  2.2000e+02     4.609156e+02
  2.2020e+02     4.585277e+02
  2.2040e+02     4.561592e+02
  2.2060e+02     4.538099e+02
  2.2080e+02     4.514798e+02
  2.2100e+02     4.491686e+02
  2.2120e+02     4.468764e+02
  2.2140e+02     4.446030e+02
  2.2160e+02     4.423482e+02
  2.2180e+02     4.401120e+02
  2.2200e+02     4.378943e+02
  2.2220e+02     4.356950e+02
  2.2240e+02     4.335139e+02
  2.2260e+02     4.313509e+02
  2.2280e+02     4.292060e+02
  2.2300e+02     4.270789e+02
  2.2320e+02     4.249697e+02
  2.2340e+02     4.228782e+02
  2.2360e+02     4.208042e+02
  2.2380e+02     4.187477e+02
  2.2400e+02     4.167086e+02
  2.2420e+02     4.146867e+02
  2.2440e+02     4.126820e+02
  2.2460e+02     4.106943e+02
  2.2480e+02     4.087235e+02
  2.2500e+02     4.067696e+02
  2.2520e+02     4.048323e+02
  2.2540e+02     4.029117e+02
  2.2560e+02     4.010075e+02
  2.2580e+02     3.991198e+02
  2.2600e+02     3.972483e+02
  2.2620e+02     3.953930e+02
  2.2640e+02     3.935537e+02
  2.2660e+02     3.917304e+02
  2.2680e+02     3.899230e+02
  2.2700e+02     3.881313e+02
  2.2720e+02     3.863553e+02
  2.2740e+02     3.845948e+02
  2.2760e+02     3.828497e+02
  2.2780e+02     3.811200e+02
  2.2800e+02     3.794055e+02
  2.2820e+02     3.777062e+02
  2.2840e+02     3.760218e+02
  2.2860e+02     3.743524e+02
  2.2880e+02     3.726979e+02
  2.2900e+02     3.710580e+02
  2.2920e+02     3.694328e+02
  2.2940e+02     3.678221e+02
  2.2960e+02     3.662258e+02
  2.2980e+02     3.646439e+02
  2.3000e+02     3.630762e+02
  2.3020e+02     3.615226e+02
  2.3040e+02     3.599831e+02
  2.3060e+02     3.584575e+02
  2.3080e+02     3.569458e+02
  2.3100e+02     3.554478e+02
  2.3120e+02     3.539634e+02
  2.3140e+02     3.524927e+02
  2.3160e+02     3.510354e+02
  2.3180e+02     3.495915e+02
  2.3200e+02     3.481608e+02
  2.3220e+02     3.467434e+02
  2.3240e+02     3.453391e+02
  2.3260e+02     3.439478e+02
  2.3280e+02     3.425694e+02
  2.3300e+02     3.412038e+02
  2.3320e+02     3.398510e+02
  2.3340e+02     3.385109e+02
  2.3360e+02     3.371833e+02
  2.3380e+02     3.358682e+02
  2.3400e+02     3.345655e+02
  2.3420e+02     3.332752e+02
  2.3440e+02     3.319970e+02
  2.3460e+02     3.307310e+02
  2.3480e+02     3.294771e+02
  2.3500e+02     3.282351e+02
  2.3520e+02     3.270051e+02
  2.3540e+02     3.257868e+02
  2.3560e+02     3.245803e+02
  2.3580e+02     3.233855e+02
  2.3600e+02     3.222022e+02
  2.3620e+02     3.210304e+02
  2.3640e+02     3.198701e+02
  2.3660e+02     3.187210e+02
  2.3680e+02     3.175833e+02
  2.3700e+02     3.164567e+02
  2.3720e+02     3.153412e+02
  2.3740e+02     3.142368e+02
  2.3760e+02     3.131433e+02
  2.3780e+02     3.120607e+02
  2.3800e+02     3.109889e+02
  2.3820e+02     3.099278e+02
  2.3840e+02     3.088775e+02
  2.3860e+02     3.078377e+02
  2.3880e+02     3.068084e+02
  2.3900e+02     3.057896e+02
  2.3920e+02     3.047812e+02
  2.3940e+02     3.037830e+02
  2.3960e+02     3.027952e+02
  2.3980e+02     3.018175e+02
  2.4000e+02     3.008499e+02
  2.4020e+02     2.998923e+02
  2.4040e+02     2.989447e+02
  2.4060e+02     2.980071e+02
  2.4080e+02     2.970793e+02
  2.4100e+02     2.961612e+02
  2.4120e+02     2.952529e+02
  2.4140e+02     2.943542e+02
  2.4160e+02     2.934652e+02
  2.4180e+02     2.925856e+02
  2.4200e+02     2.917155e+02
  2.4220e+02     2.908549e+02
  2.4240e+02     2.900035e+02
  2.4260e+02     2.891615e+02
  2.4280e+02     2.883287e+02
  2.4300e+02     2.875051e+02
  2.4320e+02     2.866905e+02
  2.4340e+02     2.858850e+02
  2.4360e+02     2.850886e+02
  2.4380e+02     2.843010e+02
  2.4400e+02     2.835224e+02
  2.4420e+02     2.827525e+02
  2.4440e+02     2.819915e+02
  2.4460e+02     2.812392e+02
  2.4480e+02     2.804955e+02
  2.4500e+02     2.797605e+02
  2.4520e+02     2.790340e+02
  2.4540e+02     2.783160e+02
  2.4560e+02     2.776065e+02
  2.4580e+02     2.769054e+02
  2.4600e+02     2.762126e+02
  2.4620e+02     2.755282e+02
  2.4640e+02     2.748520e+02
  2.4660e+02     2.741841e+02
  2.4680e+02     2.735243e+02
  2.4700e+02     2.728726e+02
  2.4720e+02     2.722290e+02
  2.4740e+02     2.715934e+02
  2.4760e+02     2.709658e+02
  2.4780e+02     2.703461e+02
  2.4800e+02     2.697343e+02
  2.4820e+02     2.691303e+02
  2.4840e+02     2.685341e+02
  2.4860e+02     2.679457e+02
  2.4880e+02     2.673651e+02
  2.4900e+02     2.667920e+02
  2.4920e+02     2.662266e+02
  2.4940e+02     2.656688e+02
  2.4960e+02     2.651186e+02
  2.4980e+02     2.645758e+02
  2.5000e+02     2.640405e+02
  2.5020e+02     2.635126e+02
  2.5040e+02     2.629922e+02
  2.5060e+02     2.624790e+02
  2.5080e+02     2.619732e+02
  2.5100e+02     2.614747e+02
  2.5120e+02     2.609834e+02
  2.5140e+02     2.604993e+02
  2.5160e+02     2.600223e+02
  2.5180e+02     2.595525e+02
  2.5200e+02     2.590898e+02
  2.5220e+02     2.586341e+02
  2.5240e+02     2.581855e+02
  2.5260e+02     2.577438e+02
  2.5280e+02     2.573091e+02
  2.5300e+02     2.568814e+02
  2.5320e+02     2.564605e+02
  2.5340e+02     2.560465e+02
  2.5360e+02     2.556393e+02
  2.5380e+02     2.552389e+02
  2.5400e+02     2.548453e+02
  2.5420e+02     2.544584e+02
  2.5440e+02     2.540782e+02
  2.5460e+02     2.537047e+02
  2.5480e+02     2.533378e+02
  2.5500e+02     2.529776e+02
  2.5520e+02     2.526240e+02
  2.5540e+02     2.522769e+02
  2.5560e+02     2.519364e+02
  2.5580e+02     2.516023e+02
  2.5600e+02     2.512748e+02
  2.5620e+02     2.509537e+02
  2.5640e+02     2.506391e+02
  2.5660e+02     2.503308e+02
  2.5680e+02     2.500290e+02
  2.5700e+02     2.497335e+02
  2.5720e+02     2.494443e+02
  2.5740e+02     2.491615e+02
  2.5760e+02     2.488849e+02
  2.5780e+02     2.486146e+02
  2.5800e+02     2.483506e+02
  2.5820e+02     2.480928e+02
  2.5840e+02     2.478411e+02
  2.5860e+02     2.475957e+02
  2.5880e+02     2.473564e+02
  2.5900e+02     2.471233e+02
  2.5920e+02     2.468962e+02
  2.5940e+02     2.466753e+02
  2.5960e+02     2.464605e+02
  2.5980e+02     2.462517e+02
  2.6000e+02     2.460489e+02
  2.6020e+02     2.458522e+02
  2.6040e+02     2.456615e+02
  2.6060e+02     2.454768e+02
  2.6080e+02     2.452980e+02
  2.6100e+02     2.451252e+02
  2.6120e+02     2.449584e+02
  2.6140e+02     2.447974e+02
  2.6160e+02     2.446424e+02
  2.6180e+02     2.444933e+02
  2.6200e+02     2.443500e+02
  2.6220e+02     2.442126e+02
  2.6240e+02     2.440811e+02
  2.6260e+02     2.439554e+02
  2.6280e+02     2.438355e+02
  2.6300e+02     2.437215e+02
  2.6320e+02     2.436132e+02
  2.6340e+02     2.435107e+02
  2.6360e+02     2.434140e+02
  2.6380e+02     2.433231e+02
  2.6400e+02     2.432379e+02
  2.6420e+02     2.431584e+02
  2.6440e+02     2.430847e+02
  2.6460e+02     2.430167e+02
  2.6480e+02     2.429544e+02
  2.6500e+02     2.428978e+02
  2.6520e+02     2.428469e+02
  2.6540e+02     2.428017e+02
  2.6560e+02     2.427622e+02
  2.6580e+02     2.427283e+02
  2.6600e+02     2.427001e+02
  2.6620e+02     2.426775e+02
  2.6640e+02     2.426606e+02
  2.6660e+02     2.426493e+02
  2.6680e+02     2.426436e+02
  2.6700e+02     2.426436e+02
  2.6720e+02     2.426492e+02
  2.6740e+02     2.426603e+02
  2.6760e+02     2.426771e+02
  2.6780e+02     2.426995e+02
  2.6800e+02     2.427275e+02
  2.6820e+02     2.427611e+02
  2.6840e+02     2.428003e+02
  2.6860e+02     2.428451e+02
  2.6880e+02     2.428954e+02
  2.6900e+02     2.429513e+02
  2.6920e+02     2.430128e+02
  2.6940e+02     2.430799e+02
  2.6960e+02     2.431525e+02
  2.6980e+02     2.432307e+02
  2.7000e+02     2.433145e+02
  2.7020e+02     2.434039e+02
  2.7040e+02     2.434988e+02
  2.7060e+02     2.435993e+02
  2.7080e+02     2.437053e+02
  2.7100e+02     2.438169e+02
  2.7120e+02     2.439341e+02
  2.7140e+02     2.440569e+02
  2.7160e+02     2.441852e+02
  2.7180e+02     2.443191e+02
  2.7200e+02     2.444585e+02
  2.7220e+02     2.446036e+02
  2.7240e+02     2.447542e+02
  2.7260e+02     2.449104e+02
  2.7280e+02     2.450721e+02
  2.7300e+02     2.452395e+02
  2.7320e+02     2.454124e+02
  2.7340e+02     2.455909e+02
  2.7360e+02     2.457751e+02
  2.7380e+02     2.459648e+02
  2.7400e+02     2.461601e+02
  2.7420e+02     2.463611e+02
  2.7440e+02     2.465676e+02
  2.7460e+02     2.467798e+02
  2.7480e+02     2.469976e+02
  2.7500e+02     2.472210e+02
  2.7520e+02     2.474501e+02
  2.7540e+02     2.476848e+02
  2.7560e+02     2.479251e+02
  2.7580e+02     2.481712e+02
  2.7600e+02     2.484228e+02
  2.7620e+02     2.486802e+02
  2.7640e+02     2.489433e+02
  2.7660e+02     2.492120e+02
  2.7680e+02     2.494864e+02
  2.7700e+02     2.497666e+02
  2.7720e+02     2.500524e+02
  2.7740e+02     2.503440e+02
  2.7760e+02     2.506414e+02
  2.7780e+02     2.509444e+02
  2.7800e+02     2.512533e+02
  2.7820e+02     2.515679e+02
  2.7840e+02     2.518883e+02
  2.7860e+02     2.522144e+02
  2.7880e+02     2.525464e+02
  2.7900e+02     2.528842e+02
  2.7920e+02     2.532278e+02
  2.7940e+02     2.535773e+02
  2.7960e+02     2.539326e+02
  2.7980e+02     2.542938e+02
  2.8000e+02     2.546609e+02
  2.8020e+02     2.550338e+02
  2.8040e+02     2.554127e+02
  2.8060e+02     2.557974e+02
  2.8080e+02     2.561882e+02
  2.8100e+02     2.565848e+02
  2.8120e+02     2.569875e+02
  2.8140e+02     2.573961e+02
  2.8160e+02     2.578107e+02
  2.8180e+02     2.582313e+02
  2.8200e+02     2.586579e+02
  2.8220e+02     2.590906e+02
  2.8240e+02     2.595294e+02
  2.8260e+02     2.599742e+02
  2.8280e+02     2.604251e+02
  2.8300e+02     2.608822e+02
  2.8320e+02     2.613454e+02
  2.8340e+02     2.618147e+02
  2.8360e+02     2.622902e+02
  2.8380e+02     2.627718e+02
  2.8400e+02     2.632597e+02
  2.8420e+02     2.637538e+02
  2.8440e+02     2.642542e+02
  2.8460e+02     2.647608e+02
  2.8480e+02     2.652737e+02
  2.8500e+02     2.657929e+02
  2.8520e+02     2.663184e+02
  2.8540e+02     2.668503e+02
  2.8560e+02     2.673885e+02
  2.8580e+02     2.679331e+02
  2.8600e+02     2.684842e+02
  2.8620e+02     2.690417e+02
  2.8640e+02     2.696056e+02
  2.8660e+02     2.701760e+02
  2.8680e+02     2.707529e+02
  2.8700e+02     2.713363e+02
  2.8720e+02     2.719263e+02
  2.8740e+02     2.725229e+02
  2.8760e+02     2.731260e+02
  2.8780e+02     2.737358e+02
  2.8800e+02     2.743522e+02
  2.8820e+02     2.749752e+02
  2.8840e+02     2.756050e+02
  2.8860e+02     2.762415e+02
  2.8880e+02     2.768847e+02
  2.8900e+02     2.775347e+02
  2.8920e+02     2.781915e+02
  2.8940e+02     2.788552e+02
  2.8960e+02     2.795256e+02
  2.8980e+02     2.802030e+02
  2.9000e+02     2.808873e+02
  2.9020e+02     2.815785e+02
  2.9040e+02     2.822766e+02
  2.9060e+02     2.829817e+02
  2.9080e+02     2.836939e+02
  2.9100e+02     2.844131e+02
  2.9120e+02     2.851394e+02
  2.9140e+02     2.858727e+02
  2.9160e+02     2.866133e+02
  2.9180e+02     2.873609e+02
  2.9200e+02     2.881158e+02
  2.9220e+02     2.888779e+02
  2.9240e+02     2.896472e+02
  2.9260e+02     2.904238e+02
  2.9280e+02     2.912078e+02
  2.9300e+02     2.919991e+02
  2.9320e+02     2.927977e+02
  2.9340e+02     2.936038e+02
  2.9360e+02     2.944173e+02
  2.9380e+02     2.952383e+02
  2.9400e+02     2.960668e+02
  2.9420e+02     2.969029e+02
  2.9440e+02     2.977465e+02
  2.9460e+02     2.985977e+02
  2.9480e+02     2.994565e+02
  2.9500e+02     3.003231e+02
  2.9520e+02     3.011973e+02
  2.9540e+02     3.020793e+02
  2.9560e+02     3.029690e+02
  2.9580e+02     3.038666e+02
  2.9600e+02     3.047720e+02
  2.9620e+02     3.056853e+02
  2.9640e+02     3.066065e+02
  2.9660e+02     3.075357e+02
  2.9680e+02     3.084728e+02
  2.9700e+02     3.094180e+02
  2.9720e+02     3.103713e+02
  2.9740e+02     3.113326e+02
  2.9760e+02     3.123021e+02
  2.9780e+02     3.132797e+02
  2.9800e+02     3.142656e+02
  2.9820e+02     3.152597e+02
  2.9840e+02     3.162621e+02
  2.9860e+02     3.172729e+02
  2.9880e+02     3.182920e+02
  2.9900e+02     3.193195e+02
  2.9920e+02     3.203554e+02
  2.9940e+02     3.213998e+02
  2.9960e+02     3.224528e+02
  2.9980e+02     3.235143e+02
  3.0000e+02     3.245843e+02
  3.0020e+02     3.256631e+02
  3.0040e+02     3.267505e+02
  3.0060e+02     3.278466e+02
  3.0080e+02     3.289515e+02
  3.0100e+02     3.300652e+02
  3.0120e+02     3.311878e+02
  3.0140e+02     3.323192e+02
  3.0160e+02     3.334596e+02
  3.0180e+02     3.346089e+02
  3.0200e+02     3.357672e+02
  3.0220e+02     3.369346e+02
  3.0240e+02     3.381110e+02
  3.0260e+02     3.392967e+02
  3.0280e+02     3.404914e+02
  3.0300e+02     3.416954e+02
  3.0320e+02     3.429087e+02
  3.0340e+02     3.441313e+02
  3.0360e+02     3.453632e+02
  3.0380e+02     3.466045e+02
  3.0400e+02     3.478553e+02
  3.0420e+02     3.491155e+02
  3.0440e+02     3.503853e+02
  3.0460e+02     3.516646e+02
  3.0480e+02     3.529535e+02
  3.0500e+02     3.542521e+02
  3.0520e+02     3.555604e+02
  3.0540e+02     3.568784e+02
  3.0560e+02     3.582063e+02
  3.0580e+02     3.595439e+02
  3.0600e+02     3.608915e+02
  3.0620e+02     3.622489e+02
  3.0640e+02     3.636164e+02
  3.0660e+02     3.649938e+02
  3.0680e+02     3.663813e+02
  3.0700e+02     3.677790e+02
  3.0720e+02     3.691867e+02
  3.0740e+02     3.706047e+02
  3.0760e+02     3.720329e+02
  3.0780e+02     3.734714e+02
  3.0800e+02     3.749203e+02
  3.0820e+02     3.763795e+02
  3.0840e+02     3.778491e+02
  3.0860e+02     3.793292e+02
  3.0880e+02     3.808199e+02
  3.0900e+02     3.823210e+02
  3.0920e+02     3.838329e+02
  3.0940e+02     3.853553e+02
  3.0960e+02     3.868885e+02
  3.0980e+02     3.884324e+02
  3.1000e+02     3.899871e+02
  3.1020e+02     3.915527e+02
  3.1040e+02     3.931291e+02
  3.1060e+02     3.947165e+02
  3.1080e+02     3.963148e+02
  3.1100e+02     3.979242e+02
  3.1120e+02     3.995447e+02
  3.1140e+02     4.011762e+02
  3.1160e+02     4.028190e+02
  3.1180e+02     4.044729e+02
  3.1200e+02     4.061381e+02
  3.1220e+02     4.078146e+02
  3.1240e+02     4.095025e+02
  3.1260e+02     4.112017e+02
  3.1280e+02     4.129124e+02
  3.1300e+02     4.146345e+02
  3.1320e+02     4.163682e+02
  3.1340e+02     4.181135e+02
  3.1360e+02     4.198704e+02
  3.1380e+02     4.216390e+02
  3.1400e+02     4.234192e+02
  3.1420e+02     4.252113e+02
  3.1440e+02     4.270151e+02
  3.1460e+02     4.288307e+02
  3.1480e+02     4.306583e+02
  3.1500e+02     4.324978e+02
  3.1520e+02     4.343492e+02
  3.1540e+02     4.362127e+02
  3.1560e+02     4.380882e+02
  3.1580e+02     4.399759e+02
  3.1600e+02     4.418756e+02
  3.1620e+02     4.437876e+02
  3.1640e+02     4.457118e+02
  3.1660e+02     4.476483e+02
  3.1680e+02     4.495971e+02
  3.1700e+02     4.515582e+02
  3.1720e+02     4.535318e+02
  3.1740e+02     4.555178e+02
  3.1760e+02     4.575162e+02
  3.1780e+02     4.595272e+02
  3.1800e+02     4.615507e+02
  3.1820e+02     4.635868e+02
  3.1840e+02     4.656356e+02
  3.1860e+02     4.676970e+02
  3.1880e+02     4.697712e+02
  3.1900e+02     4.718580e+02
  3.1920e+02     4.739577e+02
  3.1940e+02     4.760702e+02
  3.1960e+02     4.781956e+02
  3.1980e+02     4.803338e+02
  3.2000e+02     4.824850e+02
  3.2020e+02     4.846491e+02
  3.2040e+02     4.868262e+02
  3.2060e+02     4.890164e+02
  3.2080e+02     4.912196e+02
  3.2100e+02     4.934359e+02
  3.2120e+02     4.956653e+02
  3.2140e+02     4.979079e+02
  3.2160e+02     5.001636e+02
  3.2180e+02     5.024326e+02
  3.2200e+02     5.047148e+02
  3.2220e+02     5.070103e+02
  3.2240e+02     5.093191e+02
  3.2260e+02     5.116412e+02
  3.2280e+02     5.139766e+02
  3.2300e+02     5.163255e+02
  3.2320e+02     5.186877e+02
  3.2340e+02     5.210633e+02
  3.2360e+02     5.234524e+02
  3.2380e+02     5.258550e+02
  3.2400e+02     5.282711e+02
  3.2420e+02     5.307006e+02
  3.2440e+02     5.331437e+02
  3.2460e+02     5.356003e+02
  3.2480e+02     5.380705e+02
  3.2500e+02     5.405543e+02
  3.2520e+02     5.430517e+02
  3.2540e+02     5.455626e+02
  3.2560e+02     5.480872e+02
  3.2580e+02     5.506254e+02
  3.2600e+02     5.531773e+02
  3.2620e+02     5.557428e+02
  3.2640e+02     5.583220e+02
  3.2660e+02     5.609148e+02
  3.2680e+02     5.635214e+02
  3.2700e+02     5.661416e+02
  3.2720e+02     5.687755e+02
  3.2740e+02     5.714231e+02
  3.2760e+02     5.740843e+02
  3.2780e+02     5.767593e+02
  3.2800e+02     5.794479e+02
  3.2820e+02     5.821503e+02
  3.2840e+02     5.848663e+02
  3.2860e+02     5.875960e+02
  3.2880e+02     5.903394e+02
  3.2900e+02     5.930964e+02
  3.2920e+02     5.958671e+02
  3.2940e+02     5.986514e+02
  3.2960e+02     6.014494e+02
  3.2980e+02     6.042610e+02
  3.3000e+02     6.070862e+02
  3.3020e+02     6.099250e+02
  3.3040e+02     6.127773e+02
  3.3060e+02     6.156432e+02
  3.3080e+02     6.185226e+02
  3.3100e+02     6.214155e+02
  3.3120e+02     6.243219e+02
  3.3140e+02     6.272418e+02
  3.3160e+02     6.301750e+02
  3.3180e+02     6.331217e+02
  3.3200e+02     6.360817e+02
  3.3220e+02     6.390550e+02
  3.3240e+02     6.420416e+02
  3.3260e+02     6.450415e+02
  3.3280e+02     6.480546e+02
  3.3300e+02     6.510809e+02
  3.3320e+02     6.541202e+02
  3.3340e+02     6.571727e+02
  3.3360e+02     6.602382e+02
  3.3380e+02     6.633167e+02
  3.3400e+02     6.664081e+02
  3.3420e+02     6.695124e+02
  3.3440e+02     6.726295e+02
  3.3460e+02     6.757593e+02
  3.3480e+02     6.789019e+02
  3.3500e+02     6.820571e+02
  3.3520e+02     6.852249e+02
  3.3540e+02     6.884052e+02
  3.3560e+02     6.915979e+02
  3.3580e+02     6.948030e+02
  3.3600e+02     6.980204e+02
  3.3620e+02     7.012500e+02
  3.3640e+02     7.044917e+02
  3.3660e+02     7.077455e+02
  3.3680e+02     7.110113e+02
  3.3700e+02     7.142889e+02
  3.3720e+02     7.175784e+02
  3.3740e+02     7.208795e+02
  3.3760e+02     7.241923e+02
  3.3780e+02     7.275166e+02
  3.3800e+02     7.308523e+02
  3.3820e+02     7.341993e+02
  3.3840e+02     7.375575e+02
  3.3860e+02     7.409268e+02
  3.3880e+02     7.443071e+02
  3.3900e+02     7.476983e+02
  3.3920e+02     7.511003e+02
  3.3940e+02     7.545129e+02
  3.3960e+02     7.579360e+02
  3.3980e+02     7.613696e+02
  3.4000e+02     7.648134e+02
  3.4020e+02     7.682673e+02
  3.4040e+02     7.717313e+02
  3.4060e+02     7.752051e+02
  3.4080e+02     7.786887e+02
  3.4100e+02     7.821819e+02
  3.4120e+02     7.856845e+02
  3.4140e+02     7.891965e+02
  3.4160e+02     7.927176e+02
  3.4180e+02     7.962476e+02
  3.4200e+02     7.997866e+02
  3.4220e+02     8.033342e+02
  3.4240e+02     8.068904e+02
  3.4260e+02     8.104549e+02
  3.4280e+02     8.140276e+02
  3.4300e+02     8.176083e+02
  3.4320e+02     8.211968e+02
  3.4340e+02     8.247930e+02
  3.4360e+02     8.283967e+02
  3.4380e+02     8.320076e+02
  3.4400e+02     8.356257e+02
  3.4420e+02     8.392507e+02
  3.4440e+02     8.428824e+02
  3.4460e+02     8.465206e+02
  3.4480e+02     8.501652e+02
  3.4500e+02     8.538158e+02
  3.4520e+02     8.574724e+02
  3.4540e+02     8.611346e+02
  3.4560e+02     8.648023e+02
  3.4580e+02     8.684753e+02
  3.4600e+02     8.721533e+02
  3.4620e+02     8.758361e+02
  3.4640e+02     8.795235e+02
  3.4660e+02     8.832153e+02
  3.4680e+02     8.869111e+02
  3.4700e+02     8.906109e+02
  3.4720e+02     8.943142e+02
  3.4740e+02     8.980210e+02
  3.4760e+02     9.017309e+02
  3.4780e+02     9.054437e+02
  3.4800e+02     9.091591e+02
  3.4820e+02     9.128768e+02
  3.4840e+02     9.165967e+02
  3.4860e+02     9.203184e+02
  3.4880e+02     9.240417e+02
  3.4900e+02     9.277663e+02
  3.4920e+02     9.314919e+02
  3.4940e+02     9.352183e+02
  3.4960e+02     9.389451e+02
  3.4980e+02     9.426721e+02
  3.5000e+02     9.463989e+02
  3.5020e+02     9.501254e+02
  3.5040e+02     9.538512e+02
  3.5060e+02     9.575759e+02
  3.5080e+02     9.612994e+02
  3.5100e+02     9.650212e+02
  3.5120e+02     9.687411e+02
  3.5140e+02     9.724588e+02
  3.5160e+02     9.761739e+02
  3.5180e+02     9.798862e+02
  3.5200e+02     9.835952e+02
  3.5220e+02     9.873008e+02
  3.5240e+02     9.910025e+02
  3.5260e+02     9.947000e+02
  3.5280e+02     9.983930e+02
  3.5300e+02     1.002081e+03
  3.5320e+02     1.005764e+03
  3.5340e+02     1.009441e+03
  3.5360e+02     1.013113e+03
  3.5380e+02     1.016778e+03
  3.5400e+02     1.020437e+03
  3.5420e+02     1.024089e+03
  3.5440e+02     1.027733e+03
  3.5460e+02     1.031370e+03
  3.5480e+02     1.034999e+03
  3.5500e+02     1.038620e+03
  3.5520e+02     1.042232e+03
  3.5540e+02     1.045834e+03
  3.5560e+02     1.049428e+03
  3.5580e+02     1.053011e+03
  3.5600e+02     1.056584e+03
  3.5620e+02     1.060147e+03
  3.5640e+02     1.063698e+03
  3.5660e+02     1.067239e+03
  3.5680e+02     1.070767e+03
  3.5700e+02     1.074283e+03
  3.5720e+02     1.077787e+03
  3.5740e+02     1.081278e+03
  3.5760e+02     1.084755e+03
  3.5780e+02     1.088219e+03
  3.5800e+02     1.091669e+03
  3.5820e+02     1.095104e+03
  3.5840e+02     1.098525e+03
  3.5860e+02     1.101930e+03
  3.5880e+02     1.105319e+03
  3.5900e+02     1.108692e+03
  3.5920e+02     1.112049e+03
  3.5940e+02     1.115389e+03
  3.5960e+02     1.118711e+03
  3.5980e+02     1.122016e+03
