# Epidemic | 7 days incidence [ x-unit: days | y-unit: per 100000 ]
  0.0000e+00     3.618006e+02
  2.0000e-01     3.595277e+02
  4.0000e-01     3.572764e+02
  6.0000e-01     3.550463e+02
  8.0000e-01     3.528373e+02
  1.0000e+00     3.506492e+02
  1.2000e+00     3.484819e+02
  1.4000e+00     3.463351e+02
  1.6000e+00     3.442087e+02
  1.8000e+00     3.421025e+02
  2.0000e+00     3.400164e+02
  2.2000e+00     3.379502e+02
  2.4000e+00     3.359036e+02
  2.6000e+00     3.338766e+02
  2.8000e+00     3.318690e+02
  3.0000e+00     3.298805e+02
  3.2000e+00     3.279111e+02
  3.4000e+00     3.259605e+02
  3.6000e+00     3.240287e+02
  3.8000e+00     3.221153e+02
  4.0000e+00     3.202204e+02
  4.2000e+00     3.183437e+02
  4.4000e+00     3.164850e+02
  4.6000e+00     3.146442e+02
  4.8000e+00     3.128212e+02
  5.0000e+00     3.110158e+02
  5.2000e+00     3.092277e+02
  5.4000e+00     3.074570e+02
  5.6000e+00     3.057034e+02
  5.8000e+00     3.039668e+02
  6.0000e+00     3.022470e+02
  6.2000e+00     3.005439e+02
  6.4000e+00     2.988573e+02
  6.6000e+00     2.971871e+02
  6.8000e+00     2.955331e+02
  7.0000e+00     2.938952e+02
  7.2000e+00     2.926801e+02
  7.4000e+00     2.915178e+02
  7.6000e+00     2.903625e+02
  7.8000e+00     2.892142e+02
  8.0000e+00     2.880729e+02
  8.2000e+00     2.869387e+02
  8.4000e+00     2.858113e+02
  8.6000e+00     2.846910e+02
  8.8000e+00     2.835775e+02
  9.0000e+00     2.824709e+02
  9.2000e+00     2.813711e+02
  9.4000e+00     2.802782e+02
  9.6000e+00     2.791921e+02
  9.8000e+00     2.781127e+02
  1.0000e+01     2.770401e+02
  1.0200e+01     2.759743e+02
  1.0400e+01     2.749151e+02
  1.0600e+01     2.738626e+02
  1.0800e+01     2.728167e+02
  1.1000e+01     2.717775e+02
  1.1200e+01     2.707449e+02
  1.1400e+01     2.697188e+02
  1.1600e+01     2.686993e+02
  1.1800e+01     2.676863e+02
  1.2000e+01     2.666799e+02
  1.2200e+01     2.656798e+02
  1.2400e+01     2.646862e+02
  1.2600e+01     2.636991e+02
  1.2800e+01     2.627183e+02
  1.3000e+01     2.617439e+02
  1.3200e+01     2.607758e+02
  1.3400e+01     2.598140e+02
  1.3600e+01     2.588586e+02
  1.3800e+01     2.579093e+02
  1.4000e+01     2.569664e+02
  1.4200e+01     2.560296e+02
  1.4400e+01     2.550990e+02
  1.4600e+01     2.541745e+02
  1.4800e+01     2.532562e+02
  1.5000e+01     2.523440e+02
  1.5200e+01     2.514379e+02
  1.5400e+01     2.505378e+02
  1.5600e+01     2.496438e+02
  1.5800e+01     2.487557e+02
  1.6000e+01     2.478736e+02
  1.6200e+01     2.469975e+02
  1.6400e+01     2.461273e+02
  1.6600e+01     2.452630e+02
  1.6800e+01     2.444045e+02
  1.7000e+01     2.435519e+02
  1.7200e+01     2.427051e+02
  1.7400e+01     2.418641e+02
  1.7600e+01     2.410289e+02
  1.7800e+01     2.401993e+02
  1.8000e+01     2.393755e+02
  1.8200e+01     2.385574e+02
  1.8400e+01     2.377450e+02
  1.8600e+01     2.369382e+02
  1.8800e+01     2.361369e+02
  1.9000e+01     2.353413e+02
  1.9200e+01     2.345512e+02
  1.9400e+01     2.337667e+02
  1.9600e+01     2.329876e+02
  1.9800e+01     2.322141e+02
  2.0000e+01     2.314459e+02
  2.0200e+01     2.306832e+02
  2.0400e+01     2.299259e+02
  2.0600e+01     2.291740e+02
  2.0800e+01     2.284274e+02
  2.1000e+01     2.276862e+02
  2.1200e+01     2.267489e+02
  2.1400e+01     2.257991e+02
  2.1600e+01     2.248592e+02
  2.1800e+01     2.239290e+02
  2.2000e+01     2.230086e+02
  2.2200e+01     2.220979e+02
  2.2400e+01     2.211967e+02
  2.2600e+01     2.203050e+02
  2.2800e+01     2.194227e+02
  2.3000e+01     2.185497e+02
  2.3200e+01     2.176860e+02
  2.3400e+01     2.168314e+02
  2.3600e+01     2.159859e+02
  2.3800e+01     2.151495e+02
  2.4000e+01     2.143220e+02
  2.4200e+01     2.135033e+02
  2.4400e+01     2.126935e+02
  2.4600e+01     2.118923e+02
  2.4800e+01     2.110999e+02
  2.5000e+01     2.103160e+02
  2.5200e+01     2.095406e+02
  2.5400e+01     2.087737e+02
  2.5600e+01     2.080151e+02
  2.5800e+01     2.072648e+02
  2.6000e+01     2.065228e+02
  2.6200e+01     2.057890e+02
  2.6400e+01     2.050632e+02
  2.6600e+01     2.043455e+02
  2.6800e+01     2.036358e+02
  2.7000e+01     2.029340e+02
  2.7200e+01     2.022400e+02
  2.7400e+01     2.015539e+02
  2.7600e+01     2.008754e+02
  2.7800e+01     2.002047e+02
  2.8000e+01     1.995415e+02
  2.8200e+01     1.988859e+02
  2.8400e+01     1.982378e+02
  2.8600e+01     1.975971e+02
  2.8800e+01     1.969638e+02
  2.9000e+01     1.963378e+02
  2.9200e+01     1.957191e+02
  2.9400e+01     1.951076e+02
  2.9600e+01     1.945033e+02
  2.9800e+01     1.939061e+02
  3.0000e+01     1.933159e+02
  3.0200e+01     1.927327e+02
  3.0400e+01     1.921564e+02
  3.0600e+01     1.915871e+02
  3.0800e+01     1.910246e+02
  3.1000e+01     1.904689e+02
  3.1200e+01     1.899199e+02
  3.1400e+01     1.893776e+02
  3.1600e+01     1.888420e+02
  3.1800e+01     1.883130e+02
  3.2000e+01     1.877905e+02
  3.2200e+01     1.872746e+02
  3.2400e+01     1.867651e+02
  3.2600e+01     1.862620e+02
  3.2800e+01     1.857653e+02
  3.3000e+01     1.852749e+02
  3.3200e+01     1.847909e+02
  3.3400e+01     1.843130e+02
  3.3600e+01     1.838414e+02
  3.3800e+01     1.833759e+02
  3.4000e+01     1.829165e+02
  3.4200e+01     1.824632e+02
  3.4400e+01     1.820159e+02
  3.4600e+01     1.815747e+02
  3.4800e+01     1.811394e+02
  3.5000e+01     1.807100e+02
  3.5200e+01     1.802865e+02
  3.5400e+01     1.798688e+02
  3.5600e+01     1.794569e+02
  3.5800e+01     1.790509e+02
  3.6000e+01     1.786505e+02
  3.6200e+01     1.782558e+02
  3.6400e+01     1.778668e+02
  3.6600e+01     1.774834e+02
  3.6800e+01     1.771057e+02
  3.7000e+01     1.767334e+02
  3.7200e+01     1.763667e+02
  3.7400e+01     1.760055e+02
  3.7600e+01     1.756498e+02
  3.7800e+01     1.752995e+02
  3.8000e+01     1.749546e+02
  3.8200e+01     1.746150e+02
  3.8400e+01     1.742808e+02
  3.8600e+01     1.739519e+02
  3.8800e+01     1.736282e+02
  3.9000e+01     1.733099e+02
  3.9200e+01     1.729967e+02
  3.9400e+01     1.726887e+02
  3.9600e+01     1.723859e+02
  3.9800e+01     1.720882e+02
  4.0000e+01     1.717956e+02
  4.0200e+01     1.715082e+02
  4.0400e+01     1.712257e+02
  4.0600e+01     1.709483e+02
  4.0800e+01     1.706759e+02
  4.1000e+01     1.704085e+02
  4.1200e+01     1.701460e+02
  4.1400e+01     1.698885e+02
  4.1600e+01     1.696358e+02
  4.1800e+01     1.693881e+02
  4.2000e+01     1.691452e+02
  4.2200e+01     1.689071e+02
  4.2400e+01     1.686739e+02
  4.2600e+01     1.684455e+02
  4.2800e+01     1.682218e+02
  4.3000e+01     1.680029e+02
  4.3200e+01     1.677887e+02
  4.3400e+01     1.675792e+02
  4.3600e+01     1.673744e+02
  4.3800e+01     1.671743e+02
  4.4000e+01     1.669788e+02
  4.4200e+01     1.667880e+02
  4.4400e+01     1.666017e+02
  4.4600e+01     1.664201e+02
  4.4800e+01     1.662431e+02
  4.5000e+01     1.660706e+02
  4.5200e+01     1.659026e+02
  4.5400e+01     1.657392e+02
  4.5600e+01     1.655803e+02
  4.5800e+01     1.654259e+02
  4.6000e+01     1.652759e+02
  4.6200e+01     1.651305e+02
  4.6400e+01     1.649894e+02
  4.6600e+01     1.648528e+02
  4.6800e+01     1.647207e+02
  4.7000e+01     1.645929e+02
  4.7200e+01     1.644695e+02
  4.7400e+01     1.643505e+02
  4.7600e+01     1.642359e+02
  4.7800e+01     1.641256e+02
  4.8000e+01     1.640196e+02
  4.8200e+01     1.639180e+02
  4.8400e+01     1.638207e+02
  4.8600e+01     1.637277e+02
  4.8800e+01     1.636390e+02
  4.9000e+01     1.635546e+02
  4.9200e+01     1.634745e+02
  4.9400e+01     1.633986e+02
  4.9600e+01     1.633269e+02
  4.9800e+01     1.632595e+02
  5.0000e+01     1.631964e+02
  5.0200e+01     1.631374e+02
  5.0400e+01     1.630827e+02
  5.0600e+01     1.630322e+02
  5.0800e+01     1.629859e+02
  5.1000e+01     1.629437e+02
  5.1200e+01     1.629058e+02
  5.1400e+01     1.628720e+02
  5.1600e+01     1.628424e+02
  5.1800e+01     1.628170e+02
  5.2000e+01     1.627957e+02
  5.2200e+01     1.627786e+02
  5.2400e+01     1.627656e+02
  5.2600e+01     1.627568e+02
  5.2800e+01     1.627521e+02
  5.3000e+01     1.627515e+02
  5.3200e+01     1.627550e+02
  5.3400e+01     1.627627e+02
  5.3600e+01     1.627745e+02
  5.3800e+01     1.627904e+02
  5.4000e+01     1.628104e+02
  5.4200e+01     1.628345e+02
  5.4400e+01     1.628627e+02
  5.4600e+01     1.628950e+02
  5.4800e+01     1.629314e+02
  5.5000e+01     1.629719e+02
  5.5200e+01     1.630165e+02
  5.5400e+01     1.630652e+02
  5.5600e+01     1.631180e+02
  5.5800e+01     1.631749e+02
  5.6000e+01     1.632359e+02
  5.6200e+01     1.633009e+02
  5.6400e+01     1.633701e+02
  5.6600e+01     1.634433e+02
  5.6800e+01     1.635206e+02
  5.7000e+01     1.636021e+02
  5.7200e+01     1.636876e+02
  5.7400e+01     1.637772e+02
  5.7600e+01     1.638709e+02
  5.7800e+01     1.639686e+02
  5.8000e+01     1.640705e+02
  5.8200e+01     1.641765e+02
  5.8400e+01     1.642866e+02
  5.8600e+01     1.644008e+02
  5.8800e+01     1.645191e+02
  5.9000e+01     1.646415e+02
  5.9200e+01     1.647681e+02
  5.9400e+01     1.648987e+02
  5.9600e+01     1.650335e+02
  5.9800e+01     1.651724e+02
  6.0000e+01     1.653155e+02
  6.0200e+01     1.654626e+02
  6.0400e+01     1.656140e+02
  6.0600e+01     1.657694e+02
  6.0800e+01     1.659291e+02
  6.1000e+01     1.660928e+02
  6.1200e+01     1.662608e+02
  6.1400e+01     1.664329e+02
  6.1600e+01     1.666092e+02
  6.1800e+01     1.667897e+02
  6.2000e+01     1.669744e+02
  6.2200e+01     1.671633e+02
  6.2400e+01     1.673564e+02
  6.2600e+01     1.675537e+02
  6.2800e+01     1.677552e+02
  6.3000e+01     1.679610e+02
  6.3200e+01     1.681710e+02
  6.3400e+01     1.683853e+02
  6.3600e+01     1.686038e+02
  6.3800e+01     1.688266e+02
  6.4000e+01     1.690537e+02
  6.4200e+01     1.692851e+02
  6.4400e+01     1.695207e+02
  6.4600e+01     1.697607e+02
  6.4800e+01     1.700050e+02
  6.5000e+01     1.702537e+02
  6.5200e+01     1.705067e+02
  6.5400e+01     1.707640e+02
  6.5600e+01     1.710258e+02
  6.5800e+01     1.712919e+02
  6.6000e+01     1.715624e+02
  6.6200e+01     1.718373e+02
  6.6400e+01     1.721166e+02
  6.6600e+01     1.724004e+02
  6.6800e+01     1.726886e+02
  6.7000e+01     1.729813e+02
  6.7200e+01     1.732784e+02
  6.7400e+01     1.735801e+02
  6.7600e+01     1.738863e+02
  6.7800e+01     1.741969e+02
  6.8000e+01     1.745121e+02
  6.8200e+01     1.748319e+02
  6.8400e+01     1.751562e+02
  6.8600e+01     1.754851e+02
  6.8800e+01     1.758187e+02
  6.9000e+01     1.761568e+02
  6.9200e+01     1.764996e+02
  6.9400e+01     1.768470e+02
  6.9600e+01     1.771991e+02
  6.9800e+01     1.775558e+02
  7.0000e+01     1.779173e+02
  7.0200e+01     1.782835e+02
  7.0400e+01     1.786544e+02
  7.0600e+01     1.790301e+02
  7.0800e+01     1.794106e+02
  7.1000e+01     1.797959e+02
  7.1200e+01     1.801860e+02
  7.1400e+01     1.805809e+02
  7.1600e+01     1.809807e+02
  7.1800e+01     1.813853e+02
  7.2000e+01     1.817949e+02
  7.2200e+01     1.822094e+02
  7.2400e+01     1.826288e+02
  7.2600e+01     1.830532e+02
  7.2800e+01     1.834826e+02
  7.3000e+01     1.839170e+02
  7.3200e+01     1.843564e+02
  7.3400e+01     1.848009e+02
  7.3600e+01     1.852504e+02
  7.3800e+01     1.857051e+02
  7.4000e+01     1.861648e+02
  7.4200e+01     1.866298e+02
  7.4400e+01     1.870998e+02
  7.4600e+01     1.875751e+02
  7.4800e+01     1.880556e+02
  7.5000e+01     1.885414e+02
  7.5200e+01     1.890324e+02
  7.5400e+01     1.895287e+02
  7.5600e+01     1.900304e+02
  7.5800e+01     1.905374e+02
  7.6000e+01     1.910498e+02
  7.6200e+01     1.915675e+02
  7.6400e+01     1.920908e+02
  7.6600e+01     1.926194e+02
  7.6800e+01     1.931536e+02
  7.7000e+01     1.936932e+02
  7.7200e+01     1.942385e+02
  7.7400e+01     1.947892e+02
  7.7600e+01     1.953456e+02
  7.7800e+01     1.959077e+02
  7.8000e+01     1.964753e+02
  7.8200e+01     1.970487e+02
  7.8400e+01     1.976278e+02
  7.8600e+01     1.982126e+02
  7.8800e+01     1.988033e+02
  7.9000e+01     1.993997e+02
  7.9200e+01     2.000020e+02
  7.9400e+01     2.006101e+02
  7.9600e+01     2.012242e+02
  7.9800e+01     2.018442e+02
  8.0000e+01     2.024702e+02
  8.0200e+01     2.031022e+02
  8.0400e+01     2.037403e+02
  8.0600e+01     2.043844e+02
  8.0800e+01     2.050346e+02
  8.1000e+01     2.056910e+02
  8.1200e+01     2.063535e+02
  8.1400e+01     2.070223e+02
  8.1600e+01     2.076973e+02
  8.1800e+01     2.083786e+02
  8.2000e+01     2.090663e+02
  8.2200e+01     2.097602e+02
  8.2400e+01     2.104606e+02
  8.2600e+01     2.111674e+02
  8.2800e+01     2.118807e+02
  8.3000e+01     2.126005e+02
  8.3200e+01     2.133268e+02
  8.3400e+01     2.140598e+02
  8.3600e+01     2.147993e+02
  8.3800e+01     2.155455e+02
  8.4000e+01     2.162984e+02
  8.4200e+01     2.170581e+02
  8.4400e+01     2.178245e+02
  8.4600e+01     2.185978e+02
  8.4800e+01     2.193779e+02
  8.5000e+01     2.201650e+02
  8.5200e+01     2.209590e+02
  8.5400e+01     2.217599e+02
  8.5600e+01     2.225679e+02
  8.5800e+01     2.233830e+02
  8.6000e+01     2.242052e+02
  8.6200e+01     2.250345e+02
  8.6400e+01     2.258711e+02
  8.6600e+01     2.267149e+02
  8.6800e+01     2.275660e+02
  8.7000e+01     2.284245e+02
  8.7200e+01     2.292903e+02
  8.7400e+01     2.301635e+02
  8.7600e+01     2.310442e+02
  8.7800e+01     2.319325e+02
  8.8000e+01     2.328283e+02
  8.8200e+01     2.337317e+02
  8.8400e+01     2.346428e+02
  8.8600e+01     2.355616e+02
  8.8800e+01     2.364881e+02
  8.9000e+01     2.374225e+02
  8.9200e+01     2.383647e+02
  8.9400e+01     2.393148e+02
  8.9600e+01     2.402729e+02
  8.9800e+01     2.412389e+02
  9.0000e+01     2.422131e+02
  9.0200e+01     2.431953e+02
  9.0400e+01     2.441857e+02
  9.0600e+01     2.451842e+02
  9.0800e+01     2.461911e+02
  9.1000e+01     2.472062e+02
  9.1200e+01     2.482297e+02
  9.1400e+01     2.492616e+02
  9.1600e+01     2.503020e+02
  9.1800e+01     2.513509e+02
  9.2000e+01     2.524084e+02
  9.2200e+01     2.534745e+02
  9.2400e+01     2.545493e+02
  9.2600e+01     2.556328e+02
  9.2800e+01     2.567251e+02
  9.3000e+01     2.578262e+02
  9.3200e+01     2.589363e+02
  9.3400e+01     2.600553e+02
  9.3600e+01     2.611833e+02
  9.3800e+01     2.623204e+02
  9.4000e+01     2.634667e+02
  9.4200e+01     2.646221e+02
  9.4400e+01     2.657868e+02
  9.4600e+01     2.669607e+02
  9.4800e+01     2.681441e+02
  9.5000e+01     2.693368e+02
  9.5200e+01     2.705391e+02
  9.5400e+01     2.717508e+02
  9.5600e+01     2.729722e+02
  9.5800e+01     2.742033e+02
  9.6000e+01     2.754440e+02
  9.6200e+01     2.766946e+02
  9.6400e+01     2.779550e+02
  9.6600e+01     2.792253e+02
  9.6800e+01     2.805055e+02
  9.7000e+01     2.817958e+02
  9.7200e+01     2.830962e+02
  9.7400e+01     2.844068e+02
  9.7600e+01     2.857275e+02
  9.7800e+01     2.870586e+02
  9.8000e+01     2.884000e+02
  9.8200e+01     2.897518e+02
  9.8400e+01     2.911141e+02
  9.8600e+01     2.924869e+02
  9.8800e+01     2.938704e+02
  9.9000e+01     2.952645e+02
  9.9200e+01     2.966694e+02
  9.9400e+01     2.980850e+02
  9.9600e+01     2.995115e+02
  9.9800e+01     3.009490e+02
  1.0000e+02     3.023975e+02
  1.0020e+02     3.038571e+02
  1.0040e+02     3.053278e+02
  1.0060e+02     3.068097e+02
  1.0080e+02     3.083029e+02
  1.0100e+02     3.098074e+02
  1.0120e+02     3.113233e+02
  1.0140e+02     3.128508e+02
  1.0160e+02     3.143898e+02
  1.0180e+02     3.159404e+02
  1.0200e+02     3.175027e+02
  1.0220e+02     3.190767e+02
  1.0240e+02     3.206626e+02
  1.0260e+02     3.222605e+02
  1.0280e+02     3.238702e+02
  1.0300e+02     3.254921e+02
  1.0320e+02     3.271260e+02
  1.0340e+02     3.287722e+02
  1.0360e+02     3.304306e+02
  1.0380e+02     3.321013e+02
  1.0400e+02     3.337844e+02
  1.0420e+02     3.354801e+02
  1.0440e+02     3.371882e+02
  1.0460e+02     3.389090e+02
  1.0480e+02     3.406425e+02
  1.0500e+02     3.423888e+02
  1.0520e+02     3.441479e+02
  1.0540e+02     3.459199e+02
  1.0560e+02     3.477049e+02
  1.0580e+02     3.495030e+02
  1.0600e+02     3.513142e+02
  1.0620e+02     3.531386e+02
  1.0640e+02     3.549763e+02
  1.0660e+02     3.568273e+02
  1.0680e+02     3.586918e+02
  1.0700e+02     3.605698e+02
  1.0720e+02     3.624614e+02
  1.0740e+02     3.643666e+02
  1.0760e+02     3.662855e+02
  1.0780e+02     3.682183e+02
  1.0800e+02     3.701649e+02
  1.0820e+02     3.721255e+02
  1.0840e+02     3.741001e+02
  1.0860e+02     3.760888e+02
  1.0880e+02     3.780917e+02
  1.0900e+02     3.801088e+02
  1.0920e+02     3.821403e+02
  1.0940e+02     3.841862e+02
  1.0960e+02     3.862465e+02
  1.0980e+02     3.883213e+02
  1.1000e+02     3.904108e+02
  1.1020e+02     3.925150e+02
  1.1040e+02     3.946340e+02
  1.1060e+02     3.967678e+02
  1.1080e+02     3.989165e+02
  1.1100e+02     4.010802e+02
  1.1120e+02     4.032589e+02
  1.1140e+02     4.054528e+02
  1.1160e+02     4.076619e+02
  1.1180e+02     4.098863e+02
  1.1200e+02     4.121260e+02
  1.1220e+02     4.143812e+02
  1.1240e+02     4.166518e+02
  1.1260e+02     4.189380e+02
  1.1280e+02     4.212399e+02
  1.1300e+02     4.235574e+02
  1.1320e+02     4.258907e+02
  1.1340e+02     4.282399e+02
  1.1360e+02     4.306050e+02
  1.1380e+02     4.329861e+02
  1.1400e+02     4.353833e+02
  1.1420e+02     4.377965e+02
  1.1440e+02     4.402260e+02
  1.1460e+02     4.426717e+02
  1.1480e+02     4.451337e+02
  1.1500e+02     4.476122e+02
  1.1520e+02     4.501071e+02
  1.1540e+02     4.526185e+02
  1.1560e+02     4.551465e+02
  1.1580e+02     4.576912e+02
  1.1600e+02     4.602526e+02
  1.1620e+02     4.628307e+02
  1.1640e+02     4.654257e+02
  1.1660e+02     4.680377e+02
  1.1680e+02     4.706665e+02
  1.1700e+02     4.733124e+02
  1.1720e+02     4.759754e+02
  1.1740e+02     4.786555e+02
  1.1760e+02     4.813528e+02
  1.1780e+02     4.840674e+02
  1.1800e+02     4.867993e+02
  1.1820e+02     4.895486e+02
  1.1840e+02     4.923152e+02
  1.1860e+02     4.950994e+02
  1.1880e+02     4.979011e+02
  1.1900e+02     5.007203e+02
  1.1920e+02     5.035572e+02
  1.1940e+02     5.064117e+02
  1.1960e+02     5.092840e+02
  1.1980e+02     5.121741e+02
  1.2000e+02     5.150819e+02
  1.2020e+02     5.180076e+02
  1.2040e+02     5.209512e+02
  1.2060e+02     5.239128e+02
  1.2080e+02     5.268924e+02
  1.2100e+02     5.298899e+02
  1.2120e+02     5.329056e+02
  1.2140e+02     5.359393e+02
  1.2160e+02     5.389911e+02
  1.2180e+02     5.420612e+02
  1.2200e+02     5.451494e+02
  1.2220e+02     5.482558e+02
  1.2240e+02     5.513805e+02
  1.2260e+02     5.545235e+02
  1.2280e+02     5.576848e+02
  1.2300e+02     5.608644e+02
  1.2320e+02     5.640624e+02
  1.2340e+02     5.672788e+02
  1.2360e+02     5.705135e+02
  1.2380e+02     5.737667e+02
  1.2400e+02     5.770382e+02
  1.2420e+02     5.803282e+02
  1.2440e+02     5.836367e+02
  1.2460e+02     5.869636e+02
  1.2480e+02     5.903090e+02
  1.2500e+02     5.936728e+02
  1.2520e+02     5.970552e+02
  1.2540e+02     6.004560e+02
  1.2560e+02     6.038752e+02
  1.2580e+02     6.073129e+02
  1.2600e+02     6.107691e+02
  1.2620e+02     6.142437e+02
  1.2640e+02     6.177368e+02
  1.2660e+02     6.212483e+02
  1.2680e+02     6.247782e+02
  1.2700e+02     6.283265e+02
  1.2720e+02     6.318931e+02
  1.2740e+02     6.354781e+02
  1.2760e+02     6.390815e+02
  1.2780e+02     6.427031e+02
  1.2800e+02     6.463430e+02
  1.2820e+02     6.500011e+02
  1.2840e+02     6.536773e+02
  1.2860e+02     6.573718e+02
  1.2880e+02     6.610843e+02
  1.2900e+02     6.648149e+02
  1.2920e+02     6.685635e+02
  1.2940e+02     6.723300e+02
  1.2960e+02     6.761145e+02
  1.2980e+02     6.799168e+02
  1.3000e+02     6.837368e+02
  1.3020e+02     6.875746e+02
  1.3040e+02     6.914300e+02
  1.3060e+02     6.953030e+02
  1.3080e+02     6.991935e+02
  1.3100e+02     7.031015e+02
  1.3120e+02     7.070267e+02
  1.3140e+02     7.109692e+02
  1.3160e+02     7.149289e+02
  1.3180e+02     7.189057e+02
  1.3200e+02     7.228994e+02
  1.3220e+02     7.269100e+02
  1.3240e+02     7.309373e+02
  1.3260e+02     7.349814e+02
  1.3280e+02     7.390419e+02
  1.3300e+02     7.431189e+02
  1.3320e+02     7.472122e+02
  1.3340e+02     7.513217e+02
  1.3360e+02     7.554473e+02
  1.3380e+02     7.595888e+02
  1.3400e+02     7.637461e+02
  1.3420e+02     7.679190e+02
  1.3440e+02     7.721075e+02
  1.3460e+02     7.763113e+02
  1.3480e+02     7.805303e+02
  1.3500e+02     7.847644e+02
  1.3520e+02     7.890133e+02
  1.3540e+02     7.932770e+02
  1.3560e+02     7.975552e+02
  1.3580e+02     8.018477e+02
  1.3600e+02     8.061545e+02
  1.3620e+02     8.104753e+02
  1.3640e+02     8.148098e+02
  1.3660e+02     8.191580e+02
  1.3680e+02     8.235196e+02
  1.3700e+02     8.278945e+02
  1.3720e+02     8.322823e+02
  1.3740e+02     8.366829e+02
  1.3760e+02     8.410961e+02
  1.3780e+02     8.455217e+02
  1.3800e+02     8.499593e+02
  1.3820e+02     8.544088e+02
  1.3840e+02     8.588700e+02
  1.3860e+02     8.633426e+02
  1.3880e+02     8.678263e+02
  1.3900e+02     8.723210e+02
  1.3920e+02     8.768262e+02
  1.3940e+02     8.813418e+02
  1.3960e+02     8.858675e+02
  1.3980e+02     8.904031e+02
  1.4000e+02     8.949482e+02
  1.4020e+02     8.995025e+02
  1.4040e+02     9.040658e+02
  1.4060e+02     9.086377e+02
  1.4080e+02     9.132180e+02
  1.4100e+02     9.178064e+02
  1.4120e+02     9.224024e+02
  1.4140e+02     9.270059e+02
  1.4160e+02     9.316165e+02
  1.4180e+02     9.362339e+02
  1.4200e+02     9.408577e+02
  1.4220e+02     9.454875e+02
  1.4240e+02     9.501231e+02
  1.4260e+02     9.547641e+02
  1.4280e+02     9.594100e+02
  1.4300e+02     9.640607e+02
  1.4320e+02     9.687156e+02
  1.4340e+02     9.733745e+02
  1.4360e+02     9.780368e+02
  1.4380e+02     9.827023e+02
  1.4400e+02     9.873706e+02
  1.4420e+02     9.920412e+02
  1.4440e+02     9.967138e+02
  1.4460e+02     1.001388e+03
  1.4480e+02     1.006063e+03
  1.4500e+02     1.010739e+03
  1.4520e+02     1.015415e+03
  1.4540e+02     1.020091e+03
  1.4560e+02     1.024767e+03
  1.4580e+02     1.029441e+03
  1.4600e+02     1.034114e+03
  1.4620e+02     1.038785e+03
  1.4640e+02     1.043454e+03
  1.4660e+02     1.048120e+03
  1.4680e+02     1.052782e+03
  1.4700e+02     1.057441e+03
  1.4720e+02     1.062096e+03
  1.4740e+02     1.066745e+03
  1.4760e+02     1.071390e+03
  1.4780e+02     1.076029e+03
  1.4800e+02     1.080661e+03
  1.4820e+02     1.085287e+03
  1.4840e+02     1.089906e+03
  1.4860e+02     1.094517e+03
  1.4880e+02     1.099119e+03
  1.4900e+02     1.103713e+03
  1.4920e+02     1.108297e+03
  1.4940e+02     1.112872e+03
  1.4960e+02     1.117436e+03
  1.4980e+02     1.121990e+03
  1.5000e+02     1.126531e+03
  1.5020e+02     1.131061e+03
  1.5040e+02     1.135578e+03
  1.5060e+02     1.140083e+03
  1.5080e+02     1.144573e+03
  1.5100e+02     1.149049e+03
  1.5120e+02     1.153511e+03
  1.5140e+02     1.157957e+03
  1.5160e+02     1.162387e+03
  1.5180e+02     1.166800e+03
  1.5200e+02     1.171196e+03
  1.5220e+02     1.175575e+03
  1.5240e+02     1.179935e+03
  1.5260e+02     1.184277e+03
  1.5280e+02     1.188599e+03
  1.5300e+02     1.192900e+03
  1.5320e+02     1.197182e+03
  1.5340e+02     1.201441e+03
  1.5360e+02     1.205680e+03
  1.5380e+02     1.209895e+03
  1.5400e+02     1.214087e+03
  1.5420e+02     1.218256e+03
  1.5440e+02     1.222401e+03
  1.5460e+02     1.226520e+03
  1.5480e+02     1.230614e+03
  1.5500e+02     1.234682e+03
  1.5520e+02     1.238723e+03
  1.5540e+02     1.242737e+03
  1.5560e+02     1.246722e+03
  1.5580e+02     1.250679e+03
  1.5600e+02     1.254607e+03
  1.5620e+02     1.258505e+03
  1.5640e+02     1.262373e+03
  1.5660e+02     1.266209e+03
  1.5680e+02     1.270014e+03
  1.5700e+02     1.273786e+03
  1.5720e+02     1.277525e+03
  1.5740e+02     1.281231e+03
  1.5760e+02     1.284903e+03
  1.5780e+02     1.288540e+03
  1.5800e+02     1.292141e+03
  1.5820e+02     1.295707e+03
  1.5840e+02     1.299236e+03
  1.5860e+02     1.302728e+03
  1.5880e+02     1.306181e+03
  1.5900e+02     1.309597e+03
  1.5920e+02     1.312973e+03
  1.5940e+02     1.316310e+03
  1.5960e+02     1.319607e+03
  1.5980e+02     1.322863e+03
  1.6000e+02     1.326077e+03
  1.6020e+02     1.329250e+03
  1.6040e+02     1.332380e+03
  1.6060e+02     1.335466e+03
  1.6080e+02     1.338509e+03
  1.6100e+02     1.341508e+03
  1.6120e+02     1.344462e+03
  1.6140e+02     1.347371e+03
  1.6160e+02     1.350234e+03
  1.6180e+02     1.353050e+03
  1.6200e+02     1.355820e+03
  1.6220e+02     1.358542e+03
  1.6240e+02     1.361215e+03
  1.6260e+02     1.363841e+03
  1.6280e+02     1.366417e+03
  1.6300e+02     1.368943e+03
  1.6320e+02     1.371420e+03
  1.6340e+02     1.373845e+03
  1.6360e+02     1.376220e+03
  1.6380e+02     1.378543e+03
  1.6400e+02     1.380815e+03
  1.6420e+02     1.383033e+03
  1.6440e+02     1.385199e+03
  1.6460e+02     1.387311e+03
  1.6480e+02     1.389370e+03
  1.6500e+02     1.391374e+03
  1.6520e+02     1.393323e+03
  1.6540e+02     1.395218e+03
  1.6560e+02     1.397057e+03
  1.6580e+02     1.398840e+03
  1.6600e+02     1.400566e+03
  1.6620e+02     1.402236e+03
  1.6640e+02     1.403849e+03
  1.6660e+02     1.405405e+03
  1.6680e+02     1.406903e+03
  1.6700e+02     1.408343e+03
  1.6720e+02     1.409724e+03
  1.6740e+02     1.411047e+03
  1.6760e+02     1.412310e+03
  1.6780e+02     1.413515e+03
  1.6800e+02     1.414660e+03
  1.6820e+02     1.415745e+03
  1.6840e+02     1.416770e+03
  1.6860e+02     1.417734e+03
  1.6880e+02     1.418638e+03
  1.6900e+02     1.419482e+03
  1.6920e+02     1.420264e+03
  1.6940e+02     1.420985e+03
  1.6960e+02     1.421644e+03
  1.6980e+02     1.422242e+03
  1.7000e+02     1.422779e+03
  1.7020e+02     1.423253e+03
  1.7040e+02     1.423665e+03
  1.7060e+02     1.424016e+03
  1.7080e+02     1.424304e+03
  1.7100e+02     1.424529e+03
  1.7120e+02     1.424692e+03
  1.7140e+02     1.424793e+03
  1.7160e+02     1.424831e+03
  1.7180e+02     1.424807e+03
  1.7200e+02     1.424719e+03
  1.7220e+02     1.424570e+03
  1.7240e+02     1.424357e+03
  1.7260e+02     1.424082e+03
  1.7280e+02     1.423744e+03
  1.7300e+02     1.423343e+03
  1.7320e+02     1.422880e+03
  1.7340e+02     1.422354e+03
  1.7360e+02     1.421766e+03
  1.7380e+02     1.421116e+03
  1.7400e+02     1.420403e+03
  1.7420e+02     1.419628e+03
  1.7440e+02     1.418791e+03
  1.7460e+02     1.417892e+03
  1.7480e+02     1.416931e+03
  1.7500e+02     1.415909e+03
  1.7520e+02     1.414825e+03
  1.7540e+02     1.413681e+03
  1.7560e+02     1.412475e+03
  1.7580e+02     1.411208e+03
  1.7600e+02     1.409880e+03
  1.7620e+02     1.408493e+03
  1.7640e+02     1.407045e+03
  1.7660e+02     1.405537e+03
  1.7680e+02     1.403970e+03
  1.7700e+02     1.402343e+03
  1.7720e+02     1.400657e+03
  1.7740e+02     1.398913e+03
  1.7760e+02     1.397110e+03
  1.7780e+02     1.395250e+03
  1.7800e+02     1.393331e+03
  1.7820e+02     1.391356e+03
  1.7840e+02     1.389323e+03
  1.7860e+02     1.387234e+03
  1.7880e+02     1.385088e+03
  1.7900e+02     1.382887e+03
  1.7920e+02     1.380631e+03
  1.7940e+02     1.378319e+03
  1.7960e+02     1.375953e+03
  1.7980e+02     1.373533e+03
  1.8000e+02     1.371060e+03
  1.8020e+02     1.368533e+03
  1.8040e+02     1.365953e+03
  1.8060e+02     1.363322e+03
  1.8080e+02     1.360638e+03
  1.8100e+02     1.357904e+03
  1.8120e+02     1.355118e+03
  1.8140e+02     1.352283e+03
  1.8160e+02     1.349398e+03
  1.8180e+02     1.346464e+03
  1.8200e+02     1.343481e+03
  1.8220e+02     1.340450e+03
  1.8240e+02     1.337371e+03
  1.8260e+02     1.334246e+03
  1.8280e+02     1.331075e+03
  1.8300e+02     1.327857e+03
  1.8320e+02     1.324595e+03
  1.8340e+02     1.321288e+03
  1.8360e+02     1.317936e+03
  1.8380e+02     1.314542e+03
  1.8400e+02     1.311105e+03
  1.8420e+02     1.307625e+03
  1.8440e+02     1.304104e+03
  1.8460e+02     1.300542e+03
  1.8480e+02     1.296940e+03
  1.8500e+02     1.293298e+03
  1.8520e+02     1.289618e+03
  1.8540e+02     1.285898e+03
  1.8560e+02     1.282141e+03
  1.8580e+02     1.278347e+03
  1.8600e+02     1.274517e+03
  1.8620e+02     1.270651e+03
  1.8640e+02     1.266750e+03
  1.8660e+02     1.262814e+03
  1.8680e+02     1.258845e+03
  1.8700e+02     1.254842e+03
  1.8720e+02     1.250807e+03
  1.8740e+02     1.246740e+03
  1.8760e+02     1.242642e+03
  1.8780e+02     1.238514e+03
  1.8800e+02     1.234356e+03
  1.8820e+02     1.230169e+03
  1.8840e+02     1.225953e+03
  1.8860e+02     1.221710e+03
  1.8880e+02     1.217440e+03
  1.8900e+02     1.213143e+03
  1.8920e+02     1.208821e+03
  1.8940e+02     1.204474e+03
  1.8960e+02     1.200102e+03
  1.8980e+02     1.195707e+03
  1.9000e+02     1.191289e+03
  1.9020e+02     1.186848e+03
  1.9040e+02     1.182386e+03
  1.9060e+02     1.177903e+03
  1.9080e+02     1.173400e+03
  1.9100e+02     1.168876e+03
  1.9120e+02     1.164334e+03
  1.9140e+02     1.159774e+03
  1.9160e+02     1.155196e+03
  1.9180e+02     1.150601e+03
  1.9200e+02     1.145990e+03
  1.9220e+02     1.141363e+03
  1.9240e+02     1.136721e+03
  1.9260e+02     1.132064e+03
  1.9280e+02     1.127394e+03
  1.9300e+02     1.122710e+03
  1.9320e+02     1.118015e+03
  1.9340e+02     1.113307e+03
  1.9360e+02     1.108588e+03
  1.9380e+02     1.103858e+03
  1.9400e+02     1.099119e+03
  1.9420e+02     1.094370e+03
  1.9440e+02     1.089612e+03
  1.9460e+02     1.084846e+03
  1.9480e+02     1.080072e+03
  1.9500e+02     1.075292e+03
  1.9520e+02     1.070505e+03
  1.9540e+02     1.065712e+03
  1.9560e+02     1.060914e+03
  1.9580e+02     1.056111e+03
  1.9600e+02     1.051304e+03
  1.9620e+02     1.046493e+03
  1.9640e+02     1.041680e+03
  1.9660e+02     1.036864e+03
  1.9680e+02     1.032046e+03
  1.9700e+02     1.027227e+03
  1.9720e+02     1.022406e+03
  1.9740e+02     1.017586e+03
  1.9760e+02     1.012765e+03
  1.9780e+02     1.007946e+03
  1.9800e+02     1.003127e+03
  1.9820e+02     9.983107e+02
  1.9840e+02     9.934960e+02
  1.9860e+02     9.886840e+02
  1.9880e+02     9.838751e+02
  1.9900e+02     9.790698e+02
  1.9920e+02     9.742685e+02
  1.9940e+02     9.694718e+02
  1.9960e+02     9.646801e+02
  1.9980e+02     9.598938e+02
  2.0000e+02     9.551133e+02
  2.0020e+02     9.503392e+02
  2.0040e+02     9.455717e+02
  2.0060e+02     9.408114e+02
  2.0080e+02     9.360586e+02
  2.0100e+02     9.313137e+02
  2.0120e+02     9.265772e+02
  2.0140e+02     9.218494e+02
  2.0160e+02     9.171308e+02
  2.0180e+02     9.124216e+02
  2.0200e+02     9.077222e+02
  2.0220e+02     9.030331e+02
  2.0240e+02     8.983546e+02
  2.0260e+02     8.936870e+02
  2.0280e+02     8.890306e+02
  2.0300e+02     8.843859e+02
  2.0320e+02     8.797530e+02
  2.0340e+02     8.751325e+02
  2.0360e+02     8.705244e+02
  2.0380e+02     8.659293e+02
  2.0400e+02     8.613473e+02
  2.0420e+02     8.567788e+02
  2.0440e+02     8.522241e+02
  2.0460e+02     8.476834e+02
  2.0480e+02     8.431570e+02
  2.0500e+02     8.386452e+02
  2.0520e+02     8.341482e+02
  2.0540e+02     8.296664e+02
  2.0560e+02     8.251999e+02
  2.0580e+02     8.207490e+02
  2.0600e+02     8.163139e+02
  2.0620e+02     8.118949e+02
  2.0640e+02     8.074922e+02
  2.0660e+02     8.031059e+02
  2.0680e+02     7.987364e+02
  2.0700e+02     7.943839e+02
  2.0720e+02     7.900484e+02
  2.0740e+02     7.857303e+02
  2.0760e+02     7.814297e+02
  2.0780e+02     7.771468e+02
  2.0800e+02     7.728817e+02
  2.0820e+02     7.686347e+02
  2.0840e+02     7.644059e+02
  2.0860e+02     7.601955e+02
  2.0880e+02     7.560036e+02
  2.0900e+02     7.518304e+02
  2.0920e+02     7.476760e+02
  2.0940e+02     7.435405e+02
  2.0960e+02     7.394242e+02
  2.0980e+02     7.353270e+02
  2.1000e+02     7.312492e+02
  2.1020e+02     7.271909e+02
  2.1040e+02     7.231522e+02
  2.1060e+02     7.191331e+02
  2.1080e+02     7.151338e+02
  2.1100e+02     7.111544e+02
  2.1120e+02     7.071950e+02
  2.1140e+02     7.032557e+02
  2.1160e+02     6.993365e+02
  2.1180e+02     6.954376e+02
  2.1200e+02     6.915589e+02
  2.1220e+02     6.877007e+02
  2.1240e+02     6.838629e+02
  2.1260e+02     6.800457e+02
  2.1280e+02     6.762490e+02
  2.1300e+02     6.724729e+02
  2.1320e+02     6.687176e+02
  2.1340e+02     6.649829e+02
  2.1360e+02     6.612691e+02
  2.1380e+02     6.575760e+02
  2.1400e+02     6.539038e+02
  2.1420e+02     6.502525e+02
  2.1440e+02     6.466221e+02
  2.1460e+02     6.430127e+02
  2.1480e+02     6.394242e+02
  2.1500e+02     6.358566e+02
  2.1520e+02     6.323101e+02
  2.1540e+02     6.287846e+02
  2.1560e+02     6.252801e+02
  2.1580e+02     6.217966e+02
  2.1600e+02     6.183341e+02
  2.1620e+02     6.148926e+02
  2.1640e+02     6.114722e+02
  2.1660e+02     6.080727e+02
  2.1680e+02     6.046943e+02
  2.1700e+02     6.013368e+02
  2.1720e+02     5.980004e+02
  2.1740e+02     5.946848e+02
  2.1760e+02     5.913902e+02
  2.1780e+02     5.881165e+02
  2.1800e+02     5.848637e+02
  2.1820e+02     5.816318e+02
  2.1840e+02     5.784207e+02
  2.1860e+02     5.752303e+02
  2.1880e+02     5.720608e+02
  2.1900e+02     5.689119e+02
  2.1920e+02     5.657837e+02
  2.1940e+02     5.626762e+02
  2.1960e+02     5.595893e+02
  2.1980e+02     5.565229e+02
  2.2000e+02     5.534771e+02
  2.2020e+02     5.504517e+02
  2.2040e+02     5.474467e+02
  2.2060e+02     5.444620e+02
  2.2080e+02     5.414977e+02
  2.2100e+02     5.385536e+02
  2.2120e+02     5.356297e+02
  2.2140e+02     5.327259e+02
  2.2160e+02     5.298422e+02
  2.2180e+02     5.269784e+02
  2.2200e+02     5.241347e+02
  2.2220e+02     5.213108e+02
  2.2240e+02     5.185067e+02
  2.2260e+02     5.157223e+02
  2.2280e+02     5.129577e+02
  2.2300e+02     5.102126e+02
  2.2320e+02     5.074870e+02
  2.2340e+02     5.047810e+02
  2.2360e+02     5.020942e+02
  2.2380e+02     4.994269e+02
  2.2400e+02     4.967787e+02
  2.2420e+02     4.941497e+02
  2.2440e+02     4.915398e+02
  2.2460e+02     4.889489e+02
  2.2480e+02     4.863769e+02
  2.2500e+02     4.838237e+02
  2.2520e+02     4.812893e+02
  2.2540e+02     4.787736e+02
  2.2560e+02     4.762764e+02
  2.2580e+02     4.737978e+02
  2.2600e+02     4.713376e+02
  2.2620e+02     4.688958e+02
  2.2640e+02     4.664722e+02
  2.2660e+02     4.640668e+02
  2.2680e+02     4.616794e+02
  2.2700e+02     4.593101e+02
  2.2720e+02     4.569587e+02
  2.2740e+02     4.546251e+02
  2.2760e+02     4.523092e+02
  2.2780e+02     4.500110e+02
  2.2800e+02     4.477303e+02
  2.2820e+02     4.454671e+02
  2.2840e+02     4.432213e+02
  2.2860e+02     4.409928e+02
  2.2880e+02     4.387815e+02
  2.2900e+02     4.365872e+02
  2.2920e+02     4.344100e+02
  2.2940e+02     4.322497e+02
  2.2960e+02     4.301063e+02
  2.2980e+02     4.279796e+02
  2.3000e+02     4.258695e+02
  2.3020e+02     4.237760e+02
  2.3040e+02     4.216990e+02
  2.3060e+02     4.196383e+02
  2.3080e+02     4.175939e+02
  2.3100e+02     4.155657e+02
  2.3120e+02     4.135536e+02
  2.3140e+02     4.115575e+02
  2.3160e+02     4.095774e+02
  2.3180e+02     4.076130e+02
  2.3200e+02     4.056644e+02
  2.3220e+02     4.037314e+02
  2.3240e+02     4.018140e+02
  2.3260e+02     3.999120e+02
  2.3280e+02     3.980254e+02
  2.3300e+02     3.961540e+02
  2.3320e+02     3.942979e+02
  2.3340e+02     3.924568e+02
  2.3360e+02     3.906307e+02
  2.3380e+02     3.888195e+02
  2.3400e+02     3.870232e+02
  2.3420e+02     3.852416e+02
  2.3440e+02     3.834746e+02
  2.3460e+02     3.817221e+02
  2.3480e+02     3.799841e+02
  2.3500e+02     3.782605e+02
  2.3520e+02     3.765512e+02
  2.3540e+02     3.748560e+02
  2.3560e+02     3.731750e+02
  2.3580e+02     3.715079e+02
  2.3600e+02     3.698548e+02
  2.3620e+02     3.682155e+02
  2.3640e+02     3.665900e+02
  2.3660e+02     3.649781e+02
  2.3680e+02     3.633798e+02
  2.3700e+02     3.617950e+02
  2.3720e+02     3.602236e+02
  2.3740e+02     3.586655e+02
  2.3760e+02     3.571206e+02
  2.3780e+02     3.555889e+02
  2.3800e+02     3.540702e+02
  2.3820e+02     3.525645e+02
  2.3840e+02     3.510717e+02
  2.3860e+02     3.495918e+02
  2.3880e+02     3.481245e+02
  2.3900e+02     3.466699e+02
  2.3920e+02     3.452278e+02
  2.3940e+02     3.437983e+02
  2.3960e+02     3.423811e+02
  2.3980e+02     3.409762e+02
  2.4000e+02     3.395836e+02
  2.4020e+02     3.382031e+02
  2.4040e+02     3.368347e+02
  2.4060e+02     3.354783e+02
  2.4080e+02     3.341339e+02
  2.4100e+02     3.328012e+02
  2.4120e+02     3.314803e+02
  2.4140e+02     3.301712e+02
  2.4160e+02     3.288736e+02
  2.4180e+02     3.275875e+02
  2.4200e+02     3.263129e+02
  2.4220e+02     3.250497e+02
  2.4240e+02     3.237978e+02
  2.4260e+02     3.225571e+02
  2.4280e+02     3.213276e+02
  2.4300e+02     3.201092e+02
  2.4320e+02     3.189018e+02
  2.4340e+02     3.177053e+02
  2.4360e+02     3.165197e+02
  2.4380e+02     3.153448e+02
  2.4400e+02     3.141807e+02
  2.4420e+02     3.130273e+02
  2.4440e+02     3.118844e+02
  2.4460e+02     3.107520e+02
  2.4480e+02     3.096301e+02
  2.4500e+02     3.085186e+02
  2.4520e+02     3.074173e+02
  2.4540e+02     3.063263e+02
  2.4560e+02     3.052455e+02
  2.4580e+02     3.041748e+02
  2.4600e+02     3.031141e+02
  2.4620e+02     3.020634e+02
  2.4640e+02     3.010226e+02
  2.4660e+02     2.999916e+02
  2.4680e+02     2.989705e+02
  2.4700e+02     2.979590e+02
  2.4720e+02     2.969572e+02
  2.4740e+02     2.959650e+02
  2.4760e+02     2.949823e+02
  2.4780e+02     2.940090e+02
  2.4800e+02     2.930452e+02
  2.4820e+02     2.920907e+02
  2.4840e+02     2.911455e+02
  2.4860e+02     2.902096e+02
  2.4880e+02     2.892828e+02
  2.4900e+02     2.883651e+02
  2.4920e+02     2.874564e+02
  2.4940e+02     2.865567e+02
  2.4960e+02     2.856660e+02
  2.4980e+02     2.847842e+02
  2.5000e+02     2.839111e+02
  2.5020e+02     2.830468e+02
  2.5040e+02     2.821913e+02
  2.5060e+02     2.813444e+02
  2.5080e+02     2.805061e+02
  2.5100e+02     2.796763e+02
  2.5120e+02     2.788550e+02
  2.5140e+02     2.780422e+02
  2.5160e+02     2.772378e+02
  2.5180e+02     2.764417e+02
  2.5200e+02     2.756538e+02
  2.5220e+02     2.748742e+02
  2.5240e+02     2.741028e+02
  2.5260e+02     2.733396e+02
  2.5280e+02     2.725844e+02
  2.5300e+02     2.718372e+02
  2.5320e+02     2.710980e+02
  2.5340e+02     2.703668e+02
  2.5360e+02     2.696434e+02
  2.5380e+02     2.689279e+02
  2.5400e+02     2.682202e+02
  2.5420e+02     2.675202e+02
  2.5440e+02     2.668280e+02
  2.5460e+02     2.661434e+02
  2.5480e+02     2.654664e+02
  2.5500e+02     2.647970e+02
  2.5520e+02     2.641351e+02
  2.5540e+02     2.634807e+02
  2.5560e+02     2.628337e+02
  2.5580e+02     2.621941e+02
  2.5600e+02     2.615618e+02
  2.5620e+02     2.609369e+02
  2.5640e+02     2.603193e+02
  2.5660e+02     2.597088e+02
  2.5680e+02     2.591056e+02
  2.5700e+02     2.585095e+02
  2.5720e+02     2.579205e+02
  2.5740e+02     2.573386e+02
  2.5760e+02     2.567637e+02
  2.5780e+02     2.561958e+02
  2.5800e+02     2.556348e+02
  2.5820e+02     2.550808e+02
  2.5840e+02     2.545336e+02
  2.5860e+02     2.539933e+02
  2.5880e+02     2.534598e+02
  2.5900e+02     2.529331e+02
  2.5920e+02     2.524131e+02
  2.5940e+02     2.518997e+02
  2.5960e+02     2.513931e+02
  2.5980e+02     2.508931e+02
  2.6000e+02     2.503996e+02
  2.6020e+02     2.499128e+02
  2.6040e+02     2.494324e+02
  2.6060e+02     2.489586e+02
  2.6080e+02     2.484912e+02
  2.6100e+02     2.480303e+02
  2.6120e+02     2.475757e+02
  2.6140e+02     2.471275e+02
  2.6160e+02     2.466857e+02
  2.6180e+02     2.462501e+02
  2.6200e+02     2.458209e+02
  2.6220e+02     2.453979e+02
  2.6240e+02     2.449811e+02
  2.6260e+02     2.445705e+02
  2.6280e+02     2.441660e+02
  2.6300e+02     2.437677e+02
  2.6320e+02     2.433755e+02
  2.6340e+02     2.429893e+02
  2.6360e+02     2.426092e+02
  2.6380e+02     2.422352e+02
  2.6400e+02     2.418671e+02
  2.6420e+02     2.415050e+02
  2.6440e+02     2.411489e+02
  2.6460e+02     2.407986e+02
  2.6480e+02     2.404543e+02
  2.6500e+02     2.401158e+02
  2.6520e+02     2.397832e+02
  2.6540e+02     2.394564e+02
  2.6560e+02     2.391354e+02
  2.6580e+02     2.388201e+02
  2.6600e+02     2.385107e+02
  2.6620e+02     2.382069e+02
  2.6640e+02     2.379089e+02
  2.6660e+02     2.376165e+02
  2.6680e+02     2.373298e+02
  2.6700e+02     2.370488e+02
  2.6720e+02     2.367733e+02
  2.6740e+02     2.365035e+02
  2.6760e+02     2.362393e+02
  2.6780e+02     2.359806e+02
  2.6800e+02     2.357274e+02
  2.6820e+02     2.354798e+02
  2.6840e+02     2.352377e+02
  2.6860e+02     2.350011e+02
  2.6880e+02     2.347699e+02
  2.6900e+02     2.345442e+02
  2.6920e+02     2.343239e+02
  2.6940e+02     2.341090e+02
  2.6960e+02     2.338995e+02
  2.6980e+02     2.336954e+02
  2.7000e+02     2.334967e+02
  2.7020e+02     2.333033e+02
  2.7040e+02     2.331153e+02
  2.7060e+02     2.329325e+02
  2.7080e+02     2.327551e+02
  2.7100e+02     2.325830e+02
  2.7120e+02     2.324161e+02
  2.7140e+02     2.322545e+02
  2.7160e+02     2.320981e+02
  2.7180e+02     2.319470e+02
  2.7200e+02     2.318010e+02
  2.7220e+02     2.316603e+02
  2.7240e+02     2.315248e+02
  2.7260e+02     2.313944e+02
  2.7280e+02     2.312693e+02
  2.7300e+02     2.311492e+02
  2.7320e+02     2.310343e+02
  2.7340e+02     2.309246e+02
  2.7360e+02     2.308200e+02
  2.7380e+02     2.307204e+02
  2.7400e+02     2.306260e+02
  2.7420e+02     2.305367e+02
  2.7440e+02     2.304524e+02
  2.7460e+02     2.303732e+02
  2.7480e+02     2.302991e+02
  2.7500e+02     2.302301e+02
  2.7520e+02     2.301660e+02
  2.7540e+02     2.301070e+02
  2.7560e+02     2.300531e+02
  2.7580e+02     2.300041e+02
  2.7600e+02     2.299602e+02
  2.7620e+02     2.299213e+02
  2.7640e+02     2.298873e+02
  2.7660e+02     2.298584e+02
  2.7680e+02     2.298344e+02
  2.7700e+02     2.298155e+02
  2.7720e+02     2.298015e+02
  2.7740e+02     2.297924e+02
  2.7760e+02     2.297883e+02
  2.7780e+02     2.297892e+02
  2.7800e+02     2.297950e+02
  2.7820e+02     2.298058e+02
  2.7840e+02     2.298215e+02
  2.7860e+02     2.298421e+02
  2.7880e+02     2.298677e+02
  2.7900e+02     2.298982e+02
  2.7920e+02     2.299337e+02
  2.7940e+02     2.299740e+02
  2.7960e+02     2.300193e+02
  2.7980e+02     2.300695e+02
  2.8000e+02     2.301246e+02
  2.8020e+02     2.301846e+02
  2.8040e+02     2.302495e+02
  2.8060e+02     2.303194e+02
  2.8080e+02     2.303941e+02
  2.8100e+02     2.304738e+02
  2.8120e+02     2.305583e+02
  2.8140e+02     2.306478e+02
  2.8160e+02     2.307422e+02
  2.8180e+02     2.308415e+02
  2.8200e+02     2.309456e+02
  2.8220e+02     2.310547e+02
  2.8240e+02     2.311687e+02
  2.8260e+02     2.312876e+02
  2.8280e+02     2.314115e+02
  2.8300e+02     2.315402e+02
  2.8320e+02     2.316738e+02
  2.8340e+02     2.318124e+02
  2.8360e+02     2.319558e+02
  2.8380e+02     2.321042e+02
  2.8400e+02     2.322575e+02
  2.8420e+02     2.324158e+02
  2.8440e+02     2.325789e+02
  2.8460e+02     2.327470e+02
  2.8480e+02     2.329200e+02
  2.8500e+02     2.330980e+02
  2.8520e+02     2.332809e+02
  2.8540e+02     2.334688e+02
  2.8560e+02     2.336616e+02
  2.8580e+02     2.338593e+02
  2.8600e+02     2.340621e+02
  2.8620e+02     2.342698e+02
  2.8640e+02     2.344824e+02
  2.8660e+02     2.347001e+02
  2.8680e+02     2.349227e+02
  2.8700e+02     2.351503e+02
  2.8720e+02     2.353829e+02
  2.8740e+02     2.356205e+02
  2.8760e+02     2.358632e+02
  2.8780e+02     2.361108e+02
  2.8800e+02     2.363635e+02
  2.8820e+02     2.366212e+02
  2.8840e+02     2.368840e+02
  2.8860e+02     2.371518e+02
  2.8880e+02     2.374246e+02
  2.8900e+02     2.377025e+02
  2.8920e+02     2.379855e+02
  2.8940e+02     2.382736e+02
  2.8960e+02     2.385668e+02
  2.8980e+02     2.388651e+02
  2.9000e+02     2.391685e+02
  2.9020e+02     2.394770e+02
  2.9040e+02     2.397907e+02
  2.9060e+02     2.401095e+02
  2.9080e+02     2.404334e+02
  2.9100e+02     2.407625e+02
  2.9120e+02     2.410968e+02
  2.9140e+02     2.414363e+02
  2.9160e+02     2.417810e+02
  2.9180e+02     2.421309e+02
  2.9200e+02     2.424860e+02
  2.9220e+02     2.428464e+02
  2.9240e+02     2.432120e+02
  2.9260e+02     2.435829e+02
  2.9280e+02     2.439590e+02
  2.9300e+02     2.443405e+02
  2.9320e+02     2.447272e+02
  2.9340e+02     2.451193e+02
  2.9360e+02     2.455167e+02
  2.9380e+02     2.459194e+02
  2.9400e+02     2.463275e+02
  2.9420e+02     2.467410e+02
  2.9440e+02     2.471598e+02
  2.9460e+02     2.475841e+02
  2.9480e+02     2.480138e+02
  2.9500e+02     2.484489e+02
  2.9520e+02     2.488894e+02
  2.9540e+02     2.493355e+02
  2.9560e+02     2.497870e+02
  2.9580e+02     2.502440e+02
  2.9600e+02     2.507065e+02
  2.9620e+02     2.511746e+02
  2.9640e+02     2.516482e+02
  2.9660e+02     2.521274e+02
  2.9680e+02     2.526122e+02
  2.9700e+02     2.531025e+02
  2.9720e+02     2.535985e+02
  2.9740e+02     2.541002e+02
  2.9760e+02     2.546074e+02
  2.9780e+02     2.551204e+02
  2.9800e+02     2.556391e+02
  2.9820e+02     2.561635e+02
  2.9840e+02     2.566936e+02
  2.9860e+02     2.572294e+02
  2.9880e+02     2.577711e+02
  2.9900e+02     2.583185e+02
  2.9920e+02     2.588718e+02
  2.9940e+02     2.594309e+02
  2.9960e+02     2.599958e+02
  2.9980e+02     2.605666e+02
  3.0000e+02     2.611433e+02
  3.0020e+02     2.617260e+02
  3.0040e+02     2.623146e+02
  3.0060e+02     2.629091e+02
  3.0080e+02     2.635096e+02
  3.0100e+02     2.641162e+02
  3.0120e+02     2.647287e+02
  3.0140e+02     2.653473e+02
  3.0160e+02     2.659720e+02
  3.0180e+02     2.666028e+02
  3.0200e+02     2.672398e+02
  3.0220e+02     2.678828e+02
  3.0240e+02     2.685321e+02
  3.0260e+02     2.691875e+02
  3.0280e+02     2.698491e+02
  3.0300e+02     2.705170e+02
  3.0320e+02     2.711912e+02
  3.0340e+02     2.718716e+02
  3.0360e+02     2.725584e+02
  3.0380e+02     2.732515e+02
  3.0400e+02     2.739510e+02
  3.0420e+02     2.746569e+02
  3.0440e+02     2.753692e+02
  3.0460e+02     2.760879e+02
  3.0480e+02     2.768131e+02
  3.0500e+02     2.775449e+02
  3.0520e+02     2.782831e+02
  3.0540e+02     2.790279e+02
  3.0560e+02     2.797793e+02
  3.0580e+02     2.805373e+02
  3.0600e+02     2.813019e+02
  3.0620e+02     2.820732e+02
  3.0640e+02     2.828512e+02
  3.0660e+02     2.836359e+02
  3.0680e+02     2.844273e+02
  3.0700e+02     2.852255e+02
  3.0720e+02     2.860306e+02
  3.0740e+02     2.868424e+02
  3.0760e+02     2.876612e+02
  3.0780e+02     2.884868e+02
  3.0800e+02     2.893194e+02
  3.0820e+02     2.901589e+02
  3.0840e+02     2.910054e+02
  3.0860e+02     2.918589e+02
  3.0880e+02     2.927194e+02
  3.0900e+02     2.935870e+02
  3.0920e+02     2.944618e+02
  3.0940e+02     2.953436e+02
  3.0960e+02     2.962327e+02
  3.0980e+02     2.971289e+02
  3.1000e+02     2.980324e+02
  3.1020e+02     2.989431e+02
  3.1040e+02     2.998611e+02
  3.1060e+02     3.007865e+02
  3.1080e+02     3.017192e+02
  3.1100e+02     3.026593e+02
  3.1120e+02     3.036068e+02
  3.1140e+02     3.045618e+02
  3.1160e+02     3.055243e+02
  3.1180e+02     3.064943e+02
  3.1200e+02     3.074718e+02
  3.1220e+02     3.084570e+02
  3.1240e+02     3.094497e+02
  3.1260e+02     3.104502e+02
  3.1280e+02     3.114583e+02
  3.1300e+02     3.124741e+02
  3.1320e+02     3.134977e+02
  3.1340e+02     3.145291e+02
  3.1360e+02     3.155683e+02
  3.1380e+02     3.166154e+02
  3.1400e+02     3.176704e+02
  3.1420e+02     3.187333e+02
  3.1440e+02     3.198042e+02
  3.1460e+02     3.208831e+02
  3.1480e+02     3.219701e+02
  3.1500e+02     3.230651e+02
  3.1520e+02     3.241682e+02
  3.1540e+02     3.252795e+02
  3.1560e+02     3.263989e+02
  3.1580e+02     3.275266e+02
  3.1600e+02     3.286625e+02
  3.1620e+02     3.298067e+02
  3.1640e+02     3.309593e+02
  3.1660e+02     3.321202e+02
  3.1680e+02     3.332895e+02
  3.1700e+02     3.344672e+02
  3.1720e+02     3.356534e+02
  3.1740e+02     3.368482e+02
  3.1760e+02     3.380514e+02
  3.1780e+02     3.392633e+02
  3.1800e+02     3.404838e+02
  3.1820e+02     3.417129e+02
  3.1840e+02     3.429508e+02
  3.1860e+02     3.441973e+02
  3.1880e+02     3.454527e+02
  3.1900e+02     3.467169e+02
  3.1920e+02     3.479899e+02
  3.1940e+02     3.492718e+02
  3.1960e+02     3.505626e+02
  3.1980e+02     3.518623e+02
  3.2000e+02     3.531711e+02
  3.2020e+02     3.544889e+02
  3.2040e+02     3.558158e+02
  3.2060e+02     3.571518e+02
  3.2080e+02     3.584970e+02
  3.2100e+02     3.598513e+02
  3.2120e+02     3.612149e+02
  3.2140e+02     3.625877e+02
  3.2160e+02     3.639699e+02
  3.2180e+02     3.653613e+02
  3.2200e+02     3.667622e+02
  3.2220e+02     3.681725e+02
  3.2240e+02     3.695922e+02
  3.2260e+02     3.710214e+02
  3.2280e+02     3.724602e+02
  3.2300e+02     3.739085e+02
  3.2320e+02     3.753664e+02
  3.2340e+02     3.768340e+02
  3.2360e+02     3.783113e+02
  3.2380e+02     3.797982e+02
  3.2400e+02     3.812950e+02
  3.2420e+02     3.828015e+02
  3.2440e+02     3.843179e+02
  3.2460e+02     3.858441e+02
  3.2480e+02     3.873803e+02
  3.2500e+02     3.889264e+02
  3.2520e+02     3.904825e+02
  3.2540e+02     3.920486e+02
  3.2560e+02     3.936247e+02
  3.2580e+02     3.952110e+02
  3.2600e+02     3.968074e+02
  3.2620e+02     3.984140e+02
  3.2640e+02     4.000307e+02
  3.2660e+02     4.016577e+02
  3.2680e+02     4.032950e+02
  3.2700e+02     4.049426e+02
  3.2720e+02     4.066006e+02
  3.2740e+02     4.082689e+02
  3.2760e+02     4.099476e+02
  3.2780e+02     4.116368e+02
  3.2800e+02     4.133365e+02
  3.2820e+02     4.150468e+02
  3.2840e+02     4.167675e+02
  3.2860e+02     4.184989e+02
  3.2880e+02     4.202409e+02
  3.2900e+02     4.219936e+02
  3.2920e+02     4.237570e+02
  3.2940e+02     4.255311e+02
  3.2960e+02     4.273159e+02
  3.2980e+02     4.291116e+02
  3.3000e+02     4.309181e+02
  3.3020e+02     4.327354e+02
  3.3040e+02     4.345636e+02
  3.3060e+02     4.364028e+02
  3.3080e+02     4.382529e+02
  3.3100e+02     4.401140e+02
  3.3120e+02     4.419861e+02
  3.3140e+02     4.438693e+02
  3.3160e+02     4.457635e+02
  3.3180e+02     4.476688e+02
  3.3200e+02     4.495853e+02
  3.3220e+02     4.515129e+02
  3.3240e+02     4.534518e+02
  3.3260e+02     4.554018e+02
  3.3280e+02     4.573631e+02
  3.3300e+02     4.593356e+02
  3.3320e+02     4.613195e+02
  3.3340e+02     4.633146e+02
  3.3360e+02     4.653212e+02
  3.3380e+02     4.673390e+02
  3.3400e+02     4.693683e+02
  3.3420e+02     4.714090e+02
  3.3440e+02     4.734612e+02
  3.3460e+02     4.755248e+02
  3.3480e+02     4.775999e+02
  3.3500e+02     4.796864e+02
  3.3520e+02     4.817846e+02
  3.3540e+02     4.838942e+02
  3.3560e+02     4.860155e+02
  3.3580e+02     4.881483e+02
  3.3600e+02     4.902927e+02
  3.3620e+02     4.924487e+02
  3.3640e+02     4.946164e+02
  3.3660e+02     4.967957e+02
  3.3680e+02     4.989867e+02
  3.3700e+02     5.011894e+02
  3.3720e+02     5.034037e+02
  3.3740e+02     5.056298e+02
  3.3760e+02     5.078676e+02
  3.3780e+02     5.101171e+02
  3.3800e+02     5.123783e+02
  3.3820e+02     5.146513e+02
  3.3840e+02     5.169361e+02
  3.3860e+02     5.192326e+02
  3.3880e+02     5.215409e+02
  3.3900e+02     5.238610e+02
  3.3920e+02     5.261928e+02
  3.3940e+02     5.285364e+02
  3.3960e+02     5.308918e+02
  3.3980e+02     5.332590e+02
  3.4000e+02     5.356380e+02
  3.4020e+02     5.380288e+02
  3.4040e+02     5.404314e+02
  3.4060e+02     5.428457e+02
  3.4080e+02     5.452719e+02
  3.4100e+02     5.477098e+02
  3.4120e+02     5.501595e+02
  3.4140e+02     5.526209e+02
  3.4160e+02     5.550941e+02
  3.4180e+02     5.575791e+02
  3.4200e+02     5.600758e+02
  3.4220e+02     5.625842e+02
  3.4240e+02     5.651043e+02
  3.4260e+02     5.676361e+02
  3.4280e+02     5.701796e+02
  3.4300e+02     5.727348e+02
  3.4320e+02     5.753017e+02
  3.4340e+02     5.778801e+02
  3.4360e+02     5.804702e+02
  3.4380e+02     5.830719e+02
  3.4400e+02     5.856851e+02
  3.4420e+02     5.883098e+02
  3.4440e+02     5.909461e+02
  3.4460e+02     5.935939e+02
  3.4480e+02     5.962531e+02
  3.4500e+02     5.989238e+02
  3.4520e+02     6.016058e+02
  3.4540e+02     6.042992e+02
  3.4560e+02     6.070039e+02
  3.4580e+02     6.097199e+02
  3.4600e+02     6.124472e+02
  3.4620e+02     6.151857e+02
  3.4640e+02     6.179353e+02
  3.4660e+02     6.206961e+02
  3.4680e+02     6.234679e+02
  3.4700e+02     6.262508e+02
  3.4720e+02     6.290446e+02
  3.4740e+02     6.318494e+02
  3.4760e+02     6.346651e+02
  3.4780e+02     6.374916e+02
  3.4800e+02     6.403289e+02
  3.4820e+02     6.431769e+02
  3.4840e+02     6.460356e+02
  3.4860e+02     6.489048e+02
  3.4880e+02     6.517846e+02
  3.4900e+02     6.546748e+02
  3.4920e+02     6.575755e+02
  3.4940e+02     6.604864e+02
  3.4960e+02     6.634077e+02
  3.4980e+02     6.663391e+02
  3.5000e+02     6.692806e+02
  3.5020e+02     6.722322e+02
  3.5040e+02     6.751938e+02
  3.5060e+02     6.781652e+02
  3.5080e+02     6.811464e+02
  3.5100e+02     6.841373e+02
  3.5120e+02     6.871378e+02
  3.5140e+02     6.901479e+02
  3.5160e+02     6.931674e+02
  3.5180e+02     6.961962e+02
  3.5200e+02     6.992343e+02
  3.5220e+02     7.022816e+02
  3.5240e+02     7.053379e+02
  3.5260e+02     7.084031e+02
  3.5280e+02     7.114772e+02
  3.5300e+02     7.145600e+02
  3.5320e+02     7.176515e+02
  3.5340e+02     7.207514e+02
  3.5360e+02     7.238598e+02
  3.5380e+02     7.269764e+02
  3.5400e+02     7.301012e+02
  3.5420e+02     7.332341e+02
  3.5440e+02     7.363748e+02
  3.5460e+02     7.395234e+02
  3.5480e+02     7.426796e+02
  3.5500e+02     7.458434e+02
  3.5520e+02     7.490145e+02
  3.5540e+02     7.521929e+02
  3.5560e+02     7.553784e+02
  3.5580e+02     7.585709e+02
  3.5600e+02     7.617702e+02
  3.5620e+02     7.649763e+02
  3.5640e+02     7.681888e+02
  3.5660e+02     7.714078e+02
  3.5680e+02     7.746330e+02
  3.5700e+02     7.778642e+02
  3.5720e+02     7.811014e+02
  3.5740e+02     7.843443e+02
  3.5760e+02     7.875928e+02
  3.5780e+02     7.908468e+02
  3.5800e+02     7.941060e+02
  3.5820e+02     7.973702e+02
  3.5840e+02     8.006394e+02
  3.5860e+02     8.039133e+02
  3.5880e+02     8.071918e+02
  3.5900e+02     8.104746e+02
  3.5920e+02     8.137615e+02
  3.5940e+02     8.170525e+02
  3.5960e+02     8.203473e+02
  3.5980e+02     8.236456e+02
