# Epidemic Incidence, 7 days [ x-unit: transmission cycles | y-unit: ]
  1.0285e+00     1.358148e-05
  1.0714e+00     1.408823e-05
  1.1142e+00     1.463642e-05
  1.1571e+00     1.522789e-05
  1.2000e+00     1.586455e-05
  1.2428e+00     1.654841e-05
  1.2857e+00     1.727948e-05
  1.3285e+00     1.804507e-05
  1.3714e+00     1.884459e-05
  1.4142e+00     1.967953e-05
  1.4571e+00     2.055146e-05
  1.5000e+00     2.146203e-05
  1.5428e+00     2.241293e-05
  1.5857e+00     2.340597e-05
  1.6285e+00     2.444300e-05
  1.6714e+00     2.552598e-05
  1.7142e+00     2.665694e-05
  1.7571e+00     2.783801e-05
  1.8000e+00     2.907140e-05
  1.8428e+00     3.035944e-05
  1.8857e+00     3.170454e-05
  1.9285e+00     3.310924e-05
  1.9714e+00     3.457617e-05
  2.0142e+00     3.610809e-05
  2.0571e+00     3.770788e-05
  2.1000e+00     3.937854e-05
  2.1428e+00     4.112322e-05
  2.1857e+00     4.294520e-05
  2.2285e+00     4.484789e-05
  2.2714e+00     4.683488e-05
  2.3142e+00     4.890989e-05
  2.3571e+00     5.107683e-05
  2.4000e+00     5.333977e-05
  2.4428e+00     5.570297e-05
  2.4857e+00     5.817085e-05
  2.5285e+00     6.074806e-05
  2.5714e+00     6.343945e-05
  2.6142e+00     6.625006e-05
  2.6571e+00     6.918518e-05
  2.7000e+00     7.225033e-05
  2.7428e+00     7.545126e-05
  2.7857e+00     7.879399e-05
  2.8285e+00     8.228479e-05
  2.8714e+00     8.593023e-05
  2.9142e+00     8.973715e-05
  2.9571e+00     9.371271e-05
  3.0000e+00     9.786436e-05
  3.0428e+00     1.021999e-04
  3.0857e+00     1.067275e-04
  3.1285e+00     1.114557e-04
  3.1714e+00     1.163933e-04
  3.2142e+00     1.215496e-04
  3.2571e+00     1.269342e-04
  3.3000e+00     1.325574e-04
  3.3428e+00     1.384297e-04
  3.3857e+00     1.445620e-04
  3.4285e+00     1.509659e-04
  3.4714e+00     1.576535e-04
  3.5142e+00     1.646372e-04
  3.5571e+00     1.719302e-04
  3.6000e+00     1.795463e-04
  3.6428e+00     1.874996e-04
  3.6857e+00     1.958051e-04
  3.7285e+00     2.044784e-04
  3.7714e+00     2.135358e-04
  3.8142e+00     2.229942e-04
  3.8571e+00     2.328715e-04
  3.9000e+00     2.431862e-04
  3.9428e+00     2.539576e-04
  3.9857e+00     2.652059e-04
  4.0285e+00     2.769522e-04
  4.0714e+00     2.892186e-04
  4.1142e+00     3.020281e-04
  4.1571e+00     3.154046e-04
  4.2000e+00     3.293733e-04
  4.2428e+00     3.439604e-04
  4.2857e+00     3.591932e-04
  4.3285e+00     3.751002e-04
  4.3714e+00     3.917114e-04
  4.4142e+00     4.090577e-04
  4.4571e+00     4.271718e-04
  4.5000e+00     4.460875e-04
  4.5428e+00     4.658403e-04
  4.5857e+00     4.864672e-04
  4.6285e+00     5.080068e-04
  4.6714e+00     5.304995e-04
  4.7142e+00     5.539873e-04
  4.7571e+00     5.785142e-04
  4.8000e+00     6.041261e-04
  4.8428e+00     6.308710e-04
  4.8857e+00     6.587988e-04
  4.9285e+00     6.879618e-04
  4.9714e+00     7.184145e-04
  5.0142e+00     7.502138e-04
  5.0571e+00     7.834192e-04
  5.1000e+00     8.180927e-04
  5.1428e+00     8.542991e-04
  5.1857e+00     8.921059e-04
  5.2285e+00     9.315837e-04
  5.2714e+00     9.728063e-04
  5.3142e+00     1.015850e-03
  5.3571e+00     1.060796e-03
  5.4000e+00     1.107728e-03
  5.4428e+00     1.156733e-03
  5.4857e+00     1.207902e-03
  5.5285e+00     1.261331e-03
  5.5714e+00     1.317119e-03
  5.6142e+00     1.375370e-03
  5.6571e+00     1.436192e-03
  5.7000e+00     1.499698e-03
  5.7428e+00     1.566007e-03
  5.7857e+00     1.635241e-03
  5.8285e+00     1.707529e-03
  5.8714e+00     1.783004e-03
  5.9142e+00     1.861808e-03
  5.9571e+00     1.944085e-03
  6.0000e+00     2.029988e-03
  6.0428e+00     2.119676e-03
  6.0857e+00     2.213315e-03
  6.1285e+00     2.311078e-03
  6.1714e+00     2.413144e-03
  6.2142e+00     2.519703e-03
  6.2571e+00     2.630951e-03
  6.3000e+00     2.747092e-03
  6.3428e+00     2.868340e-03
  6.3857e+00     2.994918e-03
  6.4285e+00     3.127058e-03
  6.4714e+00     3.265002e-03
  6.5142e+00     3.409004e-03
  6.5571e+00     3.559325e-03
  6.6000e+00     3.716242e-03
  6.6428e+00     3.880041e-03
  6.6857e+00     4.051019e-03
  6.7285e+00     4.229488e-03
  6.7714e+00     4.415772e-03
  6.8142e+00     4.610209e-03
  6.8571e+00     4.813152e-03
  6.9000e+00     5.024967e-03
  6.9428e+00     5.246037e-03
  6.9857e+00     5.476760e-03
  7.0285e+00     5.717550e-03
  7.0714e+00     5.968841e-03
  7.1142e+00     6.231081e-03
  7.1571e+00     6.504741e-03
  7.2000e+00     6.790307e-03
  7.2428e+00     7.088287e-03
  7.2857e+00     7.399210e-03
  7.3285e+00     7.723627e-03
  7.3714e+00     8.062109e-03
  7.4142e+00     8.415253e-03
  7.4571e+00     8.783677e-03
  7.5000e+00     9.168026e-03
  7.5428e+00     9.568969e-03
  7.5857e+00     9.987203e-03
  7.6285e+00     1.042345e-02
  7.6714e+00     1.087847e-02
  7.7142e+00     1.135303e-02
  7.7571e+00     1.184795e-02
  7.8000e+00     1.236408e-02
  7.8428e+00     1.290227e-02
  7.8857e+00     1.346346e-02
  7.9285e+00     1.404856e-02
  7.9714e+00     1.465857e-02
  8.0142e+00     1.529449e-02
  8.0571e+00     1.595737e-02
  8.1000e+00     1.664829e-02
  8.1428e+00     1.736840e-02
  8.1857e+00     1.811883e-02
  8.2285e+00     1.890081e-02
  8.2714e+00     1.971558e-02
  8.3142e+00     2.056443e-02
  8.3571e+00     2.144869e-02
  8.4000e+00     2.236972e-02
  8.4428e+00     2.332896e-02
  8.4857e+00     2.432786e-02
  8.5285e+00     2.536793e-02
  8.5714e+00     2.645072e-02
  8.6142e+00     2.757783e-02
  8.6571e+00     2.875090e-02
  8.7000e+00     2.997162e-02
  8.7428e+00     3.124173e-02
  8.7857e+00     3.256300e-02
  8.8285e+00     3.393725e-02
  8.8714e+00     3.536634e-02
  8.9142e+00     3.685219e-02
  8.9571e+00     3.839673e-02
  9.0000e+00     4.000195e-02
  9.0428e+00     4.166986e-02
  9.0857e+00     4.340252e-02
  9.1285e+00     4.520201e-02
  9.1714e+00     4.707044e-02
  9.2142e+00     4.900994e-02
  9.2571e+00     5.102266e-02
  9.3000e+00     5.311075e-02
  9.3428e+00     5.527639e-02
  9.3857e+00     5.752175e-02
  9.4285e+00     5.984899e-02
  9.4714e+00     6.226026e-02
  9.5142e+00     6.475768e-02
  9.5571e+00     6.734334e-02
  9.6000e+00     7.001929e-02
  9.6428e+00     7.278752e-02
  9.6857e+00     7.564994e-02
  9.7285e+00     7.860841e-02
  9.7714e+00     8.166464e-02
  9.8142e+00     8.482027e-02
  9.8571e+00     8.807679e-02
  9.9000e+00     9.143552e-02
  9.9428e+00     9.489764e-02
  9.9857e+00     9.846411e-02
  1.0028e+01     1.021357e-01
  1.0071e+01     1.059128e-01
  1.0114e+01     1.097958e-01
  1.0157e+01     1.137845e-01
  1.0200e+01     1.178785e-01
  1.0242e+01     1.220771e-01
  1.0285e+01     1.263790e-01
  1.0328e+01     1.307827e-01
  1.0371e+01     1.352861e-01
  1.0414e+01     1.398865e-01
  1.0457e+01     1.445808e-01
  1.0500e+01     1.493654e-01
  1.0542e+01     1.542357e-01
  1.0585e+01     1.591868e-01
  1.0628e+01     1.642128e-01
  1.0671e+01     1.693073e-01
  1.0714e+01     1.744629e-01
  1.0757e+01     1.796715e-01
  1.0800e+01     1.849238e-01
  1.0842e+01     1.902100e-01
  1.0885e+01     1.955191e-01
  1.0928e+01     2.008392e-01
  1.0971e+01     2.061572e-01
  1.1014e+01     2.114591e-01
  1.1057e+01     2.167299e-01
  1.1100e+01     2.219535e-01
  1.1142e+01     2.271125e-01
  1.1185e+01     2.321887e-01
  1.1228e+01     2.371627e-01
  1.1271e+01     2.420143e-01
  1.1314e+01     2.467221e-01
  1.1357e+01     2.512638e-01
  1.1400e+01     2.556163e-01
  1.1442e+01     2.597559e-01
  1.1485e+01     2.636580e-01
  1.1528e+01     2.672976e-01
  1.1571e+01     2.706493e-01
  1.1614e+01     2.736875e-01
  1.1657e+01     2.763866e-01
  1.1700e+01     2.787212e-01
  1.1742e+01     2.806661e-01
  1.1785e+01     2.821971e-01
  1.1828e+01     2.832906e-01
  1.1871e+01     2.839243e-01
  1.1914e+01     2.840775e-01
  1.1957e+01     2.837312e-01
  1.2000e+01     2.828684e-01
  1.2042e+01     2.814746e-01
  1.2085e+01     2.795381e-01
  1.2128e+01     2.770501e-01
  1.2171e+01     2.740053e-01
  1.2214e+01     2.704017e-01
  1.2257e+01     2.662415e-01
  1.2300e+01     2.615306e-01
  1.2342e+01     2.562795e-01
  1.2385e+01     2.505027e-01
  1.2428e+01     2.442194e-01
  1.2471e+01     2.374530e-01
  1.2514e+01     2.302315e-01
  1.2557e+01     2.225870e-01
  1.2600e+01     2.145557e-01
  1.2642e+01     2.061775e-01
  1.2685e+01     1.974960e-01
  1.2728e+01     1.885576e-01
  1.2771e+01     1.794111e-01
  1.2814e+01     1.701078e-01
  1.2857e+01     1.606998e-01
  1.2900e+01     1.512404e-01
  1.2942e+01     1.417827e-01
  1.2985e+01     1.323794e-01
  1.3028e+01     1.230816e-01
  1.3071e+01     1.139385e-01
  1.3114e+01     1.049962e-01
  1.3157e+01     9.629689e-02
  1.3200e+01     8.787533e-02
