# Epidemic Incidence, 7 days [ x-unit: transmission cycles | y-unit: ]
  1.0285e+00     1.019830e-05
  1.0714e+00     1.023906e-05
  1.1142e+00     1.028219e-05
  1.1571e+00     1.032771e-05
  1.2000e+00     1.037563e-05
  1.2428e+00     1.042596e-05
  1.2857e+00     1.047847e-05
  1.3285e+00     1.053149e-05
  1.3714e+00     1.058477e-05
  1.4142e+00     1.063833e-05
  1.4571e+00     1.069216e-05
  1.5000e+00     1.074625e-05
  1.5428e+00     1.080062e-05
  1.5857e+00     1.085527e-05
  1.6285e+00     1.091019e-05
  1.6714e+00     1.096539e-05
  1.7142e+00     1.102087e-05
  1.7571e+00     1.107663e-05
  1.8000e+00     1.113268e-05
  1.8428e+00     1.118900e-05
  1.8857e+00     1.124561e-05
  1.9285e+00     1.130251e-05
  1.9714e+00     1.135969e-05
  2.0142e+00     1.141716e-05
  2.0571e+00     1.147492e-05
  2.1000e+00     1.153298e-05
  2.1428e+00     1.159133e-05
  2.1857e+00     1.164997e-05
  2.2285e+00     1.170891e-05
  2.2714e+00     1.176814e-05
  2.3142e+00     1.182768e-05
  2.3571e+00     1.188752e-05
  2.4000e+00     1.194766e-05
  2.4428e+00     1.200810e-05
  2.4857e+00     1.206885e-05
  2.5285e+00     1.212991e-05
  2.5714e+00     1.219127e-05
  2.6142e+00     1.225295e-05
  2.6571e+00     1.231493e-05
  2.7000e+00     1.237723e-05
  2.7428e+00     1.243985e-05
  2.7857e+00     1.250278e-05
  2.8285e+00     1.256603e-05
  2.8714e+00     1.262959e-05
  2.9142e+00     1.269348e-05
  2.9571e+00     1.275770e-05
  3.0000e+00     1.282223e-05
  3.0428e+00     1.288710e-05
  3.0857e+00     1.295229e-05
  3.1285e+00     1.301781e-05
  3.1714e+00     1.308366e-05
  3.2142e+00     1.314984e-05
  3.2571e+00     1.321636e-05
  3.3000e+00     1.328321e-05
  3.3428e+00     1.335041e-05
  3.3857e+00     1.341794e-05
  3.4285e+00     1.348581e-05
  3.4714e+00     1.355403e-05
  3.5142e+00     1.362259e-05
  3.5571e+00     1.369149e-05
  3.6000e+00     1.376075e-05
  3.6428e+00     1.383035e-05
  3.6857e+00     1.390031e-05
  3.7285e+00     1.397062e-05
  3.7714e+00     1.404128e-05
  3.8142e+00     1.411230e-05
  3.8571e+00     1.418368e-05
  3.9000e+00     1.425542e-05
  3.9428e+00     1.432753e-05
  3.9857e+00     1.440000e-05
  4.0285e+00     1.447283e-05
  4.0714e+00     1.454603e-05
  4.1142e+00     1.461960e-05
  4.1571e+00     1.469355e-05
  4.2000e+00     1.476786e-05
  4.2428e+00     1.484255e-05
  4.2857e+00     1.491762e-05
  4.3285e+00     1.499307e-05
  4.3714e+00     1.506890e-05
  4.4142e+00     1.514511e-05
  4.4571e+00     1.522171e-05
  4.5000e+00     1.529869e-05
  4.5428e+00     1.537607e-05
  4.5857e+00     1.545383e-05
  4.6285e+00     1.553199e-05
  4.6714e+00     1.561054e-05
  4.7142e+00     1.568948e-05
  4.7571e+00     1.576883e-05
  4.8000e+00     1.584858e-05
  4.8428e+00     1.592873e-05
  4.8857e+00     1.600928e-05
  4.9285e+00     1.609024e-05
  4.9714e+00     1.617161e-05
  5.0142e+00     1.625339e-05
  5.0571e+00     1.633559e-05
  5.1000e+00     1.641820e-05
  5.1428e+00     1.650122e-05
  5.1857e+00     1.658467e-05
  5.2285e+00     1.666853e-05
  5.2714e+00     1.675282e-05
  5.3142e+00     1.683754e-05
  5.3571e+00     1.692268e-05
  5.4000e+00     1.700826e-05
  5.4428e+00     1.709426e-05
  5.4857e+00     1.718070e-05
  5.5285e+00     1.726758e-05
  5.5714e+00     1.735489e-05
  5.6142e+00     1.744265e-05
  5.6571e+00     1.753085e-05
  5.7000e+00     1.761949e-05
  5.7428e+00     1.770858e-05
  5.7857e+00     1.779812e-05
  5.8285e+00     1.788811e-05
  5.8714e+00     1.797856e-05
  5.9142e+00     1.806946e-05
  5.9571e+00     1.816083e-05
  6.0000e+00     1.825265e-05
  6.0428e+00     1.834494e-05
  6.0857e+00     1.843769e-05
  6.1285e+00     1.853091e-05
  6.1714e+00     1.862460e-05
  6.2142e+00     1.871877e-05
  6.2571e+00     1.881341e-05
  6.3000e+00     1.890853e-05
  6.3428e+00     1.900412e-05
  6.3857e+00     1.910020e-05
  6.4285e+00     1.919677e-05
  6.4714e+00     1.929382e-05
  6.5142e+00     1.939136e-05
  6.5571e+00     1.948940e-05
  6.6000e+00     1.958793e-05
  6.6428e+00     1.968695e-05
  6.6857e+00     1.978648e-05
  6.7285e+00     1.988651e-05
  6.7714e+00     1.998704e-05
  6.8142e+00     2.008808e-05
  6.8571e+00     2.018963e-05
  6.9000e+00     2.029169e-05
  6.9428e+00     2.039427e-05
  6.9857e+00     2.049737e-05
  7.0285e+00     2.060098e-05
  7.0714e+00     2.070512e-05
  7.1142e+00     2.080978e-05
  7.1571e+00     2.091497e-05
  7.2000e+00     2.102070e-05
  7.2428e+00     2.112695e-05
  7.2857e+00     2.123374e-05
  7.3285e+00     2.134107e-05
  7.3714e+00     2.144895e-05
  7.4142e+00     2.155736e-05
  7.4571e+00     2.166633e-05
  7.5000e+00     2.177584e-05
  7.5428e+00     2.188590e-05
  7.5857e+00     2.199652e-05
  7.6285e+00     2.210770e-05
  7.6714e+00     2.221944e-05
  7.7142e+00     2.233174e-05
  7.7571e+00     2.244461e-05
  7.8000e+00     2.255805e-05
  7.8428e+00     2.267206e-05
  7.8857e+00     2.278665e-05
  7.9285e+00     2.290181e-05
  7.9714e+00     2.301755e-05
  8.0142e+00     2.313388e-05
  8.0571e+00     2.325080e-05
  8.1000e+00     2.336830e-05
  8.1428e+00     2.348640e-05
  8.1857e+00     2.360509e-05
  8.2285e+00     2.372438e-05
  8.2714e+00     2.384427e-05
  8.3142e+00     2.396477e-05
  8.3571e+00     2.408587e-05
  8.4000e+00     2.420759e-05
  8.4428e+00     2.432992e-05
  8.4857e+00     2.445286e-05
  8.5285e+00     2.457643e-05
  8.5714e+00     2.470062e-05
  8.6142e+00     2.482543e-05
  8.6571e+00     2.495088e-05
  8.7000e+00     2.507695e-05
  8.7428e+00     2.520366e-05
  8.7857e+00     2.533101e-05
  8.8285e+00     2.545901e-05
  8.8714e+00     2.558764e-05
  8.9142e+00     2.571693e-05
  8.9571e+00     2.584687e-05
  9.0000e+00     2.597746e-05
  9.0428e+00     2.610871e-05
  9.0857e+00     2.624062e-05
  9.1285e+00     2.637320e-05
  9.1714e+00     2.650645e-05
  9.2142e+00     2.664037e-05
  9.2571e+00     2.677496e-05
  9.3000e+00     2.691023e-05
  9.3428e+00     2.704618e-05
  9.3857e+00     2.718282e-05
  9.4285e+00     2.732014e-05
  9.4714e+00     2.745816e-05
  9.5142e+00     2.759687e-05
  9.5571e+00     2.773629e-05
  9.6000e+00     2.787640e-05
  9.6428e+00     2.801722e-05
  9.6857e+00     2.815875e-05
  9.7285e+00     2.830100e-05
  9.7714e+00     2.844396e-05
  9.8142e+00     2.858764e-05
  9.8571e+00     2.873204e-05
  9.9000e+00     2.887717e-05
  9.9428e+00     2.902304e-05
  9.9857e+00     2.916963e-05
  1.0028e+01     2.931697e-05
  1.0071e+01     2.946505e-05
  1.0114e+01     2.961387e-05
  1.0157e+01     2.976345e-05
  1.0200e+01     2.991377e-05
  1.0242e+01     3.006486e-05
  1.0285e+01     3.021670e-05
  1.0328e+01     3.036931e-05
  1.0371e+01     3.052269e-05
  1.0414e+01     3.067684e-05
  1.0457e+01     3.083177e-05
  1.0500e+01     3.098748e-05
  1.0542e+01     3.114397e-05
  1.0585e+01     3.130125e-05
  1.0628e+01     3.145932e-05
  1.0671e+01     3.161819e-05
  1.0714e+01     3.177786e-05
  1.0757e+01     3.193833e-05
  1.0800e+01     3.209961e-05
  1.0842e+01     3.226170e-05
  1.0885e+01     3.242461e-05
  1.0928e+01     3.258833e-05
  1.0971e+01     3.275289e-05
  1.1014e+01     3.291827e-05
  1.1057e+01     3.308448e-05
  1.1100e+01     3.325153e-05
  1.1142e+01     3.341942e-05
  1.1185e+01     3.358816e-05
  1.1228e+01     3.375774e-05
  1.1271e+01     3.392818e-05
  1.1314e+01     3.409947e-05
  1.1357e+01     3.427163e-05
  1.1400e+01     3.444466e-05
  1.1442e+01     3.461855e-05
  1.1485e+01     3.479332e-05
  1.1528e+01     3.496897e-05
  1.1571e+01     3.514551e-05
  1.1614e+01     3.532293e-05
  1.1657e+01     3.550125e-05
  1.1700e+01     3.568046e-05
  1.1742e+01     3.586057e-05
  1.1785e+01     3.604159e-05
  1.1828e+01     3.622352e-05
  1.1871e+01     3.640637e-05
  1.1914e+01     3.659013e-05
  1.1957e+01     3.677483e-05
  1.2000e+01     3.696044e-05
  1.2042e+01     3.714700e-05
  1.2085e+01     3.733449e-05
  1.2128e+01     3.752292e-05
  1.2171e+01     3.771231e-05
  1.2214e+01     3.790264e-05
  1.2257e+01     3.809393e-05
  1.2300e+01     3.828619e-05
  1.2342e+01     3.847941e-05
  1.2385e+01     3.867360e-05
  1.2428e+01     3.886877e-05
  1.2471e+01     3.906492e-05
  1.2514e+01     3.926206e-05
  1.2557e+01     3.946019e-05
  1.2600e+01     3.965931e-05
  1.2642e+01     3.985944e-05
  1.2685e+01     4.006057e-05
  1.2728e+01     4.026271e-05
  1.2771e+01     4.046587e-05
  1.2814e+01     4.067005e-05
  1.2857e+01     4.087526e-05
  1.2900e+01     4.108149e-05
  1.2942e+01     4.128877e-05
  1.2985e+01     4.149709e-05
  1.3028e+01     4.170645e-05
  1.3071e+01     4.191686e-05
  1.3114e+01     4.212834e-05
  1.3157e+01     4.234087e-05
  1.3200e+01     4.255448e-05
  1.3242e+01     4.276915e-05
  1.3285e+01     4.298491e-05
  1.3328e+01     4.320175e-05
  1.3371e+01     4.341968e-05
  1.3414e+01     4.363870e-05
  1.3457e+01     4.385883e-05
  1.3500e+01     4.408006e-05
  1.3542e+01     4.430240e-05
  1.3585e+01     4.452586e-05
  1.3628e+01     4.475044e-05
  1.3671e+01     4.497615e-05
  1.3714e+01     4.520299e-05
  1.3757e+01     4.543098e-05
  1.3800e+01     4.566010e-05
  1.3842e+01     4.589038e-05
  1.3885e+01     4.612182e-05
  1.3928e+01     4.635441e-05
  1.3971e+01     4.658818e-05
  1.4014e+01     4.682312e-05
  1.4057e+01     4.705924e-05
  1.4100e+01     4.729654e-05
  1.4142e+01     4.753503e-05
  1.4185e+01     4.777473e-05
  1.4228e+01     4.801562e-05
  1.4271e+01     4.825773e-05
  1.4314e+01     4.850105e-05
  1.4357e+01     4.874559e-05
  1.4400e+01     4.899136e-05
  1.4442e+01     4.923836e-05
  1.4485e+01     4.948660e-05
  1.4528e+01     4.973609e-05
  1.4571e+01     4.998683e-05
  1.4614e+01     5.023883e-05
  1.4657e+01     5.049209e-05
  1.4700e+01     5.074662e-05
  1.4742e+01     5.100243e-05
  1.4785e+01     5.125953e-05
  1.4828e+01     5.151791e-05
  1.4871e+01     5.177759e-05
  1.4914e+01     5.203857e-05
  1.4957e+01     5.230087e-05
  1.5000e+01     5.256447e-05
  1.5042e+01     5.282940e-05
  1.5085e+01     5.309566e-05
  1.5128e+01     5.336325e-05
  1.5171e+01     5.363219e-05
  1.5214e+01     5.390247e-05
  1.5257e+01     5.417411e-05
  1.5300e+01     5.444711e-05
  1.5342e+01     5.472148e-05
  1.5385e+01     5.499723e-05
  1.5428e+01     5.527436e-05
  1.5471e+01     5.555288e-05
  1.5514e+01     5.583279e-05
  1.5557e+01     5.611411e-05
  1.5600e+01     5.639683e-05
  1.5642e+01     5.668098e-05
  1.5685e+01     5.696654e-05
  1.5728e+01     5.725354e-05
  1.5771e+01     5.754198e-05
  1.5814e+01     5.783186e-05
  1.5857e+01     5.812320e-05
  1.5900e+01     5.841599e-05
  1.5942e+01     5.871025e-05
  1.5985e+01     5.900599e-05
  1.6028e+01     5.930321e-05
  1.6071e+01     5.960191e-05
  1.6114e+01     5.990212e-05
  1.6157e+01     6.020382e-05
  1.6200e+01     6.050704e-05
  1.6242e+01     6.081178e-05
  1.6285e+01     6.111804e-05
  1.6328e+01     6.142583e-05
  1.6371e+01     6.173517e-05
  1.6414e+01     6.204606e-05
  1.6457e+01     6.235850e-05
  1.6500e+01     6.267250e-05
  1.6542e+01     6.298808e-05
  1.6585e+01     6.330524e-05
  1.6628e+01     6.362399e-05
  1.6671e+01     6.394433e-05
  1.6714e+01     6.426627e-05
  1.6757e+01     6.458983e-05
  1.6800e+01     6.491500e-05
  1.6842e+01     6.524180e-05
  1.6885e+01     6.557024e-05
  1.6928e+01     6.590032e-05
  1.6971e+01     6.623205e-05
  1.7014e+01     6.656545e-05
  1.7057e+01     6.690051e-05
  1.7100e+01     6.723724e-05
  1.7142e+01     6.757566e-05
  1.7185e+01     6.791577e-05
  1.7228e+01     6.825759e-05
  1.7271e+01     6.860111e-05
  1.7314e+01     6.894635e-05
  1.7357e+01     6.929332e-05
  1.7400e+01     6.964202e-05
  1.7442e+01     6.999246e-05
  1.7485e+01     7.034466e-05
  1.7528e+01     7.069862e-05
  1.7571e+01     7.105435e-05
  1.7614e+01     7.141185e-05
  1.7657e+01     7.177114e-05
  1.7700e+01     7.213223e-05
  1.7742e+01     7.249512e-05
  1.7785e+01     7.285983e-05
  1.7828e+01     7.322635e-05
  1.7871e+01     7.359471e-05
  1.7914e+01     7.396491e-05
  1.7957e+01     7.433696e-05
  1.8000e+01     7.471087e-05
  1.8042e+01     7.508664e-05
  1.8085e+01     7.546429e-05
  1.8128e+01     7.584383e-05
  1.8171e+01     7.622527e-05
  1.8214e+01     7.660860e-05
  1.8257e+01     7.699385e-05
  1.8300e+01     7.738103e-05
  1.8342e+01     7.777014e-05
  1.8385e+01     7.816119e-05
  1.8428e+01     7.855419e-05
  1.8471e+01     7.894915e-05
  1.8514e+01     7.934609e-05
  1.8557e+01     7.974501e-05
  1.8600e+01     8.014591e-05
  1.8642e+01     8.054882e-05
  1.8685e+01     8.095374e-05
  1.8728e+01     8.136067e-05
  1.8771e+01     8.176964e-05
  1.8814e+01     8.218065e-05
  1.8857e+01     8.259371e-05
  1.8900e+01     8.300883e-05
  1.8942e+01     8.342601e-05
  1.8985e+01     8.384528e-05
  1.9028e+01     8.426664e-05
  1.9071e+01     8.469010e-05
  1.9114e+01     8.511567e-05
  1.9157e+01     8.554337e-05
  1.9200e+01     8.597319e-05
  1.9242e+01     8.640516e-05
  1.9285e+01     8.683928e-05
  1.9328e+01     8.727556e-05
  1.9371e+01     8.771402e-05
  1.9414e+01     8.815466e-05
  1.9457e+01     8.859750e-05
  1.9500e+01     8.904254e-05
  1.9542e+01     8.948980e-05
  1.9585e+01     8.993929e-05
  1.9628e+01     9.039102e-05
  1.9671e+01     9.084499e-05
  1.9714e+01     9.130123e-05
  1.9757e+01     9.175974e-05
  1.9800e+01     9.222053e-05
  1.9842e+01     9.268362e-05
  1.9885e+01     9.314901e-05
  1.9928e+01     9.361672e-05
  1.9971e+01     9.408675e-05
  2.0014e+01     9.455913e-05
  2.0057e+01     9.503385e-05
  2.0100e+01     9.551094e-05
  2.0142e+01     9.599040e-05
  2.0185e+01     9.647225e-05
  2.0228e+01     9.695649e-05
  2.0271e+01     9.744314e-05
  2.0314e+01     9.793222e-05
  2.0357e+01     9.842372e-05
  2.0400e+01     9.891767e-05
  2.0442e+01     9.941407e-05
  2.0485e+01     9.991295e-05
  2.0528e+01     1.004143e-04
  2.0571e+01     1.009181e-04
  2.0614e+01     1.014245e-04
  2.0657e+01     1.019334e-04
  2.0700e+01     1.024448e-04
  2.0742e+01     1.029587e-04
  2.0785e+01     1.034752e-04
  2.0828e+01     1.039942e-04
  2.0871e+01     1.045159e-04
  2.0914e+01     1.050401e-04
  2.0957e+01     1.055669e-04
  2.1000e+01     1.060964e-04
  2.1042e+01     1.066284e-04
  2.1085e+01     1.071631e-04
  2.1128e+01     1.077005e-04
  2.1171e+01     1.082405e-04
  2.1214e+01     1.087833e-04
  2.1257e+01     1.093287e-04
  2.1300e+01     1.098768e-04
  2.1342e+01     1.104276e-04
  2.1385e+01     1.109812e-04
  2.1428e+01     1.115375e-04
  2.1471e+01     1.120966e-04
  2.1514e+01     1.126584e-04
  2.1557e+01     1.132231e-04
  2.1600e+01     1.137905e-04
  2.1642e+01     1.143607e-04
  2.1685e+01     1.149338e-04
  2.1728e+01     1.155097e-04
  2.1771e+01     1.160885e-04
  2.1814e+01     1.166701e-04
  2.1857e+01     1.172546e-04
  2.1900e+01     1.178421e-04
  2.1942e+01     1.184324e-04
  2.1985e+01     1.190256e-04
  2.2028e+01     1.196218e-04
  2.2071e+01     1.202210e-04
  2.2114e+01     1.208231e-04
  2.2157e+01     1.214282e-04
  2.2200e+01     1.220362e-04
  2.2242e+01     1.226473e-04
  2.2285e+01     1.232615e-04
  2.2328e+01     1.238786e-04
  2.2371e+01     1.244988e-04
  2.2414e+01     1.251221e-04
  2.2457e+01     1.257485e-04
  2.2500e+01     1.263779e-04
  2.2542e+01     1.270105e-04
  2.2585e+01     1.276462e-04
  2.2628e+01     1.282851e-04
  2.2671e+01     1.289271e-04
  2.2714e+01     1.295723e-04
  2.2757e+01     1.302206e-04
  2.2800e+01     1.308722e-04
  2.2842e+01     1.315270e-04
  2.2885e+01     1.321850e-04
  2.2928e+01     1.328463e-04
  2.2971e+01     1.335109e-04
  2.3014e+01     1.341787e-04
  2.3057e+01     1.348498e-04
  2.3100e+01     1.355243e-04
  2.3142e+01     1.362021e-04
  2.3185e+01     1.368832e-04
  2.3228e+01     1.375677e-04
  2.3271e+01     1.382555e-04
  2.3314e+01     1.389468e-04
  2.3357e+01     1.396415e-04
  2.3400e+01     1.403395e-04
  2.3442e+01     1.410411e-04
  2.3485e+01     1.417461e-04
  2.3528e+01     1.424546e-04
  2.3571e+01     1.431665e-04
  2.3614e+01     1.438820e-04
  2.3657e+01     1.446010e-04
  2.3700e+01     1.453236e-04
  2.3742e+01     1.460497e-04
  2.3785e+01     1.467794e-04
  2.3828e+01     1.475126e-04
  2.3871e+01     1.482495e-04
  2.3914e+01     1.489901e-04
  2.3957e+01     1.497342e-04
  2.4000e+01     1.504821e-04
  2.4042e+01     1.512336e-04
  2.4085e+01     1.519888e-04
  2.4128e+01     1.527477e-04
  2.4171e+01     1.535104e-04
  2.4214e+01     1.542768e-04
  2.4257e+01     1.550470e-04
  2.4300e+01     1.558210e-04
  2.4342e+01     1.565988e-04
  2.4385e+01     1.573804e-04
  2.4428e+01     1.581659e-04
  2.4471e+01     1.589552e-04
  2.4514e+01     1.597484e-04
  2.4557e+01     1.605455e-04
  2.4600e+01     1.613465e-04
  2.4642e+01     1.621514e-04
  2.4685e+01     1.629603e-04
  2.4728e+01     1.637732e-04
  2.4771e+01     1.645901e-04
  2.4814e+01     1.654110e-04
  2.4857e+01     1.662359e-04
  2.4900e+01     1.670648e-04
  2.4942e+01     1.678978e-04
  2.4985e+01     1.687350e-04
  2.5028e+01     1.695762e-04
  2.5071e+01     1.704215e-04
  2.5114e+01     1.712710e-04
  2.5157e+01     1.721247e-04
  2.5200e+01     1.729825e-04
  2.5242e+01     1.738446e-04
  2.5285e+01     1.747108e-04
  2.5328e+01     1.755813e-04
  2.5371e+01     1.764561e-04
  2.5414e+01     1.773352e-04
  2.5457e+01     1.782186e-04
  2.5500e+01     1.791063e-04
  2.5542e+01     1.799983e-04
  2.5585e+01     1.808947e-04
  2.5628e+01     1.817955e-04
  2.5671e+01     1.827007e-04
  2.5714e+01     1.836104e-04
  2.5757e+01     1.845245e-04
  2.5800e+01     1.854430e-04
  2.5842e+01     1.863661e-04
  2.5885e+01     1.872936e-04
  2.5928e+01     1.882257e-04
  2.5971e+01     1.891624e-04
  2.6014e+01     1.901036e-04
  2.6057e+01     1.910494e-04
  2.6100e+01     1.919999e-04
  2.6142e+01     1.929550e-04
  2.6185e+01     1.939147e-04
  2.6228e+01     1.948791e-04
  2.6271e+01     1.958483e-04
  2.6314e+01     1.968222e-04
  2.6357e+01     1.978008e-04
  2.6400e+01     1.987842e-04
  2.6442e+01     1.997724e-04
  2.6485e+01     2.007654e-04
  2.6528e+01     2.017633e-04
  2.6571e+01     2.027660e-04
  2.6614e+01     2.037736e-04
  2.6657e+01     2.047861e-04
  2.6700e+01     2.058036e-04
  2.6742e+01     2.068260e-04
  2.6785e+01     2.078533e-04
  2.6828e+01     2.088857e-04
  2.6871e+01     2.099231e-04
  2.6914e+01     2.109656e-04
  2.6957e+01     2.120131e-04
  2.7000e+01     2.130658e-04
  2.7042e+01     2.141235e-04
  2.7085e+01     2.151864e-04
  2.7128e+01     2.162545e-04
  2.7171e+01     2.173277e-04
  2.7214e+01     2.184062e-04
  2.7257e+01     2.194899e-04
  2.7300e+01     2.205789e-04
  2.7342e+01     2.216731e-04
  2.7385e+01     2.227727e-04
  2.7428e+01     2.238776e-04
  2.7471e+01     2.249879e-04
  2.7514e+01     2.261035e-04
  2.7557e+01     2.272246e-04
  2.7600e+01     2.283511e-04
  2.7642e+01     2.294831e-04
  2.7685e+01     2.306205e-04
  2.7728e+01     2.317635e-04
  2.7771e+01     2.329120e-04
  2.7814e+01     2.340661e-04
  2.7857e+01     2.352257e-04
  2.7900e+01     2.363910e-04
  2.7942e+01     2.375619e-04
  2.7985e+01     2.387385e-04
  2.8028e+01     2.399208e-04
  2.8071e+01     2.411088e-04
  2.8114e+01     2.423026e-04
  2.8157e+01     2.435021e-04
  2.8200e+01     2.447074e-04
  2.8242e+01     2.459185e-04
  2.8285e+01     2.471355e-04
  2.8328e+01     2.483584e-04
  2.8371e+01     2.495872e-04
  2.8414e+01     2.508219e-04
  2.8457e+01     2.520626e-04
  2.8500e+01     2.533092e-04
  2.8542e+01     2.545619e-04
  2.8585e+01     2.558206e-04
  2.8628e+01     2.570854e-04
  2.8671e+01     2.583563e-04
  2.8714e+01     2.596333e-04
  2.8757e+01     2.609165e-04
  2.8800e+01     2.622058e-04
  2.8842e+01     2.635014e-04
  2.8885e+01     2.648032e-04
  2.8928e+01     2.661113e-04
  2.8971e+01     2.674256e-04
  2.9014e+01     2.687463e-04
  2.9057e+01     2.700733e-04
  2.9100e+01     2.714067e-04
  2.9142e+01     2.727466e-04
  2.9185e+01     2.740928e-04
  2.9228e+01     2.754456e-04
  2.9271e+01     2.768048e-04
  2.9314e+01     2.781706e-04
  2.9357e+01     2.795429e-04
  2.9400e+01     2.809218e-04
  2.9442e+01     2.823073e-04
  2.9485e+01     2.836995e-04
  2.9528e+01     2.850983e-04
  2.9571e+01     2.865039e-04
  2.9614e+01     2.879161e-04
  2.9657e+01     2.893352e-04
  2.9700e+01     2.907610e-04
  2.9742e+01     2.921937e-04
  2.9785e+01     2.936332e-04
  2.9828e+01     2.950797e-04
  2.9871e+01     2.965330e-04
  2.9914e+01     2.979933e-04
  2.9957e+01     2.994606e-04
  3.0000e+01     3.009349e-04
  3.0042e+01     3.024162e-04
  3.0085e+01     3.039046e-04
  3.0128e+01     3.054002e-04
  3.0171e+01     3.069028e-04
  3.0214e+01     3.084127e-04
  3.0257e+01     3.099297e-04
  3.0300e+01     3.114540e-04
  3.0342e+01     3.129855e-04
  3.0385e+01     3.145244e-04
  3.0428e+01     3.160705e-04
  3.0471e+01     3.176241e-04
  3.0514e+01     3.191850e-04
  3.0557e+01     3.207534e-04
  3.0600e+01     3.223292e-04
  3.0642e+01     3.239126e-04
  3.0685e+01     3.255034e-04
  3.0728e+01     3.271019e-04
  3.0771e+01     3.287079e-04
  3.0814e+01     3.303216e-04
  3.0857e+01     3.319429e-04
  3.0900e+01     3.335719e-04
  3.0942e+01     3.352087e-04
  3.0985e+01     3.368532e-04
  3.1028e+01     3.385055e-04
  3.1071e+01     3.401657e-04
  3.1114e+01     3.418337e-04
  3.1157e+01     3.435097e-04
  3.1200e+01     3.451935e-04
  3.1242e+01     3.468854e-04
  3.1285e+01     3.485853e-04
  3.1328e+01     3.502932e-04
  3.1371e+01     3.520091e-04
  3.1414e+01     3.537332e-04
  3.1457e+01     3.554655e-04
  3.1500e+01     3.572059e-04
  3.1542e+01     3.589546e-04
  3.1585e+01     3.607115e-04
  3.1628e+01     3.624767e-04
  3.1671e+01     3.642502e-04
  3.1714e+01     3.660321e-04
  3.1757e+01     3.678224e-04
  3.1800e+01     3.696212e-04
  3.1842e+01     3.714284e-04
  3.1885e+01     3.732441e-04
  3.1928e+01     3.750684e-04
  3.1971e+01     3.769012e-04
  3.2014e+01     3.787427e-04
  3.2057e+01     3.805929e-04
  3.2100e+01     3.824517e-04
  3.2142e+01     3.843193e-04
  3.2185e+01     3.861956e-04
  3.2228e+01     3.880808e-04
  3.2271e+01     3.899748e-04
  3.2314e+01     3.918777e-04
  3.2357e+01     3.937895e-04
  3.2400e+01     3.957103e-04
  3.2442e+01     3.976401e-04
  3.2485e+01     3.995789e-04
  3.2528e+01     4.015268e-04
  3.2571e+01     4.034838e-04
  3.2614e+01     4.054499e-04
  3.2657e+01     4.074253e-04
  3.2700e+01     4.094099e-04
  3.2742e+01     4.114038e-04
  3.2785e+01     4.134069e-04
  3.2828e+01     4.154195e-04
  3.2871e+01     4.174414e-04
  3.2914e+01     4.194727e-04
  3.2957e+01     4.215136e-04
  3.3000e+01     4.235639e-04
  3.3042e+01     4.256238e-04
  3.3085e+01     4.276932e-04
  3.3128e+01     4.297724e-04
  3.3171e+01     4.318611e-04
  3.3214e+01     4.339596e-04
  3.3257e+01     4.360679e-04
  3.3300e+01     4.381859e-04
  3.3342e+01     4.403138e-04
  3.3385e+01     4.424515e-04
  3.3428e+01     4.445992e-04
  3.3471e+01     4.467568e-04
  3.3514e+01     4.489245e-04
  3.3557e+01     4.511021e-04
  3.3600e+01     4.532899e-04
  3.3642e+01     4.554878e-04
  3.3685e+01     4.576958e-04
  3.3728e+01     4.599141e-04
  3.3771e+01     4.621426e-04
  3.3814e+01     4.643814e-04
  3.3857e+01     4.666306e-04
  3.3900e+01     4.688901e-04
  3.3942e+01     4.711601e-04
  3.3985e+01     4.734405e-04
  3.4028e+01     4.757314e-04
  3.4071e+01     4.780329e-04
  3.4114e+01     4.803450e-04
  3.4157e+01     4.826677e-04
  3.4200e+01     4.850011e-04
  3.4242e+01     4.873452e-04
  3.4285e+01     4.897001e-04
  3.4328e+01     4.920658e-04
  3.4371e+01     4.944424e-04
  3.4414e+01     4.968299e-04
  3.4457e+01     4.992283e-04
  3.4500e+01     5.016377e-04
  3.4542e+01     5.040582e-04
  3.4585e+01     5.064897e-04
  3.4628e+01     5.089323e-04
  3.4671e+01     5.113862e-04
  3.4714e+01     5.138512e-04
  3.4757e+01     5.163275e-04
  3.4800e+01     5.188151e-04
  3.4842e+01     5.213141e-04
  3.4885e+01     5.238244e-04
  3.4928e+01     5.263462e-04
  3.4971e+01     5.288795e-04
  3.5014e+01     5.314243e-04
  3.5057e+01     5.339807e-04
  3.5100e+01     5.365487e-04
  3.5142e+01     5.391284e-04
  3.5185e+01     5.417198e-04
  3.5228e+01     5.443230e-04
  3.5271e+01     5.469380e-04
  3.5314e+01     5.495648e-04
  3.5357e+01     5.522035e-04
  3.5400e+01     5.548542e-04
  3.5442e+01     5.575169e-04
  3.5485e+01     5.601917e-04
  3.5528e+01     5.628785e-04
  3.5571e+01     5.655775e-04
  3.5614e+01     5.682886e-04
  3.5657e+01     5.710120e-04
  3.5700e+01     5.737477e-04
  3.5742e+01     5.764957e-04
  3.5785e+01     5.792561e-04
  3.5828e+01     5.820289e-04
  3.5871e+01     5.848142e-04
  3.5914e+01     5.876120e-04
  3.5957e+01     5.904224e-04
  3.6000e+01     5.932454e-04
  3.6042e+01     5.960811e-04
  3.6085e+01     5.989295e-04
  3.6128e+01     6.017906e-04
  3.6171e+01     6.046646e-04
  3.6214e+01     6.075514e-04
  3.6257e+01     6.104511e-04
  3.6300e+01     6.133638e-04
  3.6342e+01     6.162896e-04
  3.6385e+01     6.192283e-04
  3.6428e+01     6.221802e-04
  3.6471e+01     6.251452e-04
  3.6514e+01     6.281235e-04
  3.6557e+01     6.311150e-04
  3.6600e+01     6.341198e-04
  3.6642e+01     6.371380e-04
  3.6685e+01     6.401696e-04
  3.6728e+01     6.432146e-04
  3.6771e+01     6.462731e-04
  3.6814e+01     6.493452e-04
  3.6857e+01     6.524309e-04
  3.6900e+01     6.555303e-04
  3.6942e+01     6.586434e-04
  3.6985e+01     6.617702e-04
  3.7028e+01     6.649109e-04
  3.7071e+01     6.680654e-04
  3.7114e+01     6.712338e-04
  3.7157e+01     6.744162e-04
  3.7200e+01     6.776126e-04
  3.7242e+01     6.808231e-04
  3.7285e+01     6.840477e-04
  3.7328e+01     6.872864e-04
  3.7371e+01     6.905394e-04
  3.7414e+01     6.938067e-04
  3.7457e+01     6.970882e-04
  3.7500e+01     7.003842e-04
  3.7542e+01     7.036945e-04
  3.7585e+01     7.070194e-04
  3.7628e+01     7.103588e-04
  3.7671e+01     7.137127e-04
  3.7714e+01     7.170813e-04
  3.7757e+01     7.204646e-04
  3.7800e+01     7.238626e-04
  3.7842e+01     7.272754e-04
  3.7885e+01     7.307030e-04
  3.7928e+01     7.341456e-04
  3.7971e+01     7.376030e-04
  3.8014e+01     7.410755e-04
  3.8057e+01     7.445631e-04
  3.8100e+01     7.480657e-04
  3.8142e+01     7.515835e-04
  3.8185e+01     7.551165e-04
  3.8228e+01     7.586647e-04
  3.8271e+01     7.622283e-04
  3.8314e+01     7.658072e-04
  3.8357e+01     7.694016e-04
  3.8400e+01     7.730114e-04
  3.8442e+01     7.766368e-04
  3.8485e+01     7.802777e-04
  3.8528e+01     7.839343e-04
  3.8571e+01     7.876065e-04
  3.8614e+01     7.912945e-04
  3.8657e+01     7.949983e-04
  3.8700e+01     7.987179e-04
  3.8742e+01     8.024534e-04
  3.8785e+01     8.062049e-04
  3.8828e+01     8.099723e-04
  3.8871e+01     8.137559e-04
  3.8914e+01     8.175555e-04
  3.8957e+01     8.213713e-04
  3.9000e+01     8.252033e-04
  3.9042e+01     8.290515e-04
  3.9085e+01     8.329161e-04
  3.9128e+01     8.367971e-04
  3.9171e+01     8.406945e-04
  3.9214e+01     8.446084e-04
  3.9257e+01     8.485388e-04
  3.9300e+01     8.524858e-04
  3.9342e+01     8.564494e-04
  3.9385e+01     8.604297e-04
  3.9428e+01     8.644268e-04
  3.9471e+01     8.684407e-04
  3.9514e+01     8.724714e-04
  3.9557e+01     8.765191e-04
  3.9600e+01     8.805837e-04
  3.9642e+01     8.846653e-04
  3.9685e+01     8.887640e-04
  3.9728e+01     8.928798e-04
  3.9771e+01     8.970128e-04
  3.9814e+01     9.011630e-04
  3.9857e+01     9.053305e-04
  3.9900e+01     9.095153e-04
  3.9942e+01     9.137175e-04
  3.9985e+01     9.179372e-04
  4.0028e+01     9.221743e-04
  4.0071e+01     9.264290e-04
  4.0114e+01     9.307013e-04
  4.0157e+01     9.349912e-04
  4.0200e+01     9.392989e-04
  4.0242e+01     9.436243e-04
  4.0285e+01     9.479675e-04
  4.0328e+01     9.523286e-04
  4.0371e+01     9.567076e-04
  4.0414e+01     9.611045e-04
  4.0457e+01     9.655195e-04
  4.0500e+01     9.699526e-04
  4.0542e+01     9.744038e-04
  4.0585e+01     9.788731e-04
  4.0628e+01     9.833607e-04
  4.0671e+01     9.878666e-04
  4.0714e+01     9.923908e-04
  4.0757e+01     9.969334e-04
  4.0800e+01     1.001494e-03
  4.0842e+01     1.006074e-03
  4.0885e+01     1.010672e-03
  4.0928e+01     1.015289e-03
  4.0971e+01     1.019924e-03
  4.1014e+01     1.024578e-03
  4.1057e+01     1.029251e-03
  4.1100e+01     1.033942e-03
  4.1142e+01     1.038653e-03
  4.1185e+01     1.043382e-03
  4.1228e+01     1.048130e-03
  4.1271e+01     1.052898e-03
  4.1314e+01     1.057684e-03
  4.1357e+01     1.062489e-03
  4.1400e+01     1.067314e-03
  4.1442e+01     1.072158e-03
  4.1485e+01     1.077021e-03
  4.1528e+01     1.081903e-03
  4.1571e+01     1.086805e-03
  4.1614e+01     1.091726e-03
  4.1657e+01     1.096667e-03
  4.1700e+01     1.101627e-03
  4.1742e+01     1.106607e-03
  4.1785e+01     1.111606e-03
  4.1828e+01     1.116625e-03
  4.1871e+01     1.121663e-03
  4.1914e+01     1.126722e-03
  4.1957e+01     1.131800e-03
  4.2000e+01     1.136898e-03
  4.2042e+01     1.142016e-03
  4.2085e+01     1.147154e-03
  4.2128e+01     1.152312e-03
  4.2171e+01     1.157490e-03
  4.2214e+01     1.162688e-03
  4.2257e+01     1.167906e-03
  4.2300e+01     1.173144e-03
  4.2342e+01     1.178403e-03
  4.2385e+01     1.183681e-03
  4.2428e+01     1.188981e-03
  4.2471e+01     1.194300e-03
  4.2514e+01     1.199640e-03
  4.2557e+01     1.205000e-03
  4.2600e+01     1.210381e-03
  4.2642e+01     1.215783e-03
  4.2685e+01     1.221205e-03
  4.2728e+01     1.226647e-03
  4.2771e+01     1.232111e-03
  4.2814e+01     1.237595e-03
  4.2857e+01     1.243100e-03
  4.2900e+01     1.248625e-03
  4.2942e+01     1.254172e-03
  4.2985e+01     1.259739e-03
  4.3028e+01     1.265328e-03
  4.3071e+01     1.270937e-03
  4.3114e+01     1.276568e-03
  4.3157e+01     1.282219e-03
  4.3200e+01     1.287892e-03
  4.3242e+01     1.293585e-03
  4.3285e+01     1.299300e-03
  4.3328e+01     1.305036e-03
  4.3371e+01     1.310794e-03
  4.3414e+01     1.316573e-03
  4.3457e+01     1.322373e-03
  4.3500e+01     1.328194e-03
  4.3542e+01     1.334037e-03
  4.3585e+01     1.339902e-03
  4.3628e+01     1.345788e-03
  4.3671e+01     1.351695e-03
  4.3714e+01     1.357624e-03
  4.3757e+01     1.363575e-03
  4.3800e+01     1.369547e-03
  4.3842e+01     1.375541e-03
  4.3885e+01     1.381557e-03
  4.3928e+01     1.387594e-03
  4.3971e+01     1.393654e-03
  4.4014e+01     1.399735e-03
  4.4057e+01     1.405838e-03
  4.4100e+01     1.411963e-03
  4.4142e+01     1.418110e-03
  4.4185e+01     1.424279e-03
  4.4228e+01     1.430470e-03
  4.4271e+01     1.436683e-03
  4.4314e+01     1.442918e-03
  4.4357e+01     1.449175e-03
  4.4400e+01     1.455454e-03
  4.4442e+01     1.461756e-03
  4.4485e+01     1.468079e-03
  4.4528e+01     1.474425e-03
  4.4571e+01     1.480793e-03
  4.4614e+01     1.487183e-03
  4.4657e+01     1.493596e-03
  4.4700e+01     1.500031e-03
  4.4742e+01     1.506488e-03
  4.4785e+01     1.512968e-03
  4.4828e+01     1.519470e-03
  4.4871e+01     1.525995e-03
  4.4914e+01     1.532542e-03
  4.4957e+01     1.539112e-03
  4.5000e+01     1.545704e-03
  4.5042e+01     1.552318e-03
  4.5085e+01     1.558956e-03
  4.5128e+01     1.565615e-03
  4.5171e+01     1.572298e-03
  4.5214e+01     1.579003e-03
  4.5257e+01     1.585731e-03
  4.5300e+01     1.592481e-03
  4.5342e+01     1.599254e-03
  4.5385e+01     1.606050e-03
  4.5428e+01     1.612868e-03
  4.5471e+01     1.619709e-03
  4.5514e+01     1.626573e-03
  4.5557e+01     1.633460e-03
  4.5600e+01     1.640370e-03
  4.5642e+01     1.647302e-03
  4.5685e+01     1.654257e-03
  4.5728e+01     1.661235e-03
  4.5771e+01     1.668236e-03
  4.5814e+01     1.675260e-03
  4.5857e+01     1.682306e-03
  4.5900e+01     1.689376e-03
  4.5942e+01     1.696468e-03
  4.5985e+01     1.703583e-03
  4.6028e+01     1.710721e-03
  4.6071e+01     1.717882e-03
  4.6114e+01     1.725066e-03
  4.6157e+01     1.732273e-03
  4.6200e+01     1.739503e-03
  4.6242e+01     1.746756e-03
  4.6285e+01     1.754032e-03
  4.6328e+01     1.761331e-03
  4.6371e+01     1.768652e-03
  4.6414e+01     1.775997e-03
  4.6457e+01     1.783365e-03
  4.6500e+01     1.790755e-03
  4.6542e+01     1.798169e-03
  4.6585e+01     1.805605e-03
  4.6628e+01     1.813065e-03
  4.6671e+01     1.820547e-03
  4.6714e+01     1.828052e-03
  4.6757e+01     1.835581e-03
  4.6800e+01     1.843132e-03
  4.6842e+01     1.850706e-03
  4.6885e+01     1.858303e-03
  4.6928e+01     1.865923e-03
  4.6971e+01     1.873566e-03
  4.7014e+01     1.881232e-03
  4.7057e+01     1.888921e-03
  4.7100e+01     1.896633e-03
  4.7142e+01     1.904367e-03
  4.7185e+01     1.912124e-03
  4.7228e+01     1.919905e-03
  4.7271e+01     1.927708e-03
  4.7314e+01     1.935534e-03
  4.7357e+01     1.943382e-03
  4.7400e+01     1.951254e-03
  4.7442e+01     1.959148e-03
  4.7485e+01     1.967065e-03
  4.7528e+01     1.975005e-03
  4.7571e+01     1.982967e-03
  4.7614e+01     1.990952e-03
  4.7657e+01     1.998960e-03
  4.7700e+01     2.006990e-03
  4.7742e+01     2.015043e-03
  4.7785e+01     2.023118e-03
  4.7828e+01     2.031217e-03
  4.7871e+01     2.039337e-03
  4.7914e+01     2.047480e-03
  4.7957e+01     2.055646e-03
  4.8000e+01     2.063834e-03
  4.8042e+01     2.072044e-03
  4.8085e+01     2.080277e-03
  4.8128e+01     2.088532e-03
  4.8171e+01     2.096809e-03
  4.8214e+01     2.105109e-03
  4.8257e+01     2.113430e-03
  4.8300e+01     2.121774e-03
  4.8342e+01     2.130141e-03
  4.8385e+01     2.138529e-03
  4.8428e+01     2.146939e-03
  4.8471e+01     2.155371e-03
  4.8514e+01     2.163825e-03
  4.8557e+01     2.172302e-03
  4.8600e+01     2.180800e-03
  4.8642e+01     2.189319e-03
  4.8685e+01     2.197861e-03
  4.8728e+01     2.206424e-03
  4.8771e+01     2.215009e-03
  4.8814e+01     2.223616e-03
  4.8857e+01     2.232244e-03
  4.8900e+01     2.240894e-03
  4.8942e+01     2.249565e-03
  4.8985e+01     2.258257e-03
  4.9028e+01     2.266971e-03
  4.9071e+01     2.275706e-03
  4.9114e+01     2.284462e-03
  4.9157e+01     2.293239e-03
  4.9200e+01     2.302038e-03
  4.9242e+01     2.310857e-03
  4.9285e+01     2.319698e-03
  4.9328e+01     2.328559e-03
  4.9371e+01     2.337441e-03
  4.9414e+01     2.346344e-03
  4.9457e+01     2.355267e-03
  4.9500e+01     2.364211e-03
  4.9542e+01     2.373175e-03
  4.9585e+01     2.382160e-03
  4.9628e+01     2.391166e-03
  4.9671e+01     2.400191e-03
  4.9714e+01     2.409237e-03
  4.9757e+01     2.418303e-03
  4.9800e+01     2.427388e-03
  4.9842e+01     2.436494e-03
  4.9885e+01     2.445620e-03
  4.9928e+01     2.454765e-03
  4.9971e+01     2.463930e-03
  5.0014e+01     2.473115e-03
  5.0057e+01     2.482319e-03
  5.0100e+01     2.491542e-03
  5.0142e+01     2.500785e-03
  5.0185e+01     2.510047e-03
  5.0228e+01     2.519328e-03
  5.0271e+01     2.528628e-03
  5.0314e+01     2.537947e-03
  5.0357e+01     2.547284e-03
  5.0400e+01     2.556641e-03
  5.0442e+01     2.566016e-03
  5.0485e+01     2.575409e-03
  5.0528e+01     2.584821e-03
  5.0571e+01     2.594251e-03
  5.0614e+01     2.603699e-03
  5.0657e+01     2.613165e-03
  5.0700e+01     2.622649e-03
  5.0742e+01     2.632151e-03
  5.0785e+01     2.641671e-03
  5.0828e+01     2.651208e-03
  5.0871e+01     2.660763e-03
  5.0914e+01     2.670334e-03
  5.0957e+01     2.679924e-03
  5.1000e+01     2.689530e-03
  5.1042e+01     2.699153e-03
  5.1085e+01     2.708793e-03
  5.1128e+01     2.718449e-03
  5.1171e+01     2.728122e-03
  5.1214e+01     2.737812e-03
  5.1257e+01     2.747517e-03
  5.1300e+01     2.757239e-03
  5.1342e+01     2.766977e-03
  5.1385e+01     2.776730e-03
  5.1428e+01     2.786500e-03
  5.1471e+01     2.796285e-03
  5.1514e+01     2.806085e-03
  5.1557e+01     2.815901e-03
  5.1600e+01     2.825731e-03
  5.1642e+01     2.835577e-03
  5.1685e+01     2.845437e-03
  5.1728e+01     2.855312e-03
  5.1771e+01     2.865202e-03
  5.1814e+01     2.875106e-03
  5.1857e+01     2.885024e-03
  5.1900e+01     2.894956e-03
  5.1942e+01     2.904902e-03
  5.1985e+01     2.914862e-03
  5.2028e+01     2.924835e-03
  5.2071e+01     2.934821e-03
  5.2114e+01     2.944821e-03
  5.2157e+01     2.954834e-03
  5.2200e+01     2.964859e-03
  5.2242e+01     2.974897e-03
  5.2285e+01     2.984948e-03
  5.2328e+01     2.995011e-03
  5.2371e+01     3.005086e-03
  5.2414e+01     3.015173e-03
  5.2457e+01     3.025272e-03
  5.2500e+01     3.035382e-03
  5.2542e+01     3.045504e-03
  5.2585e+01     3.055636e-03
  5.2628e+01     3.065780e-03
  5.2671e+01     3.075935e-03
  5.2714e+01     3.086100e-03
  5.2757e+01     3.096276e-03
  5.2800e+01     3.106462e-03
  5.2842e+01     3.116657e-03
  5.2885e+01     3.126863e-03
  5.2928e+01     3.137078e-03
  5.2971e+01     3.147303e-03
  5.3014e+01     3.157537e-03
  5.3057e+01     3.167780e-03
  5.3100e+01     3.178031e-03
  5.3142e+01     3.188291e-03
  5.3185e+01     3.198560e-03
  5.3228e+01     3.208836e-03
  5.3271e+01     3.219121e-03
  5.3314e+01     3.229413e-03
  5.3357e+01     3.239712e-03
  5.3400e+01     3.250019e-03
  5.3442e+01     3.260333e-03
  5.3485e+01     3.270653e-03
  5.3528e+01     3.280981e-03
  5.3571e+01     3.291314e-03
  5.3614e+01     3.301654e-03
  5.3657e+01     3.311999e-03
  5.3700e+01     3.322350e-03
  5.3742e+01     3.332706e-03
  5.3785e+01     3.343068e-03
  5.3828e+01     3.353434e-03
  5.3871e+01     3.363805e-03
  5.3914e+01     3.374180e-03
  5.3957e+01     3.384560e-03
  5.4000e+01     3.394943e-03
  5.4042e+01     3.405330e-03
  5.4085e+01     3.415721e-03
  5.4128e+01     3.426114e-03
  5.4171e+01     3.436511e-03
  5.4214e+01     3.446910e-03
  5.4257e+01     3.457311e-03
  5.4300e+01     3.467715e-03
  5.4342e+01     3.478120e-03
  5.4385e+01     3.488527e-03
  5.4428e+01     3.498936e-03
  5.4471e+01     3.509345e-03
  5.4514e+01     3.519755e-03
  5.4557e+01     3.530166e-03
  5.4600e+01     3.540576e-03
  5.4642e+01     3.550987e-03
  5.4685e+01     3.561398e-03
  5.4728e+01     3.571807e-03
  5.4771e+01     3.582216e-03
  5.4814e+01     3.592624e-03
  5.4857e+01     3.603030e-03
  5.4900e+01     3.613435e-03
  5.4942e+01     3.623837e-03
  5.4985e+01     3.634237e-03
  5.5028e+01     3.644635e-03
  5.5071e+01     3.655029e-03
  5.5114e+01     3.665421e-03
  5.5157e+01     3.675809e-03
  5.5200e+01     3.686193e-03
  5.5242e+01     3.696573e-03
  5.5285e+01     3.706948e-03
  5.5328e+01     3.717319e-03
  5.5371e+01     3.727685e-03
  5.5414e+01     3.738046e-03
  5.5457e+01     3.748401e-03
  5.5500e+01     3.758750e-03
  5.5542e+01     3.769092e-03
  5.5585e+01     3.779429e-03
  5.5628e+01     3.789758e-03
  5.5671e+01     3.800080e-03
  5.5714e+01     3.810395e-03
  5.5757e+01     3.820702e-03
  5.5800e+01     3.831000e-03
  5.5842e+01     3.841291e-03
  5.5885e+01     3.851572e-03
  5.5928e+01     3.861845e-03
  5.5971e+01     3.872108e-03
  5.6014e+01     3.882361e-03
  5.6057e+01     3.892604e-03
  5.6100e+01     3.902837e-03
  5.6142e+01     3.913059e-03
  5.6185e+01     3.923270e-03
  5.6228e+01     3.933469e-03
  5.6271e+01     3.943657e-03
  5.6314e+01     3.953833e-03
  5.6357e+01     3.963996e-03
  5.6400e+01     3.974146e-03
  5.6442e+01     3.984284e-03
  5.6485e+01     3.994408e-03
  5.6528e+01     4.004518e-03
  5.6571e+01     4.014614e-03
  5.6614e+01     4.024696e-03
  5.6657e+01     4.034763e-03
  5.6700e+01     4.044814e-03
  5.6742e+01     4.054850e-03
  5.6785e+01     4.064871e-03
  5.6828e+01     4.074875e-03
  5.6871e+01     4.084862e-03
  5.6914e+01     4.094833e-03
  5.6957e+01     4.104786e-03
  5.7000e+01     4.114722e-03
  5.7042e+01     4.124640e-03
  5.7085e+01     4.134539e-03
  5.7128e+01     4.144420e-03
  5.7171e+01     4.154281e-03
  5.7214e+01     4.164123e-03
  5.7257e+01     4.173946e-03
  5.7300e+01     4.183748e-03
  5.7342e+01     4.193530e-03
  5.7385e+01     4.203291e-03
  5.7428e+01     4.213030e-03
  5.7471e+01     4.222749e-03
  5.7514e+01     4.232445e-03
  5.7557e+01     4.242119e-03
  5.7600e+01     4.251770e-03
  5.7642e+01     4.261398e-03
  5.7685e+01     4.271002e-03
  5.7728e+01     4.280583e-03
  5.7771e+01     4.290140e-03
  5.7814e+01     4.299672e-03
  5.7857e+01     4.309179e-03
  5.7900e+01     4.318661e-03
  5.7942e+01     4.328117e-03
  5.7985e+01     4.337547e-03
  5.8028e+01     4.346951e-03
  5.8071e+01     4.356328e-03
  5.8114e+01     4.365678e-03
  5.8157e+01     4.375000e-03
  5.8200e+01     4.384295e-03
  5.8242e+01     4.393561e-03
  5.8285e+01     4.402798e-03
  5.8328e+01     4.412007e-03
  5.8371e+01     4.421186e-03
  5.8414e+01     4.430335e-03
  5.8457e+01     4.439454e-03
  5.8500e+01     4.448542e-03
  5.8542e+01     4.457600e-03
  5.8585e+01     4.466626e-03
  5.8628e+01     4.475621e-03
  5.8671e+01     4.484583e-03
  5.8714e+01     4.493513e-03
  5.8757e+01     4.502411e-03
  5.8800e+01     4.511275e-03
  5.8842e+01     4.520105e-03
  5.8885e+01     4.528902e-03
  5.8928e+01     4.537664e-03
  5.8971e+01     4.546391e-03
  5.9014e+01     4.555084e-03
  5.9057e+01     4.563741e-03
  5.9100e+01     4.572362e-03
  5.9142e+01     4.580947e-03
  5.9185e+01     4.589495e-03
  5.9228e+01     4.598006e-03
  5.9271e+01     4.606480e-03
  5.9314e+01     4.614916e-03
  5.9357e+01     4.623314e-03
  5.9400e+01     4.631674e-03
  5.9442e+01     4.639994e-03
  5.9485e+01     4.648276e-03
  5.9528e+01     4.656518e-03
  5.9571e+01     4.664720e-03
  5.9614e+01     4.672881e-03
  5.9657e+01     4.681002e-03
  5.9700e+01     4.689082e-03
  5.9742e+01     4.697120e-03
  5.9785e+01     4.705116e-03
  5.9828e+01     4.713070e-03
  5.9871e+01     4.720982e-03
  5.9914e+01     4.728850e-03
  5.9957e+01     4.736676e-03
