# Epidemic Incidence, 7 days [ x-unit: transmission cycles | y-unit: ]
  1.0285e+00     9.103249e-06
  1.0714e+00     9.017949e-06
  1.1142e+00     8.928443e-06
  1.1571e+00     8.834782e-06
  1.2000e+00     8.737017e-06
  1.2428e+00     8.635198e-06
  1.2857e+00     8.529960e-06
  1.3285e+00     8.425431e-06
  1.3714e+00     8.322183e-06
  1.4142e+00     8.220199e-06
  1.4571e+00     8.119466e-06
  1.5000e+00     8.019966e-06
  1.5428e+00     7.921686e-06
  1.5857e+00     7.824610e-06
  1.6285e+00     7.728723e-06
  1.6714e+00     7.634012e-06
  1.7142e+00     7.540460e-06
  1.7571e+00     7.448055e-06
  1.8000e+00     7.356783e-06
  1.8428e+00     7.266629e-06
  1.8857e+00     7.177579e-06
  1.9285e+00     7.089621e-06
  1.9714e+00     7.002740e-06
  2.0142e+00     6.916924e-06
  2.0571e+00     6.832159e-06
  2.1000e+00     6.748433e-06
  2.1428e+00     6.665734e-06
  2.1857e+00     6.584047e-06
  2.2285e+00     6.503361e-06
  2.2714e+00     6.423664e-06
  2.3142e+00     6.344944e-06
  2.3571e+00     6.267188e-06
  2.4000e+00     6.190385e-06
  2.4428e+00     6.114523e-06
  2.4857e+00     6.039591e-06
  2.5285e+00     5.965577e-06
  2.5714e+00     5.892470e-06
  2.6142e+00     5.820258e-06
  2.6571e+00     5.748932e-06
  2.7000e+00     5.678479e-06
  2.7428e+00     5.608890e-06
  2.7857e+00     5.540154e-06
  2.8285e+00     5.472260e-06
  2.8714e+00     5.405198e-06
  2.9142e+00     5.338957e-06
  2.9571e+00     5.273529e-06
  3.0000e+00     5.208902e-06
  3.0428e+00     5.145067e-06
  3.0857e+00     5.082014e-06
  3.1285e+00     5.019734e-06
  3.1714e+00     4.958217e-06
  3.2142e+00     4.897454e-06
  3.2571e+00     4.837436e-06
  3.3000e+00     4.778153e-06
  3.3428e+00     4.719596e-06
  3.3857e+00     4.661757e-06
  3.4285e+00     4.604627e-06
  3.4714e+00     4.548197e-06
  3.5142e+00     4.492458e-06
  3.5571e+00     4.437403e-06
  3.6000e+00     4.383022e-06
  3.6428e+00     4.329307e-06
  3.6857e+00     4.276251e-06
  3.7285e+00     4.223845e-06
  3.7714e+00     4.172081e-06
  3.8142e+00     4.120951e-06
  3.8571e+00     4.070448e-06
  3.9000e+00     4.020564e-06
  3.9428e+00     3.971292e-06
  3.9857e+00     3.922623e-06
  4.0285e+00     3.874550e-06
  4.0714e+00     3.827066e-06
  4.1142e+00     3.780165e-06
  4.1571e+00     3.733838e-06
  4.2000e+00     3.688079e-06
  4.2428e+00     3.642881e-06
  4.2857e+00     3.598236e-06
  4.3285e+00     3.554139e-06
  4.3714e+00     3.510582e-06
  4.4142e+00     3.467558e-06
  4.4571e+00     3.425063e-06
  4.5000e+00     3.383087e-06
  4.5428e+00     3.341627e-06
  4.5857e+00     3.300674e-06
  4.6285e+00     3.260223e-06
  4.6714e+00     3.220268e-06
  4.7142e+00     3.180802e-06
  4.7571e+00     3.141820e-06
  4.8000e+00     3.103316e-06
  4.8428e+00     3.065284e-06
  4.8857e+00     3.027718e-06
  4.9285e+00     2.990612e-06
  4.9714e+00     2.953961e-06
  5.0142e+00     2.917759e-06
  5.0571e+00     2.882001e-06
  5.1000e+00     2.846680e-06
  5.1428e+00     2.811793e-06
  5.1857e+00     2.777334e-06
  5.2285e+00     2.743296e-06
  5.2714e+00     2.709676e-06
  5.3142e+00     2.676468e-06
  5.3571e+00     2.643666e-06
  5.4000e+00     2.611267e-06
  5.4428e+00     2.579265e-06
  5.4857e+00     2.547655e-06
  5.5285e+00     2.516432e-06
  5.5714e+00     2.485592e-06
  5.6142e+00     2.455130e-06
  5.6571e+00     2.425041e-06
  5.7000e+00     2.395321e-06
  5.7428e+00     2.365965e-06
  5.7857e+00     2.336969e-06
  5.8285e+00     2.308328e-06
  5.8714e+00     2.280038e-06
  5.9142e+00     2.252095e-06
  5.9571e+00     2.224495e-06
  6.0000e+00     2.197232e-06
  6.0428e+00     2.170304e-06
  6.0857e+00     2.143706e-06
  6.1285e+00     2.117433e-06
  6.1714e+00     2.091483e-06
  6.2142e+00     2.065851e-06
  6.2571e+00     2.040533e-06
  6.3000e+00     2.015525e-06
  6.3428e+00     1.990823e-06
  6.3857e+00     1.966425e-06
  6.4285e+00     1.942325e-06
  6.4714e+00     1.918521e-06
  6.5142e+00     1.895008e-06
  6.5571e+00     1.871784e-06
  6.6000e+00     1.848844e-06
  6.6428e+00     1.826185e-06
  6.6857e+00     1.803804e-06
  6.7285e+00     1.781697e-06
  6.7714e+00     1.759862e-06
  6.8142e+00     1.738293e-06
  6.8571e+00     1.716989e-06
  6.9000e+00     1.695947e-06
  6.9428e+00     1.675162e-06
  6.9857e+00     1.654632e-06
  7.0285e+00     1.634353e-06
  7.0714e+00     1.614323e-06
  7.1142e+00     1.594538e-06
  7.1571e+00     1.574996e-06
  7.2000e+00     1.555694e-06
  7.2428e+00     1.536628e-06
  7.2857e+00     1.517795e-06
  7.3285e+00     1.499194e-06
  7.3714e+00     1.480820e-06
  7.4142e+00     1.462672e-06
  7.4571e+00     1.444746e-06
  7.5000e+00     1.427039e-06
  7.5428e+00     1.409550e-06
  7.5857e+00     1.392275e-06
  7.6285e+00     1.375212e-06
  7.6714e+00     1.358357e-06
  7.7142e+00     1.341710e-06
  7.7571e+00     1.325266e-06
  7.8000e+00     1.309024e-06
  7.8428e+00     1.292981e-06
  7.8857e+00     1.277135e-06
  7.9285e+00     1.261483e-06
  7.9714e+00     1.246022e-06
  8.0142e+00     1.230751e-06
  8.0571e+00     1.215668e-06
  8.1000e+00     1.200769e-06
  8.1428e+00     1.186052e-06
  8.1857e+00     1.171516e-06
  8.2285e+00     1.157159e-06
  8.2714e+00     1.142977e-06
  8.3142e+00     1.128969e-06
  8.3571e+00     1.115133e-06
  8.4000e+00     1.101466e-06
  8.4428e+00     1.087966e-06
  8.4857e+00     1.074633e-06
  8.5285e+00     1.061462e-06
  8.5714e+00     1.048453e-06
  8.6142e+00     1.035604e-06
  8.6571e+00     1.022911e-06
  8.7000e+00     1.010375e-06
  8.7428e+00     9.979920e-07
  8.7857e+00     9.857609e-07
  8.8285e+00     9.736796e-07
  8.8714e+00     9.617464e-07
  8.9142e+00     9.499595e-07
  8.9571e+00     9.383170e-07
  9.0000e+00     9.268172e-07
  9.0428e+00     9.154583e-07
  9.0857e+00     9.042387e-07
  9.1285e+00     8.931565e-07
  9.1714e+00     8.822102e-07
  9.2142e+00     8.713980e-07
  9.2571e+00     8.607184e-07
  9.3000e+00     8.501696e-07
  9.3428e+00     8.397501e-07
  9.3857e+00     8.294583e-07
  9.4285e+00     8.192926e-07
  9.4714e+00     8.092515e-07
  9.5142e+00     7.993335e-07
  9.5571e+00     7.895370e-07
  9.6000e+00     7.798606e-07
  9.6428e+00     7.703028e-07
  9.6857e+00     7.608621e-07
  9.7285e+00     7.515371e-07
  9.7714e+00     7.423264e-07
  9.8142e+00     7.332286e-07
  9.8571e+00     7.242423e-07
  9.9000e+00     7.153661e-07
  9.9428e+00     7.065988e-07
  9.9857e+00     6.979388e-07
  1.0028e+01     6.893850e-07
  1.0071e+01     6.809360e-07
  1.0114e+01     6.725906e-07
  1.0157e+01     6.643474e-07
  1.0200e+01     6.562053e-07
  1.0242e+01     6.481630e-07
  1.0285e+01     6.402192e-07
  1.0328e+01     6.323728e-07
  1.0371e+01     6.246225e-07
  1.0414e+01     6.169673e-07
  1.0457e+01     6.094058e-07
  1.0500e+01     6.019370e-07
  1.0542e+01     5.945598e-07
  1.0585e+01     5.872730e-07
  1.0628e+01     5.800754e-07
  1.0671e+01     5.729661e-07
  1.0714e+01     5.659440e-07
  1.0757e+01     5.590078e-07
  1.0800e+01     5.521567e-07
  1.0842e+01     5.453896e-07
  1.0885e+01     5.387054e-07
  1.0928e+01     5.321031e-07
  1.0971e+01     5.255817e-07
  1.1014e+01     5.191402e-07
  1.1057e+01     5.127777e-07
  1.1100e+01     5.064932e-07
  1.1142e+01     5.002857e-07
  1.1185e+01     4.941543e-07
  1.1228e+01     4.880980e-07
  1.1271e+01     4.821159e-07
  1.1314e+01     4.762072e-07
  1.1357e+01     4.703709e-07
  1.1400e+01     4.646061e-07
  1.1442e+01     4.589119e-07
  1.1485e+01     4.532876e-07
  1.1528e+01     4.477321e-07
  1.1571e+01     4.422448e-07
  1.1614e+01     4.368247e-07
  1.1657e+01     4.314710e-07
  1.1700e+01     4.261830e-07
  1.1742e+01     4.209597e-07
  1.1785e+01     4.158005e-07
  1.1828e+01     4.107045e-07
  1.1871e+01     4.056710e-07
  1.1914e+01     4.006991e-07
  1.1957e+01     3.957882e-07
  1.2000e+01     3.909375e-07
  1.2042e+01     3.861462e-07
  1.2085e+01     3.814136e-07
  1.2128e+01     3.767391e-07
  1.2171e+01     3.721218e-07
  1.2214e+01     3.675611e-07
  1.2257e+01     3.630563e-07
  1.2300e+01     3.586068e-07
  1.2342e+01     3.542117e-07
  1.2385e+01     3.498705e-07
  1.2428e+01     3.455826e-07
  1.2471e+01     3.413471e-07
  1.2514e+01     3.371636e-07
  1.2557e+01     3.330314e-07
  1.2600e+01     3.289498e-07
  1.2642e+01     3.249182e-07
  1.2685e+01     3.209361e-07
  1.2728e+01     3.170027e-07
  1.2771e+01     3.131176e-07
  1.2814e+01     3.092800e-07
  1.2857e+01     3.054895e-07
  1.2900e+01     3.017455e-07
  1.2942e+01     2.980473e-07
  1.2985e+01     2.943945e-07
  1.3028e+01     2.907864e-07
  1.3071e+01     2.872226e-07
  1.3114e+01     2.837024e-07
  1.3157e+01     2.802254e-07
  1.3200e+01     2.767910e-07
  1.3242e+01     2.733986e-07
  1.3285e+01     2.700479e-07
  1.3328e+01     2.667382e-07
  1.3371e+01     2.634691e-07
  1.3414e+01     2.602400e-07
  1.3457e+01     2.570506e-07
  1.3500e+01     2.539002e-07
  1.3542e+01     2.507884e-07
  1.3585e+01     2.477148e-07
  1.3628e+01     2.446788e-07
  1.3671e+01     2.416800e-07
  1.3714e+01     2.387180e-07
  1.3757e+01     2.357923e-07
  1.3800e+01     2.329025e-07
  1.3842e+01     2.300481e-07
  1.3885e+01     2.272286e-07
  1.3928e+01     2.244437e-07
  1.3971e+01     2.216930e-07
  1.4014e+01     2.189759e-07
  1.4057e+01     2.162922e-07
  1.4100e+01     2.136413e-07
  1.4142e+01     2.110229e-07
  1.4185e+01     2.084367e-07
  1.4228e+01     2.058821e-07
  1.4271e+01     2.033588e-07
  1.4314e+01     2.008665e-07
  1.4357e+01     1.984047e-07
  1.4400e+01     1.959730e-07
  1.4442e+01     1.935712e-07
  1.4485e+01     1.911988e-07
  1.4528e+01     1.888555e-07
  1.4571e+01     1.865409e-07
  1.4614e+01     1.842547e-07
  1.4657e+01     1.819965e-07
  1.4700e+01     1.797659e-07
  1.4742e+01     1.775627e-07
  1.4785e+01     1.753865e-07
  1.4828e+01     1.732370e-07
  1.4871e+01     1.711138e-07
  1.4914e+01     1.690167e-07
  1.4957e+01     1.669452e-07
  1.5000e+01     1.648992e-07
  1.5042e+01     1.628782e-07
  1.5085e+01     1.608819e-07
  1.5128e+01     1.589102e-07
  1.5171e+01     1.569626e-07
  1.5214e+01     1.550389e-07
  1.5257e+01     1.531387e-07
  1.5300e+01     1.512619e-07
  1.5342e+01     1.494080e-07
  1.5385e+01     1.475769e-07
  1.5428e+01     1.457682e-07
  1.5471e+01     1.439817e-07
  1.5514e+01     1.422170e-07
  1.5557e+01     1.404740e-07
  1.5600e+01     1.387524e-07
  1.5642e+01     1.370519e-07
  1.5685e+01     1.353722e-07
  1.5728e+01     1.337131e-07
  1.5771e+01     1.320743e-07
  1.5814e+01     1.304556e-07
  1.5857e+01     1.288567e-07
  1.5900e+01     1.272775e-07
  1.5942e+01     1.257176e-07
  1.5985e+01     1.241768e-07
  1.6028e+01     1.226549e-07
  1.6071e+01     1.211516e-07
  1.6114e+01     1.196668e-07
  1.6157e+01     1.182002e-07
  1.6200e+01     1.167515e-07
  1.6242e+01     1.153206e-07
  1.6285e+01     1.139073e-07
  1.6328e+01     1.125112e-07
  1.6371e+01     1.111323e-07
  1.6414e+01     1.097703e-07
  1.6457e+01     1.084249e-07
  1.6500e+01     1.070961e-07
  1.6542e+01     1.057835e-07
  1.6585e+01     1.044871e-07
  1.6628e+01     1.032065e-07
  1.6671e+01     1.019416e-07
  1.6714e+01     1.006922e-07
  1.6757e+01     9.945811e-08
  1.6800e+01     9.823916e-08
  1.6842e+01     9.703515e-08
  1.6885e+01     9.584589e-08
  1.6928e+01     9.467121e-08
  1.6971e+01     9.351093e-08
  1.7014e+01     9.236486e-08
  1.7057e+01     9.123285e-08
  1.7100e+01     9.011470e-08
  1.7142e+01     8.901026e-08
  1.7185e+01     8.791936e-08
  1.7228e+01     8.684183e-08
  1.7271e+01     8.577750e-08
  1.7314e+01     8.472622e-08
  1.7357e+01     8.368782e-08
  1.7400e+01     8.266214e-08
  1.7442e+01     8.164904e-08
  1.7485e+01     8.064836e-08
  1.7528e+01     7.965994e-08
  1.7571e+01     7.868363e-08
  1.7614e+01     7.771929e-08
  1.7657e+01     7.676677e-08
  1.7700e+01     7.582592e-08
  1.7742e+01     7.489660e-08
  1.7785e+01     7.397867e-08
  1.7828e+01     7.307199e-08
  1.7871e+01     7.217643e-08
  1.7914e+01     7.129184e-08
  1.7957e+01     7.041809e-08
  1.8000e+01     6.955505e-08
  1.8042e+01     6.870259e-08
  1.8085e+01     6.786058e-08
  1.8128e+01     6.702888e-08
  1.8171e+01     6.620738e-08
  1.8214e+01     6.539595e-08
  1.8257e+01     6.459446e-08
  1.8300e+01     6.380279e-08
  1.8342e+01     6.302083e-08
  1.8385e+01     6.224845e-08
  1.8428e+01     6.148554e-08
  1.8471e+01     6.073197e-08
  1.8514e+01     5.998765e-08
  1.8557e+01     5.925244e-08
  1.8600e+01     5.852625e-08
  1.8642e+01     5.780895e-08
  1.8685e+01     5.710045e-08
  1.8728e+01     5.640063e-08
  1.8771e+01     5.570939e-08
  1.8814e+01     5.502662e-08
  1.8857e+01     5.435221e-08
  1.8900e+01     5.368608e-08
  1.8942e+01     5.302810e-08
  1.8985e+01     5.237819e-08
  1.9028e+01     5.173625e-08
  1.9071e+01     5.110217e-08
  1.9114e+01     5.047587e-08
  1.9157e+01     4.985724e-08
  1.9200e+01     4.924619e-08
  1.9242e+01     4.864263e-08
  1.9285e+01     4.804647e-08
  1.9328e+01     4.745762e-08
  1.9371e+01     4.687598e-08
  1.9414e+01     4.630147e-08
  1.9457e+01     4.573400e-08
  1.9500e+01     4.517349e-08
  1.9542e+01     4.461985e-08
  1.9585e+01     4.407299e-08
  1.9628e+01     4.353283e-08
  1.9671e+01     4.299930e-08
  1.9714e+01     4.247230e-08
  1.9757e+01     4.195176e-08
  1.9800e+01     4.143760e-08
  1.9842e+01     4.092975e-08
  1.9885e+01     4.042811e-08
  1.9928e+01     3.993263e-08
  1.9971e+01     3.944322e-08
  2.0014e+01     3.895980e-08
  2.0057e+01     3.848232e-08
  2.0100e+01     3.801068e-08
  2.0142e+01     3.754482e-08
  2.0185e+01     3.708467e-08
  2.0228e+01     3.663017e-08
  2.0271e+01     3.618123e-08
  2.0314e+01     3.573779e-08
  2.0357e+01     3.529979e-08
  2.0400e+01     3.486716e-08
  2.0442e+01     3.443983e-08
  2.0485e+01     3.401774e-08
  2.0528e+01     3.360082e-08
  2.0571e+01     3.318901e-08
  2.0614e+01     3.278225e-08
  2.0657e+01     3.238047e-08
  2.0700e+01     3.198362e-08
  2.0742e+01     3.159163e-08
  2.0785e+01     3.120444e-08
  2.0828e+01     3.082200e-08
  2.0871e+01     3.044425e-08
  2.0914e+01     3.007113e-08
  2.0957e+01     2.970258e-08
  2.1000e+01     2.933854e-08
  2.1042e+01     2.897897e-08
  2.1085e+01     2.862381e-08
  2.1128e+01     2.827300e-08
  2.1171e+01     2.792648e-08
  2.1214e+01     2.758422e-08
  2.1257e+01     2.724615e-08
  2.1300e+01     2.691222e-08
  2.1342e+01     2.658239e-08
  2.1385e+01     2.625659e-08
  2.1428e+01     2.593479e-08
  2.1471e+01     2.561694e-08
  2.1514e+01     2.530298e-08
  2.1557e+01     2.499287e-08
  2.1600e+01     2.468656e-08
  2.1642e+01     2.438400e-08
  2.1685e+01     2.408515e-08
  2.1728e+01     2.378996e-08
  2.1771e+01     2.349840e-08
  2.1814e+01     2.321040e-08
  2.1857e+01     2.292594e-08
  2.1900e+01     2.264496e-08
  2.1942e+01     2.236742e-08
  2.1985e+01     2.209329e-08
  2.2028e+01     2.182251e-08
  2.2071e+01     2.155506e-08
  2.2114e+01     2.129088e-08
  2.2157e+01     2.102994e-08
  2.2200e+01     2.077220e-08
  2.2242e+01     2.051762e-08
  2.2285e+01     2.026615e-08
  2.2328e+01     2.001777e-08
  2.2371e+01     1.977244e-08
  2.2414e+01     1.953011e-08
  2.2457e+01     1.929075e-08
  2.2500e+01     1.905432e-08
  2.2542e+01     1.882079e-08
  2.2585e+01     1.859012e-08
  2.2628e+01     1.836228e-08
  2.2671e+01     1.813724e-08
  2.2714e+01     1.791495e-08
  2.2757e+01     1.769538e-08
  2.2800e+01     1.747851e-08
  2.2842e+01     1.726429e-08
  2.2885e+01     1.705270e-08
  2.2928e+01     1.684371e-08
  2.2971e+01     1.663727e-08
  2.3014e+01     1.643337e-08
  2.3057e+01     1.623196e-08
  2.3100e+01     1.603302e-08
  2.3142e+01     1.583652e-08
  2.3185e+01     1.564243e-08
  2.3228e+01     1.545072e-08
  2.3271e+01     1.526135e-08
  2.3314e+01     1.507431e-08
  2.3357e+01     1.488956e-08
  2.3400e+01     1.470708e-08
  2.3442e+01     1.452683e-08
  2.3485e+01     1.434879e-08
  2.3528e+01     1.417293e-08
  2.3571e+01     1.399923e-08
  2.3614e+01     1.382765e-08
  2.3657e+01     1.365818e-08
  2.3700e+01     1.349079e-08
  2.3742e+01     1.332545e-08
  2.3785e+01     1.316213e-08
  2.3828e+01     1.300082e-08
  2.3871e+01     1.284148e-08
  2.3914e+01     1.268409e-08
  2.3957e+01     1.252864e-08
  2.4000e+01     1.237509e-08
  2.4042e+01     1.222342e-08
  2.4085e+01     1.207361e-08
  2.4128e+01     1.192564e-08
  2.4171e+01     1.177948e-08
  2.4214e+01     1.163511e-08
  2.4257e+01     1.149251e-08
  2.4300e+01     1.135166e-08
  2.4342e+01     1.121253e-08
  2.4385e+01     1.107511e-08
  2.4428e+01     1.093938e-08
  2.4471e+01     1.080530e-08
  2.4514e+01     1.067287e-08
  2.4557e+01     1.054207e-08
  2.4600e+01     1.041286e-08
  2.4642e+01     1.028525e-08
  2.4685e+01     1.015919e-08
  2.4728e+01     1.003468e-08
  2.4771e+01     9.911695e-09
  2.4814e+01     9.790218e-09
  2.4857e+01     9.670229e-09
  2.4900e+01     9.551712e-09
  2.4942e+01     9.434646e-09
  2.4985e+01     9.319016e-09
  2.5028e+01     9.204802e-09
  2.5071e+01     9.091989e-09
  2.5114e+01     8.980558e-09
  2.5157e+01     8.870493e-09
  2.5200e+01     8.761776e-09
  2.5242e+01     8.654393e-09
  2.5285e+01     8.548325e-09
  2.5328e+01     8.443557e-09
  2.5371e+01     8.340073e-09
  2.5414e+01     8.237858e-09
  2.5457e+01     8.136895e-09
  2.5500e+01     8.037170e-09
  2.5542e+01     7.938667e-09
  2.5585e+01     7.841371e-09
  2.5628e+01     7.745267e-09
  2.5671e+01     7.650342e-09
  2.5714e+01     7.556579e-09
  2.5757e+01     7.463966e-09
  2.5800e+01     7.372488e-09
  2.5842e+01     7.282132e-09
  2.5885e+01     7.192882e-09
  2.5928e+01     7.104727e-09
  2.5971e+01     7.017651e-09
  2.6014e+01     6.931644e-09
  2.6057e+01     6.846690e-09
  2.6100e+01     6.762777e-09
  2.6142e+01     6.679893e-09
  2.6185e+01     6.598024e-09
  2.6228e+01     6.517159e-09
  2.6271e+01     6.437285e-09
  2.6314e+01     6.358390e-09
  2.6357e+01     6.280462e-09
  2.6400e+01     6.203489e-09
  2.6442e+01     6.127460e-09
  2.6485e+01     6.052362e-09
  2.6528e+01     5.978184e-09
  2.6571e+01     5.904916e-09
  2.6614e+01     5.832546e-09
  2.6657e+01     5.761062e-09
  2.6700e+01     5.690455e-09
  2.6742e+01     5.620713e-09
  2.6785e+01     5.551826e-09
  2.6828e+01     5.483783e-09
  2.6871e+01     5.416574e-09
  2.6914e+01     5.350189e-09
  2.6957e+01     5.284617e-09
  2.7000e+01     5.219849e-09
  2.7042e+01     5.155875e-09
  2.7085e+01     5.092685e-09
  2.7128e+01     5.030269e-09
  2.7171e+01     4.968619e-09
  2.7214e+01     4.907723e-09
  2.7257e+01     4.847575e-09
  2.7300e+01     4.788163e-09
  2.7342e+01     4.729480e-09
  2.7385e+01     4.671515e-09
  2.7428e+01     4.614261e-09
  2.7471e+01     4.557709e-09
  2.7514e+01     4.501850e-09
  2.7557e+01     4.446676e-09
  2.7600e+01     4.392178e-09
  2.7642e+01     4.338347e-09
  2.7685e+01     4.285177e-09
  2.7728e+01     4.232658e-09
  2.7771e+01     4.180783e-09
  2.7814e+01     4.129543e-09
  2.7857e+01     4.078932e-09
  2.7900e+01     4.028941e-09
  2.7942e+01     3.979562e-09
  2.7985e+01     3.930789e-09
  2.8028e+01     3.882613e-09
  2.8071e+01     3.835028e-09
  2.8114e+01     3.788026e-09
  2.8157e+01     3.741600e-09
  2.8200e+01     3.695743e-09
  2.8242e+01     3.650449e-09
  2.8285e+01     3.605709e-09
  2.8328e+01     3.561518e-09
  2.8371e+01     3.517868e-09
  2.8414e+01     3.474753e-09
  2.8457e+01     3.432167e-09
  2.8500e+01     3.390102e-09
  2.8542e+01     3.348553e-09
  2.8585e+01     3.307514e-09
  2.8628e+01     3.266977e-09
  2.8671e+01     3.226937e-09
  2.8714e+01     3.187388e-09
  2.8757e+01     3.148323e-09
  2.8800e+01     3.109738e-09
  2.8842e+01     3.071625e-09
  2.8885e+01     3.033979e-09
  2.8928e+01     2.996795e-09
  2.8971e+01     2.960066e-09
  2.9014e+01     2.923788e-09
  2.9057e+01     2.887954e-09
  2.9100e+01     2.852559e-09
  2.9142e+01     2.817599e-09
  2.9185e+01     2.783066e-09
  2.9228e+01     2.748957e-09
  2.9271e+01     2.715266e-09
  2.9314e+01     2.681988e-09
  2.9357e+01     2.649118e-09
  2.9400e+01     2.616650e-09
  2.9442e+01     2.584581e-09
  2.9485e+01     2.552904e-09
  2.9528e+01     2.521616e-09
  2.9571e+01     2.490711e-09
  2.9614e+01     2.460185e-09
  2.9657e+01     2.430033e-09
  2.9700e+01     2.400251e-09
  2.9742e+01     2.370834e-09
  2.9785e+01     2.341777e-09
  2.9828e+01     2.313076e-09
  2.9871e+01     2.284727e-09
  2.9914e+01     2.256726e-09
  2.9957e+01     2.229067e-09
  3.0000e+01     2.201748e-09
  3.0042e+01     2.174763e-09
  3.0085e+01     2.148110e-09
  3.0128e+01     2.121783e-09
  3.0171e+01     2.095778e-09
  3.0214e+01     2.070092e-09
  3.0257e+01     2.044721e-09
  3.0300e+01     2.019661e-09
  3.0342e+01     1.994909e-09
  3.0385e+01     1.970459e-09
  3.0428e+01     1.946309e-09
  3.0471e+01     1.922455e-09
  3.0514e+01     1.898894e-09
  3.0557e+01     1.875621e-09
  3.0600e+01     1.852634e-09
  3.0642e+01     1.829928e-09
  3.0685e+01     1.807500e-09
  3.0728e+01     1.785348e-09
  3.0771e+01     1.763467e-09
  3.0814e+01     1.741854e-09
  3.0857e+01     1.720506e-09
  3.0900e+01     1.699419e-09
  3.0942e+01     1.678591e-09
  3.0985e+01     1.658018e-09
  3.1028e+01     1.637698e-09
  3.1071e+01     1.617626e-09
  3.1114e+01     1.597801e-09
  3.1157e+01     1.578218e-09
  3.1200e+01     1.558876e-09
  3.1242e+01     1.539770e-09
  3.1285e+01     1.520899e-09
  3.1328e+01     1.502259e-09
  3.1371e+01     1.483847e-09
  3.1414e+01     1.465661e-09
  3.1457e+01     1.447698e-09
  3.1500e+01     1.429955e-09
  3.1542e+01     1.412430e-09
  3.1585e+01     1.395119e-09
  3.1628e+01     1.378021e-09
  3.1671e+01     1.361132e-09
  3.1714e+01     1.344450e-09
  3.1757e+01     1.327972e-09
  3.1800e+01     1.311697e-09
  3.1842e+01     1.295620e-09
  3.1885e+01     1.279741e-09
  3.1928e+01     1.264057e-09
  3.1971e+01     1.248565e-09
  3.2014e+01     1.233262e-09
  3.2057e+01     1.218148e-09
  3.2100e+01     1.203218e-09
  3.2142e+01     1.188471e-09
  3.2185e+01     1.173906e-09
  3.2228e+01     1.159518e-09
  3.2271e+01     1.145307e-09
  3.2314e+01     1.131270e-09
  3.2357e+01     1.117406e-09
  3.2400e+01     1.103711e-09
  3.2442e+01     1.090184e-09
  3.2485e+01     1.076823e-09
  3.2528e+01     1.063625e-09
  3.2571e+01     1.050589e-09
  3.2614e+01     1.037713e-09
  3.2657e+01     1.024995e-09
  3.2700e+01     1.012433e-09
  3.2742e+01     1.000025e-09
  3.2785e+01     9.877684e-10
  3.2828e+01     9.756623e-10
  3.2871e+01     9.637047e-10
  3.2914e+01     9.518935e-10
  3.2957e+01     9.402272e-10
  3.3000e+01     9.287038e-10
  3.3042e+01     9.173217e-10
  3.3085e+01     9.060790e-10
  3.3128e+01     8.949742e-10
  3.3171e+01     8.840054e-10
  3.3214e+01     8.731711e-10
  3.3257e+01     8.624695e-10
  3.3300e+01     8.518992e-10
  3.3342e+01     8.414583e-10
  3.3385e+01     8.311455e-10
  3.3428e+01     8.209590e-10
  3.3471e+01     8.108974e-10
  3.3514e+01     8.009590e-10
  3.3557e+01     7.911425e-10
  3.3600e+01     7.814463e-10
  3.3642e+01     7.718690e-10
  3.3685e+01     7.624090e-10
  3.3728e+01     7.530649e-10
  3.3771e+01     7.438354e-10
  3.3814e+01     7.347190e-10
  3.3857e+01     7.257143e-10
  3.3900e+01     7.168200e-10
  3.3942e+01     7.080347e-10
  3.3985e+01     6.993571e-10
  3.4028e+01     6.907858e-10
  3.4071e+01     6.823195e-10
  3.4114e+01     6.739571e-10
  3.4157e+01     6.656971e-10
  3.4200e+01     6.575383e-10
  3.4242e+01     6.494796e-10
  3.4285e+01     6.415196e-10
  3.4328e+01     6.336572e-10
  3.4371e+01     6.258911e-10
  3.4414e+01     6.182202e-10
  3.4457e+01     6.106433e-10
  3.4500e+01     6.031593e-10
  3.4542e+01     5.957670e-10
  3.4585e+01     5.884653e-10
  3.4628e+01     5.812531e-10
  3.4671e+01     5.741293e-10
  3.4714e+01     5.670928e-10
  3.4757e+01     5.601426e-10
  3.4800e+01     5.532775e-10
  3.4842e+01     5.464965e-10
  3.4885e+01     5.397987e-10
  3.4928e+01     5.331830e-10
  3.4971e+01     5.266483e-10
  3.5014e+01     5.201937e-10
  3.5057e+01     5.138183e-10
  3.5100e+01     5.075209e-10
  3.5142e+01     5.013008e-10
  3.5185e+01     4.951569e-10
  3.5228e+01     4.890883e-10
  3.5271e+01     4.830940e-10
  3.5314e+01     4.771732e-10
  3.5357e+01     4.713250e-10
  3.5400e+01     4.655485e-10
  3.5442e+01     4.598428e-10
  3.5485e+01     4.542069e-10
  3.5528e+01     4.486402e-10
  3.5571e+01     4.431417e-10
  3.5614e+01     4.377106e-10
  3.5657e+01     4.323460e-10
  3.5700e+01     4.270472e-10
  3.5742e+01     4.218133e-10
  3.5785e+01     4.166436e-10
  3.5828e+01     4.115373e-10
  3.5871e+01     4.064935e-10
  3.5914e+01     4.015115e-10
  3.5957e+01     3.965906e-10
  3.6000e+01     3.917300e-10
  3.6042e+01     3.869290e-10
  3.6085e+01     3.821868e-10
  3.6128e+01     3.775027e-10
  3.6171e+01     3.728761e-10
  3.6214e+01     3.683061e-10
  3.6257e+01     3.637922e-10
  3.6300e+01     3.593336e-10
  3.6342e+01     3.549296e-10
  3.6385e+01     3.505796e-10
  3.6428e+01     3.462829e-10
  3.6471e+01     3.420389e-10
  3.6514e+01     3.378469e-10
  3.6557e+01     3.337063e-10
  3.6600e+01     3.296164e-10
  3.6642e+01     3.255766e-10
  3.6685e+01     3.215864e-10
  3.6728e+01     3.176450e-10
  3.6771e+01     3.137520e-10
  3.6814e+01     3.099066e-10
  3.6857e+01     3.061084e-10
  3.6900e+01     3.023568e-10
  3.6942e+01     2.986511e-10
  3.6985e+01     2.949909e-10
  3.7028e+01     2.913755e-10
  3.7071e+01     2.878044e-10
  3.7114e+01     2.842771e-10
  3.7157e+01     2.807930e-10
  3.7200e+01     2.773516e-10
  3.7242e+01     2.739524e-10
  3.7285e+01     2.705949e-10
  3.7328e+01     2.672785e-10
  3.7371e+01     2.640027e-10
  3.7414e+01     2.607671e-10
  3.7457e+01     2.575712e-10
  3.7500e+01     2.544144e-10
  3.7542e+01     2.512963e-10
  3.7585e+01     2.482164e-10
  3.7628e+01     2.451743e-10
  3.7671e+01     2.421694e-10
  3.7714e+01     2.392014e-10
  3.7757e+01     2.362698e-10
  3.7800e+01     2.333741e-10
  3.7842e+01     2.305139e-10
  3.7885e+01     2.276887e-10
  3.7928e+01     2.248982e-10
  3.7971e+01     2.221418e-10
  3.8014e+01     2.194193e-10
  3.8057e+01     2.167301e-10
  3.8100e+01     2.140738e-10
  3.8142e+01     2.114502e-10
  3.8185e+01     2.088586e-10
  3.8228e+01     2.062989e-10
  3.8271e+01     2.037705e-10
  3.8314e+01     2.012731e-10
  3.8357e+01     1.988063e-10
  3.8400e+01     1.963697e-10
  3.8442e+01     1.939630e-10
  3.8485e+01     1.915858e-10
  3.8528e+01     1.892378e-10
  3.8571e+01     1.869185e-10
  3.8614e+01     1.846276e-10
  3.8657e+01     1.823648e-10
  3.8700e+01     1.801298e-10
  3.8742e+01     1.779221e-10
  3.8785e+01     1.757415e-10
  3.8828e+01     1.735876e-10
  3.8871e+01     1.714602e-10
  3.8914e+01     1.693587e-10
  3.8957e+01     1.672831e-10
  3.9000e+01     1.652329e-10
  3.9042e+01     1.632078e-10
  3.9085e+01     1.612075e-10
  3.9128e+01     1.592318e-10
  3.9171e+01     1.572802e-10
  3.9214e+01     1.553526e-10
  3.9257e+01     1.534486e-10
  3.9300e+01     1.515680e-10
  3.9342e+01     1.497104e-10
  3.9385e+01     1.478755e-10
  3.9428e+01     1.460632e-10
  3.9471e+01     1.442730e-10
  3.9514e+01     1.425048e-10
  3.9557e+01     1.407583e-10
  3.9600e+01     1.390332e-10
  3.9642e+01     1.373292e-10
  3.9685e+01     1.356461e-10
  3.9728e+01     1.339836e-10
  3.9771e+01     1.323415e-10
  3.9814e+01     1.307195e-10
  3.9857e+01     1.291174e-10
  3.9900e+01     1.275350e-10
  3.9942e+01     1.259719e-10
  3.9985e+01     1.244280e-10
  4.0028e+01     1.229030e-10
  4.0071e+01     1.213967e-10
  4.0114e+01     1.199089e-10
  4.0157e+01     1.184393e-10
  4.0200e+01     1.169877e-10
  4.0242e+01     1.155539e-10
  4.0285e+01     1.141377e-10
  4.0328e+01     1.127388e-10
  4.0371e+01     1.113571e-10
  4.0414e+01     1.099923e-10
  4.0457e+01     1.086443e-10
  4.0500e+01     1.073127e-10
  4.0542e+01     1.059975e-10
  4.0585e+01     1.046984e-10
  4.0628e+01     1.034152e-10
  4.0671e+01     1.021478e-10
  4.0714e+01     1.008959e-10
  4.0757e+01     9.965930e-11
  4.0800e+01     9.843788e-11
  4.0842e+01     9.723143e-11
  4.0885e+01     9.603976e-11
  4.0928e+01     9.486271e-11
  4.0971e+01     9.370007e-11
  4.1014e+01     9.255169e-11
  4.1057e+01     9.141738e-11
  4.1100e+01     9.029698e-11
  4.1142e+01     8.919030e-11
  4.1185e+01     8.809719e-11
  4.1228e+01     8.701747e-11
  4.1271e+01     8.595099e-11
  4.1314e+01     8.489758e-11
  4.1357e+01     8.385708e-11
  4.1400e+01     8.282933e-11
  4.1442e+01     8.181418e-11
  4.1485e+01     8.081147e-11
  4.1528e+01     7.982105e-11
  4.1571e+01     7.884277e-11
  4.1614e+01     7.787647e-11
  4.1657e+01     7.692202e-11
  4.1700e+01     7.597927e-11
  4.1742e+01     7.504807e-11
  4.1785e+01     7.412829e-11
  4.1828e+01     7.321978e-11
  4.1871e+01     7.232240e-11
  4.1914e+01     7.143602e-11
  4.1957e+01     7.056050e-11
  4.2000e+01     6.969572e-11
  4.2042e+01     6.884153e-11
  4.2085e+01     6.799781e-11
  4.2128e+01     6.716443e-11
  4.2171e+01     6.634127e-11
  4.2214e+01     6.552819e-11
  4.2257e+01     6.472508e-11
  4.2300e+01     6.393182e-11
  4.2342e+01     6.314827e-11
  4.2385e+01     6.237433e-11
  4.2428e+01     6.160987e-11
  4.2471e+01     6.085479e-11
  4.2514e+01     6.010895e-11
  4.2557e+01     5.937226e-11
  4.2600e+01     5.864460e-11
  4.2642e+01     5.792585e-11
  4.2685e+01     5.721592e-11
  4.2728e+01     5.651468e-11
  4.2771e+01     5.582204e-11
  4.2814e+01     5.513789e-11
  4.2857e+01     5.446212e-11
  4.2900e+01     5.379464e-11
  4.2942e+01     5.313533e-11
  4.2985e+01     5.248411e-11
  4.3028e+01     5.184087e-11
  4.3071e+01     5.120551e-11
  4.3114e+01     5.057793e-11
  4.3157e+01     4.995805e-11
  4.3200e+01     4.934577e-11
  4.3242e+01     4.874099e-11
  4.3285e+01     4.814362e-11
  4.3328e+01     4.755358e-11
  4.3371e+01     4.697076e-11
  4.3414e+01     4.639509e-11
  4.3457e+01     4.582648e-11
  4.3500e+01     4.526483e-11
  4.3542e+01     4.471007e-11
  4.3585e+01     4.416210e-11
  4.3628e+01     4.362085e-11
  4.3671e+01     4.308624e-11
  4.3714e+01     4.255818e-11
  4.3757e+01     4.203659e-11
  4.3800e+01     4.152139e-11
  4.3842e+01     4.101250e-11
  4.3885e+01     4.050986e-11
  4.3928e+01     4.001337e-11
  4.3971e+01     3.952297e-11
  4.4014e+01     3.903858e-11
  4.4057e+01     3.856012e-11
  4.4100e+01     3.808753e-11
  4.4142e+01     3.762073e-11
  4.4185e+01     3.715965e-11
  4.4228e+01     3.670423e-11
  4.4271e+01     3.625438e-11
  4.4314e+01     3.581005e-11
  4.4357e+01     3.537116e-11
  4.4400e+01     3.493766e-11
  4.4442e+01     3.450946e-11
  4.4485e+01     3.408652e-11
  4.4528e+01     3.366875e-11
  4.4571e+01     3.325611e-11
  4.4614e+01     3.284853e-11
  4.4657e+01     3.244594e-11
  4.4700e+01     3.204828e-11
  4.4742e+01     3.165550e-11
  4.4785e+01     3.126753e-11
  4.4828e+01     3.088432e-11
  4.4871e+01     3.050580e-11
  4.4914e+01     3.013192e-11
  4.4957e+01     2.976263e-11
  4.5000e+01     2.939786e-11
  4.5042e+01     2.903756e-11
  4.5085e+01     2.868168e-11
  4.5128e+01     2.833016e-11
  4.5171e+01     2.798294e-11
  4.5214e+01     2.763999e-11
  4.5257e+01     2.730123e-11
  4.5300e+01     2.696663e-11
  4.5342e+01     2.663613e-11
  4.5385e+01     2.630968e-11
  4.5428e+01     2.598723e-11
  4.5471e+01     2.566873e-11
  4.5514e+01     2.535413e-11
  4.5557e+01     2.504340e-11
  4.5600e+01     2.473646e-11
  4.5642e+01     2.443330e-11
  4.5685e+01     2.413384e-11
  4.5728e+01     2.383806e-11
  4.5771e+01     2.354590e-11
  4.5814e+01     2.325732e-11
  4.5857e+01     2.297228e-11
  4.5900e+01     2.269074e-11
  4.5942e+01     2.241264e-11
  4.5985e+01     2.213795e-11
  4.6028e+01     2.186663e-11
  4.6071e+01     2.159863e-11
  4.6114e+01     2.133392e-11
  4.6157e+01     2.107245e-11
  4.6200e+01     2.081419e-11
  4.6242e+01     2.055909e-11
  4.6285e+01     2.030712e-11
  4.6328e+01     2.005824e-11
  4.6371e+01     1.981241e-11
  4.6414e+01     1.956959e-11
  4.6457e+01     1.932974e-11
  4.6500e+01     1.909284e-11
  4.6542e+01     1.885884e-11
  4.6585e+01     1.862771e-11
  4.6628e+01     1.839941e-11
  4.6671e+01     1.817390e-11
  4.6714e+01     1.795116e-11
  4.6757e+01     1.773116e-11
  4.6800e+01     1.751384e-11
  4.6842e+01     1.729920e-11
  4.6885e+01     1.708718e-11
  4.6928e+01     1.687776e-11
  4.6971e+01     1.667090e-11
  4.7014e+01     1.646659e-11
  4.7057e+01     1.626477e-11
  4.7100e+01     1.606543e-11
  4.7142e+01     1.586854e-11
  4.7185e+01     1.567405e-11
  4.7228e+01     1.548195e-11
  4.7271e+01     1.529221e-11
  4.7314e+01     1.510479e-11
  4.7357e+01     1.491966e-11
  4.7400e+01     1.473681e-11
  4.7442e+01     1.455619e-11
  4.7485e+01     1.437779e-11
  4.7528e+01     1.420158e-11
  4.7571e+01     1.402753e-11
  4.7614e+01     1.385561e-11
  4.7657e+01     1.368579e-11
  4.7700e+01     1.351806e-11
  4.7742e+01     1.335238e-11
  4.7785e+01     1.318874e-11
  4.7828e+01     1.302710e-11
  4.7871e+01     1.286744e-11
  4.7914e+01     1.270973e-11
  4.7957e+01     1.255396e-11
  4.8000e+01     1.240010e-11
  4.8042e+01     1.224813e-11
  4.8085e+01     1.209802e-11
  4.8128e+01     1.194974e-11
  4.8171e+01     1.180329e-11
  4.8214e+01     1.165863e-11
  4.8257e+01     1.151574e-11
  4.8300e+01     1.137460e-11
  4.8342e+01     1.123520e-11
  4.8385e+01     1.109750e-11
  4.8428e+01     1.096149e-11
  4.8471e+01     1.082715e-11
  4.8514e+01     1.069445e-11
  4.8557e+01     1.056338e-11
  4.8600e+01     1.043391e-11
  4.8642e+01     1.030604e-11
  4.8685e+01     1.017973e-11
  4.8728e+01     1.005496e-11
  4.8771e+01     9.931731e-12
  4.8814e+01     9.810008e-12
  4.8857e+01     9.689777e-12
  4.8900e+01     9.571020e-12
  4.8942e+01     9.453718e-12
  4.8985e+01     9.337853e-12
  4.9028e+01     9.223409e-12
  4.9071e+01     9.110368e-12
  4.9114e+01     8.998711e-12
  4.9157e+01     8.888424e-12
  4.9200e+01     8.779488e-12
  4.9242e+01     8.671887e-12
  4.9285e+01     8.565604e-12
  4.9328e+01     8.460625e-12
  4.9371e+01     8.356932e-12
  4.9414e+01     8.254510e-12
  4.9457e+01     8.153343e-12
  4.9500e+01     8.053416e-12
  4.9542e+01     7.954714e-12
  4.9585e+01     7.857221e-12
  4.9628e+01     7.760923e-12
  4.9671e+01     7.665806e-12
  4.9714e+01     7.571854e-12
  4.9757e+01     7.479054e-12
  4.9800e+01     7.387391e-12
  4.9842e+01     7.296852e-12
  4.9885e+01     7.207422e-12
  4.9928e+01     7.119088e-12
  4.9971e+01     7.031837e-12
  5.0014e+01     6.945655e-12
  5.0057e+01     6.860529e-12
  5.0100e+01     6.776447e-12
  5.0142e+01     6.693395e-12
  5.0185e+01     6.611361e-12
  5.0228e+01     6.530333e-12
  5.0271e+01     6.450298e-12
  5.0314e+01     6.371243e-12
  5.0357e+01     6.293157e-12
  5.0400e+01     6.216029e-12
  5.0442e+01     6.139845e-12
  5.0485e+01     6.064596e-12
  5.0528e+01     5.990268e-12
  5.0571e+01     5.916852e-12
  5.0614e+01     5.844335e-12
  5.0657e+01     5.772708e-12
  5.0700e+01     5.701958e-12
  5.0742e+01     5.632075e-12
  5.0785e+01     5.563048e-12
  5.0828e+01     5.494868e-12
  5.0871e+01     5.427523e-12
  5.0914e+01     5.361004e-12
  5.0957e+01     5.295299e-12
  5.1000e+01     5.230400e-12
  5.1042e+01     5.166297e-12
  5.1085e+01     5.102979e-12
  5.1128e+01     5.040437e-12
  5.1171e+01     4.978662e-12
  5.1214e+01     4.917644e-12
  5.1257e+01     4.857373e-12
  5.1300e+01     4.797842e-12
  5.1342e+01     4.739039e-12
  5.1385e+01     4.680958e-12
  5.1428e+01     4.623588e-12
  5.1471e+01     4.566922e-12
  5.1514e+01     4.510950e-12
  5.1557e+01     4.455664e-12
  5.1600e+01     4.401056e-12
  5.1642e+01     4.347117e-12
  5.1685e+01     4.293839e-12
  5.1728e+01     4.241213e-12
  5.1771e+01     4.189233e-12
  5.1814e+01     4.137890e-12
  5.1857e+01     4.087177e-12
  5.1900e+01     4.037084e-12
  5.1942e+01     3.987606e-12
  5.1985e+01     3.938734e-12
  5.2028e+01     3.890461e-12
  5.2071e+01     3.842780e-12
  5.2114e+01     3.795683e-12
  5.2157e+01     3.749163e-12
  5.2200e+01     3.703214e-12
  5.2242e+01     3.657827e-12
  5.2285e+01     3.612997e-12
  5.2328e+01     3.568717e-12
  5.2371e+01     3.524979e-12
  5.2414e+01     3.481777e-12
  5.2457e+01     3.439104e-12
  5.2500e+01     3.396955e-12
  5.2542e+01     3.355322e-12
  5.2585e+01     3.314199e-12
  5.2628e+01     3.273580e-12
  5.2671e+01     3.233460e-12
  5.2714e+01     3.193831e-12
  5.2757e+01     3.154687e-12
  5.2800e+01     3.116023e-12
  5.2842e+01     3.077834e-12
  5.2885e+01     3.040112e-12
  5.2928e+01     3.002852e-12
  5.2971e+01     2.966050e-12
  5.3014e+01     2.929698e-12
  5.3057e+01     2.893792e-12
  5.3100e+01     2.858325e-12
  5.3142e+01     2.823294e-12
  5.3185e+01     2.788692e-12
  5.3228e+01     2.754514e-12
  5.3271e+01     2.720755e-12
  5.3314e+01     2.687409e-12
  5.3357e+01     2.654472e-12
  5.3400e+01     2.621939e-12
  5.3442e+01     2.589805e-12
  5.3485e+01     2.558064e-12
  5.3528e+01     2.526713e-12
  5.3571e+01     2.495746e-12
  5.3614e+01     2.465158e-12
  5.3657e+01     2.434945e-12
  5.3700e+01     2.405103e-12
  5.3742e+01     2.375626e-12
  5.3785e+01     2.346510e-12
  5.3828e+01     2.317751e-12
  5.3871e+01     2.289345e-12
  5.3914e+01     2.261287e-12
  5.3957e+01     2.233573e-12
  5.4000e+01     2.206198e-12
  5.4042e+01     2.179159e-12
  5.4085e+01     2.152452e-12
  5.4128e+01     2.126071e-12
  5.4171e+01     2.100014e-12
  5.4214e+01     2.074277e-12
  5.4257e+01     2.048854e-12
  5.4300e+01     2.023744e-12
  5.4342e+01     1.998941e-12
  5.4385e+01     1.974442e-12
  5.4428e+01     1.950243e-12
  5.4471e+01     1.926341e-12
  5.4514e+01     1.902732e-12
  5.4557e+01     1.879412e-12
  5.4600e+01     1.856378e-12
  5.4642e+01     1.833627e-12
  5.4685e+01     1.811154e-12
  5.4728e+01     1.788956e-12
  5.4771e+01     1.767031e-12
  5.4814e+01     1.745374e-12
  5.4857e+01     1.723983e-12
  5.4900e+01     1.702854e-12
  5.4942e+01     1.681984e-12
  5.4985e+01     1.661370e-12
  5.5028e+01     1.641008e-12
  5.5071e+01     1.620896e-12
  5.5114e+01     1.601030e-12
  5.5157e+01     1.581408e-12
  5.5200e+01     1.562027e-12
  5.5242e+01     1.542882e-12
  5.5285e+01     1.523973e-12
  5.5328e+01     1.505295e-12
  5.5371e+01     1.486846e-12
  5.5414e+01     1.468624e-12
  5.5457e+01     1.450624e-12
  5.5500e+01     1.432846e-12
  5.5542e+01     1.415285e-12
  5.5585e+01     1.397939e-12
  5.5628e+01     1.380806e-12
  5.5671e+01     1.363883e-12
  5.5714e+01     1.347167e-12
  5.5757e+01     1.330656e-12
  5.5800e+01     1.314348e-12
  5.5842e+01     1.298239e-12
  5.5885e+01     1.282328e-12
  5.5928e+01     1.266612e-12
  5.5971e+01     1.251088e-12
  5.6014e+01     1.235755e-12
  5.6057e+01     1.220610e-12
  5.6100e+01     1.205650e-12
  5.6142e+01     1.190874e-12
  5.6185e+01     1.176278e-12
  5.6228e+01     1.161862e-12
  5.6271e+01     1.147622e-12
  5.6314e+01     1.133557e-12
  5.6357e+01     1.119664e-12
  5.6400e+01     1.105942e-12
  5.6442e+01     1.092387e-12
  5.6485e+01     1.078999e-12
  5.6528e+01     1.065775e-12
  5.6571e+01     1.052713e-12
  5.6614e+01     1.039811e-12
  5.6657e+01     1.027067e-12
  5.6700e+01     1.014479e-12
  5.6742e+01     1.002046e-12
  5.6785e+01     9.897649e-13
  5.6828e+01     9.776344e-13
  5.6871e+01     9.656526e-13
  5.6914e+01     9.538176e-13
  5.6957e+01     9.421277e-13
  5.7000e+01     9.305810e-13
  5.7042e+01     9.191758e-13
  5.7085e+01     9.079105e-13
  5.7128e+01     8.967832e-13
  5.7171e+01     8.857922e-13
  5.7214e+01     8.749360e-13
  5.7257e+01     8.642128e-13
  5.7300e+01     8.536211e-13
  5.7342e+01     8.431592e-13
  5.7385e+01     8.328254e-13
  5.7428e+01     8.226184e-13
  5.7471e+01     8.125364e-13
  5.7514e+01     8.025780e-13
  5.7557e+01     7.927417e-13
  5.7600e+01     7.830259e-13
  5.7642e+01     7.734291e-13
  5.7685e+01     7.639500e-13
  5.7728e+01     7.545871e-13
  5.7771e+01     7.453389e-13
  5.7814e+01     7.362041e-13
  5.7857e+01     7.271812e-13
  5.7900e+01     7.182689e-13
  5.7942e+01     7.094658e-13
  5.7985e+01     7.007707e-13
  5.8028e+01     6.921820e-13
  5.8071e+01     6.836987e-13
  5.8114e+01     6.753193e-13
  5.8157e+01     6.670426e-13
  5.8200e+01     6.588674e-13
  5.8242e+01     6.507924e-13
  5.8285e+01     6.428163e-13
  5.8328e+01     6.349380e-13
  5.8371e+01     6.271562e-13
  5.8414e+01     6.194698e-13
  5.8457e+01     6.118776e-13
  5.8500e+01     6.043785e-13
  5.8542e+01     5.969712e-13
  5.8585e+01     5.896548e-13
  5.8628e+01     5.824280e-13
  5.8671e+01     5.752898e-13
  5.8714e+01     5.682391e-13
  5.8757e+01     5.612748e-13
  5.8800e+01     5.543958e-13
  5.8842e+01     5.476012e-13
  5.8885e+01     5.408898e-13
  5.8928e+01     5.342607e-13
  5.8971e+01     5.277128e-13
  5.9014e+01     5.212452e-13
  5.9057e+01     5.148568e-13
  5.9100e+01     5.085468e-13
  5.9142e+01     5.023141e-13
  5.9185e+01     4.961577e-13
  5.9228e+01     4.900768e-13
  5.9271e+01     4.840705e-13
  5.9314e+01     4.781377e-13
  5.9357e+01     4.722777e-13
  5.9400e+01     4.664895e-13
  5.9442e+01     4.607722e-13
  5.9485e+01     4.551250e-13
  5.9528e+01     4.495470e-13
  5.9571e+01     4.440374e-13
  5.9614e+01     4.385953e-13
  5.9657e+01     4.332199e-13
  5.9700e+01     4.279104e-13
  5.9742e+01     4.226659e-13
  5.9785e+01     4.174858e-13
  5.9828e+01     4.123691e-13
  5.9871e+01     4.073151e-13
  5.9914e+01     4.023231e-13
  5.9957e+01     3.973922e-13
