# Epidemic | infected persons [ x-unit: transmission cycles | y-unit: ]
  0.0000e+00     1.000000e-05
  4.2857e-02     1.053571e-05
  8.5714e-02     1.107143e-05
  1.2857e-01     1.160714e-05
  1.7143e-01     1.214286e-05
  2.1429e-01     1.267857e-05
  2.5714e-01     1.321429e-05
  3.0000e-01     1.375178e-05
  3.4286e-01     1.430366e-05
  3.8571e-01     1.487219e-05
  4.2857e-01     1.545785e-05
  4.7143e-01     1.606118e-05
  5.1429e-01     1.668269e-05
  5.5714e-01     1.732295e-05
  6.0000e-01     1.798251e-05
  6.4286e-01     1.866196e-05
  6.8571e-01     1.936189e-05
  7.2857e-01     2.008293e-05
  7.7143e-01     2.082570e-05
  8.1429e-01     2.159087e-05
  8.5714e-01     2.237912e-05
  9.0000e-01     2.319113e-05
  9.4286e-01     2.402762e-05
  9.8571e-01     2.488933e-05
  1.0285e+00     2.577702e-05
  1.0714e+00     2.669148e-05
  1.1142e+00     2.763351e-05
  1.1571e+00     2.860395e-05
  1.2000e+00     2.960364e-05
  1.2428e+00     3.063347e-05
  1.2857e+00     3.169436e-05
  1.3285e+00     3.278723e-05
  1.3714e+00     3.391305e-05
  1.4142e+00     3.507281e-05
  1.4571e+00     3.626754e-05
  1.5000e+00     3.749830e-05
  1.5428e+00     3.876616e-05
  1.5857e+00     4.007225e-05
  1.6285e+00     4.141771e-05
  1.6714e+00     4.280375e-05
  1.7142e+00     4.423157e-05
  1.7571e+00     4.570244e-05
  1.8000e+00     4.721765e-05
  1.8428e+00     4.877855e-05
  1.8857e+00     5.038651e-05
  1.9285e+00     5.204295e-05
  1.9714e+00     5.374934e-05
  2.0142e+00     5.550716e-05
  2.0571e+00     5.731799e-05
  2.1000e+00     5.918341e-05
  2.1428e+00     6.110507e-05
  2.1857e+00     6.308467e-05
  2.2285e+00     6.512396e-05
  2.2714e+00     6.722472e-05
  2.3142e+00     6.938882e-05
  2.3571e+00     7.161817e-05
  2.4000e+00     7.391473e-05
  2.4428e+00     7.628052e-05
  2.4857e+00     7.871764e-05
  2.5285e+00     8.122824e-05
  2.5714e+00     8.381453e-05
  2.6142e+00     8.647879e-05
  2.6571e+00     8.922337e-05
  2.7000e+00     9.205069e-05
  2.7428e+00     9.496326e-05
  2.7857e+00     9.796363e-05
  2.8285e+00     1.010545e-04
  2.8714e+00     1.042385e-04
  2.9142e+00     1.075185e-04
  2.9571e+00     1.108973e-04
  3.0000e+00     1.143781e-04
  3.0428e+00     1.179637e-04
  3.0857e+00     1.216575e-04
  3.1285e+00     1.254626e-04
  3.1714e+00     1.293825e-04
  3.2142e+00     1.334205e-04
  3.2571e+00     1.375802e-04
  3.3000e+00     1.418653e-04
  3.3428e+00     1.462797e-04
  3.3857e+00     1.508270e-04
  3.4285e+00     1.555115e-04
  3.4714e+00     1.603372e-04
  3.5142e+00     1.653083e-04
  3.5571e+00     1.704293e-04
  3.6000e+00     1.757047e-04
  3.6428e+00     1.811391e-04
  3.6857e+00     1.867373e-04
  3.7285e+00     1.925042e-04
  3.7714e+00     1.984450e-04
  3.8142e+00     2.045649e-04
  3.8571e+00     2.108692e-04
  3.9000e+00     2.173636e-04
  3.9428e+00     2.240537e-04
  3.9857e+00     2.309455e-04
  4.0285e+00     2.380450e-04
  4.0714e+00     2.453585e-04
  4.1142e+00     2.528924e-04
  4.1571e+00     2.606535e-04
  4.2000e+00     2.686484e-04
  4.2428e+00     2.768843e-04
  4.2857e+00     2.853684e-04
  4.3285e+00     2.941082e-04
  4.3714e+00     3.031115e-04
  4.4142e+00     3.123861e-04
  4.4571e+00     3.219402e-04
  4.5000e+00     3.317822e-04
  4.5428e+00     3.419209e-04
  4.5857e+00     3.523651e-04
  4.6285e+00     3.631240e-04
  4.6714e+00     3.742072e-04
  4.7142e+00     3.856244e-04
  4.7571e+00     3.973856e-04
  4.8000e+00     4.095013e-04
  4.8428e+00     4.219820e-04
  4.8857e+00     4.348389e-04
  4.9285e+00     4.480831e-04
  4.9714e+00     4.617264e-04
  5.0142e+00     4.757809e-04
  5.0571e+00     4.902588e-04
  5.1000e+00     5.051729e-04
  5.1428e+00     5.205363e-04
  5.1857e+00     5.363627e-04
  5.2285e+00     5.526659e-04
  5.2714e+00     5.694602e-04
  5.3142e+00     5.867605e-04
  5.3571e+00     6.045820e-04
  5.4000e+00     6.229404e-04
  5.4428e+00     6.418518e-04
  5.4857e+00     6.613329e-04
  5.5285e+00     6.814008e-04
  5.5714e+00     7.020732e-04
  5.6142e+00     7.233683e-04
  5.6571e+00     7.453047e-04
  5.7000e+00     7.679019e-04
  5.7428e+00     7.911797e-04
  5.7857e+00     8.151585e-04
  5.8285e+00     8.398595e-04
  5.8714e+00     8.653043e-04
  5.9142e+00     8.915154e-04
  5.9571e+00     9.185157e-04
  6.0000e+00     9.463291e-04
  6.0428e+00     9.749799e-04
  6.0857e+00     1.004493e-03
  6.1285e+00     1.034895e-03
  6.1714e+00     1.066213e-03
  6.2142e+00     1.098473e-03
  6.2571e+00     1.131704e-03
  6.3000e+00     1.165936e-03
  6.3428e+00     1.201198e-03
  6.3857e+00     1.237521e-03
  6.4285e+00     1.274938e-03
  6.4714e+00     1.313480e-03
  6.5142e+00     1.353183e-03
  6.5571e+00     1.394080e-03
  6.6000e+00     1.436208e-03
  6.6428e+00     1.479604e-03
  6.6857e+00     1.524305e-03
  6.7285e+00     1.570351e-03
  6.7714e+00     1.617782e-03
  6.8142e+00     1.666640e-03
  6.8571e+00     1.716967e-03
  6.9000e+00     1.768808e-03
  6.9428e+00     1.822208e-03
  6.9857e+00     1.877214e-03
  7.0285e+00     1.933874e-03
  7.0714e+00     1.992237e-03
  7.1142e+00     2.052355e-03
  7.1571e+00     2.114281e-03
  7.2000e+00     2.178067e-03
  7.2428e+00     2.243771e-03
  7.2857e+00     2.311450e-03
  7.3285e+00     2.381162e-03
  7.3714e+00     2.452969e-03
  7.4142e+00     2.526933e-03
  7.4571e+00     2.603119e-03
  7.5000e+00     2.681593e-03
  7.5428e+00     2.762424e-03
  7.5857e+00     2.845683e-03
  7.6285e+00     2.931441e-03
  7.6714e+00     3.019775e-03
  7.7142e+00     3.110759e-03
  7.7571e+00     3.204475e-03
  7.8000e+00     3.301003e-03
  7.8428e+00     3.400428e-03
  7.8857e+00     3.502835e-03
  7.9285e+00     3.608314e-03
  7.9714e+00     3.716957e-03
  8.0142e+00     3.828858e-03
  8.0571e+00     3.944114e-03
  8.1000e+00     4.062825e-03
  8.1428e+00     4.185094e-03
  8.1857e+00     4.311027e-03
  8.2285e+00     4.440733e-03
  8.2714e+00     4.574324e-03
  8.3142e+00     4.711917e-03
  8.3571e+00     4.853629e-03
  8.4000e+00     4.999584e-03
  8.4428e+00     5.149908e-03
  8.4857e+00     5.304729e-03
  8.5285e+00     5.464183e-03
  8.5714e+00     5.628406e-03
  8.6142e+00     5.797539e-03
  8.6571e+00     5.971729e-03
  8.7000e+00     6.151125e-03
  8.7428e+00     6.335881e-03
  8.7857e+00     6.526156e-03
  8.8285e+00     6.722114e-03
  8.8714e+00     6.923921e-03
  8.9142e+00     7.131751e-03
  8.9571e+00     7.345783e-03
  9.0000e+00     7.566198e-03
  9.0428e+00     7.793185e-03
  9.0857e+00     8.026937e-03
  9.1285e+00     8.267655e-03
  9.1714e+00     8.515543e-03
  9.2142e+00     8.770811e-03
  9.2571e+00     9.033677e-03
  9.3000e+00     9.304363e-03
  9.3428e+00     9.583099e-03
  9.3857e+00     9.870122e-03
  9.4285e+00     1.016567e-02
  9.4714e+00     1.047000e-02
  9.5142e+00     1.078337e-02
  9.5571e+00     1.110603e-02
  9.6000e+00     1.143826e-02
  9.6428e+00     1.178034e-02
  9.6857e+00     1.213256e-02
  9.7285e+00     1.249520e-02
  9.7714e+00     1.286858e-02
  9.8142e+00     1.325301e-02
  9.8571e+00     1.364880e-02
  9.9000e+00     1.405628e-02
  9.9428e+00     1.447580e-02
  9.9857e+00     1.490769e-02
  1.0028e+01     1.535232e-02
  1.0071e+01     1.581005e-02
  1.0114e+01     1.628126e-02
  1.0157e+01     1.676634e-02
  1.0200e+01     1.726569e-02
  1.0242e+01     1.777970e-02
  1.0285e+01     1.830881e-02
  1.0328e+01     1.885344e-02
  1.0371e+01     1.941403e-02
  1.0414e+01     1.999104e-02
  1.0457e+01     2.058493e-02
  1.0500e+01     2.119619e-02
  1.0542e+01     2.182530e-02
  1.0585e+01     2.247276e-02
  1.0628e+01     2.313910e-02
  1.0671e+01     2.382484e-02
  1.0714e+01     2.453053e-02
  1.0757e+01     2.525672e-02
  1.0800e+01     2.600399e-02
  1.0842e+01     2.677292e-02
  1.0885e+01     2.756412e-02
  1.0928e+01     2.837819e-02
  1.0971e+01     2.921578e-02
  1.1014e+01     3.007752e-02
  1.1057e+01     3.096409e-02
  1.1100e+01     3.187616e-02
  1.1142e+01     3.281443e-02
  1.1185e+01     3.377960e-02
  1.1228e+01     3.477242e-02
  1.1271e+01     3.579361e-02
  1.1314e+01     3.684396e-02
  1.1357e+01     3.792424e-02
  1.1400e+01     3.903525e-02
  1.1442e+01     4.017780e-02
  1.1485e+01     4.135274e-02
  1.1528e+01     4.256092e-02
  1.1571e+01     4.380320e-02
  1.1614e+01     4.508049e-02
  1.1657e+01     4.639370e-02
  1.1700e+01     4.774374e-02
  1.1742e+01     4.913159e-02
  1.1785e+01     5.055819e-02
  1.1828e+01     5.202454e-02
  1.1871e+01     5.353165e-02
  1.1914e+01     5.508055e-02
  1.1957e+01     5.667228e-02
  1.2000e+01     5.830791e-02
  1.2042e+01     5.998852e-02
  1.2085e+01     6.171522e-02
  1.2128e+01     6.348913e-02
  1.2171e+01     6.531140e-02
  1.2214e+01     6.718319e-02
  1.2257e+01     6.910568e-02
  1.2300e+01     7.108007e-02
  1.2342e+01     7.310756e-02
  1.2385e+01     7.518941e-02
  1.2428e+01     7.732686e-02
  1.2471e+01     7.952117e-02
  1.2514e+01     8.177362e-02
  1.2557e+01     8.408553e-02
  1.2600e+01     8.645820e-02
  1.2642e+01     8.889295e-02
  1.2685e+01     9.139112e-02
  1.2728e+01     9.395407e-02
  1.2771e+01     9.658316e-02
  1.2814e+01     9.927975e-02
  1.2857e+01     1.020452e-01
  1.2900e+01     1.048810e-01
  1.2942e+01     1.077884e-01
  1.2985e+01     1.107689e-01
  1.3028e+01     1.138238e-01
  1.3071e+01     1.169546e-01
  1.3114e+01     1.201626e-01
  1.3157e+01     1.234493e-01
  1.3200e+01     1.268160e-01
  1.3242e+01     1.302641e-01
  1.3285e+01     1.337950e-01
  1.3328e+01     1.374101e-01
  1.3371e+01     1.411106e-01
  1.3414e+01     1.448979e-01
  1.3457e+01     1.487733e-01
  1.3500e+01     1.527382e-01
  1.3542e+01     1.567936e-01
  1.3585e+01     1.609409e-01
  1.3628e+01     1.651813e-01
  1.3671e+01     1.695158e-01
  1.3714e+01     1.739456e-01
  1.3757e+01     1.784718e-01
  1.3800e+01     1.830953e-01
  1.3842e+01     1.878171e-01
  1.3885e+01     1.926381e-01
  1.3928e+01     1.975591e-01
  1.3971e+01     2.025809e-01
  1.4014e+01     2.077041e-01
  1.4057e+01     2.129295e-01
  1.4100e+01     2.182574e-01
  1.4142e+01     2.236884e-01
  1.4185e+01     2.292227e-01
  1.4228e+01     2.348606e-01
  1.4271e+01     2.406023e-01
  1.4314e+01     2.464477e-01
  1.4357e+01     2.523968e-01
  1.4400e+01     2.584493e-01
  1.4442e+01     2.646050e-01
  1.4485e+01     2.708632e-01
  1.4528e+01     2.772235e-01
  1.4571e+01     2.836849e-01
  1.4614e+01     2.902467e-01
  1.4657e+01     2.969078e-01
  1.4700e+01     3.036668e-01
  1.4742e+01     3.105225e-01
  1.4785e+01     3.174733e-01
  1.4828e+01     3.245173e-01
  1.4871e+01     3.316528e-01
  1.4914e+01     3.388775e-01
  1.4957e+01     3.461893e-01
  1.5000e+01     3.535855e-01
  1.5042e+01     3.610636e-01
  1.5085e+01     3.686207e-01
  1.5128e+01     3.762538e-01
  1.5171e+01     3.839595e-01
  1.5214e+01     3.917344e-01
  1.5257e+01     3.995749e-01
  1.5300e+01     4.074772e-01
  1.5342e+01     4.154371e-01
  1.5385e+01     4.234505e-01
  1.5428e+01     4.315130e-01
  1.5471e+01     4.396199e-01
  1.5514e+01     4.477666e-01
  1.5557e+01     4.559480e-01
  1.5600e+01     4.641590e-01
  1.5642e+01     4.723945e-01
  1.5685e+01     4.806489e-01
  1.5728e+01     4.889168e-01
  1.5771e+01     4.971924e-01
  1.5814e+01     5.054700e-01
  1.5857e+01     5.137437e-01
  1.5900e+01     5.220075e-01
  1.5942e+01     5.302554e-01
  1.5985e+01     5.384812e-01
  1.6028e+01     5.466789e-01
  1.6071e+01     5.548422e-01
  1.6114e+01     5.629649e-01
  1.6157e+01     5.710409e-01
  1.6200e+01     5.790641e-01
  1.6242e+01     5.870282e-01
  1.6285e+01     5.949274e-01
  1.6328e+01     6.027556e-01
  1.6371e+01     6.105070e-01
  1.6414e+01     6.181759e-01
  1.6457e+01     6.257567e-01
  1.6500e+01     6.332439e-01
  1.6542e+01     6.406323e-01
  1.6585e+01     6.479170e-01
  1.6628e+01     6.550929e-01
  1.6671e+01     6.621555e-01
  1.6714e+01     6.691005e-01
  1.6757e+01     6.759237e-01
  1.6800e+01     6.826213e-01
  1.6842e+01     6.891897e-01
  1.6885e+01     6.956256e-01
  1.6928e+01     7.019261e-01
  1.6971e+01     7.080884e-01
  1.7014e+01     7.141102e-01
  1.7057e+01     7.199895e-01
  1.7100e+01     7.257246e-01
  1.7142e+01     7.313139e-01
  1.7185e+01     7.367564e-01
  1.7228e+01     7.420514e-01
  1.7271e+01     7.471983e-01
  1.7314e+01     7.521969e-01
  1.7357e+01     7.570474e-01
  1.7400e+01     7.617502e-01
  1.7442e+01     7.663059e-01
  1.7485e+01     7.707156e-01
  1.7528e+01     7.749803e-01
  1.7571e+01     7.791016e-01
  1.7614e+01     7.830811e-01
  1.7657e+01     7.869207e-01
  1.7700e+01     7.906225e-01
  1.7742e+01     7.941888e-01
  1.7785e+01     7.976220e-01
  1.7828e+01     8.009246e-01
  1.7871e+01     8.040994e-01
  1.7914e+01     8.071493e-01
  1.7957e+01     8.100772e-01
  1.8000e+01     8.128861e-01
  1.8042e+01     8.155791e-01
  1.8085e+01     8.181595e-01
  1.8128e+01     8.206304e-01
  1.8171e+01     8.229951e-01
  1.8214e+01     8.252569e-01
  1.8257e+01     8.274190e-01
  1.8300e+01     8.294848e-01
  1.8342e+01     8.314575e-01
  1.8385e+01     8.333404e-01
  1.8428e+01     8.351367e-01
  1.8471e+01     8.368496e-01
  1.8514e+01     8.384822e-01
  1.8557e+01     8.400377e-01
  1.8600e+01     8.415190e-01
  1.8642e+01     8.429291e-01
  1.8685e+01     8.442710e-01
  1.8728e+01     8.455474e-01
  1.8771e+01     8.467612e-01
  1.8814e+01     8.479149e-01
  1.8857e+01     8.490114e-01
  1.8900e+01     8.500529e-01
  1.8942e+01     8.510421e-01
  1.8985e+01     8.519812e-01
  1.9028e+01     8.528727e-01
  1.9071e+01     8.537185e-01
  1.9114e+01     8.545210e-01
  1.9157e+01     8.552821e-01
  1.9200e+01     8.560039e-01
  1.9242e+01     8.566881e-01
  1.9285e+01     8.573367e-01
  1.9328e+01     8.579513e-01
  1.9371e+01     8.585337e-01
  1.9414e+01     8.590854e-01
  1.9457e+01     8.596079e-01
  1.9500e+01     8.601028e-01
  1.9542e+01     8.605713e-01
  1.9585e+01     8.610150e-01
  1.9628e+01     8.614349e-01
  1.9671e+01     8.618323e-01
  1.9714e+01     8.622085e-01
  1.9757e+01     8.625644e-01
  1.9800e+01     8.629012e-01
  1.9842e+01     8.632198e-01
  1.9885e+01     8.635212e-01
  1.9928e+01     8.638062e-01
  1.9971e+01     8.640759e-01
  2.0014e+01     8.643308e-01
  2.0057e+01     8.645720e-01
  2.0100e+01     8.647999e-01
  2.0142e+01     8.650155e-01
  2.0185e+01     8.652193e-01
  2.0228e+01     8.654120e-01
  2.0271e+01     8.655941e-01
  2.0314e+01     8.657663e-01
  2.0357e+01     8.659290e-01
  2.0400e+01     8.660828e-01
  2.0442e+01     8.662281e-01
  2.0485e+01     8.663655e-01
  2.0528e+01     8.664953e-01
  2.0571e+01     8.666180e-01
  2.0614e+01     8.667339e-01
  2.0657e+01     8.668434e-01
  2.0700e+01     8.669469e-01
  2.0742e+01     8.670447e-01
  2.0785e+01     8.671371e-01
  2.0828e+01     8.672244e-01
  2.0871e+01     8.673069e-01
  2.0914e+01     8.673848e-01
  2.0957e+01     8.674584e-01
  2.1000e+01     8.675279e-01
  2.1042e+01     8.675936e-01
  2.1085e+01     8.676556e-01
  2.1128e+01     8.677142e-01
  2.1171e+01     8.677696e-01
  2.1214e+01     8.678219e-01
  2.1257e+01     8.678713e-01
  2.1300e+01     8.679180e-01
  2.1342e+01     8.679620e-01
  2.1385e+01     8.680037e-01
  2.1428e+01     8.680430e-01
  2.1471e+01     8.680801e-01
  2.1514e+01     8.681152e-01
  2.1557e+01     8.681483e-01
  2.1600e+01     8.681796e-01
  2.1642e+01     8.682092e-01
  2.1685e+01     8.682371e-01
  2.1728e+01     8.682634e-01
  2.1771e+01     8.682883e-01
  2.1814e+01     8.683118e-01
  2.1857e+01     8.683340e-01
  2.1900e+01     8.683550e-01
  2.1942e+01     8.683748e-01
  2.1985e+01     8.683935e-01
  2.2028e+01     8.684112e-01
  2.2071e+01     8.684279e-01
  2.2114e+01     8.684436e-01
  2.2157e+01     8.684585e-01
  2.2200e+01     8.684726e-01
  2.2242e+01     8.684858e-01
  2.2285e+01     8.684984e-01
  2.2328e+01     8.685102e-01
  2.2371e+01     8.685214e-01
  2.2414e+01     8.685319e-01
  2.2457e+01     8.685419e-01
  2.2500e+01     8.685513e-01
  2.2542e+01     8.685602e-01
  2.2585e+01     8.685686e-01
  2.2628e+01     8.685765e-01
  2.2671e+01     8.685840e-01
  2.2714e+01     8.685911e-01
  2.2757e+01     8.685977e-01
  2.2800e+01     8.686040e-01
  2.2842e+01     8.686100e-01
  2.2885e+01     8.686156e-01
  2.2928e+01     8.686209e-01
  2.2971e+01     8.686259e-01
  2.3014e+01     8.686307e-01
  2.3057e+01     8.686351e-01
  2.3100e+01     8.686394e-01
  2.3142e+01     8.686433e-01
  2.3185e+01     8.686471e-01
  2.3228e+01     8.686507e-01
  2.3271e+01     8.686540e-01
  2.3314e+01     8.686572e-01
  2.3357e+01     8.686602e-01
  2.3400e+01     8.686630e-01
  2.3442e+01     8.686657e-01
  2.3485e+01     8.686682e-01
  2.3528e+01     8.686706e-01
  2.3571e+01     8.686728e-01
  2.3614e+01     8.686749e-01
  2.3657e+01     8.686770e-01
  2.3700e+01     8.686788e-01
  2.3742e+01     8.686806e-01
  2.3785e+01     8.686823e-01
  2.3828e+01     8.686839e-01
  2.3871e+01     8.686854e-01
  2.3914e+01     8.686868e-01
  2.3957e+01     8.686882e-01
  2.4000e+01     8.686895e-01
  2.4042e+01     8.686906e-01
  2.4085e+01     8.686918e-01
  2.4128e+01     8.686928e-01
  2.4171e+01     8.686939e-01
  2.4214e+01     8.686948e-01
  2.4257e+01     8.686957e-01
  2.4300e+01     8.686966e-01
  2.4342e+01     8.686974e-01
  2.4385e+01     8.686981e-01
  2.4428e+01     8.686988e-01
  2.4471e+01     8.686995e-01
  2.4514e+01     8.687001e-01
  2.4557e+01     8.687007e-01
  2.4600e+01     8.687013e-01
  2.4642e+01     8.687018e-01
  2.4685e+01     8.687023e-01
  2.4728e+01     8.687028e-01
  2.4771e+01     8.687033e-01
  2.4814e+01     8.687037e-01
  2.4857e+01     8.687041e-01
  2.4900e+01     8.687045e-01
  2.4942e+01     8.687048e-01
  2.4985e+01     8.687052e-01
  2.5028e+01     8.687055e-01
  2.5071e+01     8.687058e-01
  2.5114e+01     8.687061e-01
  2.5157e+01     8.687064e-01
  2.5200e+01     8.687066e-01
  2.5242e+01     8.687069e-01
  2.5285e+01     8.687071e-01
  2.5328e+01     8.687073e-01
  2.5371e+01     8.687075e-01
  2.5414e+01     8.687077e-01
  2.5457e+01     8.687079e-01
  2.5500e+01     8.687080e-01
  2.5542e+01     8.687082e-01
  2.5585e+01     8.687084e-01
  2.5628e+01     8.687085e-01
  2.5671e+01     8.687086e-01
  2.5714e+01     8.687088e-01
  2.5757e+01     8.687089e-01
  2.5800e+01     8.687090e-01
  2.5842e+01     8.687091e-01
  2.5885e+01     8.687092e-01
  2.5928e+01     8.687093e-01
  2.5971e+01     8.687094e-01
  2.6014e+01     8.687095e-01
  2.6057e+01     8.687096e-01
  2.6100e+01     8.687096e-01
  2.6142e+01     8.687097e-01
  2.6185e+01     8.687098e-01
  2.6228e+01     8.687098e-01
  2.6271e+01     8.687099e-01
  2.6314e+01     8.687100e-01
  2.6357e+01     8.687100e-01
  2.6400e+01     8.687101e-01
  2.6442e+01     8.687101e-01
  2.6485e+01     8.687102e-01
  2.6528e+01     8.687102e-01
  2.6571e+01     8.687102e-01
  2.6614e+01     8.687103e-01
  2.6657e+01     8.687103e-01
  2.6700e+01     8.687104e-01
  2.6742e+01     8.687104e-01
  2.6785e+01     8.687104e-01
  2.6828e+01     8.687104e-01
  2.6871e+01     8.687105e-01
  2.6914e+01     8.687105e-01
  2.6957e+01     8.687105e-01
  2.7000e+01     8.687105e-01
  2.7042e+01     8.687106e-01
  2.7085e+01     8.687106e-01
  2.7128e+01     8.687106e-01
  2.7171e+01     8.687106e-01
  2.7214e+01     8.687106e-01
  2.7257e+01     8.687107e-01
  2.7300e+01     8.687107e-01
  2.7342e+01     8.687107e-01
  2.7385e+01     8.687107e-01
  2.7428e+01     8.687107e-01
  2.7471e+01     8.687107e-01
  2.7514e+01     8.687107e-01
  2.7557e+01     8.687108e-01
  2.7600e+01     8.687108e-01
  2.7642e+01     8.687108e-01
  2.7685e+01     8.687108e-01
  2.7728e+01     8.687108e-01
  2.7771e+01     8.687108e-01
  2.7814e+01     8.687108e-01
  2.7857e+01     8.687108e-01
  2.7900e+01     8.687108e-01
  2.7942e+01     8.687108e-01
  2.7985e+01     8.687108e-01
  2.8028e+01     8.687108e-01
  2.8071e+01     8.687108e-01
  2.8114e+01     8.687109e-01
  2.8157e+01     8.687109e-01
  2.8200e+01     8.687109e-01
  2.8242e+01     8.687109e-01
  2.8285e+01     8.687109e-01
  2.8328e+01     8.687109e-01
  2.8371e+01     8.687109e-01
  2.8414e+01     8.687109e-01
  2.8457e+01     8.687109e-01
  2.8500e+01     8.687109e-01
  2.8542e+01     8.687109e-01
  2.8585e+01     8.687109e-01
  2.8628e+01     8.687109e-01
  2.8671e+01     8.687109e-01
  2.8714e+01     8.687109e-01
  2.8757e+01     8.687109e-01
  2.8800e+01     8.687109e-01
  2.8842e+01     8.687109e-01
  2.8885e+01     8.687109e-01
  2.8928e+01     8.687109e-01
  2.8971e+01     8.687109e-01
  2.9014e+01     8.687109e-01
  2.9057e+01     8.687109e-01
  2.9100e+01     8.687109e-01
  2.9142e+01     8.687109e-01
  2.9185e+01     8.687109e-01
  2.9228e+01     8.687109e-01
  2.9271e+01     8.687109e-01
  2.9314e+01     8.687109e-01
  2.9357e+01     8.687109e-01
  2.9400e+01     8.687109e-01
  2.9442e+01     8.687109e-01
  2.9485e+01     8.687109e-01
  2.9528e+01     8.687109e-01
  2.9571e+01     8.687109e-01
  2.9614e+01     8.687109e-01
  2.9657e+01     8.687109e-01
  2.9700e+01     8.687109e-01
  2.9742e+01     8.687109e-01
  2.9785e+01     8.687109e-01
  2.9828e+01     8.687109e-01
  2.9871e+01     8.687109e-01
  2.9914e+01     8.687109e-01
  2.9957e+01     8.687109e-01
  3.0000e+01     8.687109e-01
  3.0042e+01     8.687109e-01
  3.0085e+01     8.687109e-01
  3.0128e+01     8.687109e-01
  3.0171e+01     8.687109e-01
  3.0214e+01     8.687109e-01
  3.0257e+01     8.687109e-01
  3.0300e+01     8.687109e-01
  3.0342e+01     8.687109e-01
  3.0385e+01     8.687109e-01
  3.0428e+01     8.687109e-01
  3.0471e+01     8.687109e-01
  3.0514e+01     8.687109e-01
  3.0557e+01     8.687109e-01
  3.0600e+01     8.687109e-01
  3.0642e+01     8.687109e-01
  3.0685e+01     8.687109e-01
  3.0728e+01     8.687109e-01
  3.0771e+01     8.687109e-01
  3.0814e+01     8.687109e-01
  3.0857e+01     8.687109e-01
  3.0900e+01     8.687109e-01
  3.0942e+01     8.687109e-01
  3.0985e+01     8.687109e-01
  3.1028e+01     8.687109e-01
  3.1071e+01     8.687109e-01
  3.1114e+01     8.687109e-01
  3.1157e+01     8.687109e-01
  3.1200e+01     8.687109e-01
  3.1242e+01     8.687109e-01
  3.1285e+01     8.687109e-01
  3.1328e+01     8.687109e-01
  3.1371e+01     8.687109e-01
  3.1414e+01     8.687109e-01
  3.1457e+01     8.687109e-01
  3.1500e+01     8.687109e-01
  3.1542e+01     8.687109e-01
  3.1585e+01     8.687109e-01
  3.1628e+01     8.687109e-01
  3.1671e+01     8.687109e-01
  3.1714e+01     8.687109e-01
  3.1757e+01     8.687109e-01
  3.1800e+01     8.687109e-01
  3.1842e+01     8.687109e-01
  3.1885e+01     8.687109e-01
  3.1928e+01     8.687109e-01
  3.1971e+01     8.687109e-01
  3.2014e+01     8.687109e-01
  3.2057e+01     8.687109e-01
  3.2100e+01     8.687109e-01
  3.2142e+01     8.687109e-01
  3.2185e+01     8.687109e-01
  3.2228e+01     8.687109e-01
  3.2271e+01     8.687109e-01
  3.2314e+01     8.687109e-01
  3.2357e+01     8.687109e-01
  3.2400e+01     8.687109e-01
  3.2442e+01     8.687109e-01
  3.2485e+01     8.687109e-01
  3.2528e+01     8.687109e-01
  3.2571e+01     8.687109e-01
  3.2614e+01     8.687109e-01
  3.2657e+01     8.687109e-01
  3.2700e+01     8.687109e-01
  3.2742e+01     8.687109e-01
  3.2785e+01     8.687109e-01
  3.2828e+01     8.687109e-01
  3.2871e+01     8.687109e-01
  3.2914e+01     8.687109e-01
  3.2957e+01     8.687109e-01
  3.3000e+01     8.687109e-01
  3.3042e+01     8.687109e-01
  3.3085e+01     8.687109e-01
  3.3128e+01     8.687109e-01
  3.3171e+01     8.687109e-01
  3.3214e+01     8.687109e-01
  3.3257e+01     8.687109e-01
  3.3300e+01     8.687109e-01
  3.3342e+01     8.687109e-01
  3.3385e+01     8.687109e-01
  3.3428e+01     8.687109e-01
  3.3471e+01     8.687109e-01
  3.3514e+01     8.687109e-01
  3.3557e+01     8.687109e-01
  3.3600e+01     8.687109e-01
  3.3642e+01     8.687109e-01
  3.3685e+01     8.687109e-01
  3.3728e+01     8.687109e-01
  3.3771e+01     8.687109e-01
  3.3814e+01     8.687109e-01
  3.3857e+01     8.687109e-01
  3.3900e+01     8.687109e-01
  3.3942e+01     8.687109e-01
  3.3985e+01     8.687109e-01
  3.4028e+01     8.687109e-01
  3.4071e+01     8.687109e-01
  3.4114e+01     8.687109e-01
  3.4157e+01     8.687109e-01
  3.4200e+01     8.687109e-01
  3.4242e+01     8.687109e-01
  3.4285e+01     8.687109e-01
  3.4328e+01     8.687109e-01
  3.4371e+01     8.687109e-01
  3.4414e+01     8.687109e-01
  3.4457e+01     8.687109e-01
  3.4500e+01     8.687109e-01
  3.4542e+01     8.687109e-01
  3.4585e+01     8.687109e-01
  3.4628e+01     8.687109e-01
  3.4671e+01     8.687109e-01
  3.4714e+01     8.687109e-01
  3.4757e+01     8.687109e-01
  3.4800e+01     8.687109e-01
  3.4842e+01     8.687109e-01
  3.4885e+01     8.687109e-01
  3.4928e+01     8.687109e-01
  3.4971e+01     8.687109e-01
  3.5014e+01     8.687109e-01
  3.5057e+01     8.687109e-01
  3.5100e+01     8.687109e-01
  3.5142e+01     8.687109e-01
  3.5185e+01     8.687109e-01
  3.5228e+01     8.687109e-01
  3.5271e+01     8.687109e-01
  3.5314e+01     8.687109e-01
  3.5357e+01     8.687109e-01
  3.5400e+01     8.687109e-01
  3.5442e+01     8.687109e-01
  3.5485e+01     8.687109e-01
  3.5528e+01     8.687109e-01
  3.5571e+01     8.687109e-01
  3.5614e+01     8.687109e-01
  3.5657e+01     8.687109e-01
  3.5700e+01     8.687109e-01
  3.5742e+01     8.687109e-01
  3.5785e+01     8.687109e-01
  3.5828e+01     8.687109e-01
  3.5871e+01     8.687109e-01
  3.5914e+01     8.687109e-01
  3.5957e+01     8.687109e-01
  3.6000e+01     8.687109e-01
  3.6042e+01     8.687109e-01
  3.6085e+01     8.687109e-01
  3.6128e+01     8.687109e-01
  3.6171e+01     8.687109e-01
  3.6214e+01     8.687109e-01
  3.6257e+01     8.687109e-01
  3.6300e+01     8.687109e-01
  3.6342e+01     8.687109e-01
  3.6385e+01     8.687109e-01
  3.6428e+01     8.687109e-01
  3.6471e+01     8.687109e-01
  3.6514e+01     8.687109e-01
  3.6557e+01     8.687109e-01
  3.6600e+01     8.687109e-01
  3.6642e+01     8.687109e-01
  3.6685e+01     8.687109e-01
  3.6728e+01     8.687109e-01
  3.6771e+01     8.687109e-01
  3.6814e+01     8.687109e-01
  3.6857e+01     8.687109e-01
  3.6900e+01     8.687109e-01
  3.6942e+01     8.687109e-01
  3.6985e+01     8.687109e-01
  3.7028e+01     8.687109e-01
  3.7071e+01     8.687109e-01
  3.7114e+01     8.687109e-01
  3.7157e+01     8.687109e-01
  3.7200e+01     8.687109e-01
  3.7242e+01     8.687109e-01
  3.7285e+01     8.687109e-01
  3.7328e+01     8.687109e-01
  3.7371e+01     8.687109e-01
  3.7414e+01     8.687109e-01
  3.7457e+01     8.687109e-01
  3.7500e+01     8.687109e-01
  3.7542e+01     8.687109e-01
  3.7585e+01     8.687109e-01
  3.7628e+01     8.687109e-01
  3.7671e+01     8.687109e-01
  3.7714e+01     8.687109e-01
  3.7757e+01     8.687109e-01
  3.7800e+01     8.687109e-01
  3.7842e+01     8.687109e-01
  3.7885e+01     8.687109e-01
  3.7928e+01     8.687109e-01
  3.7971e+01     8.687109e-01
  3.8014e+01     8.687109e-01
  3.8057e+01     8.687109e-01
  3.8100e+01     8.687109e-01
  3.8142e+01     8.687109e-01
  3.8185e+01     8.687109e-01
  3.8228e+01     8.687109e-01
  3.8271e+01     8.687109e-01
  3.8314e+01     8.687109e-01
  3.8357e+01     8.687109e-01
  3.8400e+01     8.687109e-01
  3.8442e+01     8.687109e-01
  3.8485e+01     8.687109e-01
  3.8528e+01     8.687109e-01
  3.8571e+01     8.687109e-01
  3.8614e+01     8.687109e-01
  3.8657e+01     8.687109e-01
  3.8700e+01     8.687109e-01
  3.8742e+01     8.687109e-01
  3.8785e+01     8.687109e-01
  3.8828e+01     8.687109e-01
  3.8871e+01     8.687109e-01
  3.8914e+01     8.687109e-01
  3.8957e+01     8.687109e-01
  3.9000e+01     8.687109e-01
  3.9042e+01     8.687109e-01
  3.9085e+01     8.687109e-01
  3.9128e+01     8.687109e-01
  3.9171e+01     8.687109e-01
  3.9214e+01     8.687109e-01
  3.9257e+01     8.687109e-01
  3.9300e+01     8.687109e-01
  3.9342e+01     8.687109e-01
  3.9385e+01     8.687109e-01
  3.9428e+01     8.687109e-01
  3.9471e+01     8.687109e-01
  3.9514e+01     8.687109e-01
  3.9557e+01     8.687109e-01
  3.9600e+01     8.687109e-01
  3.9642e+01     8.687109e-01
  3.9685e+01     8.687109e-01
  3.9728e+01     8.687109e-01
  3.9771e+01     8.687109e-01
  3.9814e+01     8.687109e-01
  3.9857e+01     8.687109e-01
  3.9900e+01     8.687109e-01
  3.9942e+01     8.687109e-01
  3.9985e+01     8.687109e-01
  4.0028e+01     8.687109e-01
  4.0071e+01     8.687109e-01
  4.0114e+01     8.687109e-01
  4.0157e+01     8.687109e-01
  4.0200e+01     8.687109e-01
  4.0242e+01     8.687109e-01
  4.0285e+01     8.687109e-01
  4.0328e+01     8.687109e-01
  4.0371e+01     8.687109e-01
  4.0414e+01     8.687109e-01
  4.0457e+01     8.687109e-01
  4.0500e+01     8.687109e-01
  4.0542e+01     8.687109e-01
  4.0585e+01     8.687109e-01
  4.0628e+01     8.687109e-01
  4.0671e+01     8.687109e-01
  4.0714e+01     8.687109e-01
  4.0757e+01     8.687109e-01
  4.0800e+01     8.687109e-01
  4.0842e+01     8.687109e-01
  4.0885e+01     8.687109e-01
  4.0928e+01     8.687109e-01
  4.0971e+01     8.687109e-01
  4.1014e+01     8.687109e-01
  4.1057e+01     8.687109e-01
  4.1100e+01     8.687109e-01
  4.1142e+01     8.687109e-01
  4.1185e+01     8.687109e-01
  4.1228e+01     8.687109e-01
  4.1271e+01     8.687109e-01
  4.1314e+01     8.687109e-01
  4.1357e+01     8.687109e-01
  4.1400e+01     8.687109e-01
  4.1442e+01     8.687109e-01
  4.1485e+01     8.687109e-01
  4.1528e+01     8.687109e-01
  4.1571e+01     8.687109e-01
  4.1614e+01     8.687109e-01
  4.1657e+01     8.687109e-01
  4.1700e+01     8.687109e-01
  4.1742e+01     8.687109e-01
  4.1785e+01     8.687109e-01
  4.1828e+01     8.687109e-01
  4.1871e+01     8.687109e-01
  4.1914e+01     8.687109e-01
  4.1957e+01     8.687109e-01
  4.2000e+01     8.687109e-01
  4.2042e+01     8.687109e-01
  4.2085e+01     8.687109e-01
  4.2128e+01     8.687109e-01
  4.2171e+01     8.687109e-01
  4.2214e+01     8.687109e-01
  4.2257e+01     8.687109e-01
  4.2300e+01     8.687109e-01
  4.2342e+01     8.687109e-01
  4.2385e+01     8.687109e-01
  4.2428e+01     8.687109e-01
  4.2471e+01     8.687109e-01
  4.2514e+01     8.687109e-01
  4.2557e+01     8.687109e-01
  4.2600e+01     8.687109e-01
  4.2642e+01     8.687109e-01
  4.2685e+01     8.687109e-01
  4.2728e+01     8.687109e-01
  4.2771e+01     8.687109e-01
  4.2814e+01     8.687109e-01
  4.2857e+01     8.687109e-01
  4.2900e+01     8.687109e-01
  4.2942e+01     8.687109e-01
  4.2985e+01     8.687109e-01
  4.3028e+01     8.687109e-01
  4.3071e+01     8.687109e-01
  4.3114e+01     8.687109e-01
  4.3157e+01     8.687109e-01
  4.3200e+01     8.687109e-01
  4.3242e+01     8.687109e-01
  4.3285e+01     8.687109e-01
  4.3328e+01     8.687109e-01
  4.3371e+01     8.687109e-01
  4.3414e+01     8.687109e-01
  4.3457e+01     8.687109e-01
  4.3500e+01     8.687109e-01
  4.3542e+01     8.687109e-01
  4.3585e+01     8.687109e-01
  4.3628e+01     8.687109e-01
  4.3671e+01     8.687109e-01
  4.3714e+01     8.687109e-01
  4.3757e+01     8.687109e-01
  4.3800e+01     8.687109e-01
  4.3842e+01     8.687109e-01
  4.3885e+01     8.687109e-01
  4.3928e+01     8.687109e-01
  4.3971e+01     8.687109e-01
  4.4014e+01     8.687109e-01
  4.4057e+01     8.687109e-01
  4.4100e+01     8.687109e-01
  4.4142e+01     8.687109e-01
  4.4185e+01     8.687109e-01
  4.4228e+01     8.687109e-01
  4.4271e+01     8.687109e-01
  4.4314e+01     8.687109e-01
  4.4357e+01     8.687109e-01
  4.4400e+01     8.687109e-01
  4.4442e+01     8.687109e-01
  4.4485e+01     8.687109e-01
  4.4528e+01     8.687109e-01
  4.4571e+01     8.687109e-01
  4.4614e+01     8.687109e-01
  4.4657e+01     8.687109e-01
  4.4700e+01     8.687109e-01
  4.4742e+01     8.687109e-01
  4.4785e+01     8.687109e-01
  4.4828e+01     8.687109e-01
  4.4871e+01     8.687109e-01
  4.4914e+01     8.687109e-01
  4.4957e+01     8.687109e-01
  4.5000e+01     8.687109e-01
  4.5042e+01     8.687109e-01
  4.5085e+01     8.687109e-01
  4.5128e+01     8.687109e-01
  4.5171e+01     8.687109e-01
  4.5214e+01     8.687109e-01
  4.5257e+01     8.687109e-01
  4.5300e+01     8.687109e-01
  4.5342e+01     8.687109e-01
  4.5385e+01     8.687109e-01
  4.5428e+01     8.687109e-01
  4.5471e+01     8.687109e-01
  4.5514e+01     8.687109e-01
  4.5557e+01     8.687109e-01
  4.5600e+01     8.687109e-01
  4.5642e+01     8.687109e-01
  4.5685e+01     8.687109e-01
  4.5728e+01     8.687109e-01
  4.5771e+01     8.687109e-01
  4.5814e+01     8.687109e-01
  4.5857e+01     8.687109e-01
  4.5900e+01     8.687109e-01
  4.5942e+01     8.687109e-01
  4.5985e+01     8.687109e-01
  4.6028e+01     8.687109e-01
  4.6071e+01     8.687109e-01
  4.6114e+01     8.687109e-01
  4.6157e+01     8.687109e-01
  4.6200e+01     8.687109e-01
  4.6242e+01     8.687109e-01
  4.6285e+01     8.687109e-01
  4.6328e+01     8.687109e-01
  4.6371e+01     8.687109e-01
  4.6414e+01     8.687109e-01
  4.6457e+01     8.687109e-01
  4.6500e+01     8.687109e-01
  4.6542e+01     8.687109e-01
  4.6585e+01     8.687109e-01
  4.6628e+01     8.687109e-01
  4.6671e+01     8.687109e-01
  4.6714e+01     8.687109e-01
  4.6757e+01     8.687109e-01
  4.6800e+01     8.687109e-01
  4.6842e+01     8.687109e-01
  4.6885e+01     8.687109e-01
  4.6928e+01     8.687109e-01
  4.6971e+01     8.687109e-01
  4.7014e+01     8.687109e-01
  4.7057e+01     8.687109e-01
  4.7100e+01     8.687109e-01
  4.7142e+01     8.687109e-01
  4.7185e+01     8.687109e-01
  4.7228e+01     8.687109e-01
  4.7271e+01     8.687109e-01
  4.7314e+01     8.687109e-01
  4.7357e+01     8.687109e-01
  4.7400e+01     8.687109e-01
  4.7442e+01     8.687109e-01
  4.7485e+01     8.687109e-01
  4.7528e+01     8.687109e-01
  4.7571e+01     8.687109e-01
  4.7614e+01     8.687109e-01
  4.7657e+01     8.687109e-01
  4.7700e+01     8.687109e-01
  4.7742e+01     8.687109e-01
  4.7785e+01     8.687109e-01
  4.7828e+01     8.687109e-01
  4.7871e+01     8.687109e-01
  4.7914e+01     8.687109e-01
  4.7957e+01     8.687109e-01
  4.8000e+01     8.687109e-01
  4.8042e+01     8.687109e-01
  4.8085e+01     8.687109e-01
  4.8128e+01     8.687109e-01
  4.8171e+01     8.687109e-01
  4.8214e+01     8.687109e-01
  4.8257e+01     8.687109e-01
  4.8300e+01     8.687109e-01
  4.8342e+01     8.687109e-01
  4.8385e+01     8.687109e-01
  4.8428e+01     8.687109e-01
  4.8471e+01     8.687109e-01
  4.8514e+01     8.687109e-01
  4.8557e+01     8.687109e-01
  4.8600e+01     8.687109e-01
  4.8642e+01     8.687109e-01
  4.8685e+01     8.687109e-01
  4.8728e+01     8.687109e-01
  4.8771e+01     8.687109e-01
  4.8814e+01     8.687109e-01
  4.8857e+01     8.687109e-01
  4.8900e+01     8.687109e-01
  4.8942e+01     8.687109e-01
  4.8985e+01     8.687109e-01
  4.9028e+01     8.687109e-01
  4.9071e+01     8.687109e-01
  4.9114e+01     8.687109e-01
  4.9157e+01     8.687109e-01
  4.9200e+01     8.687109e-01
  4.9242e+01     8.687109e-01
  4.9285e+01     8.687109e-01
  4.9328e+01     8.687109e-01
  4.9371e+01     8.687109e-01
  4.9414e+01     8.687109e-01
  4.9457e+01     8.687109e-01
  4.9500e+01     8.687109e-01
  4.9542e+01     8.687109e-01
  4.9585e+01     8.687109e-01
  4.9628e+01     8.687109e-01
  4.9671e+01     8.687109e-01
  4.9714e+01     8.687109e-01
  4.9757e+01     8.687109e-01
  4.9800e+01     8.687109e-01
  4.9842e+01     8.687109e-01
  4.9885e+01     8.687109e-01
  4.9928e+01     8.687109e-01
  4.9971e+01     8.687109e-01
  5.0014e+01     8.687109e-01
  5.0057e+01     8.687109e-01
  5.0100e+01     8.687109e-01
  5.0142e+01     8.687109e-01
  5.0185e+01     8.687109e-01
  5.0228e+01     8.687109e-01
  5.0271e+01     8.687109e-01
  5.0314e+01     8.687109e-01
  5.0357e+01     8.687109e-01
  5.0400e+01     8.687109e-01
  5.0442e+01     8.687109e-01
  5.0485e+01     8.687109e-01
  5.0528e+01     8.687109e-01
  5.0571e+01     8.687109e-01
  5.0614e+01     8.687109e-01
  5.0657e+01     8.687109e-01
  5.0700e+01     8.687109e-01
  5.0742e+01     8.687109e-01
  5.0785e+01     8.687109e-01
  5.0828e+01     8.687109e-01
  5.0871e+01     8.687109e-01
  5.0914e+01     8.687109e-01
  5.0957e+01     8.687109e-01
  5.1000e+01     8.687109e-01
  5.1042e+01     8.687109e-01
  5.1085e+01     8.687109e-01
  5.1128e+01     8.687109e-01
  5.1171e+01     8.687109e-01
  5.1214e+01     8.687109e-01
  5.1257e+01     8.687109e-01
  5.1300e+01     8.687109e-01
  5.1342e+01     8.687109e-01
  5.1385e+01     8.687109e-01
  5.1428e+01     8.687109e-01
  5.1471e+01     8.687109e-01
  5.1514e+01     8.687109e-01
  5.1557e+01     8.687109e-01
  5.1600e+01     8.687109e-01
  5.1642e+01     8.687109e-01
  5.1685e+01     8.687109e-01
  5.1728e+01     8.687109e-01
  5.1771e+01     8.687109e-01
  5.1814e+01     8.687109e-01
  5.1857e+01     8.687109e-01
  5.1900e+01     8.687109e-01
  5.1942e+01     8.687109e-01
  5.1985e+01     8.687109e-01
  5.2028e+01     8.687109e-01
  5.2071e+01     8.687109e-01
  5.2114e+01     8.687109e-01
  5.2157e+01     8.687109e-01
  5.2200e+01     8.687109e-01
  5.2242e+01     8.687109e-01
  5.2285e+01     8.687109e-01
  5.2328e+01     8.687109e-01
  5.2371e+01     8.687109e-01
  5.2414e+01     8.687109e-01
  5.2457e+01     8.687109e-01
  5.2500e+01     8.687109e-01
  5.2542e+01     8.687109e-01
  5.2585e+01     8.687109e-01
  5.2628e+01     8.687109e-01
  5.2671e+01     8.687109e-01
  5.2714e+01     8.687109e-01
  5.2757e+01     8.687109e-01
  5.2800e+01     8.687109e-01
  5.2842e+01     8.687109e-01
  5.2885e+01     8.687109e-01
  5.2928e+01     8.687109e-01
  5.2971e+01     8.687109e-01
  5.3014e+01     8.687109e-01
  5.3057e+01     8.687109e-01
  5.3100e+01     8.687109e-01
  5.3142e+01     8.687109e-01
  5.3185e+01     8.687109e-01
  5.3228e+01     8.687109e-01
  5.3271e+01     8.687109e-01
  5.3314e+01     8.687109e-01
  5.3357e+01     8.687109e-01
  5.3400e+01     8.687109e-01
  5.3442e+01     8.687109e-01
  5.3485e+01     8.687109e-01
  5.3528e+01     8.687109e-01
  5.3571e+01     8.687109e-01
  5.3614e+01     8.687109e-01
  5.3657e+01     8.687109e-01
  5.3700e+01     8.687109e-01
  5.3742e+01     8.687109e-01
  5.3785e+01     8.687109e-01
  5.3828e+01     8.687109e-01
  5.3871e+01     8.687109e-01
  5.3914e+01     8.687109e-01
  5.3957e+01     8.687109e-01
  5.4000e+01     8.687109e-01
  5.4042e+01     8.687109e-01
  5.4085e+01     8.687109e-01
  5.4128e+01     8.687109e-01
  5.4171e+01     8.687109e-01
  5.4214e+01     8.687109e-01
  5.4257e+01     8.687109e-01
  5.4300e+01     8.687109e-01
  5.4342e+01     8.687109e-01
  5.4385e+01     8.687109e-01
  5.4428e+01     8.687109e-01
  5.4471e+01     8.687109e-01
  5.4514e+01     8.687109e-01
  5.4557e+01     8.687109e-01
  5.4600e+01     8.687109e-01
  5.4642e+01     8.687109e-01
  5.4685e+01     8.687109e-01
  5.4728e+01     8.687109e-01
  5.4771e+01     8.687109e-01
  5.4814e+01     8.687109e-01
  5.4857e+01     8.687109e-01
  5.4900e+01     8.687109e-01
  5.4942e+01     8.687109e-01
  5.4985e+01     8.687109e-01
  5.5028e+01     8.687109e-01
  5.5071e+01     8.687109e-01
  5.5114e+01     8.687109e-01
  5.5157e+01     8.687109e-01
  5.5200e+01     8.687109e-01
  5.5242e+01     8.687109e-01
  5.5285e+01     8.687109e-01
  5.5328e+01     8.687109e-01
  5.5371e+01     8.687109e-01
  5.5414e+01     8.687109e-01
  5.5457e+01     8.687109e-01
  5.5500e+01     8.687109e-01
  5.5542e+01     8.687109e-01
  5.5585e+01     8.687109e-01
  5.5628e+01     8.687109e-01
  5.5671e+01     8.687109e-01
  5.5714e+01     8.687109e-01
  5.5757e+01     8.687109e-01
  5.5800e+01     8.687109e-01
  5.5842e+01     8.687109e-01
  5.5885e+01     8.687109e-01
  5.5928e+01     8.687109e-01
  5.5971e+01     8.687109e-01
  5.6014e+01     8.687109e-01
  5.6057e+01     8.687109e-01
  5.6100e+01     8.687109e-01
  5.6142e+01     8.687109e-01
  5.6185e+01     8.687109e-01
  5.6228e+01     8.687109e-01
  5.6271e+01     8.687109e-01
  5.6314e+01     8.687109e-01
  5.6357e+01     8.687109e-01
  5.6400e+01     8.687109e-01
  5.6442e+01     8.687109e-01
  5.6485e+01     8.687109e-01
  5.6528e+01     8.687109e-01
  5.6571e+01     8.687109e-01
  5.6614e+01     8.687109e-01
  5.6657e+01     8.687109e-01
  5.6700e+01     8.687109e-01
  5.6742e+01     8.687109e-01
  5.6785e+01     8.687109e-01
  5.6828e+01     8.687109e-01
  5.6871e+01     8.687109e-01
  5.6914e+01     8.687109e-01
  5.6957e+01     8.687109e-01
  5.7000e+01     8.687109e-01
  5.7042e+01     8.687109e-01
  5.7085e+01     8.687109e-01
  5.7128e+01     8.687109e-01
  5.7171e+01     8.687109e-01
  5.7214e+01     8.687109e-01
  5.7257e+01     8.687109e-01
  5.7300e+01     8.687109e-01
  5.7342e+01     8.687109e-01
  5.7385e+01     8.687109e-01
  5.7428e+01     8.687109e-01
  5.7471e+01     8.687109e-01
  5.7514e+01     8.687109e-01
  5.7557e+01     8.687109e-01
  5.7600e+01     8.687109e-01
  5.7642e+01     8.687109e-01
  5.7685e+01     8.687109e-01
  5.7728e+01     8.687109e-01
  5.7771e+01     8.687109e-01
  5.7814e+01     8.687109e-01
  5.7857e+01     8.687109e-01
  5.7900e+01     8.687109e-01
  5.7942e+01     8.687109e-01
  5.7985e+01     8.687109e-01
  5.8028e+01     8.687109e-01
  5.8071e+01     8.687109e-01
  5.8114e+01     8.687109e-01
  5.8157e+01     8.687109e-01
  5.8200e+01     8.687109e-01
  5.8242e+01     8.687109e-01
  5.8285e+01     8.687109e-01
  5.8328e+01     8.687109e-01
  5.8371e+01     8.687109e-01
  5.8414e+01     8.687109e-01
  5.8457e+01     8.687109e-01
  5.8500e+01     8.687109e-01
  5.8542e+01     8.687109e-01
  5.8585e+01     8.687109e-01
  5.8628e+01     8.687109e-01
  5.8671e+01     8.687109e-01
  5.8714e+01     8.687109e-01
  5.8757e+01     8.687109e-01
  5.8800e+01     8.687109e-01
  5.8842e+01     8.687109e-01
  5.8885e+01     8.687109e-01
  5.8928e+01     8.687109e-01
  5.8971e+01     8.687109e-01
  5.9014e+01     8.687109e-01
  5.9057e+01     8.687109e-01
  5.9100e+01     8.687109e-01
  5.9142e+01     8.687109e-01
  5.9185e+01     8.687109e-01
  5.9228e+01     8.687109e-01
  5.9271e+01     8.687109e-01
  5.9314e+01     8.687109e-01
  5.9357e+01     8.687109e-01
  5.9400e+01     8.687109e-01
  5.9442e+01     8.687109e-01
  5.9485e+01     8.687109e-01
  5.9528e+01     8.687109e-01
  5.9571e+01     8.687109e-01
  5.9614e+01     8.687109e-01
  5.9657e+01     8.687109e-01
  5.9700e+01     8.687109e-01
  5.9742e+01     8.687109e-01
  5.9785e+01     8.687109e-01
  5.9828e+01     8.687109e-01
  5.9871e+01     8.687109e-01
  5.9914e+01     8.687109e-01
  5.9957e+01     8.687109e-01
