# Epidemic | infected persons [ x-unit: transmission cycles | y-unit: ]
  0.0000e+00     1.000000e-05
  4.2857e-02     1.053571e-05
  8.5714e-02     1.107143e-05
  1.2857e-01     1.160714e-05
  1.7143e-01     1.214286e-05
  2.1429e-01     1.267857e-05
  2.5714e-01     1.321429e-05
  3.0000e-01     1.375260e-05
  3.4286e-01     1.431209e-05
  3.8571e-01     1.489637e-05
  4.2857e-01     1.550653e-05
  4.7143e-01     1.614373e-05
  5.1429e-01     1.680917e-05
  5.5714e-01     1.750409e-05
  6.0000e-01     1.822979e-05
  6.4286e-01     1.898765e-05
  6.8571e-01     1.977909e-05
  7.2857e-01     2.060560e-05
  7.7143e-01     2.146872e-05
  8.1429e-01     2.237009e-05
  8.5714e-01     2.331140e-05
  9.0000e-01     2.429441e-05
  9.4286e-01     2.532097e-05
  9.8571e-01     2.639302e-05
  1.0285e+00     2.751257e-05
  1.0714e+00     2.868172e-05
  1.1142e+00     2.990267e-05
  1.1571e+00     3.117772e-05
  1.2000e+00     3.250926e-05
  1.2428e+00     3.389980e-05
  1.2857e+00     3.535194e-05
  1.3285e+00     3.686843e-05
  1.3714e+00     3.845211e-05
  1.4142e+00     4.010595e-05
  1.4571e+00     4.183306e-05
  1.5000e+00     4.363670e-05
  1.5428e+00     4.552025e-05
  1.5857e+00     4.748726e-05
  1.6285e+00     4.954141e-05
  1.6714e+00     5.168657e-05
  1.7142e+00     5.392678e-05
  1.7571e+00     5.626624e-05
  1.8000e+00     5.870934e-05
  1.8428e+00     6.126070e-05
  1.8857e+00     6.392509e-05
  1.9285e+00     6.670752e-05
  1.9714e+00     6.961323e-05
  2.0142e+00     7.264768e-05
  2.0571e+00     7.581657e-05
  2.1000e+00     7.912585e-05
  2.1428e+00     8.258175e-05
  2.1857e+00     8.619076e-05
  2.2285e+00     8.995966e-05
  2.2714e+00     9.389554e-05
  2.3142e+00     9.800580e-05
  2.3571e+00     1.022981e-04
  2.4000e+00     1.067807e-04
  2.4428e+00     1.114618e-04
  2.4857e+00     1.163503e-04
  2.5285e+00     1.214553e-04
  2.5714e+00     1.267866e-04
  2.6142e+00     1.323540e-04
  2.6571e+00     1.381680e-04
  2.7000e+00     1.442397e-04
  2.7428e+00     1.505803e-04
  2.7857e+00     1.572018e-04
  2.8285e+00     1.641167e-04
  2.8714e+00     1.713379e-04
  2.9142e+00     1.788790e-04
  2.9571e+00     1.867541e-04
  3.0000e+00     1.949781e-04
  3.0428e+00     2.035665e-04
  3.0857e+00     2.125353e-04
  3.1285e+00     2.219014e-04
  3.1714e+00     2.316824e-04
  3.2142e+00     2.418966e-04
  3.2571e+00     2.525633e-04
  3.3000e+00     2.637026e-04
  3.3428e+00     2.753352e-04
  3.3857e+00     2.874831e-04
  3.4285e+00     3.001692e-04
  3.4714e+00     3.134171e-04
  3.5142e+00     3.272518e-04
  3.5571e+00     3.416994e-04
  3.6000e+00     3.567868e-04
  3.6428e+00     3.725425e-04
  3.6857e+00     3.889960e-04
  3.7285e+00     4.061783e-04
  3.7714e+00     4.241215e-04
  3.8142e+00     4.428595e-04
  3.8571e+00     4.624273e-04
  3.9000e+00     4.828617e-04
  3.9428e+00     5.042011e-04
  3.9857e+00     5.264855e-04
  4.0285e+00     5.497567e-04
  4.0714e+00     5.740585e-04
  4.1142e+00     5.994364e-04
  4.1571e+00     6.259381e-04
  4.2000e+00     6.536133e-04
  4.2428e+00     6.825138e-04
  4.2857e+00     7.126940e-04
  4.3285e+00     7.442105e-04
  4.3714e+00     7.771224e-04
  4.4142e+00     8.114913e-04
  4.4571e+00     8.473818e-04
  4.5000e+00     8.848612e-04
  4.5428e+00     9.239998e-04
  4.5857e+00     9.648708e-04
  4.6285e+00     1.007551e-03
  4.6714e+00     1.052120e-03
  4.7142e+00     1.098662e-03
  4.7571e+00     1.147264e-03
  4.8000e+00     1.198017e-03
  4.8428e+00     1.251016e-03
  4.8857e+00     1.306360e-03
  4.9285e+00     1.364153e-03
  4.9714e+00     1.424504e-03
  5.0142e+00     1.487524e-03
  5.0571e+00     1.553333e-03
  5.1000e+00     1.622052e-03
  5.1428e+00     1.693812e-03
  5.1857e+00     1.768746e-03
  5.2285e+00     1.846993e-03
  5.2714e+00     1.928702e-03
  5.3142e+00     2.014024e-03
  5.3571e+00     2.103118e-03
  5.4000e+00     2.196151e-03
  5.4428e+00     2.293298e-03
  5.4857e+00     2.394739e-03
  5.5285e+00     2.500664e-03
  5.5714e+00     2.611270e-03
  5.6142e+00     2.726763e-03
  5.6571e+00     2.847360e-03
  5.7000e+00     2.973285e-03
  5.7428e+00     3.104773e-03
  5.7857e+00     3.242068e-03
  5.8285e+00     3.385427e-03
  5.8714e+00     3.535116e-03
  5.9142e+00     3.691413e-03
  5.9571e+00     3.854610e-03
  6.0000e+00     4.025009e-03
  6.0428e+00     4.202928e-03
  6.0857e+00     4.388696e-03
  6.1285e+00     4.582659e-03
  6.1714e+00     4.785176e-03
  6.2142e+00     4.996623e-03
  6.2571e+00     5.217391e-03
  6.3000e+00     5.447889e-03
  6.3428e+00     5.688543e-03
  6.3857e+00     5.939799e-03
  6.4285e+00     6.202120e-03
  6.4714e+00     6.475992e-03
  6.5142e+00     6.761918e-03
  6.5571e+00     7.060426e-03
  6.6000e+00     7.372066e-03
  6.6428e+00     7.697411e-03
  6.6857e+00     8.037059e-03
  6.7285e+00     8.391633e-03
  6.7714e+00     8.761783e-03
  6.8142e+00     9.148189e-03
  6.8571e+00     9.551556e-03
  6.9000e+00     9.972622e-03
  6.9428e+00     1.041216e-02
  6.9857e+00     1.087096e-02
  7.0285e+00     1.134987e-02
  7.0714e+00     1.184975e-02
  7.1142e+00     1.237151e-02
  7.1571e+00     1.291610e-02
  7.2000e+00     1.348451e-02
  7.2428e+00     1.407775e-02
  7.2857e+00     1.469690e-02
  7.3285e+00     1.534308e-02
  7.3714e+00     1.601744e-02
  7.4142e+00     1.672119e-02
  7.4571e+00     1.745559e-02
  7.5000e+00     1.822195e-02
  7.5428e+00     1.902164e-02
  7.5857e+00     1.985607e-02
  7.6285e+00     2.072673e-02
  7.6714e+00     2.163514e-02
  7.7142e+00     2.258292e-02
  7.7571e+00     2.357172e-02
  7.8000e+00     2.460328e-02
  7.8428e+00     2.567940e-02
  7.8857e+00     2.680194e-02
  7.9285e+00     2.797286e-02
  7.9714e+00     2.919417e-02
  8.0142e+00     3.046797e-02
  8.0571e+00     3.179646e-02
  8.1000e+00     3.318188e-02
  8.1428e+00     3.462660e-02
  8.1857e+00     3.613305e-02
  8.2285e+00     3.770377e-02
  8.2714e+00     3.934138e-02
  8.3142e+00     4.104862e-02
  8.3571e+00     4.282829e-02
  8.4000e+00     4.468334e-02
  8.4428e+00     4.661679e-02
  8.4857e+00     4.863177e-02
  8.5285e+00     5.073155e-02
  8.5714e+00     5.291947e-02
  8.6142e+00     5.519901e-02
  8.6571e+00     5.757377e-02
  8.7000e+00     6.004745e-02
  8.7428e+00     6.262389e-02
  8.7857e+00     6.530703e-02
  8.8285e+00     6.810096e-02
  8.8714e+00     7.100987e-02
  8.9142e+00     7.403809e-02
  8.9571e+00     7.719008e-02
  9.0000e+00     8.047041e-02
  9.0428e+00     8.388378e-02
  9.0857e+00     8.743503e-02
  9.1285e+00     9.112911e-02
  9.1714e+00     9.497110e-02
  9.2142e+00     9.896619e-02
  9.2571e+00     1.031197e-01
  9.3000e+00     1.074371e-01
  9.3428e+00     1.119238e-01
  9.3857e+00     1.165855e-01
  9.4285e+00     1.214280e-01
  9.4714e+00     1.264571e-01
  9.5142e+00     1.316786e-01
  9.5571e+00     1.370986e-01
  9.6000e+00     1.427231e-01
  9.6428e+00     1.485582e-01
  9.6857e+00     1.546099e-01
  9.7285e+00     1.608844e-01
  9.7714e+00     1.673878e-01
  9.8142e+00     1.741263e-01
  9.8571e+00     1.811059e-01
  9.9000e+00     1.883325e-01
  9.9428e+00     1.958121e-01
  9.9857e+00     2.035505e-01
  1.0028e+01     2.115534e-01
  1.0071e+01     2.198261e-01
  1.0114e+01     2.283738e-01
  1.0157e+01     2.372017e-01
  1.0200e+01     2.463143e-01
  1.0242e+01     2.557161e-01
  1.0285e+01     2.654108e-01
  1.0328e+01     2.754022e-01
  1.0371e+01     2.856931e-01
  1.0414e+01     2.962862e-01
  1.0457e+01     3.071832e-01
  1.0500e+01     3.183854e-01
  1.0542e+01     3.298933e-01
  1.0585e+01     3.417066e-01
  1.0628e+01     3.538242e-01
  1.0671e+01     3.662440e-01
  1.0714e+01     3.789631e-01
  1.0757e+01     3.919772e-01
  1.0800e+01     4.052811e-01
  1.0842e+01     4.188684e-01
  1.0885e+01     4.327314e-01
  1.0928e+01     4.468611e-01
  1.0971e+01     4.612470e-01
  1.1014e+01     4.758773e-01
  1.1057e+01     4.907385e-01
  1.1100e+01     5.058157e-01
  1.1142e+01     5.210923e-01
  1.1185e+01     5.365502e-01
  1.1228e+01     5.521695e-01
  1.1271e+01     5.679287e-01
  1.1314e+01     5.838048e-01
  1.1357e+01     5.997729e-01
  1.1400e+01     6.158066e-01
  1.1442e+01     6.318780e-01
  1.1485e+01     6.479578e-01
  1.1528e+01     6.640152e-01
  1.1571e+01     6.800182e-01
  1.1614e+01     6.959336e-01
  1.1657e+01     7.117273e-01
  1.1700e+01     7.273645e-01
  1.1742e+01     7.428098e-01
  1.1785e+01     7.580274e-01
  1.1828e+01     7.729816e-01
  1.1871e+01     7.876368e-01
  1.1914e+01     8.019580e-01
  1.1957e+01     8.159110e-01
  1.2000e+01     8.294628e-01
  1.2042e+01     8.425817e-01
  1.2085e+01     8.552383e-01
  1.2128e+01     8.674049e-01
  1.2171e+01     8.790568e-01
  1.2214e+01     8.901716e-01
  1.2257e+01     9.007306e-01
  1.2300e+01     9.107181e-01
  1.2342e+01     9.201222e-01
  1.2385e+01     9.289350e-01
  1.2428e+01     9.371523e-01
  1.2471e+01     9.447742e-01
  1.2514e+01     9.518046e-01
  1.2557e+01     9.582520e-01
  1.2600e+01     9.641282e-01
  1.2642e+01     9.694492e-01
  1.2685e+01     9.742345e-01
  1.2728e+01     9.785067e-01
  1.2771e+01     9.822913e-01
  1.2814e+01     9.856163e-01
  1.2857e+01     9.885116e-01
  1.2900e+01     9.910085e-01
  1.2942e+01     9.931394e-01
  1.2985e+01     9.949369e-01
  1.3028e+01     9.964337e-01
  1.3071e+01     9.976614e-01
  1.3114e+01     9.986502e-01
  1.3157e+01     9.994279e-01
  1.3200e+01     1.000000e+00
