# Epidemic | infected persons [ x-unit: transmission cycles | y-unit: ]
  0.0000e+00     1.000000e-05
  4.2857e-02     1.053571e-05
  8.5714e-02     1.107143e-05
  1.2857e-01     1.160714e-05
  1.7143e-01     1.214286e-05
  2.1429e-01     1.267857e-05
  2.5714e-01     1.321429e-05
  3.0000e-01     1.375057e-05
  3.4286e-01     1.429143e-05
  3.8571e-01     1.483749e-05
  4.2857e-01     1.538880e-05
  4.7143e-01     1.594541e-05
  5.1429e-01     1.650736e-05
  5.5714e-01     1.707471e-05
  6.0000e-01     1.764751e-05
  6.4286e-01     1.822582e-05
  6.8571e-01     1.880969e-05
  7.2857e-01     1.939916e-05
  7.7143e-01     1.999430e-05
  8.1429e-01     2.059515e-05
  8.5714e-01     2.120178e-05
  9.0000e-01     2.181424e-05
  9.4286e-01     2.243258e-05
  9.8571e-01     2.305687e-05
  1.0285e+00     2.368715e-05
  1.0714e+00     2.432349e-05
  1.1142e+00     2.496594e-05
  1.1571e+00     2.561456e-05
  1.2000e+00     2.626942e-05
  1.2428e+00     2.693057e-05
  1.2857e+00     2.759807e-05
  1.3285e+00     2.827198e-05
  1.3714e+00     2.895237e-05
  1.4142e+00     2.963930e-05
  1.4571e+00     3.033282e-05
  1.5000e+00     3.103301e-05
  1.5428e+00     3.173993e-05
  1.5857e+00     3.245364e-05
  1.6285e+00     3.317420e-05
  1.6714e+00     3.390169e-05
  1.7142e+00     3.463617e-05
  1.7571e+00     3.537770e-05
  1.8000e+00     3.612636e-05
  1.8428e+00     3.688221e-05
  1.8857e+00     3.764533e-05
  1.9285e+00     3.841577e-05
  1.9714e+00     3.919362e-05
  2.0142e+00     3.997894e-05
  2.0571e+00     4.077181e-05
  2.1000e+00     4.157229e-05
  2.1428e+00     4.238046e-05
  2.1857e+00     4.319640e-05
  2.2285e+00     4.402018e-05
  2.2714e+00     4.485187e-05
  2.3142e+00     4.569155e-05
  2.3571e+00     4.653930e-05
  2.4000e+00     4.739519e-05
  2.4428e+00     4.825931e-05
  2.4857e+00     4.913172e-05
  2.5285e+00     5.001252e-05
  2.5714e+00     5.090178e-05
  2.6142e+00     5.179959e-05
  2.6571e+00     5.270601e-05
  2.7000e+00     5.362115e-05
  2.7428e+00     5.454508e-05
  2.7857e+00     5.547788e-05
  2.8285e+00     5.641965e-05
  2.8714e+00     5.737046e-05
  2.9142e+00     5.833041e-05
  2.9571e+00     5.929958e-05
  3.0000e+00     6.027805e-05
  3.0428e+00     6.126593e-05
  3.0857e+00     6.226330e-05
  3.1285e+00     6.327025e-05
  3.1714e+00     6.428687e-05
  3.2142e+00     6.531326e-05
  3.2571e+00     6.634951e-05
  3.3000e+00     6.739572e-05
  3.3428e+00     6.845197e-05
  3.3857e+00     6.951837e-05
  3.4285e+00     7.059502e-05
  3.4714e+00     7.168200e-05
  3.5142e+00     7.277943e-05
  3.5571e+00     7.388740e-05
  3.6000e+00     7.500601e-05
  3.6428e+00     7.613537e-05
  3.6857e+00     7.727558e-05
  3.7285e+00     7.842674e-05
  3.7714e+00     7.958896e-05
  3.8142e+00     8.076234e-05
  3.8571e+00     8.194699e-05
  3.9000e+00     8.314302e-05
  3.9428e+00     8.435055e-05
  3.9857e+00     8.556966e-05
  4.0285e+00     8.680049e-05
  4.0714e+00     8.804315e-05
  4.1142e+00     8.929774e-05
  4.1571e+00     9.056437e-05
  4.2000e+00     9.184318e-05
  4.2428e+00     9.313427e-05
  4.2857e+00     9.443776e-05
  4.3285e+00     9.575377e-05
  4.3714e+00     9.708242e-05
  4.4142e+00     9.842383e-05
  4.4571e+00     9.977813e-05
  4.5000e+00     1.011454e-04
  4.5428e+00     1.025259e-04
  4.5857e+00     1.039196e-04
  4.6285e+00     1.053266e-04
  4.6714e+00     1.067472e-04
  4.7142e+00     1.081815e-04
  4.7571e+00     1.096295e-04
  4.8000e+00     1.110914e-04
  4.8428e+00     1.125674e-04
  4.8857e+00     1.140575e-04
  4.9285e+00     1.155620e-04
  4.9714e+00     1.170809e-04
  5.0142e+00     1.186144e-04
  5.0571e+00     1.201626e-04
  5.1000e+00     1.217257e-04
  5.1428e+00     1.233037e-04
  5.1857e+00     1.248970e-04
  5.2285e+00     1.265056e-04
  5.2714e+00     1.281296e-04
  5.3142e+00     1.297692e-04
  5.3571e+00     1.314245e-04
  5.4000e+00     1.330957e-04
  5.4428e+00     1.347830e-04
  5.4857e+00     1.364865e-04
  5.5285e+00     1.382064e-04
  5.5714e+00     1.399427e-04
  5.6142e+00     1.416958e-04
  5.6571e+00     1.434657e-04
  5.7000e+00     1.452525e-04
  5.7428e+00     1.470566e-04
  5.7857e+00     1.488779e-04
  5.8285e+00     1.507168e-04
  5.8714e+00     1.525733e-04
  5.9142e+00     1.544476e-04
  5.9571e+00     1.563399e-04
  6.0000e+00     1.582504e-04
  6.0428e+00     1.601793e-04
  6.0857e+00     1.621266e-04
  6.1285e+00     1.640927e-04
  6.1714e+00     1.660777e-04
  6.2142e+00     1.680817e-04
  6.2571e+00     1.701049e-04
  6.3000e+00     1.721476e-04
  6.3428e+00     1.742099e-04
  6.3857e+00     1.762919e-04
  6.4285e+00     1.783940e-04
  6.4714e+00     1.805163e-04
  6.5142e+00     1.826589e-04
  6.5571e+00     1.848221e-04
  6.6000e+00     1.870061e-04
  6.6428e+00     1.892111e-04
  6.6857e+00     1.914372e-04
  6.7285e+00     1.936847e-04
  6.7714e+00     1.959537e-04
  6.8142e+00     1.982446e-04
  6.8571e+00     2.005574e-04
  6.9000e+00     2.028925e-04
  6.9428e+00     2.052500e-04
  6.9857e+00     2.076301e-04
  7.0285e+00     2.100330e-04
  7.0714e+00     2.124590e-04
  7.1142e+00     2.149083e-04
  7.1571e+00     2.173811e-04
  7.2000e+00     2.198777e-04
  7.2428e+00     2.223982e-04
  7.2857e+00     2.249430e-04
  7.3285e+00     2.275121e-04
  7.3714e+00     2.301059e-04
  7.4142e+00     2.327246e-04
  7.4571e+00     2.353685e-04
  7.5000e+00     2.380377e-04
  7.5428e+00     2.407325e-04
  7.5857e+00     2.434533e-04
  7.6285e+00     2.462001e-04
  7.6714e+00     2.489733e-04
  7.7142e+00     2.517731e-04
  7.7571e+00     2.545998e-04
  7.8000e+00     2.574536e-04
  7.8428e+00     2.603348e-04
  7.8857e+00     2.632437e-04
  7.9285e+00     2.661804e-04
  7.9714e+00     2.691454e-04
  8.0142e+00     2.721388e-04
  8.0571e+00     2.751610e-04
  8.1000e+00     2.782121e-04
  8.1428e+00     2.812926e-04
  8.1857e+00     2.844026e-04
  8.2285e+00     2.875424e-04
  8.2714e+00     2.907124e-04
  8.3142e+00     2.939128e-04
  8.3571e+00     2.971439e-04
  8.4000e+00     3.004061e-04
  8.4428e+00     3.036995e-04
  8.4857e+00     3.070245e-04
  8.5285e+00     3.103814e-04
  8.5714e+00     3.137706e-04
  8.6142e+00     3.171923e-04
  8.6571e+00     3.206468e-04
  8.7000e+00     3.241344e-04
  8.7428e+00     3.276555e-04
  8.7857e+00     3.312104e-04
  8.8285e+00     3.347994e-04
  8.8714e+00     3.384229e-04
  8.9142e+00     3.420811e-04
  8.9571e+00     3.457744e-04
  9.0000e+00     3.495031e-04
  9.0428e+00     3.532676e-04
  9.0857e+00     3.570682e-04
  9.1285e+00     3.609053e-04
  9.1714e+00     3.647792e-04
  9.2142e+00     3.686903e-04
  9.2571e+00     3.726389e-04
  9.3000e+00     3.766254e-04
  9.3428e+00     3.806501e-04
  9.3857e+00     3.847134e-04
  9.4285e+00     3.888157e-04
  9.4714e+00     3.929573e-04
  9.5142e+00     3.971387e-04
  9.5571e+00     4.013601e-04
  9.6000e+00     4.056221e-04
  9.6428e+00     4.099250e-04
  9.6857e+00     4.142691e-04
  9.7285e+00     4.186549e-04
  9.7714e+00     4.230827e-04
  9.8142e+00     4.275530e-04
  9.8571e+00     4.320662e-04
  9.9000e+00     4.366227e-04
  9.9428e+00     4.412229e-04
  9.9857e+00     4.458671e-04
  1.0028e+01     4.505560e-04
  1.0071e+01     4.552898e-04
  1.0114e+01     4.600689e-04
  1.0157e+01     4.648939e-04
  1.0200e+01     4.697652e-04
  1.0242e+01     4.746832e-04
  1.0285e+01     4.796484e-04
  1.0328e+01     4.846611e-04
  1.0371e+01     4.897219e-04
  1.0414e+01     4.948313e-04
  1.0457e+01     4.999896e-04
  1.0500e+01     5.051974e-04
  1.0542e+01     5.104551e-04
  1.0585e+01     5.157632e-04
  1.0628e+01     5.211222e-04
  1.0671e+01     5.265326e-04
  1.0714e+01     5.319948e-04
  1.0757e+01     5.375094e-04
  1.0800e+01     5.430769e-04
  1.0842e+01     5.486977e-04
  1.0885e+01     5.543724e-04
  1.0928e+01     5.601016e-04
  1.0971e+01     5.658856e-04
  1.1014e+01     5.717250e-04
  1.1057e+01     5.776205e-04
  1.1100e+01     5.835724e-04
  1.1142e+01     5.895814e-04
  1.1185e+01     5.956479e-04
  1.1228e+01     6.017726e-04
  1.1271e+01     6.079560e-04
  1.1314e+01     6.141987e-04
  1.1357e+01     6.205011e-04
  1.1400e+01     6.268640e-04
  1.1442e+01     6.332878e-04
  1.1485e+01     6.397732e-04
  1.1528e+01     6.463207e-04
  1.1571e+01     6.529310e-04
  1.1614e+01     6.596046e-04
  1.1657e+01     6.663421e-04
  1.1700e+01     6.731442e-04
  1.1742e+01     6.800114e-04
  1.1785e+01     6.869444e-04
  1.1828e+01     6.939438e-04
  1.1871e+01     7.010103e-04
  1.1914e+01     7.081445e-04
  1.1957e+01     7.153470e-04
  1.2000e+01     7.226185e-04
  1.2042e+01     7.299596e-04
  1.2085e+01     7.373711e-04
  1.2128e+01     7.448535e-04
  1.2171e+01     7.524076e-04
  1.2214e+01     7.600340e-04
  1.2257e+01     7.677335e-04
  1.2300e+01     7.755067e-04
  1.2342e+01     7.833543e-04
  1.2385e+01     7.912771e-04
  1.2428e+01     7.992757e-04
  1.2471e+01     8.073510e-04
  1.2514e+01     8.155035e-04
  1.2557e+01     8.237341e-04
  1.2600e+01     8.320434e-04
  1.2642e+01     8.404324e-04
  1.2685e+01     8.489016e-04
  1.2728e+01     8.574519e-04
  1.2771e+01     8.660840e-04
  1.2814e+01     8.747988e-04
  1.2857e+01     8.835970e-04
  1.2900e+01     8.924794e-04
  1.2942e+01     9.014467e-04
  1.2985e+01     9.105000e-04
  1.3028e+01     9.196398e-04
  1.3071e+01     9.288671e-04
  1.3114e+01     9.381827e-04
  1.3157e+01     9.475875e-04
  1.3200e+01     9.570822e-04
  1.3242e+01     9.666678e-04
  1.3285e+01     9.763451e-04
  1.3328e+01     9.861149e-04
  1.3371e+01     9.959783e-04
  1.3414e+01     1.005936e-03
  1.3457e+01     1.015989e-03
  1.3500e+01     1.026138e-03
  1.3542e+01     1.036384e-03
  1.3585e+01     1.046728e-03
  1.3628e+01     1.057171e-03
  1.3671e+01     1.067714e-03
  1.3714e+01     1.078358e-03
  1.3757e+01     1.089104e-03
  1.3800e+01     1.099952e-03
  1.3842e+01     1.110904e-03
  1.3885e+01     1.121961e-03
  1.3928e+01     1.133123e-03
  1.3971e+01     1.144392e-03
  1.4014e+01     1.155769e-03
  1.4057e+01     1.167255e-03
  1.4100e+01     1.178850e-03
  1.4142e+01     1.190557e-03
  1.4185e+01     1.202375e-03
  1.4228e+01     1.214306e-03
  1.4271e+01     1.226351e-03
  1.4314e+01     1.238511e-03
  1.4357e+01     1.250788e-03
  1.4400e+01     1.263182e-03
  1.4442e+01     1.275694e-03
  1.4485e+01     1.288325e-03
  1.4528e+01     1.301078e-03
  1.4571e+01     1.313952e-03
  1.4614e+01     1.326949e-03
  1.4657e+01     1.340070e-03
  1.4700e+01     1.353317e-03
  1.4742e+01     1.366690e-03
  1.4785e+01     1.380191e-03
  1.4828e+01     1.393821e-03
  1.4871e+01     1.407581e-03
  1.4914e+01     1.421472e-03
  1.4957e+01     1.435496e-03
  1.5000e+01     1.449654e-03
  1.5042e+01     1.463947e-03
  1.5085e+01     1.478376e-03
  1.5128e+01     1.492943e-03
  1.5171e+01     1.507650e-03
  1.5214e+01     1.522496e-03
  1.5257e+01     1.537484e-03
  1.5300e+01     1.552616e-03
  1.5342e+01     1.567891e-03
  1.5385e+01     1.583313e-03
  1.5428e+01     1.598881e-03
  1.5471e+01     1.614598e-03
  1.5514e+01     1.630465e-03
  1.5557e+01     1.646484e-03
  1.5600e+01     1.662655e-03
  1.5642e+01     1.678980e-03
  1.5685e+01     1.695461e-03
  1.5728e+01     1.712099e-03
  1.5771e+01     1.728896e-03
  1.5814e+01     1.745853e-03
  1.5857e+01     1.762972e-03
  1.5900e+01     1.780253e-03
  1.5942e+01     1.797700e-03
  1.5985e+01     1.815313e-03
  1.6028e+01     1.833093e-03
  1.6071e+01     1.851044e-03
  1.6114e+01     1.869165e-03
  1.6157e+01     1.887459e-03
  1.6200e+01     1.905927e-03
  1.6242e+01     1.924571e-03
  1.6285e+01     1.943393e-03
  1.6328e+01     1.962394e-03
  1.6371e+01     1.981575e-03
  1.6414e+01     2.000940e-03
  1.6457e+01     2.020489e-03
  1.6500e+01     2.040224e-03
  1.6542e+01     2.060147e-03
  1.6585e+01     2.080260e-03
  1.6628e+01     2.100564e-03
  1.6671e+01     2.121062e-03
  1.6714e+01     2.141754e-03
  1.6757e+01     2.162643e-03
  1.6800e+01     2.183732e-03
  1.6842e+01     2.205020e-03
  1.6885e+01     2.226512e-03
  1.6928e+01     2.248208e-03
  1.6971e+01     2.270110e-03
  1.7014e+01     2.292220e-03
  1.7057e+01     2.314541e-03
  1.7100e+01     2.337074e-03
  1.7142e+01     2.359821e-03
  1.7185e+01     2.382785e-03
  1.7228e+01     2.405967e-03
  1.7271e+01     2.429369e-03
  1.7314e+01     2.452993e-03
  1.7357e+01     2.476842e-03
  1.7400e+01     2.500918e-03
  1.7442e+01     2.525222e-03
  1.7485e+01     2.549758e-03
  1.7528e+01     2.574526e-03
  1.7571e+01     2.599529e-03
  1.7614e+01     2.624770e-03
  1.7657e+01     2.650251e-03
  1.7700e+01     2.675974e-03
  1.7742e+01     2.701941e-03
  1.7785e+01     2.728154e-03
  1.7828e+01     2.754616e-03
  1.7871e+01     2.781329e-03
  1.7914e+01     2.808296e-03
  1.7957e+01     2.835518e-03
  1.8000e+01     2.862999e-03
  1.8042e+01     2.890740e-03
  1.8085e+01     2.918745e-03
  1.8128e+01     2.947015e-03
  1.8171e+01     2.975553e-03
  1.8214e+01     3.004362e-03
  1.8257e+01     3.033443e-03
  1.8300e+01     3.062801e-03
  1.8342e+01     3.092436e-03
  1.8385e+01     3.122353e-03
  1.8428e+01     3.152553e-03
  1.8471e+01     3.183038e-03
  1.8514e+01     3.213813e-03
  1.8557e+01     3.244879e-03
  1.8600e+01     3.276239e-03
  1.8642e+01     3.307896e-03
  1.8685e+01     3.339853e-03
  1.8728e+01     3.372112e-03
  1.8771e+01     3.404677e-03
  1.8814e+01     3.437549e-03
  1.8857e+01     3.470733e-03
  1.8900e+01     3.504230e-03
  1.8942e+01     3.538044e-03
  1.8985e+01     3.572178e-03
  1.9028e+01     3.606635e-03
  1.9071e+01     3.641417e-03
  1.9114e+01     3.676529e-03
  1.9157e+01     3.711971e-03
  1.9200e+01     3.747749e-03
  1.9242e+01     3.783865e-03
  1.9285e+01     3.820322e-03
  1.9328e+01     3.857123e-03
  1.9371e+01     3.894272e-03
  1.9414e+01     3.931771e-03
  1.9457e+01     3.969624e-03
  1.9500e+01     4.007835e-03
  1.9542e+01     4.046406e-03
  1.9585e+01     4.085341e-03
  1.9628e+01     4.124643e-03
  1.9671e+01     4.164316e-03
  1.9714e+01     4.204363e-03
  1.9757e+01     4.244787e-03
  1.9800e+01     4.285592e-03
  1.9842e+01     4.326782e-03
  1.9885e+01     4.368360e-03
  1.9928e+01     4.410330e-03
  1.9971e+01     4.452695e-03
  2.0014e+01     4.495459e-03
  2.0057e+01     4.538625e-03
  2.0100e+01     4.582198e-03
  2.0142e+01     4.626180e-03
  2.0185e+01     4.670577e-03
  2.0228e+01     4.715391e-03
  2.0271e+01     4.760627e-03
  2.0314e+01     4.806288e-03
  2.0357e+01     4.852378e-03
  2.0400e+01     4.898901e-03
  2.0442e+01     4.945862e-03
  2.0485e+01     4.993264e-03
  2.0528e+01     5.041111e-03
  2.0571e+01     5.089407e-03
  2.0614e+01     5.138157e-03
  2.0657e+01     5.187364e-03
  2.0700e+01     5.237033e-03
  2.0742e+01     5.287168e-03
  2.0785e+01     5.337773e-03
  2.0828e+01     5.388853e-03
  2.0871e+01     5.440412e-03
  2.0914e+01     5.492454e-03
  2.0957e+01     5.544984e-03
  2.1000e+01     5.598005e-03
  2.1042e+01     5.651524e-03
  2.1085e+01     5.705543e-03
  2.1128e+01     5.760069e-03
  2.1171e+01     5.815104e-03
  2.1214e+01     5.870655e-03
  2.1257e+01     5.926725e-03
  2.1300e+01     5.983320e-03
  2.1342e+01     6.040443e-03
  2.1385e+01     6.098101e-03
  2.1428e+01     6.156298e-03
  2.1471e+01     6.215038e-03
  2.1514e+01     6.274326e-03
  2.1557e+01     6.334169e-03
  2.1600e+01     6.394570e-03
  2.1642e+01     6.455534e-03
  2.1685e+01     6.517067e-03
  2.1728e+01     6.579174e-03
  2.1771e+01     6.641861e-03
  2.1814e+01     6.705131e-03
  2.1857e+01     6.768991e-03
  2.1900e+01     6.833446e-03
  2.1942e+01     6.898501e-03
  2.1985e+01     6.964162e-03
  2.2028e+01     7.030434e-03
  2.2071e+01     7.097322e-03
  2.2114e+01     7.164833e-03
  2.2157e+01     7.232971e-03
  2.2200e+01     7.301743e-03
  2.2242e+01     7.371154e-03
  2.2285e+01     7.441209e-03
  2.2328e+01     7.511915e-03
  2.2371e+01     7.583277e-03
  2.2414e+01     7.655302e-03
  2.2457e+01     7.727995e-03
  2.2500e+01     7.801362e-03
  2.2542e+01     7.875409e-03
  2.2585e+01     7.950142e-03
  2.2628e+01     8.025567e-03
  2.2671e+01     8.101691e-03
  2.2714e+01     8.178520e-03
  2.2757e+01     8.256060e-03
  2.2800e+01     8.334317e-03
  2.2842e+01     8.413297e-03
  2.2885e+01     8.493008e-03
  2.2928e+01     8.573455e-03
  2.2971e+01     8.654646e-03
  2.3014e+01     8.736586e-03
  2.3057e+01     8.819282e-03
  2.3100e+01     8.902741e-03
  2.3142e+01     8.986970e-03
  2.3185e+01     9.071975e-03
  2.3228e+01     9.157764e-03
  2.3271e+01     9.244342e-03
  2.3314e+01     9.331718e-03
  2.3357e+01     9.419899e-03
  2.3400e+01     9.508890e-03
  2.3442e+01     9.598700e-03
  2.3485e+01     9.689335e-03
  2.3528e+01     9.780803e-03
  2.3571e+01     9.873111e-03
  2.3614e+01     9.966267e-03
  2.3657e+01     1.006028e-02
  2.3700e+01     1.015515e-02
  2.3742e+01     1.025089e-02
  2.3785e+01     1.034751e-02
  2.3828e+01     1.044502e-02
  2.3871e+01     1.054341e-02
  2.3914e+01     1.064271e-02
  2.3957e+01     1.074292e-02
  2.4000e+01     1.084404e-02
  2.4042e+01     1.094608e-02
  2.4085e+01     1.104906e-02
  2.4128e+01     1.115298e-02
  2.4171e+01     1.125785e-02
  2.4214e+01     1.136367e-02
  2.4257e+01     1.147045e-02
  2.4300e+01     1.157821e-02
  2.4342e+01     1.168696e-02
  2.4385e+01     1.179669e-02
  2.4428e+01     1.190741e-02
  2.4471e+01     1.201915e-02
  2.4514e+01     1.213190e-02
  2.4557e+01     1.224567e-02
  2.4600e+01     1.236048e-02
  2.4642e+01     1.247633e-02
  2.4685e+01     1.259323e-02
  2.4728e+01     1.271119e-02
  2.4771e+01     1.283021e-02
  2.4814e+01     1.295032e-02
  2.4857e+01     1.307151e-02
  2.4900e+01     1.319379e-02
  2.4942e+01     1.331718e-02
  2.4985e+01     1.344169e-02
  2.5028e+01     1.356731e-02
  2.5071e+01     1.369407e-02
  2.5114e+01     1.382198e-02
  2.5157e+01     1.395103e-02
  2.5200e+01     1.408125e-02
  2.5242e+01     1.421264e-02
  2.5285e+01     1.434521e-02
  2.5328e+01     1.447897e-02
  2.5371e+01     1.461393e-02
  2.5414e+01     1.475010e-02
  2.5457e+01     1.488749e-02
  2.5500e+01     1.502612e-02
  2.5542e+01     1.516598e-02
  2.5585e+01     1.530710e-02
  2.5628e+01     1.544948e-02
  2.5671e+01     1.559313e-02
  2.5714e+01     1.573807e-02
  2.5757e+01     1.588429e-02
  2.5800e+01     1.603183e-02
  2.5842e+01     1.618067e-02
  2.5885e+01     1.633084e-02
  2.5928e+01     1.648235e-02
  2.5971e+01     1.663520e-02
  2.6014e+01     1.678941e-02
  2.6057e+01     1.694500e-02
  2.6100e+01     1.710196e-02
  2.6142e+01     1.726031e-02
  2.6185e+01     1.742006e-02
  2.6228e+01     1.758123e-02
  2.6271e+01     1.774382e-02
  2.6314e+01     1.790785e-02
  2.6357e+01     1.807333e-02
  2.6400e+01     1.824027e-02
  2.6442e+01     1.840868e-02
  2.6485e+01     1.857857e-02
  2.6528e+01     1.874995e-02
  2.6571e+01     1.892284e-02
  2.6614e+01     1.909726e-02
  2.6657e+01     1.927320e-02
  2.6700e+01     1.945068e-02
  2.6742e+01     1.962972e-02
  2.6785e+01     1.981033e-02
  2.6828e+01     1.999251e-02
  2.6871e+01     2.017629e-02
  2.6914e+01     2.036167e-02
  2.6957e+01     2.054866e-02
  2.7000e+01     2.073729e-02
  2.7042e+01     2.092756e-02
  2.7085e+01     2.111948e-02
  2.7128e+01     2.131307e-02
  2.7171e+01     2.150833e-02
  2.7214e+01     2.170529e-02
  2.7257e+01     2.190396e-02
  2.7300e+01     2.210435e-02
  2.7342e+01     2.230646e-02
  2.7385e+01     2.251033e-02
  2.7428e+01     2.271595e-02
  2.7471e+01     2.292334e-02
  2.7514e+01     2.313251e-02
  2.7557e+01     2.334349e-02
  2.7600e+01     2.355628e-02
  2.7642e+01     2.377089e-02
  2.7685e+01     2.398734e-02
  2.7728e+01     2.420564e-02
  2.7771e+01     2.442581e-02
  2.7814e+01     2.464786e-02
  2.7857e+01     2.487181e-02
  2.7900e+01     2.509766e-02
  2.7942e+01     2.532544e-02
  2.7985e+01     2.555515e-02
  2.8028e+01     2.578681e-02
  2.8071e+01     2.602043e-02
  2.8114e+01     2.625604e-02
  2.8157e+01     2.649363e-02
  2.8200e+01     2.673324e-02
  2.8242e+01     2.697486e-02
  2.8285e+01     2.721852e-02
  2.8328e+01     2.746423e-02
  2.8371e+01     2.771201e-02
  2.8414e+01     2.796187e-02
  2.8457e+01     2.821382e-02
  2.8500e+01     2.846788e-02
  2.8542e+01     2.872407e-02
  2.8585e+01     2.898239e-02
  2.8628e+01     2.924287e-02
  2.8671e+01     2.950551e-02
  2.8714e+01     2.977034e-02
  2.8757e+01     3.003737e-02
  2.8800e+01     3.030661e-02
  2.8842e+01     3.057808e-02
  2.8885e+01     3.085180e-02
  2.8928e+01     3.112777e-02
  2.8971e+01     3.140602e-02
  2.9014e+01     3.168656e-02
  2.9057e+01     3.196940e-02
  2.9100e+01     3.225457e-02
  2.9142e+01     3.254207e-02
  2.9185e+01     3.283192e-02
  2.9228e+01     3.312414e-02
  2.9271e+01     3.341874e-02
  2.9314e+01     3.371574e-02
  2.9357e+01     3.401515e-02
  2.9400e+01     3.431699e-02
  2.9442e+01     3.462128e-02
  2.9485e+01     3.492802e-02
  2.9528e+01     3.523725e-02
  2.9571e+01     3.554896e-02
  2.9614e+01     3.586318e-02
  2.9657e+01     3.617993e-02
  2.9700e+01     3.649921e-02
  2.9742e+01     3.682105e-02
  2.9785e+01     3.714546e-02
  2.9828e+01     3.747246e-02
  2.9871e+01     3.780205e-02
  2.9914e+01     3.813427e-02
  2.9957e+01     3.846912e-02
  3.0000e+01     3.880662e-02
  3.0042e+01     3.914679e-02
  3.0085e+01     3.948963e-02
  3.0128e+01     3.983518e-02
  3.0171e+01     4.018343e-02
  3.0214e+01     4.053442e-02
  3.0257e+01     4.088815e-02
  3.0300e+01     4.124464e-02
  3.0342e+01     4.160391e-02
  3.0385e+01     4.196597e-02
  3.0428e+01     4.233084e-02
  3.0471e+01     4.269853e-02
  3.0514e+01     4.306906e-02
  3.0557e+01     4.344245e-02
  3.0600e+01     4.381871e-02
  3.0642e+01     4.419785e-02
  3.0685e+01     4.457990e-02
  3.0728e+01     4.496487e-02
  3.0771e+01     4.535277e-02
  3.0814e+01     4.574361e-02
  3.0857e+01     4.613743e-02
  3.0900e+01     4.653422e-02
  3.0942e+01     4.693401e-02
  3.0985e+01     4.733681e-02
  3.1028e+01     4.774263e-02
  3.1071e+01     4.815150e-02
  3.1114e+01     4.856342e-02
  3.1157e+01     4.897842e-02
  3.1200e+01     4.939650e-02
  3.1242e+01     4.981769e-02
  3.1285e+01     5.024199e-02
  3.1328e+01     5.066942e-02
  3.1371e+01     5.110000e-02
  3.1414e+01     5.153374e-02
  3.1457e+01     5.197066e-02
  3.1500e+01     5.241077e-02
  3.1542e+01     5.285408e-02
  3.1585e+01     5.330062e-02
  3.1628e+01     5.375038e-02
  3.1671e+01     5.420340e-02
  3.1714e+01     5.465968e-02
  3.1757e+01     5.511923e-02
  3.1800e+01     5.558207e-02
  3.1842e+01     5.604822e-02
  3.1885e+01     5.651768e-02
  3.1928e+01     5.699047e-02
  3.1971e+01     5.746661e-02
  3.2014e+01     5.794611e-02
  3.2057e+01     5.842898e-02
  3.2100e+01     5.891523e-02
  3.2142e+01     5.940487e-02
  3.2185e+01     5.989793e-02
  3.2228e+01     6.039441e-02
  3.2271e+01     6.089432e-02
  3.2314e+01     6.139768e-02
  3.2357e+01     6.190450e-02
  3.2400e+01     6.241479e-02
  3.2442e+01     6.292856e-02
  3.2485e+01     6.344582e-02
  3.2528e+01     6.396659e-02
  3.2571e+01     6.449088e-02
  3.2614e+01     6.501869e-02
  3.2657e+01     6.555005e-02
  3.2700e+01     6.608495e-02
  3.2742e+01     6.662341e-02
  3.2785e+01     6.716545e-02
  3.2828e+01     6.771106e-02
  3.2871e+01     6.826026e-02
  3.2914e+01     6.881306e-02
  3.2957e+01     6.936948e-02
  3.3000e+01     6.992951e-02
  3.3042e+01     7.049317e-02
  3.3085e+01     7.106046e-02
  3.3128e+01     7.163140e-02
  3.3171e+01     7.220599e-02
  3.3214e+01     7.278425e-02
  3.3257e+01     7.336617e-02
  3.3300e+01     7.395177e-02
  3.3342e+01     7.454105e-02
  3.3385e+01     7.513402e-02
  3.3428e+01     7.573069e-02
  3.3471e+01     7.633106e-02
  3.3514e+01     7.693515e-02
  3.3557e+01     7.754295e-02
  3.3600e+01     7.815447e-02
  3.3642e+01     7.876971e-02
  3.3685e+01     7.938869e-02
  3.3728e+01     8.001141e-02
  3.3771e+01     8.063787e-02
  3.3814e+01     8.126807e-02
  3.3857e+01     8.190202e-02
  3.3900e+01     8.253972e-02
  3.3942e+01     8.318117e-02
  3.3985e+01     8.382639e-02
  3.4028e+01     8.447536e-02
  3.4071e+01     8.512810e-02
  3.4114e+01     8.578460e-02
  3.4157e+01     8.644487e-02
  3.4200e+01     8.710891e-02
  3.4242e+01     8.777671e-02
  3.4285e+01     8.844828e-02
  3.4328e+01     8.912361e-02
  3.4371e+01     8.980272e-02
  3.4414e+01     9.048559e-02
  3.4457e+01     9.117222e-02
  3.4500e+01     9.186262e-02
  3.4542e+01     9.255678e-02
  3.4585e+01     9.325470e-02
  3.4628e+01     9.395638e-02
  3.4671e+01     9.466180e-02
  3.4714e+01     9.537098e-02
  3.4757e+01     9.608391e-02
  3.4800e+01     9.680057e-02
  3.4842e+01     9.752097e-02
  3.4885e+01     9.824511e-02
  3.4928e+01     9.897296e-02
  3.4971e+01     9.970454e-02
  3.5014e+01     1.004398e-01
  3.5057e+01     1.011788e-01
  3.5100e+01     1.019215e-01
  3.5142e+01     1.026679e-01
  3.5185e+01     1.034180e-01
  3.5228e+01     1.041717e-01
  3.5271e+01     1.049291e-01
  3.5314e+01     1.056902e-01
  3.5357e+01     1.064549e-01
  3.5400e+01     1.072232e-01
  3.5442e+01     1.079951e-01
  3.5485e+01     1.087707e-01
  3.5528e+01     1.095499e-01
  3.5571e+01     1.103326e-01
  3.5614e+01     1.111189e-01
  3.5657e+01     1.119088e-01
  3.5700e+01     1.127022e-01
  3.5742e+01     1.134992e-01
  3.5785e+01     1.142996e-01
  3.5828e+01     1.151036e-01
  3.5871e+01     1.159110e-01
  3.5914e+01     1.167220e-01
  3.5957e+01     1.175363e-01
  3.6000e+01     1.183541e-01
  3.6042e+01     1.191753e-01
  3.6085e+01     1.199999e-01
  3.6128e+01     1.208279e-01
  3.6171e+01     1.216592e-01
  3.6214e+01     1.224939e-01
  3.6257e+01     1.233319e-01
  3.6300e+01     1.241731e-01
  3.6342e+01     1.250177e-01
  3.6385e+01     1.258655e-01
  3.6428e+01     1.267165e-01
  3.6471e+01     1.275707e-01
  3.6514e+01     1.284281e-01
  3.6557e+01     1.292887e-01
  3.6600e+01     1.301523e-01
  3.6642e+01     1.310191e-01
  3.6685e+01     1.318890e-01
  3.6728e+01     1.327619e-01
  3.6771e+01     1.336378e-01
  3.6814e+01     1.345168e-01
  3.6857e+01     1.353987e-01
  3.6900e+01     1.362835e-01
  3.6942e+01     1.371713e-01
  3.6985e+01     1.380619e-01
  3.7028e+01     1.389554e-01
  3.7071e+01     1.398517e-01
  3.7114e+01     1.407508e-01
  3.7157e+01     1.416527e-01
  3.7200e+01     1.425573e-01
  3.7242e+01     1.434645e-01
  3.7285e+01     1.443745e-01
  3.7328e+01     1.452870e-01
  3.7371e+01     1.462022e-01
  3.7414e+01     1.471199e-01
  3.7457e+01     1.480401e-01
  3.7500e+01     1.489628e-01
  3.7542e+01     1.498880e-01
  3.7585e+01     1.508155e-01
  3.7628e+01     1.517455e-01
  3.7671e+01     1.526778e-01
  3.7714e+01     1.536124e-01
  3.7757e+01     1.545492e-01
  3.7800e+01     1.554883e-01
  3.7842e+01     1.564295e-01
  3.7885e+01     1.573729e-01
  3.7928e+01     1.583184e-01
  3.7971e+01     1.592659e-01
  3.8014e+01     1.602155e-01
  3.8057e+01     1.611670e-01
  3.8100e+01     1.621205e-01
  3.8142e+01     1.630759e-01
  3.8185e+01     1.640331e-01
  3.8228e+01     1.649921e-01
  3.8271e+01     1.659529e-01
  3.8314e+01     1.669154e-01
  3.8357e+01     1.678796e-01
  3.8400e+01     1.688454e-01
  3.8442e+01     1.698128e-01
  3.8485e+01     1.707817e-01
  3.8528e+01     1.717522e-01
  3.8571e+01     1.727240e-01
  3.8614e+01     1.736973e-01
  3.8657e+01     1.746719e-01
  3.8700e+01     1.756478e-01
  3.8742e+01     1.766250e-01
  3.8785e+01     1.776033e-01
  3.8828e+01     1.785829e-01
  3.8871e+01     1.795635e-01
  3.8914e+01     1.805452e-01
  3.8957e+01     1.815279e-01
  3.9000e+01     1.825116e-01
  3.9042e+01     1.834962e-01
  3.9085e+01     1.844816e-01
  3.9128e+01     1.854679e-01
  3.9171e+01     1.864549e-01
  3.9214e+01     1.874427e-01
  3.9257e+01     1.884311e-01
  3.9300e+01     1.894201e-01
  3.9342e+01     1.904096e-01
  3.9385e+01     1.913997e-01
  3.9428e+01     1.923902e-01
  3.9471e+01     1.933811e-01
  3.9514e+01     1.943724e-01
  3.9557e+01     1.953640e-01
  3.9600e+01     1.963558e-01
  3.9642e+01     1.973478e-01
  3.9685e+01     1.983399e-01
  3.9728e+01     1.993322e-01
  3.9771e+01     2.003244e-01
  3.9814e+01     2.013167e-01
  3.9857e+01     2.023089e-01
  3.9900e+01     2.033009e-01
  3.9942e+01     2.042928e-01
  3.9985e+01     2.052845e-01
  4.0028e+01     2.062758e-01
  4.0071e+01     2.072669e-01
  4.0114e+01     2.082575e-01
  4.0157e+01     2.092477e-01
  4.0200e+01     2.102375e-01
  4.0242e+01     2.112266e-01
  4.0285e+01     2.122152e-01
  4.0328e+01     2.132031e-01
  4.0371e+01     2.141904e-01
  4.0414e+01     2.151768e-01
  4.0457e+01     2.161625e-01
  4.0500e+01     2.171473e-01
  4.0542e+01     2.181311e-01
  4.0585e+01     2.191140e-01
  4.0628e+01     2.200959e-01
  4.0671e+01     2.210767e-01
  4.0714e+01     2.220564e-01
  4.0757e+01     2.230350e-01
  4.0800e+01     2.240123e-01
  4.0842e+01     2.249883e-01
  4.0885e+01     2.259630e-01
  4.0928e+01     2.269363e-01
  4.0971e+01     2.279082e-01
  4.1014e+01     2.288786e-01
  4.1057e+01     2.298475e-01
  4.1100e+01     2.308148e-01
  4.1142e+01     2.317805e-01
  4.1185e+01     2.327445e-01
  4.1228e+01     2.337068e-01
  4.1271e+01     2.346673e-01
  4.1314e+01     2.356260e-01
  4.1357e+01     2.365828e-01
  4.1400e+01     2.375377e-01
  4.1442e+01     2.384907e-01
  4.1485e+01     2.394416e-01
  4.1528e+01     2.403905e-01
  4.1571e+01     2.413372e-01
  4.1614e+01     2.422818e-01
  4.1657e+01     2.432242e-01
  4.1700e+01     2.441644e-01
  4.1742e+01     2.451023e-01
  4.1785e+01     2.460379e-01
  4.1828e+01     2.469711e-01
  4.1871e+01     2.479018e-01
  4.1914e+01     2.488301e-01
  4.1957e+01     2.497559e-01
  4.2000e+01     2.506792e-01
  4.2042e+01     2.515999e-01
  4.2085e+01     2.525179e-01
  4.2128e+01     2.534333e-01
  4.2171e+01     2.543460e-01
  4.2214e+01     2.552559e-01
  4.2257e+01     2.561631e-01
  4.2300e+01     2.570674e-01
  4.2342e+01     2.579688e-01
  4.2385e+01     2.588674e-01
  4.2428e+01     2.597630e-01
  4.2471e+01     2.606556e-01
  4.2514e+01     2.615452e-01
  4.2557e+01     2.624318e-01
  4.2600e+01     2.633153e-01
  4.2642e+01     2.641957e-01
  4.2685e+01     2.650729e-01
  4.2728e+01     2.659470e-01
  4.2771e+01     2.668178e-01
  4.2814e+01     2.676854e-01
  4.2857e+01     2.685497e-01
  4.2900e+01     2.694107e-01
  4.2942e+01     2.702683e-01
  4.2985e+01     2.711226e-01
  4.3028e+01     2.719735e-01
  4.3071e+01     2.728209e-01
  4.3114e+01     2.736649e-01
  4.3157e+01     2.745054e-01
  4.3200e+01     2.753424e-01
  4.3242e+01     2.761758e-01
  4.3285e+01     2.770057e-01
  4.3328e+01     2.778319e-01
  4.3371e+01     2.786546e-01
  4.3414e+01     2.794736e-01
  4.3457e+01     2.802890e-01
  4.3500e+01     2.811007e-01
  4.3542e+01     2.819086e-01
  4.3585e+01     2.827129e-01
  4.3628e+01     2.835133e-01
  4.3671e+01     2.843100e-01
  4.3714e+01     2.851030e-01
  4.3757e+01     2.858920e-01
  4.3800e+01     2.866773e-01
  4.3842e+01     2.874587e-01
  4.3885e+01     2.882363e-01
  4.3928e+01     2.890099e-01
  4.3971e+01     2.897797e-01
  4.4014e+01     2.905456e-01
  4.4057e+01     2.913075e-01
  4.4100e+01     2.920654e-01
  4.4142e+01     2.928194e-01
  4.4185e+01     2.935695e-01
  4.4228e+01     2.943155e-01
  4.4271e+01     2.950576e-01
  4.4314e+01     2.957956e-01
  4.4357e+01     2.965296e-01
  4.4400e+01     2.972596e-01
  4.4442e+01     2.979855e-01
  4.4485e+01     2.987074e-01
  4.4528e+01     2.994252e-01
  4.4571e+01     3.001389e-01
  4.4614e+01     3.008486e-01
  4.4657e+01     3.015542e-01
  4.4700e+01     3.022557e-01
  4.4742e+01     3.029531e-01
  4.4785e+01     3.036463e-01
  4.4828e+01     3.043355e-01
  4.4871e+01     3.050206e-01
  4.4914e+01     3.057015e-01
  4.4957e+01     3.063783e-01
  4.5000e+01     3.070510e-01
  4.5042e+01     3.077196e-01
  4.5085e+01     3.083840e-01
  4.5128e+01     3.090443e-01
  4.5171e+01     3.097004e-01
  4.5214e+01     3.103525e-01
  4.5257e+01     3.110004e-01
  4.5300e+01     3.116441e-01
  4.5342e+01     3.122837e-01
  4.5385e+01     3.129192e-01
  4.5428e+01     3.135506e-01
  4.5471e+01     3.141778e-01
  4.5514e+01     3.148009e-01
  4.5557e+01     3.154199e-01
  4.5600e+01     3.160348e-01
  4.5642e+01     3.166455e-01
  4.5685e+01     3.172522e-01
  4.5728e+01     3.178547e-01
  4.5771e+01     3.184531e-01
  4.5814e+01     3.190475e-01
  4.5857e+01     3.196377e-01
  4.5900e+01     3.202239e-01
  4.5942e+01     3.208059e-01
  4.5985e+01     3.213840e-01
  4.6028e+01     3.219579e-01
  4.6071e+01     3.225278e-01
  4.6114e+01     3.230937e-01
  4.6157e+01     3.236555e-01
  4.6200e+01     3.242133e-01
  4.6242e+01     3.247670e-01
  4.6285e+01     3.253168e-01
  4.6328e+01     3.258626e-01
  4.6371e+01     3.264043e-01
  4.6414e+01     3.269421e-01
  4.6457e+01     3.274759e-01
  4.6500e+01     3.280058e-01
  4.6542e+01     3.285317e-01
  4.6585e+01     3.290537e-01
  4.6628e+01     3.295718e-01
  4.6671e+01     3.300859e-01
  4.6714e+01     3.305962e-01
  4.6757e+01     3.311026e-01
  4.6800e+01     3.316051e-01
  4.6842e+01     3.321038e-01
  4.6885e+01     3.325986e-01
  4.6928e+01     3.330896e-01
  4.6971e+01     3.335767e-01
  4.7014e+01     3.340601e-01
  4.7057e+01     3.345397e-01
  4.7100e+01     3.350155e-01
  4.7142e+01     3.354876e-01
  4.7185e+01     3.359559e-01
  4.7228e+01     3.364205e-01
  4.7271e+01     3.368814e-01
  4.7314e+01     3.373386e-01
  4.7357e+01     3.377921e-01
  4.7400e+01     3.382420e-01
  4.7442e+01     3.386882e-01
  4.7485e+01     3.391308e-01
  4.7528e+01     3.395698e-01
  4.7571e+01     3.400052e-01
  4.7614e+01     3.404370e-01
  4.7657e+01     3.408653e-01
  4.7700e+01     3.412900e-01
  4.7742e+01     3.417112e-01
  4.7785e+01     3.421289e-01
  4.7828e+01     3.425431e-01
  4.7871e+01     3.429539e-01
  4.7914e+01     3.433612e-01
  4.7957e+01     3.437650e-01
  4.8000e+01     3.441655e-01
  4.8042e+01     3.445625e-01
  4.8085e+01     3.449562e-01
  4.8128e+01     3.453465e-01
  4.8171e+01     3.457335e-01
  4.8214e+01     3.461171e-01
  4.8257e+01     3.464975e-01
  4.8300e+01     3.468745e-01
  4.8342e+01     3.472484e-01
  4.8385e+01     3.476189e-01
  4.8428e+01     3.479862e-01
  4.8471e+01     3.483504e-01
  4.8514e+01     3.487113e-01
  4.8557e+01     3.490691e-01
  4.8600e+01     3.494237e-01
  4.8642e+01     3.497752e-01
  4.8685e+01     3.501236e-01
  4.8728e+01     3.504689e-01
  4.8771e+01     3.508111e-01
  4.8814e+01     3.511503e-01
  4.8857e+01     3.514865e-01
  4.8900e+01     3.518196e-01
  4.8942e+01     3.521497e-01
  4.8985e+01     3.524769e-01
  4.9028e+01     3.528011e-01
  4.9071e+01     3.531224e-01
  4.9114e+01     3.534408e-01
  4.9157e+01     3.537563e-01
  4.9200e+01     3.540689e-01
  4.9242e+01     3.543787e-01
  4.9285e+01     3.546856e-01
  4.9328e+01     3.549897e-01
  4.9371e+01     3.552911e-01
  4.9414e+01     3.555896e-01
  4.9457e+01     3.558854e-01
  4.9500e+01     3.561785e-01
  4.9542e+01     3.564688e-01
  4.9585e+01     3.567564e-01
  4.9628e+01     3.570414e-01
  4.9671e+01     3.573237e-01
  4.9714e+01     3.576034e-01
  4.9757e+01     3.578805e-01
  4.9800e+01     3.581549e-01
  4.9842e+01     3.584268e-01
  4.9885e+01     3.586961e-01
  4.9928e+01     3.589629e-01
  4.9971e+01     3.592272e-01
  5.0014e+01     3.594890e-01
  5.0057e+01     3.597482e-01
  5.0100e+01     3.600051e-01
  5.0142e+01     3.602594e-01
  5.0185e+01     3.605114e-01
  5.0228e+01     3.607609e-01
  5.0271e+01     3.610081e-01
  5.0314e+01     3.612528e-01
  5.0357e+01     3.614953e-01
  5.0400e+01     3.617354e-01
  5.0442e+01     3.619732e-01
  5.0485e+01     3.622087e-01
  5.0528e+01     3.624419e-01
  5.0571e+01     3.626728e-01
  5.0614e+01     3.629016e-01
  5.0657e+01     3.631281e-01
  5.0700e+01     3.633524e-01
  5.0742e+01     3.635745e-01
  5.0785e+01     3.637944e-01
  5.0828e+01     3.640122e-01
  5.0871e+01     3.642279e-01
  5.0914e+01     3.644414e-01
  5.0957e+01     3.646529e-01
  5.1000e+01     3.648623e-01
  5.1042e+01     3.650696e-01
  5.1085e+01     3.652749e-01
  5.1128e+01     3.654781e-01
  5.1171e+01     3.656794e-01
  5.1214e+01     3.658786e-01
  5.1257e+01     3.660759e-01
  5.1300e+01     3.662712e-01
  5.1342e+01     3.664646e-01
  5.1385e+01     3.666560e-01
  5.1428e+01     3.668456e-01
  5.1471e+01     3.670332e-01
  5.1514e+01     3.672190e-01
  5.1557e+01     3.674029e-01
  5.1600e+01     3.675850e-01
  5.1642e+01     3.677653e-01
  5.1685e+01     3.679437e-01
  5.1728e+01     3.681204e-01
  5.1771e+01     3.682953e-01
  5.1814e+01     3.684684e-01
  5.1857e+01     3.686398e-01
  5.1900e+01     3.688094e-01
  5.1942e+01     3.689773e-01
  5.1985e+01     3.691436e-01
  5.2028e+01     3.693081e-01
  5.2071e+01     3.694710e-01
  5.2114e+01     3.696322e-01
  5.2157e+01     3.697918e-01
  5.2200e+01     3.699497e-01
  5.2242e+01     3.701061e-01
  5.2285e+01     3.702609e-01
  5.2328e+01     3.704140e-01
  5.2371e+01     3.705657e-01
  5.2414e+01     3.707157e-01
  5.2457e+01     3.708643e-01
  5.2500e+01     3.710113e-01
  5.2542e+01     3.711568e-01
  5.2585e+01     3.713008e-01
  5.2628e+01     3.714433e-01
  5.2671e+01     3.715844e-01
  5.2714e+01     3.717240e-01
  5.2757e+01     3.718621e-01
  5.2800e+01     3.719989e-01
  5.2842e+01     3.721342e-01
  5.2885e+01     3.722682e-01
  5.2928e+01     3.724007e-01
  5.2971e+01     3.725319e-01
  5.3014e+01     3.726617e-01
  5.3057e+01     3.727902e-01
  5.3100e+01     3.729173e-01
  5.3142e+01     3.730432e-01
  5.3185e+01     3.731677e-01
  5.3228e+01     3.732909e-01
  5.3271e+01     3.734128e-01
  5.3314e+01     3.735335e-01
  5.3357e+01     3.736529e-01
  5.3400e+01     3.737711e-01
  5.3442e+01     3.738880e-01
  5.3485e+01     3.740037e-01
  5.3528e+01     3.741182e-01
  5.3571e+01     3.742315e-01
  5.3614e+01     3.743436e-01
  5.3657e+01     3.744546e-01
  5.3700e+01     3.745644e-01
  5.3742e+01     3.746730e-01
  5.3785e+01     3.747805e-01
  5.3828e+01     3.748868e-01
  5.3871e+01     3.749921e-01
  5.3914e+01     3.750962e-01
  5.3957e+01     3.751992e-01
  5.4000e+01     3.753012e-01
  5.4042e+01     3.754020e-01
  5.4085e+01     3.755019e-01
  5.4128e+01     3.756006e-01
  5.4171e+01     3.756983e-01
  5.4214e+01     3.757950e-01
  5.4257e+01     3.758906e-01
  5.4300e+01     3.759853e-01
  5.4342e+01     3.760789e-01
  5.4385e+01     3.761716e-01
  5.4428e+01     3.762632e-01
  5.4471e+01     3.763539e-01
  5.4514e+01     3.764437e-01
  5.4557e+01     3.765324e-01
  5.4600e+01     3.766203e-01
  5.4642e+01     3.767072e-01
  5.4685e+01     3.767931e-01
  5.4728e+01     3.768782e-01
  5.4771e+01     3.769624e-01
  5.4814e+01     3.770456e-01
  5.4857e+01     3.771280e-01
  5.4900e+01     3.772095e-01
  5.4942e+01     3.772901e-01
  5.4985e+01     3.773699e-01
  5.5028e+01     3.774488e-01
  5.5071e+01     3.775268e-01
  5.5114e+01     3.776041e-01
  5.5157e+01     3.776805e-01
  5.5200e+01     3.777560e-01
  5.5242e+01     3.778308e-01
  5.5285e+01     3.779048e-01
  5.5328e+01     3.779780e-01
  5.5371e+01     3.780504e-01
  5.5414e+01     3.781220e-01
  5.5457e+01     3.781928e-01
  5.5500e+01     3.782629e-01
  5.5542e+01     3.783323e-01
  5.5585e+01     3.784008e-01
  5.5628e+01     3.784687e-01
  5.5671e+01     3.785358e-01
  5.5714e+01     3.786022e-01
  5.5757e+01     3.786679e-01
  5.5800e+01     3.787329e-01
  5.5842e+01     3.787972e-01
  5.5885e+01     3.788607e-01
  5.5928e+01     3.789236e-01
  5.5971e+01     3.789859e-01
  5.6014e+01     3.790474e-01
  5.6057e+01     3.791083e-01
  5.6100e+01     3.791685e-01
  5.6142e+01     3.792281e-01
  5.6185e+01     3.792870e-01
  5.6228e+01     3.793453e-01
  5.6271e+01     3.794030e-01
  5.6314e+01     3.794600e-01
  5.6357e+01     3.795164e-01
  5.6400e+01     3.795722e-01
  5.6442e+01     3.796274e-01
  5.6485e+01     3.796820e-01
  5.6528e+01     3.797361e-01
  5.6571e+01     3.797895e-01
  5.6614e+01     3.798423e-01
  5.6657e+01     3.798946e-01
  5.6700e+01     3.799463e-01
  5.6742e+01     3.799975e-01
  5.6785e+01     3.800480e-01
  5.6828e+01     3.800981e-01
  5.6871e+01     3.801476e-01
  5.6914e+01     3.801965e-01
  5.6957e+01     3.802450e-01
  5.7000e+01     3.802929e-01
  5.7042e+01     3.803402e-01
  5.7085e+01     3.803871e-01
  5.7128e+01     3.804335e-01
  5.7171e+01     3.804793e-01
  5.7214e+01     3.805246e-01
  5.7257e+01     3.805695e-01
  5.7300e+01     3.806139e-01
  5.7342e+01     3.806577e-01
  5.7385e+01     3.807011e-01
  5.7428e+01     3.807441e-01
  5.7471e+01     3.807865e-01
  5.7514e+01     3.808285e-01
  5.7557e+01     3.808701e-01
  5.7600e+01     3.809111e-01
  5.7642e+01     3.809518e-01
  5.7685e+01     3.809920e-01
  5.7728e+01     3.810317e-01
  5.7771e+01     3.810710e-01
  5.7814e+01     3.811099e-01
  5.7857e+01     3.811484e-01
  5.7900e+01     3.811864e-01
  5.7942e+01     3.812240e-01
  5.7985e+01     3.812612e-01
  5.8028e+01     3.812980e-01
  5.8071e+01     3.813344e-01
  5.8114e+01     3.813704e-01
  5.8157e+01     3.814060e-01
  5.8200e+01     3.814413e-01
  5.8242e+01     3.814761e-01
  5.8285e+01     3.815105e-01
  5.8328e+01     3.815446e-01
  5.8371e+01     3.815783e-01
  5.8414e+01     3.816116e-01
  5.8457e+01     3.816446e-01
  5.8500e+01     3.816772e-01
  5.8542e+01     3.817094e-01
  5.8585e+01     3.817413e-01
  5.8628e+01     3.817729e-01
  5.8671e+01     3.818041e-01
  5.8714e+01     3.818349e-01
  5.8757e+01     3.818654e-01
  5.8800e+01     3.818956e-01
  5.8842e+01     3.819254e-01
  5.8885e+01     3.819549e-01
  5.8928e+01     3.819841e-01
  5.8971e+01     3.820130e-01
  5.9014e+01     3.820415e-01
  5.9057e+01     3.820698e-01
  5.9100e+01     3.820977e-01
  5.9142e+01     3.821253e-01
  5.9185e+01     3.821526e-01
  5.9228e+01     3.821797e-01
  5.9271e+01     3.822064e-01
  5.9314e+01     3.822328e-01
  5.9357e+01     3.822589e-01
  5.9400e+01     3.822848e-01
  5.9442e+01     3.823103e-01
  5.9485e+01     3.823356e-01
  5.9528e+01     3.823606e-01
  5.9571e+01     3.823853e-01
  5.9614e+01     3.824098e-01
  5.9657e+01     3.824339e-01
  5.9700e+01     3.824579e-01
  5.9742e+01     3.824815e-01
  5.9785e+01     3.825049e-01
  5.9828e+01     3.825280e-01
  5.9871e+01     3.825509e-01
  5.9914e+01     3.825735e-01
  5.9957e+01     3.825959e-01
