# Epidemic | immune persons [ x-unit: transmission cycles | y-unit: ]
  0.0000e+00     1.000000e-05
  4.2857e-02     1.053571e-05
  8.5714e-02     1.107143e-05
  1.2857e-01     1.160714e-05
  1.7143e-01     1.214286e-05
  2.1429e-01     1.267857e-05
  2.5714e-01     1.321429e-05
  3.0000e-01     1.375081e-05
  3.4286e-01     1.429389e-05
  3.8571e-01     1.484444e-05
  4.2857e-01     1.540254e-05
  4.7143e-01     1.596832e-05
  5.1429e-01     1.654187e-05
  5.5714e-01     1.712330e-05
  6.0000e-01     1.771272e-05
  6.4286e-01     1.831024e-05
  6.8571e-01     1.891597e-05
  7.2857e-01     1.953002e-05
  7.7143e-01     2.015251e-05
  8.1429e-01     2.078355e-05
  8.5714e-01     2.142327e-05
  9.0000e-01     2.207177e-05
  9.4286e-01     2.272919e-05
  9.8571e-01     2.339564e-05
  1.0285e+00     2.407125e-05
  1.0714e+00     2.475614e-05
  1.1142e+00     2.545044e-05
  1.1571e+00     2.615428e-05
  1.2000e+00     2.686779e-05
  1.2428e+00     2.759110e-05
  1.2857e+00     2.832436e-05
  1.3285e+00     2.906769e-05
  1.3714e+00     2.982123e-05
  1.4142e+00     3.058513e-05
  1.4571e+00     3.135952e-05
  1.5000e+00     3.214455e-05
  1.5428e+00     3.294037e-05
  1.5857e+00     3.374713e-05
  1.6285e+00     3.456496e-05
  1.6714e+00     3.539404e-05
  1.7142e+00     3.623451e-05
  1.7571e+00     3.708652e-05
  1.8000e+00     3.795025e-05
  1.8428e+00     3.882584e-05
  1.8857e+00     3.971346e-05
  1.9285e+00     4.061327e-05
  1.9714e+00     4.152545e-05
  2.0142e+00     4.245017e-05
  2.0571e+00     4.338758e-05
  2.1000e+00     4.433788e-05
  2.1428e+00     4.530124e-05
  2.1857e+00     4.627783e-05
  2.2285e+00     4.726784e-05
  2.2714e+00     4.827145e-05
  2.3142e+00     4.928885e-05
  2.3571e+00     5.032023e-05
  2.4000e+00     5.136578e-05
  2.4428e+00     5.242569e-05
  2.4857e+00     5.350017e-05
  2.5285e+00     5.458941e-05
  2.5714e+00     5.569361e-05
  2.6142e+00     5.681299e-05
  2.6571e+00     5.794774e-05
  2.7000e+00     5.909809e-05
  2.7428e+00     6.026424e-05
  2.7857e+00     6.144641e-05
  2.8285e+00     6.264482e-05
  2.8714e+00     6.385970e-05
  2.9142e+00     6.509127e-05
  2.9571e+00     6.633976e-05
  3.0000e+00     6.760540e-05
  3.0428e+00     6.888843e-05
  3.0857e+00     7.018908e-05
  3.1285e+00     7.150761e-05
  3.1714e+00     7.284425e-05
  3.2142e+00     7.419925e-05
  3.2571e+00     7.557287e-05
  3.3000e+00     7.696536e-05
  3.3428e+00     7.837699e-05
  3.3857e+00     7.980800e-05
  3.4285e+00     8.125867e-05
  3.4714e+00     8.272928e-05
  3.5142e+00     8.422008e-05
  3.5571e+00     8.573137e-05
  3.6000e+00     8.726342e-05
  3.6428e+00     8.881651e-05
  3.6857e+00     9.039094e-05
  3.7285e+00     9.198700e-05
  3.7714e+00     9.360499e-05
  3.8142e+00     9.524520e-05
  3.8571e+00     9.690795e-05
  3.9000e+00     9.859354e-05
  3.9428e+00     1.003023e-04
  3.9857e+00     1.020345e-04
  4.0285e+00     1.037905e-04
  4.0714e+00     1.055706e-04
  4.1142e+00     1.073752e-04
  4.1571e+00     1.092046e-04
  4.2000e+00     1.110591e-04
  4.2428e+00     1.129391e-04
  4.2857e+00     1.148449e-04
  4.3285e+00     1.167769e-04
  4.3714e+00     1.187354e-04
  4.4142e+00     1.207208e-04
  4.4571e+00     1.227335e-04
  4.5000e+00     1.247739e-04
  4.5428e+00     1.268423e-04
  4.5857e+00     1.289391e-04
  4.6285e+00     1.310646e-04
  4.6714e+00     1.332194e-04
  4.7142e+00     1.354038e-04
  4.7571e+00     1.376182e-04
  4.8000e+00     1.398630e-04
  4.8428e+00     1.421386e-04
  4.8857e+00     1.444455e-04
  4.9285e+00     1.467841e-04
  4.9714e+00     1.491548e-04
  5.0142e+00     1.515581e-04
  5.0571e+00     1.539943e-04
  5.1000e+00     1.564641e-04
  5.1428e+00     1.589677e-04
  5.1857e+00     1.615057e-04
  5.2285e+00     1.640786e-04
  5.2714e+00     1.666869e-04
  5.3142e+00     1.693309e-04
  5.3571e+00     1.720113e-04
  5.4000e+00     1.747285e-04
  5.4428e+00     1.774830e-04
  5.4857e+00     1.802753e-04
  5.5285e+00     1.831060e-04
  5.5714e+00     1.859756e-04
  5.6142e+00     1.888845e-04
  5.6571e+00     1.918334e-04
  5.7000e+00     1.948228e-04
  5.7428e+00     1.978533e-04
  5.7857e+00     2.009254e-04
  5.8285e+00     2.040397e-04
  5.8714e+00     2.071967e-04
  5.9142e+00     2.103971e-04
  5.9571e+00     2.136414e-04
  6.0000e+00     2.169303e-04
  6.0428e+00     2.202644e-04
  6.0857e+00     2.236442e-04
  6.1285e+00     2.270705e-04
  6.1714e+00     2.305438e-04
  6.2142e+00     2.340648e-04
  6.2571e+00     2.376341e-04
  6.3000e+00     2.412525e-04
  6.3428e+00     2.449205e-04
  6.3857e+00     2.486389e-04
  6.4285e+00     2.524084e-04
  6.4714e+00     2.562296e-04
  6.5142e+00     2.601033e-04
  6.5571e+00     2.640302e-04
  6.6000e+00     2.680110e-04
  6.6428e+00     2.720464e-04
  6.6857e+00     2.761373e-04
  6.7285e+00     2.802843e-04
  6.7714e+00     2.844882e-04
  6.8142e+00     2.887499e-04
  6.8571e+00     2.930701e-04
  6.9000e+00     2.974496e-04
  6.9428e+00     3.018892e-04
  6.9857e+00     3.063898e-04
  7.0285e+00     3.109521e-04
  7.0714e+00     3.155771e-04
  7.1142e+00     3.202656e-04
  7.1571e+00     3.250184e-04
  7.2000e+00     3.298365e-04
  7.2428e+00     3.347207e-04
  7.2857e+00     3.396720e-04
  7.3285e+00     3.446912e-04
  7.3714e+00     3.497793e-04
  7.4142e+00     3.549373e-04
  7.4571e+00     3.601660e-04
  7.5000e+00     3.654666e-04
  7.5428e+00     3.708399e-04
  7.5857e+00     3.762869e-04
  7.6285e+00     3.818087e-04
  7.6714e+00     3.874063e-04
  7.7142e+00     3.930807e-04
  7.7571e+00     3.988330e-04
  7.8000e+00     4.046642e-04
  7.8428e+00     4.105755e-04
  7.8857e+00     4.165679e-04
  7.9285e+00     4.226425e-04
  7.9714e+00     4.288005e-04
  8.0142e+00     4.350430e-04
  8.0571e+00     4.413712e-04
  8.1000e+00     4.477861e-04
  8.1428e+00     4.542892e-04
  8.1857e+00     4.608814e-04
  8.2285e+00     4.675641e-04
  8.2714e+00     4.743385e-04
  8.3142e+00     4.812059e-04
  8.3571e+00     4.881675e-04
  8.4000e+00     4.952246e-04
  8.4428e+00     5.023785e-04
  8.4857e+00     5.096306e-04
  8.5285e+00     5.169822e-04
  8.5714e+00     5.244346e-04
  8.6142e+00     5.319892e-04
  8.6571e+00     5.396475e-04
  8.7000e+00     5.474109e-04
  8.7428e+00     5.552808e-04
  8.7857e+00     5.632586e-04
  8.8285e+00     5.713458e-04
  8.8714e+00     5.795440e-04
  8.9142e+00     5.878546e-04
  8.9571e+00     5.962792e-04
  9.0000e+00     6.048194e-04
  9.0428e+00     6.134767e-04
  9.0857e+00     6.222527e-04
  9.1285e+00     6.311491e-04
  9.1714e+00     6.401675e-04
  9.2142e+00     6.493095e-04
  9.2571e+00     6.585770e-04
  9.3000e+00     6.679715e-04
  9.3428e+00     6.774948e-04
  9.3857e+00     6.871487e-04
  9.4285e+00     6.969350e-04
  9.4714e+00     7.068555e-04
  9.5142e+00     7.169120e-04
  9.5571e+00     7.271064e-04
  9.6000e+00     7.374405e-04
  9.6428e+00     7.479164e-04
  9.6857e+00     7.585358e-04
  9.7285e+00     7.693008e-04
  9.7714e+00     7.802134e-04
  9.8142e+00     7.912755e-04
  9.8571e+00     8.024893e-04
  9.9000e+00     8.138568e-04
  9.9428e+00     8.253801e-04
  9.9857e+00     8.370614e-04
  1.0028e+01     8.489027e-04
  1.0071e+01     8.609063e-04
  1.0114e+01     8.730744e-04
  1.0157e+01     8.854093e-04
  1.0200e+01     8.979132e-04
  1.0242e+01     9.105884e-04
  1.0285e+01     9.234373e-04
  1.0328e+01     9.364623e-04
  1.0371e+01     9.496657e-04
  1.0414e+01     9.630500e-04
  1.0457e+01     9.766176e-04
  1.0500e+01     9.903711e-04
  1.0542e+01     1.004313e-03
  1.0585e+01     1.018446e-03
  1.0628e+01     1.032772e-03
  1.0671e+01     1.047295e-03
  1.0714e+01     1.062017e-03
  1.0757e+01     1.076940e-03
  1.0800e+01     1.092068e-03
  1.0842e+01     1.107402e-03
  1.0885e+01     1.122947e-03
  1.0928e+01     1.138705e-03
  1.0971e+01     1.154678e-03
  1.1014e+01     1.170870e-03
  1.1057e+01     1.187284e-03
  1.1100e+01     1.203922e-03
  1.1142e+01     1.220788e-03
  1.1185e+01     1.237885e-03
  1.1228e+01     1.255216e-03
  1.1271e+01     1.272785e-03
  1.1314e+01     1.290594e-03
  1.1357e+01     1.308646e-03
  1.1400e+01     1.326945e-03
  1.1442e+01     1.345495e-03
  1.1485e+01     1.364299e-03
  1.1528e+01     1.383360e-03
  1.1571e+01     1.402682e-03
  1.1614e+01     1.422268e-03
  1.1657e+01     1.442122e-03
  1.1700e+01     1.462248e-03
  1.1742e+01     1.482649e-03
  1.1785e+01     1.503329e-03
  1.1828e+01     1.524291e-03
  1.1871e+01     1.545541e-03
  1.1914e+01     1.567081e-03
  1.1957e+01     1.588915e-03
  1.2000e+01     1.611048e-03
  1.2042e+01     1.633484e-03
  1.2085e+01     1.656226e-03
  1.2128e+01     1.679280e-03
  1.2171e+01     1.702648e-03
  1.2214e+01     1.726336e-03
  1.2257e+01     1.750347e-03
  1.2300e+01     1.774687e-03
  1.2342e+01     1.799359e-03
  1.2385e+01     1.824368e-03
  1.2428e+01     1.849719e-03
  1.2471e+01     1.875417e-03
  1.2514e+01     1.901465e-03
  1.2557e+01     1.927869e-03
  1.2600e+01     1.954634e-03
  1.2642e+01     1.981764e-03
  1.2685e+01     2.009265e-03
  1.2728e+01     2.037141e-03
  1.2771e+01     2.065398e-03
  1.2814e+01     2.094040e-03
  1.2857e+01     2.123074e-03
  1.2900e+01     2.152504e-03
  1.2942e+01     2.182335e-03
  1.2985e+01     2.212574e-03
  1.3028e+01     2.243225e-03
  1.3071e+01     2.274294e-03
  1.3114e+01     2.305788e-03
  1.3157e+01     2.337711e-03
  1.3200e+01     2.370069e-03
  1.3242e+01     2.402869e-03
  1.3285e+01     2.436115e-03
  1.3328e+01     2.469816e-03
  1.3371e+01     2.503976e-03
  1.3414e+01     2.538601e-03
  1.3457e+01     2.573698e-03
  1.3500e+01     2.609274e-03
  1.3542e+01     2.645335e-03
  1.3585e+01     2.681887e-03
  1.3628e+01     2.718937e-03
  1.3671e+01     2.756492e-03
  1.3714e+01     2.794558e-03
  1.3757e+01     2.833143e-03
  1.3800e+01     2.872253e-03
  1.3842e+01     2.911896e-03
  1.3885e+01     2.952078e-03
  1.3928e+01     2.992808e-03
  1.3971e+01     3.034092e-03
  1.4014e+01     3.075937e-03
  1.4057e+01     3.118353e-03
  1.4100e+01     3.161345e-03
  1.4142e+01     3.204922e-03
  1.4185e+01     3.249092e-03
  1.4228e+01     3.293862e-03
  1.4271e+01     3.339242e-03
  1.4314e+01     3.385238e-03
  1.4357e+01     3.431860e-03
  1.4400e+01     3.479115e-03
  1.4442e+01     3.527013e-03
  1.4485e+01     3.575561e-03
  1.4528e+01     3.624769e-03
  1.4571e+01     3.674646e-03
  1.4614e+01     3.725200e-03
  1.4657e+01     3.776440e-03
  1.4700e+01     3.828376e-03
  1.4742e+01     3.881017e-03
  1.4785e+01     3.934373e-03
  1.4828e+01     3.988452e-03
  1.4871e+01     4.043266e-03
  1.4914e+01     4.098823e-03
  1.4957e+01     4.155133e-03
  1.5000e+01     4.212207e-03
  1.5042e+01     4.270055e-03
  1.5085e+01     4.328687e-03
  1.5128e+01     4.388114e-03
  1.5171e+01     4.448346e-03
  1.5214e+01     4.509394e-03
  1.5257e+01     4.571269e-03
  1.5300e+01     4.633981e-03
  1.5342e+01     4.697543e-03
  1.5385e+01     4.761966e-03
  1.5428e+01     4.827260e-03
  1.5471e+01     4.893438e-03
  1.5514e+01     4.960511e-03
  1.5557e+01     5.028491e-03
  1.5600e+01     5.097391e-03
  1.5642e+01     5.167222e-03
  1.5685e+01     5.237997e-03
  1.5728e+01     5.309728e-03
  1.5771e+01     5.382428e-03
  1.5814e+01     5.456111e-03
  1.5857e+01     5.530788e-03
  1.5900e+01     5.606474e-03
  1.5942e+01     5.683181e-03
  1.5985e+01     5.760923e-03
  1.6028e+01     5.839714e-03
  1.6071e+01     5.919568e-03
  1.6114e+01     6.000499e-03
  1.6157e+01     6.082520e-03
  1.6200e+01     6.165647e-03
  1.6242e+01     6.249893e-03
  1.6285e+01     6.335275e-03
  1.6328e+01     6.421806e-03
  1.6371e+01     6.509502e-03
  1.6414e+01     6.598378e-03
  1.6457e+01     6.688450e-03
  1.6500e+01     6.779733e-03
  1.6542e+01     6.872244e-03
  1.6585e+01     6.965999e-03
  1.6628e+01     7.061013e-03
  1.6671e+01     7.157303e-03
  1.6714e+01     7.254887e-03
  1.6757e+01     7.353781e-03
  1.6800e+01     7.454002e-03
  1.6842e+01     7.555568e-03
  1.6885e+01     7.658496e-03
  1.6928e+01     7.762804e-03
  1.6971e+01     7.868510e-03
  1.7014e+01     7.975632e-03
  1.7057e+01     8.084189e-03
  1.7100e+01     8.194199e-03
  1.7142e+01     8.305682e-03
  1.7185e+01     8.418657e-03
  1.7228e+01     8.533142e-03
  1.7271e+01     8.649158e-03
  1.7314e+01     8.766725e-03
  1.7357e+01     8.885862e-03
  1.7400e+01     9.006590e-03
  1.7442e+01     9.128929e-03
  1.7485e+01     9.252901e-03
  1.7528e+01     9.378527e-03
  1.7571e+01     9.505827e-03
  1.7614e+01     9.634824e-03
  1.7657e+01     9.765539e-03
  1.7700e+01     9.897995e-03
  1.7742e+01     1.003221e-02
  1.7785e+01     1.016822e-02
  1.7828e+01     1.030603e-02
  1.7871e+01     1.044567e-02
  1.7914e+01     1.058717e-02
  1.7957e+01     1.073055e-02
  1.8000e+01     1.087584e-02
  1.8042e+01     1.102304e-02
  1.8085e+01     1.117221e-02
  1.8128e+01     1.132334e-02
  1.8171e+01     1.147648e-02
  1.8214e+01     1.163165e-02
  1.8257e+01     1.178887e-02
  1.8300e+01     1.194817e-02
  1.8342e+01     1.210958e-02
  1.8385e+01     1.227312e-02
  1.8428e+01     1.243882e-02
  1.8471e+01     1.260670e-02
  1.8514e+01     1.277680e-02
  1.8557e+01     1.294915e-02
  1.8600e+01     1.312376e-02
  1.8642e+01     1.330067e-02
  1.8685e+01     1.347991e-02
  1.8728e+01     1.366151e-02
  1.8771e+01     1.384550e-02
  1.8814e+01     1.403190e-02
  1.8857e+01     1.422075e-02
  1.8900e+01     1.441207e-02
  1.8942e+01     1.460591e-02
  1.8985e+01     1.480228e-02
  1.9028e+01     1.500123e-02
  1.9071e+01     1.520278e-02
  1.9114e+01     1.540696e-02
  1.9157e+01     1.561382e-02
  1.9200e+01     1.582337e-02
  1.9242e+01     1.603566e-02
  1.9285e+01     1.625071e-02
  1.9328e+01     1.646857e-02
  1.9371e+01     1.668927e-02
  1.9414e+01     1.691283e-02
  1.9457e+01     1.713931e-02
  1.9500e+01     1.736872e-02
  1.9542e+01     1.760112e-02
  1.9585e+01     1.783652e-02
  1.9628e+01     1.807498e-02
  1.9671e+01     1.831653e-02
  1.9714e+01     1.856120e-02
  1.9757e+01     1.880903e-02
  1.9800e+01     1.906007e-02
  1.9842e+01     1.931435e-02
  1.9885e+01     1.957190e-02
  1.9928e+01     1.983277e-02
  1.9971e+01     2.009700e-02
  2.0014e+01     2.036463e-02
  2.0057e+01     2.063570e-02
  2.0100e+01     2.091024e-02
  2.0142e+01     2.118831e-02
  2.0185e+01     2.146994e-02
  2.0228e+01     2.175517e-02
  2.0271e+01     2.204406e-02
  2.0314e+01     2.233663e-02
  2.0357e+01     2.263293e-02
  2.0400e+01     2.293301e-02
  2.0442e+01     2.323692e-02
  2.0485e+01     2.354469e-02
  2.0528e+01     2.385636e-02
  2.0571e+01     2.417200e-02
  2.0614e+01     2.449164e-02
  2.0657e+01     2.481532e-02
  2.0700e+01     2.514310e-02
  2.0742e+01     2.547503e-02
  2.0785e+01     2.581114e-02
  2.0828e+01     2.615149e-02
  2.0871e+01     2.649612e-02
  2.0914e+01     2.684509e-02
  2.0957e+01     2.719844e-02
  2.1000e+01     2.755622e-02
  2.1042e+01     2.791849e-02
  2.1085e+01     2.828529e-02
  2.1128e+01     2.865667e-02
  2.1171e+01     2.903269e-02
  2.1214e+01     2.941339e-02
  2.1257e+01     2.979883e-02
  2.1300e+01     3.018906e-02
  2.1342e+01     3.058413e-02
  2.1385e+01     3.098410e-02
  2.1428e+01     3.138902e-02
  2.1471e+01     3.179895e-02
  2.1514e+01     3.221393e-02
  2.1557e+01     3.263402e-02
  2.1600e+01     3.305928e-02
  2.1642e+01     3.348977e-02
  2.1685e+01     3.392553e-02
  2.1728e+01     3.436663e-02
  2.1771e+01     3.481312e-02
  2.1814e+01     3.526506e-02
  2.1857e+01     3.572250e-02
  2.1900e+01     3.618551e-02
  2.1942e+01     3.665414e-02
  2.1985e+01     3.712845e-02
  2.2028e+01     3.760850e-02
  2.2071e+01     3.809434e-02
  2.2114e+01     3.858605e-02
  2.2157e+01     3.908367e-02
  2.2200e+01     3.958726e-02
  2.2242e+01     4.009690e-02
  2.2285e+01     4.061263e-02
  2.2328e+01     4.113452e-02
  2.2371e+01     4.166263e-02
  2.2414e+01     4.219702e-02
  2.2457e+01     4.273776e-02
  2.2500e+01     4.328490e-02
  2.2542e+01     4.383851e-02
  2.2585e+01     4.439865e-02
  2.2628e+01     4.496538e-02
  2.2671e+01     4.553877e-02
  2.2714e+01     4.611888e-02
  2.2757e+01     4.670577e-02
  2.2800e+01     4.729950e-02
  2.2842e+01     4.790015e-02
  2.2885e+01     4.850777e-02
  2.2928e+01     4.912243e-02
  2.2971e+01     4.974419e-02
  2.3014e+01     5.037312e-02
  2.3057e+01     5.100928e-02
  2.3100e+01     5.165274e-02
  2.3142e+01     5.230356e-02
  2.3185e+01     5.296180e-02
  2.3228e+01     5.362754e-02
  2.3271e+01     5.430083e-02
  2.3314e+01     5.498174e-02
  2.3357e+01     5.567034e-02
  2.3400e+01     5.636669e-02
  2.3442e+01     5.707086e-02
  2.3485e+01     5.778290e-02
  2.3528e+01     5.850289e-02
  2.3571e+01     5.923089e-02
  2.3614e+01     5.996697e-02
  2.3657e+01     6.071119e-02
  2.3700e+01     6.146361e-02
  2.3742e+01     6.222430e-02
  2.3785e+01     6.299332e-02
  2.3828e+01     6.377074e-02
  2.3871e+01     6.455662e-02
  2.3914e+01     6.535102e-02
  2.3957e+01     6.615401e-02
  2.4000e+01     6.696565e-02
  2.4042e+01     6.778600e-02
  2.4085e+01     6.861513e-02
  2.4128e+01     6.945310e-02
  2.4171e+01     7.029996e-02
  2.4214e+01     7.115578e-02
  2.4257e+01     7.202063e-02
  2.4300e+01     7.289455e-02
  2.4342e+01     7.377761e-02
  2.4385e+01     7.466987e-02
  2.4428e+01     7.557139e-02
  2.4471e+01     7.648223e-02
  2.4514e+01     7.740243e-02
  2.4557e+01     7.833207e-02
  2.4600e+01     7.927120e-02
  2.4642e+01     8.021986e-02
  2.4685e+01     8.117812e-02
  2.4728e+01     8.214603e-02
  2.4771e+01     8.312364e-02
  2.4814e+01     8.411101e-02
  2.4857e+01     8.510819e-02
  2.4900e+01     8.611522e-02
  2.4942e+01     8.713215e-02
  2.4985e+01     8.815904e-02
  2.5028e+01     8.919593e-02
  2.5071e+01     9.024287e-02
  2.5114e+01     9.129991e-02
  2.5157e+01     9.236708e-02
  2.5200e+01     9.344443e-02
  2.5242e+01     9.453200e-02
  2.5285e+01     9.562984e-02
  2.5328e+01     9.673797e-02
  2.5371e+01     9.785645e-02
  2.5414e+01     9.898531e-02
  2.5457e+01     1.001246e-01
  2.5500e+01     1.012743e-01
  2.5542e+01     1.024345e-01
  2.5585e+01     1.036052e-01
  2.5628e+01     1.047864e-01
  2.5671e+01     1.059782e-01
  2.5714e+01     1.071806e-01
  2.5757e+01     1.083936e-01
  2.5800e+01     1.096172e-01
  2.5842e+01     1.108515e-01
  2.5885e+01     1.120965e-01
  2.5928e+01     1.133522e-01
  2.5971e+01     1.146185e-01
  2.6014e+01     1.158956e-01
  2.6057e+01     1.171835e-01
  2.6100e+01     1.184820e-01
  2.6142e+01     1.197914e-01
  2.6185e+01     1.211114e-01
  2.6228e+01     1.224423e-01
  2.6271e+01     1.237839e-01
  2.6314e+01     1.251362e-01
  2.6357e+01     1.264993e-01
  2.6400e+01     1.278731e-01
  2.6442e+01     1.292577e-01
  2.6485e+01     1.306530e-01
  2.6528e+01     1.320590e-01
  2.6571e+01     1.334757e-01
  2.6614e+01     1.349031e-01
  2.6657e+01     1.363411e-01
  2.6700e+01     1.377898e-01
  2.6742e+01     1.392491e-01
  2.6785e+01     1.407189e-01
  2.6828e+01     1.421993e-01
  2.6871e+01     1.436902e-01
  2.6914e+01     1.451916e-01
  2.6957e+01     1.467034e-01
  2.7000e+01     1.482256e-01
  2.7042e+01     1.497581e-01
  2.7085e+01     1.513010e-01
  2.7128e+01     1.528541e-01
  2.7171e+01     1.544173e-01
  2.7214e+01     1.559907e-01
  2.7257e+01     1.575742e-01
  2.7300e+01     1.591677e-01
  2.7342e+01     1.607711e-01
  2.7385e+01     1.623844e-01
  2.7428e+01     1.640075e-01
  2.7471e+01     1.656403e-01
  2.7514e+01     1.672827e-01
  2.7557e+01     1.689347e-01
  2.7600e+01     1.705962e-01
  2.7642e+01     1.722670e-01
  2.7685e+01     1.739472e-01
  2.7728e+01     1.756365e-01
  2.7771e+01     1.773349e-01
  2.7814e+01     1.790424e-01
  2.7857e+01     1.807587e-01
  2.7900e+01     1.824838e-01
  2.7942e+01     1.842176e-01
  2.7985e+01     1.859599e-01
  2.8028e+01     1.877107e-01
  2.8071e+01     1.894697e-01
  2.8114e+01     1.912370e-01
  2.8157e+01     1.930123e-01
  2.8200e+01     1.947956e-01
  2.8242e+01     1.965867e-01
  2.8285e+01     1.983854e-01
  2.8328e+01     2.001916e-01
  2.8371e+01     2.020052e-01
  2.8414e+01     2.038261e-01
  2.8457e+01     2.056540e-01
  2.8500e+01     2.074888e-01
  2.8542e+01     2.093304e-01
  2.8585e+01     2.111786e-01
  2.8628e+01     2.130333e-01
  2.8671e+01     2.148942e-01
  2.8714e+01     2.167613e-01
  2.8757e+01     2.186343e-01
  2.8800e+01     2.205130e-01
  2.8842e+01     2.223974e-01
  2.8885e+01     2.242871e-01
  2.8928e+01     2.261821e-01
  2.8971e+01     2.280822e-01
  2.9014e+01     2.299871e-01
  2.9057e+01     2.318966e-01
  2.9100e+01     2.338107e-01
  2.9142e+01     2.357290e-01
  2.9185e+01     2.376514e-01
  2.9228e+01     2.395777e-01
  2.9271e+01     2.415076e-01
  2.9314e+01     2.434411e-01
  2.9357e+01     2.453778e-01
  2.9400e+01     2.473176e-01
  2.9442e+01     2.492602e-01
  2.9485e+01     2.512055e-01
  2.9528e+01     2.531533e-01
  2.9571e+01     2.551032e-01
  2.9614e+01     2.570552e-01
  2.9657e+01     2.590089e-01
  2.9700e+01     2.609642e-01
  2.9742e+01     2.629208e-01
  2.9785e+01     2.648786e-01
  2.9828e+01     2.668372e-01
  2.9871e+01     2.687966e-01
  2.9914e+01     2.707564e-01
  2.9957e+01     2.727164e-01
  3.0000e+01     2.746764e-01
  3.0042e+01     2.766362e-01
  3.0085e+01     2.785956e-01
  3.0128e+01     2.805542e-01
  3.0171e+01     2.825120e-01
  3.0214e+01     2.844686e-01
  3.0257e+01     2.864239e-01
  3.0300e+01     2.883775e-01
  3.0342e+01     2.903294e-01
  3.0385e+01     2.922792e-01
  3.0428e+01     2.942267e-01
  3.0471e+01     2.961717e-01
  3.0514e+01     2.981140e-01
  3.0557e+01     3.000533e-01
  3.0600e+01     3.019894e-01
  3.0642e+01     3.039222e-01
  3.0685e+01     3.058513e-01
  3.0728e+01     3.077766e-01
  3.0771e+01     3.096978e-01
  3.0814e+01     3.116147e-01
  3.0857e+01     3.135271e-01
  3.0900e+01     3.154347e-01
  3.0942e+01     3.173375e-01
  3.0985e+01     3.192350e-01
  3.1028e+01     3.211272e-01
  3.1071e+01     3.230139e-01
  3.1114e+01     3.248947e-01
  3.1157e+01     3.267696e-01
  3.1200e+01     3.286382e-01
  3.1242e+01     3.305005e-01
  3.1285e+01     3.323562e-01
  3.1328e+01     3.342051e-01
  3.1371e+01     3.360470e-01
  3.1414e+01     3.378817e-01
  3.1457e+01     3.397090e-01
  3.1500e+01     3.415288e-01
  3.1542e+01     3.433409e-01
  3.1585e+01     3.451451e-01
  3.1628e+01     3.469411e-01
  3.1671e+01     3.487289e-01
  3.1714e+01     3.505083e-01
  3.1757e+01     3.522790e-01
  3.1800e+01     3.540410e-01
  3.1842e+01     3.557941e-01
  3.1885e+01     3.575380e-01
  3.1928e+01     3.592728e-01
  3.1971e+01     3.609981e-01
  3.2014e+01     3.627139e-01
  3.2057e+01     3.644200e-01
  3.2100e+01     3.661163e-01
  3.2142e+01     3.678026e-01
  3.2185e+01     3.694788e-01
  3.2228e+01     3.711448e-01
  3.2271e+01     3.728005e-01
  3.2314e+01     3.744456e-01
  3.2357e+01     3.760802e-01
  3.2400e+01     3.777041e-01
  3.2442e+01     3.793172e-01
  3.2485e+01     3.809194e-01
  3.2528e+01     3.825105e-01
  3.2571e+01     3.840905e-01
  3.2614e+01     3.856593e-01
  3.2657e+01     3.872168e-01
  3.2700e+01     3.887629e-01
  3.2742e+01     3.902975e-01
  3.2785e+01     3.918206e-01
  3.2828e+01     3.933321e-01
  3.2871e+01     3.948318e-01
  3.2914e+01     3.963198e-01
  3.2957e+01     3.977959e-01
  3.3000e+01     3.992602e-01
  3.3042e+01     4.007125e-01
  3.3085e+01     4.021528e-01
  3.3128e+01     4.035811e-01
  3.3171e+01     4.049973e-01
  3.3214e+01     4.064014e-01
  3.3257e+01     4.077932e-01
  3.3300e+01     4.091729e-01
  3.3342e+01     4.105404e-01
  3.3385e+01     4.118956e-01
  3.3428e+01     4.132385e-01
  3.3471e+01     4.145691e-01
  3.3514e+01     4.158874e-01
  3.3557e+01     4.171934e-01
  3.3600e+01     4.184870e-01
  3.3642e+01     4.197683e-01
  3.3685e+01     4.210373e-01
  3.3728e+01     4.222939e-01
  3.3771e+01     4.235381e-01
  3.3814e+01     4.247701e-01
  3.3857e+01     4.259897e-01
  3.3900e+01     4.271970e-01
  3.3942e+01     4.283921e-01
  3.3985e+01     4.295748e-01
  3.4028e+01     4.307453e-01
  3.4071e+01     4.319036e-01
  3.4114e+01     4.330497e-01
  3.4157e+01     4.341836e-01
  3.4200e+01     4.353054e-01
  3.4242e+01     4.364151e-01
  3.4285e+01     4.375127e-01
  3.4328e+01     4.385983e-01
  3.4371e+01     4.396719e-01
  3.4414e+01     4.407336e-01
  3.4457e+01     4.417834e-01
  3.4500e+01     4.428214e-01
  3.4542e+01     4.438476e-01
  3.4585e+01     4.448620e-01
  3.4628e+01     4.458648e-01
  3.4671e+01     4.468560e-01
  3.4714e+01     4.478356e-01
  3.4757e+01     4.488037e-01
  3.4800e+01     4.497604e-01
  3.4842e+01     4.507057e-01
  3.4885e+01     4.516397e-01
  3.4928e+01     4.525625e-01
  3.4971e+01     4.534741e-01
  3.5014e+01     4.543746e-01
  3.5057e+01     4.552641e-01
  3.5100e+01     4.561426e-01
  3.5142e+01     4.570103e-01
  3.5185e+01     4.578672e-01
  3.5228e+01     4.587133e-01
  3.5271e+01     4.595488e-01
  3.5314e+01     4.603738e-01
  3.5357e+01     4.611882e-01
  3.5400e+01     4.619923e-01
  3.5442e+01     4.627860e-01
  3.5485e+01     4.635695e-01
  3.5528e+01     4.643429e-01
  3.5571e+01     4.651061e-01
  3.5614e+01     4.658594e-01
  3.5657e+01     4.666028e-01
  3.5700e+01     4.673364e-01
  3.5742e+01     4.680603e-01
  3.5785e+01     4.687745e-01
  3.5828e+01     4.694792e-01
  3.5871e+01     4.701744e-01
  3.5914e+01     4.708602e-01
  3.5957e+01     4.715367e-01
  3.6000e+01     4.722041e-01
  3.6042e+01     4.728623e-01
  3.6085e+01     4.735116e-01
  3.6128e+01     4.741519e-01
  3.6171e+01     4.747833e-01
  3.6214e+01     4.754060e-01
  3.6257e+01     4.760201e-01
  3.6300e+01     4.766256e-01
  3.6342e+01     4.772226e-01
  3.6385e+01     4.778112e-01
  3.6428e+01     4.783916e-01
  3.6471e+01     4.789637e-01
  3.6514e+01     4.795277e-01
  3.6557e+01     4.800836e-01
  3.6600e+01     4.806317e-01
  3.6642e+01     4.811719e-01
  3.6685e+01     4.817043e-01
  3.6728e+01     4.822290e-01
  3.6771e+01     4.827462e-01
  3.6814e+01     4.832558e-01
  3.6857e+01     4.837581e-01
  3.6900e+01     4.842530e-01
  3.6942e+01     4.847407e-01
  3.6985e+01     4.852213e-01
  3.7028e+01     4.856947e-01
  3.7071e+01     4.861612e-01
  3.7114e+01     4.866208e-01
  3.7157e+01     4.870736e-01
  3.7200e+01     4.875197e-01
  3.7242e+01     4.879591e-01
  3.7285e+01     4.883920e-01
  3.7328e+01     4.888184e-01
  3.7371e+01     4.892384e-01
  3.7414e+01     4.896521e-01
  3.7457e+01     4.900595e-01
  3.7500e+01     4.904608e-01
  3.7542e+01     4.908560e-01
  3.7585e+01     4.912453e-01
  3.7628e+01     4.916286e-01
  3.7671e+01     4.920061e-01
  3.7714e+01     4.923778e-01
  3.7757e+01     4.927438e-01
  3.7800e+01     4.931043e-01
  3.7842e+01     4.934592e-01
  3.7885e+01     4.938086e-01
  3.7928e+01     4.941526e-01
  3.7971e+01     4.944914e-01
  3.8014e+01     4.948249e-01
  3.8057e+01     4.951532e-01
  3.8100e+01     4.954764e-01
  3.8142e+01     4.957947e-01
  3.8185e+01     4.961079e-01
  3.8228e+01     4.964163e-01
  3.8271e+01     4.967198e-01
  3.8314e+01     4.970186e-01
  3.8357e+01     4.973127e-01
  3.8400e+01     4.976022e-01
  3.8442e+01     4.978871e-01
  3.8485e+01     4.981676e-01
  3.8528e+01     4.984436e-01
  3.8571e+01     4.987153e-01
  3.8614e+01     4.989826e-01
  3.8657e+01     4.992458e-01
  3.8700e+01     4.995047e-01
  3.8742e+01     4.997595e-01
  3.8785e+01     5.000103e-01
  3.8828e+01     5.002571e-01
  3.8871e+01     5.005000e-01
  3.8914e+01     5.007389e-01
  3.8957e+01     5.009741e-01
  3.9000e+01     5.012055e-01
  3.9042e+01     5.014332e-01
  3.9085e+01     5.016572e-01
  3.9128e+01     5.018776e-01
  3.9171e+01     5.020945e-01
  3.9214e+01     5.023079e-01
  3.9257e+01     5.025178e-01
  3.9300e+01     5.027244e-01
  3.9342e+01     5.029276e-01
  3.9385e+01     5.031275e-01
  3.9428e+01     5.033242e-01
  3.9471e+01     5.035177e-01
  3.9514e+01     5.037081e-01
  3.9557e+01     5.038953e-01
  3.9600e+01     5.040795e-01
  3.9642e+01     5.042608e-01
  3.9685e+01     5.044390e-01
  3.9728e+01     5.046144e-01
  3.9771e+01     5.047869e-01
  3.9814e+01     5.049566e-01
  3.9857e+01     5.051235e-01
  3.9900e+01     5.052877e-01
  3.9942e+01     5.054492e-01
  3.9985e+01     5.056080e-01
  4.0028e+01     5.057643e-01
  4.0071e+01     5.059179e-01
  4.0114e+01     5.060691e-01
  4.0157e+01     5.062178e-01
  4.0200e+01     5.063640e-01
  4.0242e+01     5.065078e-01
  4.0285e+01     5.066492e-01
  4.0328e+01     5.067883e-01
  4.0371e+01     5.069251e-01
  4.0414e+01     5.070597e-01
  4.0457e+01     5.071920e-01
  4.0500e+01     5.073221e-01
  4.0542e+01     5.074501e-01
  4.0585e+01     5.075760e-01
  4.0628e+01     5.076998e-01
  4.0671e+01     5.078215e-01
  4.0714e+01     5.079412e-01
  4.0757e+01     5.080589e-01
  4.0800e+01     5.081747e-01
  4.0842e+01     5.082885e-01
  4.0885e+01     5.084004e-01
  4.0928e+01     5.085105e-01
  4.0971e+01     5.086188e-01
  4.1014e+01     5.087252e-01
  4.1057e+01     5.088299e-01
  4.1100e+01     5.089328e-01
  4.1142e+01     5.090340e-01
  4.1185e+01     5.091335e-01
  4.1228e+01     5.092313e-01
  4.1271e+01     5.093276e-01
  4.1314e+01     5.094222e-01
  4.1357e+01     5.095152e-01
  4.1400e+01     5.096067e-01
  4.1442e+01     5.096966e-01
  4.1485e+01     5.097850e-01
  4.1528e+01     5.098720e-01
  4.1571e+01     5.099574e-01
  4.1614e+01     5.100415e-01
  4.1657e+01     5.101241e-01
  4.1700e+01     5.102054e-01
  4.1742e+01     5.102853e-01
  4.1785e+01     5.103638e-01
  4.1828e+01     5.104411e-01
  4.1871e+01     5.105170e-01
  4.1914e+01     5.105916e-01
  4.1957e+01     5.106650e-01
  4.2000e+01     5.107372e-01
  4.2042e+01     5.108081e-01
  4.2085e+01     5.108779e-01
  4.2128e+01     5.109464e-01
  4.2171e+01     5.110138e-01
  4.2214e+01     5.110801e-01
  4.2257e+01     5.111453e-01
  4.2300e+01     5.112093e-01
  4.2342e+01     5.112723e-01
  4.2385e+01     5.113342e-01
  4.2428e+01     5.113951e-01
  4.2471e+01     5.114549e-01
  4.2514e+01     5.115138e-01
  4.2557e+01     5.115716e-01
  4.2600e+01     5.116284e-01
  4.2642e+01     5.116843e-01
  4.2685e+01     5.117393e-01
  4.2728e+01     5.117933e-01
  4.2771e+01     5.118464e-01
  4.2814e+01     5.118986e-01
  4.2857e+01     5.119499e-01
  4.2900e+01     5.120004e-01
  4.2942e+01     5.120499e-01
  4.2985e+01     5.120987e-01
  4.3028e+01     5.121466e-01
  4.3071e+01     5.121937e-01
  4.3114e+01     5.122400e-01
  4.3157e+01     5.122856e-01
  4.3200e+01     5.123303e-01
  4.3242e+01     5.123743e-01
  4.3285e+01     5.124175e-01
  4.3328e+01     5.124601e-01
  4.3371e+01     5.125018e-01
  4.3414e+01     5.125429e-01
  4.3457e+01     5.125833e-01
  4.3500e+01     5.126230e-01
  4.3542e+01     5.126620e-01
  4.3585e+01     5.127004e-01
  4.3628e+01     5.127381e-01
  4.3671e+01     5.127751e-01
  4.3714e+01     5.128115e-01
  4.3757e+01     5.128474e-01
  4.3800e+01     5.128825e-01
  4.3842e+01     5.129171e-01
  4.3885e+01     5.129512e-01
  4.3928e+01     5.129846e-01
  4.3971e+01     5.130174e-01
  4.4014e+01     5.130497e-01
  4.4057e+01     5.130815e-01
  4.4100e+01     5.131127e-01
  4.4142e+01     5.131434e-01
  4.4185e+01     5.131735e-01
  4.4228e+01     5.132032e-01
  4.4271e+01     5.132323e-01
  4.4314e+01     5.132609e-01
  4.4357e+01     5.132891e-01
  4.4400e+01     5.133168e-01
  4.4442e+01     5.133440e-01
  4.4485e+01     5.133707e-01
  4.4528e+01     5.133970e-01
  4.4571e+01     5.134228e-01
  4.4614e+01     5.134482e-01
  4.4657e+01     5.134731e-01
  4.4700e+01     5.134976e-01
  4.4742e+01     5.135218e-01
  4.4785e+01     5.135454e-01
  4.4828e+01     5.135687e-01
  4.4871e+01     5.135916e-01
  4.4914e+01     5.136141e-01
  4.4957e+01     5.136362e-01
  4.5000e+01     5.136580e-01
  4.5042e+01     5.136793e-01
  4.5085e+01     5.137003e-01
  4.5128e+01     5.137210e-01
  4.5171e+01     5.137413e-01
  4.5214e+01     5.137612e-01
  4.5257e+01     5.137808e-01
  4.5300e+01     5.138001e-01
  4.5342e+01     5.138190e-01
  4.5385e+01     5.138376e-01
  4.5428e+01     5.138559e-01
  4.5471e+01     5.138739e-01
  4.5514e+01     5.138916e-01
  4.5557e+01     5.139089e-01
  4.5600e+01     5.139260e-01
  4.5642e+01     5.139428e-01
  4.5685e+01     5.139593e-01
  4.5728e+01     5.139755e-01
  4.5771e+01     5.139914e-01
  4.5814e+01     5.140071e-01
  4.5857e+01     5.140225e-01
  4.5900e+01     5.140376e-01
  4.5942e+01     5.140525e-01
  4.5985e+01     5.140671e-01
  4.6028e+01     5.140815e-01
  4.6071e+01     5.140956e-01
  4.6114e+01     5.141094e-01
  4.6157e+01     5.141231e-01
  4.6200e+01     5.141365e-01
  4.6242e+01     5.141497e-01
  4.6285e+01     5.141626e-01
  4.6328e+01     5.141753e-01
  4.6371e+01     5.141878e-01
  4.6414e+01     5.142001e-01
  4.6457e+01     5.142122e-01
  4.6500e+01     5.142241e-01
  4.6542e+01     5.142358e-01
  4.6585e+01     5.142472e-01
  4.6628e+01     5.142585e-01
  4.6671e+01     5.142696e-01
  4.6714e+01     5.142805e-01
  4.6757e+01     5.142912e-01
  4.6800e+01     5.143017e-01
  4.6842e+01     5.143121e-01
  4.6885e+01     5.143222e-01
  4.6928e+01     5.143322e-01
  4.6971e+01     5.143420e-01
  4.7014e+01     5.143517e-01
  4.7057e+01     5.143612e-01
  4.7100e+01     5.143705e-01
  4.7142e+01     5.143796e-01
  4.7185e+01     5.143886e-01
  4.7228e+01     5.143975e-01
  4.7271e+01     5.144062e-01
  4.7314e+01     5.144147e-01
  4.7357e+01     5.144231e-01
  4.7400e+01     5.144314e-01
  4.7442e+01     5.144395e-01
  4.7485e+01     5.144475e-01
  4.7528e+01     5.144553e-01
  4.7571e+01     5.144630e-01
  4.7614e+01     5.144706e-01
  4.7657e+01     5.144781e-01
  4.7700e+01     5.144854e-01
  4.7742e+01     5.144926e-01
  4.7785e+01     5.144996e-01
  4.7828e+01     5.145066e-01
  4.7871e+01     5.145134e-01
  4.7914e+01     5.145201e-01
  4.7957e+01     5.145267e-01
  4.8000e+01     5.145332e-01
  4.8042e+01     5.145395e-01
  4.8085e+01     5.145458e-01
  4.8128e+01     5.145520e-01
  4.8171e+01     5.145580e-01
  4.8214e+01     5.145639e-01
  4.8257e+01     5.145698e-01
  4.8300e+01     5.145755e-01
  4.8342e+01     5.145812e-01
  4.8385e+01     5.145867e-01
  4.8428e+01     5.145922e-01
  4.8471e+01     5.145975e-01
  4.8514e+01     5.146028e-01
  4.8557e+01     5.146079e-01
  4.8600e+01     5.146130e-01
  4.8642e+01     5.146180e-01
  4.8685e+01     5.146229e-01
  4.8728e+01     5.146278e-01
  4.8771e+01     5.146325e-01
  4.8814e+01     5.146372e-01
  4.8857e+01     5.146418e-01
  4.8900e+01     5.146463e-01
  4.8942e+01     5.146507e-01
  4.8985e+01     5.146550e-01
  4.9028e+01     5.146593e-01
  4.9071e+01     5.146635e-01
  4.9114e+01     5.146676e-01
  4.9157e+01     5.146717e-01
  4.9200e+01     5.146757e-01
  4.9242e+01     5.146796e-01
  4.9285e+01     5.146835e-01
  4.9328e+01     5.146872e-01
  4.9371e+01     5.146910e-01
  4.9414e+01     5.146946e-01
  4.9457e+01     5.146982e-01
  4.9500e+01     5.147018e-01
  4.9542e+01     5.147052e-01
  4.9585e+01     5.147086e-01
  4.9628e+01     5.147120e-01
  4.9671e+01     5.147153e-01
  4.9714e+01     5.147185e-01
  4.9757e+01     5.147217e-01
  4.9800e+01     5.147248e-01
  4.9842e+01     5.147279e-01
  4.9885e+01     5.147309e-01
  4.9928e+01     5.147339e-01
  4.9971e+01     5.147368e-01
  5.0014e+01     5.147397e-01
  5.0057e+01     5.147425e-01
  5.0100e+01     5.147453e-01
  5.0142e+01     5.147480e-01
  5.0185e+01     5.147507e-01
  5.0228e+01     5.147533e-01
  5.0271e+01     5.147559e-01
  5.0314e+01     5.147584e-01
  5.0357e+01     5.147609e-01
  5.0400e+01     5.147634e-01
  5.0442e+01     5.147658e-01
  5.0485e+01     5.147682e-01
  5.0528e+01     5.147705e-01
  5.0571e+01     5.147728e-01
  5.0614e+01     5.147751e-01
  5.0657e+01     5.147773e-01
  5.0700e+01     5.147794e-01
  5.0742e+01     5.147816e-01
  5.0785e+01     5.147837e-01
  5.0828e+01     5.147857e-01
  5.0871e+01     5.147878e-01
  5.0914e+01     5.147898e-01
  5.0957e+01     5.147917e-01
  5.1000e+01     5.147936e-01
  5.1042e+01     5.147955e-01
  5.1085e+01     5.147974e-01
  5.1128e+01     5.147992e-01
  5.1171e+01     5.148010e-01
  5.1214e+01     5.148028e-01
  5.1257e+01     5.148045e-01
  5.1300e+01     5.148062e-01
  5.1342e+01     5.148079e-01
  5.1385e+01     5.148095e-01
  5.1428e+01     5.148112e-01
  5.1471e+01     5.148128e-01
  5.1514e+01     5.148143e-01
  5.1557e+01     5.148159e-01
  5.1600e+01     5.148174e-01
  5.1642e+01     5.148189e-01
  5.1685e+01     5.148203e-01
  5.1728e+01     5.148217e-01
  5.1771e+01     5.148232e-01
  5.1814e+01     5.148245e-01
  5.1857e+01     5.148259e-01
  5.1900e+01     5.148272e-01
  5.1942e+01     5.148286e-01
  5.1985e+01     5.148298e-01
  5.2028e+01     5.148311e-01
  5.2071e+01     5.148324e-01
  5.2114e+01     5.148336e-01
  5.2157e+01     5.148348e-01
  5.2200e+01     5.148360e-01
  5.2242e+01     5.148371e-01
  5.2285e+01     5.148383e-01
  5.2328e+01     5.148394e-01
  5.2371e+01     5.148405e-01
  5.2414e+01     5.148416e-01
  5.2457e+01     5.148427e-01
  5.2500e+01     5.148437e-01
  5.2542e+01     5.148448e-01
  5.2585e+01     5.148458e-01
  5.2628e+01     5.148468e-01
  5.2671e+01     5.148477e-01
  5.2714e+01     5.148487e-01
  5.2757e+01     5.148496e-01
  5.2800e+01     5.148506e-01
  5.2842e+01     5.148515e-01
  5.2885e+01     5.148524e-01
  5.2928e+01     5.148533e-01
  5.2971e+01     5.148541e-01
  5.3014e+01     5.148550e-01
  5.3057e+01     5.148558e-01
  5.3100e+01     5.148566e-01
  5.3142e+01     5.148575e-01
  5.3185e+01     5.148583e-01
  5.3228e+01     5.148590e-01
  5.3271e+01     5.148598e-01
  5.3314e+01     5.148606e-01
  5.3357e+01     5.148613e-01
  5.3400e+01     5.148620e-01
  5.3442e+01     5.148627e-01
  5.3485e+01     5.148634e-01
  5.3528e+01     5.148641e-01
  5.3571e+01     5.148648e-01
  5.3614e+01     5.148655e-01
  5.3657e+01     5.148661e-01
  5.3700e+01     5.148668e-01
  5.3742e+01     5.148674e-01
  5.3785e+01     5.148680e-01
  5.3828e+01     5.148687e-01
  5.3871e+01     5.148693e-01
  5.3914e+01     5.148699e-01
  5.3957e+01     5.148704e-01
  5.4000e+01     5.148710e-01
  5.4042e+01     5.148716e-01
  5.4085e+01     5.148721e-01
  5.4128e+01     5.148727e-01
  5.4171e+01     5.148732e-01
  5.4214e+01     5.148737e-01
  5.4257e+01     5.148742e-01
  5.4300e+01     5.148747e-01
  5.4342e+01     5.148752e-01
  5.4385e+01     5.148757e-01
  5.4428e+01     5.148762e-01
  5.4471e+01     5.148767e-01
  5.4514e+01     5.148771e-01
  5.4557e+01     5.148776e-01
  5.4600e+01     5.148780e-01
  5.4642e+01     5.148785e-01
  5.4685e+01     5.148789e-01
  5.4728e+01     5.148793e-01
  5.4771e+01     5.148798e-01
  5.4814e+01     5.148802e-01
  5.4857e+01     5.148806e-01
  5.4900e+01     5.148810e-01
  5.4942e+01     5.148814e-01
  5.4985e+01     5.148818e-01
  5.5028e+01     5.148821e-01
  5.5071e+01     5.148825e-01
  5.5114e+01     5.148829e-01
  5.5157e+01     5.148832e-01
  5.5200e+01     5.148836e-01
  5.5242e+01     5.148839e-01
  5.5285e+01     5.148843e-01
  5.5328e+01     5.148846e-01
  5.5371e+01     5.148849e-01
  5.5414e+01     5.148852e-01
  5.5457e+01     5.148856e-01
  5.5500e+01     5.148859e-01
  5.5542e+01     5.148862e-01
  5.5585e+01     5.148865e-01
  5.5628e+01     5.148868e-01
  5.5671e+01     5.148871e-01
  5.5714e+01     5.148873e-01
  5.5757e+01     5.148876e-01
  5.5800e+01     5.148879e-01
  5.5842e+01     5.148882e-01
  5.5885e+01     5.148884e-01
  5.5928e+01     5.148887e-01
  5.5971e+01     5.148890e-01
  5.6014e+01     5.148892e-01
  5.6057e+01     5.148895e-01
  5.6100e+01     5.148897e-01
  5.6142e+01     5.148899e-01
  5.6185e+01     5.148902e-01
  5.6228e+01     5.148904e-01
  5.6271e+01     5.148906e-01
  5.6314e+01     5.148909e-01
  5.6357e+01     5.148911e-01
  5.6400e+01     5.148913e-01
  5.6442e+01     5.148915e-01
  5.6485e+01     5.148917e-01
  5.6528e+01     5.148919e-01
  5.6571e+01     5.148921e-01
  5.6614e+01     5.148923e-01
  5.6657e+01     5.148925e-01
  5.6700e+01     5.148927e-01
  5.6742e+01     5.148929e-01
  5.6785e+01     5.148931e-01
  5.6828e+01     5.148933e-01
  5.6871e+01     5.148934e-01
  5.6914e+01     5.148936e-01
  5.6957e+01     5.148938e-01
  5.7000e+01     5.148940e-01
  5.7042e+01     5.148941e-01
  5.7085e+01     5.148943e-01
  5.7128e+01     5.148945e-01
  5.7171e+01     5.148946e-01
  5.7214e+01     5.148948e-01
  5.7257e+01     5.148949e-01
  5.7300e+01     5.148951e-01
  5.7342e+01     5.148952e-01
  5.7385e+01     5.148954e-01
  5.7428e+01     5.148955e-01
  5.7471e+01     5.148957e-01
  5.7514e+01     5.148958e-01
  5.7557e+01     5.148959e-01
  5.7600e+01     5.148961e-01
  5.7642e+01     5.148962e-01
  5.7685e+01     5.148963e-01
  5.7728e+01     5.148964e-01
  5.7771e+01     5.148966e-01
  5.7814e+01     5.148967e-01
  5.7857e+01     5.148968e-01
  5.7900e+01     5.148969e-01
  5.7942e+01     5.148970e-01
  5.7985e+01     5.148972e-01
  5.8028e+01     5.148973e-01
  5.8071e+01     5.148974e-01
  5.8114e+01     5.148975e-01
  5.8157e+01     5.148976e-01
  5.8200e+01     5.148977e-01
  5.8242e+01     5.148978e-01
  5.8285e+01     5.148979e-01
  5.8328e+01     5.148980e-01
  5.8371e+01     5.148981e-01
  5.8414e+01     5.148982e-01
  5.8457e+01     5.148983e-01
  5.8500e+01     5.148984e-01
  5.8542e+01     5.148985e-01
  5.8585e+01     5.148986e-01
  5.8628e+01     5.148986e-01
  5.8671e+01     5.148987e-01
  5.8714e+01     5.148988e-01
  5.8757e+01     5.148989e-01
  5.8800e+01     5.148990e-01
  5.8842e+01     5.148991e-01
  5.8885e+01     5.148991e-01
  5.8928e+01     5.148992e-01
  5.8971e+01     5.148993e-01
  5.9014e+01     5.148994e-01
  5.9057e+01     5.148994e-01
  5.9100e+01     5.148995e-01
  5.9142e+01     5.148996e-01
  5.9185e+01     5.148997e-01
  5.9228e+01     5.148997e-01
  5.9271e+01     5.148998e-01
  5.9314e+01     5.148999e-01
  5.9357e+01     5.148999e-01
  5.9400e+01     5.149000e-01
  5.9442e+01     5.149001e-01
  5.9485e+01     5.149001e-01
  5.9528e+01     5.149002e-01
  5.9571e+01     5.149002e-01
  5.9614e+01     5.149003e-01
  5.9657e+01     5.149004e-01
  5.9700e+01     5.149004e-01
  5.9742e+01     5.149005e-01
  5.9785e+01     5.149005e-01
  5.9828e+01     5.149006e-01
  5.9871e+01     5.149006e-01
  5.9914e+01     5.149007e-01
  5.9957e+01     5.149007e-01
