# Epidemic | immune persons [ x-unit: transmission cycles | y-unit: ]
  0.0000e+00     1.000000e-05
  4.2857e-02     1.053571e-05
  8.5714e-02     1.107143e-05
  1.2857e-01     1.160714e-05
  1.7143e-01     1.214286e-05
  2.1429e-01     1.267857e-05
  2.5714e-01     1.321429e-05
  3.0000e-01     1.374966e-05
  3.4286e-01     1.428232e-05
  3.8571e-01     1.481193e-05
  4.2857e-01     1.533853e-05
  4.7143e-01     1.586212e-05
  5.1429e-01     1.638272e-05
  5.5714e-01     1.690035e-05
  6.0000e-01     1.741503e-05
  6.4286e-01     1.792677e-05
  6.8571e-01     1.843559e-05
  7.2857e-01     1.894150e-05
  7.7143e-01     1.944453e-05
  8.1429e-01     1.994468e-05
  8.5714e-01     2.044198e-05
  9.0000e-01     2.093645e-05
  9.4286e-01     2.142809e-05
  9.8571e-01     2.191692e-05
  1.0285e+00     2.240297e-05
  1.0714e+00     2.288624e-05
  1.1142e+00     2.336675e-05
  1.1571e+00     2.384453e-05
  1.2000e+00     2.431957e-05
  1.2428e+00     2.479190e-05
  1.2857e+00     2.526154e-05
  1.3285e+00     2.572849e-05
  1.3714e+00     2.619279e-05
  1.4142e+00     2.665443e-05
  1.4571e+00     2.711343e-05
  1.5000e+00     2.756982e-05
  1.5428e+00     2.802360e-05
  1.5857e+00     2.847479e-05
  1.6285e+00     2.892341e-05
  1.6714e+00     2.936946e-05
  1.7142e+00     2.981297e-05
  1.7571e+00     3.025395e-05
  1.8000e+00     3.069241e-05
  1.8428e+00     3.112837e-05
  1.8857e+00     3.156184e-05
  1.9285e+00     3.199284e-05
  1.9714e+00     3.242138e-05
  2.0142e+00     3.284747e-05
  2.0571e+00     3.327112e-05
  2.1000e+00     3.369236e-05
  2.1428e+00     3.411120e-05
  2.1857e+00     3.452764e-05
  2.2285e+00     3.494171e-05
  2.2714e+00     3.535342e-05
  2.3142e+00     3.576277e-05
  2.3571e+00     3.616979e-05
  2.4000e+00     3.657448e-05
  2.4428e+00     3.697687e-05
  2.4857e+00     3.737696e-05
  2.5285e+00     3.777476e-05
  2.5714e+00     3.817029e-05
  2.6142e+00     3.856357e-05
  2.6571e+00     3.895460e-05
  2.7000e+00     3.934340e-05
  2.7428e+00     3.972998e-05
  2.7857e+00     4.011435e-05
  2.8285e+00     4.049653e-05
  2.8714e+00     4.087653e-05
  2.9142e+00     4.125436e-05
  2.9571e+00     4.163003e-05
  3.0000e+00     4.200355e-05
  3.0428e+00     4.237495e-05
  3.0857e+00     4.274422e-05
  3.1285e+00     4.311139e-05
  3.1714e+00     4.347646e-05
  3.2142e+00     4.383945e-05
  3.2571e+00     4.420036e-05
  3.3000e+00     4.455922e-05
  3.3428e+00     4.491603e-05
  3.3857e+00     4.527080e-05
  3.4285e+00     4.562354e-05
  3.4714e+00     4.597427e-05
  3.5142e+00     4.632300e-05
  3.5571e+00     4.666974e-05
  3.6000e+00     4.701450e-05
  3.6428e+00     4.735729e-05
  3.6857e+00     4.769812e-05
  3.7285e+00     4.803701e-05
  3.7714e+00     4.837396e-05
  3.8142e+00     4.870899e-05
  3.8571e+00     4.904211e-05
  3.9000e+00     4.937333e-05
  3.9428e+00     4.970265e-05
  3.9857e+00     5.003010e-05
  4.0285e+00     5.035567e-05
  4.0714e+00     5.067939e-05
  4.1142e+00     5.100126e-05
  4.1571e+00     5.132129e-05
  4.2000e+00     5.163950e-05
  4.2428e+00     5.195589e-05
  4.2857e+00     5.227047e-05
  4.3285e+00     5.258326e-05
  4.3714e+00     5.289426e-05
  4.4142e+00     5.320348e-05
  4.4571e+00     5.351094e-05
  4.5000e+00     5.381665e-05
  4.5428e+00     5.412061e-05
  4.5857e+00     5.442283e-05
  4.6285e+00     5.472333e-05
  4.6714e+00     5.502212e-05
  4.7142e+00     5.531920e-05
  4.7571e+00     5.561458e-05
  4.8000e+00     5.590828e-05
  4.8428e+00     5.620029e-05
  4.8857e+00     5.649065e-05
  4.9285e+00     5.677934e-05
  4.9714e+00     5.706639e-05
  5.0142e+00     5.735180e-05
  5.0571e+00     5.763558e-05
  5.1000e+00     5.791773e-05
  5.1428e+00     5.819828e-05
  5.1857e+00     5.847723e-05
  5.2285e+00     5.875458e-05
  5.2714e+00     5.903035e-05
  5.3142e+00     5.930455e-05
  5.3571e+00     5.957718e-05
  5.4000e+00     5.984825e-05
  5.4428e+00     6.011778e-05
  5.4857e+00     6.038577e-05
  5.5285e+00     6.065222e-05
  5.5714e+00     6.091716e-05
  5.6142e+00     6.118058e-05
  5.6571e+00     6.144250e-05
  5.7000e+00     6.170293e-05
  5.7428e+00     6.196187e-05
  5.7857e+00     6.221933e-05
  5.8285e+00     6.247532e-05
  5.8714e+00     6.272985e-05
  5.9142e+00     6.298292e-05
  5.9571e+00     6.323455e-05
  6.0000e+00     6.348475e-05
  6.0428e+00     6.373351e-05
  6.0857e+00     6.398086e-05
  6.1285e+00     6.422679e-05
  6.1714e+00     6.447132e-05
  6.2142e+00     6.471445e-05
  6.2571e+00     6.495620e-05
  6.3000e+00     6.519656e-05
  6.3428e+00     6.543555e-05
  6.3857e+00     6.567318e-05
  6.4285e+00     6.590945e-05
  6.4714e+00     6.614438e-05
  6.5142e+00     6.637796e-05
  6.5571e+00     6.661021e-05
  6.6000e+00     6.684113e-05
  6.6428e+00     6.707073e-05
  6.6857e+00     6.729902e-05
  6.7285e+00     6.752601e-05
  6.7714e+00     6.775170e-05
  6.8142e+00     6.797611e-05
  6.8571e+00     6.819923e-05
  6.9000e+00     6.842108e-05
  6.9428e+00     6.864166e-05
  6.9857e+00     6.886099e-05
  7.0285e+00     6.907906e-05
  7.0714e+00     6.929589e-05
  7.1142e+00     6.951147e-05
  7.1571e+00     6.972583e-05
  7.2000e+00     6.993896e-05
  7.2428e+00     7.015088e-05
  7.2857e+00     7.036159e-05
  7.3285e+00     7.057109e-05
  7.3714e+00     7.077940e-05
  7.4142e+00     7.098652e-05
  7.4571e+00     7.119245e-05
  7.5000e+00     7.139721e-05
  7.5428e+00     7.160080e-05
  7.5857e+00     7.180323e-05
  7.6285e+00     7.200450e-05
  7.6714e+00     7.220463e-05
  7.7142e+00     7.240361e-05
  7.7571e+00     7.260145e-05
  7.8000e+00     7.279817e-05
  7.8428e+00     7.299376e-05
  7.8857e+00     7.318824e-05
  7.9285e+00     7.338160e-05
  7.9714e+00     7.357386e-05
  8.0142e+00     7.376503e-05
  8.0571e+00     7.395510e-05
  8.1000e+00     7.414408e-05
  8.1428e+00     7.433199e-05
  8.1857e+00     7.451883e-05
  8.2285e+00     7.470459e-05
  8.2714e+00     7.488930e-05
  8.3142e+00     7.507295e-05
  8.3571e+00     7.525556e-05
  8.4000e+00     7.543712e-05
  8.4428e+00     7.561764e-05
  8.4857e+00     7.579714e-05
  8.5285e+00     7.597561e-05
  8.5714e+00     7.615306e-05
  8.6142e+00     7.632949e-05
  8.6571e+00     7.650492e-05
  8.7000e+00     7.667935e-05
  8.7428e+00     7.685278e-05
  8.7857e+00     7.702523e-05
  8.8285e+00     7.719668e-05
  8.8714e+00     7.736716e-05
  8.9142e+00     7.753667e-05
  8.9571e+00     7.770520e-05
  9.0000e+00     7.787278e-05
  9.0428e+00     7.803939e-05
  9.0857e+00     7.820506e-05
  9.1285e+00     7.836978e-05
  9.1714e+00     7.853356e-05
  9.2142e+00     7.869641e-05
  9.2571e+00     7.885832e-05
  9.3000e+00     7.901931e-05
  9.3428e+00     7.917938e-05
  9.3857e+00     7.933854e-05
  9.4285e+00     7.949679e-05
  9.4714e+00     7.965414e-05
  9.5142e+00     7.981058e-05
  9.5571e+00     7.996614e-05
  9.6000e+00     8.012080e-05
  9.6428e+00     8.027458e-05
  9.6857e+00     8.042749e-05
  9.7285e+00     8.057952e-05
  9.7714e+00     8.073068e-05
  9.8142e+00     8.088098e-05
  9.8571e+00     8.103042e-05
  9.9000e+00     8.117901e-05
  9.9428e+00     8.132675e-05
  9.9857e+00     8.147365e-05
  1.0028e+01     8.161970e-05
  1.0071e+01     8.176493e-05
  1.0114e+01     8.190932e-05
  1.0157e+01     8.205289e-05
  1.0200e+01     8.219564e-05
  1.0242e+01     8.233758e-05
  1.0285e+01     8.247870e-05
  1.0328e+01     8.261902e-05
  1.0371e+01     8.275854e-05
  1.0414e+01     8.289726e-05
  1.0457e+01     8.303519e-05
  1.0500e+01     8.317233e-05
  1.0542e+01     8.330869e-05
  1.0585e+01     8.344427e-05
  1.0628e+01     8.357907e-05
  1.0671e+01     8.371311e-05
  1.0714e+01     8.384638e-05
  1.0757e+01     8.397889e-05
  1.0800e+01     8.411064e-05
  1.0842e+01     8.424164e-05
  1.0885e+01     8.437189e-05
  1.0928e+01     8.450140e-05
  1.0971e+01     8.463017e-05
  1.1014e+01     8.475820e-05
  1.1057e+01     8.488551e-05
  1.1100e+01     8.501208e-05
  1.1142e+01     8.513794e-05
  1.1185e+01     8.526307e-05
  1.1228e+01     8.538749e-05
  1.1271e+01     8.551120e-05
  1.1314e+01     8.563420e-05
  1.1357e+01     8.575650e-05
  1.1400e+01     8.587811e-05
  1.1442e+01     8.599901e-05
  1.1485e+01     8.611923e-05
  1.1528e+01     8.623876e-05
  1.1571e+01     8.635761e-05
  1.1614e+01     8.647578e-05
  1.1657e+01     8.659328e-05
  1.1700e+01     8.671010e-05
  1.1742e+01     8.682626e-05
  1.1785e+01     8.694175e-05
  1.1828e+01     8.705659e-05
  1.1871e+01     8.717077e-05
  1.1914e+01     8.728429e-05
  1.1957e+01     8.739717e-05
  1.2000e+01     8.750940e-05
  1.2042e+01     8.762100e-05
  1.2085e+01     8.773195e-05
  1.2128e+01     8.784228e-05
  1.2171e+01     8.795197e-05
  1.2214e+01     8.806103e-05
  1.2257e+01     8.816948e-05
  1.2300e+01     8.827730e-05
  1.2342e+01     8.838451e-05
  1.2385e+01     8.849111e-05
  1.2428e+01     8.859709e-05
  1.2471e+01     8.870248e-05
  1.2514e+01     8.880726e-05
  1.2557e+01     8.891144e-05
  1.2600e+01     8.901503e-05
  1.2642e+01     8.911802e-05
  1.2685e+01     8.922043e-05
  1.2728e+01     8.932225e-05
  1.2771e+01     8.942349e-05
  1.2814e+01     8.952416e-05
  1.2857e+01     8.962424e-05
  1.2900e+01     8.972376e-05
  1.2942e+01     8.982271e-05
  1.2985e+01     8.992109e-05
  1.3028e+01     9.001892e-05
  1.3071e+01     9.011618e-05
  1.3114e+01     9.021289e-05
  1.3157e+01     9.030904e-05
  1.3200e+01     9.040465e-05
  1.3242e+01     9.049971e-05
  1.3285e+01     9.059423e-05
  1.3328e+01     9.068821e-05
  1.3371e+01     9.078165e-05
  1.3414e+01     9.087456e-05
  1.3457e+01     9.096693e-05
  1.3500e+01     9.105878e-05
  1.3542e+01     9.115011e-05
  1.3585e+01     9.124091e-05
  1.3628e+01     9.133120e-05
  1.3671e+01     9.142097e-05
  1.3714e+01     9.151022e-05
  1.3757e+01     9.159897e-05
  1.3800e+01     9.168721e-05
  1.3842e+01     9.177495e-05
  1.3885e+01     9.186218e-05
  1.3928e+01     9.194892e-05
  1.3971e+01     9.203516e-05
  1.4014e+01     9.212091e-05
  1.4057e+01     9.220617e-05
  1.4100e+01     9.229095e-05
  1.4142e+01     9.237524e-05
  1.4185e+01     9.245905e-05
  1.4228e+01     9.254237e-05
  1.4271e+01     9.262523e-05
  1.4314e+01     9.270761e-05
  1.4357e+01     9.278952e-05
  1.4400e+01     9.287096e-05
  1.4442e+01     9.295194e-05
  1.4485e+01     9.303245e-05
  1.4528e+01     9.311251e-05
  1.4571e+01     9.319211e-05
  1.4614e+01     9.327125e-05
  1.4657e+01     9.334994e-05
  1.4700e+01     9.342818e-05
  1.4742e+01     9.350598e-05
  1.4785e+01     9.358333e-05
  1.4828e+01     9.366024e-05
  1.4871e+01     9.373671e-05
  1.4914e+01     9.381274e-05
  1.4957e+01     9.388834e-05
  1.5000e+01     9.396351e-05
  1.5042e+01     9.403825e-05
  1.5085e+01     9.411256e-05
  1.5128e+01     9.418644e-05
  1.5171e+01     9.425991e-05
  1.5214e+01     9.433296e-05
  1.5257e+01     9.440558e-05
  1.5300e+01     9.447780e-05
  1.5342e+01     9.454960e-05
  1.5385e+01     9.462099e-05
  1.5428e+01     9.469197e-05
  1.5471e+01     9.476255e-05
  1.5514e+01     9.483273e-05
  1.5557e+01     9.490250e-05
  1.5600e+01     9.497188e-05
  1.5642e+01     9.504086e-05
  1.5685e+01     9.510945e-05
  1.5728e+01     9.517764e-05
  1.5771e+01     9.524544e-05
  1.5814e+01     9.531286e-05
  1.5857e+01     9.537990e-05
  1.5900e+01     9.544655e-05
  1.5942e+01     9.551281e-05
  1.5985e+01     9.557871e-05
  1.6028e+01     9.564422e-05
  1.6071e+01     9.570936e-05
  1.6114e+01     9.577413e-05
  1.6157e+01     9.583853e-05
  1.6200e+01     9.590256e-05
  1.6242e+01     9.596622e-05
  1.6285e+01     9.602953e-05
  1.6328e+01     9.609247e-05
  1.6371e+01     9.615505e-05
  1.6414e+01     9.621727e-05
  1.6457e+01     9.627914e-05
  1.6500e+01     9.634065e-05
  1.6542e+01     9.640182e-05
  1.6585e+01     9.646263e-05
  1.6628e+01     9.652310e-05
  1.6671e+01     9.658322e-05
  1.6714e+01     9.664300e-05
  1.6757e+01     9.670244e-05
  1.6800e+01     9.676153e-05
  1.6842e+01     9.682029e-05
  1.6885e+01     9.687872e-05
  1.6928e+01     9.693681e-05
  1.6971e+01     9.699457e-05
  1.7014e+01     9.705200e-05
  1.7057e+01     9.710910e-05
  1.7100e+01     9.716588e-05
  1.7142e+01     9.722233e-05
  1.7185e+01     9.727846e-05
  1.7228e+01     9.733426e-05
  1.7271e+01     9.738975e-05
  1.7314e+01     9.744493e-05
  1.7357e+01     9.749978e-05
  1.7400e+01     9.755433e-05
  1.7442e+01     9.760856e-05
  1.7485e+01     9.766248e-05
  1.7528e+01     9.771610e-05
  1.7571e+01     9.776941e-05
  1.7614e+01     9.782241e-05
  1.7657e+01     9.787511e-05
  1.7700e+01     9.792752e-05
  1.7742e+01     9.797962e-05
  1.7785e+01     9.803142e-05
  1.7828e+01     9.808293e-05
  1.7871e+01     9.813414e-05
  1.7914e+01     9.818507e-05
  1.7957e+01     9.823570e-05
  1.8000e+01     9.828604e-05
  1.8042e+01     9.833609e-05
  1.8085e+01     9.838586e-05
  1.8128e+01     9.843535e-05
  1.8171e+01     9.848455e-05
  1.8214e+01     9.853347e-05
  1.8257e+01     9.858211e-05
  1.8300e+01     9.863047e-05
  1.8342e+01     9.867856e-05
  1.8385e+01     9.872637e-05
  1.8428e+01     9.877391e-05
  1.8471e+01     9.882118e-05
  1.8514e+01     9.886818e-05
  1.8557e+01     9.891491e-05
  1.8600e+01     9.896137e-05
  1.8642e+01     9.900757e-05
  1.8685e+01     9.905350e-05
  1.8728e+01     9.909918e-05
  1.8771e+01     9.914459e-05
  1.8814e+01     9.918974e-05
  1.8857e+01     9.923463e-05
  1.8900e+01     9.927927e-05
  1.8942e+01     9.932365e-05
  1.8985e+01     9.936778e-05
  1.9028e+01     9.941166e-05
  1.9071e+01     9.945528e-05
  1.9114e+01     9.949866e-05
  1.9157e+01     9.954179e-05
  1.9200e+01     9.958467e-05
  1.9242e+01     9.962731e-05
  1.9285e+01     9.966971e-05
  1.9328e+01     9.971186e-05
  1.9371e+01     9.975377e-05
  1.9414e+01     9.979544e-05
  1.9457e+01     9.983688e-05
  1.9500e+01     9.987808e-05
  1.9542e+01     9.991904e-05
  1.9585e+01     9.995977e-05
  1.9628e+01     1.000003e-04
  1.9671e+01     1.000405e-04
  1.9714e+01     1.000806e-04
  1.9757e+01     1.001204e-04
  1.9800e+01     1.001599e-04
  1.9842e+01     1.001993e-04
  1.9885e+01     1.002384e-04
  1.9928e+01     1.002773e-04
  1.9971e+01     1.003160e-04
  2.0014e+01     1.003545e-04
  2.0057e+01     1.003927e-04
  2.0100e+01     1.004307e-04
  2.0142e+01     1.004686e-04
  2.0185e+01     1.005061e-04
  2.0228e+01     1.005435e-04
  2.0271e+01     1.005807e-04
  2.0314e+01     1.006176e-04
  2.0357e+01     1.006544e-04
  2.0400e+01     1.006909e-04
  2.0442e+01     1.007272e-04
  2.0485e+01     1.007633e-04
  2.0528e+01     1.007992e-04
  2.0571e+01     1.008349e-04
  2.0614e+01     1.008704e-04
  2.0657e+01     1.009057e-04
  2.0700e+01     1.009408e-04
  2.0742e+01     1.009757e-04
  2.0785e+01     1.010104e-04
  2.0828e+01     1.010449e-04
  2.0871e+01     1.010792e-04
  2.0914e+01     1.011133e-04
  2.0957e+01     1.011472e-04
  2.1000e+01     1.011809e-04
  2.1042e+01     1.012145e-04
  2.1085e+01     1.012478e-04
  2.1128e+01     1.012809e-04
  2.1171e+01     1.013139e-04
  2.1214e+01     1.013467e-04
  2.1257e+01     1.013792e-04
  2.1300e+01     1.014116e-04
  2.1342e+01     1.014438e-04
  2.1385e+01     1.014758e-04
  2.1428e+01     1.015077e-04
  2.1471e+01     1.015393e-04
  2.1514e+01     1.015708e-04
  2.1557e+01     1.016021e-04
  2.1600e+01     1.016332e-04
  2.1642e+01     1.016642e-04
  2.1685e+01     1.016949e-04
  2.1728e+01     1.017255e-04
  2.1771e+01     1.017559e-04
  2.1814e+01     1.017862e-04
  2.1857e+01     1.018162e-04
  2.1900e+01     1.018461e-04
  2.1942e+01     1.018759e-04
  2.1985e+01     1.019054e-04
  2.2028e+01     1.019348e-04
  2.2071e+01     1.019640e-04
  2.2114e+01     1.019931e-04
  2.2157e+01     1.020219e-04
  2.2200e+01     1.020507e-04
  2.2242e+01     1.020792e-04
  2.2285e+01     1.021076e-04
  2.2328e+01     1.021358e-04
  2.2371e+01     1.021639e-04
  2.2414e+01     1.021918e-04
  2.2457e+01     1.022196e-04
  2.2500e+01     1.022472e-04
  2.2542e+01     1.022746e-04
  2.2585e+01     1.023019e-04
  2.2628e+01     1.023290e-04
  2.2671e+01     1.023560e-04
  2.2714e+01     1.023828e-04
  2.2757e+01     1.024094e-04
  2.2800e+01     1.024359e-04
  2.2842e+01     1.024623e-04
  2.2885e+01     1.024885e-04
  2.2928e+01     1.025146e-04
  2.2971e+01     1.025405e-04
  2.3014e+01     1.025662e-04
  2.3057e+01     1.025918e-04
  2.3100e+01     1.026173e-04
  2.3142e+01     1.026426e-04
  2.3185e+01     1.026678e-04
  2.3228e+01     1.026928e-04
  2.3271e+01     1.027177e-04
  2.3314e+01     1.027425e-04
  2.3357e+01     1.027671e-04
  2.3400e+01     1.027915e-04
  2.3442e+01     1.028159e-04
  2.3485e+01     1.028400e-04
  2.3528e+01     1.028641e-04
  2.3571e+01     1.028880e-04
  2.3614e+01     1.029118e-04
  2.3657e+01     1.029354e-04
  2.3700e+01     1.029589e-04
  2.3742e+01     1.029823e-04
  2.3785e+01     1.030055e-04
  2.3828e+01     1.030286e-04
  2.3871e+01     1.030516e-04
  2.3914e+01     1.030744e-04
  2.3957e+01     1.030971e-04
  2.4000e+01     1.031197e-04
  2.4042e+01     1.031422e-04
  2.4085e+01     1.031645e-04
  2.4128e+01     1.031867e-04
  2.4171e+01     1.032088e-04
  2.4214e+01     1.032307e-04
  2.4257e+01     1.032525e-04
  2.4300e+01     1.032742e-04
  2.4342e+01     1.032958e-04
  2.4385e+01     1.033172e-04
  2.4428e+01     1.033385e-04
  2.4471e+01     1.033597e-04
  2.4514e+01     1.033808e-04
  2.4557e+01     1.034018e-04
  2.4600e+01     1.034226e-04
  2.4642e+01     1.034433e-04
  2.4685e+01     1.034639e-04
  2.4728e+01     1.034844e-04
  2.4771e+01     1.035048e-04
  2.4814e+01     1.035250e-04
  2.4857e+01     1.035452e-04
  2.4900e+01     1.035652e-04
  2.4942e+01     1.035851e-04
  2.4985e+01     1.036049e-04
  2.5028e+01     1.036246e-04
  2.5071e+01     1.036442e-04
  2.5114e+01     1.036636e-04
  2.5157e+01     1.036830e-04
  2.5200e+01     1.037022e-04
  2.5242e+01     1.037213e-04
  2.5285e+01     1.037403e-04
  2.5328e+01     1.037592e-04
  2.5371e+01     1.037780e-04
  2.5414e+01     1.037967e-04
  2.5457e+01     1.038153e-04
  2.5500e+01     1.038338e-04
  2.5542e+01     1.038522e-04
  2.5585e+01     1.038704e-04
  2.5628e+01     1.038886e-04
  2.5671e+01     1.039066e-04
  2.5714e+01     1.039246e-04
  2.5757e+01     1.039425e-04
  2.5800e+01     1.039602e-04
  2.5842e+01     1.039779e-04
  2.5885e+01     1.039954e-04
  2.5928e+01     1.040129e-04
  2.5971e+01     1.040302e-04
  2.6014e+01     1.040475e-04
  2.6057e+01     1.040646e-04
  2.6100e+01     1.040817e-04
  2.6142e+01     1.040986e-04
  2.6185e+01     1.041155e-04
  2.6228e+01     1.041322e-04
  2.6271e+01     1.041489e-04
  2.6314e+01     1.041655e-04
  2.6357e+01     1.041820e-04
  2.6400e+01     1.041984e-04
  2.6442e+01     1.042146e-04
  2.6485e+01     1.042308e-04
  2.6528e+01     1.042469e-04
  2.6571e+01     1.042630e-04
  2.6614e+01     1.042789e-04
  2.6657e+01     1.042947e-04
  2.6700e+01     1.043104e-04
  2.6742e+01     1.043261e-04
  2.6785e+01     1.043417e-04
  2.6828e+01     1.043571e-04
  2.6871e+01     1.043725e-04
  2.6914e+01     1.043878e-04
  2.6957e+01     1.044030e-04
  2.7000e+01     1.044181e-04
  2.7042e+01     1.044332e-04
  2.7085e+01     1.044481e-04
  2.7128e+01     1.044630e-04
  2.7171e+01     1.044778e-04
  2.7214e+01     1.044925e-04
  2.7257e+01     1.045071e-04
  2.7300e+01     1.045216e-04
  2.7342e+01     1.045360e-04
  2.7385e+01     1.045504e-04
  2.7428e+01     1.045647e-04
  2.7471e+01     1.045789e-04
  2.7514e+01     1.045930e-04
  2.7557e+01     1.046070e-04
  2.7600e+01     1.046210e-04
  2.7642e+01     1.046349e-04
  2.7685e+01     1.046487e-04
  2.7728e+01     1.046624e-04
  2.7771e+01     1.046760e-04
  2.7814e+01     1.046896e-04
  2.7857e+01     1.047031e-04
  2.7900e+01     1.047165e-04
  2.7942e+01     1.047298e-04
  2.7985e+01     1.047431e-04
  2.8028e+01     1.047563e-04
  2.8071e+01     1.047694e-04
  2.8114e+01     1.047824e-04
  2.8157e+01     1.047953e-04
  2.8200e+01     1.048082e-04
  2.8242e+01     1.048210e-04
  2.8285e+01     1.048338e-04
  2.8328e+01     1.048464e-04
  2.8371e+01     1.048590e-04
  2.8414e+01     1.048715e-04
  2.8457e+01     1.048840e-04
  2.8500e+01     1.048964e-04
  2.8542e+01     1.049087e-04
  2.8585e+01     1.049209e-04
  2.8628e+01     1.049331e-04
  2.8671e+01     1.049452e-04
  2.8714e+01     1.049572e-04
  2.8757e+01     1.049691e-04
  2.8800e+01     1.049810e-04
  2.8842e+01     1.049929e-04
  2.8885e+01     1.050046e-04
  2.8928e+01     1.050163e-04
  2.8971e+01     1.050279e-04
  2.9014e+01     1.050395e-04
  2.9057e+01     1.050510e-04
  2.9100e+01     1.050624e-04
  2.9142e+01     1.050737e-04
  2.9185e+01     1.050850e-04
  2.9228e+01     1.050962e-04
  2.9271e+01     1.051074e-04
  2.9314e+01     1.051185e-04
  2.9357e+01     1.051295e-04
  2.9400e+01     1.051405e-04
  2.9442e+01     1.051514e-04
  2.9485e+01     1.051623e-04
  2.9528e+01     1.051731e-04
  2.9571e+01     1.051838e-04
  2.9614e+01     1.051944e-04
  2.9657e+01     1.052050e-04
  2.9700e+01     1.052156e-04
  2.9742e+01     1.052261e-04
  2.9785e+01     1.052365e-04
  2.9828e+01     1.052469e-04
  2.9871e+01     1.052572e-04
  2.9914e+01     1.052674e-04
  2.9957e+01     1.052776e-04
  3.0000e+01     1.052877e-04
  3.0042e+01     1.052978e-04
  3.0085e+01     1.053078e-04
  3.0128e+01     1.053178e-04
  3.0171e+01     1.053276e-04
  3.0214e+01     1.053375e-04
  3.0257e+01     1.053473e-04
  3.0300e+01     1.053570e-04
  3.0342e+01     1.053667e-04
  3.0385e+01     1.053763e-04
  3.0428e+01     1.053859e-04
  3.0471e+01     1.053954e-04
  3.0514e+01     1.054048e-04
  3.0557e+01     1.054142e-04
  3.0600e+01     1.054236e-04
  3.0642e+01     1.054329e-04
  3.0685e+01     1.054421e-04
  3.0728e+01     1.054513e-04
  3.0771e+01     1.054604e-04
  3.0814e+01     1.054695e-04
  3.0857e+01     1.054785e-04
  3.0900e+01     1.054875e-04
  3.0942e+01     1.054964e-04
  3.0985e+01     1.055053e-04
  3.1028e+01     1.055142e-04
  3.1071e+01     1.055229e-04
  3.1114e+01     1.055317e-04
  3.1157e+01     1.055403e-04
  3.1200e+01     1.055490e-04
  3.1242e+01     1.055575e-04
  3.1285e+01     1.055661e-04
  3.1328e+01     1.055745e-04
  3.1371e+01     1.055830e-04
  3.1414e+01     1.055914e-04
  3.1457e+01     1.055997e-04
  3.1500e+01     1.056080e-04
  3.1542e+01     1.056162e-04
  3.1585e+01     1.056244e-04
  3.1628e+01     1.056326e-04
  3.1671e+01     1.056407e-04
  3.1714e+01     1.056487e-04
  3.1757e+01     1.056567e-04
  3.1800e+01     1.056647e-04
  3.1842e+01     1.056726e-04
  3.1885e+01     1.056805e-04
  3.1928e+01     1.056883e-04
  3.1971e+01     1.056961e-04
  3.2014e+01     1.057038e-04
  3.2057e+01     1.057115e-04
  3.2100e+01     1.057192e-04
  3.2142e+01     1.057268e-04
  3.2185e+01     1.057343e-04
  3.2228e+01     1.057418e-04
  3.2271e+01     1.057493e-04
  3.2314e+01     1.057568e-04
  3.2357e+01     1.057641e-04
  3.2400e+01     1.057715e-04
  3.2442e+01     1.057788e-04
  3.2485e+01     1.057861e-04
  3.2528e+01     1.057933e-04
  3.2571e+01     1.058005e-04
  3.2614e+01     1.058076e-04
  3.2657e+01     1.058147e-04
  3.2700e+01     1.058218e-04
  3.2742e+01     1.058288e-04
  3.2785e+01     1.058358e-04
  3.2828e+01     1.058427e-04
  3.2871e+01     1.058496e-04
  3.2914e+01     1.058565e-04
  3.2957e+01     1.058633e-04
  3.3000e+01     1.058701e-04
  3.3042e+01     1.058768e-04
  3.3085e+01     1.058835e-04
  3.3128e+01     1.058902e-04
  3.3171e+01     1.058968e-04
  3.3214e+01     1.059034e-04
  3.3257e+01     1.059100e-04
  3.3300e+01     1.059165e-04
  3.3342e+01     1.059230e-04
  3.3385e+01     1.059294e-04
  3.3428e+01     1.059358e-04
  3.3471e+01     1.059422e-04
  3.3514e+01     1.059485e-04
  3.3557e+01     1.059548e-04
  3.3600e+01     1.059611e-04
  3.3642e+01     1.059673e-04
  3.3685e+01     1.059735e-04
  3.3728e+01     1.059796e-04
  3.3771e+01     1.059857e-04
  3.3814e+01     1.059918e-04
  3.3857e+01     1.059979e-04
  3.3900e+01     1.060039e-04
  3.3942e+01     1.060099e-04
  3.3985e+01     1.060158e-04
  3.4028e+01     1.060217e-04
  3.4071e+01     1.060276e-04
  3.4114e+01     1.060334e-04
  3.4157e+01     1.060393e-04
  3.4200e+01     1.060450e-04
  3.4242e+01     1.060508e-04
  3.4285e+01     1.060565e-04
  3.4328e+01     1.060622e-04
  3.4371e+01     1.060678e-04
  3.4414e+01     1.060734e-04
  3.4457e+01     1.060790e-04
  3.4500e+01     1.060846e-04
  3.4542e+01     1.060901e-04
  3.4585e+01     1.060956e-04
  3.4628e+01     1.061010e-04
  3.4671e+01     1.061064e-04
  3.4714e+01     1.061118e-04
  3.4757e+01     1.061172e-04
  3.4800e+01     1.061225e-04
  3.4842e+01     1.061278e-04
  3.4885e+01     1.061331e-04
  3.4928e+01     1.061384e-04
  3.4971e+01     1.061436e-04
  3.5014e+01     1.061487e-04
  3.5057e+01     1.061539e-04
  3.5100e+01     1.061590e-04
  3.5142e+01     1.061641e-04
  3.5185e+01     1.061692e-04
  3.5228e+01     1.061742e-04
  3.5271e+01     1.061792e-04
  3.5314e+01     1.061842e-04
  3.5357e+01     1.061891e-04
  3.5400e+01     1.061941e-04
  3.5442e+01     1.061990e-04
  3.5485e+01     1.062038e-04
  3.5528e+01     1.062087e-04
  3.5571e+01     1.062135e-04
  3.5614e+01     1.062183e-04
  3.5657e+01     1.062230e-04
  3.5700e+01     1.062277e-04
  3.5742e+01     1.062324e-04
  3.5785e+01     1.062371e-04
  3.5828e+01     1.062418e-04
  3.5871e+01     1.062464e-04
  3.5914e+01     1.062510e-04
  3.5957e+01     1.062555e-04
  3.6000e+01     1.062601e-04
  3.6042e+01     1.062646e-04
  3.6085e+01     1.062691e-04
  3.6128e+01     1.062736e-04
  3.6171e+01     1.062780e-04
  3.6214e+01     1.062824e-04
  3.6257e+01     1.062868e-04
  3.6300e+01     1.062912e-04
  3.6342e+01     1.062955e-04
  3.6385e+01     1.062998e-04
  3.6428e+01     1.063041e-04
  3.6471e+01     1.063084e-04
  3.6514e+01     1.063126e-04
  3.6557e+01     1.063168e-04
  3.6600e+01     1.063210e-04
  3.6642e+01     1.063252e-04
  3.6685e+01     1.063293e-04
  3.6728e+01     1.063335e-04
  3.6771e+01     1.063376e-04
  3.6814e+01     1.063416e-04
  3.6857e+01     1.063457e-04
  3.6900e+01     1.063497e-04
  3.6942e+01     1.063537e-04
  3.6985e+01     1.063577e-04
  3.7028e+01     1.063616e-04
  3.7071e+01     1.063656e-04
  3.7114e+01     1.063695e-04
  3.7157e+01     1.063734e-04
  3.7200e+01     1.063773e-04
  3.7242e+01     1.063811e-04
  3.7285e+01     1.063849e-04
  3.7328e+01     1.063887e-04
  3.7371e+01     1.063925e-04
  3.7414e+01     1.063963e-04
  3.7457e+01     1.064000e-04
  3.7500e+01     1.064037e-04
  3.7542e+01     1.064074e-04
  3.7585e+01     1.064111e-04
  3.7628e+01     1.064148e-04
  3.7671e+01     1.064184e-04
  3.7714e+01     1.064220e-04
  3.7757e+01     1.064256e-04
  3.7800e+01     1.064292e-04
  3.7842e+01     1.064327e-04
  3.7885e+01     1.064362e-04
  3.7928e+01     1.064398e-04
  3.7971e+01     1.064432e-04
  3.8014e+01     1.064467e-04
  3.8057e+01     1.064502e-04
  3.8100e+01     1.064536e-04
  3.8142e+01     1.064570e-04
  3.8185e+01     1.064604e-04
  3.8228e+01     1.064638e-04
  3.8271e+01     1.064671e-04
  3.8314e+01     1.064705e-04
  3.8357e+01     1.064738e-04
  3.8400e+01     1.064771e-04
  3.8442e+01     1.064803e-04
  3.8485e+01     1.064836e-04
  3.8528e+01     1.064868e-04
  3.8571e+01     1.064901e-04
  3.8614e+01     1.064933e-04
  3.8657e+01     1.064965e-04
  3.8700e+01     1.064996e-04
  3.8742e+01     1.065028e-04
  3.8785e+01     1.065059e-04
  3.8828e+01     1.065090e-04
  3.8871e+01     1.065121e-04
  3.8914e+01     1.065152e-04
  3.8957e+01     1.065182e-04
  3.9000e+01     1.065213e-04
  3.9042e+01     1.065243e-04
  3.9085e+01     1.065273e-04
  3.9128e+01     1.065303e-04
  3.9171e+01     1.065333e-04
  3.9214e+01     1.065362e-04
  3.9257e+01     1.065392e-04
  3.9300e+01     1.065421e-04
  3.9342e+01     1.065450e-04
  3.9385e+01     1.065479e-04
  3.9428e+01     1.065508e-04
  3.9471e+01     1.065536e-04
  3.9514e+01     1.065565e-04
  3.9557e+01     1.065593e-04
  3.9600e+01     1.065621e-04
  3.9642e+01     1.065649e-04
  3.9685e+01     1.065677e-04
  3.9728e+01     1.065704e-04
  3.9771e+01     1.065732e-04
  3.9814e+01     1.065759e-04
  3.9857e+01     1.065786e-04
  3.9900e+01     1.065813e-04
  3.9942e+01     1.065840e-04
  3.9985e+01     1.065866e-04
  4.0028e+01     1.065893e-04
  4.0071e+01     1.065919e-04
  4.0114e+01     1.065946e-04
  4.0157e+01     1.065972e-04
  4.0200e+01     1.065998e-04
  4.0242e+01     1.066023e-04
  4.0285e+01     1.066049e-04
  4.0328e+01     1.066074e-04
  4.0371e+01     1.066100e-04
  4.0414e+01     1.066125e-04
  4.0457e+01     1.066150e-04
  4.0500e+01     1.066175e-04
  4.0542e+01     1.066200e-04
  4.0585e+01     1.066224e-04
  4.0628e+01     1.066249e-04
  4.0671e+01     1.066273e-04
  4.0714e+01     1.066297e-04
  4.0757e+01     1.066321e-04
  4.0800e+01     1.066345e-04
  4.0842e+01     1.066369e-04
  4.0885e+01     1.066393e-04
  4.0928e+01     1.066416e-04
  4.0971e+01     1.066439e-04
  4.1014e+01     1.066463e-04
  4.1057e+01     1.066486e-04
  4.1100e+01     1.066509e-04
  4.1142e+01     1.066532e-04
  4.1185e+01     1.066554e-04
  4.1228e+01     1.066577e-04
  4.1271e+01     1.066599e-04
  4.1314e+01     1.066622e-04
  4.1357e+01     1.066644e-04
  4.1400e+01     1.066666e-04
  4.1442e+01     1.066688e-04
  4.1485e+01     1.066710e-04
  4.1528e+01     1.066731e-04
  4.1571e+01     1.066753e-04
  4.1614e+01     1.066774e-04
  4.1657e+01     1.066796e-04
  4.1700e+01     1.066817e-04
  4.1742e+01     1.066838e-04
  4.1785e+01     1.066859e-04
  4.1828e+01     1.066880e-04
  4.1871e+01     1.066901e-04
  4.1914e+01     1.066921e-04
  4.1957e+01     1.066942e-04
  4.2000e+01     1.066962e-04
  4.2042e+01     1.066982e-04
  4.2085e+01     1.067002e-04
  4.2128e+01     1.067022e-04
  4.2171e+01     1.067042e-04
  4.2214e+01     1.067062e-04
  4.2257e+01     1.067082e-04
  4.2300e+01     1.067101e-04
  4.2342e+01     1.067121e-04
  4.2385e+01     1.067140e-04
  4.2428e+01     1.067159e-04
  4.2471e+01     1.067179e-04
  4.2514e+01     1.067198e-04
  4.2557e+01     1.067217e-04
  4.2600e+01     1.067235e-04
  4.2642e+01     1.067254e-04
  4.2685e+01     1.067273e-04
  4.2728e+01     1.067291e-04
  4.2771e+01     1.067309e-04
  4.2814e+01     1.067328e-04
  4.2857e+01     1.067346e-04
  4.2900e+01     1.067364e-04
  4.2942e+01     1.067382e-04
  4.2985e+01     1.067400e-04
  4.3028e+01     1.067418e-04
  4.3071e+01     1.067435e-04
  4.3114e+01     1.067453e-04
  4.3157e+01     1.067470e-04
  4.3200e+01     1.067488e-04
  4.3242e+01     1.067505e-04
  4.3285e+01     1.067522e-04
  4.3328e+01     1.067539e-04
  4.3371e+01     1.067556e-04
  4.3414e+01     1.067573e-04
  4.3457e+01     1.067590e-04
  4.3500e+01     1.067606e-04
  4.3542e+01     1.067623e-04
  4.3585e+01     1.067639e-04
  4.3628e+01     1.067656e-04
  4.3671e+01     1.067672e-04
  4.3714e+01     1.067688e-04
  4.3757e+01     1.067704e-04
  4.3800e+01     1.067720e-04
  4.3842e+01     1.067736e-04
  4.3885e+01     1.067752e-04
  4.3928e+01     1.067768e-04
  4.3971e+01     1.067784e-04
  4.4014e+01     1.067799e-04
  4.4057e+01     1.067815e-04
  4.4100e+01     1.067830e-04
  4.4142e+01     1.067845e-04
  4.4185e+01     1.067860e-04
  4.4228e+01     1.067876e-04
  4.4271e+01     1.067891e-04
  4.4314e+01     1.067906e-04
  4.4357e+01     1.067920e-04
  4.4400e+01     1.067935e-04
  4.4442e+01     1.067950e-04
  4.4485e+01     1.067965e-04
  4.4528e+01     1.067979e-04
  4.4571e+01     1.067994e-04
  4.4614e+01     1.068008e-04
  4.4657e+01     1.068022e-04
  4.4700e+01     1.068036e-04
  4.4742e+01     1.068051e-04
  4.4785e+01     1.068065e-04
  4.4828e+01     1.068079e-04
  4.4871e+01     1.068092e-04
  4.4914e+01     1.068106e-04
  4.4957e+01     1.068120e-04
  4.5000e+01     1.068134e-04
  4.5042e+01     1.068147e-04
  4.5085e+01     1.068161e-04
  4.5128e+01     1.068174e-04
  4.5171e+01     1.068187e-04
  4.5214e+01     1.068201e-04
  4.5257e+01     1.068214e-04
  4.5300e+01     1.068227e-04
  4.5342e+01     1.068240e-04
  4.5385e+01     1.068253e-04
  4.5428e+01     1.068266e-04
  4.5471e+01     1.068279e-04
  4.5514e+01     1.068291e-04
  4.5557e+01     1.068304e-04
  4.5600e+01     1.068317e-04
  4.5642e+01     1.068329e-04
  4.5685e+01     1.068342e-04
  4.5728e+01     1.068354e-04
  4.5771e+01     1.068366e-04
  4.5814e+01     1.068378e-04
  4.5857e+01     1.068391e-04
  4.5900e+01     1.068403e-04
  4.5942e+01     1.068415e-04
  4.5985e+01     1.068427e-04
  4.6028e+01     1.068439e-04
  4.6071e+01     1.068450e-04
  4.6114e+01     1.068462e-04
  4.6157e+01     1.068474e-04
  4.6200e+01     1.068485e-04
  4.6242e+01     1.068497e-04
  4.6285e+01     1.068509e-04
  4.6328e+01     1.068520e-04
  4.6371e+01     1.068531e-04
  4.6414e+01     1.068543e-04
  4.6457e+01     1.068554e-04
  4.6500e+01     1.068565e-04
  4.6542e+01     1.068576e-04
  4.6585e+01     1.068587e-04
  4.6628e+01     1.068598e-04
  4.6671e+01     1.068609e-04
  4.6714e+01     1.068620e-04
  4.6757e+01     1.068631e-04
  4.6800e+01     1.068641e-04
  4.6842e+01     1.068652e-04
  4.6885e+01     1.068663e-04
  4.6928e+01     1.068673e-04
  4.6971e+01     1.068684e-04
  4.7014e+01     1.068694e-04
  4.7057e+01     1.068704e-04
  4.7100e+01     1.068715e-04
  4.7142e+01     1.068725e-04
  4.7185e+01     1.068735e-04
  4.7228e+01     1.068745e-04
  4.7271e+01     1.068755e-04
  4.7314e+01     1.068765e-04
  4.7357e+01     1.068775e-04
  4.7400e+01     1.068785e-04
  4.7442e+01     1.068795e-04
  4.7485e+01     1.068805e-04
  4.7528e+01     1.068815e-04
  4.7571e+01     1.068824e-04
  4.7614e+01     1.068834e-04
  4.7657e+01     1.068844e-04
  4.7700e+01     1.068853e-04
  4.7742e+01     1.068862e-04
  4.7785e+01     1.068872e-04
  4.7828e+01     1.068881e-04
  4.7871e+01     1.068891e-04
  4.7914e+01     1.068900e-04
  4.7957e+01     1.068909e-04
  4.8000e+01     1.068918e-04
  4.8042e+01     1.068927e-04
  4.8085e+01     1.068936e-04
  4.8128e+01     1.068945e-04
  4.8171e+01     1.068954e-04
  4.8214e+01     1.068963e-04
  4.8257e+01     1.068972e-04
  4.8300e+01     1.068981e-04
  4.8342e+01     1.068989e-04
  4.8385e+01     1.068998e-04
  4.8428e+01     1.069007e-04
  4.8471e+01     1.069015e-04
  4.8514e+01     1.069024e-04
  4.8557e+01     1.069032e-04
  4.8600e+01     1.069041e-04
  4.8642e+01     1.069049e-04
  4.8685e+01     1.069057e-04
  4.8728e+01     1.069066e-04
  4.8771e+01     1.069074e-04
  4.8814e+01     1.069082e-04
  4.8857e+01     1.069090e-04
  4.8900e+01     1.069098e-04
  4.8942e+01     1.069106e-04
  4.8985e+01     1.069114e-04
  4.9028e+01     1.069122e-04
  4.9071e+01     1.069130e-04
  4.9114e+01     1.069138e-04
  4.9157e+01     1.069146e-04
  4.9200e+01     1.069154e-04
  4.9242e+01     1.069162e-04
  4.9285e+01     1.069169e-04
  4.9328e+01     1.069177e-04
  4.9371e+01     1.069184e-04
  4.9414e+01     1.069192e-04
  4.9457e+01     1.069200e-04
  4.9500e+01     1.069207e-04
  4.9542e+01     1.069214e-04
  4.9585e+01     1.069222e-04
  4.9628e+01     1.069229e-04
  4.9671e+01     1.069237e-04
  4.9714e+01     1.069244e-04
  4.9757e+01     1.069251e-04
  4.9800e+01     1.069258e-04
  4.9842e+01     1.069265e-04
  4.9885e+01     1.069272e-04
  4.9928e+01     1.069280e-04
  4.9971e+01     1.069287e-04
  5.0014e+01     1.069294e-04
  5.0057e+01     1.069300e-04
  5.0100e+01     1.069307e-04
  5.0142e+01     1.069314e-04
  5.0185e+01     1.069321e-04
  5.0228e+01     1.069328e-04
  5.0271e+01     1.069335e-04
  5.0314e+01     1.069341e-04
  5.0357e+01     1.069348e-04
  5.0400e+01     1.069355e-04
  5.0442e+01     1.069361e-04
  5.0485e+01     1.069368e-04
  5.0528e+01     1.069374e-04
  5.0571e+01     1.069381e-04
  5.0614e+01     1.069387e-04
  5.0657e+01     1.069394e-04
  5.0700e+01     1.069400e-04
  5.0742e+01     1.069406e-04
  5.0785e+01     1.069413e-04
  5.0828e+01     1.069419e-04
  5.0871e+01     1.069425e-04
  5.0914e+01     1.069431e-04
  5.0957e+01     1.069437e-04
  5.1000e+01     1.069444e-04
  5.1042e+01     1.069450e-04
  5.1085e+01     1.069456e-04
  5.1128e+01     1.069462e-04
  5.1171e+01     1.069468e-04
  5.1214e+01     1.069474e-04
  5.1257e+01     1.069479e-04
  5.1300e+01     1.069485e-04
  5.1342e+01     1.069491e-04
  5.1385e+01     1.069497e-04
  5.1428e+01     1.069503e-04
  5.1471e+01     1.069509e-04
  5.1514e+01     1.069514e-04
  5.1557e+01     1.069520e-04
  5.1600e+01     1.069526e-04
  5.1642e+01     1.069531e-04
  5.1685e+01     1.069537e-04
  5.1728e+01     1.069542e-04
  5.1771e+01     1.069548e-04
  5.1814e+01     1.069553e-04
  5.1857e+01     1.069559e-04
  5.1900e+01     1.069564e-04
  5.1942e+01     1.069570e-04
  5.1985e+01     1.069575e-04
  5.2028e+01     1.069580e-04
  5.2071e+01     1.069586e-04
  5.2114e+01     1.069591e-04
  5.2157e+01     1.069596e-04
  5.2200e+01     1.069601e-04
  5.2242e+01     1.069607e-04
  5.2285e+01     1.069612e-04
  5.2328e+01     1.069617e-04
  5.2371e+01     1.069622e-04
  5.2414e+01     1.069627e-04
  5.2457e+01     1.069632e-04
  5.2500e+01     1.069637e-04
  5.2542e+01     1.069642e-04
  5.2585e+01     1.069647e-04
  5.2628e+01     1.069652e-04
  5.2671e+01     1.069657e-04
  5.2714e+01     1.069662e-04
  5.2757e+01     1.069666e-04
  5.2800e+01     1.069671e-04
  5.2842e+01     1.069676e-04
  5.2885e+01     1.069681e-04
  5.2928e+01     1.069686e-04
  5.2971e+01     1.069690e-04
  5.3014e+01     1.069695e-04
  5.3057e+01     1.069700e-04
  5.3100e+01     1.069704e-04
  5.3142e+01     1.069709e-04
  5.3185e+01     1.069713e-04
  5.3228e+01     1.069718e-04
  5.3271e+01     1.069722e-04
  5.3314e+01     1.069727e-04
  5.3357e+01     1.069731e-04
  5.3400e+01     1.069736e-04
  5.3442e+01     1.069740e-04
  5.3485e+01     1.069745e-04
  5.3528e+01     1.069749e-04
  5.3571e+01     1.069753e-04
  5.3614e+01     1.069758e-04
  5.3657e+01     1.069762e-04
  5.3700e+01     1.069766e-04
  5.3742e+01     1.069770e-04
  5.3785e+01     1.069775e-04
  5.3828e+01     1.069779e-04
  5.3871e+01     1.069783e-04
  5.3914e+01     1.069787e-04
  5.3957e+01     1.069791e-04
  5.4000e+01     1.069795e-04
  5.4042e+01     1.069799e-04
  5.4085e+01     1.069804e-04
  5.4128e+01     1.069808e-04
  5.4171e+01     1.069812e-04
  5.4214e+01     1.069816e-04
  5.4257e+01     1.069819e-04
  5.4300e+01     1.069823e-04
  5.4342e+01     1.069827e-04
  5.4385e+01     1.069831e-04
  5.4428e+01     1.069835e-04
  5.4471e+01     1.069839e-04
  5.4514e+01     1.069843e-04
  5.4557e+01     1.069847e-04
  5.4600e+01     1.069850e-04
  5.4642e+01     1.069854e-04
  5.4685e+01     1.069858e-04
  5.4728e+01     1.069862e-04
  5.4771e+01     1.069865e-04
  5.4814e+01     1.069869e-04
  5.4857e+01     1.069873e-04
  5.4900e+01     1.069876e-04
  5.4942e+01     1.069880e-04
  5.4985e+01     1.069883e-04
  5.5028e+01     1.069887e-04
  5.5071e+01     1.069891e-04
  5.5114e+01     1.069894e-04
  5.5157e+01     1.069898e-04
  5.5200e+01     1.069901e-04
  5.5242e+01     1.069905e-04
  5.5285e+01     1.069908e-04
  5.5328e+01     1.069911e-04
  5.5371e+01     1.069915e-04
  5.5414e+01     1.069918e-04
  5.5457e+01     1.069922e-04
  5.5500e+01     1.069925e-04
  5.5542e+01     1.069928e-04
  5.5585e+01     1.069932e-04
  5.5628e+01     1.069935e-04
  5.5671e+01     1.069938e-04
  5.5714e+01     1.069941e-04
  5.5757e+01     1.069945e-04
  5.5800e+01     1.069948e-04
  5.5842e+01     1.069951e-04
  5.5885e+01     1.069954e-04
  5.5928e+01     1.069957e-04
  5.5971e+01     1.069961e-04
  5.6014e+01     1.069964e-04
  5.6057e+01     1.069967e-04
  5.6100e+01     1.069970e-04
  5.6142e+01     1.069973e-04
  5.6185e+01     1.069976e-04
  5.6228e+01     1.069979e-04
  5.6271e+01     1.069982e-04
  5.6314e+01     1.069985e-04
  5.6357e+01     1.069988e-04
  5.6400e+01     1.069991e-04
  5.6442e+01     1.069994e-04
  5.6485e+01     1.069997e-04
  5.6528e+01     1.070000e-04
  5.6571e+01     1.070003e-04
  5.6614e+01     1.070006e-04
  5.6657e+01     1.070009e-04
  5.6700e+01     1.070011e-04
  5.6742e+01     1.070014e-04
  5.6785e+01     1.070017e-04
  5.6828e+01     1.070020e-04
  5.6871e+01     1.070023e-04
  5.6914e+01     1.070026e-04
  5.6957e+01     1.070028e-04
  5.7000e+01     1.070031e-04
  5.7042e+01     1.070034e-04
  5.7085e+01     1.070036e-04
  5.7128e+01     1.070039e-04
  5.7171e+01     1.070042e-04
  5.7214e+01     1.070045e-04
  5.7257e+01     1.070047e-04
  5.7300e+01     1.070050e-04
  5.7342e+01     1.070052e-04
  5.7385e+01     1.070055e-04
  5.7428e+01     1.070058e-04
  5.7471e+01     1.070060e-04
  5.7514e+01     1.070063e-04
  5.7557e+01     1.070065e-04
  5.7600e+01     1.070068e-04
  5.7642e+01     1.070070e-04
  5.7685e+01     1.070073e-04
  5.7728e+01     1.070075e-04
  5.7771e+01     1.070078e-04
  5.7814e+01     1.070080e-04
  5.7857e+01     1.070083e-04
  5.7900e+01     1.070085e-04
  5.7942e+01     1.070088e-04
  5.7985e+01     1.070090e-04
  5.8028e+01     1.070092e-04
  5.8071e+01     1.070095e-04
  5.8114e+01     1.070097e-04
  5.8157e+01     1.070100e-04
  5.8200e+01     1.070102e-04
  5.8242e+01     1.070104e-04
  5.8285e+01     1.070106e-04
  5.8328e+01     1.070109e-04
  5.8371e+01     1.070111e-04
  5.8414e+01     1.070113e-04
  5.8457e+01     1.070116e-04
  5.8500e+01     1.070118e-04
  5.8542e+01     1.070120e-04
  5.8585e+01     1.070122e-04
  5.8628e+01     1.070124e-04
  5.8671e+01     1.070127e-04
  5.8714e+01     1.070129e-04
  5.8757e+01     1.070131e-04
  5.8800e+01     1.070133e-04
  5.8842e+01     1.070135e-04
  5.8885e+01     1.070137e-04
  5.8928e+01     1.070140e-04
  5.8971e+01     1.070142e-04
  5.9014e+01     1.070144e-04
  5.9057e+01     1.070146e-04
  5.9100e+01     1.070148e-04
  5.9142e+01     1.070150e-04
  5.9185e+01     1.070152e-04
  5.9228e+01     1.070154e-04
  5.9271e+01     1.070156e-04
  5.9314e+01     1.070158e-04
  5.9357e+01     1.070160e-04
  5.9400e+01     1.070162e-04
  5.9442e+01     1.070164e-04
  5.9485e+01     1.070166e-04
  5.9528e+01     1.070168e-04
  5.9571e+01     1.070170e-04
  5.9614e+01     1.070172e-04
  5.9657e+01     1.070174e-04
  5.9700e+01     1.070176e-04
  5.9742e+01     1.070178e-04
  5.9785e+01     1.070180e-04
  5.9828e+01     1.070181e-04
  5.9871e+01     1.070183e-04
  5.9914e+01     1.070185e-04
  5.9957e+01     1.070187e-04
