# Epidemic | deceased persons [ x-unit: transmission cycles | y-unit: ]
  0.0000e+00     1.000000e-05
  4.2857e-02     1.000107e-05
  8.5714e-02     1.000214e-05
  1.2857e-01     1.000321e-05
  1.7143e-01     1.000429e-05
  2.1429e-01     1.000536e-05
  2.5714e-01     1.000643e-05
  3.0000e-01     1.000750e-05
  3.4286e-01     1.000861e-05
  3.8571e-01     1.000974e-05
  4.2857e-01     1.001092e-05
  4.7143e-01     1.001212e-05
  5.1429e-01     1.001337e-05
  5.5714e-01     1.001465e-05
  6.0000e-01     1.001597e-05
  6.4286e-01     1.001732e-05
  6.8571e-01     1.001872e-05
  7.2857e-01     1.002017e-05
  7.7143e-01     1.002165e-05
  8.1429e-01     1.002318e-05
  8.5714e-01     1.002476e-05
  9.0000e-01     1.002638e-05
  9.4286e-01     1.002806e-05
  9.8571e-01     1.002978e-05
  1.0285e+00     1.003155e-05
  1.0714e+00     1.003338e-05
  1.1142e+00     1.003527e-05
  1.1571e+00     1.003721e-05
  1.2000e+00     1.003921e-05
  1.2428e+00     1.004127e-05
  1.2857e+00     1.004339e-05
  1.3285e+00     1.004557e-05
  1.3714e+00     1.004783e-05
  1.4142e+00     1.005015e-05
  1.4571e+00     1.005254e-05
  1.5000e+00     1.005500e-05
  1.5428e+00     1.005753e-05
  1.5857e+00     1.006014e-05
  1.6285e+00     1.006284e-05
  1.6714e+00     1.006561e-05
  1.7142e+00     1.006846e-05
  1.7571e+00     1.007140e-05
  1.8000e+00     1.007444e-05
  1.8428e+00     1.007756e-05
  1.8857e+00     1.008077e-05
  1.9285e+00     1.008409e-05
  1.9714e+00     1.008750e-05
  2.0142e+00     1.009101e-05
  2.0571e+00     1.009464e-05
  2.1000e+00     1.009837e-05
  2.1428e+00     1.010221e-05
  2.1857e+00     1.010617e-05
  2.2285e+00     1.011025e-05
  2.2714e+00     1.011445e-05
  2.3142e+00     1.011878e-05
  2.3571e+00     1.012324e-05
  2.4000e+00     1.012783e-05
  2.4428e+00     1.013256e-05
  2.4857e+00     1.013744e-05
  2.5285e+00     1.014246e-05
  2.5714e+00     1.014763e-05
  2.6142e+00     1.015296e-05
  2.6571e+00     1.015845e-05
  2.7000e+00     1.016410e-05
  2.7428e+00     1.016993e-05
  2.7857e+00     1.017593e-05
  2.8285e+00     1.018211e-05
  2.8714e+00     1.018848e-05
  2.9142e+00     1.019504e-05
  2.9571e+00     1.020179e-05
  3.0000e+00     1.020876e-05
  3.0428e+00     1.021593e-05
  3.0857e+00     1.022332e-05
  3.1285e+00     1.023093e-05
  3.1714e+00     1.023876e-05
  3.2142e+00     1.024684e-05
  3.2571e+00     1.025516e-05
  3.3000e+00     1.026373e-05
  3.3428e+00     1.027256e-05
  3.3857e+00     1.028165e-05
  3.4285e+00     1.029102e-05
  3.4714e+00     1.030067e-05
  3.5142e+00     1.031062e-05
  3.5571e+00     1.032086e-05
  3.6000e+00     1.033141e-05
  3.6428e+00     1.034228e-05
  3.6857e+00     1.035347e-05
  3.7285e+00     1.036501e-05
  3.7714e+00     1.037689e-05
  3.8142e+00     1.038913e-05
  3.8571e+00     1.040174e-05
  3.9000e+00     1.041473e-05
  3.9428e+00     1.042811e-05
  3.9857e+00     1.044189e-05
  4.0285e+00     1.045609e-05
  4.0714e+00     1.047072e-05
  4.1142e+00     1.048578e-05
  4.1571e+00     1.050131e-05
  4.2000e+00     1.051730e-05
  4.2428e+00     1.053377e-05
  4.2857e+00     1.055074e-05
  4.3285e+00     1.056822e-05
  4.3714e+00     1.058622e-05
  4.4142e+00     1.060477e-05
  4.4571e+00     1.062388e-05
  4.5000e+00     1.064356e-05
  4.5428e+00     1.066384e-05
  4.5857e+00     1.068473e-05
  4.6285e+00     1.070625e-05
  4.6714e+00     1.072841e-05
  4.7142e+00     1.075125e-05
  4.7571e+00     1.077477e-05
  4.8000e+00     1.079900e-05
  4.8428e+00     1.082396e-05
  4.8857e+00     1.084968e-05
  4.9285e+00     1.087617e-05
  4.9714e+00     1.090345e-05
  5.0142e+00     1.093156e-05
  5.0571e+00     1.096052e-05
  5.1000e+00     1.099035e-05
  5.1428e+00     1.102107e-05
  5.1857e+00     1.105273e-05
  5.2285e+00     1.108533e-05
  5.2714e+00     1.111892e-05
  5.3142e+00     1.115352e-05
  5.3571e+00     1.118916e-05
  5.4000e+00     1.122588e-05
  5.4428e+00     1.126370e-05
  5.4857e+00     1.130267e-05
  5.5285e+00     1.134280e-05
  5.5714e+00     1.138415e-05
  5.6142e+00     1.142674e-05
  5.6571e+00     1.147061e-05
  5.7000e+00     1.151580e-05
  5.7428e+00     1.156236e-05
  5.7857e+00     1.161032e-05
  5.8285e+00     1.165972e-05
  5.8714e+00     1.171061e-05
  5.9142e+00     1.176303e-05
  5.9571e+00     1.181703e-05
  6.0000e+00     1.187266e-05
  6.0428e+00     1.192996e-05
  6.0857e+00     1.198899e-05
  6.1285e+00     1.204979e-05
  6.1714e+00     1.211243e-05
  6.2142e+00     1.217695e-05
  6.2571e+00     1.224341e-05
  6.3000e+00     1.231187e-05
  6.3428e+00     1.238240e-05
  6.3857e+00     1.245504e-05
  6.4285e+00     1.252988e-05
  6.4714e+00     1.260696e-05
  6.5142e+00     1.268637e-05
  6.5571e+00     1.276816e-05
  6.6000e+00     1.285242e-05
  6.6428e+00     1.293921e-05
  6.6857e+00     1.302861e-05
  6.7285e+00     1.312070e-05
  6.7714e+00     1.321556e-05
  6.8142e+00     1.331328e-05
  6.8571e+00     1.341393e-05
  6.9000e+00     1.351762e-05
  6.9428e+00     1.362442e-05
  6.9857e+00     1.373443e-05
  7.0285e+00     1.384775e-05
  7.0714e+00     1.396447e-05
  7.1142e+00     1.408471e-05
  7.1571e+00     1.420856e-05
  7.2000e+00     1.433613e-05
  7.2428e+00     1.446754e-05
  7.2857e+00     1.460290e-05
  7.3285e+00     1.474232e-05
  7.3714e+00     1.488594e-05
  7.4142e+00     1.503387e-05
  7.4571e+00     1.518624e-05
  7.5000e+00     1.534319e-05
  7.5428e+00     1.550485e-05
  7.5857e+00     1.567137e-05
  7.6285e+00     1.584288e-05
  7.6714e+00     1.601955e-05
  7.7142e+00     1.620152e-05
  7.7571e+00     1.638895e-05
  7.8000e+00     1.658201e-05
  7.8428e+00     1.678086e-05
  7.8857e+00     1.698567e-05
  7.9285e+00     1.719663e-05
  7.9714e+00     1.741391e-05
  8.0142e+00     1.763772e-05
  8.0571e+00     1.786823e-05
  8.1000e+00     1.810565e-05
  8.1428e+00     1.835019e-05
  8.1857e+00     1.860205e-05
  8.2285e+00     1.886147e-05
  8.2714e+00     1.912865e-05
  8.3142e+00     1.940383e-05
  8.3571e+00     1.968726e-05
  8.4000e+00     1.997917e-05
  8.4428e+00     2.027982e-05
  8.4857e+00     2.058946e-05
  8.5285e+00     2.090837e-05
  8.5714e+00     2.123681e-05
  8.6142e+00     2.157508e-05
  8.6571e+00     2.192346e-05
  8.7000e+00     2.228225e-05
  8.7428e+00     2.265176e-05
  8.7857e+00     2.303231e-05
  8.8285e+00     2.342423e-05
  8.8714e+00     2.382784e-05
  8.9142e+00     2.424350e-05
  8.9571e+00     2.467157e-05
  9.0000e+00     2.511240e-05
  9.0428e+00     2.556637e-05
  9.0857e+00     2.603387e-05
  9.1285e+00     2.651531e-05
  9.1714e+00     2.701109e-05
  9.2142e+00     2.752162e-05
  9.2571e+00     2.804735e-05
  9.3000e+00     2.858873e-05
  9.3428e+00     2.914620e-05
  9.3857e+00     2.972024e-05
  9.4285e+00     3.031135e-05
  9.4714e+00     3.092000e-05
  9.5142e+00     3.154673e-05
  9.5571e+00     3.219206e-05
  9.6000e+00     3.285652e-05
  9.6428e+00     3.354068e-05
  9.6857e+00     3.424511e-05
  9.7285e+00     3.497041e-05
  9.7714e+00     3.571717e-05
  9.8142e+00     3.648602e-05
  9.8571e+00     3.727759e-05
  9.9000e+00     3.809256e-05
  9.9428e+00     3.893159e-05
  9.9857e+00     3.979538e-05
  1.0028e+01     4.068464e-05
  1.0071e+01     4.160010e-05
  1.0114e+01     4.254253e-05
  1.0157e+01     4.351269e-05
  1.0200e+01     4.451137e-05
  1.0242e+01     4.553940e-05
  1.0285e+01     4.659761e-05
  1.0328e+01     4.768687e-05
  1.0371e+01     4.880806e-05
  1.0414e+01     4.996208e-05
  1.0457e+01     5.114987e-05
  1.0500e+01     5.237238e-05
  1.0542e+01     5.363060e-05
  1.0585e+01     5.492553e-05
  1.0628e+01     5.625820e-05
  1.0671e+01     5.762969e-05
  1.0714e+01     5.904106e-05
  1.0757e+01     6.049345e-05
  1.0800e+01     6.198798e-05
  1.0842e+01     6.352584e-05
  1.0885e+01     6.510823e-05
  1.0928e+01     6.673638e-05
  1.0971e+01     6.841156e-05
  1.1014e+01     7.013505e-05
  1.1057e+01     7.190818e-05
  1.1100e+01     7.373232e-05
  1.1142e+01     7.560885e-05
  1.1185e+01     7.753920e-05
  1.1228e+01     7.952483e-05
  1.1271e+01     8.156723e-05
  1.1314e+01     8.366792e-05
  1.1357e+01     8.582848e-05
  1.1400e+01     8.805049e-05
  1.1442e+01     9.033561e-05
  1.1485e+01     9.268548e-05
  1.1528e+01     9.510183e-05
  1.1571e+01     9.758641e-05
  1.1614e+01     1.001410e-04
  1.1657e+01     1.027674e-04
  1.1700e+01     1.054675e-04
  1.1742e+01     1.082432e-04
  1.1785e+01     1.110964e-04
  1.1828e+01     1.140291e-04
  1.1871e+01     1.170433e-04
  1.1914e+01     1.201411e-04
  1.1957e+01     1.233246e-04
  1.2000e+01     1.265958e-04
  1.2042e+01     1.299570e-04
  1.2085e+01     1.334104e-04
  1.2128e+01     1.369583e-04
  1.2171e+01     1.406028e-04
  1.2214e+01     1.443464e-04
  1.2257e+01     1.481914e-04
  1.2300e+01     1.521401e-04
  1.2342e+01     1.561951e-04
  1.2385e+01     1.603588e-04
  1.2428e+01     1.646337e-04
  1.2471e+01     1.690223e-04
  1.2514e+01     1.735272e-04
  1.2557e+01     1.781511e-04
  1.2600e+01     1.828964e-04
  1.2642e+01     1.877659e-04
  1.2685e+01     1.927622e-04
  1.2728e+01     1.978881e-04
  1.2771e+01     2.031463e-04
  1.2814e+01     2.085395e-04
  1.2857e+01     2.140705e-04
  1.2900e+01     2.197420e-04
  1.2942e+01     2.255568e-04
  1.2985e+01     2.315177e-04
  1.3028e+01     2.376276e-04
  1.3071e+01     2.438891e-04
  1.3114e+01     2.503052e-04
  1.3157e+01     2.568786e-04
  1.3200e+01     2.636120e-04
  1.3242e+01     2.705082e-04
  1.3285e+01     2.775700e-04
  1.3328e+01     2.848001e-04
  1.3371e+01     2.922012e-04
  1.3414e+01     2.997758e-04
  1.3457e+01     3.075267e-04
  1.3500e+01     3.154563e-04
  1.3542e+01     3.235672e-04
  1.3585e+01     3.318618e-04
  1.3628e+01     3.403425e-04
  1.3671e+01     3.490116e-04
  1.3714e+01     3.578712e-04
  1.3757e+01     3.669235e-04
  1.3800e+01     3.761705e-04
  1.3842e+01     3.856141e-04
  1.3885e+01     3.952561e-04
  1.3928e+01     4.050982e-04
  1.3971e+01     4.151418e-04
  1.4014e+01     4.253883e-04
  1.4057e+01     4.358390e-04
  1.4100e+01     4.464948e-04
  1.4142e+01     4.573568e-04
  1.4185e+01     4.684254e-04
  1.4228e+01     4.797013e-04
  1.4271e+01     4.911846e-04
  1.4314e+01     5.028754e-04
  1.4357e+01     5.147736e-04
  1.4400e+01     5.268787e-04
  1.4442e+01     5.391899e-04
  1.4485e+01     5.517064e-04
  1.4528e+01     5.644269e-04
  1.4571e+01     5.773499e-04
  1.4614e+01     5.904735e-04
  1.4657e+01     6.037955e-04
  1.4700e+01     6.173137e-04
  1.4742e+01     6.310251e-04
  1.4785e+01     6.449265e-04
  1.4828e+01     6.590147e-04
  1.4871e+01     6.732856e-04
  1.4914e+01     6.877350e-04
  1.4957e+01     7.023585e-04
  1.5000e+01     7.171510e-04
  1.5042e+01     7.321073e-04
  1.5085e+01     7.472215e-04
  1.5128e+01     7.624875e-04
  1.5171e+01     7.778990e-04
  1.5214e+01     7.934488e-04
  1.5257e+01     8.091298e-04
  1.5300e+01     8.249343e-04
  1.5342e+01     8.408542e-04
  1.5385e+01     8.568810e-04
  1.5428e+01     8.730060e-04
  1.5471e+01     8.892199e-04
  1.5514e+01     9.055132e-04
  1.5557e+01     9.218760e-04
  1.5600e+01     9.382981e-04
  1.5642e+01     9.547690e-04
  1.5685e+01     9.712778e-04
  1.5728e+01     9.878135e-04
  1.5771e+01     1.004365e-03
  1.5814e+01     1.020920e-03
  1.5857e+01     1.037467e-03
  1.5900e+01     1.053995e-03
  1.5942e+01     1.070491e-03
  1.5985e+01     1.086942e-03
  1.6028e+01     1.103338e-03
  1.6071e+01     1.119664e-03
  1.6114e+01     1.135910e-03
  1.6157e+01     1.152062e-03
  1.6200e+01     1.168108e-03
  1.6242e+01     1.184036e-03
  1.6285e+01     1.199835e-03
  1.6328e+01     1.215491e-03
  1.6371e+01     1.230994e-03
  1.6414e+01     1.246332e-03
  1.6457e+01     1.261493e-03
  1.6500e+01     1.276468e-03
  1.6542e+01     1.291245e-03
  1.6585e+01     1.305814e-03
  1.6628e+01     1.320166e-03
  1.6671e+01     1.334291e-03
  1.6714e+01     1.348181e-03
  1.6757e+01     1.361827e-03
  1.6800e+01     1.375223e-03
  1.6842e+01     1.388359e-03
  1.6885e+01     1.401231e-03
  1.6928e+01     1.413832e-03
  1.6971e+01     1.426157e-03
  1.7014e+01     1.438200e-03
  1.7057e+01     1.449959e-03
  1.7100e+01     1.461429e-03
  1.7142e+01     1.472608e-03
  1.7185e+01     1.483493e-03
  1.7228e+01     1.494083e-03
  1.7271e+01     1.504377e-03
  1.7314e+01     1.514374e-03
  1.7357e+01     1.524075e-03
  1.7400e+01     1.533480e-03
  1.7442e+01     1.542592e-03
  1.7485e+01     1.551411e-03
  1.7528e+01     1.559941e-03
  1.7571e+01     1.568183e-03
  1.7614e+01     1.576142e-03
  1.7657e+01     1.583821e-03
  1.7700e+01     1.591225e-03
  1.7742e+01     1.598358e-03
  1.7785e+01     1.605224e-03
  1.7828e+01     1.611829e-03
  1.7871e+01     1.618179e-03
  1.7914e+01     1.624279e-03
  1.7957e+01     1.630134e-03
  1.8000e+01     1.635752e-03
  1.8042e+01     1.641138e-03
  1.8085e+01     1.646299e-03
  1.8128e+01     1.651241e-03
  1.8171e+01     1.655970e-03
  1.8214e+01     1.660494e-03
  1.8257e+01     1.664818e-03
  1.8300e+01     1.668950e-03
  1.8342e+01     1.672895e-03
  1.8385e+01     1.676661e-03
  1.8428e+01     1.680253e-03
  1.8471e+01     1.683679e-03
  1.8514e+01     1.686944e-03
  1.8557e+01     1.690055e-03
  1.8600e+01     1.693018e-03
  1.8642e+01     1.695838e-03
  1.8685e+01     1.698522e-03
  1.8728e+01     1.701075e-03
  1.8771e+01     1.703502e-03
  1.8814e+01     1.705810e-03
  1.8857e+01     1.708003e-03
  1.8900e+01     1.710086e-03
  1.8942e+01     1.712064e-03
  1.8985e+01     1.713942e-03
  1.9028e+01     1.715725e-03
  1.9071e+01     1.717417e-03
  1.9114e+01     1.719022e-03
  1.9157e+01     1.720544e-03
  1.9200e+01     1.721988e-03
  1.9242e+01     1.723356e-03
  1.9285e+01     1.724653e-03
  1.9328e+01     1.725883e-03
  1.9371e+01     1.727047e-03
  1.9414e+01     1.728151e-03
  1.9457e+01     1.729196e-03
  1.9500e+01     1.730186e-03
  1.9542e+01     1.731123e-03
  1.9585e+01     1.732010e-03
  1.9628e+01     1.732850e-03
  1.9671e+01     1.733645e-03
  1.9714e+01     1.734397e-03
  1.9757e+01     1.735109e-03
  1.9800e+01     1.735782e-03
  1.9842e+01     1.736420e-03
  1.9885e+01     1.737022e-03
  1.9928e+01     1.737592e-03
  1.9971e+01     1.738132e-03
  2.0014e+01     1.738642e-03
  2.0057e+01     1.739124e-03
  2.0100e+01     1.739580e-03
  2.0142e+01     1.740011e-03
  2.0185e+01     1.740419e-03
  2.0228e+01     1.740804e-03
  2.0271e+01     1.741168e-03
  2.0314e+01     1.741513e-03
  2.0357e+01     1.741838e-03
  2.0400e+01     1.742146e-03
  2.0442e+01     1.742436e-03
  2.0485e+01     1.742711e-03
  2.0528e+01     1.742971e-03
  2.0571e+01     1.743216e-03
  2.0614e+01     1.743448e-03
  2.0657e+01     1.743667e-03
  2.0700e+01     1.743874e-03
  2.0742e+01     1.744069e-03
  2.0785e+01     1.744254e-03
  2.0828e+01     1.744429e-03
  2.0871e+01     1.744594e-03
  2.0914e+01     1.744750e-03
  2.0957e+01     1.744897e-03
  2.1000e+01     1.745036e-03
  2.1042e+01     1.745167e-03
  2.1085e+01     1.745291e-03
  2.1128e+01     1.745408e-03
  2.1171e+01     1.745519e-03
  2.1214e+01     1.745624e-03
  2.1257e+01     1.745723e-03
  2.1300e+01     1.745816e-03
  2.1342e+01     1.745904e-03
  2.1385e+01     1.745987e-03
  2.1428e+01     1.746066e-03
  2.1471e+01     1.746140e-03
  2.1514e+01     1.746210e-03
  2.1557e+01     1.746277e-03
  2.1600e+01     1.746339e-03
  2.1642e+01     1.746398e-03
  2.1685e+01     1.746454e-03
  2.1728e+01     1.746507e-03
  2.1771e+01     1.746557e-03
  2.1814e+01     1.746604e-03
  2.1857e+01     1.746648e-03
  2.1900e+01     1.746690e-03
  2.1942e+01     1.746730e-03
  2.1985e+01     1.746767e-03
  2.2028e+01     1.746802e-03
  2.2071e+01     1.746836e-03
  2.2114e+01     1.746867e-03
  2.2157e+01     1.746897e-03
  2.2200e+01     1.746925e-03
  2.2242e+01     1.746952e-03
  2.2285e+01     1.746977e-03
  2.2328e+01     1.747000e-03
  2.2371e+01     1.747023e-03
  2.2414e+01     1.747044e-03
  2.2457e+01     1.747064e-03
  2.2500e+01     1.747083e-03
  2.2542e+01     1.747100e-03
  2.2585e+01     1.747117e-03
  2.2628e+01     1.747133e-03
  2.2671e+01     1.747148e-03
  2.2714e+01     1.747162e-03
  2.2757e+01     1.747175e-03
  2.2800e+01     1.747188e-03
  2.2842e+01     1.747200e-03
  2.2885e+01     1.747211e-03
  2.2928e+01     1.747222e-03
  2.2971e+01     1.747232e-03
  2.3014e+01     1.747241e-03
  2.3057e+01     1.747250e-03
  2.3100e+01     1.747259e-03
  2.3142e+01     1.747267e-03
  2.3185e+01     1.747274e-03
  2.3228e+01     1.747281e-03
  2.3271e+01     1.747288e-03
  2.3314e+01     1.747294e-03
  2.3357e+01     1.747300e-03
  2.3400e+01     1.747306e-03
  2.3442e+01     1.747311e-03
  2.3485e+01     1.747316e-03
  2.3528e+01     1.747321e-03
  2.3571e+01     1.747326e-03
  2.3614e+01     1.747330e-03
  2.3657e+01     1.747334e-03
  2.3700e+01     1.747338e-03
  2.3742e+01     1.747341e-03
  2.3785e+01     1.747345e-03
  2.3828e+01     1.747348e-03
  2.3871e+01     1.747351e-03
  2.3914e+01     1.747354e-03
  2.3957e+01     1.747356e-03
  2.4000e+01     1.747359e-03
  2.4042e+01     1.747361e-03
  2.4085e+01     1.747364e-03
  2.4128e+01     1.747366e-03
  2.4171e+01     1.747368e-03
  2.4214e+01     1.747370e-03
  2.4257e+01     1.747371e-03
  2.4300e+01     1.747373e-03
  2.4342e+01     1.747375e-03
  2.4385e+01     1.747376e-03
  2.4428e+01     1.747378e-03
  2.4471e+01     1.747379e-03
  2.4514e+01     1.747380e-03
  2.4557e+01     1.747381e-03
  2.4600e+01     1.747383e-03
  2.4642e+01     1.747384e-03
  2.4685e+01     1.747385e-03
  2.4728e+01     1.747386e-03
  2.4771e+01     1.747387e-03
  2.4814e+01     1.747387e-03
  2.4857e+01     1.747388e-03
  2.4900e+01     1.747389e-03
  2.4942e+01     1.747390e-03
  2.4985e+01     1.747390e-03
  2.5028e+01     1.747391e-03
  2.5071e+01     1.747392e-03
  2.5114e+01     1.747392e-03
  2.5157e+01     1.747393e-03
  2.5200e+01     1.747393e-03
  2.5242e+01     1.747394e-03
  2.5285e+01     1.747394e-03
  2.5328e+01     1.747395e-03
  2.5371e+01     1.747395e-03
  2.5414e+01     1.747395e-03
  2.5457e+01     1.747396e-03
  2.5500e+01     1.747396e-03
  2.5542e+01     1.747396e-03
  2.5585e+01     1.747397e-03
  2.5628e+01     1.747397e-03
  2.5671e+01     1.747397e-03
  2.5714e+01     1.747398e-03
  2.5757e+01     1.747398e-03
  2.5800e+01     1.747398e-03
  2.5842e+01     1.747398e-03
  2.5885e+01     1.747398e-03
  2.5928e+01     1.747399e-03
  2.5971e+01     1.747399e-03
  2.6014e+01     1.747399e-03
  2.6057e+01     1.747399e-03
  2.6100e+01     1.747399e-03
  2.6142e+01     1.747399e-03
  2.6185e+01     1.747400e-03
  2.6228e+01     1.747400e-03
  2.6271e+01     1.747400e-03
  2.6314e+01     1.747400e-03
  2.6357e+01     1.747400e-03
  2.6400e+01     1.747400e-03
  2.6442e+01     1.747400e-03
  2.6485e+01     1.747400e-03
  2.6528e+01     1.747400e-03
  2.6571e+01     1.747400e-03
  2.6614e+01     1.747401e-03
  2.6657e+01     1.747401e-03
  2.6700e+01     1.747401e-03
  2.6742e+01     1.747401e-03
  2.6785e+01     1.747401e-03
  2.6828e+01     1.747401e-03
  2.6871e+01     1.747401e-03
  2.6914e+01     1.747401e-03
  2.6957e+01     1.747401e-03
  2.7000e+01     1.747401e-03
  2.7042e+01     1.747401e-03
  2.7085e+01     1.747401e-03
  2.7128e+01     1.747401e-03
  2.7171e+01     1.747401e-03
  2.7214e+01     1.747401e-03
  2.7257e+01     1.747401e-03
  2.7300e+01     1.747401e-03
  2.7342e+01     1.747401e-03
  2.7385e+01     1.747401e-03
  2.7428e+01     1.747401e-03
  2.7471e+01     1.747401e-03
  2.7514e+01     1.747401e-03
  2.7557e+01     1.747402e-03
  2.7600e+01     1.747402e-03
  2.7642e+01     1.747402e-03
  2.7685e+01     1.747402e-03
  2.7728e+01     1.747402e-03
  2.7771e+01     1.747402e-03
  2.7814e+01     1.747402e-03
  2.7857e+01     1.747402e-03
  2.7900e+01     1.747402e-03
  2.7942e+01     1.747402e-03
  2.7985e+01     1.747402e-03
  2.8028e+01     1.747402e-03
  2.8071e+01     1.747402e-03
  2.8114e+01     1.747402e-03
  2.8157e+01     1.747402e-03
  2.8200e+01     1.747402e-03
  2.8242e+01     1.747402e-03
  2.8285e+01     1.747402e-03
  2.8328e+01     1.747402e-03
  2.8371e+01     1.747402e-03
  2.8414e+01     1.747402e-03
  2.8457e+01     1.747402e-03
  2.8500e+01     1.747402e-03
  2.8542e+01     1.747402e-03
  2.8585e+01     1.747402e-03
  2.8628e+01     1.747402e-03
  2.8671e+01     1.747402e-03
  2.8714e+01     1.747402e-03
  2.8757e+01     1.747402e-03
  2.8800e+01     1.747402e-03
  2.8842e+01     1.747402e-03
  2.8885e+01     1.747402e-03
  2.8928e+01     1.747402e-03
  2.8971e+01     1.747402e-03
  2.9014e+01     1.747402e-03
  2.9057e+01     1.747402e-03
  2.9100e+01     1.747402e-03
  2.9142e+01     1.747402e-03
  2.9185e+01     1.747402e-03
  2.9228e+01     1.747402e-03
  2.9271e+01     1.747402e-03
  2.9314e+01     1.747402e-03
  2.9357e+01     1.747402e-03
  2.9400e+01     1.747402e-03
  2.9442e+01     1.747402e-03
  2.9485e+01     1.747402e-03
  2.9528e+01     1.747402e-03
  2.9571e+01     1.747402e-03
  2.9614e+01     1.747402e-03
  2.9657e+01     1.747402e-03
  2.9700e+01     1.747402e-03
  2.9742e+01     1.747402e-03
  2.9785e+01     1.747402e-03
  2.9828e+01     1.747402e-03
  2.9871e+01     1.747402e-03
  2.9914e+01     1.747402e-03
  2.9957e+01     1.747402e-03
  3.0000e+01     1.747402e-03
  3.0042e+01     1.747402e-03
  3.0085e+01     1.747402e-03
  3.0128e+01     1.747402e-03
  3.0171e+01     1.747402e-03
  3.0214e+01     1.747402e-03
  3.0257e+01     1.747402e-03
  3.0300e+01     1.747402e-03
  3.0342e+01     1.747402e-03
  3.0385e+01     1.747402e-03
  3.0428e+01     1.747402e-03
  3.0471e+01     1.747402e-03
  3.0514e+01     1.747402e-03
  3.0557e+01     1.747402e-03
  3.0600e+01     1.747402e-03
  3.0642e+01     1.747402e-03
  3.0685e+01     1.747402e-03
  3.0728e+01     1.747402e-03
  3.0771e+01     1.747402e-03
  3.0814e+01     1.747402e-03
  3.0857e+01     1.747402e-03
  3.0900e+01     1.747402e-03
  3.0942e+01     1.747402e-03
  3.0985e+01     1.747402e-03
  3.1028e+01     1.747402e-03
  3.1071e+01     1.747402e-03
  3.1114e+01     1.747402e-03
  3.1157e+01     1.747402e-03
  3.1200e+01     1.747402e-03
  3.1242e+01     1.747402e-03
  3.1285e+01     1.747402e-03
  3.1328e+01     1.747402e-03
  3.1371e+01     1.747402e-03
  3.1414e+01     1.747402e-03
  3.1457e+01     1.747402e-03
  3.1500e+01     1.747402e-03
  3.1542e+01     1.747402e-03
  3.1585e+01     1.747402e-03
  3.1628e+01     1.747402e-03
  3.1671e+01     1.747402e-03
  3.1714e+01     1.747402e-03
  3.1757e+01     1.747402e-03
  3.1800e+01     1.747402e-03
  3.1842e+01     1.747402e-03
  3.1885e+01     1.747402e-03
  3.1928e+01     1.747402e-03
  3.1971e+01     1.747402e-03
  3.2014e+01     1.747402e-03
  3.2057e+01     1.747402e-03
  3.2100e+01     1.747402e-03
  3.2142e+01     1.747402e-03
  3.2185e+01     1.747402e-03
  3.2228e+01     1.747402e-03
  3.2271e+01     1.747402e-03
  3.2314e+01     1.747402e-03
  3.2357e+01     1.747402e-03
  3.2400e+01     1.747402e-03
  3.2442e+01     1.747402e-03
  3.2485e+01     1.747402e-03
  3.2528e+01     1.747402e-03
  3.2571e+01     1.747402e-03
  3.2614e+01     1.747402e-03
  3.2657e+01     1.747402e-03
  3.2700e+01     1.747402e-03
  3.2742e+01     1.747402e-03
  3.2785e+01     1.747402e-03
  3.2828e+01     1.747402e-03
  3.2871e+01     1.747402e-03
  3.2914e+01     1.747402e-03
  3.2957e+01     1.747402e-03
  3.3000e+01     1.747402e-03
  3.3042e+01     1.747402e-03
  3.3085e+01     1.747402e-03
  3.3128e+01     1.747402e-03
  3.3171e+01     1.747402e-03
  3.3214e+01     1.747402e-03
  3.3257e+01     1.747402e-03
  3.3300e+01     1.747402e-03
  3.3342e+01     1.747402e-03
  3.3385e+01     1.747402e-03
  3.3428e+01     1.747402e-03
  3.3471e+01     1.747402e-03
  3.3514e+01     1.747402e-03
  3.3557e+01     1.747402e-03
  3.3600e+01     1.747402e-03
  3.3642e+01     1.747402e-03
  3.3685e+01     1.747402e-03
  3.3728e+01     1.747402e-03
  3.3771e+01     1.747402e-03
  3.3814e+01     1.747402e-03
  3.3857e+01     1.747402e-03
  3.3900e+01     1.747402e-03
  3.3942e+01     1.747402e-03
  3.3985e+01     1.747402e-03
  3.4028e+01     1.747402e-03
  3.4071e+01     1.747402e-03
  3.4114e+01     1.747402e-03
  3.4157e+01     1.747402e-03
  3.4200e+01     1.747402e-03
  3.4242e+01     1.747402e-03
  3.4285e+01     1.747402e-03
  3.4328e+01     1.747402e-03
  3.4371e+01     1.747402e-03
  3.4414e+01     1.747402e-03
  3.4457e+01     1.747402e-03
  3.4500e+01     1.747402e-03
  3.4542e+01     1.747402e-03
  3.4585e+01     1.747402e-03
  3.4628e+01     1.747402e-03
  3.4671e+01     1.747402e-03
  3.4714e+01     1.747402e-03
  3.4757e+01     1.747402e-03
  3.4800e+01     1.747402e-03
  3.4842e+01     1.747402e-03
  3.4885e+01     1.747402e-03
  3.4928e+01     1.747402e-03
  3.4971e+01     1.747402e-03
  3.5014e+01     1.747402e-03
  3.5057e+01     1.747402e-03
  3.5100e+01     1.747402e-03
  3.5142e+01     1.747402e-03
  3.5185e+01     1.747402e-03
  3.5228e+01     1.747402e-03
  3.5271e+01     1.747402e-03
  3.5314e+01     1.747402e-03
  3.5357e+01     1.747402e-03
  3.5400e+01     1.747402e-03
  3.5442e+01     1.747402e-03
  3.5485e+01     1.747402e-03
  3.5528e+01     1.747402e-03
  3.5571e+01     1.747402e-03
  3.5614e+01     1.747402e-03
  3.5657e+01     1.747402e-03
  3.5700e+01     1.747402e-03
  3.5742e+01     1.747402e-03
  3.5785e+01     1.747402e-03
  3.5828e+01     1.747402e-03
  3.5871e+01     1.747402e-03
  3.5914e+01     1.747402e-03
  3.5957e+01     1.747402e-03
  3.6000e+01     1.747402e-03
  3.6042e+01     1.747402e-03
  3.6085e+01     1.747402e-03
  3.6128e+01     1.747402e-03
  3.6171e+01     1.747402e-03
  3.6214e+01     1.747402e-03
  3.6257e+01     1.747402e-03
  3.6300e+01     1.747402e-03
  3.6342e+01     1.747402e-03
  3.6385e+01     1.747402e-03
  3.6428e+01     1.747402e-03
  3.6471e+01     1.747402e-03
  3.6514e+01     1.747402e-03
  3.6557e+01     1.747402e-03
  3.6600e+01     1.747402e-03
  3.6642e+01     1.747402e-03
  3.6685e+01     1.747402e-03
  3.6728e+01     1.747402e-03
  3.6771e+01     1.747402e-03
  3.6814e+01     1.747402e-03
  3.6857e+01     1.747402e-03
  3.6900e+01     1.747402e-03
  3.6942e+01     1.747402e-03
  3.6985e+01     1.747402e-03
  3.7028e+01     1.747402e-03
  3.7071e+01     1.747402e-03
  3.7114e+01     1.747402e-03
  3.7157e+01     1.747402e-03
  3.7200e+01     1.747402e-03
  3.7242e+01     1.747402e-03
  3.7285e+01     1.747402e-03
  3.7328e+01     1.747402e-03
  3.7371e+01     1.747402e-03
  3.7414e+01     1.747402e-03
  3.7457e+01     1.747402e-03
  3.7500e+01     1.747402e-03
  3.7542e+01     1.747402e-03
  3.7585e+01     1.747402e-03
  3.7628e+01     1.747402e-03
  3.7671e+01     1.747402e-03
  3.7714e+01     1.747402e-03
  3.7757e+01     1.747402e-03
  3.7800e+01     1.747402e-03
  3.7842e+01     1.747402e-03
  3.7885e+01     1.747402e-03
  3.7928e+01     1.747402e-03
  3.7971e+01     1.747402e-03
  3.8014e+01     1.747402e-03
  3.8057e+01     1.747402e-03
  3.8100e+01     1.747402e-03
  3.8142e+01     1.747402e-03
  3.8185e+01     1.747402e-03
  3.8228e+01     1.747402e-03
  3.8271e+01     1.747402e-03
  3.8314e+01     1.747402e-03
  3.8357e+01     1.747402e-03
  3.8400e+01     1.747402e-03
  3.8442e+01     1.747402e-03
  3.8485e+01     1.747402e-03
  3.8528e+01     1.747402e-03
  3.8571e+01     1.747402e-03
  3.8614e+01     1.747402e-03
  3.8657e+01     1.747402e-03
  3.8700e+01     1.747402e-03
  3.8742e+01     1.747402e-03
  3.8785e+01     1.747402e-03
  3.8828e+01     1.747402e-03
  3.8871e+01     1.747402e-03
  3.8914e+01     1.747402e-03
  3.8957e+01     1.747402e-03
  3.9000e+01     1.747402e-03
  3.9042e+01     1.747402e-03
  3.9085e+01     1.747402e-03
  3.9128e+01     1.747402e-03
  3.9171e+01     1.747402e-03
  3.9214e+01     1.747402e-03
  3.9257e+01     1.747402e-03
  3.9300e+01     1.747402e-03
  3.9342e+01     1.747402e-03
  3.9385e+01     1.747402e-03
  3.9428e+01     1.747402e-03
  3.9471e+01     1.747402e-03
  3.9514e+01     1.747402e-03
  3.9557e+01     1.747402e-03
  3.9600e+01     1.747402e-03
  3.9642e+01     1.747402e-03
  3.9685e+01     1.747402e-03
  3.9728e+01     1.747402e-03
  3.9771e+01     1.747402e-03
  3.9814e+01     1.747402e-03
  3.9857e+01     1.747402e-03
  3.9900e+01     1.747402e-03
  3.9942e+01     1.747402e-03
  3.9985e+01     1.747402e-03
  4.0028e+01     1.747402e-03
  4.0071e+01     1.747402e-03
  4.0114e+01     1.747402e-03
  4.0157e+01     1.747402e-03
  4.0200e+01     1.747402e-03
  4.0242e+01     1.747402e-03
  4.0285e+01     1.747402e-03
  4.0328e+01     1.747402e-03
  4.0371e+01     1.747402e-03
  4.0414e+01     1.747402e-03
  4.0457e+01     1.747402e-03
  4.0500e+01     1.747402e-03
  4.0542e+01     1.747402e-03
  4.0585e+01     1.747402e-03
  4.0628e+01     1.747402e-03
  4.0671e+01     1.747402e-03
  4.0714e+01     1.747402e-03
  4.0757e+01     1.747402e-03
  4.0800e+01     1.747402e-03
  4.0842e+01     1.747402e-03
  4.0885e+01     1.747402e-03
  4.0928e+01     1.747402e-03
  4.0971e+01     1.747402e-03
  4.1014e+01     1.747402e-03
  4.1057e+01     1.747402e-03
  4.1100e+01     1.747402e-03
  4.1142e+01     1.747402e-03
  4.1185e+01     1.747402e-03
  4.1228e+01     1.747402e-03
  4.1271e+01     1.747402e-03
  4.1314e+01     1.747402e-03
  4.1357e+01     1.747402e-03
  4.1400e+01     1.747402e-03
  4.1442e+01     1.747402e-03
  4.1485e+01     1.747402e-03
  4.1528e+01     1.747402e-03
  4.1571e+01     1.747402e-03
  4.1614e+01     1.747402e-03
  4.1657e+01     1.747402e-03
  4.1700e+01     1.747402e-03
  4.1742e+01     1.747402e-03
  4.1785e+01     1.747402e-03
  4.1828e+01     1.747402e-03
  4.1871e+01     1.747402e-03
  4.1914e+01     1.747402e-03
  4.1957e+01     1.747402e-03
  4.2000e+01     1.747402e-03
  4.2042e+01     1.747402e-03
  4.2085e+01     1.747402e-03
  4.2128e+01     1.747402e-03
  4.2171e+01     1.747402e-03
  4.2214e+01     1.747402e-03
  4.2257e+01     1.747402e-03
  4.2300e+01     1.747402e-03
  4.2342e+01     1.747402e-03
  4.2385e+01     1.747402e-03
  4.2428e+01     1.747402e-03
  4.2471e+01     1.747402e-03
  4.2514e+01     1.747402e-03
  4.2557e+01     1.747402e-03
  4.2600e+01     1.747402e-03
  4.2642e+01     1.747402e-03
  4.2685e+01     1.747402e-03
  4.2728e+01     1.747402e-03
  4.2771e+01     1.747402e-03
  4.2814e+01     1.747402e-03
  4.2857e+01     1.747402e-03
  4.2900e+01     1.747402e-03
  4.2942e+01     1.747402e-03
  4.2985e+01     1.747402e-03
  4.3028e+01     1.747402e-03
  4.3071e+01     1.747402e-03
  4.3114e+01     1.747402e-03
  4.3157e+01     1.747402e-03
  4.3200e+01     1.747402e-03
  4.3242e+01     1.747402e-03
  4.3285e+01     1.747402e-03
  4.3328e+01     1.747402e-03
  4.3371e+01     1.747402e-03
  4.3414e+01     1.747402e-03
  4.3457e+01     1.747402e-03
  4.3500e+01     1.747402e-03
  4.3542e+01     1.747402e-03
  4.3585e+01     1.747402e-03
  4.3628e+01     1.747402e-03
  4.3671e+01     1.747402e-03
  4.3714e+01     1.747402e-03
  4.3757e+01     1.747402e-03
  4.3800e+01     1.747402e-03
  4.3842e+01     1.747402e-03
  4.3885e+01     1.747402e-03
  4.3928e+01     1.747402e-03
  4.3971e+01     1.747402e-03
  4.4014e+01     1.747402e-03
  4.4057e+01     1.747402e-03
  4.4100e+01     1.747402e-03
  4.4142e+01     1.747402e-03
  4.4185e+01     1.747402e-03
  4.4228e+01     1.747402e-03
  4.4271e+01     1.747402e-03
  4.4314e+01     1.747402e-03
  4.4357e+01     1.747402e-03
  4.4400e+01     1.747402e-03
  4.4442e+01     1.747402e-03
  4.4485e+01     1.747402e-03
  4.4528e+01     1.747402e-03
  4.4571e+01     1.747402e-03
  4.4614e+01     1.747402e-03
  4.4657e+01     1.747402e-03
  4.4700e+01     1.747402e-03
  4.4742e+01     1.747402e-03
  4.4785e+01     1.747402e-03
  4.4828e+01     1.747402e-03
  4.4871e+01     1.747402e-03
  4.4914e+01     1.747402e-03
  4.4957e+01     1.747402e-03
  4.5000e+01     1.747402e-03
  4.5042e+01     1.747402e-03
  4.5085e+01     1.747402e-03
  4.5128e+01     1.747402e-03
  4.5171e+01     1.747402e-03
  4.5214e+01     1.747402e-03
  4.5257e+01     1.747402e-03
  4.5300e+01     1.747402e-03
  4.5342e+01     1.747402e-03
  4.5385e+01     1.747402e-03
  4.5428e+01     1.747402e-03
  4.5471e+01     1.747402e-03
  4.5514e+01     1.747402e-03
  4.5557e+01     1.747402e-03
  4.5600e+01     1.747402e-03
  4.5642e+01     1.747402e-03
  4.5685e+01     1.747402e-03
  4.5728e+01     1.747402e-03
  4.5771e+01     1.747402e-03
  4.5814e+01     1.747402e-03
  4.5857e+01     1.747402e-03
  4.5900e+01     1.747402e-03
  4.5942e+01     1.747402e-03
  4.5985e+01     1.747402e-03
  4.6028e+01     1.747402e-03
  4.6071e+01     1.747402e-03
  4.6114e+01     1.747402e-03
  4.6157e+01     1.747402e-03
  4.6200e+01     1.747402e-03
  4.6242e+01     1.747402e-03
  4.6285e+01     1.747402e-03
  4.6328e+01     1.747402e-03
  4.6371e+01     1.747402e-03
  4.6414e+01     1.747402e-03
  4.6457e+01     1.747402e-03
  4.6500e+01     1.747402e-03
  4.6542e+01     1.747402e-03
  4.6585e+01     1.747402e-03
  4.6628e+01     1.747402e-03
  4.6671e+01     1.747402e-03
  4.6714e+01     1.747402e-03
  4.6757e+01     1.747402e-03
  4.6800e+01     1.747402e-03
  4.6842e+01     1.747402e-03
  4.6885e+01     1.747402e-03
  4.6928e+01     1.747402e-03
  4.6971e+01     1.747402e-03
  4.7014e+01     1.747402e-03
  4.7057e+01     1.747402e-03
  4.7100e+01     1.747402e-03
  4.7142e+01     1.747402e-03
  4.7185e+01     1.747402e-03
  4.7228e+01     1.747402e-03
  4.7271e+01     1.747402e-03
  4.7314e+01     1.747402e-03
  4.7357e+01     1.747402e-03
  4.7400e+01     1.747402e-03
  4.7442e+01     1.747402e-03
  4.7485e+01     1.747402e-03
  4.7528e+01     1.747402e-03
  4.7571e+01     1.747402e-03
  4.7614e+01     1.747402e-03
  4.7657e+01     1.747402e-03
  4.7700e+01     1.747402e-03
  4.7742e+01     1.747402e-03
  4.7785e+01     1.747402e-03
  4.7828e+01     1.747402e-03
  4.7871e+01     1.747402e-03
  4.7914e+01     1.747402e-03
  4.7957e+01     1.747402e-03
  4.8000e+01     1.747402e-03
  4.8042e+01     1.747402e-03
  4.8085e+01     1.747402e-03
  4.8128e+01     1.747402e-03
  4.8171e+01     1.747402e-03
  4.8214e+01     1.747402e-03
  4.8257e+01     1.747402e-03
  4.8300e+01     1.747402e-03
  4.8342e+01     1.747402e-03
  4.8385e+01     1.747402e-03
  4.8428e+01     1.747402e-03
  4.8471e+01     1.747402e-03
  4.8514e+01     1.747402e-03
  4.8557e+01     1.747402e-03
  4.8600e+01     1.747402e-03
  4.8642e+01     1.747402e-03
  4.8685e+01     1.747402e-03
  4.8728e+01     1.747402e-03
  4.8771e+01     1.747402e-03
  4.8814e+01     1.747402e-03
  4.8857e+01     1.747402e-03
  4.8900e+01     1.747402e-03
  4.8942e+01     1.747402e-03
  4.8985e+01     1.747402e-03
  4.9028e+01     1.747402e-03
  4.9071e+01     1.747402e-03
  4.9114e+01     1.747402e-03
  4.9157e+01     1.747402e-03
  4.9200e+01     1.747402e-03
  4.9242e+01     1.747402e-03
  4.9285e+01     1.747402e-03
  4.9328e+01     1.747402e-03
  4.9371e+01     1.747402e-03
  4.9414e+01     1.747402e-03
  4.9457e+01     1.747402e-03
  4.9500e+01     1.747402e-03
  4.9542e+01     1.747402e-03
  4.9585e+01     1.747402e-03
  4.9628e+01     1.747402e-03
  4.9671e+01     1.747402e-03
  4.9714e+01     1.747402e-03
  4.9757e+01     1.747402e-03
  4.9800e+01     1.747402e-03
  4.9842e+01     1.747402e-03
  4.9885e+01     1.747402e-03
  4.9928e+01     1.747402e-03
  4.9971e+01     1.747402e-03
  5.0014e+01     1.747402e-03
  5.0057e+01     1.747402e-03
  5.0100e+01     1.747402e-03
  5.0142e+01     1.747402e-03
  5.0185e+01     1.747402e-03
  5.0228e+01     1.747402e-03
  5.0271e+01     1.747402e-03
  5.0314e+01     1.747402e-03
  5.0357e+01     1.747402e-03
  5.0400e+01     1.747402e-03
  5.0442e+01     1.747402e-03
  5.0485e+01     1.747402e-03
  5.0528e+01     1.747402e-03
  5.0571e+01     1.747402e-03
  5.0614e+01     1.747402e-03
  5.0657e+01     1.747402e-03
  5.0700e+01     1.747402e-03
  5.0742e+01     1.747402e-03
  5.0785e+01     1.747402e-03
  5.0828e+01     1.747402e-03
  5.0871e+01     1.747402e-03
  5.0914e+01     1.747402e-03
  5.0957e+01     1.747402e-03
  5.1000e+01     1.747402e-03
  5.1042e+01     1.747402e-03
  5.1085e+01     1.747402e-03
  5.1128e+01     1.747402e-03
  5.1171e+01     1.747402e-03
  5.1214e+01     1.747402e-03
  5.1257e+01     1.747402e-03
  5.1300e+01     1.747402e-03
  5.1342e+01     1.747402e-03
  5.1385e+01     1.747402e-03
  5.1428e+01     1.747402e-03
  5.1471e+01     1.747402e-03
  5.1514e+01     1.747402e-03
  5.1557e+01     1.747402e-03
  5.1600e+01     1.747402e-03
  5.1642e+01     1.747402e-03
  5.1685e+01     1.747402e-03
  5.1728e+01     1.747402e-03
  5.1771e+01     1.747402e-03
  5.1814e+01     1.747402e-03
  5.1857e+01     1.747402e-03
  5.1900e+01     1.747402e-03
  5.1942e+01     1.747402e-03
  5.1985e+01     1.747402e-03
  5.2028e+01     1.747402e-03
  5.2071e+01     1.747402e-03
  5.2114e+01     1.747402e-03
  5.2157e+01     1.747402e-03
  5.2200e+01     1.747402e-03
  5.2242e+01     1.747402e-03
  5.2285e+01     1.747402e-03
  5.2328e+01     1.747402e-03
  5.2371e+01     1.747402e-03
  5.2414e+01     1.747402e-03
  5.2457e+01     1.747402e-03
  5.2500e+01     1.747402e-03
  5.2542e+01     1.747402e-03
  5.2585e+01     1.747402e-03
  5.2628e+01     1.747402e-03
  5.2671e+01     1.747402e-03
  5.2714e+01     1.747402e-03
  5.2757e+01     1.747402e-03
  5.2800e+01     1.747402e-03
  5.2842e+01     1.747402e-03
  5.2885e+01     1.747402e-03
  5.2928e+01     1.747402e-03
  5.2971e+01     1.747402e-03
  5.3014e+01     1.747402e-03
  5.3057e+01     1.747402e-03
  5.3100e+01     1.747402e-03
  5.3142e+01     1.747402e-03
  5.3185e+01     1.747402e-03
  5.3228e+01     1.747402e-03
  5.3271e+01     1.747402e-03
  5.3314e+01     1.747402e-03
  5.3357e+01     1.747402e-03
  5.3400e+01     1.747402e-03
  5.3442e+01     1.747402e-03
  5.3485e+01     1.747402e-03
  5.3528e+01     1.747402e-03
  5.3571e+01     1.747402e-03
  5.3614e+01     1.747402e-03
  5.3657e+01     1.747402e-03
  5.3700e+01     1.747402e-03
  5.3742e+01     1.747402e-03
  5.3785e+01     1.747402e-03
  5.3828e+01     1.747402e-03
  5.3871e+01     1.747402e-03
  5.3914e+01     1.747402e-03
  5.3957e+01     1.747402e-03
  5.4000e+01     1.747402e-03
  5.4042e+01     1.747402e-03
  5.4085e+01     1.747402e-03
  5.4128e+01     1.747402e-03
  5.4171e+01     1.747402e-03
  5.4214e+01     1.747402e-03
  5.4257e+01     1.747402e-03
  5.4300e+01     1.747402e-03
  5.4342e+01     1.747402e-03
  5.4385e+01     1.747402e-03
  5.4428e+01     1.747402e-03
  5.4471e+01     1.747402e-03
  5.4514e+01     1.747402e-03
  5.4557e+01     1.747402e-03
  5.4600e+01     1.747402e-03
  5.4642e+01     1.747402e-03
  5.4685e+01     1.747402e-03
  5.4728e+01     1.747402e-03
  5.4771e+01     1.747402e-03
  5.4814e+01     1.747402e-03
  5.4857e+01     1.747402e-03
  5.4900e+01     1.747402e-03
  5.4942e+01     1.747402e-03
  5.4985e+01     1.747402e-03
  5.5028e+01     1.747402e-03
  5.5071e+01     1.747402e-03
  5.5114e+01     1.747402e-03
  5.5157e+01     1.747402e-03
  5.5200e+01     1.747402e-03
  5.5242e+01     1.747402e-03
  5.5285e+01     1.747402e-03
  5.5328e+01     1.747402e-03
  5.5371e+01     1.747402e-03
  5.5414e+01     1.747402e-03
  5.5457e+01     1.747402e-03
  5.5500e+01     1.747402e-03
  5.5542e+01     1.747402e-03
  5.5585e+01     1.747402e-03
  5.5628e+01     1.747402e-03
  5.5671e+01     1.747402e-03
  5.5714e+01     1.747402e-03
  5.5757e+01     1.747402e-03
  5.5800e+01     1.747402e-03
  5.5842e+01     1.747402e-03
  5.5885e+01     1.747402e-03
  5.5928e+01     1.747402e-03
  5.5971e+01     1.747402e-03
  5.6014e+01     1.747402e-03
  5.6057e+01     1.747402e-03
  5.6100e+01     1.747402e-03
  5.6142e+01     1.747402e-03
  5.6185e+01     1.747402e-03
  5.6228e+01     1.747402e-03
  5.6271e+01     1.747402e-03
  5.6314e+01     1.747402e-03
  5.6357e+01     1.747402e-03
  5.6400e+01     1.747402e-03
  5.6442e+01     1.747402e-03
  5.6485e+01     1.747402e-03
  5.6528e+01     1.747402e-03
  5.6571e+01     1.747402e-03
  5.6614e+01     1.747402e-03
  5.6657e+01     1.747402e-03
  5.6700e+01     1.747402e-03
  5.6742e+01     1.747402e-03
  5.6785e+01     1.747402e-03
  5.6828e+01     1.747402e-03
  5.6871e+01     1.747402e-03
  5.6914e+01     1.747402e-03
  5.6957e+01     1.747402e-03
  5.7000e+01     1.747402e-03
  5.7042e+01     1.747402e-03
  5.7085e+01     1.747402e-03
  5.7128e+01     1.747402e-03
  5.7171e+01     1.747402e-03
  5.7214e+01     1.747402e-03
  5.7257e+01     1.747402e-03
  5.7300e+01     1.747402e-03
  5.7342e+01     1.747402e-03
  5.7385e+01     1.747402e-03
  5.7428e+01     1.747402e-03
  5.7471e+01     1.747402e-03
  5.7514e+01     1.747402e-03
  5.7557e+01     1.747402e-03
  5.7600e+01     1.747402e-03
  5.7642e+01     1.747402e-03
  5.7685e+01     1.747402e-03
  5.7728e+01     1.747402e-03
  5.7771e+01     1.747402e-03
  5.7814e+01     1.747402e-03
  5.7857e+01     1.747402e-03
  5.7900e+01     1.747402e-03
  5.7942e+01     1.747402e-03
  5.7985e+01     1.747402e-03
  5.8028e+01     1.747402e-03
  5.8071e+01     1.747402e-03
  5.8114e+01     1.747402e-03
  5.8157e+01     1.747402e-03
  5.8200e+01     1.747402e-03
  5.8242e+01     1.747402e-03
  5.8285e+01     1.747402e-03
  5.8328e+01     1.747402e-03
  5.8371e+01     1.747402e-03
  5.8414e+01     1.747402e-03
  5.8457e+01     1.747402e-03
  5.8500e+01     1.747402e-03
  5.8542e+01     1.747402e-03
  5.8585e+01     1.747402e-03
  5.8628e+01     1.747402e-03
  5.8671e+01     1.747402e-03
  5.8714e+01     1.747402e-03
  5.8757e+01     1.747402e-03
  5.8800e+01     1.747402e-03
  5.8842e+01     1.747402e-03
  5.8885e+01     1.747402e-03
  5.8928e+01     1.747402e-03
  5.8971e+01     1.747402e-03
  5.9014e+01     1.747402e-03
  5.9057e+01     1.747402e-03
  5.9100e+01     1.747402e-03
  5.9142e+01     1.747402e-03
  5.9185e+01     1.747402e-03
  5.9228e+01     1.747402e-03
  5.9271e+01     1.747402e-03
  5.9314e+01     1.747402e-03
  5.9357e+01     1.747402e-03
  5.9400e+01     1.747402e-03
  5.9442e+01     1.747402e-03
  5.9485e+01     1.747402e-03
  5.9528e+01     1.747402e-03
  5.9571e+01     1.747402e-03
  5.9614e+01     1.747402e-03
  5.9657e+01     1.747402e-03
  5.9700e+01     1.747402e-03
  5.9742e+01     1.747402e-03
  5.9785e+01     1.747402e-03
  5.9828e+01     1.747402e-03
  5.9871e+01     1.747402e-03
  5.9914e+01     1.747402e-03
  5.9957e+01     1.747402e-03
