# Epidemic | deceased persons [ x-unit: transmission cycles | y-unit: ]
  0.0000e+00     1.000000e-05
  4.2857e-02     1.000107e-05
  8.5714e-02     1.000214e-05
  1.2857e-01     1.000321e-05
  1.7143e-01     1.000429e-05
  2.1429e-01     1.000536e-05
  2.5714e-01     1.000643e-05
  3.0000e-01     1.000750e-05
  3.4286e-01     1.000858e-05
  3.8571e-01     1.000967e-05
  4.2857e-01     1.001078e-05
  4.7143e-01     1.001189e-05
  5.1429e-01     1.001301e-05
  5.5714e-01     1.001415e-05
  6.0000e-01     1.001530e-05
  6.4286e-01     1.001645e-05
  6.8571e-01     1.001762e-05
  7.2857e-01     1.001880e-05
  7.7143e-01     1.001999e-05
  8.1429e-01     1.002119e-05
  8.5714e-01     1.002240e-05
  9.0000e-01     1.002363e-05
  9.4286e-01     1.002487e-05
  9.8571e-01     1.002611e-05
  1.0285e+00     1.002737e-05
  1.0714e+00     1.002865e-05
  1.1142e+00     1.002993e-05
  1.1571e+00     1.003123e-05
  1.2000e+00     1.003254e-05
  1.2428e+00     1.003386e-05
  1.2857e+00     1.003520e-05
  1.3285e+00     1.003654e-05
  1.3714e+00     1.003790e-05
  1.4142e+00     1.003928e-05
  1.4571e+00     1.004067e-05
  1.5000e+00     1.004207e-05
  1.5428e+00     1.004348e-05
  1.5857e+00     1.004491e-05
  1.6285e+00     1.004635e-05
  1.6714e+00     1.004780e-05
  1.7142e+00     1.004927e-05
  1.7571e+00     1.005076e-05
  1.8000e+00     1.005225e-05
  1.8428e+00     1.005376e-05
  1.8857e+00     1.005529e-05
  1.9285e+00     1.005683e-05
  1.9714e+00     1.005839e-05
  2.0142e+00     1.005996e-05
  2.0571e+00     1.006154e-05
  2.1000e+00     1.006314e-05
  2.1428e+00     1.006476e-05
  2.1857e+00     1.006639e-05
  2.2285e+00     1.006804e-05
  2.2714e+00     1.006970e-05
  2.3142e+00     1.007138e-05
  2.3571e+00     1.007308e-05
  2.4000e+00     1.007479e-05
  2.4428e+00     1.007652e-05
  2.4857e+00     1.007826e-05
  2.5285e+00     1.008003e-05
  2.5714e+00     1.008180e-05
  2.6142e+00     1.008360e-05
  2.6571e+00     1.008541e-05
  2.7000e+00     1.008724e-05
  2.7428e+00     1.008909e-05
  2.7857e+00     1.009096e-05
  2.8285e+00     1.009284e-05
  2.8714e+00     1.009474e-05
  2.9142e+00     1.009666e-05
  2.9571e+00     1.009860e-05
  3.0000e+00     1.010056e-05
  3.0428e+00     1.010253e-05
  3.0857e+00     1.010453e-05
  3.1285e+00     1.010654e-05
  3.1714e+00     1.010857e-05
  3.2142e+00     1.011063e-05
  3.2571e+00     1.011270e-05
  3.3000e+00     1.011479e-05
  3.3428e+00     1.011690e-05
  3.3857e+00     1.011904e-05
  3.4285e+00     1.012119e-05
  3.4714e+00     1.012336e-05
  3.5142e+00     1.012556e-05
  3.5571e+00     1.012777e-05
  3.6000e+00     1.013001e-05
  3.6428e+00     1.013227e-05
  3.6857e+00     1.013455e-05
  3.7285e+00     1.013685e-05
  3.7714e+00     1.013918e-05
  3.8142e+00     1.014152e-05
  3.8571e+00     1.014389e-05
  3.9000e+00     1.014629e-05
  3.9428e+00     1.014870e-05
  3.9857e+00     1.015114e-05
  4.0285e+00     1.015360e-05
  4.0714e+00     1.015609e-05
  4.1142e+00     1.015860e-05
  4.1571e+00     1.016113e-05
  4.2000e+00     1.016369e-05
  4.2428e+00     1.016627e-05
  4.2857e+00     1.016888e-05
  4.3285e+00     1.017151e-05
  4.3714e+00     1.017416e-05
  4.4142e+00     1.017685e-05
  4.4571e+00     1.017956e-05
  4.5000e+00     1.018229e-05
  4.5428e+00     1.018505e-05
  4.5857e+00     1.018784e-05
  4.6285e+00     1.019065e-05
  4.6714e+00     1.019349e-05
  4.7142e+00     1.019636e-05
  4.7571e+00     1.019926e-05
  4.8000e+00     1.020218e-05
  4.8428e+00     1.020513e-05
  4.8857e+00     1.020812e-05
  4.9285e+00     1.021112e-05
  4.9714e+00     1.021416e-05
  5.0142e+00     1.021723e-05
  5.0571e+00     1.022033e-05
  5.1000e+00     1.022345e-05
  5.1428e+00     1.022661e-05
  5.1857e+00     1.022979e-05
  5.2285e+00     1.023301e-05
  5.2714e+00     1.023626e-05
  5.3142e+00     1.023954e-05
  5.3571e+00     1.024285e-05
  5.4000e+00     1.024619e-05
  5.4428e+00     1.024957e-05
  5.4857e+00     1.025297e-05
  5.5285e+00     1.025641e-05
  5.5714e+00     1.025989e-05
  5.6142e+00     1.026339e-05
  5.6571e+00     1.026693e-05
  5.7000e+00     1.027051e-05
  5.7428e+00     1.027411e-05
  5.7857e+00     1.027776e-05
  5.8285e+00     1.028143e-05
  5.8714e+00     1.028515e-05
  5.9142e+00     1.028890e-05
  5.9571e+00     1.029268e-05
  6.0000e+00     1.029650e-05
  6.0428e+00     1.030036e-05
  6.0857e+00     1.030425e-05
  6.1285e+00     1.030819e-05
  6.1714e+00     1.031216e-05
  6.2142e+00     1.031616e-05
  6.2571e+00     1.032021e-05
  6.3000e+00     1.032430e-05
  6.3428e+00     1.032842e-05
  6.3857e+00     1.033258e-05
  6.4285e+00     1.033679e-05
  6.4714e+00     1.034103e-05
  6.5142e+00     1.034532e-05
  6.5571e+00     1.034964e-05
  6.6000e+00     1.035401e-05
  6.6428e+00     1.035842e-05
  6.6857e+00     1.036287e-05
  6.7285e+00     1.036737e-05
  6.7714e+00     1.037191e-05
  6.8142e+00     1.037649e-05
  6.8571e+00     1.038111e-05
  6.9000e+00     1.038578e-05
  6.9428e+00     1.039050e-05
  6.9857e+00     1.039526e-05
  7.0285e+00     1.040007e-05
  7.0714e+00     1.040492e-05
  7.1142e+00     1.040982e-05
  7.1571e+00     1.041476e-05
  7.2000e+00     1.041976e-05
  7.2428e+00     1.042480e-05
  7.2857e+00     1.042989e-05
  7.3285e+00     1.043502e-05
  7.3714e+00     1.044021e-05
  7.4142e+00     1.044545e-05
  7.4571e+00     1.045074e-05
  7.5000e+00     1.045608e-05
  7.5428e+00     1.046147e-05
  7.5857e+00     1.046691e-05
  7.6285e+00     1.047240e-05
  7.6714e+00     1.047795e-05
  7.7142e+00     1.048355e-05
  7.7571e+00     1.048920e-05
  7.8000e+00     1.049491e-05
  7.8428e+00     1.050067e-05
  7.8857e+00     1.050649e-05
  7.9285e+00     1.051236e-05
  7.9714e+00     1.051829e-05
  8.0142e+00     1.052428e-05
  8.0571e+00     1.053032e-05
  8.1000e+00     1.053642e-05
  8.1428e+00     1.054259e-05
  8.1857e+00     1.054881e-05
  8.2285e+00     1.055508e-05
  8.2714e+00     1.056142e-05
  8.3142e+00     1.056783e-05
  8.3571e+00     1.057429e-05
  8.4000e+00     1.058081e-05
  8.4428e+00     1.058740e-05
  8.4857e+00     1.059405e-05
  8.5285e+00     1.060076e-05
  8.5714e+00     1.060754e-05
  8.6142e+00     1.061438e-05
  8.6571e+00     1.062129e-05
  8.7000e+00     1.062827e-05
  8.7428e+00     1.063531e-05
  8.7857e+00     1.064242e-05
  8.8285e+00     1.064960e-05
  8.8714e+00     1.065685e-05
  8.9142e+00     1.066416e-05
  8.9571e+00     1.067155e-05
  9.0000e+00     1.067901e-05
  9.0428e+00     1.068654e-05
  9.0857e+00     1.069414e-05
  9.1285e+00     1.070181e-05
  9.1714e+00     1.070956e-05
  9.2142e+00     1.071738e-05
  9.2571e+00     1.072528e-05
  9.3000e+00     1.073325e-05
  9.3428e+00     1.074130e-05
  9.3857e+00     1.074943e-05
  9.4285e+00     1.075763e-05
  9.4714e+00     1.076591e-05
  9.5142e+00     1.077428e-05
  9.5571e+00     1.078272e-05
  9.6000e+00     1.079124e-05
  9.6428e+00     1.079985e-05
  9.6857e+00     1.080854e-05
  9.7285e+00     1.081731e-05
  9.7714e+00     1.082617e-05
  9.8142e+00     1.083511e-05
  9.8571e+00     1.084413e-05
  9.9000e+00     1.085325e-05
  9.9428e+00     1.086245e-05
  9.9857e+00     1.087173e-05
  1.0028e+01     1.088111e-05
  1.0071e+01     1.089058e-05
  1.0114e+01     1.090014e-05
  1.0157e+01     1.090979e-05
  1.0200e+01     1.091953e-05
  1.0242e+01     1.092937e-05
  1.0285e+01     1.093930e-05
  1.0328e+01     1.094932e-05
  1.0371e+01     1.095944e-05
  1.0414e+01     1.096966e-05
  1.0457e+01     1.097998e-05
  1.0500e+01     1.099039e-05
  1.0542e+01     1.100091e-05
  1.0585e+01     1.101153e-05
  1.0628e+01     1.102224e-05
  1.0671e+01     1.103307e-05
  1.0714e+01     1.104399e-05
  1.0757e+01     1.105502e-05
  1.0800e+01     1.106615e-05
  1.0842e+01     1.107740e-05
  1.0885e+01     1.108874e-05
  1.0928e+01     1.110020e-05
  1.0971e+01     1.111177e-05
  1.1014e+01     1.112345e-05
  1.1057e+01     1.113524e-05
  1.1100e+01     1.114714e-05
  1.1142e+01     1.115916e-05
  1.1185e+01     1.117130e-05
  1.1228e+01     1.118355e-05
  1.1271e+01     1.119591e-05
  1.1314e+01     1.120840e-05
  1.1357e+01     1.122100e-05
  1.1400e+01     1.123373e-05
  1.1442e+01     1.124658e-05
  1.1485e+01     1.125955e-05
  1.1528e+01     1.127264e-05
  1.1571e+01     1.128586e-05
  1.1614e+01     1.129921e-05
  1.1657e+01     1.131268e-05
  1.1700e+01     1.132629e-05
  1.1742e+01     1.134002e-05
  1.1785e+01     1.135389e-05
  1.1828e+01     1.136789e-05
  1.1871e+01     1.138202e-05
  1.1914e+01     1.139629e-05
  1.1957e+01     1.141069e-05
  1.2000e+01     1.142524e-05
  1.2042e+01     1.143992e-05
  1.2085e+01     1.145474e-05
  1.2128e+01     1.146971e-05
  1.2171e+01     1.148482e-05
  1.2214e+01     1.150007e-05
  1.2257e+01     1.151547e-05
  1.2300e+01     1.153101e-05
  1.2342e+01     1.154671e-05
  1.2385e+01     1.156255e-05
  1.2428e+01     1.157855e-05
  1.2471e+01     1.159470e-05
  1.2514e+01     1.161101e-05
  1.2557e+01     1.162747e-05
  1.2600e+01     1.164409e-05
  1.2642e+01     1.166086e-05
  1.2685e+01     1.167780e-05
  1.2728e+01     1.169490e-05
  1.2771e+01     1.171217e-05
  1.2814e+01     1.172960e-05
  1.2857e+01     1.174719e-05
  1.2900e+01     1.176496e-05
  1.2942e+01     1.178289e-05
  1.2985e+01     1.180100e-05
  1.3028e+01     1.181928e-05
  1.3071e+01     1.183773e-05
  1.3114e+01     1.185637e-05
  1.3157e+01     1.187517e-05
  1.3200e+01     1.189416e-05
  1.3242e+01     1.191334e-05
  1.3285e+01     1.193269e-05
  1.3328e+01     1.195223e-05
  1.3371e+01     1.197196e-05
  1.3414e+01     1.199187e-05
  1.3457e+01     1.201198e-05
  1.3500e+01     1.203228e-05
  1.3542e+01     1.205277e-05
  1.3585e+01     1.207346e-05
  1.3628e+01     1.209434e-05
  1.3671e+01     1.211543e-05
  1.3714e+01     1.213672e-05
  1.3757e+01     1.215821e-05
  1.3800e+01     1.217990e-05
  1.3842e+01     1.220181e-05
  1.3885e+01     1.222392e-05
  1.3928e+01     1.224625e-05
  1.3971e+01     1.226878e-05
  1.4014e+01     1.229154e-05
  1.4057e+01     1.231451e-05
  1.4100e+01     1.233770e-05
  1.4142e+01     1.236111e-05
  1.4185e+01     1.238475e-05
  1.4228e+01     1.240861e-05
  1.4271e+01     1.243270e-05
  1.4314e+01     1.245702e-05
  1.4357e+01     1.248158e-05
  1.4400e+01     1.250636e-05
  1.4442e+01     1.253139e-05
  1.4485e+01     1.255665e-05
  1.4528e+01     1.258216e-05
  1.4571e+01     1.260790e-05
  1.4614e+01     1.263390e-05
  1.4657e+01     1.266014e-05
  1.4700e+01     1.268663e-05
  1.4742e+01     1.271338e-05
  1.4785e+01     1.274038e-05
  1.4828e+01     1.276764e-05
  1.4871e+01     1.279516e-05
  1.4914e+01     1.282294e-05
  1.4957e+01     1.285099e-05
  1.5000e+01     1.287931e-05
  1.5042e+01     1.290789e-05
  1.5085e+01     1.293675e-05
  1.5128e+01     1.296589e-05
  1.5171e+01     1.299530e-05
  1.5214e+01     1.302499e-05
  1.5257e+01     1.305497e-05
  1.5300e+01     1.308523e-05
  1.5342e+01     1.311578e-05
  1.5385e+01     1.314663e-05
  1.5428e+01     1.317776e-05
  1.5471e+01     1.320920e-05
  1.5514e+01     1.324093e-05
  1.5557e+01     1.327297e-05
  1.5600e+01     1.330531e-05
  1.5642e+01     1.333796e-05
  1.5685e+01     1.337092e-05
  1.5728e+01     1.340420e-05
  1.5771e+01     1.343779e-05
  1.5814e+01     1.347171e-05
  1.5857e+01     1.350594e-05
  1.5900e+01     1.354051e-05
  1.5942e+01     1.357540e-05
  1.5985e+01     1.361063e-05
  1.6028e+01     1.364619e-05
  1.6071e+01     1.368209e-05
  1.6114e+01     1.371833e-05
  1.6157e+01     1.375492e-05
  1.6200e+01     1.379185e-05
  1.6242e+01     1.382914e-05
  1.6285e+01     1.386679e-05
  1.6328e+01     1.390479e-05
  1.6371e+01     1.394315e-05
  1.6414e+01     1.398188e-05
  1.6457e+01     1.402098e-05
  1.6500e+01     1.406045e-05
  1.6542e+01     1.410029e-05
  1.6585e+01     1.414052e-05
  1.6628e+01     1.418113e-05
  1.6671e+01     1.422212e-05
  1.6714e+01     1.426351e-05
  1.6757e+01     1.430529e-05
  1.6800e+01     1.434746e-05
  1.6842e+01     1.439004e-05
  1.6885e+01     1.443302e-05
  1.6928e+01     1.447642e-05
  1.6971e+01     1.452022e-05
  1.7014e+01     1.456444e-05
  1.7057e+01     1.460908e-05
  1.7100e+01     1.465415e-05
  1.7142e+01     1.469964e-05
  1.7185e+01     1.474557e-05
  1.7228e+01     1.479193e-05
  1.7271e+01     1.483874e-05
  1.7314e+01     1.488599e-05
  1.7357e+01     1.493368e-05
  1.7400e+01     1.498184e-05
  1.7442e+01     1.503044e-05
  1.7485e+01     1.507952e-05
  1.7528e+01     1.512905e-05
  1.7571e+01     1.517906e-05
  1.7614e+01     1.522954e-05
  1.7657e+01     1.528050e-05
  1.7700e+01     1.533195e-05
  1.7742e+01     1.538388e-05
  1.7785e+01     1.543631e-05
  1.7828e+01     1.548923e-05
  1.7871e+01     1.554266e-05
  1.7914e+01     1.559659e-05
  1.7957e+01     1.565104e-05
  1.8000e+01     1.570600e-05
  1.8042e+01     1.576148e-05
  1.8085e+01     1.581749e-05
  1.8128e+01     1.587403e-05
  1.8171e+01     1.593111e-05
  1.8214e+01     1.598872e-05
  1.8257e+01     1.604689e-05
  1.8300e+01     1.610560e-05
  1.8342e+01     1.616487e-05
  1.8385e+01     1.622471e-05
  1.8428e+01     1.628511e-05
  1.8471e+01     1.634608e-05
  1.8514e+01     1.640763e-05
  1.8557e+01     1.646976e-05
  1.8600e+01     1.653248e-05
  1.8642e+01     1.659579e-05
  1.8685e+01     1.665971e-05
  1.8728e+01     1.672422e-05
  1.8771e+01     1.678935e-05
  1.8814e+01     1.685510e-05
  1.8857e+01     1.692147e-05
  1.8900e+01     1.698846e-05
  1.8942e+01     1.705609e-05
  1.8985e+01     1.712436e-05
  1.9028e+01     1.719327e-05
  1.9071e+01     1.726283e-05
  1.9114e+01     1.733306e-05
  1.9157e+01     1.740394e-05
  1.9200e+01     1.747550e-05
  1.9242e+01     1.754773e-05
  1.9285e+01     1.762064e-05
  1.9328e+01     1.769425e-05
  1.9371e+01     1.776854e-05
  1.9414e+01     1.784354e-05
  1.9457e+01     1.791925e-05
  1.9500e+01     1.799567e-05
  1.9542e+01     1.807281e-05
  1.9585e+01     1.815068e-05
  1.9628e+01     1.822929e-05
  1.9671e+01     1.830863e-05
  1.9714e+01     1.838873e-05
  1.9757e+01     1.846957e-05
  1.9800e+01     1.855118e-05
  1.9842e+01     1.863356e-05
  1.9885e+01     1.871672e-05
  1.9928e+01     1.880066e-05
  1.9971e+01     1.888539e-05
  2.0014e+01     1.897092e-05
  2.0057e+01     1.905725e-05
  2.0100e+01     1.914440e-05
  2.0142e+01     1.923236e-05
  2.0185e+01     1.932115e-05
  2.0228e+01     1.941078e-05
  2.0271e+01     1.950125e-05
  2.0314e+01     1.959258e-05
  2.0357e+01     1.968476e-05
  2.0400e+01     1.977780e-05
  2.0442e+01     1.987172e-05
  2.0485e+01     1.996653e-05
  2.0528e+01     2.006222e-05
  2.0571e+01     2.015881e-05
  2.0614e+01     2.025631e-05
  2.0657e+01     2.035473e-05
  2.0700e+01     2.045407e-05
  2.0742e+01     2.055434e-05
  2.0785e+01     2.065555e-05
  2.0828e+01     2.075771e-05
  2.0871e+01     2.086082e-05
  2.0914e+01     2.096491e-05
  2.0957e+01     2.106997e-05
  2.1000e+01     2.117601e-05
  2.1042e+01     2.128305e-05
  2.1085e+01     2.139109e-05
  2.1128e+01     2.150014e-05
  2.1171e+01     2.161021e-05
  2.1214e+01     2.172131e-05
  2.1257e+01     2.183345e-05
  2.1300e+01     2.194664e-05
  2.1342e+01     2.206089e-05
  2.1385e+01     2.217620e-05
  2.1428e+01     2.229260e-05
  2.1471e+01     2.241008e-05
  2.1514e+01     2.252865e-05
  2.1557e+01     2.264834e-05
  2.1600e+01     2.276914e-05
  2.1642e+01     2.289107e-05
  2.1685e+01     2.301413e-05
  2.1728e+01     2.313835e-05
  2.1771e+01     2.326372e-05
  2.1814e+01     2.339026e-05
  2.1857e+01     2.351798e-05
  2.1900e+01     2.364689e-05
  2.1942e+01     2.377700e-05
  2.1985e+01     2.390832e-05
  2.2028e+01     2.404087e-05
  2.2071e+01     2.417464e-05
  2.2114e+01     2.430967e-05
  2.2157e+01     2.444594e-05
  2.2200e+01     2.458349e-05
  2.2242e+01     2.472231e-05
  2.2285e+01     2.486242e-05
  2.2328e+01     2.500383e-05
  2.2371e+01     2.514655e-05
  2.2414e+01     2.529060e-05
  2.2457e+01     2.543599e-05
  2.2500e+01     2.558272e-05
  2.2542e+01     2.573082e-05
  2.2585e+01     2.588028e-05
  2.2628e+01     2.603113e-05
  2.2671e+01     2.618338e-05
  2.2714e+01     2.633704e-05
  2.2757e+01     2.649212e-05
  2.2800e+01     2.664863e-05
  2.2842e+01     2.680659e-05
  2.2885e+01     2.696602e-05
  2.2928e+01     2.712691e-05
  2.2971e+01     2.728929e-05
  2.3014e+01     2.745317e-05
  2.3057e+01     2.761856e-05
  2.3100e+01     2.778548e-05
  2.3142e+01     2.795394e-05
  2.3185e+01     2.812395e-05
  2.3228e+01     2.829553e-05
  2.3271e+01     2.846868e-05
  2.3314e+01     2.864344e-05
  2.3357e+01     2.881980e-05
  2.3400e+01     2.899778e-05
  2.3442e+01     2.917740e-05
  2.3485e+01     2.935867e-05
  2.3528e+01     2.954161e-05
  2.3571e+01     2.972622e-05
  2.3614e+01     2.991253e-05
  2.3657e+01     3.010055e-05
  2.3700e+01     3.029030e-05
  2.3742e+01     3.048178e-05
  2.3785e+01     3.067502e-05
  2.3828e+01     3.087003e-05
  2.3871e+01     3.106683e-05
  2.3914e+01     3.126542e-05
  2.3957e+01     3.146583e-05
  2.4000e+01     3.166808e-05
  2.4042e+01     3.187217e-05
  2.4085e+01     3.207812e-05
  2.4128e+01     3.228596e-05
  2.4171e+01     3.249569e-05
  2.4214e+01     3.270734e-05
  2.4257e+01     3.292091e-05
  2.4300e+01     3.313643e-05
  2.4342e+01     3.335391e-05
  2.4385e+01     3.357337e-05
  2.4428e+01     3.379483e-05
  2.4471e+01     3.401830e-05
  2.4514e+01     3.424380e-05
  2.4557e+01     3.447135e-05
  2.4600e+01     3.470096e-05
  2.4642e+01     3.493266e-05
  2.4685e+01     3.516646e-05
  2.4728e+01     3.540237e-05
  2.4771e+01     3.564043e-05
  2.4814e+01     3.588063e-05
  2.4857e+01     3.612301e-05
  2.4900e+01     3.636758e-05
  2.4942e+01     3.661436e-05
  2.4985e+01     3.686337e-05
  2.5028e+01     3.711463e-05
  2.5071e+01     3.736815e-05
  2.5114e+01     3.762395e-05
  2.5157e+01     3.788207e-05
  2.5200e+01     3.814250e-05
  2.5242e+01     3.840528e-05
  2.5285e+01     3.867041e-05
  2.5328e+01     3.893794e-05
  2.5371e+01     3.920786e-05
  2.5414e+01     3.948020e-05
  2.5457e+01     3.975499e-05
  2.5500e+01     4.003224e-05
  2.5542e+01     4.031197e-05
  2.5585e+01     4.059420e-05
  2.5628e+01     4.087896e-05
  2.5671e+01     4.116627e-05
  2.5714e+01     4.145613e-05
  2.5757e+01     4.174859e-05
  2.5800e+01     4.204365e-05
  2.5842e+01     4.234134e-05
  2.5885e+01     4.264168e-05
  2.5928e+01     4.294470e-05
  2.5971e+01     4.325041e-05
  2.6014e+01     4.355883e-05
  2.6057e+01     4.386999e-05
  2.6100e+01     4.418391e-05
  2.6142e+01     4.450062e-05
  2.6185e+01     4.482012e-05
  2.6228e+01     4.514246e-05
  2.6271e+01     4.546765e-05
  2.6314e+01     4.579571e-05
  2.6357e+01     4.612666e-05
  2.6400e+01     4.646053e-05
  2.6442e+01     4.679735e-05
  2.6485e+01     4.713713e-05
  2.6528e+01     4.747990e-05
  2.6571e+01     4.782569e-05
  2.6614e+01     4.817451e-05
  2.6657e+01     4.852639e-05
  2.6700e+01     4.888136e-05
  2.6742e+01     4.923944e-05
  2.6785e+01     4.960065e-05
  2.6828e+01     4.996502e-05
  2.6871e+01     5.033257e-05
  2.6914e+01     5.070333e-05
  2.6957e+01     5.107733e-05
  2.7000e+01     5.145458e-05
  2.7042e+01     5.183511e-05
  2.7085e+01     5.221895e-05
  2.7128e+01     5.260613e-05
  2.7171e+01     5.299667e-05
  2.7214e+01     5.339059e-05
  2.7257e+01     5.378792e-05
  2.7300e+01     5.418869e-05
  2.7342e+01     5.459293e-05
  2.7385e+01     5.500065e-05
  2.7428e+01     5.541189e-05
  2.7471e+01     5.582668e-05
  2.7514e+01     5.624503e-05
  2.7557e+01     5.666698e-05
  2.7600e+01     5.709255e-05
  2.7642e+01     5.752178e-05
  2.7685e+01     5.795468e-05
  2.7728e+01     5.839129e-05
  2.7771e+01     5.883163e-05
  2.7814e+01     5.927573e-05
  2.7857e+01     5.972362e-05
  2.7900e+01     6.017532e-05
  2.7942e+01     6.063087e-05
  2.7985e+01     6.109029e-05
  2.8028e+01     6.155361e-05
  2.8071e+01     6.202086e-05
  2.8114e+01     6.249207e-05
  2.8157e+01     6.296726e-05
  2.8200e+01     6.344647e-05
  2.8242e+01     6.392972e-05
  2.8285e+01     6.441704e-05
  2.8328e+01     6.490847e-05
  2.8371e+01     6.540402e-05
  2.8414e+01     6.590374e-05
  2.8457e+01     6.640764e-05
  2.8500e+01     6.691576e-05
  2.8542e+01     6.742813e-05
  2.8585e+01     6.794478e-05
  2.8628e+01     6.846573e-05
  2.8671e+01     6.899102e-05
  2.8714e+01     6.952068e-05
  2.8757e+01     7.005474e-05
  2.8800e+01     7.059322e-05
  2.8842e+01     7.113617e-05
  2.8885e+01     7.168360e-05
  2.8928e+01     7.223554e-05
  2.8971e+01     7.279204e-05
  2.9014e+01     7.335312e-05
  2.9057e+01     7.391881e-05
  2.9100e+01     7.448914e-05
  2.9142e+01     7.506414e-05
  2.9185e+01     7.564384e-05
  2.9228e+01     7.622828e-05
  2.9271e+01     7.681748e-05
  2.9314e+01     7.741148e-05
  2.9357e+01     7.801030e-05
  2.9400e+01     7.861398e-05
  2.9442e+01     7.922256e-05
  2.9485e+01     7.983605e-05
  2.9528e+01     8.045449e-05
  2.9571e+01     8.107792e-05
  2.9614e+01     8.170637e-05
  2.9657e+01     8.233986e-05
  2.9700e+01     8.297842e-05
  2.9742e+01     8.362210e-05
  2.9785e+01     8.427092e-05
  2.9828e+01     8.492491e-05
  2.9871e+01     8.558411e-05
  2.9914e+01     8.624854e-05
  2.9957e+01     8.691824e-05
  3.0000e+01     8.759324e-05
  3.0042e+01     8.827357e-05
  3.0085e+01     8.895926e-05
  3.0128e+01     8.965035e-05
  3.0171e+01     9.034687e-05
  3.0214e+01     9.104884e-05
  3.0257e+01     9.175630e-05
  3.0300e+01     9.246928e-05
  3.0342e+01     9.318782e-05
  3.0385e+01     9.391194e-05
  3.0428e+01     9.464168e-05
  3.0471e+01     9.537706e-05
  3.0514e+01     9.611813e-05
  3.0557e+01     9.686490e-05
  3.0600e+01     9.761742e-05
  3.0642e+01     9.837571e-05
  3.0685e+01     9.913980e-05
  3.0728e+01     9.990973e-05
  3.0771e+01     1.006855e-04
  3.0814e+01     1.014672e-04
  3.0857e+01     1.022549e-04
  3.0900e+01     1.030484e-04
  3.0942e+01     1.038480e-04
  3.0985e+01     1.046536e-04
  3.1028e+01     1.054653e-04
  3.1071e+01     1.062830e-04
  3.1114e+01     1.071068e-04
  3.1157e+01     1.079368e-04
  3.1200e+01     1.087730e-04
  3.1242e+01     1.096154e-04
  3.1285e+01     1.104640e-04
  3.1328e+01     1.113188e-04
  3.1371e+01     1.121800e-04
  3.1414e+01     1.130475e-04
  3.1457e+01     1.139213e-04
  3.1500e+01     1.148015e-04
  3.1542e+01     1.156882e-04
  3.1585e+01     1.165812e-04
  3.1628e+01     1.174808e-04
  3.1671e+01     1.183868e-04
  3.1714e+01     1.192994e-04
  3.1757e+01     1.202185e-04
  3.1800e+01     1.211441e-04
  3.1842e+01     1.220764e-04
  3.1885e+01     1.230154e-04
  3.1928e+01     1.239609e-04
  3.1971e+01     1.249132e-04
  3.2014e+01     1.258722e-04
  3.2057e+01     1.268380e-04
  3.2100e+01     1.278105e-04
  3.2142e+01     1.287897e-04
  3.2185e+01     1.297759e-04
  3.2228e+01     1.307688e-04
  3.2271e+01     1.317686e-04
  3.2314e+01     1.327754e-04
  3.2357e+01     1.337890e-04
  3.2400e+01     1.348096e-04
  3.2442e+01     1.358371e-04
  3.2485e+01     1.368716e-04
  3.2528e+01     1.379132e-04
  3.2571e+01     1.389618e-04
  3.2614e+01     1.400174e-04
  3.2657e+01     1.410801e-04
  3.2700e+01     1.421499e-04
  3.2742e+01     1.432268e-04
  3.2785e+01     1.443109e-04
  3.2828e+01     1.454021e-04
  3.2871e+01     1.465005e-04
  3.2914e+01     1.476061e-04
  3.2957e+01     1.487190e-04
  3.3000e+01     1.498390e-04
  3.3042e+01     1.509663e-04
  3.3085e+01     1.521009e-04
  3.3128e+01     1.532428e-04
  3.3171e+01     1.543920e-04
  3.3214e+01     1.555485e-04
  3.3257e+01     1.567123e-04
  3.3300e+01     1.578835e-04
  3.3342e+01     1.590621e-04
  3.3385e+01     1.602480e-04
  3.3428e+01     1.614414e-04
  3.3471e+01     1.626421e-04
  3.3514e+01     1.638503e-04
  3.3557e+01     1.650659e-04
  3.3600e+01     1.662889e-04
  3.3642e+01     1.675194e-04
  3.3685e+01     1.687574e-04
  3.3728e+01     1.700028e-04
  3.3771e+01     1.712557e-04
  3.3814e+01     1.725161e-04
  3.3857e+01     1.737840e-04
  3.3900e+01     1.750594e-04
  3.3942e+01     1.763423e-04
  3.3985e+01     1.776328e-04
  3.4028e+01     1.789307e-04
  3.4071e+01     1.802362e-04
  3.4114e+01     1.815492e-04
  3.4157e+01     1.828697e-04
  3.4200e+01     1.841978e-04
  3.4242e+01     1.855334e-04
  3.4285e+01     1.868766e-04
  3.4328e+01     1.882272e-04
  3.4371e+01     1.895854e-04
  3.4414e+01     1.909512e-04
  3.4457e+01     1.923244e-04
  3.4500e+01     1.937052e-04
  3.4542e+01     1.950936e-04
  3.4585e+01     1.964894e-04
  3.4628e+01     1.978928e-04
  3.4671e+01     1.993036e-04
  3.4714e+01     2.007220e-04
  3.4757e+01     2.021478e-04
  3.4800e+01     2.035811e-04
  3.4842e+01     2.050219e-04
  3.4885e+01     2.064702e-04
  3.4928e+01     2.079259e-04
  3.4971e+01     2.093891e-04
  3.5014e+01     2.108597e-04
  3.5057e+01     2.123376e-04
  3.5100e+01     2.138230e-04
  3.5142e+01     2.153158e-04
  3.5185e+01     2.168159e-04
  3.5228e+01     2.183234e-04
  3.5271e+01     2.198382e-04
  3.5314e+01     2.213603e-04
  3.5357e+01     2.228897e-04
  3.5400e+01     2.244264e-04
  3.5442e+01     2.259703e-04
  3.5485e+01     2.275214e-04
  3.5528e+01     2.290797e-04
  3.5571e+01     2.306452e-04
  3.5614e+01     2.322179e-04
  3.5657e+01     2.337976e-04
  3.5700e+01     2.353844e-04
  3.5742e+01     2.369783e-04
  3.5785e+01     2.385793e-04
  3.5828e+01     2.401872e-04
  3.5871e+01     2.418021e-04
  3.5914e+01     2.434239e-04
  3.5957e+01     2.450526e-04
  3.6000e+01     2.466882e-04
  3.6042e+01     2.483306e-04
  3.6085e+01     2.499798e-04
  3.6128e+01     2.516358e-04
  3.6171e+01     2.532984e-04
  3.6214e+01     2.549677e-04
  3.6257e+01     2.566437e-04
  3.6300e+01     2.583262e-04
  3.6342e+01     2.600153e-04
  3.6385e+01     2.617109e-04
  3.6428e+01     2.634130e-04
  3.6471e+01     2.651214e-04
  3.6514e+01     2.668362e-04
  3.6557e+01     2.685573e-04
  3.6600e+01     2.702847e-04
  3.6642e+01     2.720182e-04
  3.6685e+01     2.737580e-04
  3.6728e+01     2.755038e-04
  3.6771e+01     2.772557e-04
  3.6814e+01     2.790136e-04
  3.6857e+01     2.807774e-04
  3.6900e+01     2.825471e-04
  3.6942e+01     2.843226e-04
  3.6985e+01     2.861039e-04
  3.7028e+01     2.878908e-04
  3.7071e+01     2.896835e-04
  3.7114e+01     2.914817e-04
  3.7157e+01     2.932854e-04
  3.7200e+01     2.950945e-04
  3.7242e+01     2.969091e-04
  3.7285e+01     2.987289e-04
  3.7328e+01     3.005541e-04
  3.7371e+01     3.023843e-04
  3.7414e+01     3.042198e-04
  3.7457e+01     3.060602e-04
  3.7500e+01     3.079056e-04
  3.7542e+01     3.097559e-04
  3.7585e+01     3.116111e-04
  3.7628e+01     3.134710e-04
  3.7671e+01     3.153355e-04
  3.7714e+01     3.172047e-04
  3.7757e+01     3.190784e-04
  3.7800e+01     3.209565e-04
  3.7842e+01     3.228390e-04
  3.7885e+01     3.247258e-04
  3.7928e+01     3.266168e-04
  3.7971e+01     3.285119e-04
  3.8014e+01     3.304110e-04
  3.8057e+01     3.323141e-04
  3.8100e+01     3.342210e-04
  3.8142e+01     3.361318e-04
  3.8185e+01     3.380462e-04
  3.8228e+01     3.399643e-04
  3.8271e+01     3.418859e-04
  3.8314e+01     3.438109e-04
  3.8357e+01     3.457392e-04
  3.8400e+01     3.476708e-04
  3.8442e+01     3.496056e-04
  3.8485e+01     3.515435e-04
  3.8528e+01     3.534843e-04
  3.8571e+01     3.554280e-04
  3.8614e+01     3.573746e-04
  3.8657e+01     3.593238e-04
  3.8700e+01     3.612756e-04
  3.8742e+01     3.632299e-04
  3.8785e+01     3.651867e-04
  3.8828e+01     3.671457e-04
  3.8871e+01     3.691070e-04
  3.8914e+01     3.710704e-04
  3.8957e+01     3.730359e-04
  3.9000e+01     3.750032e-04
  3.9042e+01     3.769724e-04
  3.9085e+01     3.789433e-04
  3.9128e+01     3.809158e-04
  3.9171e+01     3.828899e-04
  3.9214e+01     3.848653e-04
  3.9257e+01     3.868421e-04
  3.9300e+01     3.888201e-04
  3.9342e+01     3.907992e-04
  3.9385e+01     3.927794e-04
  3.9428e+01     3.947604e-04
  3.9471e+01     3.967422e-04
  3.9514e+01     3.987248e-04
  3.9557e+01     4.007079e-04
  3.9600e+01     4.026915e-04
  3.9642e+01     4.046756e-04
  3.9685e+01     4.066598e-04
  3.9728e+01     4.086443e-04
  3.9771e+01     4.106289e-04
  3.9814e+01     4.126134e-04
  3.9857e+01     4.145977e-04
  3.9900e+01     4.165819e-04
  3.9942e+01     4.185656e-04
  3.9985e+01     4.205489e-04
  4.0028e+01     4.225317e-04
  4.0071e+01     4.245138e-04
  4.0114e+01     4.264951e-04
  4.0157e+01     4.284755e-04
  4.0200e+01     4.304549e-04
  4.0242e+01     4.324333e-04
  4.0285e+01     4.344104e-04
  4.0328e+01     4.363863e-04
  4.0371e+01     4.383607e-04
  4.0414e+01     4.403336e-04
  4.0457e+01     4.423049e-04
  4.0500e+01     4.442745e-04
  4.0542e+01     4.462423e-04
  4.0585e+01     4.482081e-04
  4.0628e+01     4.501719e-04
  4.0671e+01     4.521335e-04
  4.0714e+01     4.540929e-04
  4.0757e+01     4.560500e-04
  4.0800e+01     4.580046e-04
  4.0842e+01     4.599566e-04
  4.0885e+01     4.619060e-04
  4.0928e+01     4.638527e-04
  4.0971e+01     4.657964e-04
  4.1014e+01     4.677373e-04
  4.1057e+01     4.696751e-04
  4.1100e+01     4.716097e-04
  4.1142e+01     4.735410e-04
  4.1185e+01     4.754691e-04
  4.1228e+01     4.773936e-04
  4.1271e+01     4.793146e-04
  4.1314e+01     4.812320e-04
  4.1357e+01     4.831457e-04
  4.1400e+01     4.850555e-04
  4.1442e+01     4.869613e-04
  4.1485e+01     4.888632e-04
  4.1528e+01     4.907609e-04
  4.1571e+01     4.926544e-04
  4.1614e+01     4.945437e-04
  4.1657e+01     4.964285e-04
  4.1700e+01     4.983088e-04
  4.1742e+01     5.001846e-04
  4.1785e+01     5.020557e-04
  4.1828e+01     5.039221e-04
  4.1871e+01     5.057836e-04
  4.1914e+01     5.076403e-04
  4.1957e+01     5.094919e-04
  4.2000e+01     5.113384e-04
  4.2042e+01     5.131798e-04
  4.2085e+01     5.150159e-04
  4.2128e+01     5.168466e-04
  4.2171e+01     5.186720e-04
  4.2214e+01     5.204918e-04
  4.2257e+01     5.223061e-04
  4.2300e+01     5.241147e-04
  4.2342e+01     5.259176e-04
  4.2385e+01     5.277147e-04
  4.2428e+01     5.295060e-04
  4.2471e+01     5.312912e-04
  4.2514e+01     5.330705e-04
  4.2557e+01     5.348436e-04
  4.2600e+01     5.366106e-04
  4.2642e+01     5.383714e-04
  4.2685e+01     5.401259e-04
  4.2728e+01     5.418740e-04
  4.2771e+01     5.436156e-04
  4.2814e+01     5.453508e-04
  4.2857e+01     5.470794e-04
  4.2900e+01     5.488013e-04
  4.2942e+01     5.505166e-04
  4.2985e+01     5.522252e-04
  4.3028e+01     5.539269e-04
  4.3071e+01     5.556218e-04
  4.3114e+01     5.573098e-04
  4.3157e+01     5.589907e-04
  4.3200e+01     5.606647e-04
  4.3242e+01     5.623316e-04
  4.3285e+01     5.639913e-04
  4.3328e+01     5.656439e-04
  4.3371e+01     5.672892e-04
  4.3414e+01     5.689273e-04
  4.3457e+01     5.705580e-04
  4.3500e+01     5.721813e-04
  4.3542e+01     5.737973e-04
  4.3585e+01     5.754057e-04
  4.3628e+01     5.770067e-04
  4.3671e+01     5.786001e-04
  4.3714e+01     5.801859e-04
  4.3757e+01     5.817641e-04
  4.3800e+01     5.833346e-04
  4.3842e+01     5.848975e-04
  4.3885e+01     5.864526e-04
  4.3928e+01     5.879999e-04
  4.3971e+01     5.895394e-04
  4.4014e+01     5.910711e-04
  4.4057e+01     5.925949e-04
  4.4100e+01     5.941109e-04
  4.4142e+01     5.956189e-04
  4.4185e+01     5.971189e-04
  4.4228e+01     5.986110e-04
  4.4271e+01     6.000951e-04
  4.4314e+01     6.015712e-04
  4.4357e+01     6.030392e-04
  4.4400e+01     6.044991e-04
  4.4442e+01     6.059510e-04
  4.4485e+01     6.073948e-04
  4.4528e+01     6.088304e-04
  4.4571e+01     6.102579e-04
  4.4614e+01     6.116772e-04
  4.4657e+01     6.130884e-04
  4.4700e+01     6.144913e-04
  4.4742e+01     6.158861e-04
  4.4785e+01     6.172727e-04
  4.4828e+01     6.186510e-04
  4.4871e+01     6.200211e-04
  4.4914e+01     6.213830e-04
  4.4957e+01     6.227366e-04
  4.5000e+01     6.240820e-04
  4.5042e+01     6.254191e-04
  4.5085e+01     6.267480e-04
  4.5128e+01     6.280685e-04
  4.5171e+01     6.293809e-04
  4.5214e+01     6.306849e-04
  4.5257e+01     6.319807e-04
  4.5300e+01     6.332682e-04
  4.5342e+01     6.345475e-04
  4.5385e+01     6.358185e-04
  4.5428e+01     6.370812e-04
  4.5471e+01     6.383356e-04
  4.5514e+01     6.395819e-04
  4.5557e+01     6.408198e-04
  4.5600e+01     6.420496e-04
  4.5642e+01     6.432710e-04
  4.5685e+01     6.444843e-04
  4.5728e+01     6.456894e-04
  4.5771e+01     6.468862e-04
  4.5814e+01     6.480749e-04
  4.5857e+01     6.492554e-04
  4.5900e+01     6.504277e-04
  4.5942e+01     6.515919e-04
  4.5985e+01     6.527479e-04
  4.6028e+01     6.538958e-04
  4.6071e+01     6.550356e-04
  4.6114e+01     6.561673e-04
  4.6157e+01     6.572910e-04
  4.6200e+01     6.584065e-04
  4.6242e+01     6.595141e-04
  4.6285e+01     6.606136e-04
  4.6328e+01     6.617051e-04
  4.6371e+01     6.627886e-04
  4.6414e+01     6.638642e-04
  4.6457e+01     6.649319e-04
  4.6500e+01     6.659916e-04
  4.6542e+01     6.670435e-04
  4.6585e+01     6.680874e-04
  4.6628e+01     6.691236e-04
  4.6671e+01     6.701519e-04
  4.6714e+01     6.711724e-04
  4.6757e+01     6.721852e-04
  4.6800e+01     6.731902e-04
  4.6842e+01     6.741875e-04
  4.6885e+01     6.751772e-04
  4.6928e+01     6.761591e-04
  4.6971e+01     6.771335e-04
  4.7014e+01     6.781002e-04
  4.7057e+01     6.790594e-04
  4.7100e+01     6.800111e-04
  4.7142e+01     6.809552e-04
  4.7185e+01     6.818918e-04
  4.7228e+01     6.828210e-04
  4.7271e+01     6.837428e-04
  4.7314e+01     6.846572e-04
  4.7357e+01     6.855643e-04
  4.7400e+01     6.864640e-04
  4.7442e+01     6.873565e-04
  4.7485e+01     6.882417e-04
  4.7528e+01     6.891196e-04
  4.7571e+01     6.899904e-04
  4.7614e+01     6.908541e-04
  4.7657e+01     6.917106e-04
  4.7700e+01     6.925601e-04
  4.7742e+01     6.934025e-04
  4.7785e+01     6.942379e-04
  4.7828e+01     6.950663e-04
  4.7871e+01     6.958878e-04
  4.7914e+01     6.967023e-04
  4.7957e+01     6.975101e-04
  4.8000e+01     6.983109e-04
  4.8042e+01     6.991050e-04
  4.8085e+01     6.998924e-04
  4.8128e+01     7.006730e-04
  4.8171e+01     7.014470e-04
  4.8214e+01     7.022143e-04
  4.8257e+01     7.029750e-04
  4.8300e+01     7.037291e-04
  4.8342e+01     7.044767e-04
  4.8385e+01     7.052178e-04
  4.8428e+01     7.059525e-04
  4.8471e+01     7.066807e-04
  4.8514e+01     7.074026e-04
  4.8557e+01     7.081182e-04
  4.8600e+01     7.088274e-04
  4.8642e+01     7.095304e-04
  4.8685e+01     7.102272e-04
  4.8728e+01     7.109178e-04
  4.8771e+01     7.116023e-04
  4.8814e+01     7.122806e-04
  4.8857e+01     7.129529e-04
  4.8900e+01     7.136192e-04
  4.8942e+01     7.142795e-04
  4.8985e+01     7.149338e-04
  4.9028e+01     7.155823e-04
  4.9071e+01     7.162249e-04
  4.9114e+01     7.168616e-04
  4.9157e+01     7.174926e-04
  4.9200e+01     7.181179e-04
  4.9242e+01     7.187374e-04
  4.9285e+01     7.193512e-04
  4.9328e+01     7.199595e-04
  4.9371e+01     7.205621e-04
  4.9414e+01     7.211592e-04
  4.9457e+01     7.217508e-04
  4.9500e+01     7.223369e-04
  4.9542e+01     7.229176e-04
  4.9585e+01     7.234929e-04
  4.9628e+01     7.240628e-04
  4.9671e+01     7.246275e-04
  4.9714e+01     7.251868e-04
  4.9757e+01     7.257409e-04
  4.9800e+01     7.262899e-04
  4.9842e+01     7.268336e-04
  4.9885e+01     7.273723e-04
  4.9928e+01     7.279059e-04
  4.9971e+01     7.284344e-04
  5.0014e+01     7.289579e-04
  5.0057e+01     7.294765e-04
  5.0100e+01     7.299901e-04
  5.0142e+01     7.304988e-04
  5.0185e+01     7.310027e-04
  5.0228e+01     7.315018e-04
  5.0271e+01     7.319961e-04
  5.0314e+01     7.324857e-04
  5.0357e+01     7.329706e-04
  5.0400e+01     7.334508e-04
  5.0442e+01     7.339263e-04
  5.0485e+01     7.343973e-04
  5.0528e+01     7.348638e-04
  5.0571e+01     7.353257e-04
  5.0614e+01     7.357831e-04
  5.0657e+01     7.362361e-04
  5.0700e+01     7.366847e-04
  5.0742e+01     7.371290e-04
  5.0785e+01     7.375689e-04
  5.0828e+01     7.380044e-04
  5.0871e+01     7.384358e-04
  5.0914e+01     7.388629e-04
  5.0957e+01     7.392858e-04
  5.1000e+01     7.397046e-04
  5.1042e+01     7.401192e-04
  5.1085e+01     7.405298e-04
  5.1128e+01     7.409363e-04
  5.1171e+01     7.413387e-04
  5.1214e+01     7.417372e-04
  5.1257e+01     7.421318e-04
  5.1300e+01     7.425224e-04
  5.1342e+01     7.429092e-04
  5.1385e+01     7.432921e-04
  5.1428e+01     7.436712e-04
  5.1471e+01     7.440465e-04
  5.1514e+01     7.444180e-04
  5.1557e+01     7.447859e-04
  5.1600e+01     7.451501e-04
  5.1642e+01     7.455106e-04
  5.1685e+01     7.458675e-04
  5.1728e+01     7.462208e-04
  5.1771e+01     7.465705e-04
  5.1814e+01     7.469168e-04
  5.1857e+01     7.472595e-04
  5.1900e+01     7.475988e-04
  5.1942e+01     7.479347e-04
  5.1985e+01     7.482671e-04
  5.2028e+01     7.485962e-04
  5.2071e+01     7.489220e-04
  5.2114e+01     7.492444e-04
  5.2157e+01     7.495636e-04
  5.2200e+01     7.498795e-04
  5.2242e+01     7.501922e-04
  5.2285e+01     7.505017e-04
  5.2328e+01     7.508081e-04
  5.2371e+01     7.511113e-04
  5.2414e+01     7.514114e-04
  5.2457e+01     7.517085e-04
  5.2500e+01     7.520025e-04
  5.2542e+01     7.522935e-04
  5.2585e+01     7.525815e-04
  5.2628e+01     7.528666e-04
  5.2671e+01     7.531487e-04
  5.2714e+01     7.534279e-04
  5.2757e+01     7.537043e-04
  5.2800e+01     7.539778e-04
  5.2842e+01     7.542484e-04
  5.2885e+01     7.545163e-04
  5.2928e+01     7.547814e-04
  5.2971e+01     7.550438e-04
  5.3014e+01     7.553034e-04
  5.3057e+01     7.555604e-04
  5.3100e+01     7.558147e-04
  5.3142e+01     7.560663e-04
  5.3185e+01     7.563154e-04
  5.3228e+01     7.565618e-04
  5.3271e+01     7.568057e-04
  5.3314e+01     7.570470e-04
  5.3357e+01     7.572858e-04
  5.3400e+01     7.575222e-04
  5.3442e+01     7.577560e-04
  5.3485e+01     7.579875e-04
  5.3528e+01     7.582165e-04
  5.3571e+01     7.584431e-04
  5.3614e+01     7.586673e-04
  5.3657e+01     7.588892e-04
  5.3700e+01     7.591087e-04
  5.3742e+01     7.593260e-04
  5.3785e+01     7.595410e-04
  5.3828e+01     7.597537e-04
  5.3871e+01     7.599641e-04
  5.3914e+01     7.601724e-04
  5.3957e+01     7.603785e-04
  5.4000e+01     7.605823e-04
  5.4042e+01     7.607841e-04
  5.4085e+01     7.609837e-04
  5.4128e+01     7.611812e-04
  5.4171e+01     7.613766e-04
  5.4214e+01     7.615700e-04
  5.4257e+01     7.617613e-04
  5.4300e+01     7.619506e-04
  5.4342e+01     7.621379e-04
  5.4385e+01     7.623232e-04
  5.4428e+01     7.625065e-04
  5.4471e+01     7.626879e-04
  5.4514e+01     7.628673e-04
  5.4557e+01     7.630449e-04
  5.4600e+01     7.632206e-04
  5.4642e+01     7.633944e-04
  5.4685e+01     7.635663e-04
  5.4728e+01     7.637364e-04
  5.4771e+01     7.639047e-04
  5.4814e+01     7.640712e-04
  5.4857e+01     7.642360e-04
  5.4900e+01     7.643990e-04
  5.4942e+01     7.645602e-04
  5.4985e+01     7.647197e-04
  5.5028e+01     7.648775e-04
  5.5071e+01     7.650337e-04
  5.5114e+01     7.651881e-04
  5.5157e+01     7.653409e-04
  5.5200e+01     7.654921e-04
  5.5242e+01     7.656416e-04
  5.5285e+01     7.657896e-04
  5.5328e+01     7.659359e-04
  5.5371e+01     7.660807e-04
  5.5414e+01     7.662240e-04
  5.5457e+01     7.663657e-04
  5.5500e+01     7.665058e-04
  5.5542e+01     7.666445e-04
  5.5585e+01     7.667817e-04
  5.5628e+01     7.669174e-04
  5.5671e+01     7.670516e-04
  5.5714e+01     7.671844e-04
  5.5757e+01     7.673158e-04
  5.5800e+01     7.674458e-04
  5.5842e+01     7.675743e-04
  5.5885e+01     7.677015e-04
  5.5928e+01     7.678273e-04
  5.5971e+01     7.679517e-04
  5.6014e+01     7.680748e-04
  5.6057e+01     7.681966e-04
  5.6100e+01     7.683170e-04
  5.6142e+01     7.684362e-04
  5.6185e+01     7.685540e-04
  5.6228e+01     7.686706e-04
  5.6271e+01     7.687859e-04
  5.6314e+01     7.689000e-04
  5.6357e+01     7.690128e-04
  5.6400e+01     7.691245e-04
  5.6442e+01     7.692349e-04
  5.6485e+01     7.693441e-04
  5.6528e+01     7.694521e-04
  5.6571e+01     7.695590e-04
  5.6614e+01     7.696647e-04
  5.6657e+01     7.697692e-04
  5.6700e+01     7.698726e-04
  5.6742e+01     7.699749e-04
  5.6785e+01     7.700761e-04
  5.6828e+01     7.701762e-04
  5.6871e+01     7.702752e-04
  5.6914e+01     7.703731e-04
  5.6957e+01     7.704699e-04
  5.7000e+01     7.705657e-04
  5.7042e+01     7.706605e-04
  5.7085e+01     7.707542e-04
  5.7128e+01     7.708469e-04
  5.7171e+01     7.709386e-04
  5.7214e+01     7.710293e-04
  5.7257e+01     7.711190e-04
  5.7300e+01     7.712077e-04
  5.7342e+01     7.712955e-04
  5.7385e+01     7.713823e-04
  5.7428e+01     7.714681e-04
  5.7471e+01     7.715530e-04
  5.7514e+01     7.716370e-04
  5.7557e+01     7.717201e-04
  5.7600e+01     7.718023e-04
  5.7642e+01     7.718835e-04
  5.7685e+01     7.719639e-04
  5.7728e+01     7.720434e-04
  5.7771e+01     7.721220e-04
  5.7814e+01     7.721998e-04
  5.7857e+01     7.722767e-04
  5.7900e+01     7.723528e-04
  5.7942e+01     7.724281e-04
  5.7985e+01     7.725025e-04
  5.8028e+01     7.725761e-04
  5.8071e+01     7.726489e-04
  5.8114e+01     7.727209e-04
  5.8157e+01     7.727921e-04
  5.8200e+01     7.728625e-04
  5.8242e+01     7.729322e-04
  5.8285e+01     7.730011e-04
  5.8328e+01     7.730692e-04
  5.8371e+01     7.731366e-04
  5.8414e+01     7.732033e-04
  5.8457e+01     7.732692e-04
  5.8500e+01     7.733344e-04
  5.8542e+01     7.733989e-04
  5.8585e+01     7.734627e-04
  5.8628e+01     7.735257e-04
  5.8671e+01     7.735881e-04
  5.8714e+01     7.736498e-04
  5.8757e+01     7.737108e-04
  5.8800e+01     7.737712e-04
  5.8842e+01     7.738309e-04
  5.8885e+01     7.738899e-04
  5.8928e+01     7.739483e-04
  5.8971e+01     7.740060e-04
  5.9014e+01     7.740631e-04
  5.9057e+01     7.741196e-04
  5.9100e+01     7.741754e-04
  5.9142e+01     7.742307e-04
  5.9185e+01     7.742853e-04
  5.9228e+01     7.743393e-04
  5.9271e+01     7.743927e-04
  5.9314e+01     7.744456e-04
  5.9357e+01     7.744978e-04
  5.9400e+01     7.745495e-04
  5.9442e+01     7.746006e-04
  5.9485e+01     7.746512e-04
  5.9528e+01     7.747012e-04
  5.9571e+01     7.747506e-04
  5.9614e+01     7.747995e-04
  5.9657e+01     7.748479e-04
  5.9700e+01     7.748957e-04
  5.9742e+01     7.749430e-04
  5.9785e+01     7.749898e-04
  5.9828e+01     7.750361e-04
  5.9871e+01     7.750818e-04
  5.9914e+01     7.751270e-04
  5.9957e+01     7.751718e-04
