# Epidemic | deceased persons [ x-unit: transmission cycles | y-unit: ]
  0.0000e+00     1.000000e-05
  4.2857e-02     1.000107e-05
  8.5714e-02     1.000214e-05
  1.2857e-01     1.000321e-05
  1.7143e-01     1.000429e-05
  2.1429e-01     1.000536e-05
  2.5714e-01     1.000643e-05
  3.0000e-01     1.000750e-05
  3.4286e-01     1.000856e-05
  3.8571e-01     1.000962e-05
  4.2857e-01     1.001068e-05
  4.7143e-01     1.001172e-05
  5.1429e-01     1.001277e-05
  5.5714e-01     1.001380e-05
  6.0000e-01     1.001483e-05
  6.4286e-01     1.001585e-05
  6.8571e-01     1.001687e-05
  7.2857e-01     1.001788e-05
  7.7143e-01     1.001889e-05
  8.1429e-01     1.001989e-05
  8.5714e-01     1.002088e-05
  9.0000e-01     1.002187e-05
  9.4286e-01     1.002286e-05
  9.8571e-01     1.002383e-05
  1.0285e+00     1.002481e-05
  1.0714e+00     1.002577e-05
  1.1142e+00     1.002673e-05
  1.1571e+00     1.002769e-05
  1.2000e+00     1.002864e-05
  1.2428e+00     1.002958e-05
  1.2857e+00     1.003052e-05
  1.3285e+00     1.003146e-05
  1.3714e+00     1.003239e-05
  1.4142e+00     1.003331e-05
  1.4571e+00     1.003423e-05
  1.5000e+00     1.003514e-05
  1.5428e+00     1.003605e-05
  1.5857e+00     1.003695e-05
  1.6285e+00     1.003785e-05
  1.6714e+00     1.003874e-05
  1.7142e+00     1.003963e-05
  1.7571e+00     1.004051e-05
  1.8000e+00     1.004138e-05
  1.8428e+00     1.004226e-05
  1.8857e+00     1.004312e-05
  1.9285e+00     1.004399e-05
  1.9714e+00     1.004484e-05
  2.0142e+00     1.004569e-05
  2.0571e+00     1.004654e-05
  2.1000e+00     1.004738e-05
  2.1428e+00     1.004822e-05
  2.1857e+00     1.004906e-05
  2.2285e+00     1.004988e-05
  2.2714e+00     1.005071e-05
  2.3142e+00     1.005153e-05
  2.3571e+00     1.005234e-05
  2.4000e+00     1.005315e-05
  2.4428e+00     1.005395e-05
  2.4857e+00     1.005475e-05
  2.5285e+00     1.005555e-05
  2.5714e+00     1.005634e-05
  2.6142e+00     1.005713e-05
  2.6571e+00     1.005791e-05
  2.7000e+00     1.005869e-05
  2.7428e+00     1.005946e-05
  2.7857e+00     1.006023e-05
  2.8285e+00     1.006099e-05
  2.8714e+00     1.006175e-05
  2.9142e+00     1.006251e-05
  2.9571e+00     1.006326e-05
  3.0000e+00     1.006401e-05
  3.0428e+00     1.006475e-05
  3.0857e+00     1.006549e-05
  3.1285e+00     1.006622e-05
  3.1714e+00     1.006695e-05
  3.2142e+00     1.006768e-05
  3.2571e+00     1.006840e-05
  3.3000e+00     1.006912e-05
  3.3428e+00     1.006983e-05
  3.3857e+00     1.007054e-05
  3.4285e+00     1.007125e-05
  3.4714e+00     1.007195e-05
  3.5142e+00     1.007265e-05
  3.5571e+00     1.007334e-05
  3.6000e+00     1.007403e-05
  3.6428e+00     1.007471e-05
  3.6857e+00     1.007540e-05
  3.7285e+00     1.007607e-05
  3.7714e+00     1.007675e-05
  3.8142e+00     1.007742e-05
  3.8571e+00     1.007808e-05
  3.9000e+00     1.007875e-05
  3.9428e+00     1.007941e-05
  3.9857e+00     1.008006e-05
  4.0285e+00     1.008071e-05
  4.0714e+00     1.008136e-05
  4.1142e+00     1.008200e-05
  4.1571e+00     1.008264e-05
  4.2000e+00     1.008328e-05
  4.2428e+00     1.008391e-05
  4.2857e+00     1.008454e-05
  4.3285e+00     1.008517e-05
  4.3714e+00     1.008579e-05
  4.4142e+00     1.008641e-05
  4.4571e+00     1.008702e-05
  4.5000e+00     1.008763e-05
  4.5428e+00     1.008824e-05
  4.5857e+00     1.008885e-05
  4.6285e+00     1.008945e-05
  4.6714e+00     1.009004e-05
  4.7142e+00     1.009064e-05
  4.7571e+00     1.009123e-05
  4.8000e+00     1.009182e-05
  4.8428e+00     1.009240e-05
  4.8857e+00     1.009298e-05
  4.9285e+00     1.009356e-05
  4.9714e+00     1.009413e-05
  5.0142e+00     1.009470e-05
  5.0571e+00     1.009527e-05
  5.1000e+00     1.009584e-05
  5.1428e+00     1.009640e-05
  5.1857e+00     1.009695e-05
  5.2285e+00     1.009751e-05
  5.2714e+00     1.009806e-05
  5.3142e+00     1.009861e-05
  5.3571e+00     1.009915e-05
  5.4000e+00     1.009970e-05
  5.4428e+00     1.010024e-05
  5.4857e+00     1.010077e-05
  5.5285e+00     1.010130e-05
  5.5714e+00     1.010183e-05
  5.6142e+00     1.010236e-05
  5.6571e+00     1.010289e-05
  5.7000e+00     1.010341e-05
  5.7428e+00     1.010392e-05
  5.7857e+00     1.010444e-05
  5.8285e+00     1.010495e-05
  5.8714e+00     1.010546e-05
  5.9142e+00     1.010597e-05
  5.9571e+00     1.010647e-05
  6.0000e+00     1.010697e-05
  6.0428e+00     1.010747e-05
  6.0857e+00     1.010796e-05
  6.1285e+00     1.010845e-05
  6.1714e+00     1.010894e-05
  6.2142e+00     1.010943e-05
  6.2571e+00     1.010991e-05
  6.3000e+00     1.011039e-05
  6.3428e+00     1.011087e-05
  6.3857e+00     1.011135e-05
  6.4285e+00     1.011182e-05
  6.4714e+00     1.011229e-05
  6.5142e+00     1.011276e-05
  6.5571e+00     1.011322e-05
  6.6000e+00     1.011368e-05
  6.6428e+00     1.011414e-05
  6.6857e+00     1.011460e-05
  6.7285e+00     1.011505e-05
  6.7714e+00     1.011550e-05
  6.8142e+00     1.011595e-05
  6.8571e+00     1.011640e-05
  6.9000e+00     1.011684e-05
  6.9428e+00     1.011728e-05
  6.9857e+00     1.011772e-05
  7.0285e+00     1.011816e-05
  7.0714e+00     1.011859e-05
  7.1142e+00     1.011902e-05
  7.1571e+00     1.011945e-05
  7.2000e+00     1.011988e-05
  7.2428e+00     1.012030e-05
  7.2857e+00     1.012072e-05
  7.3285e+00     1.012114e-05
  7.3714e+00     1.012156e-05
  7.4142e+00     1.012197e-05
  7.4571e+00     1.012238e-05
  7.5000e+00     1.012279e-05
  7.5428e+00     1.012320e-05
  7.5857e+00     1.012361e-05
  7.6285e+00     1.012401e-05
  7.6714e+00     1.012441e-05
  7.7142e+00     1.012481e-05
  7.7571e+00     1.012520e-05
  7.8000e+00     1.012560e-05
  7.8428e+00     1.012599e-05
  7.8857e+00     1.012638e-05
  7.9285e+00     1.012676e-05
  7.9714e+00     1.012715e-05
  8.0142e+00     1.012753e-05
  8.0571e+00     1.012791e-05
  8.1000e+00     1.012829e-05
  8.1428e+00     1.012866e-05
  8.1857e+00     1.012904e-05
  8.2285e+00     1.012941e-05
  8.2714e+00     1.012978e-05
  8.3142e+00     1.013015e-05
  8.3571e+00     1.013051e-05
  8.4000e+00     1.013087e-05
  8.4428e+00     1.013124e-05
  8.4857e+00     1.013159e-05
  8.5285e+00     1.013195e-05
  8.5714e+00     1.013231e-05
  8.6142e+00     1.013266e-05
  8.6571e+00     1.013301e-05
  8.7000e+00     1.013336e-05
  8.7428e+00     1.013371e-05
  8.7857e+00     1.013405e-05
  8.8285e+00     1.013439e-05
  8.8714e+00     1.013473e-05
  8.9142e+00     1.013507e-05
  8.9571e+00     1.013541e-05
  9.0000e+00     1.013575e-05
  9.0428e+00     1.013608e-05
  9.0857e+00     1.013641e-05
  9.1285e+00     1.013674e-05
  9.1714e+00     1.013707e-05
  9.2142e+00     1.013739e-05
  9.2571e+00     1.013772e-05
  9.3000e+00     1.013804e-05
  9.3428e+00     1.013836e-05
  9.3857e+00     1.013868e-05
  9.4285e+00     1.013899e-05
  9.4714e+00     1.013931e-05
  9.5142e+00     1.013962e-05
  9.5571e+00     1.013993e-05
  9.6000e+00     1.014024e-05
  9.6428e+00     1.014055e-05
  9.6857e+00     1.014085e-05
  9.7285e+00     1.014116e-05
  9.7714e+00     1.014146e-05
  9.8142e+00     1.014176e-05
  9.8571e+00     1.014206e-05
  9.9000e+00     1.014236e-05
  9.9428e+00     1.014265e-05
  9.9857e+00     1.014295e-05
  1.0028e+01     1.014324e-05
  1.0071e+01     1.014353e-05
  1.0114e+01     1.014382e-05
  1.0157e+01     1.014411e-05
  1.0200e+01     1.014439e-05
  1.0242e+01     1.014468e-05
  1.0285e+01     1.014496e-05
  1.0328e+01     1.014524e-05
  1.0371e+01     1.014552e-05
  1.0414e+01     1.014579e-05
  1.0457e+01     1.014607e-05
  1.0500e+01     1.014634e-05
  1.0542e+01     1.014662e-05
  1.0585e+01     1.014689e-05
  1.0628e+01     1.014716e-05
  1.0671e+01     1.014743e-05
  1.0714e+01     1.014769e-05
  1.0757e+01     1.014796e-05
  1.0800e+01     1.014822e-05
  1.0842e+01     1.014848e-05
  1.0885e+01     1.014874e-05
  1.0928e+01     1.014900e-05
  1.0971e+01     1.014926e-05
  1.1014e+01     1.014952e-05
  1.1057e+01     1.014977e-05
  1.1100e+01     1.015002e-05
  1.1142e+01     1.015028e-05
  1.1185e+01     1.015053e-05
  1.1228e+01     1.015077e-05
  1.1271e+01     1.015102e-05
  1.1314e+01     1.015127e-05
  1.1357e+01     1.015151e-05
  1.1400e+01     1.015176e-05
  1.1442e+01     1.015200e-05
  1.1485e+01     1.015224e-05
  1.1528e+01     1.015248e-05
  1.1571e+01     1.015272e-05
  1.1614e+01     1.015295e-05
  1.1657e+01     1.015319e-05
  1.1700e+01     1.015342e-05
  1.1742e+01     1.015365e-05
  1.1785e+01     1.015388e-05
  1.1828e+01     1.015411e-05
  1.1871e+01     1.015434e-05
  1.1914e+01     1.015457e-05
  1.1957e+01     1.015479e-05
  1.2000e+01     1.015502e-05
  1.2042e+01     1.015524e-05
  1.2085e+01     1.015546e-05
  1.2128e+01     1.015568e-05
  1.2171e+01     1.015590e-05
  1.2214e+01     1.015612e-05
  1.2257e+01     1.015634e-05
  1.2300e+01     1.015655e-05
  1.2342e+01     1.015677e-05
  1.2385e+01     1.015698e-05
  1.2428e+01     1.015719e-05
  1.2471e+01     1.015740e-05
  1.2514e+01     1.015761e-05
  1.2557e+01     1.015782e-05
  1.2600e+01     1.015803e-05
  1.2642e+01     1.015824e-05
  1.2685e+01     1.015844e-05
  1.2728e+01     1.015864e-05
  1.2771e+01     1.015885e-05
  1.2814e+01     1.015905e-05
  1.2857e+01     1.015925e-05
  1.2900e+01     1.015945e-05
  1.2942e+01     1.015965e-05
  1.2985e+01     1.015984e-05
  1.3028e+01     1.016004e-05
  1.3071e+01     1.016023e-05
  1.3114e+01     1.016043e-05
  1.3157e+01     1.016062e-05
  1.3200e+01     1.016081e-05
  1.3242e+01     1.016100e-05
  1.3285e+01     1.016119e-05
  1.3328e+01     1.016138e-05
  1.3371e+01     1.016156e-05
  1.3414e+01     1.016175e-05
  1.3457e+01     1.016193e-05
  1.3500e+01     1.016212e-05
  1.3542e+01     1.016230e-05
  1.3585e+01     1.016248e-05
  1.3628e+01     1.016266e-05
  1.3671e+01     1.016284e-05
  1.3714e+01     1.016302e-05
  1.3757e+01     1.016320e-05
  1.3800e+01     1.016337e-05
  1.3842e+01     1.016355e-05
  1.3885e+01     1.016372e-05
  1.3928e+01     1.016390e-05
  1.3971e+01     1.016407e-05
  1.4014e+01     1.016424e-05
  1.4057e+01     1.016441e-05
  1.4100e+01     1.016458e-05
  1.4142e+01     1.016475e-05
  1.4185e+01     1.016492e-05
  1.4228e+01     1.016508e-05
  1.4271e+01     1.016525e-05
  1.4314e+01     1.016542e-05
  1.4357e+01     1.016558e-05
  1.4400e+01     1.016574e-05
  1.4442e+01     1.016590e-05
  1.4485e+01     1.016606e-05
  1.4528e+01     1.016623e-05
  1.4571e+01     1.016638e-05
  1.4614e+01     1.016654e-05
  1.4657e+01     1.016670e-05
  1.4700e+01     1.016686e-05
  1.4742e+01     1.016701e-05
  1.4785e+01     1.016717e-05
  1.4828e+01     1.016732e-05
  1.4871e+01     1.016747e-05
  1.4914e+01     1.016763e-05
  1.4957e+01     1.016778e-05
  1.5000e+01     1.016793e-05
  1.5042e+01     1.016808e-05
  1.5085e+01     1.016823e-05
  1.5128e+01     1.016837e-05
  1.5171e+01     1.016852e-05
  1.5214e+01     1.016867e-05
  1.5257e+01     1.016881e-05
  1.5300e+01     1.016896e-05
  1.5342e+01     1.016910e-05
  1.5385e+01     1.016924e-05
  1.5428e+01     1.016938e-05
  1.5471e+01     1.016953e-05
  1.5514e+01     1.016967e-05
  1.5557e+01     1.016981e-05
  1.5600e+01     1.016994e-05
  1.5642e+01     1.017008e-05
  1.5685e+01     1.017022e-05
  1.5728e+01     1.017036e-05
  1.5771e+01     1.017049e-05
  1.5814e+01     1.017063e-05
  1.5857e+01     1.017076e-05
  1.5900e+01     1.017089e-05
  1.5942e+01     1.017103e-05
  1.5985e+01     1.017116e-05
  1.6028e+01     1.017129e-05
  1.6071e+01     1.017142e-05
  1.6114e+01     1.017155e-05
  1.6157e+01     1.017168e-05
  1.6200e+01     1.017181e-05
  1.6242e+01     1.017193e-05
  1.6285e+01     1.017206e-05
  1.6328e+01     1.017218e-05
  1.6371e+01     1.017231e-05
  1.6414e+01     1.017243e-05
  1.6457e+01     1.017256e-05
  1.6500e+01     1.017268e-05
  1.6542e+01     1.017280e-05
  1.6585e+01     1.017293e-05
  1.6628e+01     1.017305e-05
  1.6671e+01     1.017317e-05
  1.6714e+01     1.017329e-05
  1.6757e+01     1.017340e-05
  1.6800e+01     1.017352e-05
  1.6842e+01     1.017364e-05
  1.6885e+01     1.017376e-05
  1.6928e+01     1.017387e-05
  1.6971e+01     1.017399e-05
  1.7014e+01     1.017410e-05
  1.7057e+01     1.017422e-05
  1.7100e+01     1.017433e-05
  1.7142e+01     1.017444e-05
  1.7185e+01     1.017456e-05
  1.7228e+01     1.017467e-05
  1.7271e+01     1.017478e-05
  1.7314e+01     1.017489e-05
  1.7357e+01     1.017500e-05
  1.7400e+01     1.017511e-05
  1.7442e+01     1.017522e-05
  1.7485e+01     1.017532e-05
  1.7528e+01     1.017543e-05
  1.7571e+01     1.017554e-05
  1.7614e+01     1.017564e-05
  1.7657e+01     1.017575e-05
  1.7700e+01     1.017586e-05
  1.7742e+01     1.017596e-05
  1.7785e+01     1.017606e-05
  1.7828e+01     1.017617e-05
  1.7871e+01     1.017627e-05
  1.7914e+01     1.017637e-05
  1.7957e+01     1.017647e-05
  1.8000e+01     1.017657e-05
  1.8042e+01     1.017667e-05
  1.8085e+01     1.017677e-05
  1.8128e+01     1.017687e-05
  1.8171e+01     1.017697e-05
  1.8214e+01     1.017707e-05
  1.8257e+01     1.017716e-05
  1.8300e+01     1.017726e-05
  1.8342e+01     1.017736e-05
  1.8385e+01     1.017745e-05
  1.8428e+01     1.017755e-05
  1.8471e+01     1.017764e-05
  1.8514e+01     1.017774e-05
  1.8557e+01     1.017783e-05
  1.8600e+01     1.017792e-05
  1.8642e+01     1.017802e-05
  1.8685e+01     1.017811e-05
  1.8728e+01     1.017820e-05
  1.8771e+01     1.017829e-05
  1.8814e+01     1.017838e-05
  1.8857e+01     1.017847e-05
  1.8900e+01     1.017856e-05
  1.8942e+01     1.017865e-05
  1.8985e+01     1.017874e-05
  1.9028e+01     1.017882e-05
  1.9071e+01     1.017891e-05
  1.9114e+01     1.017900e-05
  1.9157e+01     1.017908e-05
  1.9200e+01     1.017917e-05
  1.9242e+01     1.017925e-05
  1.9285e+01     1.017934e-05
  1.9328e+01     1.017942e-05
  1.9371e+01     1.017951e-05
  1.9414e+01     1.017959e-05
  1.9457e+01     1.017967e-05
  1.9500e+01     1.017976e-05
  1.9542e+01     1.017984e-05
  1.9585e+01     1.017992e-05
  1.9628e+01     1.018000e-05
  1.9671e+01     1.018008e-05
  1.9714e+01     1.018016e-05
  1.9757e+01     1.018024e-05
  1.9800e+01     1.018032e-05
  1.9842e+01     1.018040e-05
  1.9885e+01     1.018048e-05
  1.9928e+01     1.018055e-05
  1.9971e+01     1.018063e-05
  2.0014e+01     1.018071e-05
  2.0057e+01     1.018079e-05
  2.0100e+01     1.018086e-05
  2.0142e+01     1.018094e-05
  2.0185e+01     1.018101e-05
  2.0228e+01     1.018109e-05
  2.0271e+01     1.018116e-05
  2.0314e+01     1.018124e-05
  2.0357e+01     1.018131e-05
  2.0400e+01     1.018138e-05
  2.0442e+01     1.018145e-05
  2.0485e+01     1.018153e-05
  2.0528e+01     1.018160e-05
  2.0571e+01     1.018167e-05
  2.0614e+01     1.018174e-05
  2.0657e+01     1.018181e-05
  2.0700e+01     1.018188e-05
  2.0742e+01     1.018195e-05
  2.0785e+01     1.018202e-05
  2.0828e+01     1.018209e-05
  2.0871e+01     1.018216e-05
  2.0914e+01     1.018223e-05
  2.0957e+01     1.018229e-05
  2.1000e+01     1.018236e-05
  2.1042e+01     1.018243e-05
  2.1085e+01     1.018250e-05
  2.1128e+01     1.018256e-05
  2.1171e+01     1.018263e-05
  2.1214e+01     1.018269e-05
  2.1257e+01     1.018276e-05
  2.1300e+01     1.018282e-05
  2.1342e+01     1.018289e-05
  2.1385e+01     1.018295e-05
  2.1428e+01     1.018302e-05
  2.1471e+01     1.018308e-05
  2.1514e+01     1.018314e-05
  2.1557e+01     1.018320e-05
  2.1600e+01     1.018327e-05
  2.1642e+01     1.018333e-05
  2.1685e+01     1.018339e-05
  2.1728e+01     1.018345e-05
  2.1771e+01     1.018351e-05
  2.1814e+01     1.018357e-05
  2.1857e+01     1.018363e-05
  2.1900e+01     1.018369e-05
  2.1942e+01     1.018375e-05
  2.1985e+01     1.018381e-05
  2.2028e+01     1.018387e-05
  2.2071e+01     1.018393e-05
  2.2114e+01     1.018399e-05
  2.2157e+01     1.018404e-05
  2.2200e+01     1.018410e-05
  2.2242e+01     1.018416e-05
  2.2285e+01     1.018422e-05
  2.2328e+01     1.018427e-05
  2.2371e+01     1.018433e-05
  2.2414e+01     1.018438e-05
  2.2457e+01     1.018444e-05
  2.2500e+01     1.018449e-05
  2.2542e+01     1.018455e-05
  2.2585e+01     1.018460e-05
  2.2628e+01     1.018466e-05
  2.2671e+01     1.018471e-05
  2.2714e+01     1.018477e-05
  2.2757e+01     1.018482e-05
  2.2800e+01     1.018487e-05
  2.2842e+01     1.018492e-05
  2.2885e+01     1.018498e-05
  2.2928e+01     1.018503e-05
  2.2971e+01     1.018508e-05
  2.3014e+01     1.018513e-05
  2.3057e+01     1.018518e-05
  2.3100e+01     1.018523e-05
  2.3142e+01     1.018529e-05
  2.3185e+01     1.018534e-05
  2.3228e+01     1.018539e-05
  2.3271e+01     1.018544e-05
  2.3314e+01     1.018548e-05
  2.3357e+01     1.018553e-05
  2.3400e+01     1.018558e-05
  2.3442e+01     1.018563e-05
  2.3485e+01     1.018568e-05
  2.3528e+01     1.018573e-05
  2.3571e+01     1.018578e-05
  2.3614e+01     1.018582e-05
  2.3657e+01     1.018587e-05
  2.3700e+01     1.018592e-05
  2.3742e+01     1.018596e-05
  2.3785e+01     1.018601e-05
  2.3828e+01     1.018606e-05
  2.3871e+01     1.018610e-05
  2.3914e+01     1.018615e-05
  2.3957e+01     1.018619e-05
  2.4000e+01     1.018624e-05
  2.4042e+01     1.018628e-05
  2.4085e+01     1.018633e-05
  2.4128e+01     1.018637e-05
  2.4171e+01     1.018642e-05
  2.4214e+01     1.018646e-05
  2.4257e+01     1.018651e-05
  2.4300e+01     1.018655e-05
  2.4342e+01     1.018659e-05
  2.4385e+01     1.018663e-05
  2.4428e+01     1.018668e-05
  2.4471e+01     1.018672e-05
  2.4514e+01     1.018676e-05
  2.4557e+01     1.018680e-05
  2.4600e+01     1.018685e-05
  2.4642e+01     1.018689e-05
  2.4685e+01     1.018693e-05
  2.4728e+01     1.018697e-05
  2.4771e+01     1.018701e-05
  2.4814e+01     1.018705e-05
  2.4857e+01     1.018709e-05
  2.4900e+01     1.018713e-05
  2.4942e+01     1.018717e-05
  2.4985e+01     1.018721e-05
  2.5028e+01     1.018725e-05
  2.5071e+01     1.018729e-05
  2.5114e+01     1.018733e-05
  2.5157e+01     1.018737e-05
  2.5200e+01     1.018740e-05
  2.5242e+01     1.018744e-05
  2.5285e+01     1.018748e-05
  2.5328e+01     1.018752e-05
  2.5371e+01     1.018756e-05
  2.5414e+01     1.018759e-05
  2.5457e+01     1.018763e-05
  2.5500e+01     1.018767e-05
  2.5542e+01     1.018770e-05
  2.5585e+01     1.018774e-05
  2.5628e+01     1.018778e-05
  2.5671e+01     1.018781e-05
  2.5714e+01     1.018785e-05
  2.5757e+01     1.018788e-05
  2.5800e+01     1.018792e-05
  2.5842e+01     1.018796e-05
  2.5885e+01     1.018799e-05
  2.5928e+01     1.018803e-05
  2.5971e+01     1.018806e-05
  2.6014e+01     1.018809e-05
  2.6057e+01     1.018813e-05
  2.6100e+01     1.018816e-05
  2.6142e+01     1.018820e-05
  2.6185e+01     1.018823e-05
  2.6228e+01     1.018826e-05
  2.6271e+01     1.018830e-05
  2.6314e+01     1.018833e-05
  2.6357e+01     1.018836e-05
  2.6400e+01     1.018840e-05
  2.6442e+01     1.018843e-05
  2.6485e+01     1.018846e-05
  2.6528e+01     1.018849e-05
  2.6571e+01     1.018853e-05
  2.6614e+01     1.018856e-05
  2.6657e+01     1.018859e-05
  2.6700e+01     1.018862e-05
  2.6742e+01     1.018865e-05
  2.6785e+01     1.018868e-05
  2.6828e+01     1.018871e-05
  2.6871e+01     1.018875e-05
  2.6914e+01     1.018878e-05
  2.6957e+01     1.018881e-05
  2.7000e+01     1.018884e-05
  2.7042e+01     1.018887e-05
  2.7085e+01     1.018890e-05
  2.7128e+01     1.018893e-05
  2.7171e+01     1.018896e-05
  2.7214e+01     1.018898e-05
  2.7257e+01     1.018901e-05
  2.7300e+01     1.018904e-05
  2.7342e+01     1.018907e-05
  2.7385e+01     1.018910e-05
  2.7428e+01     1.018913e-05
  2.7471e+01     1.018916e-05
  2.7514e+01     1.018919e-05
  2.7557e+01     1.018921e-05
  2.7600e+01     1.018924e-05
  2.7642e+01     1.018927e-05
  2.7685e+01     1.018930e-05
  2.7728e+01     1.018932e-05
  2.7771e+01     1.018935e-05
  2.7814e+01     1.018938e-05
  2.7857e+01     1.018941e-05
  2.7900e+01     1.018943e-05
  2.7942e+01     1.018946e-05
  2.7985e+01     1.018949e-05
  2.8028e+01     1.018951e-05
  2.8071e+01     1.018954e-05
  2.8114e+01     1.018956e-05
  2.8157e+01     1.018959e-05
  2.8200e+01     1.018962e-05
  2.8242e+01     1.018964e-05
  2.8285e+01     1.018967e-05
  2.8328e+01     1.018969e-05
  2.8371e+01     1.018972e-05
  2.8414e+01     1.018974e-05
  2.8457e+01     1.018977e-05
  2.8500e+01     1.018979e-05
  2.8542e+01     1.018982e-05
  2.8585e+01     1.018984e-05
  2.8628e+01     1.018987e-05
  2.8671e+01     1.018989e-05
  2.8714e+01     1.018991e-05
  2.8757e+01     1.018994e-05
  2.8800e+01     1.018996e-05
  2.8842e+01     1.018999e-05
  2.8885e+01     1.019001e-05
  2.8928e+01     1.019003e-05
  2.8971e+01     1.019006e-05
  2.9014e+01     1.019008e-05
  2.9057e+01     1.019010e-05
  2.9100e+01     1.019012e-05
  2.9142e+01     1.019015e-05
  2.9185e+01     1.019017e-05
  2.9228e+01     1.019019e-05
  2.9271e+01     1.019021e-05
  2.9314e+01     1.019024e-05
  2.9357e+01     1.019026e-05
  2.9400e+01     1.019028e-05
  2.9442e+01     1.019030e-05
  2.9485e+01     1.019032e-05
  2.9528e+01     1.019035e-05
  2.9571e+01     1.019037e-05
  2.9614e+01     1.019039e-05
  2.9657e+01     1.019041e-05
  2.9700e+01     1.019043e-05
  2.9742e+01     1.019045e-05
  2.9785e+01     1.019047e-05
  2.9828e+01     1.019049e-05
  2.9871e+01     1.019051e-05
  2.9914e+01     1.019053e-05
  2.9957e+01     1.019056e-05
  3.0000e+01     1.019058e-05
  3.0042e+01     1.019060e-05
  3.0085e+01     1.019062e-05
  3.0128e+01     1.019064e-05
  3.0171e+01     1.019066e-05
  3.0214e+01     1.019067e-05
  3.0257e+01     1.019069e-05
  3.0300e+01     1.019071e-05
  3.0342e+01     1.019073e-05
  3.0385e+01     1.019075e-05
  3.0428e+01     1.019077e-05
  3.0471e+01     1.019079e-05
  3.0514e+01     1.019081e-05
  3.0557e+01     1.019083e-05
  3.0600e+01     1.019085e-05
  3.0642e+01     1.019087e-05
  3.0685e+01     1.019088e-05
  3.0728e+01     1.019090e-05
  3.0771e+01     1.019092e-05
  3.0814e+01     1.019094e-05
  3.0857e+01     1.019096e-05
  3.0900e+01     1.019098e-05
  3.0942e+01     1.019099e-05
  3.0985e+01     1.019101e-05
  3.1028e+01     1.019103e-05
  3.1071e+01     1.019105e-05
  3.1114e+01     1.019106e-05
  3.1157e+01     1.019108e-05
  3.1200e+01     1.019110e-05
  3.1242e+01     1.019112e-05
  3.1285e+01     1.019113e-05
  3.1328e+01     1.019115e-05
  3.1371e+01     1.019117e-05
  3.1414e+01     1.019118e-05
  3.1457e+01     1.019120e-05
  3.1500e+01     1.019122e-05
  3.1542e+01     1.019123e-05
  3.1585e+01     1.019125e-05
  3.1628e+01     1.019127e-05
  3.1671e+01     1.019128e-05
  3.1714e+01     1.019130e-05
  3.1757e+01     1.019131e-05
  3.1800e+01     1.019133e-05
  3.1842e+01     1.019135e-05
  3.1885e+01     1.019136e-05
  3.1928e+01     1.019138e-05
  3.1971e+01     1.019139e-05
  3.2014e+01     1.019141e-05
  3.2057e+01     1.019142e-05
  3.2100e+01     1.019144e-05
  3.2142e+01     1.019145e-05
  3.2185e+01     1.019147e-05
  3.2228e+01     1.019148e-05
  3.2271e+01     1.019150e-05
  3.2314e+01     1.019151e-05
  3.2357e+01     1.019153e-05
  3.2400e+01     1.019154e-05
  3.2442e+01     1.019156e-05
  3.2485e+01     1.019157e-05
  3.2528e+01     1.019159e-05
  3.2571e+01     1.019160e-05
  3.2614e+01     1.019162e-05
  3.2657e+01     1.019163e-05
  3.2700e+01     1.019164e-05
  3.2742e+01     1.019166e-05
  3.2785e+01     1.019167e-05
  3.2828e+01     1.019169e-05
  3.2871e+01     1.019170e-05
  3.2914e+01     1.019171e-05
  3.2957e+01     1.019173e-05
  3.3000e+01     1.019174e-05
  3.3042e+01     1.019175e-05
  3.3085e+01     1.019177e-05
  3.3128e+01     1.019178e-05
  3.3171e+01     1.019179e-05
  3.3214e+01     1.019181e-05
  3.3257e+01     1.019182e-05
  3.3300e+01     1.019183e-05
  3.3342e+01     1.019185e-05
  3.3385e+01     1.019186e-05
  3.3428e+01     1.019187e-05
  3.3471e+01     1.019188e-05
  3.3514e+01     1.019190e-05
  3.3557e+01     1.019191e-05
  3.3600e+01     1.019192e-05
  3.3642e+01     1.019193e-05
  3.3685e+01     1.019195e-05
  3.3728e+01     1.019196e-05
  3.3771e+01     1.019197e-05
  3.3814e+01     1.019198e-05
  3.3857e+01     1.019200e-05
  3.3900e+01     1.019201e-05
  3.3942e+01     1.019202e-05
  3.3985e+01     1.019203e-05
  3.4028e+01     1.019204e-05
  3.4071e+01     1.019206e-05
  3.4114e+01     1.019207e-05
  3.4157e+01     1.019208e-05
  3.4200e+01     1.019209e-05
  3.4242e+01     1.019210e-05
  3.4285e+01     1.019211e-05
  3.4328e+01     1.019212e-05
  3.4371e+01     1.019214e-05
  3.4414e+01     1.019215e-05
  3.4457e+01     1.019216e-05
  3.4500e+01     1.019217e-05
  3.4542e+01     1.019218e-05
  3.4585e+01     1.019219e-05
  3.4628e+01     1.019220e-05
  3.4671e+01     1.019221e-05
  3.4714e+01     1.019222e-05
  3.4757e+01     1.019223e-05
  3.4800e+01     1.019225e-05
  3.4842e+01     1.019226e-05
  3.4885e+01     1.019227e-05
  3.4928e+01     1.019228e-05
  3.4971e+01     1.019229e-05
  3.5014e+01     1.019230e-05
  3.5057e+01     1.019231e-05
  3.5100e+01     1.019232e-05
  3.5142e+01     1.019233e-05
  3.5185e+01     1.019234e-05
  3.5228e+01     1.019235e-05
  3.5271e+01     1.019236e-05
  3.5314e+01     1.019237e-05
  3.5357e+01     1.019238e-05
  3.5400e+01     1.019239e-05
  3.5442e+01     1.019240e-05
  3.5485e+01     1.019241e-05
  3.5528e+01     1.019242e-05
  3.5571e+01     1.019243e-05
  3.5614e+01     1.019244e-05
  3.5657e+01     1.019245e-05
  3.5700e+01     1.019246e-05
  3.5742e+01     1.019246e-05
  3.5785e+01     1.019247e-05
  3.5828e+01     1.019248e-05
  3.5871e+01     1.019249e-05
  3.5914e+01     1.019250e-05
  3.5957e+01     1.019251e-05
  3.6000e+01     1.019252e-05
  3.6042e+01     1.019253e-05
  3.6085e+01     1.019254e-05
  3.6128e+01     1.019255e-05
  3.6171e+01     1.019256e-05
  3.6214e+01     1.019256e-05
  3.6257e+01     1.019257e-05
  3.6300e+01     1.019258e-05
  3.6342e+01     1.019259e-05
  3.6385e+01     1.019260e-05
  3.6428e+01     1.019261e-05
  3.6471e+01     1.019262e-05
  3.6514e+01     1.019263e-05
  3.6557e+01     1.019263e-05
  3.6600e+01     1.019264e-05
  3.6642e+01     1.019265e-05
  3.6685e+01     1.019266e-05
  3.6728e+01     1.019267e-05
  3.6771e+01     1.019268e-05
  3.6814e+01     1.019268e-05
  3.6857e+01     1.019269e-05
  3.6900e+01     1.019270e-05
  3.6942e+01     1.019271e-05
  3.6985e+01     1.019272e-05
  3.7028e+01     1.019272e-05
  3.7071e+01     1.019273e-05
  3.7114e+01     1.019274e-05
  3.7157e+01     1.019275e-05
  3.7200e+01     1.019275e-05
  3.7242e+01     1.019276e-05
  3.7285e+01     1.019277e-05
  3.7328e+01     1.019278e-05
  3.7371e+01     1.019279e-05
  3.7414e+01     1.019279e-05
  3.7457e+01     1.019280e-05
  3.7500e+01     1.019281e-05
  3.7542e+01     1.019281e-05
  3.7585e+01     1.019282e-05
  3.7628e+01     1.019283e-05
  3.7671e+01     1.019284e-05
  3.7714e+01     1.019284e-05
  3.7757e+01     1.019285e-05
  3.7800e+01     1.019286e-05
  3.7842e+01     1.019287e-05
  3.7885e+01     1.019287e-05
  3.7928e+01     1.019288e-05
  3.7971e+01     1.019289e-05
  3.8014e+01     1.019289e-05
  3.8057e+01     1.019290e-05
  3.8100e+01     1.019291e-05
  3.8142e+01     1.019291e-05
  3.8185e+01     1.019292e-05
  3.8228e+01     1.019293e-05
  3.8271e+01     1.019293e-05
  3.8314e+01     1.019294e-05
  3.8357e+01     1.019295e-05
  3.8400e+01     1.019295e-05
  3.8442e+01     1.019296e-05
  3.8485e+01     1.019297e-05
  3.8528e+01     1.019297e-05
  3.8571e+01     1.019298e-05
  3.8614e+01     1.019299e-05
  3.8657e+01     1.019299e-05
  3.8700e+01     1.019300e-05
  3.8742e+01     1.019301e-05
  3.8785e+01     1.019301e-05
  3.8828e+01     1.019302e-05
  3.8871e+01     1.019302e-05
  3.8914e+01     1.019303e-05
  3.8957e+01     1.019304e-05
  3.9000e+01     1.019304e-05
  3.9042e+01     1.019305e-05
  3.9085e+01     1.019305e-05
  3.9128e+01     1.019306e-05
  3.9171e+01     1.019307e-05
  3.9214e+01     1.019307e-05
  3.9257e+01     1.019308e-05
  3.9300e+01     1.019308e-05
  3.9342e+01     1.019309e-05
  3.9385e+01     1.019310e-05
  3.9428e+01     1.019310e-05
  3.9471e+01     1.019311e-05
  3.9514e+01     1.019311e-05
  3.9557e+01     1.019312e-05
  3.9600e+01     1.019312e-05
  3.9642e+01     1.019313e-05
  3.9685e+01     1.019314e-05
  3.9728e+01     1.019314e-05
  3.9771e+01     1.019315e-05
  3.9814e+01     1.019315e-05
  3.9857e+01     1.019316e-05
  3.9900e+01     1.019316e-05
  3.9942e+01     1.019317e-05
  3.9985e+01     1.019317e-05
  4.0028e+01     1.019318e-05
  4.0071e+01     1.019318e-05
  4.0114e+01     1.019319e-05
  4.0157e+01     1.019319e-05
  4.0200e+01     1.019320e-05
  4.0242e+01     1.019320e-05
  4.0285e+01     1.019321e-05
  4.0328e+01     1.019321e-05
  4.0371e+01     1.019322e-05
  4.0414e+01     1.019322e-05
  4.0457e+01     1.019323e-05
  4.0500e+01     1.019323e-05
  4.0542e+01     1.019324e-05
  4.0585e+01     1.019324e-05
  4.0628e+01     1.019325e-05
  4.0671e+01     1.019325e-05
  4.0714e+01     1.019326e-05
  4.0757e+01     1.019326e-05
  4.0800e+01     1.019327e-05
  4.0842e+01     1.019327e-05
  4.0885e+01     1.019328e-05
  4.0928e+01     1.019328e-05
  4.0971e+01     1.019329e-05
  4.1014e+01     1.019329e-05
  4.1057e+01     1.019330e-05
  4.1100e+01     1.019330e-05
  4.1142e+01     1.019331e-05
  4.1185e+01     1.019331e-05
  4.1228e+01     1.019332e-05
  4.1271e+01     1.019332e-05
  4.1314e+01     1.019332e-05
  4.1357e+01     1.019333e-05
  4.1400e+01     1.019333e-05
  4.1442e+01     1.019334e-05
  4.1485e+01     1.019334e-05
  4.1528e+01     1.019335e-05
  4.1571e+01     1.019335e-05
  4.1614e+01     1.019335e-05
  4.1657e+01     1.019336e-05
  4.1700e+01     1.019336e-05
  4.1742e+01     1.019337e-05
  4.1785e+01     1.019337e-05
  4.1828e+01     1.019338e-05
  4.1871e+01     1.019338e-05
  4.1914e+01     1.019338e-05
  4.1957e+01     1.019339e-05
  4.2000e+01     1.019339e-05
  4.2042e+01     1.019340e-05
  4.2085e+01     1.019340e-05
  4.2128e+01     1.019340e-05
  4.2171e+01     1.019341e-05
  4.2214e+01     1.019341e-05
  4.2257e+01     1.019342e-05
  4.2300e+01     1.019342e-05
  4.2342e+01     1.019342e-05
  4.2385e+01     1.019343e-05
  4.2428e+01     1.019343e-05
  4.2471e+01     1.019344e-05
  4.2514e+01     1.019344e-05
  4.2557e+01     1.019344e-05
  4.2600e+01     1.019345e-05
  4.2642e+01     1.019345e-05
  4.2685e+01     1.019345e-05
  4.2728e+01     1.019346e-05
  4.2771e+01     1.019346e-05
  4.2814e+01     1.019347e-05
  4.2857e+01     1.019347e-05
  4.2900e+01     1.019347e-05
  4.2942e+01     1.019348e-05
  4.2985e+01     1.019348e-05
  4.3028e+01     1.019348e-05
  4.3071e+01     1.019349e-05
  4.3114e+01     1.019349e-05
  4.3157e+01     1.019349e-05
  4.3200e+01     1.019350e-05
  4.3242e+01     1.019350e-05
  4.3285e+01     1.019350e-05
  4.3328e+01     1.019351e-05
  4.3371e+01     1.019351e-05
  4.3414e+01     1.019351e-05
  4.3457e+01     1.019352e-05
  4.3500e+01     1.019352e-05
  4.3542e+01     1.019352e-05
  4.3585e+01     1.019353e-05
  4.3628e+01     1.019353e-05
  4.3671e+01     1.019353e-05
  4.3714e+01     1.019354e-05
  4.3757e+01     1.019354e-05
  4.3800e+01     1.019354e-05
  4.3842e+01     1.019355e-05
  4.3885e+01     1.019355e-05
  4.3928e+01     1.019355e-05
  4.3971e+01     1.019356e-05
  4.4014e+01     1.019356e-05
  4.4057e+01     1.019356e-05
  4.4100e+01     1.019357e-05
  4.4142e+01     1.019357e-05
  4.4185e+01     1.019357e-05
  4.4228e+01     1.019358e-05
  4.4271e+01     1.019358e-05
  4.4314e+01     1.019358e-05
  4.4357e+01     1.019358e-05
  4.4400e+01     1.019359e-05
  4.4442e+01     1.019359e-05
  4.4485e+01     1.019359e-05
  4.4528e+01     1.019360e-05
  4.4571e+01     1.019360e-05
  4.4614e+01     1.019360e-05
  4.4657e+01     1.019360e-05
  4.4700e+01     1.019361e-05
  4.4742e+01     1.019361e-05
  4.4785e+01     1.019361e-05
  4.4828e+01     1.019362e-05
  4.4871e+01     1.019362e-05
  4.4914e+01     1.019362e-05
  4.4957e+01     1.019362e-05
  4.5000e+01     1.019363e-05
  4.5042e+01     1.019363e-05
  4.5085e+01     1.019363e-05
  4.5128e+01     1.019363e-05
  4.5171e+01     1.019364e-05
  4.5214e+01     1.019364e-05
  4.5257e+01     1.019364e-05
  4.5300e+01     1.019365e-05
  4.5342e+01     1.019365e-05
  4.5385e+01     1.019365e-05
  4.5428e+01     1.019365e-05
  4.5471e+01     1.019366e-05
  4.5514e+01     1.019366e-05
  4.5557e+01     1.019366e-05
  4.5600e+01     1.019366e-05
  4.5642e+01     1.019367e-05
  4.5685e+01     1.019367e-05
  4.5728e+01     1.019367e-05
  4.5771e+01     1.019367e-05
  4.5814e+01     1.019368e-05
  4.5857e+01     1.019368e-05
  4.5900e+01     1.019368e-05
  4.5942e+01     1.019368e-05
  4.5985e+01     1.019369e-05
  4.6028e+01     1.019369e-05
  4.6071e+01     1.019369e-05
  4.6114e+01     1.019369e-05
  4.6157e+01     1.019369e-05
  4.6200e+01     1.019370e-05
  4.6242e+01     1.019370e-05
  4.6285e+01     1.019370e-05
  4.6328e+01     1.019370e-05
  4.6371e+01     1.019371e-05
  4.6414e+01     1.019371e-05
  4.6457e+01     1.019371e-05
  4.6500e+01     1.019371e-05
  4.6542e+01     1.019372e-05
  4.6585e+01     1.019372e-05
  4.6628e+01     1.019372e-05
  4.6671e+01     1.019372e-05
  4.6714e+01     1.019372e-05
  4.6757e+01     1.019373e-05
  4.6800e+01     1.019373e-05
  4.6842e+01     1.019373e-05
  4.6885e+01     1.019373e-05
  4.6928e+01     1.019373e-05
  4.6971e+01     1.019374e-05
  4.7014e+01     1.019374e-05
  4.7057e+01     1.019374e-05
  4.7100e+01     1.019374e-05
  4.7142e+01     1.019375e-05
  4.7185e+01     1.019375e-05
  4.7228e+01     1.019375e-05
  4.7271e+01     1.019375e-05
  4.7314e+01     1.019375e-05
  4.7357e+01     1.019376e-05
  4.7400e+01     1.019376e-05
  4.7442e+01     1.019376e-05
  4.7485e+01     1.019376e-05
  4.7528e+01     1.019376e-05
  4.7571e+01     1.019376e-05
  4.7614e+01     1.019377e-05
  4.7657e+01     1.019377e-05
  4.7700e+01     1.019377e-05
  4.7742e+01     1.019377e-05
  4.7785e+01     1.019377e-05
  4.7828e+01     1.019378e-05
  4.7871e+01     1.019378e-05
  4.7914e+01     1.019378e-05
  4.7957e+01     1.019378e-05
  4.8000e+01     1.019378e-05
  4.8042e+01     1.019379e-05
  4.8085e+01     1.019379e-05
  4.8128e+01     1.019379e-05
  4.8171e+01     1.019379e-05
  4.8214e+01     1.019379e-05
  4.8257e+01     1.019379e-05
  4.8300e+01     1.019380e-05
  4.8342e+01     1.019380e-05
  4.8385e+01     1.019380e-05
  4.8428e+01     1.019380e-05
  4.8471e+01     1.019380e-05
  4.8514e+01     1.019380e-05
  4.8557e+01     1.019381e-05
  4.8600e+01     1.019381e-05
  4.8642e+01     1.019381e-05
  4.8685e+01     1.019381e-05
  4.8728e+01     1.019381e-05
  4.8771e+01     1.019381e-05
  4.8814e+01     1.019382e-05
  4.8857e+01     1.019382e-05
  4.8900e+01     1.019382e-05
  4.8942e+01     1.019382e-05
  4.8985e+01     1.019382e-05
  4.9028e+01     1.019382e-05
  4.9071e+01     1.019383e-05
  4.9114e+01     1.019383e-05
  4.9157e+01     1.019383e-05
  4.9200e+01     1.019383e-05
  4.9242e+01     1.019383e-05
  4.9285e+01     1.019383e-05
  4.9328e+01     1.019384e-05
  4.9371e+01     1.019384e-05
  4.9414e+01     1.019384e-05
  4.9457e+01     1.019384e-05
  4.9500e+01     1.019384e-05
  4.9542e+01     1.019384e-05
  4.9585e+01     1.019384e-05
  4.9628e+01     1.019385e-05
  4.9671e+01     1.019385e-05
  4.9714e+01     1.019385e-05
  4.9757e+01     1.019385e-05
  4.9800e+01     1.019385e-05
  4.9842e+01     1.019385e-05
  4.9885e+01     1.019385e-05
  4.9928e+01     1.019386e-05
  4.9971e+01     1.019386e-05
  5.0014e+01     1.019386e-05
  5.0057e+01     1.019386e-05
  5.0100e+01     1.019386e-05
  5.0142e+01     1.019386e-05
  5.0185e+01     1.019386e-05
  5.0228e+01     1.019387e-05
  5.0271e+01     1.019387e-05
  5.0314e+01     1.019387e-05
  5.0357e+01     1.019387e-05
  5.0400e+01     1.019387e-05
  5.0442e+01     1.019387e-05
  5.0485e+01     1.019387e-05
  5.0528e+01     1.019387e-05
  5.0571e+01     1.019388e-05
  5.0614e+01     1.019388e-05
  5.0657e+01     1.019388e-05
  5.0700e+01     1.019388e-05
  5.0742e+01     1.019388e-05
  5.0785e+01     1.019388e-05
  5.0828e+01     1.019388e-05
  5.0871e+01     1.019389e-05
  5.0914e+01     1.019389e-05
  5.0957e+01     1.019389e-05
  5.1000e+01     1.019389e-05
  5.1042e+01     1.019389e-05
  5.1085e+01     1.019389e-05
  5.1128e+01     1.019389e-05
  5.1171e+01     1.019389e-05
  5.1214e+01     1.019389e-05
  5.1257e+01     1.019390e-05
  5.1300e+01     1.019390e-05
  5.1342e+01     1.019390e-05
  5.1385e+01     1.019390e-05
  5.1428e+01     1.019390e-05
  5.1471e+01     1.019390e-05
  5.1514e+01     1.019390e-05
  5.1557e+01     1.019390e-05
  5.1600e+01     1.019391e-05
  5.1642e+01     1.019391e-05
  5.1685e+01     1.019391e-05
  5.1728e+01     1.019391e-05
  5.1771e+01     1.019391e-05
  5.1814e+01     1.019391e-05
  5.1857e+01     1.019391e-05
  5.1900e+01     1.019391e-05
  5.1942e+01     1.019391e-05
  5.1985e+01     1.019391e-05
  5.2028e+01     1.019392e-05
  5.2071e+01     1.019392e-05
  5.2114e+01     1.019392e-05
  5.2157e+01     1.019392e-05
  5.2200e+01     1.019392e-05
  5.2242e+01     1.019392e-05
  5.2285e+01     1.019392e-05
  5.2328e+01     1.019392e-05
  5.2371e+01     1.019392e-05
  5.2414e+01     1.019393e-05
  5.2457e+01     1.019393e-05
  5.2500e+01     1.019393e-05
  5.2542e+01     1.019393e-05
  5.2585e+01     1.019393e-05
  5.2628e+01     1.019393e-05
  5.2671e+01     1.019393e-05
  5.2714e+01     1.019393e-05
  5.2757e+01     1.019393e-05
  5.2800e+01     1.019393e-05
  5.2842e+01     1.019394e-05
  5.2885e+01     1.019394e-05
  5.2928e+01     1.019394e-05
  5.2971e+01     1.019394e-05
  5.3014e+01     1.019394e-05
  5.3057e+01     1.019394e-05
  5.3100e+01     1.019394e-05
  5.3142e+01     1.019394e-05
  5.3185e+01     1.019394e-05
  5.3228e+01     1.019394e-05
  5.3271e+01     1.019394e-05
  5.3314e+01     1.019395e-05
  5.3357e+01     1.019395e-05
  5.3400e+01     1.019395e-05
  5.3442e+01     1.019395e-05
  5.3485e+01     1.019395e-05
  5.3528e+01     1.019395e-05
  5.3571e+01     1.019395e-05
  5.3614e+01     1.019395e-05
  5.3657e+01     1.019395e-05
  5.3700e+01     1.019395e-05
  5.3742e+01     1.019395e-05
  5.3785e+01     1.019395e-05
  5.3828e+01     1.019396e-05
  5.3871e+01     1.019396e-05
  5.3914e+01     1.019396e-05
  5.3957e+01     1.019396e-05
  5.4000e+01     1.019396e-05
  5.4042e+01     1.019396e-05
  5.4085e+01     1.019396e-05
  5.4128e+01     1.019396e-05
  5.4171e+01     1.019396e-05
  5.4214e+01     1.019396e-05
  5.4257e+01     1.019396e-05
  5.4300e+01     1.019396e-05
  5.4342e+01     1.019397e-05
  5.4385e+01     1.019397e-05
  5.4428e+01     1.019397e-05
  5.4471e+01     1.019397e-05
  5.4514e+01     1.019397e-05
  5.4557e+01     1.019397e-05
  5.4600e+01     1.019397e-05
  5.4642e+01     1.019397e-05
  5.4685e+01     1.019397e-05
  5.4728e+01     1.019397e-05
  5.4771e+01     1.019397e-05
  5.4814e+01     1.019397e-05
  5.4857e+01     1.019397e-05
  5.4900e+01     1.019398e-05
  5.4942e+01     1.019398e-05
  5.4985e+01     1.019398e-05
  5.5028e+01     1.019398e-05
  5.5071e+01     1.019398e-05
  5.5114e+01     1.019398e-05
  5.5157e+01     1.019398e-05
  5.5200e+01     1.019398e-05
  5.5242e+01     1.019398e-05
  5.5285e+01     1.019398e-05
  5.5328e+01     1.019398e-05
  5.5371e+01     1.019398e-05
  5.5414e+01     1.019398e-05
  5.5457e+01     1.019398e-05
  5.5500e+01     1.019398e-05
  5.5542e+01     1.019399e-05
  5.5585e+01     1.019399e-05
  5.5628e+01     1.019399e-05
  5.5671e+01     1.019399e-05
  5.5714e+01     1.019399e-05
  5.5757e+01     1.019399e-05
  5.5800e+01     1.019399e-05
  5.5842e+01     1.019399e-05
  5.5885e+01     1.019399e-05
  5.5928e+01     1.019399e-05
  5.5971e+01     1.019399e-05
  5.6014e+01     1.019399e-05
  5.6057e+01     1.019399e-05
  5.6100e+01     1.019399e-05
  5.6142e+01     1.019399e-05
  5.6185e+01     1.019400e-05
  5.6228e+01     1.019400e-05
  5.6271e+01     1.019400e-05
  5.6314e+01     1.019400e-05
  5.6357e+01     1.019400e-05
  5.6400e+01     1.019400e-05
  5.6442e+01     1.019400e-05
  5.6485e+01     1.019400e-05
  5.6528e+01     1.019400e-05
  5.6571e+01     1.019400e-05
  5.6614e+01     1.019400e-05
  5.6657e+01     1.019400e-05
  5.6700e+01     1.019400e-05
  5.6742e+01     1.019400e-05
  5.6785e+01     1.019400e-05
  5.6828e+01     1.019400e-05
  5.6871e+01     1.019400e-05
  5.6914e+01     1.019401e-05
  5.6957e+01     1.019401e-05
  5.7000e+01     1.019401e-05
  5.7042e+01     1.019401e-05
  5.7085e+01     1.019401e-05
  5.7128e+01     1.019401e-05
  5.7171e+01     1.019401e-05
  5.7214e+01     1.019401e-05
  5.7257e+01     1.019401e-05
  5.7300e+01     1.019401e-05
  5.7342e+01     1.019401e-05
  5.7385e+01     1.019401e-05
  5.7428e+01     1.019401e-05
  5.7471e+01     1.019401e-05
  5.7514e+01     1.019401e-05
  5.7557e+01     1.019401e-05
  5.7600e+01     1.019401e-05
  5.7642e+01     1.019401e-05
  5.7685e+01     1.019401e-05
  5.7728e+01     1.019402e-05
  5.7771e+01     1.019402e-05
  5.7814e+01     1.019402e-05
  5.7857e+01     1.019402e-05
  5.7900e+01     1.019402e-05
  5.7942e+01     1.019402e-05
  5.7985e+01     1.019402e-05
  5.8028e+01     1.019402e-05
  5.8071e+01     1.019402e-05
  5.8114e+01     1.019402e-05
  5.8157e+01     1.019402e-05
  5.8200e+01     1.019402e-05
  5.8242e+01     1.019402e-05
  5.8285e+01     1.019402e-05
  5.8328e+01     1.019402e-05
  5.8371e+01     1.019402e-05
  5.8414e+01     1.019402e-05
  5.8457e+01     1.019402e-05
  5.8500e+01     1.019402e-05
  5.8542e+01     1.019402e-05
  5.8585e+01     1.019402e-05
  5.8628e+01     1.019402e-05
  5.8671e+01     1.019403e-05
  5.8714e+01     1.019403e-05
  5.8757e+01     1.019403e-05
  5.8800e+01     1.019403e-05
  5.8842e+01     1.019403e-05
  5.8885e+01     1.019403e-05
  5.8928e+01     1.019403e-05
  5.8971e+01     1.019403e-05
  5.9014e+01     1.019403e-05
  5.9057e+01     1.019403e-05
  5.9100e+01     1.019403e-05
  5.9142e+01     1.019403e-05
  5.9185e+01     1.019403e-05
  5.9228e+01     1.019403e-05
  5.9271e+01     1.019403e-05
  5.9314e+01     1.019403e-05
  5.9357e+01     1.019403e-05
  5.9400e+01     1.019403e-05
  5.9442e+01     1.019403e-05
  5.9485e+01     1.019403e-05
  5.9528e+01     1.019403e-05
  5.9571e+01     1.019403e-05
  5.9614e+01     1.019403e-05
  5.9657e+01     1.019403e-05
  5.9700e+01     1.019404e-05
  5.9742e+01     1.019404e-05
  5.9785e+01     1.019404e-05
  5.9828e+01     1.019404e-05
  5.9871e+01     1.019404e-05
  5.9914e+01     1.019404e-05
  5.9957e+01     1.019404e-05
