# Epidemic | deceased persons [ x-unit: transmission cycles | y-unit: ]
  0.0000e+00     1.000000e-05
  4.2857e-02     1.000107e-05
  8.5714e-02     1.000214e-05
  1.2857e-01     1.000321e-05
  1.7143e-01     1.000429e-05
  2.1429e-01     1.000536e-05
  2.5714e-01     1.000643e-05
  3.0000e-01     1.000750e-05
  3.4286e-01     1.000859e-05
  3.8571e-01     1.000969e-05
  4.2857e-01     1.001081e-05
  4.7143e-01     1.001194e-05
  5.1429e-01     1.001308e-05
  5.5714e-01     1.001425e-05
  6.0000e-01     1.001543e-05
  6.4286e-01     1.001662e-05
  6.8571e-01     1.001783e-05
  7.2857e-01     1.001906e-05
  7.7143e-01     1.002031e-05
  8.1429e-01     1.002157e-05
  8.5714e-01     1.002285e-05
  9.0000e-01     1.002414e-05
  9.4286e-01     1.002546e-05
  9.8571e-01     1.002679e-05
  1.0285e+00     1.002814e-05
  1.0714e+00     1.002951e-05
  1.1142e+00     1.003090e-05
  1.1571e+00     1.003231e-05
  1.2000e+00     1.003374e-05
  1.2428e+00     1.003518e-05
  1.2857e+00     1.003665e-05
  1.3285e+00     1.003814e-05
  1.3714e+00     1.003964e-05
  1.4142e+00     1.004117e-05
  1.4571e+00     1.004272e-05
  1.5000e+00     1.004429e-05
  1.5428e+00     1.004588e-05
  1.5857e+00     1.004749e-05
  1.6285e+00     1.004913e-05
  1.6714e+00     1.005079e-05
  1.7142e+00     1.005247e-05
  1.7571e+00     1.005417e-05
  1.8000e+00     1.005590e-05
  1.8428e+00     1.005765e-05
  1.8857e+00     1.005943e-05
  1.9285e+00     1.006123e-05
  1.9714e+00     1.006305e-05
  2.0142e+00     1.006490e-05
  2.0571e+00     1.006678e-05
  2.1000e+00     1.006868e-05
  2.1428e+00     1.007060e-05
  2.1857e+00     1.007256e-05
  2.2285e+00     1.007454e-05
  2.2714e+00     1.007654e-05
  2.3142e+00     1.007858e-05
  2.3571e+00     1.008064e-05
  2.4000e+00     1.008273e-05
  2.4428e+00     1.008485e-05
  2.4857e+00     1.008700e-05
  2.5285e+00     1.008918e-05
  2.5714e+00     1.009139e-05
  2.6142e+00     1.009363e-05
  2.6571e+00     1.009590e-05
  2.7000e+00     1.009820e-05
  2.7428e+00     1.010053e-05
  2.7857e+00     1.010289e-05
  2.8285e+00     1.010529e-05
  2.8714e+00     1.010772e-05
  2.9142e+00     1.011018e-05
  2.9571e+00     1.011268e-05
  3.0000e+00     1.011521e-05
  3.0428e+00     1.011778e-05
  3.0857e+00     1.012038e-05
  3.1285e+00     1.012302e-05
  3.1714e+00     1.012569e-05
  3.2142e+00     1.012840e-05
  3.2571e+00     1.013115e-05
  3.3000e+00     1.013393e-05
  3.3428e+00     1.013675e-05
  3.3857e+00     1.013962e-05
  3.4285e+00     1.014252e-05
  3.4714e+00     1.014546e-05
  3.5142e+00     1.014844e-05
  3.5571e+00     1.015146e-05
  3.6000e+00     1.015453e-05
  3.6428e+00     1.015763e-05
  3.6857e+00     1.016078e-05
  3.7285e+00     1.016397e-05
  3.7714e+00     1.016721e-05
  3.8142e+00     1.017049e-05
  3.8571e+00     1.017382e-05
  3.9000e+00     1.017719e-05
  3.9428e+00     1.018060e-05
  3.9857e+00     1.018407e-05
  4.0285e+00     1.018758e-05
  4.0714e+00     1.019114e-05
  4.1142e+00     1.019475e-05
  4.1571e+00     1.019841e-05
  4.2000e+00     1.020212e-05
  4.2428e+00     1.020588e-05
  4.2857e+00     1.020969e-05
  4.3285e+00     1.021355e-05
  4.3714e+00     1.021747e-05
  4.4142e+00     1.022144e-05
  4.4571e+00     1.022547e-05
  4.5000e+00     1.022955e-05
  4.5428e+00     1.023368e-05
  4.5857e+00     1.023788e-05
  4.6285e+00     1.024213e-05
  4.6714e+00     1.024644e-05
  4.7142e+00     1.025081e-05
  4.7571e+00     1.025524e-05
  4.8000e+00     1.025973e-05
  4.8428e+00     1.026428e-05
  4.8857e+00     1.026889e-05
  4.9285e+00     1.027357e-05
  4.9714e+00     1.027831e-05
  5.0142e+00     1.028312e-05
  5.0571e+00     1.028799e-05
  5.1000e+00     1.029293e-05
  5.1428e+00     1.029794e-05
  5.1857e+00     1.030301e-05
  5.2285e+00     1.030816e-05
  5.2714e+00     1.031337e-05
  5.3142e+00     1.031866e-05
  5.3571e+00     1.032402e-05
  5.4000e+00     1.032946e-05
  5.4428e+00     1.033497e-05
  5.4857e+00     1.034055e-05
  5.5285e+00     1.034621e-05
  5.5714e+00     1.035195e-05
  5.6142e+00     1.035777e-05
  5.6571e+00     1.036367e-05
  5.7000e+00     1.036965e-05
  5.7428e+00     1.037571e-05
  5.7857e+00     1.038185e-05
  5.8285e+00     1.038808e-05
  5.8714e+00     1.039439e-05
  5.9142e+00     1.040079e-05
  5.9571e+00     1.040728e-05
  6.0000e+00     1.041386e-05
  6.0428e+00     1.042053e-05
  6.0857e+00     1.042729e-05
  6.1285e+00     1.043414e-05
  6.1714e+00     1.044109e-05
  6.2142e+00     1.044813e-05
  6.2571e+00     1.045527e-05
  6.3000e+00     1.046251e-05
  6.3428e+00     1.046984e-05
  6.3857e+00     1.047728e-05
  6.4285e+00     1.048482e-05
  6.4714e+00     1.049246e-05
  6.5142e+00     1.050021e-05
  6.5571e+00     1.050806e-05
  6.6000e+00     1.051602e-05
  6.6428e+00     1.052409e-05
  6.6857e+00     1.053227e-05
  6.7285e+00     1.054057e-05
  6.7714e+00     1.054898e-05
  6.8142e+00     1.055750e-05
  6.8571e+00     1.056614e-05
  6.9000e+00     1.057490e-05
  6.9428e+00     1.058378e-05
  6.9857e+00     1.059278e-05
  7.0285e+00     1.060190e-05
  7.0714e+00     1.061115e-05
  7.1142e+00     1.062053e-05
  7.1571e+00     1.063004e-05
  7.2000e+00     1.063967e-05
  7.2428e+00     1.064944e-05
  7.2857e+00     1.065934e-05
  7.3285e+00     1.066938e-05
  7.3714e+00     1.067956e-05
  7.4142e+00     1.068987e-05
  7.4571e+00     1.070033e-05
  7.5000e+00     1.071093e-05
  7.5428e+00     1.072168e-05
  7.5857e+00     1.073257e-05
  7.6285e+00     1.074362e-05
  7.6714e+00     1.075481e-05
  7.7142e+00     1.076616e-05
  7.7571e+00     1.077767e-05
  7.8000e+00     1.078933e-05
  7.8428e+00     1.080115e-05
  7.8857e+00     1.081314e-05
  7.9285e+00     1.082529e-05
  7.9714e+00     1.083760e-05
  8.0142e+00     1.085009e-05
  8.0571e+00     1.086274e-05
  8.1000e+00     1.087557e-05
  8.1428e+00     1.088858e-05
  8.1857e+00     1.090176e-05
  8.2285e+00     1.091513e-05
  8.2714e+00     1.092868e-05
  8.3142e+00     1.094241e-05
  8.3571e+00     1.095633e-05
  8.4000e+00     1.097045e-05
  8.4428e+00     1.098476e-05
  8.4857e+00     1.099926e-05
  8.5285e+00     1.101396e-05
  8.5714e+00     1.102887e-05
  8.6142e+00     1.104398e-05
  8.6571e+00     1.105930e-05
  8.7000e+00     1.107482e-05
  8.7428e+00     1.109056e-05
  8.7857e+00     1.110652e-05
  8.8285e+00     1.112269e-05
  8.8714e+00     1.113909e-05
  8.9142e+00     1.115571e-05
  8.9571e+00     1.117256e-05
  9.0000e+00     1.118964e-05
  9.0428e+00     1.120695e-05
  9.0857e+00     1.122451e-05
  9.1285e+00     1.124230e-05
  9.1714e+00     1.126033e-05
  9.2142e+00     1.127862e-05
  9.2571e+00     1.129715e-05
  9.3000e+00     1.131594e-05
  9.3428e+00     1.133499e-05
  9.3857e+00     1.135430e-05
  9.4285e+00     1.137387e-05
  9.4714e+00     1.139371e-05
  9.5142e+00     1.141382e-05
  9.5571e+00     1.143421e-05
  9.6000e+00     1.145488e-05
  9.6428e+00     1.147583e-05
  9.6857e+00     1.149707e-05
  9.7285e+00     1.151860e-05
  9.7714e+00     1.154043e-05
  9.8142e+00     1.156255e-05
  9.8571e+00     1.158498e-05
  9.9000e+00     1.160771e-05
  9.9428e+00     1.163076e-05
  9.9857e+00     1.165412e-05
  1.0028e+01     1.167781e-05
  1.0071e+01     1.170181e-05
  1.0114e+01     1.172615e-05
  1.0157e+01     1.175082e-05
  1.0200e+01     1.177583e-05
  1.0242e+01     1.180118e-05
  1.0285e+01     1.182687e-05
  1.0328e+01     1.185292e-05
  1.0371e+01     1.187933e-05
  1.0414e+01     1.190610e-05
  1.0457e+01     1.193324e-05
  1.0500e+01     1.196074e-05
  1.0542e+01     1.198863e-05
  1.0585e+01     1.201689e-05
  1.0628e+01     1.204554e-05
  1.0671e+01     1.207459e-05
  1.0714e+01     1.210403e-05
  1.0757e+01     1.213388e-05
  1.0800e+01     1.216414e-05
  1.0842e+01     1.219480e-05
  1.0885e+01     1.222589e-05
  1.0928e+01     1.225741e-05
  1.0971e+01     1.228936e-05
  1.1014e+01     1.232174e-05
  1.1057e+01     1.235457e-05
  1.1100e+01     1.238784e-05
  1.1142e+01     1.242158e-05
  1.1185e+01     1.245577e-05
  1.1228e+01     1.249043e-05
  1.1271e+01     1.252557e-05
  1.1314e+01     1.256119e-05
  1.1357e+01     1.259729e-05
  1.1400e+01     1.263389e-05
  1.1442e+01     1.267099e-05
  1.1485e+01     1.270860e-05
  1.1528e+01     1.274672e-05
  1.1571e+01     1.278536e-05
  1.1614e+01     1.282454e-05
  1.1657e+01     1.286424e-05
  1.1700e+01     1.290450e-05
  1.1742e+01     1.294530e-05
  1.1785e+01     1.298666e-05
  1.1828e+01     1.302858e-05
  1.1871e+01     1.307108e-05
  1.1914e+01     1.311416e-05
  1.1957e+01     1.315783e-05
  1.2000e+01     1.320210e-05
  1.2042e+01     1.324697e-05
  1.2085e+01     1.329245e-05
  1.2128e+01     1.333856e-05
  1.2171e+01     1.338530e-05
  1.2214e+01     1.343267e-05
  1.2257e+01     1.348069e-05
  1.2300e+01     1.352937e-05
  1.2342e+01     1.357872e-05
  1.2385e+01     1.362874e-05
  1.2428e+01     1.367944e-05
  1.2471e+01     1.373083e-05
  1.2514e+01     1.378293e-05
  1.2557e+01     1.383574e-05
  1.2600e+01     1.388927e-05
  1.2642e+01     1.394353e-05
  1.2685e+01     1.399853e-05
  1.2728e+01     1.405428e-05
  1.2771e+01     1.411080e-05
  1.2814e+01     1.416808e-05
  1.2857e+01     1.422615e-05
  1.2900e+01     1.428501e-05
  1.2942e+01     1.434467e-05
  1.2985e+01     1.440515e-05
  1.3028e+01     1.446645e-05
  1.3071e+01     1.452859e-05
  1.3114e+01     1.459158e-05
  1.3157e+01     1.465542e-05
  1.3200e+01     1.472014e-05
  1.3242e+01     1.478574e-05
  1.3285e+01     1.485223e-05
  1.3328e+01     1.491963e-05
  1.3371e+01     1.498795e-05
  1.3414e+01     1.505720e-05
  1.3457e+01     1.512740e-05
  1.3500e+01     1.519855e-05
  1.3542e+01     1.527067e-05
  1.3585e+01     1.534377e-05
  1.3628e+01     1.541787e-05
  1.3671e+01     1.549298e-05
  1.3714e+01     1.556912e-05
  1.3757e+01     1.564629e-05
  1.3800e+01     1.572451e-05
  1.3842e+01     1.580379e-05
  1.3885e+01     1.588416e-05
  1.3928e+01     1.596562e-05
  1.3971e+01     1.604818e-05
  1.4014e+01     1.613187e-05
  1.4057e+01     1.621671e-05
  1.4100e+01     1.630269e-05
  1.4142e+01     1.638984e-05
  1.4185e+01     1.647818e-05
  1.4228e+01     1.656772e-05
  1.4271e+01     1.665848e-05
  1.4314e+01     1.675048e-05
  1.4357e+01     1.684372e-05
  1.4400e+01     1.693823e-05
  1.4442e+01     1.703403e-05
  1.4485e+01     1.713112e-05
  1.4528e+01     1.722954e-05
  1.4571e+01     1.732929e-05
  1.4614e+01     1.743040e-05
  1.4657e+01     1.753288e-05
  1.4700e+01     1.763675e-05
  1.4742e+01     1.774203e-05
  1.4785e+01     1.784875e-05
  1.4828e+01     1.795690e-05
  1.4871e+01     1.806653e-05
  1.4914e+01     1.817765e-05
  1.4957e+01     1.829027e-05
  1.5000e+01     1.840441e-05
  1.5042e+01     1.852011e-05
  1.5085e+01     1.863737e-05
  1.5128e+01     1.875623e-05
  1.5171e+01     1.887669e-05
  1.5214e+01     1.899879e-05
  1.5257e+01     1.912254e-05
  1.5300e+01     1.924796e-05
  1.5342e+01     1.937509e-05
  1.5385e+01     1.950393e-05
  1.5428e+01     1.963452e-05
  1.5471e+01     1.976688e-05
  1.5514e+01     1.990102e-05
  1.5557e+01     2.003698e-05
  1.5600e+01     2.017478e-05
  1.5642e+01     2.031444e-05
  1.5685e+01     2.045599e-05
  1.5728e+01     2.059946e-05
  1.5771e+01     2.074486e-05
  1.5814e+01     2.089222e-05
  1.5857e+01     2.104158e-05
  1.5900e+01     2.119295e-05
  1.5942e+01     2.134636e-05
  1.5985e+01     2.150185e-05
  1.6028e+01     2.165943e-05
  1.6071e+01     2.181914e-05
  1.6114e+01     2.198100e-05
  1.6157e+01     2.214504e-05
  1.6200e+01     2.231129e-05
  1.6242e+01     2.247979e-05
  1.6285e+01     2.265055e-05
  1.6328e+01     2.282361e-05
  1.6371e+01     2.299900e-05
  1.6414e+01     2.317676e-05
  1.6457e+01     2.335690e-05
  1.6500e+01     2.353947e-05
  1.6542e+01     2.372449e-05
  1.6585e+01     2.391200e-05
  1.6628e+01     2.410203e-05
  1.6671e+01     2.429461e-05
  1.6714e+01     2.448977e-05
  1.6757e+01     2.468756e-05
  1.6800e+01     2.488800e-05
  1.6842e+01     2.509114e-05
  1.6885e+01     2.529699e-05
  1.6928e+01     2.550561e-05
  1.6971e+01     2.571702e-05
  1.7014e+01     2.593126e-05
  1.7057e+01     2.614838e-05
  1.7100e+01     2.636840e-05
  1.7142e+01     2.659136e-05
  1.7185e+01     2.681731e-05
  1.7228e+01     2.704628e-05
  1.7271e+01     2.727832e-05
  1.7314e+01     2.751345e-05
  1.7357e+01     2.775172e-05
  1.7400e+01     2.799318e-05
  1.7442e+01     2.823786e-05
  1.7485e+01     2.848580e-05
  1.7528e+01     2.873705e-05
  1.7571e+01     2.899165e-05
  1.7614e+01     2.924965e-05
  1.7657e+01     2.951108e-05
  1.7700e+01     2.977599e-05
  1.7742e+01     3.004443e-05
  1.7785e+01     3.031644e-05
  1.7828e+01     3.059206e-05
  1.7871e+01     3.087135e-05
  1.7914e+01     3.115435e-05
  1.7957e+01     3.144111e-05
  1.8000e+01     3.173167e-05
  1.8042e+01     3.202609e-05
  1.8085e+01     3.232441e-05
  1.8128e+01     3.262669e-05
  1.8171e+01     3.293297e-05
  1.8214e+01     3.324330e-05
  1.8257e+01     3.355775e-05
  1.8300e+01     3.387635e-05
  1.8342e+01     3.419916e-05
  1.8385e+01     3.452624e-05
  1.8428e+01     3.485764e-05
  1.8471e+01     3.519341e-05
  1.8514e+01     3.553361e-05
  1.8557e+01     3.587829e-05
  1.8600e+01     3.622752e-05
  1.8642e+01     3.658134e-05
  1.8685e+01     3.693983e-05
  1.8728e+01     3.730302e-05
  1.8771e+01     3.767099e-05
  1.8814e+01     3.804379e-05
  1.8857e+01     3.842149e-05
  1.8900e+01     3.880415e-05
  1.8942e+01     3.919182e-05
  1.8985e+01     3.958456e-05
  1.9028e+01     3.998246e-05
  1.9071e+01     4.038555e-05
  1.9114e+01     4.079392e-05
  1.9157e+01     4.120763e-05
  1.9200e+01     4.162674e-05
  1.9242e+01     4.205131e-05
  1.9285e+01     4.248143e-05
  1.9328e+01     4.291714e-05
  1.9371e+01     4.335854e-05
  1.9414e+01     4.380567e-05
  1.9457e+01     4.425862e-05
  1.9500e+01     4.471745e-05
  1.9542e+01     4.518223e-05
  1.9585e+01     4.565305e-05
  1.9628e+01     4.612996e-05
  1.9671e+01     4.661306e-05
  1.9714e+01     4.710240e-05
  1.9757e+01     4.759807e-05
  1.9800e+01     4.810014e-05
  1.9842e+01     4.860869e-05
  1.9885e+01     4.912380e-05
  1.9928e+01     4.964554e-05
  1.9971e+01     5.017400e-05
  2.0014e+01     5.070926e-05
  2.0057e+01     5.125140e-05
  2.0100e+01     5.180049e-05
  2.0142e+01     5.235662e-05
  2.0185e+01     5.291988e-05
  2.0228e+01     5.349035e-05
  2.0271e+01     5.406811e-05
  2.0314e+01     5.465325e-05
  2.0357e+01     5.524586e-05
  2.0400e+01     5.584603e-05
  2.0442e+01     5.645383e-05
  2.0485e+01     5.706937e-05
  2.0528e+01     5.769273e-05
  2.0571e+01     5.832400e-05
  2.0614e+01     5.896328e-05
  2.0657e+01     5.961065e-05
  2.0700e+01     6.026621e-05
  2.0742e+01     6.093005e-05
  2.0785e+01     6.160228e-05
  2.0828e+01     6.228298e-05
  2.0871e+01     6.297224e-05
  2.0914e+01     6.367018e-05
  2.0957e+01     6.437688e-05
  2.1000e+01     6.509245e-05
  2.1042e+01     6.581698e-05
  2.1085e+01     6.655058e-05
  2.1128e+01     6.729334e-05
  2.1171e+01     6.804537e-05
  2.1214e+01     6.880678e-05
  2.1257e+01     6.957766e-05
  2.1300e+01     7.035812e-05
  2.1342e+01     7.114827e-05
  2.1385e+01     7.194821e-05
  2.1428e+01     7.275805e-05
  2.1471e+01     7.357789e-05
  2.1514e+01     7.440786e-05
  2.1557e+01     7.524804e-05
  2.1600e+01     7.609857e-05
  2.1642e+01     7.695953e-05
  2.1685e+01     7.783106e-05
  2.1728e+01     7.871326e-05
  2.1771e+01     7.960624e-05
  2.1814e+01     8.051011e-05
  2.1857e+01     8.142500e-05
  2.1900e+01     8.235102e-05
  2.1942e+01     8.328828e-05
  2.1985e+01     8.423690e-05
  2.2028e+01     8.519699e-05
  2.2071e+01     8.616869e-05
  2.2114e+01     8.715209e-05
  2.2157e+01     8.814733e-05
  2.2200e+01     8.915453e-05
  2.2242e+01     9.017380e-05
  2.2285e+01     9.120526e-05
  2.2328e+01     9.224904e-05
  2.2371e+01     9.330526e-05
  2.2414e+01     9.437405e-05
  2.2457e+01     9.545552e-05
  2.2500e+01     9.654980e-05
  2.2542e+01     9.765702e-05
  2.2585e+01     9.877730e-05
  2.2628e+01     9.991076e-05
  2.2671e+01     1.010575e-04
  2.2714e+01     1.022178e-04
  2.2757e+01     1.033915e-04
  2.2800e+01     1.045790e-04
  2.2842e+01     1.057803e-04
  2.2885e+01     1.069955e-04
  2.2928e+01     1.082249e-04
  2.2971e+01     1.094684e-04
  2.3014e+01     1.107262e-04
  2.3057e+01     1.119986e-04
  2.3100e+01     1.132855e-04
  2.3142e+01     1.145871e-04
  2.3185e+01     1.159036e-04
  2.3228e+01     1.172351e-04
  2.3271e+01     1.185817e-04
  2.3314e+01     1.199435e-04
  2.3357e+01     1.213207e-04
  2.3400e+01     1.227134e-04
  2.3442e+01     1.241217e-04
  2.3485e+01     1.255458e-04
  2.3528e+01     1.269858e-04
  2.3571e+01     1.284418e-04
  2.3614e+01     1.299139e-04
  2.3657e+01     1.314024e-04
  2.3700e+01     1.329072e-04
  2.3742e+01     1.344286e-04
  2.3785e+01     1.359666e-04
  2.3828e+01     1.375215e-04
  2.3871e+01     1.390932e-04
  2.3914e+01     1.406820e-04
  2.3957e+01     1.422880e-04
  2.4000e+01     1.439113e-04
  2.4042e+01     1.455520e-04
  2.4085e+01     1.472103e-04
  2.4128e+01     1.488862e-04
  2.4171e+01     1.505799e-04
  2.4214e+01     1.522916e-04
  2.4257e+01     1.540213e-04
  2.4300e+01     1.557691e-04
  2.4342e+01     1.575352e-04
  2.4385e+01     1.593197e-04
  2.4428e+01     1.611228e-04
  2.4471e+01     1.629445e-04
  2.4514e+01     1.647849e-04
  2.4557e+01     1.666441e-04
  2.4600e+01     1.685224e-04
  2.4642e+01     1.704197e-04
  2.4685e+01     1.723362e-04
  2.4728e+01     1.742721e-04
  2.4771e+01     1.762273e-04
  2.4814e+01     1.782020e-04
  2.4857e+01     1.801964e-04
  2.4900e+01     1.822104e-04
  2.4942e+01     1.842443e-04
  2.4985e+01     1.862981e-04
  2.5028e+01     1.883719e-04
  2.5071e+01     1.904657e-04
  2.5114e+01     1.925798e-04
  2.5157e+01     1.947142e-04
  2.5200e+01     1.968689e-04
  2.5242e+01     1.990440e-04
  2.5285e+01     2.012397e-04
  2.5328e+01     2.034559e-04
  2.5371e+01     2.056929e-04
  2.5414e+01     2.079506e-04
  2.5457e+01     2.102291e-04
  2.5500e+01     2.125286e-04
  2.5542e+01     2.148489e-04
  2.5585e+01     2.171903e-04
  2.5628e+01     2.195528e-04
  2.5671e+01     2.219364e-04
  2.5714e+01     2.243412e-04
  2.5757e+01     2.267672e-04
  2.5800e+01     2.292145e-04
  2.5842e+01     2.316831e-04
  2.5885e+01     2.341730e-04
  2.5928e+01     2.366843e-04
  2.5971e+01     2.392171e-04
  2.6014e+01     2.417713e-04
  2.6057e+01     2.443469e-04
  2.6100e+01     2.469441e-04
  2.6142e+01     2.495627e-04
  2.6185e+01     2.522029e-04
  2.6228e+01     2.548645e-04
  2.6271e+01     2.575477e-04
  2.6314e+01     2.602524e-04
  2.6357e+01     2.629786e-04
  2.6400e+01     2.657262e-04
  2.6442e+01     2.684954e-04
  2.6485e+01     2.712860e-04
  2.6528e+01     2.740980e-04
  2.6571e+01     2.769314e-04
  2.6614e+01     2.797862e-04
  2.6657e+01     2.826623e-04
  2.6700e+01     2.855596e-04
  2.6742e+01     2.884781e-04
  2.6785e+01     2.914178e-04
  2.6828e+01     2.943786e-04
  2.6871e+01     2.973604e-04
  2.6914e+01     3.003632e-04
  2.6957e+01     3.033868e-04
  2.7000e+01     3.064312e-04
  2.7042e+01     3.094963e-04
  2.7085e+01     3.125820e-04
  2.7128e+01     3.156881e-04
  2.7171e+01     3.188147e-04
  2.7214e+01     3.219615e-04
  2.7257e+01     3.251284e-04
  2.7300e+01     3.283154e-04
  2.7342e+01     3.315222e-04
  2.7385e+01     3.347488e-04
  2.7428e+01     3.379949e-04
  2.7471e+01     3.412605e-04
  2.7514e+01     3.445454e-04
  2.7557e+01     3.478494e-04
  2.7600e+01     3.511723e-04
  2.7642e+01     3.545140e-04
  2.7685e+01     3.578743e-04
  2.7728e+01     3.612530e-04
  2.7771e+01     3.646499e-04
  2.7814e+01     3.680648e-04
  2.7857e+01     3.714974e-04
  2.7900e+01     3.749476e-04
  2.7942e+01     3.784151e-04
  2.7985e+01     3.818998e-04
  2.8028e+01     3.854013e-04
  2.8071e+01     3.889195e-04
  2.8114e+01     3.924540e-04
  2.8157e+01     3.960047e-04
  2.8200e+01     3.995712e-04
  2.8242e+01     4.031533e-04
  2.8285e+01     4.067507e-04
  2.8328e+01     4.103632e-04
  2.8371e+01     4.139904e-04
  2.8414e+01     4.176321e-04
  2.8457e+01     4.212879e-04
  2.8500e+01     4.249576e-04
  2.8542e+01     4.286408e-04
  2.8585e+01     4.323372e-04
  2.8628e+01     4.360466e-04
  2.8671e+01     4.397684e-04
  2.8714e+01     4.435025e-04
  2.8757e+01     4.472485e-04
  2.8800e+01     4.510060e-04
  2.8842e+01     4.547747e-04
  2.8885e+01     4.585543e-04
  2.8928e+01     4.623443e-04
  2.8971e+01     4.661443e-04
  2.9014e+01     4.699541e-04
  2.9057e+01     4.737732e-04
  2.9100e+01     4.776013e-04
  2.9142e+01     4.814380e-04
  2.9185e+01     4.852828e-04
  2.9228e+01     4.891353e-04
  2.9271e+01     4.929953e-04
  2.9314e+01     4.968622e-04
  2.9357e+01     5.007356e-04
  2.9400e+01     5.046152e-04
  2.9442e+01     5.085005e-04
  2.9485e+01     5.123911e-04
  2.9528e+01     5.162865e-04
  2.9571e+01     5.201864e-04
  2.9614e+01     5.240903e-04
  2.9657e+01     5.279978e-04
  2.9700e+01     5.319084e-04
  2.9742e+01     5.358216e-04
  2.9785e+01     5.397372e-04
  2.9828e+01     5.436545e-04
  2.9871e+01     5.475732e-04
  2.9914e+01     5.514928e-04
  2.9957e+01     5.554128e-04
  3.0000e+01     5.593328e-04
  3.0042e+01     5.632524e-04
  3.0085e+01     5.671711e-04
  3.0128e+01     5.710884e-04
  3.0171e+01     5.750040e-04
  3.0214e+01     5.789172e-04
  3.0257e+01     5.828277e-04
  3.0300e+01     5.867350e-04
  3.0342e+01     5.906387e-04
  3.0385e+01     5.945383e-04
  3.0428e+01     5.984333e-04
  3.0471e+01     6.023234e-04
  3.0514e+01     6.062079e-04
  3.0557e+01     6.100866e-04
  3.0600e+01     6.139589e-04
  3.0642e+01     6.178244e-04
  3.0685e+01     6.216826e-04
  3.0728e+01     6.255332e-04
  3.0771e+01     6.293755e-04
  3.0814e+01     6.332094e-04
  3.0857e+01     6.370341e-04
  3.0900e+01     6.408495e-04
  3.0942e+01     6.446549e-04
  3.0985e+01     6.484501e-04
  3.1028e+01     6.522345e-04
  3.1071e+01     6.560078e-04
  3.1114e+01     6.597695e-04
  3.1157e+01     6.635192e-04
  3.1200e+01     6.672565e-04
  3.1242e+01     6.709810e-04
  3.1285e+01     6.746924e-04
  3.1328e+01     6.783901e-04
  3.1371e+01     6.820739e-04
  3.1414e+01     6.857434e-04
  3.1457e+01     6.893981e-04
  3.1500e+01     6.930377e-04
  3.1542e+01     6.966618e-04
  3.1585e+01     7.002701e-04
  3.1628e+01     7.038622e-04
  3.1671e+01     7.074378e-04
  3.1714e+01     7.109966e-04
  3.1757e+01     7.145381e-04
  3.1800e+01     7.180620e-04
  3.1842e+01     7.215682e-04
  3.1885e+01     7.250561e-04
  3.1928e+01     7.285255e-04
  3.1971e+01     7.319762e-04
  3.2014e+01     7.354078e-04
  3.2057e+01     7.388200e-04
  3.2100e+01     7.422125e-04
  3.2142e+01     7.455852e-04
  3.2185e+01     7.489376e-04
  3.2228e+01     7.522696e-04
  3.2271e+01     7.555809e-04
  3.2314e+01     7.588713e-04
  3.2357e+01     7.621405e-04
  3.2400e+01     7.653882e-04
  3.2442e+01     7.686144e-04
  3.2485e+01     7.718187e-04
  3.2528e+01     7.750010e-04
  3.2571e+01     7.781610e-04
  3.2614e+01     7.812986e-04
  3.2657e+01     7.844136e-04
  3.2700e+01     7.875058e-04
  3.2742e+01     7.905751e-04
  3.2785e+01     7.936212e-04
  3.2828e+01     7.966441e-04
  3.2871e+01     7.996436e-04
  3.2914e+01     8.026196e-04
  3.2957e+01     8.055719e-04
  3.3000e+01     8.085004e-04
  3.3042e+01     8.114051e-04
  3.3085e+01     8.142857e-04
  3.3128e+01     8.171422e-04
  3.3171e+01     8.199746e-04
  3.3214e+01     8.227827e-04
  3.3257e+01     8.255665e-04
  3.3300e+01     8.283258e-04
  3.3342e+01     8.310607e-04
  3.3385e+01     8.337711e-04
  3.3428e+01     8.364570e-04
  3.3471e+01     8.391182e-04
  3.3514e+01     8.417548e-04
  3.3557e+01     8.443667e-04
  3.3600e+01     8.469540e-04
  3.3642e+01     8.495166e-04
  3.3685e+01     8.520545e-04
  3.3728e+01     8.545678e-04
  3.3771e+01     8.570563e-04
  3.3814e+01     8.595202e-04
  3.3857e+01     8.619594e-04
  3.3900e+01     8.643741e-04
  3.3942e+01     8.667641e-04
  3.3985e+01     8.691296e-04
  3.4028e+01     8.714706e-04
  3.4071e+01     8.737872e-04
  3.4114e+01     8.760793e-04
  3.4157e+01     8.783472e-04
  3.4200e+01     8.805907e-04
  3.4242e+01     8.828101e-04
  3.4285e+01     8.850053e-04
  3.4328e+01     8.871766e-04
  3.4371e+01     8.893238e-04
  3.4414e+01     8.914472e-04
  3.4457e+01     8.935468e-04
  3.4500e+01     8.956228e-04
  3.4542e+01     8.976751e-04
  3.4585e+01     8.997041e-04
  3.4628e+01     9.017096e-04
  3.4671e+01     9.036920e-04
  3.4714e+01     9.056512e-04
  3.4757e+01     9.075874e-04
  3.4800e+01     9.095008e-04
  3.4842e+01     9.113914e-04
  3.4885e+01     9.132594e-04
  3.4928e+01     9.151050e-04
  3.4971e+01     9.169282e-04
  3.5014e+01     9.187292e-04
  3.5057e+01     9.205082e-04
  3.5100e+01     9.222653e-04
  3.5142e+01     9.240006e-04
  3.5185e+01     9.257143e-04
  3.5228e+01     9.274066e-04
  3.5271e+01     9.290777e-04
  3.5314e+01     9.307275e-04
  3.5357e+01     9.323565e-04
  3.5400e+01     9.339646e-04
  3.5442e+01     9.355520e-04
  3.5485e+01     9.371190e-04
  3.5528e+01     9.386657e-04
  3.5571e+01     9.401923e-04
  3.5614e+01     9.416989e-04
  3.5657e+01     9.431857e-04
  3.5700e+01     9.446528e-04
  3.5742e+01     9.461005e-04
  3.5785e+01     9.475290e-04
  3.5828e+01     9.489383e-04
  3.5871e+01     9.503287e-04
  3.5914e+01     9.517004e-04
  3.5957e+01     9.530535e-04
  3.6000e+01     9.543882e-04
  3.6042e+01     9.557047e-04
  3.6085e+01     9.570031e-04
  3.6128e+01     9.582837e-04
  3.6171e+01     9.595466e-04
  3.6214e+01     9.607921e-04
  3.6257e+01     9.620202e-04
  3.6300e+01     9.632312e-04
  3.6342e+01     9.644252e-04
  3.6385e+01     9.656025e-04
  3.6428e+01     9.667631e-04
  3.6471e+01     9.679073e-04
  3.6514e+01     9.690354e-04
  3.6557e+01     9.701473e-04
  3.6600e+01     9.712434e-04
  3.6642e+01     9.723237e-04
  3.6685e+01     9.733886e-04
  3.6728e+01     9.744380e-04
  3.6771e+01     9.754724e-04
  3.6814e+01     9.764917e-04
  3.6857e+01     9.774962e-04
  3.6900e+01     9.784860e-04
  3.6942e+01     9.794614e-04
  3.6985e+01     9.804225e-04
  3.7028e+01     9.813695e-04
  3.7071e+01     9.823025e-04
  3.7114e+01     9.832217e-04
  3.7157e+01     9.841273e-04
  3.7200e+01     9.850194e-04
  3.7242e+01     9.858983e-04
  3.7285e+01     9.867640e-04
  3.7328e+01     9.876168e-04
  3.7371e+01     9.884568e-04
  3.7414e+01     9.892841e-04
  3.7457e+01     9.900990e-04
  3.7500e+01     9.909016e-04
  3.7542e+01     9.916921e-04
  3.7585e+01     9.924706e-04
  3.7628e+01     9.932372e-04
  3.7671e+01     9.939922e-04
  3.7714e+01     9.947356e-04
  3.7757e+01     9.954677e-04
  3.7800e+01     9.961885e-04
  3.7842e+01     9.968983e-04
  3.7885e+01     9.975972e-04
  3.7928e+01     9.982853e-04
  3.7971e+01     9.989628e-04
  3.8014e+01     9.996298e-04
  3.8057e+01     1.000286e-03
  3.8100e+01     1.000933e-03
  3.8142e+01     1.001569e-03
  3.8185e+01     1.002196e-03
  3.8228e+01     1.002813e-03
  3.8271e+01     1.003420e-03
  3.8314e+01     1.004017e-03
  3.8357e+01     1.004605e-03
  3.8400e+01     1.005184e-03
  3.8442e+01     1.005754e-03
  3.8485e+01     1.006315e-03
  3.8528e+01     1.006867e-03
  3.8571e+01     1.007411e-03
  3.8614e+01     1.007945e-03
  3.8657e+01     1.008472e-03
  3.8700e+01     1.008989e-03
  3.8742e+01     1.009499e-03
  3.8785e+01     1.010001e-03
  3.8828e+01     1.010494e-03
  3.8871e+01     1.010980e-03
  3.8914e+01     1.011458e-03
  3.8957e+01     1.011928e-03
  3.9000e+01     1.012391e-03
  3.9042e+01     1.012846e-03
  3.9085e+01     1.013294e-03
  3.9128e+01     1.013735e-03
  3.9171e+01     1.014169e-03
  3.9214e+01     1.014596e-03
  3.9257e+01     1.015016e-03
  3.9300e+01     1.015429e-03
  3.9342e+01     1.015835e-03
  3.9385e+01     1.016235e-03
  3.9428e+01     1.016628e-03
  3.9471e+01     1.017015e-03
  3.9514e+01     1.017396e-03
  3.9557e+01     1.017771e-03
  3.9600e+01     1.018139e-03
  3.9642e+01     1.018502e-03
  3.9685e+01     1.018858e-03
  3.9728e+01     1.019209e-03
  3.9771e+01     1.019554e-03
  3.9814e+01     1.019893e-03
  3.9857e+01     1.020227e-03
  3.9900e+01     1.020555e-03
  3.9942e+01     1.020878e-03
  3.9985e+01     1.021196e-03
  4.0028e+01     1.021509e-03
  4.0071e+01     1.021816e-03
  4.0114e+01     1.022118e-03
  4.0157e+01     1.022416e-03
  4.0200e+01     1.022708e-03
  4.0242e+01     1.022996e-03
  4.0285e+01     1.023278e-03
  4.0328e+01     1.023557e-03
  4.0371e+01     1.023830e-03
  4.0414e+01     1.024099e-03
  4.0457e+01     1.024364e-03
  4.0500e+01     1.024624e-03
  4.0542e+01     1.024880e-03
  4.0585e+01     1.025132e-03
  4.0628e+01     1.025380e-03
  4.0671e+01     1.025623e-03
  4.0714e+01     1.025862e-03
  4.0757e+01     1.026098e-03
  4.0800e+01     1.026329e-03
  4.0842e+01     1.026557e-03
  4.0885e+01     1.026781e-03
  4.0928e+01     1.027001e-03
  4.0971e+01     1.027218e-03
  4.1014e+01     1.027430e-03
  4.1057e+01     1.027640e-03
  4.1100e+01     1.027846e-03
  4.1142e+01     1.028048e-03
  4.1185e+01     1.028247e-03
  4.1228e+01     1.028443e-03
  4.1271e+01     1.028635e-03
  4.1314e+01     1.028824e-03
  4.1357e+01     1.029010e-03
  4.1400e+01     1.029193e-03
  4.1442e+01     1.029373e-03
  4.1485e+01     1.029550e-03
  4.1528e+01     1.029724e-03
  4.1571e+01     1.029895e-03
  4.1614e+01     1.030063e-03
  4.1657e+01     1.030228e-03
  4.1700e+01     1.030391e-03
  4.1742e+01     1.030551e-03
  4.1785e+01     1.030708e-03
  4.1828e+01     1.030862e-03
  4.1871e+01     1.031014e-03
  4.1914e+01     1.031163e-03
  4.1957e+01     1.031310e-03
  4.2000e+01     1.031454e-03
  4.2042e+01     1.031596e-03
  4.2085e+01     1.031736e-03
  4.2128e+01     1.031873e-03
  4.2171e+01     1.032008e-03
  4.2214e+01     1.032140e-03
  4.2257e+01     1.032271e-03
  4.2300e+01     1.032399e-03
  4.2342e+01     1.032525e-03
  4.2385e+01     1.032648e-03
  4.2428e+01     1.032770e-03
  4.2471e+01     1.032890e-03
  4.2514e+01     1.033008e-03
  4.2557e+01     1.033123e-03
  4.2600e+01     1.033237e-03
  4.2642e+01     1.033349e-03
  4.2685e+01     1.033459e-03
  4.2728e+01     1.033567e-03
  4.2771e+01     1.033673e-03
  4.2814e+01     1.033777e-03
  4.2857e+01     1.033880e-03
  4.2900e+01     1.033981e-03
  4.2942e+01     1.034080e-03
  4.2985e+01     1.034177e-03
  4.3028e+01     1.034273e-03
  4.3071e+01     1.034367e-03
  4.3114e+01     1.034460e-03
  4.3157e+01     1.034551e-03
  4.3200e+01     1.034641e-03
  4.3242e+01     1.034729e-03
  4.3285e+01     1.034815e-03
  4.3328e+01     1.034900e-03
  4.3371e+01     1.034984e-03
  4.3414e+01     1.035066e-03
  4.3457e+01     1.035147e-03
  4.3500e+01     1.035226e-03
  4.3542e+01     1.035304e-03
  4.3585e+01     1.035381e-03
  4.3628e+01     1.035456e-03
  4.3671e+01     1.035530e-03
  4.3714e+01     1.035603e-03
  4.3757e+01     1.035675e-03
  4.3800e+01     1.035745e-03
  4.3842e+01     1.035814e-03
  4.3885e+01     1.035882e-03
  4.3928e+01     1.035949e-03
  4.3971e+01     1.036015e-03
  4.4014e+01     1.036079e-03
  4.4057e+01     1.036143e-03
  4.4100e+01     1.036205e-03
  4.4142e+01     1.036267e-03
  4.4185e+01     1.036327e-03
  4.4228e+01     1.036386e-03
  4.4271e+01     1.036445e-03
  4.4314e+01     1.036502e-03
  4.4357e+01     1.036558e-03
  4.4400e+01     1.036614e-03
  4.4442e+01     1.036668e-03
  4.4485e+01     1.036721e-03
  4.4528e+01     1.036774e-03
  4.4571e+01     1.036826e-03
  4.4614e+01     1.036876e-03
  4.4657e+01     1.036926e-03
  4.4700e+01     1.036975e-03
  4.4742e+01     1.037024e-03
  4.4785e+01     1.037071e-03
  4.4828e+01     1.037117e-03
  4.4871e+01     1.037163e-03
  4.4914e+01     1.037208e-03
  4.4957e+01     1.037252e-03
  4.5000e+01     1.037296e-03
  4.5042e+01     1.037339e-03
  4.5085e+01     1.037381e-03
  4.5128e+01     1.037422e-03
  4.5171e+01     1.037463e-03
  4.5214e+01     1.037502e-03
  4.5257e+01     1.037542e-03
  4.5300e+01     1.037580e-03
  4.5342e+01     1.037618e-03
  4.5385e+01     1.037655e-03
  4.5428e+01     1.037692e-03
  4.5471e+01     1.037728e-03
  4.5514e+01     1.037763e-03
  4.5557e+01     1.037798e-03
  4.5600e+01     1.037832e-03
  4.5642e+01     1.037866e-03
  4.5685e+01     1.037899e-03
  4.5728e+01     1.037931e-03
  4.5771e+01     1.037963e-03
  4.5814e+01     1.037994e-03
  4.5857e+01     1.038025e-03
  4.5900e+01     1.038055e-03
  4.5942e+01     1.038085e-03
  4.5985e+01     1.038114e-03
  4.6028e+01     1.038143e-03
  4.6071e+01     1.038171e-03
  4.6114e+01     1.038199e-03
  4.6157e+01     1.038226e-03
  4.6200e+01     1.038253e-03
  4.6242e+01     1.038279e-03
  4.6285e+01     1.038305e-03
  4.6328e+01     1.038331e-03
  4.6371e+01     1.038356e-03
  4.6414e+01     1.038380e-03
  4.6457e+01     1.038404e-03
  4.6500e+01     1.038428e-03
  4.6542e+01     1.038452e-03
  4.6585e+01     1.038474e-03
  4.6628e+01     1.038497e-03
  4.6671e+01     1.038519e-03
  4.6714e+01     1.038541e-03
  4.6757e+01     1.038562e-03
  4.6800e+01     1.038583e-03
  4.6842e+01     1.038604e-03
  4.6885e+01     1.038624e-03
  4.6928e+01     1.038644e-03
  4.6971e+01     1.038664e-03
  4.7014e+01     1.038683e-03
  4.7057e+01     1.038702e-03
  4.7100e+01     1.038721e-03
  4.7142e+01     1.038739e-03
  4.7185e+01     1.038757e-03
  4.7228e+01     1.038775e-03
  4.7271e+01     1.038792e-03
  4.7314e+01     1.038809e-03
  4.7357e+01     1.038826e-03
  4.7400e+01     1.038843e-03
  4.7442e+01     1.038859e-03
  4.7485e+01     1.038875e-03
  4.7528e+01     1.038891e-03
  4.7571e+01     1.038906e-03
  4.7614e+01     1.038921e-03
  4.7657e+01     1.038936e-03
  4.7700e+01     1.038951e-03
  4.7742e+01     1.038965e-03
  4.7785e+01     1.038979e-03
  4.7828e+01     1.038993e-03
  4.7871e+01     1.039007e-03
  4.7914e+01     1.039020e-03
  4.7957e+01     1.039033e-03
  4.8000e+01     1.039046e-03
  4.8042e+01     1.039059e-03
  4.8085e+01     1.039072e-03
  4.8128e+01     1.039084e-03
  4.8171e+01     1.039096e-03
  4.8214e+01     1.039108e-03
  4.8257e+01     1.039120e-03
  4.8300e+01     1.039131e-03
  4.8342e+01     1.039142e-03
  4.8385e+01     1.039153e-03
  4.8428e+01     1.039164e-03
  4.8471e+01     1.039175e-03
  4.8514e+01     1.039186e-03
  4.8557e+01     1.039196e-03
  4.8600e+01     1.039206e-03
  4.8642e+01     1.039216e-03
  4.8685e+01     1.039226e-03
  4.8728e+01     1.039236e-03
  4.8771e+01     1.039245e-03
  4.8814e+01     1.039254e-03
  4.8857e+01     1.039264e-03
  4.8900e+01     1.039273e-03
  4.8942e+01     1.039281e-03
  4.8985e+01     1.039290e-03
  4.9028e+01     1.039299e-03
  4.9071e+01     1.039307e-03
  4.9114e+01     1.039315e-03
  4.9157e+01     1.039323e-03
  4.9200e+01     1.039331e-03
  4.9242e+01     1.039339e-03
  4.9285e+01     1.039347e-03
  4.9328e+01     1.039354e-03
  4.9371e+01     1.039362e-03
  4.9414e+01     1.039369e-03
  4.9457e+01     1.039376e-03
  4.9500e+01     1.039384e-03
  4.9542e+01     1.039390e-03
  4.9585e+01     1.039397e-03
  4.9628e+01     1.039404e-03
  4.9671e+01     1.039411e-03
  4.9714e+01     1.039417e-03
  4.9757e+01     1.039423e-03
  4.9800e+01     1.039430e-03
  4.9842e+01     1.039436e-03
  4.9885e+01     1.039442e-03
  4.9928e+01     1.039448e-03
  4.9971e+01     1.039454e-03
  5.0014e+01     1.039459e-03
  5.0057e+01     1.039465e-03
  5.0100e+01     1.039471e-03
  5.0142e+01     1.039476e-03
  5.0185e+01     1.039481e-03
  5.0228e+01     1.039487e-03
  5.0271e+01     1.039492e-03
  5.0314e+01     1.039497e-03
  5.0357e+01     1.039502e-03
  5.0400e+01     1.039507e-03
  5.0442e+01     1.039512e-03
  5.0485e+01     1.039516e-03
  5.0528e+01     1.039521e-03
  5.0571e+01     1.039526e-03
  5.0614e+01     1.039530e-03
  5.0657e+01     1.039535e-03
  5.0700e+01     1.039539e-03
  5.0742e+01     1.039543e-03
  5.0785e+01     1.039547e-03
  5.0828e+01     1.039551e-03
  5.0871e+01     1.039556e-03
  5.0914e+01     1.039560e-03
  5.0957e+01     1.039563e-03
  5.1000e+01     1.039567e-03
  5.1042e+01     1.039571e-03
  5.1085e+01     1.039575e-03
  5.1128e+01     1.039578e-03
  5.1171e+01     1.039582e-03
  5.1214e+01     1.039586e-03
  5.1257e+01     1.039589e-03
  5.1300e+01     1.039592e-03
  5.1342e+01     1.039596e-03
  5.1385e+01     1.039599e-03
  5.1428e+01     1.039602e-03
  5.1471e+01     1.039606e-03
  5.1514e+01     1.039609e-03
  5.1557e+01     1.039612e-03
  5.1600e+01     1.039615e-03
  5.1642e+01     1.039618e-03
  5.1685e+01     1.039621e-03
  5.1728e+01     1.039623e-03
  5.1771e+01     1.039626e-03
  5.1814e+01     1.039629e-03
  5.1857e+01     1.039632e-03
  5.1900e+01     1.039634e-03
  5.1942e+01     1.039637e-03
  5.1985e+01     1.039640e-03
  5.2028e+01     1.039642e-03
  5.2071e+01     1.039645e-03
  5.2114e+01     1.039647e-03
  5.2157e+01     1.039650e-03
  5.2200e+01     1.039652e-03
  5.2242e+01     1.039654e-03
  5.2285e+01     1.039657e-03
  5.2328e+01     1.039659e-03
  5.2371e+01     1.039661e-03
  5.2414e+01     1.039663e-03
  5.2457e+01     1.039665e-03
  5.2500e+01     1.039667e-03
  5.2542e+01     1.039670e-03
  5.2585e+01     1.039672e-03
  5.2628e+01     1.039674e-03
  5.2671e+01     1.039675e-03
  5.2714e+01     1.039677e-03
  5.2757e+01     1.039679e-03
  5.2800e+01     1.039681e-03
  5.2842e+01     1.039683e-03
  5.2885e+01     1.039685e-03
  5.2928e+01     1.039687e-03
  5.2971e+01     1.039688e-03
  5.3014e+01     1.039690e-03
  5.3057e+01     1.039692e-03
  5.3100e+01     1.039693e-03
  5.3142e+01     1.039695e-03
  5.3185e+01     1.039697e-03
  5.3228e+01     1.039698e-03
  5.3271e+01     1.039700e-03
  5.3314e+01     1.039701e-03
  5.3357e+01     1.039703e-03
  5.3400e+01     1.039704e-03
  5.3442e+01     1.039705e-03
  5.3485e+01     1.039707e-03
  5.3528e+01     1.039708e-03
  5.3571e+01     1.039710e-03
  5.3614e+01     1.039711e-03
  5.3657e+01     1.039712e-03
  5.3700e+01     1.039714e-03
  5.3742e+01     1.039715e-03
  5.3785e+01     1.039716e-03
  5.3828e+01     1.039717e-03
  5.3871e+01     1.039719e-03
  5.3914e+01     1.039720e-03
  5.3957e+01     1.039721e-03
  5.4000e+01     1.039722e-03
  5.4042e+01     1.039723e-03
  5.4085e+01     1.039724e-03
  5.4128e+01     1.039725e-03
  5.4171e+01     1.039726e-03
  5.4214e+01     1.039727e-03
  5.4257e+01     1.039728e-03
  5.4300e+01     1.039729e-03
  5.4342e+01     1.039730e-03
  5.4385e+01     1.039731e-03
  5.4428e+01     1.039732e-03
  5.4471e+01     1.039733e-03
  5.4514e+01     1.039734e-03
  5.4557e+01     1.039735e-03
  5.4600e+01     1.039736e-03
  5.4642e+01     1.039737e-03
  5.4685e+01     1.039738e-03
  5.4728e+01     1.039739e-03
  5.4771e+01     1.039740e-03
  5.4814e+01     1.039740e-03
  5.4857e+01     1.039741e-03
  5.4900e+01     1.039742e-03
  5.4942e+01     1.039743e-03
  5.4985e+01     1.039744e-03
  5.5028e+01     1.039744e-03
  5.5071e+01     1.039745e-03
  5.5114e+01     1.039746e-03
  5.5157e+01     1.039746e-03
  5.5200e+01     1.039747e-03
  5.5242e+01     1.039748e-03
  5.5285e+01     1.039749e-03
  5.5328e+01     1.039749e-03
  5.5371e+01     1.039750e-03
  5.5414e+01     1.039750e-03
  5.5457e+01     1.039751e-03
  5.5500e+01     1.039752e-03
  5.5542e+01     1.039752e-03
  5.5585e+01     1.039753e-03
  5.5628e+01     1.039754e-03
  5.5671e+01     1.039754e-03
  5.5714e+01     1.039755e-03
  5.5757e+01     1.039755e-03
  5.5800e+01     1.039756e-03
  5.5842e+01     1.039756e-03
  5.5885e+01     1.039757e-03
  5.5928e+01     1.039757e-03
  5.5971e+01     1.039758e-03
  5.6014e+01     1.039758e-03
  5.6057e+01     1.039759e-03
  5.6100e+01     1.039759e-03
  5.6142e+01     1.039760e-03
  5.6185e+01     1.039760e-03
  5.6228e+01     1.039761e-03
  5.6271e+01     1.039761e-03
  5.6314e+01     1.039762e-03
  5.6357e+01     1.039762e-03
  5.6400e+01     1.039763e-03
  5.6442e+01     1.039763e-03
  5.6485e+01     1.039763e-03
  5.6528e+01     1.039764e-03
  5.6571e+01     1.039764e-03
  5.6614e+01     1.039765e-03
  5.6657e+01     1.039765e-03
  5.6700e+01     1.039765e-03
  5.6742e+01     1.039766e-03
  5.6785e+01     1.039766e-03
  5.6828e+01     1.039767e-03
  5.6871e+01     1.039767e-03
  5.6914e+01     1.039767e-03
  5.6957e+01     1.039768e-03
  5.7000e+01     1.039768e-03
  5.7042e+01     1.039768e-03
  5.7085e+01     1.039769e-03
  5.7128e+01     1.039769e-03
  5.7171e+01     1.039769e-03
  5.7214e+01     1.039770e-03
  5.7257e+01     1.039770e-03
  5.7300e+01     1.039770e-03
  5.7342e+01     1.039770e-03
  5.7385e+01     1.039771e-03
  5.7428e+01     1.039771e-03
  5.7471e+01     1.039771e-03
  5.7514e+01     1.039772e-03
  5.7557e+01     1.039772e-03
  5.7600e+01     1.039772e-03
  5.7642e+01     1.039772e-03
  5.7685e+01     1.039773e-03
  5.7728e+01     1.039773e-03
  5.7771e+01     1.039773e-03
  5.7814e+01     1.039773e-03
  5.7857e+01     1.039774e-03
  5.7900e+01     1.039774e-03
  5.7942e+01     1.039774e-03
  5.7985e+01     1.039774e-03
  5.8028e+01     1.039775e-03
  5.8071e+01     1.039775e-03
  5.8114e+01     1.039775e-03
  5.8157e+01     1.039775e-03
  5.8200e+01     1.039775e-03
  5.8242e+01     1.039776e-03
  5.8285e+01     1.039776e-03
  5.8328e+01     1.039776e-03
  5.8371e+01     1.039776e-03
  5.8414e+01     1.039776e-03
  5.8457e+01     1.039777e-03
  5.8500e+01     1.039777e-03
  5.8542e+01     1.039777e-03
  5.8585e+01     1.039777e-03
  5.8628e+01     1.039777e-03
  5.8671e+01     1.039777e-03
  5.8714e+01     1.039778e-03
  5.8757e+01     1.039778e-03
  5.8800e+01     1.039778e-03
  5.8842e+01     1.039778e-03
  5.8885e+01     1.039778e-03
  5.8928e+01     1.039778e-03
  5.8971e+01     1.039779e-03
  5.9014e+01     1.039779e-03
  5.9057e+01     1.039779e-03
  5.9100e+01     1.039779e-03
  5.9142e+01     1.039779e-03
  5.9185e+01     1.039779e-03
  5.9228e+01     1.039779e-03
  5.9271e+01     1.039780e-03
  5.9314e+01     1.039780e-03
  5.9357e+01     1.039780e-03
  5.9400e+01     1.039780e-03
  5.9442e+01     1.039780e-03
  5.9485e+01     1.039780e-03
  5.9528e+01     1.039780e-03
  5.9571e+01     1.039780e-03
  5.9614e+01     1.039781e-03
  5.9657e+01     1.039781e-03
  5.9700e+01     1.039781e-03
  5.9742e+01     1.039781e-03
  5.9785e+01     1.039781e-03
  5.9828e+01     1.039781e-03
  5.9871e+01     1.039781e-03
  5.9914e+01     1.039781e-03
  5.9957e+01     1.039781e-03
