# Epidemic | reproduction number
# [ x-unit: transmission cycles | y-unit: persons infected by one sick person ]
  0.0000e+00     2.749972e+00
  4.2857e-02     2.749971e+00
  8.5714e-02     2.749970e+00
  1.2857e-01     2.749968e+00
  1.7143e-01     2.749967e+00
  2.1429e-01     2.749965e+00
  2.5714e-01     2.749964e+00
  3.0000e-01     2.749962e+00
  3.4286e-01     2.749961e+00
  3.8571e-01     2.749959e+00
  4.2857e-01     2.749957e+00
  4.7143e-01     2.749956e+00
  5.1429e-01     2.749954e+00
  5.5714e-01     2.749952e+00
  6.0000e-01     2.749950e+00
  6.4286e-01     2.749948e+00
  6.8571e-01     2.749946e+00
  7.2857e-01     2.749944e+00
  7.7143e-01     2.749941e+00
  8.1429e-01     2.749939e+00
  8.5714e-01     2.749936e+00
  9.0000e-01     2.749934e+00
  9.4286e-01     2.749931e+00
  9.8571e-01     2.749928e+00
  1.0285e+00     2.749925e+00
  1.0714e+00     2.749922e+00
  1.1142e+00     2.749918e+00
  1.1571e+00     2.749915e+00
  1.2000e+00     2.749911e+00
  1.2428e+00     2.749908e+00
  1.2857e+00     2.749904e+00
  1.3285e+00     2.749900e+00
  1.3714e+00     2.749895e+00
  1.4142e+00     2.749891e+00
  1.4571e+00     2.749886e+00
  1.5000e+00     2.749881e+00
  1.5428e+00     2.749876e+00
  1.5857e+00     2.749871e+00
  1.6285e+00     2.749865e+00
  1.6714e+00     2.749859e+00
  1.7142e+00     2.749853e+00
  1.7571e+00     2.749847e+00
  1.8000e+00     2.749840e+00
  1.8428e+00     2.749833e+00
  1.8857e+00     2.749826e+00
  1.9285e+00     2.749819e+00
  1.9714e+00     2.749811e+00
  2.0142e+00     2.749803e+00
  2.0571e+00     2.749794e+00
  2.1000e+00     2.749785e+00
  2.1428e+00     2.749776e+00
  2.1857e+00     2.749766e+00
  2.2285e+00     2.749756e+00
  2.2714e+00     2.749745e+00
  2.3142e+00     2.749734e+00
  2.3571e+00     2.749722e+00
  2.4000e+00     2.749710e+00
  2.4428e+00     2.749697e+00
  2.4857e+00     2.749684e+00
  2.5285e+00     2.749670e+00
  2.5714e+00     2.749656e+00
  2.6142e+00     2.749641e+00
  2.6571e+00     2.749625e+00
  2.7000e+00     2.749609e+00
  2.7428e+00     2.749591e+00
  2.7857e+00     2.749573e+00
  2.8285e+00     2.749555e+00
  2.8714e+00     2.749535e+00
  2.9142e+00     2.749515e+00
  2.9571e+00     2.749493e+00
  3.0000e+00     2.749471e+00
  3.0428e+00     2.749448e+00
  3.0857e+00     2.749423e+00
  3.1285e+00     2.749398e+00
  3.1714e+00     2.749372e+00
  3.2142e+00     2.749344e+00
  3.2571e+00     2.749315e+00
  3.3000e+00     2.749285e+00
  3.3428e+00     2.749253e+00
  3.3857e+00     2.749220e+00
  3.4285e+00     2.749186e+00
  3.4714e+00     2.749150e+00
  3.5142e+00     2.749112e+00
  3.5571e+00     2.749073e+00
  3.6000e+00     2.749032e+00
  3.6428e+00     2.748990e+00
  3.6857e+00     2.748945e+00
  3.7285e+00     2.748899e+00
  3.7714e+00     2.748850e+00
  3.8142e+00     2.748799e+00
  3.8571e+00     2.748746e+00
  3.9000e+00     2.748691e+00
  3.9428e+00     2.748633e+00
  3.9857e+00     2.748572e+00
  4.0285e+00     2.748509e+00
  4.0714e+00     2.748443e+00
  4.1142e+00     2.748375e+00
  4.1571e+00     2.748303e+00
  4.2000e+00     2.748228e+00
  4.2428e+00     2.748150e+00
  4.2857e+00     2.748068e+00
  4.3285e+00     2.747982e+00
  4.3714e+00     2.747893e+00
  4.4142e+00     2.747800e+00
  4.4571e+00     2.747703e+00
  4.5000e+00     2.747601e+00
  4.5428e+00     2.747495e+00
  4.5857e+00     2.747384e+00
  4.6285e+00     2.747268e+00
  4.6714e+00     2.747148e+00
  4.7142e+00     2.747022e+00
  4.7571e+00     2.746890e+00
  4.8000e+00     2.746752e+00
  4.8428e+00     2.746609e+00
  4.8857e+00     2.746459e+00
  4.9285e+00     2.746302e+00
  4.9714e+00     2.746138e+00
  5.0142e+00     2.745967e+00
  5.0571e+00     2.745789e+00
  5.1000e+00     2.745603e+00
  5.1428e+00     2.745408e+00
  5.1857e+00     2.745205e+00
  5.2285e+00     2.744993e+00
  5.2714e+00     2.744772e+00
  5.3142e+00     2.744540e+00
  5.3571e+00     2.744299e+00
  5.4000e+00     2.744047e+00
  5.4428e+00     2.743783e+00
  5.4857e+00     2.743508e+00
  5.5285e+00     2.743221e+00
  5.5714e+00     2.742921e+00
  5.6142e+00     2.742608e+00
  5.6571e+00     2.742281e+00
  5.7000e+00     2.741940e+00
  5.7428e+00     2.741584e+00
  5.7857e+00     2.741212e+00
  5.8285e+00     2.740823e+00
  5.8714e+00     2.740417e+00
  5.9142e+00     2.739994e+00
  5.9571e+00     2.739551e+00
  6.0000e+00     2.739089e+00
  6.0428e+00     2.738607e+00
  6.0857e+00     2.738103e+00
  6.1285e+00     2.737578e+00
  6.1714e+00     2.737029e+00
  6.2142e+00     2.736455e+00
  6.2571e+00     2.735857e+00
  6.3000e+00     2.735232e+00
  6.3428e+00     2.734580e+00
  6.3857e+00     2.733899e+00
  6.4285e+00     2.733188e+00
  6.4714e+00     2.732445e+00
  6.5142e+00     2.731670e+00
  6.5571e+00     2.730861e+00
  6.6000e+00     2.730016e+00
  6.6428e+00     2.729134e+00
  6.6857e+00     2.728213e+00
  6.7285e+00     2.727252e+00
  6.7714e+00     2.726249e+00
  6.8142e+00     2.725201e+00
  6.8571e+00     2.724108e+00
  6.9000e+00     2.722966e+00
  6.9428e+00     2.721775e+00
  6.9857e+00     2.720531e+00
  7.0285e+00     2.719233e+00
  7.0714e+00     2.717878e+00
  7.1142e+00     2.716463e+00
  7.1571e+00     2.714987e+00
  7.2000e+00     2.713446e+00
  7.2428e+00     2.711837e+00
  7.2857e+00     2.710159e+00
  7.3285e+00     2.708407e+00
  7.3714e+00     2.706579e+00
  7.4142e+00     2.704671e+00
  7.4571e+00     2.702679e+00
  7.5000e+00     2.700602e+00
  7.5428e+00     2.698434e+00
  7.5857e+00     2.696171e+00
  7.6285e+00     2.693810e+00
  7.6714e+00     2.691347e+00
  7.7142e+00     2.688778e+00
  7.7571e+00     2.686097e+00
  7.8000e+00     2.683299e+00
  7.8428e+00     2.680382e+00
  7.8857e+00     2.677338e+00
  7.9285e+00     2.674163e+00
  7.9714e+00     2.670851e+00
  8.0142e+00     2.667397e+00
  8.0571e+00     2.663794e+00
  8.1000e+00     2.660037e+00
  8.1428e+00     2.656119e+00
  8.1857e+00     2.652034e+00
  8.2285e+00     2.647774e+00
  8.2714e+00     2.643333e+00
  8.3142e+00     2.638703e+00
  8.3571e+00     2.633876e+00
  8.4000e+00     2.628844e+00
  8.4428e+00     2.623600e+00
  8.4857e+00     2.618135e+00
  8.5285e+00     2.612439e+00
  8.5714e+00     2.606504e+00
  8.6142e+00     2.600320e+00
  8.6571e+00     2.593878e+00
  8.7000e+00     2.587167e+00
  8.7428e+00     2.580178e+00
  8.7857e+00     2.572898e+00
  8.8285e+00     2.565318e+00
  8.8714e+00     2.557425e+00
  8.9142e+00     2.549208e+00
  8.9571e+00     2.540655e+00
  9.0000e+00     2.531753e+00
  9.0428e+00     2.522490e+00
  9.0857e+00     2.512851e+00
  9.1285e+00     2.502825e+00
  9.1714e+00     2.492397e+00
  9.2142e+00     2.481552e+00
  9.2571e+00     2.470277e+00
  9.3000e+00     2.458556e+00
  9.3428e+00     2.446375e+00
  9.3857e+00     2.433717e+00
  9.4285e+00     2.420568e+00
  9.4714e+00     2.406911e+00
  9.5142e+00     2.392730e+00
  9.5571e+00     2.378008e+00
  9.6000e+00     2.362730e+00
  9.6428e+00     2.346879e+00
  9.6857e+00     2.330437e+00
  9.7285e+00     2.313388e+00
  9.7714e+00     2.295715e+00
  9.8142e+00     2.277402e+00
  9.8571e+00     2.258431e+00
  9.9000e+00     2.238786e+00
  9.9428e+00     2.218451e+00
  9.9857e+00     2.197409e+00
  1.0028e+01     2.175645e+00
  1.0071e+01     2.153145e+00
  1.0114e+01     2.129892e+00
  1.0157e+01     2.105873e+00
  1.0200e+01     2.081076e+00
  1.0242e+01     2.055488e+00
  1.0285e+01     2.029097e+00
  1.0328e+01     2.001893e+00
  1.0371e+01     1.973869e+00
  1.0414e+01     1.945016e+00
  1.0457e+01     1.915328e+00
  1.0500e+01     1.884802e+00
  1.0542e+01     1.853435e+00
  1.0585e+01     1.821228e+00
  1.0628e+01     1.788183e+00
  1.0671e+01     1.754305e+00
  1.0714e+01     1.719601e+00
  1.0757e+01     1.684081e+00
  1.0800e+01     1.647759e+00
  1.0842e+01     1.610652e+00
  1.0885e+01     1.572779e+00
  1.0928e+01     1.534163e+00
  1.0971e+01     1.494834e+00
  1.1014e+01     1.454821e+00
  1.1057e+01     1.414160e+00
  1.1100e+01     1.372890e+00
  1.1142e+01     1.331057e+00
  1.1185e+01     1.288708e+00
  1.1228e+01     1.245897e+00
  1.1271e+01     1.202680e+00
  1.1314e+01     1.159121e+00
  1.1357e+01     1.115285e+00
  1.1400e+01     1.071244e+00
  1.1442e+01     1.027074e+00
  1.1485e+01     9.828532e-01
  1.1528e+01     9.386652e-01
  1.1571e+01     8.945972e-01
  1.1614e+01     8.507393e-01
  1.1657e+01     8.071845e-01
  1.1700e+01     7.640279e-01
  1.1742e+01     7.213666e-01
  1.1785e+01     6.792984e-01
  1.1828e+01     6.379220e-01
  1.1871e+01     5.973353e-01
  1.1914e+01     5.576352e-01
  1.1957e+01     5.189167e-01
  1.2000e+01     4.812718e-01
  1.2042e+01     4.447886e-01
  1.2085e+01     4.095504e-01
  1.2128e+01     3.756351e-01
  1.2171e+01     3.431135e-01
  1.2214e+01     3.120492e-01
  1.2257e+01     2.824973e-01
  1.2300e+01     2.545036e-01
  1.2342e+01     2.281045e-01
  1.2385e+01     2.033255e-01
  1.2428e+01     1.801815e-01
  1.2471e+01     1.586763e-01
  1.2514e+01     1.388023e-01
  1.2557e+01     1.205408e-01
  1.2600e+01     1.038620e-01
  1.2642e+01     8.872571e-02
  1.2685e+01     7.508153e-02
  1.2728e+01     6.287007e-02
  1.2771e+01     5.202366e-02
  1.2814e+01     4.246754e-02
  1.2857e+01     3.412109e-02
  1.2900e+01     2.689921e-02
  1.2942e+01     2.071371e-02
  1.2985e+01     1.547486e-02
  1.3028e+01     1.109290e-02
  1.3071e+01     7.479648e-03
  1.3114e+01     4.550319e-03
  1.3157e+01     2.225953e-03
  1.3200e+01     4.392415e-04
