# Epidemic | reproduction number
# [ x-unit: transmission cycles | y-unit: persons infected by one sick person ]
  0.0000e+00     2.499975e+00
  4.2857e-02     2.499974e+00
  8.5714e-02     2.499972e+00
  1.2857e-01     2.499971e+00
  1.7143e-01     2.499970e+00
  2.1429e-01     2.499968e+00
  2.5714e-01     2.499967e+00
  3.0000e-01     2.499966e+00
  3.4286e-01     2.499964e+00
  3.8571e-01     2.499963e+00
  4.2857e-01     2.499961e+00
  4.7143e-01     2.499960e+00
  5.1429e-01     2.499958e+00
  5.5714e-01     2.499957e+00
  6.0000e-01     2.499955e+00
  6.4286e-01     2.499953e+00
  6.8571e-01     2.499951e+00
  7.2857e-01     2.499949e+00
  7.7143e-01     2.499947e+00
  8.1429e-01     2.499945e+00
  8.5714e-01     2.499943e+00
  9.0000e-01     2.499940e+00
  9.4286e-01     2.499938e+00
  9.8571e-01     2.499936e+00
  1.0285e+00     2.499933e+00
  1.0714e+00     2.499930e+00
  1.1142e+00     2.499928e+00
  1.1571e+00     2.499925e+00
  1.2000e+00     2.499922e+00
  1.2428e+00     2.499919e+00
  1.2857e+00     2.499915e+00
  1.3285e+00     2.499912e+00
  1.3714e+00     2.499908e+00
  1.4142e+00     2.499905e+00
  1.4571e+00     2.499901e+00
  1.5000e+00     2.499897e+00
  1.5428e+00     2.499893e+00
  1.5857e+00     2.499888e+00
  1.6285e+00     2.499884e+00
  1.6714e+00     2.499879e+00
  1.7142e+00     2.499875e+00
  1.7571e+00     2.499869e+00
  1.8000e+00     2.499864e+00
  1.8428e+00     2.499859e+00
  1.8857e+00     2.499853e+00
  1.9285e+00     2.499847e+00
  1.9714e+00     2.499841e+00
  2.0142e+00     2.499835e+00
  2.0571e+00     2.499828e+00
  2.1000e+00     2.499821e+00
  2.1428e+00     2.499814e+00
  2.1857e+00     2.499807e+00
  2.2285e+00     2.499799e+00
  2.2714e+00     2.499791e+00
  2.3142e+00     2.499783e+00
  2.3571e+00     2.499774e+00
  2.4000e+00     2.499765e+00
  2.4428e+00     2.499755e+00
  2.4857e+00     2.499746e+00
  2.5285e+00     2.499735e+00
  2.5714e+00     2.499725e+00
  2.6142e+00     2.499714e+00
  2.6571e+00     2.499702e+00
  2.7000e+00     2.499690e+00
  2.7428e+00     2.499678e+00
  2.7857e+00     2.499665e+00
  2.8285e+00     2.499652e+00
  2.8714e+00     2.499638e+00
  2.9142e+00     2.499623e+00
  2.9571e+00     2.499608e+00
  3.0000e+00     2.499593e+00
  3.0428e+00     2.499576e+00
  3.0857e+00     2.499559e+00
  3.1285e+00     2.499542e+00
  3.1714e+00     2.499523e+00
  3.2142e+00     2.499504e+00
  3.2571e+00     2.499484e+00
  3.3000e+00     2.499464e+00
  3.3428e+00     2.499442e+00
  3.3857e+00     2.499420e+00
  3.4285e+00     2.499397e+00
  3.4714e+00     2.499372e+00
  3.5142e+00     2.499347e+00
  3.5571e+00     2.499321e+00
  3.6000e+00     2.499294e+00
  3.6428e+00     2.499266e+00
  3.6857e+00     2.499236e+00
  3.7285e+00     2.499206e+00
  3.7714e+00     2.499174e+00
  3.8142e+00     2.499141e+00
  3.8571e+00     2.499106e+00
  3.9000e+00     2.499071e+00
  3.9428e+00     2.499033e+00
  3.9857e+00     2.498995e+00
  4.0285e+00     2.498954e+00
  4.0714e+00     2.498913e+00
  4.1142e+00     2.498869e+00
  4.1571e+00     2.498824e+00
  4.2000e+00     2.498777e+00
  4.2428e+00     2.498728e+00
  4.2857e+00     2.498677e+00
  4.3285e+00     2.498624e+00
  4.3714e+00     2.498569e+00
  4.4142e+00     2.498511e+00
  4.4571e+00     2.498452e+00
  4.5000e+00     2.498390e+00
  4.5428e+00     2.498325e+00
  4.5857e+00     2.498258e+00
  4.6285e+00     2.498189e+00
  4.6714e+00     2.498116e+00
  4.7142e+00     2.498041e+00
  4.7571e+00     2.497962e+00
  4.8000e+00     2.497881e+00
  4.8428e+00     2.497796e+00
  4.8857e+00     2.497708e+00
  4.9285e+00     2.497616e+00
  4.9714e+00     2.497520e+00
  5.0142e+00     2.497421e+00
  5.0571e+00     2.497318e+00
  5.1000e+00     2.497211e+00
  5.1428e+00     2.497099e+00
  5.1857e+00     2.496983e+00
  5.2285e+00     2.496862e+00
  5.2714e+00     2.496736e+00
  5.3142e+00     2.496606e+00
  5.3571e+00     2.496470e+00
  5.4000e+00     2.496329e+00
  5.4428e+00     2.496182e+00
  5.4857e+00     2.496029e+00
  5.5285e+00     2.495870e+00
  5.5714e+00     2.495705e+00
  5.6142e+00     2.495533e+00
  5.6571e+00     2.495354e+00
  5.7000e+00     2.495168e+00
  5.7428e+00     2.494975e+00
  5.7857e+00     2.494774e+00
  5.8285e+00     2.494565e+00
  5.8714e+00     2.494348e+00
  5.9142e+00     2.494122e+00
  5.9571e+00     2.493887e+00
  6.0000e+00     2.493642e+00
  6.0428e+00     2.493388e+00
  6.0857e+00     2.493123e+00
  6.1285e+00     2.492848e+00
  6.1714e+00     2.492562e+00
  6.2142e+00     2.492265e+00
  6.2571e+00     2.491956e+00
  6.3000e+00     2.491634e+00
  6.3428e+00     2.491300e+00
  6.3857e+00     2.490952e+00
  6.4285e+00     2.490590e+00
  6.4714e+00     2.490214e+00
  6.5142e+00     2.489823e+00
  6.5571e+00     2.489417e+00
  6.6000e+00     2.488994e+00
  6.6428e+00     2.488554e+00
  6.6857e+00     2.488097e+00
  6.7285e+00     2.487621e+00
  6.7714e+00     2.487127e+00
  6.8142e+00     2.486613e+00
  6.8571e+00     2.486078e+00
  6.9000e+00     2.485523e+00
  6.9428e+00     2.484945e+00
  6.9857e+00     2.484344e+00
  7.0285e+00     2.483719e+00
  7.0714e+00     2.483069e+00
  7.1142e+00     2.482394e+00
  7.1571e+00     2.481691e+00
  7.2000e+00     2.480961e+00
  7.2428e+00     2.480202e+00
  7.2857e+00     2.479413e+00
  7.3285e+00     2.478592e+00
  7.3714e+00     2.477739e+00
  7.4142e+00     2.476852e+00
  7.4571e+00     2.475929e+00
  7.5000e+00     2.474971e+00
  7.5428e+00     2.473974e+00
  7.5857e+00     2.472938e+00
  7.6285e+00     2.471861e+00
  7.6714e+00     2.470741e+00
  7.7142e+00     2.469577e+00
  7.7571e+00     2.468367e+00
  7.8000e+00     2.467109e+00
  7.8428e+00     2.465802e+00
  7.8857e+00     2.464443e+00
  7.9285e+00     2.463030e+00
  7.9714e+00     2.461562e+00
  8.0142e+00     2.460036e+00
  8.0571e+00     2.458450e+00
  8.1000e+00     2.456801e+00
  8.1428e+00     2.455088e+00
  8.1857e+00     2.453308e+00
  8.2285e+00     2.451458e+00
  8.2714e+00     2.449535e+00
  8.3142e+00     2.447538e+00
  8.3571e+00     2.445462e+00
  8.4000e+00     2.443304e+00
  8.4428e+00     2.441063e+00
  8.4857e+00     2.438735e+00
  8.5285e+00     2.436315e+00
  8.5714e+00     2.433802e+00
  8.6142e+00     2.431191e+00
  8.6571e+00     2.428478e+00
  8.7000e+00     2.425661e+00
  8.7428e+00     2.422734e+00
  8.7857e+00     2.419694e+00
  8.8285e+00     2.416537e+00
  8.8714e+00     2.413258e+00
  8.9142e+00     2.409854e+00
  8.9571e+00     2.406318e+00
  9.0000e+00     2.402647e+00
  9.0428e+00     2.398835e+00
  9.0857e+00     2.394877e+00
  9.1285e+00     2.390769e+00
  9.1714e+00     2.386504e+00
  9.2142e+00     2.382077e+00
  9.2571e+00     2.377483e+00
  9.3000e+00     2.372715e+00
  9.3428e+00     2.367766e+00
  9.3857e+00     2.362632e+00
  9.4285e+00     2.357305e+00
  9.4714e+00     2.351779e+00
  9.5142e+00     2.346046e+00
  9.5571e+00     2.340100e+00
  9.6000e+00     2.333933e+00
  9.6428e+00     2.327538e+00
  9.6857e+00     2.320907e+00
  9.7285e+00     2.314033e+00
  9.7714e+00     2.306907e+00
  9.8142e+00     2.299521e+00
  9.8571e+00     2.291867e+00
  9.9000e+00     2.283936e+00
  9.9428e+00     2.275719e+00
  9.9857e+00     2.267207e+00
  1.0028e+01     2.258391e+00
  1.0071e+01     2.249263e+00
  1.0114e+01     2.239811e+00
  1.0157e+01     2.230027e+00
  1.0200e+01     2.219902e+00
  1.0242e+01     2.209424e+00
  1.0285e+01     2.198584e+00
  1.0328e+01     2.187371e+00
  1.0371e+01     2.175776e+00
  1.0414e+01     2.163789e+00
  1.0457e+01     2.151398e+00
  1.0500e+01     2.138594e+00
  1.0542e+01     2.125366e+00
  1.0585e+01     2.111703e+00
  1.0628e+01     2.097596e+00
  1.0671e+01     2.083033e+00
  1.0714e+01     2.068005e+00
  1.0757e+01     2.052502e+00
  1.0800e+01     2.036514e+00
  1.0842e+01     2.020031e+00
  1.0885e+01     2.003044e+00
  1.0928e+01     1.985544e+00
  1.0971e+01     1.967521e+00
  1.1014e+01     1.948968e+00
  1.1057e+01     1.929877e+00
  1.1100e+01     1.910241e+00
  1.1142e+01     1.890052e+00
  1.1185e+01     1.869304e+00
  1.1228e+01     1.847994e+00
  1.1271e+01     1.826114e+00
  1.1314e+01     1.803663e+00
  1.1357e+01     1.780637e+00
  1.1400e+01     1.757035e+00
  1.1442e+01     1.732856e+00
  1.1485e+01     1.708100e+00
  1.1528e+01     1.682770e+00
  1.1571e+01     1.656868e+00
  1.1614e+01     1.630400e+00
  1.1657e+01     1.603372e+00
  1.1700e+01     1.575792e+00
  1.1742e+01     1.547668e+00
  1.1785e+01     1.519014e+00
  1.1828e+01     1.489841e+00
  1.1871e+01     1.460166e+00
  1.1914e+01     1.430006e+00
  1.1957e+01     1.399380e+00
  1.2000e+01     1.368309e+00
  1.2042e+01     1.336819e+00
  1.2085e+01     1.304934e+00
  1.2128e+01     1.272684e+00
  1.2171e+01     1.240098e+00
  1.2214e+01     1.207211e+00
  1.2257e+01     1.174058e+00
  1.2300e+01     1.140676e+00
  1.2342e+01     1.107105e+00
  1.2385e+01     1.073388e+00
  1.2428e+01     1.039568e+00
  1.2471e+01     1.005692e+00
  1.2514e+01     9.718089e-01
  1.2557e+01     9.379666e-01
  1.2600e+01     9.042171e-01
  1.2642e+01     8.706130e-01
  1.2685e+01     8.372081e-01
  1.2728e+01     8.040566e-01
  1.2771e+01     7.712136e-01
  1.2814e+01     7.387344e-01
  1.2857e+01     7.066740e-01
  1.2900e+01     6.750872e-01
  1.2942e+01     6.440279e-01
  1.2985e+01     6.135489e-01
  1.3028e+01     5.837014e-01
  1.3071e+01     5.545347e-01
  1.3114e+01     5.260957e-01
  1.3157e+01     4.984289e-01
  1.3200e+01     4.715755e-01
  1.3242e+01     4.455734e-01
  1.3285e+01     4.204566e-01
  1.3328e+01     3.962553e-01
  1.3371e+01     3.729952e-01
  1.3414e+01     3.506976e-01
  1.3457e+01     3.293791e-01
  1.3500e+01     3.090514e-01
  1.3542e+01     2.897212e-01
  1.3585e+01     2.713903e-01
  1.3628e+01     2.540558e-01
  1.3671e+01     2.377097e-01
  1.3714e+01     2.223395e-01
  1.3757e+01     2.079284e-01
  1.3800e+01     1.944551e-01
  1.3842e+01     1.818948e-01
  1.3885e+01     1.702190e-01
  1.3928e+01     1.593963e-01
  1.3971e+01     1.493925e-01
  1.4014e+01     1.401712e-01
  1.4057e+01     1.316946e-01
  1.4100e+01     1.239231e-01
  1.4142e+01     1.168167e-01
  1.4185e+01     1.103350e-01
  1.4228e+01     1.044373e-01
  1.4271e+01     9.908383e-02
  1.4314e+01     9.423518e-02
  1.4357e+01     8.985322e-02
  1.4400e+01     8.590110e-02
  1.4442e+01     8.234352e-02
  1.4485e+01     7.914690e-02
  1.4528e+01     7.627949e-02
  1.4571e+01     7.371144e-02
  1.4614e+01     7.141488e-02
  1.4657e+01     6.936390e-02
  1.4700e+01     6.753452e-02
  1.4742e+01     6.590466e-02
  1.4785e+01     6.445410e-02
  1.4828e+01     6.316433e-02
  1.4871e+01     6.201853e-02
  1.4914e+01     6.100143e-02
  1.4957e+01     6.009921e-02
  1.5000e+01     5.929940e-02
  1.5042e+01     5.859080e-02
  1.5085e+01     5.796332e-02
  1.5128e+01     5.740793e-02
  1.5171e+01     5.691656e-02
  1.5214e+01     5.648198e-02
  1.5257e+01     5.609776e-02
  1.5300e+01     5.575816e-02
  1.5342e+01     5.545808e-02
  1.5385e+01     5.519298e-02
  1.5428e+01     5.495884e-02
  1.5471e+01     5.475206e-02
  1.5514e+01     5.456949e-02
  1.5557e+01     5.440832e-02
  1.5600e+01     5.426605e-02
  1.5642e+01     5.414048e-02
  1.5685e+01     5.402966e-02
  1.5728e+01     5.393188e-02
  1.5771e+01     5.384559e-02
  1.5814e+01     5.376946e-02
  1.5857e+01     5.370229e-02
  1.5900e+01     5.364304e-02
  1.5942e+01     5.359076e-02
  1.5985e+01     5.354465e-02
  1.6028e+01     5.350398e-02
  1.6071e+01     5.346810e-02
  1.6114e+01     5.343645e-02
  1.6157e+01     5.340854e-02
  1.6200e+01     5.338392e-02
  1.6242e+01     5.336221e-02
  1.6285e+01     5.334306e-02
  1.6328e+01     5.332617e-02
  1.6371e+01     5.331127e-02
  1.6414e+01     5.329814e-02
  1.6457e+01     5.328655e-02
  1.6500e+01     5.327633e-02
  1.6542e+01     5.326732e-02
  1.6585e+01     5.325937e-02
  1.6628e+01     5.325237e-02
  1.6671e+01     5.324618e-02
  1.6714e+01     5.324073e-02
  1.6757e+01     5.323593e-02
  1.6800e+01     5.323169e-02
  1.6842e+01     5.322795e-02
  1.6885e+01     5.322465e-02
  1.6928e+01     5.322175e-02
  1.6971e+01     5.321918e-02
  1.7014e+01     5.321692e-02
  1.7057e+01     5.321493e-02
  1.7100e+01     5.321317e-02
  1.7142e+01     5.321162e-02
  1.7185e+01     5.321025e-02
  1.7228e+01     5.320904e-02
  1.7271e+01     5.320798e-02
  1.7314e+01     5.320704e-02
  1.7357e+01     5.320622e-02
  1.7400e+01     5.320549e-02
  1.7442e+01     5.320484e-02
  1.7485e+01     5.320428e-02
  1.7528e+01     5.320378e-02
  1.7571e+01     5.320334e-02
  1.7614e+01     5.320295e-02
  1.7657e+01     5.320260e-02
  1.7700e+01     5.320230e-02
  1.7742e+01     5.320203e-02
  1.7785e+01     5.320180e-02
  1.7828e+01     5.320159e-02
  1.7871e+01     5.320141e-02
  1.7914e+01     5.320125e-02
  1.7957e+01     5.320111e-02
  1.8000e+01     5.320098e-02
  1.8042e+01     5.320087e-02
  1.8085e+01     5.320077e-02
  1.8128e+01     5.320069e-02
  1.8171e+01     5.320061e-02
  1.8214e+01     5.320054e-02
  1.8257e+01     5.320048e-02
  1.8300e+01     5.320043e-02
  1.8342e+01     5.320039e-02
  1.8385e+01     5.320035e-02
  1.8428e+01     5.320031e-02
  1.8471e+01     5.320028e-02
  1.8514e+01     5.320025e-02
  1.8557e+01     5.320023e-02
  1.8600e+01     5.320021e-02
  1.8642e+01     5.320019e-02
  1.8685e+01     5.320017e-02
  1.8728e+01     5.320015e-02
  1.8771e+01     5.320014e-02
  1.8814e+01     5.320013e-02
  1.8857e+01     5.320012e-02
  1.8900e+01     5.320011e-02
  1.8942e+01     5.320010e-02
  1.8985e+01     5.320010e-02
  1.9028e+01     5.320009e-02
  1.9071e+01     5.320008e-02
  1.9114e+01     5.320008e-02
  1.9157e+01     5.320008e-02
  1.9200e+01     5.320007e-02
  1.9242e+01     5.320007e-02
  1.9285e+01     5.320007e-02
  1.9328e+01     5.320006e-02
  1.9371e+01     5.320006e-02
  1.9414e+01     5.320006e-02
  1.9457e+01     5.320006e-02
  1.9500e+01     5.320006e-02
  1.9542e+01     5.320005e-02
  1.9585e+01     5.320005e-02
  1.9628e+01     5.320005e-02
  1.9671e+01     5.320005e-02
  1.9714e+01     5.320005e-02
  1.9757e+01     5.320005e-02
  1.9800e+01     5.320005e-02
  1.9842e+01     5.320005e-02
  1.9885e+01     5.320005e-02
  1.9928e+01     5.320005e-02
  1.9971e+01     5.320005e-02
  2.0014e+01     5.320005e-02
  2.0057e+01     5.320005e-02
  2.0100e+01     5.320005e-02
  2.0142e+01     5.320005e-02
  2.0185e+01     5.320005e-02
  2.0228e+01     5.320005e-02
  2.0271e+01     5.320005e-02
  2.0314e+01     5.320005e-02
  2.0357e+01     5.320005e-02
  2.0400e+01     5.320004e-02
  2.0442e+01     5.320004e-02
  2.0485e+01     5.320004e-02
  2.0528e+01     5.320004e-02
  2.0571e+01     5.320004e-02
  2.0614e+01     5.320004e-02
  2.0657e+01     5.320004e-02
  2.0700e+01     5.320004e-02
  2.0742e+01     5.320004e-02
  2.0785e+01     5.320004e-02
  2.0828e+01     5.320004e-02
  2.0871e+01     5.320004e-02
  2.0914e+01     5.320004e-02
  2.0957e+01     5.320004e-02
  2.1000e+01     5.320004e-02
  2.1042e+01     5.320004e-02
  2.1085e+01     5.320004e-02
  2.1128e+01     5.320004e-02
  2.1171e+01     5.320004e-02
  2.1214e+01     5.320004e-02
  2.1257e+01     5.320004e-02
  2.1300e+01     5.320004e-02
  2.1342e+01     5.320004e-02
  2.1385e+01     5.320004e-02
  2.1428e+01     5.320004e-02
  2.1471e+01     5.320004e-02
  2.1514e+01     5.320004e-02
  2.1557e+01     5.320004e-02
  2.1600e+01     5.320004e-02
  2.1642e+01     5.320004e-02
  2.1685e+01     5.320004e-02
  2.1728e+01     5.320004e-02
  2.1771e+01     5.320004e-02
  2.1814e+01     5.320004e-02
  2.1857e+01     5.320004e-02
  2.1900e+01     5.320004e-02
  2.1942e+01     5.320004e-02
  2.1985e+01     5.320004e-02
  2.2028e+01     5.320004e-02
  2.2071e+01     5.320004e-02
  2.2114e+01     5.320004e-02
  2.2157e+01     5.320004e-02
  2.2200e+01     5.320004e-02
  2.2242e+01     5.320004e-02
  2.2285e+01     5.320004e-02
  2.2328e+01     5.320004e-02
  2.2371e+01     5.320004e-02
  2.2414e+01     5.320004e-02
  2.2457e+01     5.320004e-02
  2.2500e+01     5.320004e-02
  2.2542e+01     5.320004e-02
  2.2585e+01     5.320004e-02
  2.2628e+01     5.320004e-02
  2.2671e+01     5.320004e-02
  2.2714e+01     5.320004e-02
  2.2757e+01     5.320004e-02
  2.2800e+01     5.320004e-02
  2.2842e+01     5.320004e-02
  2.2885e+01     5.320004e-02
  2.2928e+01     5.320004e-02
  2.2971e+01     5.320004e-02
  2.3014e+01     5.320004e-02
  2.3057e+01     5.320004e-02
  2.3100e+01     5.320004e-02
  2.3142e+01     5.320004e-02
  2.3185e+01     5.320004e-02
  2.3228e+01     5.320004e-02
  2.3271e+01     5.320004e-02
  2.3314e+01     5.320004e-02
  2.3357e+01     5.320004e-02
  2.3400e+01     5.320004e-02
  2.3442e+01     5.320004e-02
  2.3485e+01     5.320004e-02
  2.3528e+01     5.320004e-02
  2.3571e+01     5.320004e-02
  2.3614e+01     5.320004e-02
  2.3657e+01     5.320004e-02
  2.3700e+01     5.320004e-02
  2.3742e+01     5.320004e-02
  2.3785e+01     5.320004e-02
  2.3828e+01     5.320004e-02
  2.3871e+01     5.320004e-02
  2.3914e+01     5.320004e-02
  2.3957e+01     5.320004e-02
  2.4000e+01     5.320004e-02
  2.4042e+01     5.320004e-02
  2.4085e+01     5.320004e-02
  2.4128e+01     5.320004e-02
  2.4171e+01     5.320004e-02
  2.4214e+01     5.320004e-02
  2.4257e+01     5.320004e-02
  2.4300e+01     5.320004e-02
  2.4342e+01     5.320004e-02
  2.4385e+01     5.320004e-02
  2.4428e+01     5.320004e-02
  2.4471e+01     5.320004e-02
  2.4514e+01     5.320004e-02
  2.4557e+01     5.320004e-02
  2.4600e+01     5.320004e-02
  2.4642e+01     5.320004e-02
  2.4685e+01     5.320004e-02
  2.4728e+01     5.320004e-02
  2.4771e+01     5.320004e-02
  2.4814e+01     5.320004e-02
  2.4857e+01     5.320004e-02
  2.4900e+01     5.320004e-02
  2.4942e+01     5.320004e-02
  2.4985e+01     5.320004e-02
  2.5028e+01     5.320004e-02
  2.5071e+01     5.320004e-02
  2.5114e+01     5.320004e-02
  2.5157e+01     5.320004e-02
  2.5200e+01     5.320004e-02
  2.5242e+01     5.320004e-02
  2.5285e+01     5.320004e-02
  2.5328e+01     5.320004e-02
  2.5371e+01     5.320004e-02
  2.5414e+01     5.320004e-02
  2.5457e+01     5.320004e-02
  2.5500e+01     5.320004e-02
  2.5542e+01     5.320004e-02
  2.5585e+01     5.320004e-02
  2.5628e+01     5.320004e-02
  2.5671e+01     5.320004e-02
  2.5714e+01     5.320004e-02
  2.5757e+01     5.320004e-02
  2.5800e+01     5.320004e-02
  2.5842e+01     5.320004e-02
  2.5885e+01     5.320004e-02
  2.5928e+01     5.320004e-02
  2.5971e+01     5.320004e-02
  2.6014e+01     5.320004e-02
  2.6057e+01     5.320004e-02
  2.6100e+01     5.320004e-02
  2.6142e+01     5.320004e-02
  2.6185e+01     5.320004e-02
  2.6228e+01     5.320004e-02
  2.6271e+01     5.320004e-02
  2.6314e+01     5.320004e-02
  2.6357e+01     5.320004e-02
  2.6400e+01     5.320004e-02
  2.6442e+01     5.320004e-02
  2.6485e+01     5.320004e-02
  2.6528e+01     5.320004e-02
  2.6571e+01     5.320004e-02
  2.6614e+01     5.320004e-02
  2.6657e+01     5.320004e-02
  2.6700e+01     5.320004e-02
  2.6742e+01     5.320004e-02
  2.6785e+01     5.320004e-02
  2.6828e+01     5.320004e-02
  2.6871e+01     5.320004e-02
  2.6914e+01     5.320004e-02
  2.6957e+01     5.320004e-02
  2.7000e+01     5.320004e-02
  2.7042e+01     5.320004e-02
  2.7085e+01     5.320004e-02
  2.7128e+01     5.320004e-02
  2.7171e+01     5.320004e-02
  2.7214e+01     5.320004e-02
  2.7257e+01     5.320004e-02
  2.7300e+01     5.320004e-02
  2.7342e+01     5.320004e-02
  2.7385e+01     5.320004e-02
  2.7428e+01     5.320004e-02
  2.7471e+01     5.320004e-02
  2.7514e+01     5.320004e-02
  2.7557e+01     5.320004e-02
  2.7600e+01     5.320004e-02
  2.7642e+01     5.320004e-02
  2.7685e+01     5.320004e-02
  2.7728e+01     5.320004e-02
  2.7771e+01     5.320004e-02
  2.7814e+01     5.320004e-02
  2.7857e+01     5.320004e-02
  2.7900e+01     5.320004e-02
  2.7942e+01     5.320004e-02
  2.7985e+01     5.320004e-02
  2.8028e+01     5.320004e-02
  2.8071e+01     5.320004e-02
  2.8114e+01     5.320004e-02
  2.8157e+01     5.320004e-02
  2.8200e+01     5.320004e-02
  2.8242e+01     5.320004e-02
  2.8285e+01     5.320004e-02
  2.8328e+01     5.320004e-02
  2.8371e+01     5.320004e-02
  2.8414e+01     5.320004e-02
  2.8457e+01     5.320004e-02
  2.8500e+01     5.320004e-02
  2.8542e+01     5.320004e-02
  2.8585e+01     5.320004e-02
  2.8628e+01     5.320004e-02
  2.8671e+01     5.320004e-02
  2.8714e+01     5.320004e-02
  2.8757e+01     5.320004e-02
  2.8800e+01     5.320004e-02
  2.8842e+01     5.320004e-02
  2.8885e+01     5.320004e-02
  2.8928e+01     5.320004e-02
  2.8971e+01     5.320004e-02
  2.9014e+01     5.320004e-02
  2.9057e+01     5.320004e-02
  2.9100e+01     5.320004e-02
  2.9142e+01     5.320004e-02
  2.9185e+01     5.320004e-02
  2.9228e+01     5.320004e-02
  2.9271e+01     5.320004e-02
  2.9314e+01     5.320004e-02
  2.9357e+01     5.320004e-02
  2.9400e+01     5.320004e-02
  2.9442e+01     5.320004e-02
  2.9485e+01     5.320004e-02
  2.9528e+01     5.320004e-02
  2.9571e+01     5.320004e-02
  2.9614e+01     5.320004e-02
  2.9657e+01     5.320004e-02
  2.9700e+01     5.320004e-02
  2.9742e+01     5.320004e-02
  2.9785e+01     5.320004e-02
  2.9828e+01     5.320004e-02
  2.9871e+01     5.320004e-02
  2.9914e+01     5.320004e-02
  2.9957e+01     5.320004e-02
  3.0000e+01     5.320004e-02
  3.0042e+01     5.320004e-02
  3.0085e+01     5.320004e-02
  3.0128e+01     5.320004e-02
  3.0171e+01     5.320004e-02
  3.0214e+01     5.320004e-02
  3.0257e+01     5.320004e-02
  3.0300e+01     5.320004e-02
  3.0342e+01     5.320004e-02
  3.0385e+01     5.320004e-02
  3.0428e+01     5.320004e-02
  3.0471e+01     5.320004e-02
  3.0514e+01     5.320004e-02
  3.0557e+01     5.320004e-02
  3.0600e+01     5.320004e-02
  3.0642e+01     5.320004e-02
  3.0685e+01     5.320004e-02
  3.0728e+01     5.320004e-02
  3.0771e+01     5.320004e-02
  3.0814e+01     5.320004e-02
  3.0857e+01     5.320004e-02
  3.0900e+01     5.320004e-02
  3.0942e+01     5.320004e-02
  3.0985e+01     5.320004e-02
  3.1028e+01     5.320004e-02
  3.1071e+01     5.320004e-02
  3.1114e+01     5.320004e-02
  3.1157e+01     5.320004e-02
  3.1200e+01     5.320004e-02
  3.1242e+01     5.320004e-02
  3.1285e+01     5.320004e-02
  3.1328e+01     5.320004e-02
  3.1371e+01     5.320004e-02
  3.1414e+01     5.320004e-02
  3.1457e+01     5.320004e-02
  3.1500e+01     5.320004e-02
  3.1542e+01     5.320004e-02
  3.1585e+01     5.320004e-02
  3.1628e+01     5.320004e-02
  3.1671e+01     5.320004e-02
  3.1714e+01     5.320004e-02
  3.1757e+01     5.320004e-02
  3.1800e+01     5.320004e-02
  3.1842e+01     5.320004e-02
  3.1885e+01     5.320004e-02
  3.1928e+01     5.320004e-02
  3.1971e+01     5.320004e-02
  3.2014e+01     5.320004e-02
  3.2057e+01     5.320004e-02
  3.2100e+01     5.320004e-02
  3.2142e+01     5.320004e-02
  3.2185e+01     5.320004e-02
  3.2228e+01     5.320004e-02
  3.2271e+01     5.320004e-02
  3.2314e+01     5.320004e-02
  3.2357e+01     5.320004e-02
  3.2400e+01     5.320004e-02
  3.2442e+01     5.320004e-02
  3.2485e+01     5.320004e-02
  3.2528e+01     5.320004e-02
  3.2571e+01     5.320004e-02
  3.2614e+01     5.320004e-02
  3.2657e+01     5.320004e-02
  3.2700e+01     5.320004e-02
  3.2742e+01     5.320004e-02
  3.2785e+01     5.320004e-02
  3.2828e+01     5.320004e-02
  3.2871e+01     5.320004e-02
  3.2914e+01     5.320004e-02
  3.2957e+01     5.320004e-02
  3.3000e+01     5.320004e-02
  3.3042e+01     5.320004e-02
  3.3085e+01     5.320004e-02
  3.3128e+01     5.320004e-02
  3.3171e+01     5.320004e-02
  3.3214e+01     5.320004e-02
  3.3257e+01     5.320004e-02
  3.3300e+01     5.320004e-02
  3.3342e+01     5.320004e-02
  3.3385e+01     5.320004e-02
  3.3428e+01     5.320004e-02
  3.3471e+01     5.320004e-02
  3.3514e+01     5.320004e-02
  3.3557e+01     5.320004e-02
  3.3600e+01     5.320004e-02
  3.3642e+01     5.320004e-02
  3.3685e+01     5.320004e-02
  3.3728e+01     5.320004e-02
  3.3771e+01     5.320004e-02
  3.3814e+01     5.320004e-02
  3.3857e+01     5.320004e-02
  3.3900e+01     5.320004e-02
  3.3942e+01     5.320004e-02
  3.3985e+01     5.320004e-02
  3.4028e+01     5.320004e-02
  3.4071e+01     5.320004e-02
  3.4114e+01     5.320004e-02
  3.4157e+01     5.320004e-02
  3.4200e+01     5.320004e-02
  3.4242e+01     5.320004e-02
  3.4285e+01     5.320004e-02
  3.4328e+01     5.320004e-02
  3.4371e+01     5.320004e-02
  3.4414e+01     5.320004e-02
  3.4457e+01     5.320004e-02
  3.4500e+01     5.320004e-02
  3.4542e+01     5.320004e-02
  3.4585e+01     5.320004e-02
  3.4628e+01     5.320004e-02
  3.4671e+01     5.320004e-02
  3.4714e+01     5.320004e-02
  3.4757e+01     5.320004e-02
  3.4800e+01     5.320004e-02
  3.4842e+01     5.320004e-02
  3.4885e+01     5.320004e-02
  3.4928e+01     5.320004e-02
  3.4971e+01     5.320004e-02
  3.5014e+01     5.320004e-02
  3.5057e+01     5.320004e-02
  3.5100e+01     5.320004e-02
  3.5142e+01     5.320004e-02
  3.5185e+01     5.320004e-02
  3.5228e+01     5.320004e-02
  3.5271e+01     5.320004e-02
  3.5314e+01     5.320004e-02
  3.5357e+01     5.320004e-02
  3.5400e+01     5.320004e-02
  3.5442e+01     5.320004e-02
  3.5485e+01     5.320004e-02
  3.5528e+01     5.320004e-02
  3.5571e+01     5.320004e-02
  3.5614e+01     5.320004e-02
  3.5657e+01     5.320004e-02
  3.5700e+01     5.320004e-02
  3.5742e+01     5.320004e-02
  3.5785e+01     5.320004e-02
  3.5828e+01     5.320004e-02
  3.5871e+01     5.320004e-02
  3.5914e+01     5.320004e-02
  3.5957e+01     5.320004e-02
  3.6000e+01     5.320004e-02
  3.6042e+01     5.320004e-02
  3.6085e+01     5.320004e-02
  3.6128e+01     5.320004e-02
  3.6171e+01     5.320004e-02
  3.6214e+01     5.320004e-02
  3.6257e+01     5.320004e-02
  3.6300e+01     5.320004e-02
  3.6342e+01     5.320004e-02
  3.6385e+01     5.320004e-02
  3.6428e+01     5.320004e-02
  3.6471e+01     5.320004e-02
  3.6514e+01     5.320004e-02
  3.6557e+01     5.320004e-02
  3.6600e+01     5.320004e-02
  3.6642e+01     5.320004e-02
  3.6685e+01     5.320004e-02
  3.6728e+01     5.320004e-02
  3.6771e+01     5.320004e-02
  3.6814e+01     5.320004e-02
  3.6857e+01     5.320004e-02
  3.6900e+01     5.320004e-02
  3.6942e+01     5.320004e-02
  3.6985e+01     5.320004e-02
  3.7028e+01     5.320004e-02
  3.7071e+01     5.320004e-02
  3.7114e+01     5.320004e-02
  3.7157e+01     5.320004e-02
  3.7200e+01     5.320004e-02
  3.7242e+01     5.320004e-02
  3.7285e+01     5.320004e-02
  3.7328e+01     5.320004e-02
  3.7371e+01     5.320004e-02
  3.7414e+01     5.320004e-02
  3.7457e+01     5.320004e-02
  3.7500e+01     5.320004e-02
  3.7542e+01     5.320004e-02
  3.7585e+01     5.320004e-02
  3.7628e+01     5.320004e-02
  3.7671e+01     5.320004e-02
  3.7714e+01     5.320004e-02
  3.7757e+01     5.320004e-02
  3.7800e+01     5.320004e-02
  3.7842e+01     5.320004e-02
  3.7885e+01     5.320004e-02
  3.7928e+01     5.320004e-02
  3.7971e+01     5.320004e-02
  3.8014e+01     5.320004e-02
  3.8057e+01     5.320004e-02
  3.8100e+01     5.320004e-02
  3.8142e+01     5.320004e-02
  3.8185e+01     5.320004e-02
  3.8228e+01     5.320004e-02
  3.8271e+01     5.320004e-02
  3.8314e+01     5.320004e-02
  3.8357e+01     5.320004e-02
  3.8400e+01     5.320004e-02
  3.8442e+01     5.320004e-02
  3.8485e+01     5.320004e-02
  3.8528e+01     5.320004e-02
  3.8571e+01     5.320004e-02
  3.8614e+01     5.320004e-02
  3.8657e+01     5.320004e-02
  3.8700e+01     5.320004e-02
  3.8742e+01     5.320004e-02
  3.8785e+01     5.320004e-02
  3.8828e+01     5.320004e-02
  3.8871e+01     5.320004e-02
  3.8914e+01     5.320004e-02
  3.8957e+01     5.320004e-02
  3.9000e+01     5.320004e-02
  3.9042e+01     5.320004e-02
  3.9085e+01     5.320004e-02
  3.9128e+01     5.320004e-02
  3.9171e+01     5.320004e-02
  3.9214e+01     5.320004e-02
  3.9257e+01     5.320004e-02
  3.9300e+01     5.320004e-02
  3.9342e+01     5.320004e-02
  3.9385e+01     5.320004e-02
  3.9428e+01     5.320004e-02
  3.9471e+01     5.320004e-02
  3.9514e+01     5.320004e-02
  3.9557e+01     5.320004e-02
  3.9600e+01     5.320004e-02
  3.9642e+01     5.320004e-02
  3.9685e+01     5.320004e-02
  3.9728e+01     5.320004e-02
  3.9771e+01     5.320004e-02
  3.9814e+01     5.320004e-02
  3.9857e+01     5.320004e-02
  3.9900e+01     5.320004e-02
  3.9942e+01     5.320004e-02
  3.9985e+01     5.320004e-02
  4.0028e+01     5.320004e-02
  4.0071e+01     5.320004e-02
  4.0114e+01     5.320004e-02
  4.0157e+01     5.320004e-02
  4.0200e+01     5.320004e-02
  4.0242e+01     5.320004e-02
  4.0285e+01     5.320004e-02
  4.0328e+01     5.320004e-02
  4.0371e+01     5.320004e-02
  4.0414e+01     5.320004e-02
  4.0457e+01     5.320004e-02
  4.0500e+01     5.320004e-02
  4.0542e+01     5.320004e-02
  4.0585e+01     5.320004e-02
  4.0628e+01     5.320004e-02
  4.0671e+01     5.320004e-02
  4.0714e+01     5.320004e-02
  4.0757e+01     5.320004e-02
  4.0800e+01     5.320004e-02
  4.0842e+01     5.320004e-02
  4.0885e+01     5.320004e-02
  4.0928e+01     5.320004e-02
  4.0971e+01     5.320004e-02
  4.1014e+01     5.320004e-02
  4.1057e+01     5.320004e-02
  4.1100e+01     5.320004e-02
  4.1142e+01     5.320004e-02
  4.1185e+01     5.320004e-02
  4.1228e+01     5.320004e-02
  4.1271e+01     5.320004e-02
  4.1314e+01     5.320004e-02
  4.1357e+01     5.320004e-02
  4.1400e+01     5.320004e-02
  4.1442e+01     5.320004e-02
  4.1485e+01     5.320004e-02
  4.1528e+01     5.320004e-02
  4.1571e+01     5.320004e-02
  4.1614e+01     5.320004e-02
  4.1657e+01     5.320004e-02
  4.1700e+01     5.320004e-02
  4.1742e+01     5.320004e-02
  4.1785e+01     5.320004e-02
  4.1828e+01     5.320004e-02
  4.1871e+01     5.320004e-02
  4.1914e+01     5.320004e-02
  4.1957e+01     5.320004e-02
  4.2000e+01     5.320004e-02
  4.2042e+01     5.320004e-02
  4.2085e+01     5.320004e-02
  4.2128e+01     5.320004e-02
  4.2171e+01     5.320004e-02
  4.2214e+01     5.320004e-02
  4.2257e+01     5.320004e-02
  4.2300e+01     5.320004e-02
  4.2342e+01     5.320004e-02
  4.2385e+01     5.320004e-02
  4.2428e+01     5.320004e-02
  4.2471e+01     5.320004e-02
  4.2514e+01     5.320004e-02
  4.2557e+01     5.320004e-02
  4.2600e+01     5.320004e-02
  4.2642e+01     5.320004e-02
  4.2685e+01     5.320004e-02
  4.2728e+01     5.320004e-02
  4.2771e+01     5.320004e-02
  4.2814e+01     5.320004e-02
  4.2857e+01     5.320004e-02
  4.2900e+01     5.320004e-02
  4.2942e+01     5.320004e-02
  4.2985e+01     5.320004e-02
  4.3028e+01     5.320004e-02
  4.3071e+01     5.320004e-02
  4.3114e+01     5.320004e-02
  4.3157e+01     5.320004e-02
  4.3200e+01     5.320004e-02
  4.3242e+01     5.320004e-02
  4.3285e+01     5.320004e-02
  4.3328e+01     5.320004e-02
  4.3371e+01     5.320004e-02
  4.3414e+01     5.320004e-02
  4.3457e+01     5.320004e-02
  4.3500e+01     5.320004e-02
  4.3542e+01     5.320004e-02
  4.3585e+01     5.320004e-02
  4.3628e+01     5.320004e-02
  4.3671e+01     5.320004e-02
  4.3714e+01     5.320004e-02
  4.3757e+01     5.320004e-02
  4.3800e+01     5.320004e-02
  4.3842e+01     5.320004e-02
  4.3885e+01     5.320004e-02
  4.3928e+01     5.320004e-02
  4.3971e+01     5.320004e-02
  4.4014e+01     5.320004e-02
  4.4057e+01     5.320004e-02
  4.4100e+01     5.320004e-02
  4.4142e+01     5.320004e-02
  4.4185e+01     5.320004e-02
  4.4228e+01     5.320004e-02
  4.4271e+01     5.320004e-02
  4.4314e+01     5.320004e-02
  4.4357e+01     5.320004e-02
  4.4400e+01     5.320004e-02
  4.4442e+01     5.320004e-02
  4.4485e+01     5.320004e-02
  4.4528e+01     5.320004e-02
  4.4571e+01     5.320004e-02
  4.4614e+01     5.320004e-02
  4.4657e+01     5.320004e-02
  4.4700e+01     5.320004e-02
  4.4742e+01     5.320004e-02
  4.4785e+01     5.320004e-02
  4.4828e+01     5.320004e-02
  4.4871e+01     5.320004e-02
  4.4914e+01     5.320004e-02
  4.4957e+01     5.320004e-02
  4.5000e+01     5.320004e-02
  4.5042e+01     5.320004e-02
  4.5085e+01     5.320004e-02
  4.5128e+01     5.320004e-02
  4.5171e+01     5.320004e-02
  4.5214e+01     5.320004e-02
  4.5257e+01     5.320004e-02
  4.5300e+01     5.320004e-02
  4.5342e+01     5.320004e-02
  4.5385e+01     5.320004e-02
  4.5428e+01     5.320004e-02
  4.5471e+01     5.320004e-02
  4.5514e+01     5.320004e-02
  4.5557e+01     5.320004e-02
  4.5600e+01     5.320004e-02
  4.5642e+01     5.320004e-02
  4.5685e+01     5.320004e-02
  4.5728e+01     5.320004e-02
  4.5771e+01     5.320004e-02
  4.5814e+01     5.320004e-02
  4.5857e+01     5.320004e-02
  4.5900e+01     5.320004e-02
  4.5942e+01     5.320004e-02
  4.5985e+01     5.320004e-02
  4.6028e+01     5.320004e-02
  4.6071e+01     5.320004e-02
  4.6114e+01     5.320004e-02
  4.6157e+01     5.320004e-02
  4.6200e+01     5.320004e-02
  4.6242e+01     5.320004e-02
  4.6285e+01     5.320004e-02
  4.6328e+01     5.320004e-02
  4.6371e+01     5.320004e-02
  4.6414e+01     5.320004e-02
  4.6457e+01     5.320004e-02
  4.6500e+01     5.320004e-02
  4.6542e+01     5.320004e-02
  4.6585e+01     5.320004e-02
  4.6628e+01     5.320004e-02
  4.6671e+01     5.320004e-02
  4.6714e+01     5.320004e-02
  4.6757e+01     5.320004e-02
  4.6800e+01     5.320004e-02
  4.6842e+01     5.320004e-02
  4.6885e+01     5.320004e-02
  4.6928e+01     5.320004e-02
  4.6971e+01     5.320004e-02
  4.7014e+01     5.320004e-02
  4.7057e+01     5.320004e-02
  4.7100e+01     5.320004e-02
  4.7142e+01     5.320004e-02
  4.7185e+01     5.320004e-02
  4.7228e+01     5.320004e-02
  4.7271e+01     5.320004e-02
  4.7314e+01     5.320004e-02
  4.7357e+01     5.320004e-02
  4.7400e+01     5.320004e-02
  4.7442e+01     5.320004e-02
  4.7485e+01     5.320004e-02
  4.7528e+01     5.320004e-02
  4.7571e+01     5.320004e-02
  4.7614e+01     5.320004e-02
  4.7657e+01     5.320004e-02
  4.7700e+01     5.320004e-02
  4.7742e+01     5.320004e-02
  4.7785e+01     5.320004e-02
  4.7828e+01     5.320004e-02
  4.7871e+01     5.320004e-02
  4.7914e+01     5.320004e-02
  4.7957e+01     5.320004e-02
  4.8000e+01     5.320004e-02
  4.8042e+01     5.320004e-02
  4.8085e+01     5.320004e-02
  4.8128e+01     5.320004e-02
  4.8171e+01     5.320004e-02
  4.8214e+01     5.320004e-02
  4.8257e+01     5.320004e-02
  4.8300e+01     5.320004e-02
  4.8342e+01     5.320004e-02
  4.8385e+01     5.320004e-02
  4.8428e+01     5.320004e-02
  4.8471e+01     5.320004e-02
  4.8514e+01     5.320004e-02
  4.8557e+01     5.320004e-02
  4.8600e+01     5.320004e-02
  4.8642e+01     5.320004e-02
  4.8685e+01     5.320004e-02
  4.8728e+01     5.320004e-02
  4.8771e+01     5.320004e-02
  4.8814e+01     5.320004e-02
  4.8857e+01     5.320004e-02
  4.8900e+01     5.320004e-02
  4.8942e+01     5.320004e-02
  4.8985e+01     5.320004e-02
  4.9028e+01     5.320004e-02
  4.9071e+01     5.320004e-02
  4.9114e+01     5.320004e-02
  4.9157e+01     5.320004e-02
  4.9200e+01     5.320004e-02
  4.9242e+01     5.320004e-02
  4.9285e+01     5.320004e-02
  4.9328e+01     5.320004e-02
  4.9371e+01     5.320004e-02
  4.9414e+01     5.320004e-02
  4.9457e+01     5.320004e-02
  4.9500e+01     5.320004e-02
  4.9542e+01     5.320004e-02
  4.9585e+01     5.320004e-02
  4.9628e+01     5.320004e-02
  4.9671e+01     5.320004e-02
  4.9714e+01     5.320004e-02
  4.9757e+01     5.320004e-02
  4.9800e+01     5.320004e-02
  4.9842e+01     5.320004e-02
  4.9885e+01     5.320004e-02
  4.9928e+01     5.320004e-02
  4.9971e+01     5.320004e-02
  5.0014e+01     5.320004e-02
  5.0057e+01     5.320004e-02
  5.0100e+01     5.320004e-02
  5.0142e+01     5.320004e-02
  5.0185e+01     5.320004e-02
  5.0228e+01     5.320004e-02
  5.0271e+01     5.320004e-02
  5.0314e+01     5.320004e-02
  5.0357e+01     5.320004e-02
  5.0400e+01     5.320004e-02
  5.0442e+01     5.320004e-02
  5.0485e+01     5.320004e-02
  5.0528e+01     5.320004e-02
  5.0571e+01     5.320004e-02
  5.0614e+01     5.320004e-02
  5.0657e+01     5.320004e-02
  5.0700e+01     5.320004e-02
  5.0742e+01     5.320004e-02
  5.0785e+01     5.320004e-02
  5.0828e+01     5.320004e-02
  5.0871e+01     5.320004e-02
  5.0914e+01     5.320004e-02
  5.0957e+01     5.320004e-02
  5.1000e+01     5.320004e-02
  5.1042e+01     5.320004e-02
  5.1085e+01     5.320004e-02
  5.1128e+01     5.320004e-02
  5.1171e+01     5.320004e-02
  5.1214e+01     5.320004e-02
  5.1257e+01     5.320004e-02
  5.1300e+01     5.320004e-02
  5.1342e+01     5.320004e-02
  5.1385e+01     5.320004e-02
  5.1428e+01     5.320004e-02
  5.1471e+01     5.320004e-02
  5.1514e+01     5.320004e-02
  5.1557e+01     5.320004e-02
  5.1600e+01     5.320004e-02
  5.1642e+01     5.320004e-02
  5.1685e+01     5.320004e-02
  5.1728e+01     5.320004e-02
  5.1771e+01     5.320004e-02
  5.1814e+01     5.320004e-02
  5.1857e+01     5.320004e-02
  5.1900e+01     5.320004e-02
  5.1942e+01     5.320004e-02
  5.1985e+01     5.320004e-02
  5.2028e+01     5.320004e-02
  5.2071e+01     5.320004e-02
  5.2114e+01     5.320004e-02
  5.2157e+01     5.320004e-02
  5.2200e+01     5.320004e-02
  5.2242e+01     5.320004e-02
  5.2285e+01     5.320004e-02
  5.2328e+01     5.320004e-02
  5.2371e+01     5.320004e-02
  5.2414e+01     5.320004e-02
  5.2457e+01     5.320004e-02
  5.2500e+01     5.320004e-02
  5.2542e+01     5.320004e-02
  5.2585e+01     5.320004e-02
  5.2628e+01     5.320004e-02
  5.2671e+01     5.320004e-02
  5.2714e+01     5.320004e-02
  5.2757e+01     5.320004e-02
  5.2800e+01     5.320004e-02
  5.2842e+01     5.320004e-02
  5.2885e+01     5.320004e-02
  5.2928e+01     5.320004e-02
  5.2971e+01     5.320004e-02
  5.3014e+01     5.320004e-02
  5.3057e+01     5.320004e-02
  5.3100e+01     5.320004e-02
  5.3142e+01     5.320004e-02
  5.3185e+01     5.320004e-02
  5.3228e+01     5.320004e-02
  5.3271e+01     5.320004e-02
  5.3314e+01     5.320004e-02
  5.3357e+01     5.320004e-02
  5.3400e+01     5.320004e-02
  5.3442e+01     5.320004e-02
  5.3485e+01     5.320004e-02
  5.3528e+01     5.320004e-02
  5.3571e+01     5.320004e-02
  5.3614e+01     5.320004e-02
  5.3657e+01     5.320004e-02
  5.3700e+01     5.320004e-02
  5.3742e+01     5.320004e-02
  5.3785e+01     5.320004e-02
  5.3828e+01     5.320004e-02
  5.3871e+01     5.320004e-02
  5.3914e+01     5.320004e-02
  5.3957e+01     5.320004e-02
  5.4000e+01     5.320004e-02
  5.4042e+01     5.320004e-02
  5.4085e+01     5.320004e-02
  5.4128e+01     5.320004e-02
  5.4171e+01     5.320004e-02
  5.4214e+01     5.320004e-02
  5.4257e+01     5.320004e-02
  5.4300e+01     5.320004e-02
  5.4342e+01     5.320004e-02
  5.4385e+01     5.320004e-02
  5.4428e+01     5.320004e-02
  5.4471e+01     5.320004e-02
  5.4514e+01     5.320004e-02
  5.4557e+01     5.320004e-02
  5.4600e+01     5.320004e-02
  5.4642e+01     5.320004e-02
  5.4685e+01     5.320004e-02
  5.4728e+01     5.320004e-02
  5.4771e+01     5.320004e-02
  5.4814e+01     5.320004e-02
  5.4857e+01     5.320004e-02
  5.4900e+01     5.320004e-02
  5.4942e+01     5.320004e-02
  5.4985e+01     5.320004e-02
  5.5028e+01     5.320004e-02
  5.5071e+01     5.320004e-02
  5.5114e+01     5.320004e-02
  5.5157e+01     5.320004e-02
  5.5200e+01     5.320004e-02
  5.5242e+01     5.320004e-02
  5.5285e+01     5.320004e-02
  5.5328e+01     5.320004e-02
  5.5371e+01     5.320004e-02
  5.5414e+01     5.320004e-02
  5.5457e+01     5.320004e-02
  5.5500e+01     5.320004e-02
  5.5542e+01     5.320004e-02
  5.5585e+01     5.320004e-02
  5.5628e+01     5.320004e-02
  5.5671e+01     5.320004e-02
  5.5714e+01     5.320004e-02
  5.5757e+01     5.320004e-02
  5.5800e+01     5.320004e-02
  5.5842e+01     5.320004e-02
  5.5885e+01     5.320004e-02
  5.5928e+01     5.320004e-02
  5.5971e+01     5.320004e-02
  5.6014e+01     5.320004e-02
  5.6057e+01     5.320004e-02
  5.6100e+01     5.320004e-02
  5.6142e+01     5.320004e-02
  5.6185e+01     5.320004e-02
  5.6228e+01     5.320004e-02
  5.6271e+01     5.320004e-02
  5.6314e+01     5.320004e-02
  5.6357e+01     5.320004e-02
  5.6400e+01     5.320004e-02
  5.6442e+01     5.320004e-02
  5.6485e+01     5.320004e-02
  5.6528e+01     5.320004e-02
  5.6571e+01     5.320004e-02
  5.6614e+01     5.320004e-02
  5.6657e+01     5.320004e-02
  5.6700e+01     5.320004e-02
  5.6742e+01     5.320004e-02
  5.6785e+01     5.320004e-02
  5.6828e+01     5.320004e-02
  5.6871e+01     5.320004e-02
  5.6914e+01     5.320004e-02
  5.6957e+01     5.320004e-02
  5.7000e+01     5.320004e-02
  5.7042e+01     5.320004e-02
  5.7085e+01     5.320004e-02
  5.7128e+01     5.320004e-02
  5.7171e+01     5.320004e-02
  5.7214e+01     5.320004e-02
  5.7257e+01     5.320004e-02
  5.7300e+01     5.320004e-02
  5.7342e+01     5.320004e-02
  5.7385e+01     5.320004e-02
  5.7428e+01     5.320004e-02
  5.7471e+01     5.320004e-02
  5.7514e+01     5.320004e-02
  5.7557e+01     5.320004e-02
  5.7600e+01     5.320004e-02
  5.7642e+01     5.320004e-02
  5.7685e+01     5.320004e-02
  5.7728e+01     5.320004e-02
  5.7771e+01     5.320004e-02
  5.7814e+01     5.320004e-02
  5.7857e+01     5.320004e-02
  5.7900e+01     5.320004e-02
  5.7942e+01     5.320004e-02
  5.7985e+01     5.320004e-02
  5.8028e+01     5.320004e-02
  5.8071e+01     5.320004e-02
  5.8114e+01     5.320004e-02
  5.8157e+01     5.320004e-02
  5.8200e+01     5.320004e-02
  5.8242e+01     5.320004e-02
  5.8285e+01     5.320004e-02
  5.8328e+01     5.320004e-02
  5.8371e+01     5.320004e-02
  5.8414e+01     5.320004e-02
  5.8457e+01     5.320004e-02
  5.8500e+01     5.320004e-02
  5.8542e+01     5.320004e-02
  5.8585e+01     5.320004e-02
  5.8628e+01     5.320004e-02
  5.8671e+01     5.320004e-02
  5.8714e+01     5.320004e-02
  5.8757e+01     5.320004e-02
  5.8800e+01     5.320004e-02
  5.8842e+01     5.320004e-02
  5.8885e+01     5.320004e-02
  5.8928e+01     5.320004e-02
  5.8971e+01     5.320004e-02
  5.9014e+01     5.320004e-02
  5.9057e+01     5.320004e-02
  5.9100e+01     5.320004e-02
  5.9142e+01     5.320004e-02
  5.9185e+01     5.320004e-02
  5.9228e+01     5.320004e-02
  5.9271e+01     5.320004e-02
  5.9314e+01     5.320004e-02
  5.9357e+01     5.320004e-02
  5.9400e+01     5.320004e-02
  5.9442e+01     5.320004e-02
  5.9485e+01     5.320004e-02
  5.9528e+01     5.320004e-02
  5.9571e+01     5.320004e-02
  5.9614e+01     5.320004e-02
  5.9657e+01     5.320004e-02
  5.9700e+01     5.320004e-02
  5.9742e+01     5.320004e-02
  5.9785e+01     5.320004e-02
  5.9828e+01     5.320004e-02
  5.9871e+01     5.320004e-02
  5.9914e+01     5.320004e-02
  5.9957e+01     5.320004e-02
