# Epidemic | reproduction number
# [ x-unit: transmission cycles | y-unit: persons infected by one sick person ]
  0.0000e+00     1.124988e+00
  4.2857e-02     1.124988e+00
  8.5714e-02     1.124987e+00
  1.2857e-01     1.124987e+00
  1.7143e-01     1.124986e+00
  2.1429e-01     1.124985e+00
  2.5714e-01     1.124985e+00
  3.0000e-01     1.124984e+00
  3.4286e-01     1.124984e+00
  3.8571e-01     1.124983e+00
  4.2857e-01     1.124982e+00
  4.7143e-01     1.124982e+00
  5.1429e-01     1.124981e+00
  5.5714e-01     1.124981e+00
  6.0000e-01     1.124980e+00
  6.4286e-01     1.124979e+00
  6.8571e-01     1.124979e+00
  7.2857e-01     1.124978e+00
  7.7143e-01     1.124977e+00
  8.1429e-01     1.124977e+00
  8.5714e-01     1.124976e+00
  9.0000e-01     1.124976e+00
  9.4286e-01     1.124975e+00
  9.8571e-01     1.124974e+00
  1.0285e+00     1.124974e+00
  1.0714e+00     1.124973e+00
  1.1142e+00     1.124972e+00
  1.1571e+00     1.124972e+00
  1.2000e+00     1.124971e+00
  1.2428e+00     1.124970e+00
  1.2857e+00     1.124970e+00
  1.3285e+00     1.124969e+00
  1.3714e+00     1.124968e+00
  1.4142e+00     1.124968e+00
  1.4571e+00     1.124967e+00
  1.5000e+00     1.124966e+00
  1.5428e+00     1.124965e+00
  1.5857e+00     1.124965e+00
  1.6285e+00     1.124964e+00
  1.6714e+00     1.124963e+00
  1.7142e+00     1.124963e+00
  1.7571e+00     1.124962e+00
  1.8000e+00     1.124961e+00
  1.8428e+00     1.124960e+00
  1.8857e+00     1.124960e+00
  1.9285e+00     1.124959e+00
  1.9714e+00     1.124958e+00
  2.0142e+00     1.124958e+00
  2.0571e+00     1.124957e+00
  2.1000e+00     1.124956e+00
  2.1428e+00     1.124955e+00
  2.1857e+00     1.124955e+00
  2.2285e+00     1.124954e+00
  2.2714e+00     1.124953e+00
  2.3142e+00     1.124952e+00
  2.3571e+00     1.124952e+00
  2.4000e+00     1.124951e+00
  2.4428e+00     1.124950e+00
  2.4857e+00     1.124949e+00
  2.5285e+00     1.124948e+00
  2.5714e+00     1.124948e+00
  2.6142e+00     1.124947e+00
  2.6571e+00     1.124946e+00
  2.7000e+00     1.124945e+00
  2.7428e+00     1.124944e+00
  2.7857e+00     1.124944e+00
  2.8285e+00     1.124943e+00
  2.8714e+00     1.124942e+00
  2.9142e+00     1.124941e+00
  2.9571e+00     1.124940e+00
  3.0000e+00     1.124940e+00
  3.0428e+00     1.124939e+00
  3.0857e+00     1.124938e+00
  3.1285e+00     1.124937e+00
  3.1714e+00     1.124936e+00
  3.2142e+00     1.124935e+00
  3.2571e+00     1.124934e+00
  3.3000e+00     1.124934e+00
  3.3428e+00     1.124933e+00
  3.3857e+00     1.124932e+00
  3.4285e+00     1.124931e+00
  3.4714e+00     1.124930e+00
  3.5142e+00     1.124929e+00
  3.5571e+00     1.124928e+00
  3.6000e+00     1.124928e+00
  3.6428e+00     1.124927e+00
  3.6857e+00     1.124926e+00
  3.7285e+00     1.124925e+00
  3.7714e+00     1.124924e+00
  3.8142e+00     1.124923e+00
  3.8571e+00     1.124922e+00
  3.9000e+00     1.124921e+00
  3.9428e+00     1.124920e+00
  3.9857e+00     1.124919e+00
  4.0285e+00     1.124918e+00
  4.0714e+00     1.124917e+00
  4.1142e+00     1.124917e+00
  4.1571e+00     1.124916e+00
  4.2000e+00     1.124915e+00
  4.2428e+00     1.124914e+00
  4.2857e+00     1.124913e+00
  4.3285e+00     1.124912e+00
  4.3714e+00     1.124911e+00
  4.4142e+00     1.124910e+00
  4.4571e+00     1.124909e+00
  4.5000e+00     1.124908e+00
  4.5428e+00     1.124907e+00
  4.5857e+00     1.124906e+00
  4.6285e+00     1.124905e+00
  4.6714e+00     1.124904e+00
  4.7142e+00     1.124903e+00
  4.7571e+00     1.124902e+00
  4.8000e+00     1.124901e+00
  4.8428e+00     1.124900e+00
  4.8857e+00     1.124899e+00
  4.9285e+00     1.124898e+00
  4.9714e+00     1.124897e+00
  5.0142e+00     1.124896e+00
  5.0571e+00     1.124895e+00
  5.1000e+00     1.124893e+00
  5.1428e+00     1.124892e+00
  5.1857e+00     1.124891e+00
  5.2285e+00     1.124890e+00
  5.2714e+00     1.124889e+00
  5.3142e+00     1.124888e+00
  5.3571e+00     1.124887e+00
  5.4000e+00     1.124886e+00
  5.4428e+00     1.124885e+00
  5.4857e+00     1.124884e+00
  5.5285e+00     1.124883e+00
  5.5714e+00     1.124881e+00
  5.6142e+00     1.124880e+00
  5.6571e+00     1.124879e+00
  5.7000e+00     1.124878e+00
  5.7428e+00     1.124877e+00
  5.7857e+00     1.124876e+00
  5.8285e+00     1.124875e+00
  5.8714e+00     1.124873e+00
  5.9142e+00     1.124872e+00
  5.9571e+00     1.124871e+00
  6.0000e+00     1.124870e+00
  6.0428e+00     1.124869e+00
  6.0857e+00     1.124868e+00
  6.1285e+00     1.124866e+00
  6.1714e+00     1.124865e+00
  6.2142e+00     1.124864e+00
  6.2571e+00     1.124863e+00
  6.3000e+00     1.124862e+00
  6.3428e+00     1.124860e+00
  6.3857e+00     1.124859e+00
  6.4285e+00     1.124858e+00
  6.4714e+00     1.124857e+00
  6.5142e+00     1.124855e+00
  6.5571e+00     1.124854e+00
  6.6000e+00     1.124853e+00
  6.6428e+00     1.124852e+00
  6.6857e+00     1.124850e+00
  6.7285e+00     1.124849e+00
  6.7714e+00     1.124848e+00
  6.8142e+00     1.124846e+00
  6.8571e+00     1.124845e+00
  6.9000e+00     1.124844e+00
  6.9428e+00     1.124842e+00
  6.9857e+00     1.124841e+00
  7.0285e+00     1.124840e+00
  7.0714e+00     1.124839e+00
  7.1142e+00     1.124837e+00
  7.1571e+00     1.124836e+00
  7.2000e+00     1.124834e+00
  7.2428e+00     1.124833e+00
  7.2857e+00     1.124832e+00
  7.3285e+00     1.124830e+00
  7.3714e+00     1.124829e+00
  7.4142e+00     1.124828e+00
  7.4571e+00     1.124826e+00
  7.5000e+00     1.124825e+00
  7.5428e+00     1.124823e+00
  7.5857e+00     1.124822e+00
  7.6285e+00     1.124821e+00
  7.6714e+00     1.124819e+00
  7.7142e+00     1.124818e+00
  7.7571e+00     1.124816e+00
  7.8000e+00     1.124815e+00
  7.8428e+00     1.124813e+00
  7.8857e+00     1.124812e+00
  7.9285e+00     1.124810e+00
  7.9714e+00     1.124809e+00
  8.0142e+00     1.124807e+00
  8.0571e+00     1.124806e+00
  8.1000e+00     1.124804e+00
  8.1428e+00     1.124803e+00
  8.1857e+00     1.124801e+00
  8.2285e+00     1.124800e+00
  8.2714e+00     1.124798e+00
  8.3142e+00     1.124797e+00
  8.3571e+00     1.124795e+00
  8.4000e+00     1.124794e+00
  8.4428e+00     1.124792e+00
  8.4857e+00     1.124790e+00
  8.5285e+00     1.124789e+00
  8.5714e+00     1.124787e+00
  8.6142e+00     1.124786e+00
  8.6571e+00     1.124784e+00
  8.7000e+00     1.124782e+00
  8.7428e+00     1.124781e+00
  8.7857e+00     1.124779e+00
  8.8285e+00     1.124778e+00
  8.8714e+00     1.124776e+00
  8.9142e+00     1.124774e+00
  8.9571e+00     1.124773e+00
  9.0000e+00     1.124771e+00
  9.0428e+00     1.124769e+00
  9.0857e+00     1.124768e+00
  9.1285e+00     1.124766e+00
  9.1714e+00     1.124764e+00
  9.2142e+00     1.124762e+00
  9.2571e+00     1.124761e+00
  9.3000e+00     1.124759e+00
  9.3428e+00     1.124757e+00
  9.3857e+00     1.124755e+00
  9.4285e+00     1.124754e+00
  9.4714e+00     1.124752e+00
  9.5142e+00     1.124750e+00
  9.5571e+00     1.124748e+00
  9.6000e+00     1.124747e+00
  9.6428e+00     1.124745e+00
  9.6857e+00     1.124743e+00
  9.7285e+00     1.124741e+00
  9.7714e+00     1.124739e+00
  9.8142e+00     1.124737e+00
  9.8571e+00     1.124736e+00
  9.9000e+00     1.124734e+00
  9.9428e+00     1.124732e+00
  9.9857e+00     1.124730e+00
  1.0028e+01     1.124728e+00
  1.0071e+01     1.124726e+00
  1.0114e+01     1.124724e+00
  1.0157e+01     1.124722e+00
  1.0200e+01     1.124720e+00
  1.0242e+01     1.124718e+00
  1.0285e+01     1.124717e+00
  1.0328e+01     1.124715e+00
  1.0371e+01     1.124713e+00
  1.0414e+01     1.124711e+00
  1.0457e+01     1.124709e+00
  1.0500e+01     1.124707e+00
  1.0542e+01     1.124705e+00
  1.0585e+01     1.124703e+00
  1.0628e+01     1.124701e+00
  1.0671e+01     1.124699e+00
  1.0714e+01     1.124696e+00
  1.0757e+01     1.124694e+00
  1.0800e+01     1.124692e+00
  1.0842e+01     1.124690e+00
  1.0885e+01     1.124688e+00
  1.0928e+01     1.124686e+00
  1.0971e+01     1.124684e+00
  1.1014e+01     1.124682e+00
  1.1057e+01     1.124680e+00
  1.1100e+01     1.124678e+00
  1.1142e+01     1.124675e+00
  1.1185e+01     1.124673e+00
  1.1228e+01     1.124671e+00
  1.1271e+01     1.124669e+00
  1.1314e+01     1.124667e+00
  1.1357e+01     1.124664e+00
  1.1400e+01     1.124662e+00
  1.1442e+01     1.124660e+00
  1.1485e+01     1.124658e+00
  1.1528e+01     1.124656e+00
  1.1571e+01     1.124653e+00
  1.1614e+01     1.124651e+00
  1.1657e+01     1.124649e+00
  1.1700e+01     1.124646e+00
  1.1742e+01     1.124644e+00
  1.1785e+01     1.124642e+00
  1.1828e+01     1.124639e+00
  1.1871e+01     1.124637e+00
  1.1914e+01     1.124635e+00
  1.1957e+01     1.124632e+00
  1.2000e+01     1.124630e+00
  1.2042e+01     1.124628e+00
  1.2085e+01     1.124625e+00
  1.2128e+01     1.124623e+00
  1.2171e+01     1.124620e+00
  1.2214e+01     1.124618e+00
  1.2257e+01     1.124615e+00
  1.2300e+01     1.124613e+00
  1.2342e+01     1.124610e+00
  1.2385e+01     1.124608e+00
  1.2428e+01     1.124605e+00
  1.2471e+01     1.124603e+00
  1.2514e+01     1.124600e+00
  1.2557e+01     1.124598e+00
  1.2600e+01     1.124595e+00
  1.2642e+01     1.124593e+00
  1.2685e+01     1.124590e+00
  1.2728e+01     1.124588e+00
  1.2771e+01     1.124585e+00
  1.2814e+01     1.124582e+00
  1.2857e+01     1.124580e+00
  1.2900e+01     1.124577e+00
  1.2942e+01     1.124574e+00
  1.2985e+01     1.124572e+00
  1.3028e+01     1.124569e+00
  1.3071e+01     1.124566e+00
  1.3114e+01     1.124564e+00
  1.3157e+01     1.124561e+00
  1.3200e+01     1.124558e+00
  1.3242e+01     1.124555e+00
  1.3285e+01     1.124553e+00
  1.3328e+01     1.124550e+00
  1.3371e+01     1.124547e+00
  1.3414e+01     1.124544e+00
  1.3457e+01     1.124541e+00
  1.3500e+01     1.124539e+00
  1.3542e+01     1.124536e+00
  1.3585e+01     1.124533e+00
  1.3628e+01     1.124530e+00
  1.3671e+01     1.124527e+00
  1.3714e+01     1.124524e+00
  1.3757e+01     1.124521e+00
  1.3800e+01     1.124518e+00
  1.3842e+01     1.124515e+00
  1.3885e+01     1.124512e+00
  1.3928e+01     1.124509e+00
  1.3971e+01     1.124506e+00
  1.4014e+01     1.124503e+00
  1.4057e+01     1.124500e+00
  1.4100e+01     1.124497e+00
  1.4142e+01     1.124494e+00
  1.4185e+01     1.124491e+00
  1.4228e+01     1.124488e+00
  1.4271e+01     1.124485e+00
  1.4314e+01     1.124482e+00
  1.4357e+01     1.124479e+00
  1.4400e+01     1.124475e+00
  1.4442e+01     1.124472e+00
  1.4485e+01     1.124469e+00
  1.4528e+01     1.124466e+00
  1.4571e+01     1.124463e+00
  1.4614e+01     1.124459e+00
  1.4657e+01     1.124456e+00
  1.4700e+01     1.124453e+00
  1.4742e+01     1.124450e+00
  1.4785e+01     1.124446e+00
  1.4828e+01     1.124443e+00
  1.4871e+01     1.124440e+00
  1.4914e+01     1.124436e+00
  1.4957e+01     1.124433e+00
  1.5000e+01     1.124429e+00
  1.5042e+01     1.124426e+00
  1.5085e+01     1.124423e+00
  1.5128e+01     1.124419e+00
  1.5171e+01     1.124416e+00
  1.5214e+01     1.124412e+00
  1.5257e+01     1.124409e+00
  1.5300e+01     1.124405e+00
  1.5342e+01     1.124402e+00
  1.5385e+01     1.124398e+00
  1.5428e+01     1.124395e+00
  1.5471e+01     1.124391e+00
  1.5514e+01     1.124387e+00
  1.5557e+01     1.124384e+00
  1.5600e+01     1.124380e+00
  1.5642e+01     1.124377e+00
  1.5685e+01     1.124373e+00
  1.5728e+01     1.124369e+00
  1.5771e+01     1.124365e+00
  1.5814e+01     1.124362e+00
  1.5857e+01     1.124358e+00
  1.5900e+01     1.124354e+00
  1.5942e+01     1.124350e+00
  1.5985e+01     1.124347e+00
  1.6028e+01     1.124343e+00
  1.6071e+01     1.124339e+00
  1.6114e+01     1.124335e+00
  1.6157e+01     1.124331e+00
  1.6200e+01     1.124327e+00
  1.6242e+01     1.124323e+00
  1.6285e+01     1.124319e+00
  1.6328e+01     1.124316e+00
  1.6371e+01     1.124312e+00
  1.6414e+01     1.124308e+00
  1.6457e+01     1.124304e+00
  1.6500e+01     1.124299e+00
  1.6542e+01     1.124295e+00
  1.6585e+01     1.124291e+00
  1.6628e+01     1.124287e+00
  1.6671e+01     1.124283e+00
  1.6714e+01     1.124279e+00
  1.6757e+01     1.124275e+00
  1.6800e+01     1.124271e+00
  1.6842e+01     1.124266e+00
  1.6885e+01     1.124262e+00
  1.6928e+01     1.124258e+00
  1.6971e+01     1.124254e+00
  1.7014e+01     1.124249e+00
  1.7057e+01     1.124245e+00
  1.7100e+01     1.124241e+00
  1.7142e+01     1.124236e+00
  1.7185e+01     1.124232e+00
  1.7228e+01     1.124228e+00
  1.7271e+01     1.124223e+00
  1.7314e+01     1.124219e+00
  1.7357e+01     1.124214e+00
  1.7400e+01     1.124210e+00
  1.7442e+01     1.124205e+00
  1.7485e+01     1.124201e+00
  1.7528e+01     1.124196e+00
  1.7571e+01     1.124192e+00
  1.7614e+01     1.124187e+00
  1.7657e+01     1.124182e+00
  1.7700e+01     1.124178e+00
  1.7742e+01     1.124173e+00
  1.7785e+01     1.124168e+00
  1.7828e+01     1.124164e+00
  1.7871e+01     1.124159e+00
  1.7914e+01     1.124154e+00
  1.7957e+01     1.124149e+00
  1.8000e+01     1.124144e+00
  1.8042e+01     1.124140e+00
  1.8085e+01     1.124135e+00
  1.8128e+01     1.124130e+00
  1.8171e+01     1.124125e+00
  1.8214e+01     1.124120e+00
  1.8257e+01     1.124115e+00
  1.8300e+01     1.124110e+00
  1.8342e+01     1.124105e+00
  1.8385e+01     1.124100e+00
  1.8428e+01     1.124095e+00
  1.8471e+01     1.124090e+00
  1.8514e+01     1.124085e+00
  1.8557e+01     1.124080e+00
  1.8600e+01     1.124074e+00
  1.8642e+01     1.124069e+00
  1.8685e+01     1.124064e+00
  1.8728e+01     1.124059e+00
  1.8771e+01     1.124054e+00
  1.8814e+01     1.124048e+00
  1.8857e+01     1.124043e+00
  1.8900e+01     1.124038e+00
  1.8942e+01     1.124032e+00
  1.8985e+01     1.124027e+00
  1.9028e+01     1.124021e+00
  1.9071e+01     1.124016e+00
  1.9114e+01     1.124010e+00
  1.9157e+01     1.124005e+00
  1.9200e+01     1.123999e+00
  1.9242e+01     1.123994e+00
  1.9285e+01     1.123988e+00
  1.9328e+01     1.123983e+00
  1.9371e+01     1.123977e+00
  1.9414e+01     1.123971e+00
  1.9457e+01     1.123965e+00
  1.9500e+01     1.123960e+00
  1.9542e+01     1.123954e+00
  1.9585e+01     1.123948e+00
  1.9628e+01     1.123942e+00
  1.9671e+01     1.123937e+00
  1.9714e+01     1.123931e+00
  1.9757e+01     1.123925e+00
  1.9800e+01     1.123919e+00
  1.9842e+01     1.123913e+00
  1.9885e+01     1.123907e+00
  1.9928e+01     1.123901e+00
  1.9971e+01     1.123895e+00
  2.0014e+01     1.123889e+00
  2.0057e+01     1.123882e+00
  2.0100e+01     1.123876e+00
  2.0142e+01     1.123870e+00
  2.0185e+01     1.123864e+00
  2.0228e+01     1.123858e+00
  2.0271e+01     1.123851e+00
  2.0314e+01     1.123845e+00
  2.0357e+01     1.123839e+00
  2.0400e+01     1.123832e+00
  2.0442e+01     1.123826e+00
  2.0485e+01     1.123819e+00
  2.0528e+01     1.123813e+00
  2.0571e+01     1.123807e+00
  2.0614e+01     1.123800e+00
  2.0657e+01     1.123793e+00
  2.0700e+01     1.123787e+00
  2.0742e+01     1.123780e+00
  2.0785e+01     1.123773e+00
  2.0828e+01     1.123767e+00
  2.0871e+01     1.123760e+00
  2.0914e+01     1.123753e+00
  2.0957e+01     1.123746e+00
  2.1000e+01     1.123740e+00
  2.1042e+01     1.123733e+00
  2.1085e+01     1.123726e+00
  2.1128e+01     1.123719e+00
  2.1171e+01     1.123712e+00
  2.1214e+01     1.123705e+00
  2.1257e+01     1.123698e+00
  2.1300e+01     1.123691e+00
  2.1342e+01     1.123684e+00
  2.1385e+01     1.123677e+00
  2.1428e+01     1.123669e+00
  2.1471e+01     1.123662e+00
  2.1514e+01     1.123655e+00
  2.1557e+01     1.123648e+00
  2.1600e+01     1.123640e+00
  2.1642e+01     1.123633e+00
  2.1685e+01     1.123625e+00
  2.1728e+01     1.123618e+00
  2.1771e+01     1.123611e+00
  2.1814e+01     1.123603e+00
  2.1857e+01     1.123595e+00
  2.1900e+01     1.123588e+00
  2.1942e+01     1.123580e+00
  2.1985e+01     1.123573e+00
  2.2028e+01     1.123565e+00
  2.2071e+01     1.123557e+00
  2.2114e+01     1.123549e+00
  2.2157e+01     1.123541e+00
  2.2200e+01     1.123534e+00
  2.2242e+01     1.123526e+00
  2.2285e+01     1.123518e+00
  2.2328e+01     1.123510e+00
  2.2371e+01     1.123502e+00
  2.2414e+01     1.123494e+00
  2.2457e+01     1.123486e+00
  2.2500e+01     1.123477e+00
  2.2542e+01     1.123469e+00
  2.2585e+01     1.123461e+00
  2.2628e+01     1.123453e+00
  2.2671e+01     1.123444e+00
  2.2714e+01     1.123436e+00
  2.2757e+01     1.123428e+00
  2.2800e+01     1.123419e+00
  2.2842e+01     1.123411e+00
  2.2885e+01     1.123402e+00
  2.2928e+01     1.123394e+00
  2.2971e+01     1.123385e+00
  2.3014e+01     1.123376e+00
  2.3057e+01     1.123368e+00
  2.3100e+01     1.123359e+00
  2.3142e+01     1.123350e+00
  2.3185e+01     1.123341e+00
  2.3228e+01     1.123333e+00
  2.3271e+01     1.123324e+00
  2.3314e+01     1.123315e+00
  2.3357e+01     1.123306e+00
  2.3400e+01     1.123297e+00
  2.3442e+01     1.123288e+00
  2.3485e+01     1.123278e+00
  2.3528e+01     1.123269e+00
  2.3571e+01     1.123260e+00
  2.3614e+01     1.123251e+00
  2.3657e+01     1.123241e+00
  2.3700e+01     1.123232e+00
  2.3742e+01     1.123223e+00
  2.3785e+01     1.123213e+00
  2.3828e+01     1.123204e+00
  2.3871e+01     1.123194e+00
  2.3914e+01     1.123185e+00
  2.3957e+01     1.123175e+00
  2.4000e+01     1.123165e+00
  2.4042e+01     1.123155e+00
  2.4085e+01     1.123146e+00
  2.4128e+01     1.123136e+00
  2.4171e+01     1.123126e+00
  2.4214e+01     1.123116e+00
  2.4257e+01     1.123106e+00
  2.4300e+01     1.123096e+00
  2.4342e+01     1.123086e+00
  2.4385e+01     1.123076e+00
  2.4428e+01     1.123066e+00
  2.4471e+01     1.123055e+00
  2.4514e+01     1.123045e+00
  2.4557e+01     1.123035e+00
  2.4600e+01     1.123024e+00
  2.4642e+01     1.123014e+00
  2.4685e+01     1.123003e+00
  2.4728e+01     1.122993e+00
  2.4771e+01     1.122982e+00
  2.4814e+01     1.122971e+00
  2.4857e+01     1.122961e+00
  2.4900e+01     1.122950e+00
  2.4942e+01     1.122939e+00
  2.4985e+01     1.122928e+00
  2.5028e+01     1.122917e+00
  2.5071e+01     1.122906e+00
  2.5114e+01     1.122895e+00
  2.5157e+01     1.122884e+00
  2.5200e+01     1.122873e+00
  2.5242e+01     1.122862e+00
  2.5285e+01     1.122851e+00
  2.5328e+01     1.122839e+00
  2.5371e+01     1.122828e+00
  2.5414e+01     1.122817e+00
  2.5457e+01     1.122805e+00
  2.5500e+01     1.122794e+00
  2.5542e+01     1.122782e+00
  2.5585e+01     1.122770e+00
  2.5628e+01     1.122759e+00
  2.5671e+01     1.122747e+00
  2.5714e+01     1.122735e+00
  2.5757e+01     1.122723e+00
  2.5800e+01     1.122711e+00
  2.5842e+01     1.122699e+00
  2.5885e+01     1.122687e+00
  2.5928e+01     1.122675e+00
  2.5971e+01     1.122663e+00
  2.6014e+01     1.122650e+00
  2.6057e+01     1.122638e+00
  2.6100e+01     1.122626e+00
  2.6142e+01     1.122613e+00
  2.6185e+01     1.122601e+00
  2.6228e+01     1.122588e+00
  2.6271e+01     1.122576e+00
  2.6314e+01     1.122563e+00
  2.6357e+01     1.122550e+00
  2.6400e+01     1.122537e+00
  2.6442e+01     1.122525e+00
  2.6485e+01     1.122512e+00
  2.6528e+01     1.122499e+00
  2.6571e+01     1.122486e+00
  2.6614e+01     1.122472e+00
  2.6657e+01     1.122459e+00
  2.6700e+01     1.122446e+00
  2.6742e+01     1.122433e+00
  2.6785e+01     1.122419e+00
  2.6828e+01     1.122406e+00
  2.6871e+01     1.122392e+00
  2.6914e+01     1.122379e+00
  2.6957e+01     1.122365e+00
  2.7000e+01     1.122351e+00
  2.7042e+01     1.122338e+00
  2.7085e+01     1.122324e+00
  2.7128e+01     1.122310e+00
  2.7171e+01     1.122296e+00
  2.7214e+01     1.122282e+00
  2.7257e+01     1.122268e+00
  2.7300e+01     1.122253e+00
  2.7342e+01     1.122239e+00
  2.7385e+01     1.122225e+00
  2.7428e+01     1.122210e+00
  2.7471e+01     1.122196e+00
  2.7514e+01     1.122181e+00
  2.7557e+01     1.122167e+00
  2.7600e+01     1.122152e+00
  2.7642e+01     1.122137e+00
  2.7685e+01     1.122122e+00
  2.7728e+01     1.122107e+00
  2.7771e+01     1.122092e+00
  2.7814e+01     1.122077e+00
  2.7857e+01     1.122062e+00
  2.7900e+01     1.122047e+00
  2.7942e+01     1.122032e+00
  2.7985e+01     1.122016e+00
  2.8028e+01     1.122001e+00
  2.8071e+01     1.121985e+00
  2.8114e+01     1.121970e+00
  2.8157e+01     1.121954e+00
  2.8200e+01     1.121938e+00
  2.8242e+01     1.121922e+00
  2.8285e+01     1.121906e+00
  2.8328e+01     1.121890e+00
  2.8371e+01     1.121874e+00
  2.8414e+01     1.121858e+00
  2.8457e+01     1.121842e+00
  2.8500e+01     1.121826e+00
  2.8542e+01     1.121809e+00
  2.8585e+01     1.121793e+00
  2.8628e+01     1.121776e+00
  2.8671e+01     1.121760e+00
  2.8714e+01     1.121743e+00
  2.8757e+01     1.121726e+00
  2.8800e+01     1.121709e+00
  2.8842e+01     1.121692e+00
  2.8885e+01     1.121675e+00
  2.8928e+01     1.121658e+00
  2.8971e+01     1.121641e+00
  2.9014e+01     1.121623e+00
  2.9057e+01     1.121606e+00
  2.9100e+01     1.121589e+00
  2.9142e+01     1.121571e+00
  2.9185e+01     1.121553e+00
  2.9228e+01     1.121536e+00
  2.9271e+01     1.121518e+00
  2.9314e+01     1.121500e+00
  2.9357e+01     1.121482e+00
  2.9400e+01     1.121464e+00
  2.9442e+01     1.121446e+00
  2.9485e+01     1.121427e+00
  2.9528e+01     1.121409e+00
  2.9571e+01     1.121390e+00
  2.9614e+01     1.121372e+00
  2.9657e+01     1.121353e+00
  2.9700e+01     1.121335e+00
  2.9742e+01     1.121316e+00
  2.9785e+01     1.121297e+00
  2.9828e+01     1.121278e+00
  2.9871e+01     1.121259e+00
  2.9914e+01     1.121240e+00
  2.9957e+01     1.121220e+00
  3.0000e+01     1.121201e+00
  3.0042e+01     1.121181e+00
  3.0085e+01     1.121162e+00
  3.0128e+01     1.121142e+00
  3.0171e+01     1.121122e+00
  3.0214e+01     1.121103e+00
  3.0257e+01     1.121083e+00
  3.0300e+01     1.121063e+00
  3.0342e+01     1.121042e+00
  3.0385e+01     1.121022e+00
  3.0428e+01     1.121002e+00
  3.0471e+01     1.120981e+00
  3.0514e+01     1.120961e+00
  3.0557e+01     1.120940e+00
  3.0600e+01     1.120919e+00
  3.0642e+01     1.120899e+00
  3.0685e+01     1.120878e+00
  3.0728e+01     1.120857e+00
  3.0771e+01     1.120835e+00
  3.0814e+01     1.120814e+00
  3.0857e+01     1.120793e+00
  3.0900e+01     1.120771e+00
  3.0942e+01     1.120750e+00
  3.0985e+01     1.120728e+00
  3.1028e+01     1.120706e+00
  3.1071e+01     1.120684e+00
  3.1114e+01     1.120662e+00
  3.1157e+01     1.120640e+00
  3.1200e+01     1.120618e+00
  3.1242e+01     1.120596e+00
  3.1285e+01     1.120573e+00
  3.1328e+01     1.120551e+00
  3.1371e+01     1.120528e+00
  3.1414e+01     1.120505e+00
  3.1457e+01     1.120482e+00
  3.1500e+01     1.120459e+00
  3.1542e+01     1.120436e+00
  3.1585e+01     1.120413e+00
  3.1628e+01     1.120390e+00
  3.1671e+01     1.120366e+00
  3.1714e+01     1.120343e+00
  3.1757e+01     1.120319e+00
  3.1800e+01     1.120295e+00
  3.1842e+01     1.120271e+00
  3.1885e+01     1.120247e+00
  3.1928e+01     1.120223e+00
  3.1971e+01     1.120199e+00
  3.2014e+01     1.120174e+00
  3.2057e+01     1.120150e+00
  3.2100e+01     1.120125e+00
  3.2142e+01     1.120101e+00
  3.2185e+01     1.120076e+00
  3.2228e+01     1.120051e+00
  3.2271e+01     1.120026e+00
  3.2314e+01     1.120000e+00
  3.2357e+01     1.119975e+00
  3.2400e+01     1.119950e+00
  3.2442e+01     1.119924e+00
  3.2485e+01     1.119898e+00
  3.2528e+01     1.119872e+00
  3.2571e+01     1.119847e+00
  3.2614e+01     1.119820e+00
  3.2657e+01     1.119794e+00
  3.2700e+01     1.119768e+00
  3.2742e+01     1.119741e+00
  3.2785e+01     1.119715e+00
  3.2828e+01     1.119688e+00
  3.2871e+01     1.119661e+00
  3.2914e+01     1.119634e+00
  3.2957e+01     1.119607e+00
  3.3000e+01     1.119580e+00
  3.3042e+01     1.119552e+00
  3.3085e+01     1.119525e+00
  3.3128e+01     1.119497e+00
  3.3171e+01     1.119469e+00
  3.3214e+01     1.119441e+00
  3.3257e+01     1.119413e+00
  3.3300e+01     1.119385e+00
  3.3342e+01     1.119357e+00
  3.3385e+01     1.119328e+00
  3.3428e+01     1.119300e+00
  3.3471e+01     1.119271e+00
  3.3514e+01     1.119242e+00
  3.3557e+01     1.119213e+00
  3.3600e+01     1.119184e+00
  3.3642e+01     1.119155e+00
  3.3685e+01     1.119125e+00
  3.3728e+01     1.119096e+00
  3.3771e+01     1.119066e+00
  3.3814e+01     1.119036e+00
  3.3857e+01     1.119006e+00
  3.3900e+01     1.118976e+00
  3.3942e+01     1.118946e+00
  3.3985e+01     1.118915e+00
  3.4028e+01     1.118884e+00
  3.4071e+01     1.118854e+00
  3.4114e+01     1.118823e+00
  3.4157e+01     1.118792e+00
  3.4200e+01     1.118761e+00
  3.4242e+01     1.118729e+00
  3.4285e+01     1.118698e+00
  3.4328e+01     1.118666e+00
  3.4371e+01     1.118634e+00
  3.4414e+01     1.118602e+00
  3.4457e+01     1.118570e+00
  3.4500e+01     1.118538e+00
  3.4542e+01     1.118505e+00
  3.4585e+01     1.118473e+00
  3.4628e+01     1.118440e+00
  3.4671e+01     1.118407e+00
  3.4714e+01     1.118374e+00
  3.4757e+01     1.118341e+00
  3.4800e+01     1.118308e+00
  3.4842e+01     1.118274e+00
  3.4885e+01     1.118240e+00
  3.4928e+01     1.118207e+00
  3.4971e+01     1.118173e+00
  3.5014e+01     1.118138e+00
  3.5057e+01     1.118104e+00
  3.5100e+01     1.118069e+00
  3.5142e+01     1.118035e+00
  3.5185e+01     1.118000e+00
  3.5228e+01     1.117965e+00
  3.5271e+01     1.117930e+00
  3.5314e+01     1.117894e+00
  3.5357e+01     1.117859e+00
  3.5400e+01     1.117823e+00
  3.5442e+01     1.117787e+00
  3.5485e+01     1.117751e+00
  3.5528e+01     1.117715e+00
  3.5571e+01     1.117679e+00
  3.5614e+01     1.117642e+00
  3.5657e+01     1.117606e+00
  3.5700e+01     1.117569e+00
  3.5742e+01     1.117532e+00
  3.5785e+01     1.117494e+00
  3.5828e+01     1.117457e+00
  3.5871e+01     1.117419e+00
  3.5914e+01     1.117382e+00
  3.5957e+01     1.117344e+00
  3.6000e+01     1.117305e+00
  3.6042e+01     1.117267e+00
  3.6085e+01     1.117229e+00
  3.6128e+01     1.117190e+00
  3.6171e+01     1.117151e+00
  3.6214e+01     1.117112e+00
  3.6257e+01     1.117073e+00
  3.6300e+01     1.117033e+00
  3.6342e+01     1.116994e+00
  3.6385e+01     1.116954e+00
  3.6428e+01     1.116914e+00
  3.6471e+01     1.116874e+00
  3.6514e+01     1.116833e+00
  3.6557e+01     1.116793e+00
  3.6600e+01     1.116752e+00
  3.6642e+01     1.116711e+00
  3.6685e+01     1.116670e+00
  3.6728e+01     1.116628e+00
  3.6771e+01     1.116587e+00
  3.6814e+01     1.116545e+00
  3.6857e+01     1.116503e+00
  3.6900e+01     1.116461e+00
  3.6942e+01     1.116419e+00
  3.6985e+01     1.116376e+00
  3.7028e+01     1.116334e+00
  3.7071e+01     1.116291e+00
  3.7114e+01     1.116247e+00
  3.7157e+01     1.116204e+00
  3.7200e+01     1.116161e+00
  3.7242e+01     1.116117e+00
  3.7285e+01     1.116073e+00
  3.7328e+01     1.116029e+00
  3.7371e+01     1.115984e+00
  3.7414e+01     1.115940e+00
  3.7457e+01     1.115895e+00
  3.7500e+01     1.115850e+00
  3.7542e+01     1.115805e+00
  3.7585e+01     1.115759e+00
  3.7628e+01     1.115714e+00
  3.7671e+01     1.115668e+00
  3.7714e+01     1.115622e+00
  3.7757e+01     1.115575e+00
  3.7800e+01     1.115529e+00
  3.7842e+01     1.115482e+00
  3.7885e+01     1.115435e+00
  3.7928e+01     1.115388e+00
  3.7971e+01     1.115341e+00
  3.8014e+01     1.115293e+00
  3.8057e+01     1.115245e+00
  3.8100e+01     1.115197e+00
  3.8142e+01     1.115149e+00
  3.8185e+01     1.115100e+00
  3.8228e+01     1.115052e+00
  3.8271e+01     1.115003e+00
  3.8314e+01     1.114953e+00
  3.8357e+01     1.114904e+00
  3.8400e+01     1.114854e+00
  3.8442e+01     1.114804e+00
  3.8485e+01     1.114754e+00
  3.8528e+01     1.114704e+00
  3.8571e+01     1.114653e+00
  3.8614e+01     1.114603e+00
  3.8657e+01     1.114552e+00
  3.8700e+01     1.114500e+00
  3.8742e+01     1.114449e+00
  3.8785e+01     1.114397e+00
  3.8828e+01     1.114345e+00
  3.8871e+01     1.114293e+00
  3.8914e+01     1.114240e+00
  3.8957e+01     1.114187e+00
  3.9000e+01     1.114134e+00
  3.9042e+01     1.114081e+00
  3.9085e+01     1.114028e+00
  3.9128e+01     1.113974e+00
  3.9171e+01     1.113920e+00
  3.9214e+01     1.113866e+00
  3.9257e+01     1.113811e+00
  3.9300e+01     1.113756e+00
  3.9342e+01     1.113702e+00
  3.9385e+01     1.113646e+00
  3.9428e+01     1.113591e+00
  3.9471e+01     1.113535e+00
  3.9514e+01     1.113479e+00
  3.9557e+01     1.113423e+00
  3.9600e+01     1.113366e+00
  3.9642e+01     1.113309e+00
  3.9685e+01     1.113252e+00
  3.9728e+01     1.113195e+00
  3.9771e+01     1.113137e+00
  3.9814e+01     1.113080e+00
  3.9857e+01     1.113021e+00
  3.9900e+01     1.112963e+00
  3.9942e+01     1.112904e+00
  3.9985e+01     1.112846e+00
  4.0028e+01     1.112786e+00
  4.0071e+01     1.112727e+00
  4.0114e+01     1.112667e+00
  4.0157e+01     1.112607e+00
  4.0200e+01     1.112547e+00
  4.0242e+01     1.112486e+00
  4.0285e+01     1.112425e+00
  4.0328e+01     1.112364e+00
  4.0371e+01     1.112303e+00
  4.0414e+01     1.112241e+00
  4.0457e+01     1.112179e+00
  4.0500e+01     1.112117e+00
  4.0542e+01     1.112055e+00
  4.0585e+01     1.111992e+00
  4.0628e+01     1.111929e+00
  4.0671e+01     1.111865e+00
  4.0714e+01     1.111802e+00
  4.0757e+01     1.111738e+00
  4.0800e+01     1.111673e+00
  4.0842e+01     1.111609e+00
  4.0885e+01     1.111544e+00
  4.0928e+01     1.111479e+00
  4.0971e+01     1.111413e+00
  4.1014e+01     1.111348e+00
  4.1057e+01     1.111282e+00
  4.1100e+01     1.111215e+00
  4.1142e+01     1.111149e+00
  4.1185e+01     1.111082e+00
  4.1228e+01     1.111015e+00
  4.1271e+01     1.110947e+00
  4.1314e+01     1.110879e+00
  4.1357e+01     1.110811e+00
  4.1400e+01     1.110743e+00
  4.1442e+01     1.110674e+00
  4.1485e+01     1.110605e+00
  4.1528e+01     1.110535e+00
  4.1571e+01     1.110466e+00
  4.1614e+01     1.110396e+00
  4.1657e+01     1.110325e+00
  4.1700e+01     1.110255e+00
  4.1742e+01     1.110184e+00
  4.1785e+01     1.110113e+00
  4.1828e+01     1.110041e+00
  4.1871e+01     1.109969e+00
  4.1914e+01     1.109897e+00
  4.1957e+01     1.109824e+00
  4.2000e+01     1.109751e+00
  4.2042e+01     1.109678e+00
  4.2085e+01     1.109605e+00
  4.2128e+01     1.109531e+00
  4.2171e+01     1.109457e+00
  4.2214e+01     1.109382e+00
  4.2257e+01     1.109307e+00
  4.2300e+01     1.109232e+00
  4.2342e+01     1.109156e+00
  4.2385e+01     1.109081e+00
  4.2428e+01     1.109004e+00
  4.2471e+01     1.108928e+00
  4.2514e+01     1.108851e+00
  4.2557e+01     1.108774e+00
  4.2600e+01     1.108696e+00
  4.2642e+01     1.108618e+00
  4.2685e+01     1.108540e+00
  4.2728e+01     1.108461e+00
  4.2771e+01     1.108382e+00
  4.2814e+01     1.108303e+00
  4.2857e+01     1.108223e+00
  4.2900e+01     1.108143e+00
  4.2942e+01     1.108063e+00
  4.2985e+01     1.107982e+00
  4.3028e+01     1.107901e+00
  4.3071e+01     1.107820e+00
  4.3114e+01     1.107738e+00
  4.3157e+01     1.107656e+00
  4.3200e+01     1.107574e+00
  4.3242e+01     1.107491e+00
  4.3285e+01     1.107407e+00
  4.3328e+01     1.107324e+00
  4.3371e+01     1.107240e+00
  4.3414e+01     1.107156e+00
  4.3457e+01     1.107071e+00
  4.3500e+01     1.106986e+00
  4.3542e+01     1.106900e+00
  4.3585e+01     1.106815e+00
  4.3628e+01     1.106728e+00
  4.3671e+01     1.106642e+00
  4.3714e+01     1.106555e+00
  4.3757e+01     1.106468e+00
  4.3800e+01     1.106380e+00
  4.3842e+01     1.106292e+00
  4.3885e+01     1.106204e+00
  4.3928e+01     1.106115e+00
  4.3971e+01     1.106025e+00
  4.4014e+01     1.105936e+00
  4.4057e+01     1.105846e+00
  4.4100e+01     1.105755e+00
  4.4142e+01     1.105665e+00
  4.4185e+01     1.105574e+00
  4.4228e+01     1.105482e+00
  4.4271e+01     1.105390e+00
  4.4314e+01     1.105298e+00
  4.4357e+01     1.105205e+00
  4.4400e+01     1.105112e+00
  4.4442e+01     1.105018e+00
  4.4485e+01     1.104924e+00
  4.4528e+01     1.104830e+00
  4.4571e+01     1.104735e+00
  4.4614e+01     1.104640e+00
  4.4657e+01     1.104545e+00
  4.4700e+01     1.104449e+00
  4.4742e+01     1.104352e+00
  4.4785e+01     1.104255e+00
  4.4828e+01     1.104158e+00
  4.4871e+01     1.104061e+00
  4.4914e+01     1.103963e+00
  4.4957e+01     1.103864e+00
  4.5000e+01     1.103765e+00
  4.5042e+01     1.103666e+00
  4.5085e+01     1.103566e+00
  4.5128e+01     1.103466e+00
  4.5171e+01     1.103366e+00
  4.5214e+01     1.103265e+00
  4.5257e+01     1.103163e+00
  4.5300e+01     1.103061e+00
  4.5342e+01     1.102959e+00
  4.5385e+01     1.102857e+00
  4.5428e+01     1.102753e+00
  4.5471e+01     1.102650e+00
  4.5514e+01     1.102546e+00
  4.5557e+01     1.102441e+00
  4.5600e+01     1.102337e+00
  4.5642e+01     1.102231e+00
  4.5685e+01     1.102126e+00
  4.5728e+01     1.102019e+00
  4.5771e+01     1.101913e+00
  4.5814e+01     1.101806e+00
  4.5857e+01     1.101698e+00
  4.5900e+01     1.101590e+00
  4.5942e+01     1.101482e+00
  4.5985e+01     1.101373e+00
  4.6028e+01     1.101264e+00
  4.6071e+01     1.101154e+00
  4.6114e+01     1.101044e+00
  4.6157e+01     1.100933e+00
  4.6200e+01     1.100822e+00
  4.6242e+01     1.100710e+00
  4.6285e+01     1.100598e+00
  4.6328e+01     1.100486e+00
  4.6371e+01     1.100373e+00
  4.6414e+01     1.100259e+00
  4.6457e+01     1.100145e+00
  4.6500e+01     1.100031e+00
  4.6542e+01     1.099916e+00
  4.6585e+01     1.099801e+00
  4.6628e+01     1.099685e+00
  4.6671e+01     1.099569e+00
  4.6714e+01     1.099452e+00
  4.6757e+01     1.099335e+00
  4.6800e+01     1.099217e+00
  4.6842e+01     1.099099e+00
  4.6885e+01     1.098981e+00
  4.6928e+01     1.098861e+00
  4.6971e+01     1.098742e+00
  4.7014e+01     1.098622e+00
  4.7057e+01     1.098501e+00
  4.7100e+01     1.098380e+00
  4.7142e+01     1.098259e+00
  4.7185e+01     1.098137e+00
  4.7228e+01     1.098014e+00
  4.7271e+01     1.097891e+00
  4.7314e+01     1.097768e+00
  4.7357e+01     1.097644e+00
  4.7400e+01     1.097519e+00
  4.7442e+01     1.097394e+00
  4.7485e+01     1.097269e+00
  4.7528e+01     1.097143e+00
  4.7571e+01     1.097016e+00
  4.7614e+01     1.096889e+00
  4.7657e+01     1.096762e+00
  4.7700e+01     1.096634e+00
  4.7742e+01     1.096505e+00
  4.7785e+01     1.096376e+00
  4.7828e+01     1.096247e+00
  4.7871e+01     1.096117e+00
  4.7914e+01     1.095986e+00
  4.7957e+01     1.095855e+00
  4.8000e+01     1.095723e+00
  4.8042e+01     1.095591e+00
  4.8085e+01     1.095459e+00
  4.8128e+01     1.095326e+00
  4.8171e+01     1.095192e+00
  4.8214e+01     1.095058e+00
  4.8257e+01     1.094923e+00
  4.8300e+01     1.094788e+00
  4.8342e+01     1.094652e+00
  4.8385e+01     1.094516e+00
  4.8428e+01     1.094379e+00
  4.8471e+01     1.094242e+00
  4.8514e+01     1.094104e+00
  4.8557e+01     1.093965e+00
  4.8600e+01     1.093826e+00
  4.8642e+01     1.093687e+00
  4.8685e+01     1.093547e+00
  4.8728e+01     1.093406e+00
  4.8771e+01     1.093265e+00
  4.8814e+01     1.093124e+00
  4.8857e+01     1.092982e+00
  4.8900e+01     1.092839e+00
  4.8942e+01     1.092696e+00
  4.8985e+01     1.092552e+00
  4.9028e+01     1.092407e+00
  4.9071e+01     1.092263e+00
  4.9114e+01     1.092117e+00
  4.9157e+01     1.091971e+00
  4.9200e+01     1.091825e+00
  4.9242e+01     1.091677e+00
  4.9285e+01     1.091530e+00
  4.9328e+01     1.091382e+00
  4.9371e+01     1.091233e+00
  4.9414e+01     1.091084e+00
  4.9457e+01     1.090934e+00
  4.9500e+01     1.090783e+00
  4.9542e+01     1.090632e+00
  4.9585e+01     1.090481e+00
  4.9628e+01     1.090329e+00
  4.9671e+01     1.090176e+00
  4.9714e+01     1.090023e+00
  4.9757e+01     1.089869e+00
  4.9800e+01     1.089714e+00
  4.9842e+01     1.089559e+00
  4.9885e+01     1.089404e+00
  4.9928e+01     1.089248e+00
  4.9971e+01     1.089091e+00
  5.0014e+01     1.088934e+00
  5.0057e+01     1.088776e+00
  5.0100e+01     1.088618e+00
  5.0142e+01     1.088459e+00
  5.0185e+01     1.088299e+00
  5.0228e+01     1.088139e+00
  5.0271e+01     1.087978e+00
  5.0314e+01     1.087817e+00
  5.0357e+01     1.087655e+00
  5.0400e+01     1.087493e+00
  5.0442e+01     1.087330e+00
  5.0485e+01     1.087166e+00
  5.0528e+01     1.087002e+00
  5.0571e+01     1.086837e+00
  5.0614e+01     1.086672e+00
  5.0657e+01     1.086506e+00
  5.0700e+01     1.086339e+00
  5.0742e+01     1.086172e+00
  5.0785e+01     1.086004e+00
  5.0828e+01     1.085836e+00
  5.0871e+01     1.085667e+00
  5.0914e+01     1.085497e+00
  5.0957e+01     1.085327e+00
  5.1000e+01     1.085156e+00
  5.1042e+01     1.084985e+00
  5.1085e+01     1.084813e+00
  5.1128e+01     1.084640e+00
  5.1171e+01     1.084467e+00
  5.1214e+01     1.084294e+00
  5.1257e+01     1.084119e+00
  5.1300e+01     1.083944e+00
  5.1342e+01     1.083769e+00
  5.1385e+01     1.083592e+00
  5.1428e+01     1.083416e+00
  5.1471e+01     1.083238e+00
  5.1514e+01     1.083060e+00
  5.1557e+01     1.082882e+00
  5.1600e+01     1.082702e+00
  5.1642e+01     1.082523e+00
  5.1685e+01     1.082342e+00
  5.1728e+01     1.082161e+00
  5.1771e+01     1.081979e+00
  5.1814e+01     1.081797e+00
  5.1857e+01     1.081614e+00
  5.1900e+01     1.081431e+00
  5.1942e+01     1.081247e+00
  5.1985e+01     1.081062e+00
  5.2028e+01     1.080877e+00
  5.2071e+01     1.080691e+00
  5.2114e+01     1.080504e+00
  5.2157e+01     1.080317e+00
  5.2200e+01     1.080129e+00
  5.2242e+01     1.079940e+00
  5.2285e+01     1.079751e+00
  5.2328e+01     1.079562e+00
  5.2371e+01     1.079371e+00
  5.2414e+01     1.079180e+00
  5.2457e+01     1.078989e+00
  5.2500e+01     1.078797e+00
  5.2542e+01     1.078604e+00
  5.2585e+01     1.078410e+00
  5.2628e+01     1.078216e+00
  5.2671e+01     1.078021e+00
  5.2714e+01     1.077826e+00
  5.2757e+01     1.077630e+00
  5.2800e+01     1.077434e+00
  5.2842e+01     1.077236e+00
  5.2885e+01     1.077038e+00
  5.2928e+01     1.076840e+00
  5.2971e+01     1.076641e+00
  5.3014e+01     1.076441e+00
  5.3057e+01     1.076241e+00
  5.3100e+01     1.076040e+00
  5.3142e+01     1.075838e+00
  5.3185e+01     1.075636e+00
  5.3228e+01     1.075433e+00
  5.3271e+01     1.075229e+00
  5.3314e+01     1.075025e+00
  5.3357e+01     1.074820e+00
  5.3400e+01     1.074615e+00
  5.3442e+01     1.074409e+00
  5.3485e+01     1.074202e+00
  5.3528e+01     1.073995e+00
  5.3571e+01     1.073787e+00
  5.3614e+01     1.073578e+00
  5.3657e+01     1.073369e+00
  5.3700e+01     1.073159e+00
  5.3742e+01     1.072948e+00
  5.3785e+01     1.072737e+00
  5.3828e+01     1.072525e+00
  5.3871e+01     1.072313e+00
  5.3914e+01     1.072100e+00
  5.3957e+01     1.071886e+00
  5.4000e+01     1.071672e+00
  5.4042e+01     1.071457e+00
  5.4085e+01     1.071241e+00
  5.4128e+01     1.071025e+00
  5.4171e+01     1.070808e+00
  5.4214e+01     1.070590e+00
  5.4257e+01     1.070372e+00
  5.4300e+01     1.070153e+00
  5.4342e+01     1.069934e+00
  5.4385e+01     1.069714e+00
  5.4428e+01     1.069493e+00
  5.4471e+01     1.069272e+00
  5.4514e+01     1.069050e+00
  5.4557e+01     1.068827e+00
  5.4600e+01     1.068604e+00
  5.4642e+01     1.068380e+00
  5.4685e+01     1.068156e+00
  5.4728e+01     1.067930e+00
  5.4771e+01     1.067705e+00
  5.4814e+01     1.067478e+00
  5.4857e+01     1.067251e+00
  5.4900e+01     1.067023e+00
  5.4942e+01     1.066795e+00
  5.4985e+01     1.066566e+00
  5.5028e+01     1.066336e+00
  5.5071e+01     1.066106e+00
  5.5114e+01     1.065875e+00
  5.5157e+01     1.065644e+00
  5.5200e+01     1.065412e+00
  5.5242e+01     1.065179e+00
  5.5285e+01     1.064945e+00
  5.5328e+01     1.064711e+00
  5.5371e+01     1.064477e+00
  5.5414e+01     1.064241e+00
  5.5457e+01     1.064006e+00
  5.5500e+01     1.063769e+00
  5.5542e+01     1.063532e+00
  5.5585e+01     1.063294e+00
  5.5628e+01     1.063056e+00
  5.5671e+01     1.062817e+00
  5.5714e+01     1.062577e+00
  5.5757e+01     1.062337e+00
  5.5800e+01     1.062096e+00
  5.5842e+01     1.061854e+00
  5.5885e+01     1.061612e+00
  5.5928e+01     1.061369e+00
  5.5971e+01     1.061126e+00
  5.6014e+01     1.060882e+00
  5.6057e+01     1.060637e+00
  5.6100e+01     1.060392e+00
  5.6142e+01     1.060146e+00
  5.6185e+01     1.059899e+00
  5.6228e+01     1.059652e+00
  5.6271e+01     1.059404e+00
  5.6314e+01     1.059156e+00
  5.6357e+01     1.058907e+00
  5.6400e+01     1.058658e+00
  5.6442e+01     1.058407e+00
  5.6485e+01     1.058157e+00
  5.6528e+01     1.057905e+00
  5.6571e+01     1.057653e+00
  5.6614e+01     1.057401e+00
  5.6657e+01     1.057147e+00
  5.6700e+01     1.056894e+00
  5.6742e+01     1.056639e+00
  5.6785e+01     1.056384e+00
  5.6828e+01     1.056128e+00
  5.6871e+01     1.055872e+00
  5.6914e+01     1.055615e+00
  5.6957e+01     1.055358e+00
  5.7000e+01     1.055100e+00
  5.7042e+01     1.054841e+00
  5.7085e+01     1.054582e+00
  5.7128e+01     1.054322e+00
  5.7171e+01     1.054062e+00
  5.7214e+01     1.053801e+00
  5.7257e+01     1.053539e+00
  5.7300e+01     1.053277e+00
  5.7342e+01     1.053015e+00
  5.7385e+01     1.052751e+00
  5.7428e+01     1.052487e+00
  5.7471e+01     1.052223e+00
  5.7514e+01     1.051958e+00
  5.7557e+01     1.051692e+00
  5.7600e+01     1.051426e+00
  5.7642e+01     1.051159e+00
  5.7685e+01     1.050892e+00
  5.7728e+01     1.050624e+00
  5.7771e+01     1.050356e+00
  5.7814e+01     1.050087e+00
  5.7857e+01     1.049817e+00
  5.7900e+01     1.049547e+00
  5.7942e+01     1.049276e+00
  5.7985e+01     1.049005e+00
  5.8028e+01     1.048733e+00
  5.8071e+01     1.048460e+00
  5.8114e+01     1.048188e+00
  5.8157e+01     1.047914e+00
  5.8200e+01     1.047640e+00
  5.8242e+01     1.047365e+00
  5.8285e+01     1.047090e+00
  5.8328e+01     1.046815e+00
  5.8371e+01     1.046538e+00
  5.8414e+01     1.046262e+00
  5.8457e+01     1.045984e+00
  5.8500e+01     1.045706e+00
  5.8542e+01     1.045428e+00
  5.8585e+01     1.045149e+00
  5.8628e+01     1.044870e+00
  5.8671e+01     1.044590e+00
  5.8714e+01     1.044309e+00
  5.8757e+01     1.044028e+00
  5.8800e+01     1.043747e+00
  5.8842e+01     1.043465e+00
  5.8885e+01     1.043182e+00
  5.8928e+01     1.042899e+00
  5.8971e+01     1.042615e+00
  5.9014e+01     1.042331e+00
  5.9057e+01     1.042047e+00
  5.9100e+01     1.041762e+00
  5.9142e+01     1.041476e+00
  5.9185e+01     1.041190e+00
  5.9228e+01     1.040903e+00
  5.9271e+01     1.040616e+00
  5.9314e+01     1.040329e+00
  5.9357e+01     1.040041e+00
  5.9400e+01     1.039752e+00
  5.9442e+01     1.039463e+00
  5.9485e+01     1.039174e+00
  5.9528e+01     1.038884e+00
  5.9571e+01     1.038593e+00
  5.9614e+01     1.038302e+00
  5.9657e+01     1.038011e+00
  5.9700e+01     1.037719e+00
  5.9742e+01     1.037427e+00
  5.9785e+01     1.037134e+00
  5.9828e+01     1.036841e+00
  5.9871e+01     1.036547e+00
  5.9914e+01     1.036253e+00
  5.9957e+01     1.035958e+00
