# Epidemic | reproduction number
# [ x-unit: transmission cycles | y-unit: persons infected by one sick person ]
  0.0000e+00     9.999900e-01
  4.2857e-02     9.999896e-01
  8.5714e-02     9.999891e-01
  1.2857e-01     9.999886e-01
  1.7143e-01     9.999880e-01
  2.1429e-01     9.999875e-01
  2.5714e-01     9.999870e-01
  3.0000e-01     9.999864e-01
  3.4286e-01     9.999859e-01
  3.8571e-01     9.999854e-01
  4.2857e-01     9.999848e-01
  4.7143e-01     9.999843e-01
  5.1429e-01     9.999838e-01
  5.5714e-01     9.999832e-01
  6.0000e-01     9.999827e-01
  6.4286e-01     9.999821e-01
  6.8571e-01     9.999816e-01
  7.2857e-01     9.999811e-01
  7.7143e-01     9.999805e-01
  8.1429e-01     9.999800e-01
  8.5714e-01     9.999795e-01
  9.0000e-01     9.999789e-01
  9.4286e-01     9.999784e-01
  9.8571e-01     9.999779e-01
  1.0285e+00     9.999773e-01
  1.0714e+00     9.999768e-01
  1.1142e+00     9.999763e-01
  1.1571e+00     9.999757e-01
  1.2000e+00     9.999752e-01
  1.2428e+00     9.999746e-01
  1.2857e+00     9.999741e-01
  1.3285e+00     9.999736e-01
  1.3714e+00     9.999730e-01
  1.4142e+00     9.999725e-01
  1.4571e+00     9.999720e-01
  1.5000e+00     9.999714e-01
  1.5428e+00     9.999709e-01
  1.5857e+00     9.999704e-01
  1.6285e+00     9.999698e-01
  1.6714e+00     9.999693e-01
  1.7142e+00     9.999688e-01
  1.7571e+00     9.999682e-01
  1.8000e+00     9.999677e-01
  1.8428e+00     9.999671e-01
  1.8857e+00     9.999666e-01
  1.9285e+00     9.999661e-01
  1.9714e+00     9.999655e-01
  2.0142e+00     9.999650e-01
  2.0571e+00     9.999645e-01
  2.1000e+00     9.999639e-01
  2.1428e+00     9.999634e-01
  2.1857e+00     9.999629e-01
  2.2285e+00     9.999623e-01
  2.2714e+00     9.999618e-01
  2.3142e+00     9.999613e-01
  2.3571e+00     9.999607e-01
  2.4000e+00     9.999602e-01
  2.4428e+00     9.999596e-01
  2.4857e+00     9.999591e-01
  2.5285e+00     9.999586e-01
  2.5714e+00     9.999580e-01
  2.6142e+00     9.999575e-01
  2.6571e+00     9.999570e-01
  2.7000e+00     9.999564e-01
  2.7428e+00     9.999559e-01
  2.7857e+00     9.999554e-01
  2.8285e+00     9.999548e-01
  2.8714e+00     9.999543e-01
  2.9142e+00     9.999538e-01
  2.9571e+00     9.999532e-01
  3.0000e+00     9.999527e-01
  3.0428e+00     9.999521e-01
  3.0857e+00     9.999516e-01
  3.1285e+00     9.999511e-01
  3.1714e+00     9.999505e-01
  3.2142e+00     9.999500e-01
  3.2571e+00     9.999495e-01
  3.3000e+00     9.999489e-01
  3.3428e+00     9.999484e-01
  3.3857e+00     9.999479e-01
  3.4285e+00     9.999473e-01
  3.4714e+00     9.999468e-01
  3.5142e+00     9.999463e-01
  3.5571e+00     9.999457e-01
  3.6000e+00     9.999452e-01
  3.6428e+00     9.999446e-01
  3.6857e+00     9.999441e-01
  3.7285e+00     9.999436e-01
  3.7714e+00     9.999430e-01
  3.8142e+00     9.999425e-01
  3.8571e+00     9.999420e-01
  3.9000e+00     9.999414e-01
  3.9428e+00     9.999409e-01
  3.9857e+00     9.999404e-01
  4.0285e+00     9.999398e-01
  4.0714e+00     9.999393e-01
  4.1142e+00     9.999388e-01
  4.1571e+00     9.999382e-01
  4.2000e+00     9.999377e-01
  4.2428e+00     9.999371e-01
  4.2857e+00     9.999366e-01
  4.3285e+00     9.999361e-01
  4.3714e+00     9.999355e-01
  4.4142e+00     9.999350e-01
  4.4571e+00     9.999345e-01
  4.5000e+00     9.999339e-01
  4.5428e+00     9.999334e-01
  4.5857e+00     9.999329e-01
  4.6285e+00     9.999323e-01
  4.6714e+00     9.999318e-01
  4.7142e+00     9.999313e-01
  4.7571e+00     9.999307e-01
  4.8000e+00     9.999302e-01
  4.8428e+00     9.999296e-01
  4.8857e+00     9.999291e-01
  4.9285e+00     9.999286e-01
  4.9714e+00     9.999280e-01
  5.0142e+00     9.999275e-01
  5.0571e+00     9.999270e-01
  5.1000e+00     9.999264e-01
  5.1428e+00     9.999259e-01
  5.1857e+00     9.999254e-01
  5.2285e+00     9.999248e-01
  5.2714e+00     9.999243e-01
  5.3142e+00     9.999238e-01
  5.3571e+00     9.999232e-01
  5.4000e+00     9.999227e-01
  5.4428e+00     9.999221e-01
  5.4857e+00     9.999216e-01
  5.5285e+00     9.999211e-01
  5.5714e+00     9.999205e-01
  5.6142e+00     9.999200e-01
  5.6571e+00     9.999195e-01
  5.7000e+00     9.999189e-01
  5.7428e+00     9.999184e-01
  5.7857e+00     9.999179e-01
  5.8285e+00     9.999173e-01
  5.8714e+00     9.999168e-01
  5.9142e+00     9.999163e-01
  5.9571e+00     9.999157e-01
  6.0000e+00     9.999152e-01
  6.0428e+00     9.999147e-01
  6.0857e+00     9.999141e-01
  6.1285e+00     9.999136e-01
  6.1714e+00     9.999130e-01
  6.2142e+00     9.999125e-01
  6.2571e+00     9.999120e-01
  6.3000e+00     9.999114e-01
  6.3428e+00     9.999109e-01
  6.3857e+00     9.999104e-01
  6.4285e+00     9.999098e-01
  6.4714e+00     9.999093e-01
  6.5142e+00     9.999088e-01
  6.5571e+00     9.999082e-01
  6.6000e+00     9.999077e-01
  6.6428e+00     9.999072e-01
  6.6857e+00     9.999066e-01
  6.7285e+00     9.999061e-01
  6.7714e+00     9.999055e-01
  6.8142e+00     9.999050e-01
  6.8571e+00     9.999045e-01
  6.9000e+00     9.999039e-01
  6.9428e+00     9.999034e-01
  6.9857e+00     9.999029e-01
  7.0285e+00     9.999023e-01
  7.0714e+00     9.999018e-01
  7.1142e+00     9.999013e-01
  7.1571e+00     9.999007e-01
  7.2000e+00     9.999002e-01
  7.2428e+00     9.998997e-01
  7.2857e+00     9.998991e-01
  7.3285e+00     9.998986e-01
  7.3714e+00     9.998980e-01
  7.4142e+00     9.998975e-01
  7.4571e+00     9.998970e-01
  7.5000e+00     9.998964e-01
  7.5428e+00     9.998959e-01
  7.5857e+00     9.998954e-01
  7.6285e+00     9.998948e-01
  7.6714e+00     9.998943e-01
  7.7142e+00     9.998938e-01
  7.7571e+00     9.998932e-01
  7.8000e+00     9.998927e-01
  7.8428e+00     9.998922e-01
  7.8857e+00     9.998916e-01
  7.9285e+00     9.998911e-01
  7.9714e+00     9.998906e-01
  8.0142e+00     9.998900e-01
  8.0571e+00     9.998895e-01
  8.1000e+00     9.998889e-01
  8.1428e+00     9.998884e-01
  8.1857e+00     9.998879e-01
  8.2285e+00     9.998873e-01
  8.2714e+00     9.998868e-01
  8.3142e+00     9.998863e-01
  8.3571e+00     9.998857e-01
  8.4000e+00     9.998852e-01
  8.4428e+00     9.998847e-01
  8.4857e+00     9.998841e-01
  8.5285e+00     9.998836e-01
  8.5714e+00     9.998831e-01
  8.6142e+00     9.998825e-01
  8.6571e+00     9.998820e-01
  8.7000e+00     9.998814e-01
  8.7428e+00     9.998809e-01
  8.7857e+00     9.998804e-01
  8.8285e+00     9.998798e-01
  8.8714e+00     9.998793e-01
  8.9142e+00     9.998788e-01
  8.9571e+00     9.998782e-01
  9.0000e+00     9.998777e-01
  9.0428e+00     9.998772e-01
  9.0857e+00     9.998766e-01
  9.1285e+00     9.998761e-01
  9.1714e+00     9.998756e-01
  9.2142e+00     9.998750e-01
  9.2571e+00     9.998745e-01
  9.3000e+00     9.998740e-01
  9.3428e+00     9.998734e-01
  9.3857e+00     9.998729e-01
  9.4285e+00     9.998723e-01
  9.4714e+00     9.998718e-01
  9.5142e+00     9.998713e-01
  9.5571e+00     9.998707e-01
  9.6000e+00     9.998702e-01
  9.6428e+00     9.998697e-01
  9.6857e+00     9.998691e-01
  9.7285e+00     9.998686e-01
  9.7714e+00     9.998681e-01
  9.8142e+00     9.998675e-01
  9.8571e+00     9.998670e-01
  9.9000e+00     9.998665e-01
  9.9428e+00     9.998659e-01
  9.9857e+00     9.998654e-01
  1.0028e+01     9.998649e-01
  1.0071e+01     9.998643e-01
  1.0114e+01     9.998638e-01
  1.0157e+01     9.998632e-01
  1.0200e+01     9.998627e-01
  1.0242e+01     9.998622e-01
  1.0285e+01     9.998616e-01
  1.0328e+01     9.998611e-01
  1.0371e+01     9.998606e-01
  1.0414e+01     9.998600e-01
  1.0457e+01     9.998595e-01
  1.0500e+01     9.998590e-01
  1.0542e+01     9.998584e-01
  1.0585e+01     9.998579e-01
  1.0628e+01     9.998574e-01
  1.0671e+01     9.998568e-01
  1.0714e+01     9.998563e-01
  1.0757e+01     9.998558e-01
  1.0800e+01     9.998552e-01
  1.0842e+01     9.998547e-01
  1.0885e+01     9.998541e-01
  1.0928e+01     9.998536e-01
  1.0971e+01     9.998531e-01
  1.1014e+01     9.998525e-01
  1.1057e+01     9.998520e-01
  1.1100e+01     9.998515e-01
  1.1142e+01     9.998509e-01
  1.1185e+01     9.998504e-01
  1.1228e+01     9.998499e-01
  1.1271e+01     9.998493e-01
  1.1314e+01     9.998488e-01
  1.1357e+01     9.998483e-01
  1.1400e+01     9.998477e-01
  1.1442e+01     9.998472e-01
  1.1485e+01     9.998467e-01
  1.1528e+01     9.998461e-01
  1.1571e+01     9.998456e-01
  1.1614e+01     9.998450e-01
  1.1657e+01     9.998445e-01
  1.1700e+01     9.998440e-01
  1.1742e+01     9.998434e-01
  1.1785e+01     9.998429e-01
  1.1828e+01     9.998424e-01
  1.1871e+01     9.998418e-01
  1.1914e+01     9.998413e-01
  1.1957e+01     9.998408e-01
  1.2000e+01     9.998402e-01
  1.2042e+01     9.998397e-01
  1.2085e+01     9.998392e-01
  1.2128e+01     9.998386e-01
  1.2171e+01     9.998381e-01
  1.2214e+01     9.998376e-01
  1.2257e+01     9.998370e-01
  1.2300e+01     9.998365e-01
  1.2342e+01     9.998360e-01
  1.2385e+01     9.998354e-01
  1.2428e+01     9.998349e-01
  1.2471e+01     9.998343e-01
  1.2514e+01     9.998338e-01
  1.2557e+01     9.998333e-01
  1.2600e+01     9.998327e-01
  1.2642e+01     9.998322e-01
  1.2685e+01     9.998317e-01
  1.2728e+01     9.998311e-01
  1.2771e+01     9.998306e-01
  1.2814e+01     9.998301e-01
  1.2857e+01     9.998295e-01
  1.2900e+01     9.998290e-01
  1.2942e+01     9.998285e-01
  1.2985e+01     9.998279e-01
  1.3028e+01     9.998274e-01
  1.3071e+01     9.998269e-01
  1.3114e+01     9.998263e-01
  1.3157e+01     9.998258e-01
  1.3200e+01     9.998252e-01
  1.3242e+01     9.998247e-01
  1.3285e+01     9.998242e-01
  1.3328e+01     9.998236e-01
  1.3371e+01     9.998231e-01
  1.3414e+01     9.998226e-01
  1.3457e+01     9.998220e-01
  1.3500e+01     9.998215e-01
  1.3542e+01     9.998210e-01
  1.3585e+01     9.998204e-01
  1.3628e+01     9.998199e-01
  1.3671e+01     9.998194e-01
  1.3714e+01     9.998188e-01
  1.3757e+01     9.998183e-01
  1.3800e+01     9.998178e-01
  1.3842e+01     9.998172e-01
  1.3885e+01     9.998167e-01
  1.3928e+01     9.998162e-01
  1.3971e+01     9.998156e-01
  1.4014e+01     9.998151e-01
  1.4057e+01     9.998145e-01
  1.4100e+01     9.998140e-01
  1.4142e+01     9.998135e-01
  1.4185e+01     9.998129e-01
  1.4228e+01     9.998124e-01
  1.4271e+01     9.998119e-01
  1.4314e+01     9.998113e-01
  1.4357e+01     9.998108e-01
  1.4400e+01     9.998103e-01
  1.4442e+01     9.998097e-01
  1.4485e+01     9.998092e-01
  1.4528e+01     9.998087e-01
  1.4571e+01     9.998081e-01
  1.4614e+01     9.998076e-01
  1.4657e+01     9.998071e-01
  1.4700e+01     9.998065e-01
  1.4742e+01     9.998060e-01
  1.4785e+01     9.998055e-01
  1.4828e+01     9.998049e-01
  1.4871e+01     9.998044e-01
  1.4914e+01     9.998038e-01
  1.4957e+01     9.998033e-01
  1.5000e+01     9.998028e-01
  1.5042e+01     9.998022e-01
  1.5085e+01     9.998017e-01
  1.5128e+01     9.998012e-01
  1.5171e+01     9.998006e-01
  1.5214e+01     9.998001e-01
  1.5257e+01     9.997996e-01
  1.5300e+01     9.997990e-01
  1.5342e+01     9.997985e-01
  1.5385e+01     9.997980e-01
  1.5428e+01     9.997974e-01
  1.5471e+01     9.997969e-01
  1.5514e+01     9.997964e-01
  1.5557e+01     9.997958e-01
  1.5600e+01     9.997953e-01
  1.5642e+01     9.997948e-01
  1.5685e+01     9.997942e-01
  1.5728e+01     9.997937e-01
  1.5771e+01     9.997932e-01
  1.5814e+01     9.997926e-01
  1.5857e+01     9.997921e-01
  1.5900e+01     9.997915e-01
  1.5942e+01     9.997910e-01
  1.5985e+01     9.997905e-01
  1.6028e+01     9.997899e-01
  1.6071e+01     9.997894e-01
  1.6114e+01     9.997889e-01
  1.6157e+01     9.997883e-01
  1.6200e+01     9.997878e-01
  1.6242e+01     9.997873e-01
  1.6285e+01     9.997867e-01
  1.6328e+01     9.997862e-01
  1.6371e+01     9.997857e-01
  1.6414e+01     9.997851e-01
  1.6457e+01     9.997846e-01
  1.6500e+01     9.997841e-01
  1.6542e+01     9.997835e-01
  1.6585e+01     9.997830e-01
  1.6628e+01     9.997825e-01
  1.6671e+01     9.997819e-01
  1.6714e+01     9.997814e-01
  1.6757e+01     9.997809e-01
  1.6800e+01     9.997803e-01
  1.6842e+01     9.997798e-01
  1.6885e+01     9.997792e-01
  1.6928e+01     9.997787e-01
  1.6971e+01     9.997782e-01
  1.7014e+01     9.997776e-01
  1.7057e+01     9.997771e-01
  1.7100e+01     9.997766e-01
  1.7142e+01     9.997760e-01
  1.7185e+01     9.997755e-01
  1.7228e+01     9.997750e-01
  1.7271e+01     9.997744e-01
  1.7314e+01     9.997739e-01
  1.7357e+01     9.997734e-01
  1.7400e+01     9.997728e-01
  1.7442e+01     9.997723e-01
  1.7485e+01     9.997718e-01
  1.7528e+01     9.997712e-01
  1.7571e+01     9.997707e-01
  1.7614e+01     9.997702e-01
  1.7657e+01     9.997696e-01
  1.7700e+01     9.997691e-01
  1.7742e+01     9.997686e-01
  1.7785e+01     9.997680e-01
  1.7828e+01     9.997675e-01
  1.7871e+01     9.997670e-01
  1.7914e+01     9.997664e-01
  1.7957e+01     9.997659e-01
  1.8000e+01     9.997653e-01
  1.8042e+01     9.997648e-01
  1.8085e+01     9.997643e-01
  1.8128e+01     9.997637e-01
  1.8171e+01     9.997632e-01
  1.8214e+01     9.997627e-01
  1.8257e+01     9.997621e-01
  1.8300e+01     9.997616e-01
  1.8342e+01     9.997611e-01
  1.8385e+01     9.997605e-01
  1.8428e+01     9.997600e-01
  1.8471e+01     9.997595e-01
  1.8514e+01     9.997589e-01
  1.8557e+01     9.997584e-01
  1.8600e+01     9.997579e-01
  1.8642e+01     9.997573e-01
  1.8685e+01     9.997568e-01
  1.8728e+01     9.997563e-01
  1.8771e+01     9.997557e-01
  1.8814e+01     9.997552e-01
  1.8857e+01     9.997547e-01
  1.8900e+01     9.997541e-01
  1.8942e+01     9.997536e-01
  1.8985e+01     9.997531e-01
  1.9028e+01     9.997525e-01
  1.9071e+01     9.997520e-01
  1.9114e+01     9.997515e-01
  1.9157e+01     9.997509e-01
  1.9200e+01     9.997504e-01
  1.9242e+01     9.997499e-01
  1.9285e+01     9.997493e-01
  1.9328e+01     9.997488e-01
  1.9371e+01     9.997482e-01
  1.9414e+01     9.997477e-01
  1.9457e+01     9.997472e-01
  1.9500e+01     9.997466e-01
  1.9542e+01     9.997461e-01
  1.9585e+01     9.997456e-01
  1.9628e+01     9.997450e-01
  1.9671e+01     9.997445e-01
  1.9714e+01     9.997440e-01
  1.9757e+01     9.997434e-01
  1.9800e+01     9.997429e-01
  1.9842e+01     9.997424e-01
  1.9885e+01     9.997418e-01
  1.9928e+01     9.997413e-01
  1.9971e+01     9.997408e-01
  2.0014e+01     9.997402e-01
  2.0057e+01     9.997397e-01
  2.0100e+01     9.997392e-01
  2.0142e+01     9.997386e-01
  2.0185e+01     9.997381e-01
  2.0228e+01     9.997376e-01
  2.0271e+01     9.997370e-01
  2.0314e+01     9.997365e-01
  2.0357e+01     9.997360e-01
  2.0400e+01     9.997354e-01
  2.0442e+01     9.997349e-01
  2.0485e+01     9.997344e-01
  2.0528e+01     9.997338e-01
  2.0571e+01     9.997333e-01
  2.0614e+01     9.997328e-01
  2.0657e+01     9.997322e-01
  2.0700e+01     9.997317e-01
  2.0742e+01     9.997312e-01
  2.0785e+01     9.997306e-01
  2.0828e+01     9.997301e-01
  2.0871e+01     9.997295e-01
  2.0914e+01     9.997290e-01
  2.0957e+01     9.997285e-01
  2.1000e+01     9.997279e-01
  2.1042e+01     9.997274e-01
  2.1085e+01     9.997269e-01
  2.1128e+01     9.997263e-01
  2.1171e+01     9.997258e-01
  2.1214e+01     9.997253e-01
  2.1257e+01     9.997247e-01
  2.1300e+01     9.997242e-01
  2.1342e+01     9.997237e-01
  2.1385e+01     9.997231e-01
  2.1428e+01     9.997226e-01
  2.1471e+01     9.997221e-01
  2.1514e+01     9.997215e-01
  2.1557e+01     9.997210e-01
  2.1600e+01     9.997205e-01
  2.1642e+01     9.997199e-01
  2.1685e+01     9.997194e-01
  2.1728e+01     9.997189e-01
  2.1771e+01     9.997183e-01
  2.1814e+01     9.997178e-01
  2.1857e+01     9.997173e-01
  2.1900e+01     9.997167e-01
  2.1942e+01     9.997162e-01
  2.1985e+01     9.997157e-01
  2.2028e+01     9.997151e-01
  2.2071e+01     9.997146e-01
  2.2114e+01     9.997141e-01
  2.2157e+01     9.997135e-01
  2.2200e+01     9.997130e-01
  2.2242e+01     9.997125e-01
  2.2285e+01     9.997119e-01
  2.2328e+01     9.997114e-01
  2.2371e+01     9.997109e-01
  2.2414e+01     9.997103e-01
  2.2457e+01     9.997098e-01
  2.2500e+01     9.997093e-01
  2.2542e+01     9.997087e-01
  2.2585e+01     9.997082e-01
  2.2628e+01     9.997077e-01
  2.2671e+01     9.997071e-01
  2.2714e+01     9.997066e-01
  2.2757e+01     9.997061e-01
  2.2800e+01     9.997055e-01
  2.2842e+01     9.997050e-01
  2.2885e+01     9.997045e-01
  2.2928e+01     9.997039e-01
  2.2971e+01     9.997034e-01
  2.3014e+01     9.997028e-01
  2.3057e+01     9.997023e-01
  2.3100e+01     9.997018e-01
  2.3142e+01     9.997012e-01
  2.3185e+01     9.997007e-01
  2.3228e+01     9.997002e-01
  2.3271e+01     9.996996e-01
  2.3314e+01     9.996991e-01
  2.3357e+01     9.996986e-01
  2.3400e+01     9.996980e-01
  2.3442e+01     9.996975e-01
  2.3485e+01     9.996970e-01
  2.3528e+01     9.996964e-01
  2.3571e+01     9.996959e-01
  2.3614e+01     9.996954e-01
  2.3657e+01     9.996948e-01
  2.3700e+01     9.996943e-01
  2.3742e+01     9.996938e-01
  2.3785e+01     9.996932e-01
  2.3828e+01     9.996927e-01
  2.3871e+01     9.996922e-01
  2.3914e+01     9.996916e-01
  2.3957e+01     9.996911e-01
  2.4000e+01     9.996906e-01
  2.4042e+01     9.996900e-01
  2.4085e+01     9.996895e-01
  2.4128e+01     9.996890e-01
  2.4171e+01     9.996884e-01
  2.4214e+01     9.996879e-01
  2.4257e+01     9.996874e-01
  2.4300e+01     9.996868e-01
  2.4342e+01     9.996863e-01
  2.4385e+01     9.996858e-01
  2.4428e+01     9.996852e-01
  2.4471e+01     9.996847e-01
  2.4514e+01     9.996842e-01
  2.4557e+01     9.996836e-01
  2.4600e+01     9.996831e-01
  2.4642e+01     9.996826e-01
  2.4685e+01     9.996820e-01
  2.4728e+01     9.996815e-01
  2.4771e+01     9.996810e-01
  2.4814e+01     9.996804e-01
  2.4857e+01     9.996799e-01
  2.4900e+01     9.996794e-01
  2.4942e+01     9.996788e-01
  2.4985e+01     9.996783e-01
  2.5028e+01     9.996778e-01
  2.5071e+01     9.996772e-01
  2.5114e+01     9.996767e-01
  2.5157e+01     9.996762e-01
  2.5200e+01     9.996756e-01
  2.5242e+01     9.996751e-01
  2.5285e+01     9.996746e-01
  2.5328e+01     9.996740e-01
  2.5371e+01     9.996735e-01
  2.5414e+01     9.996730e-01
  2.5457e+01     9.996724e-01
  2.5500e+01     9.996719e-01
  2.5542e+01     9.996714e-01
  2.5585e+01     9.996708e-01
  2.5628e+01     9.996703e-01
  2.5671e+01     9.996698e-01
  2.5714e+01     9.996692e-01
  2.5757e+01     9.996687e-01
  2.5800e+01     9.996682e-01
  2.5842e+01     9.996676e-01
  2.5885e+01     9.996671e-01
  2.5928e+01     9.996666e-01
  2.5971e+01     9.996660e-01
  2.6014e+01     9.996655e-01
  2.6057e+01     9.996650e-01
  2.6100e+01     9.996644e-01
  2.6142e+01     9.996639e-01
  2.6185e+01     9.996634e-01
  2.6228e+01     9.996628e-01
  2.6271e+01     9.996623e-01
  2.6314e+01     9.996618e-01
  2.6357e+01     9.996612e-01
  2.6400e+01     9.996607e-01
  2.6442e+01     9.996602e-01
  2.6485e+01     9.996596e-01
  2.6528e+01     9.996591e-01
  2.6571e+01     9.996586e-01
  2.6614e+01     9.996580e-01
  2.6657e+01     9.996575e-01
  2.6700e+01     9.996570e-01
  2.6742e+01     9.996564e-01
  2.6785e+01     9.996559e-01
  2.6828e+01     9.996554e-01
  2.6871e+01     9.996548e-01
  2.6914e+01     9.996543e-01
  2.6957e+01     9.996538e-01
  2.7000e+01     9.996532e-01
  2.7042e+01     9.996527e-01
  2.7085e+01     9.996522e-01
  2.7128e+01     9.996516e-01
  2.7171e+01     9.996511e-01
  2.7214e+01     9.996506e-01
  2.7257e+01     9.996500e-01
  2.7300e+01     9.996495e-01
  2.7342e+01     9.996490e-01
  2.7385e+01     9.996484e-01
  2.7428e+01     9.996479e-01
  2.7471e+01     9.996474e-01
  2.7514e+01     9.996468e-01
  2.7557e+01     9.996463e-01
  2.7600e+01     9.996458e-01
  2.7642e+01     9.996452e-01
  2.7685e+01     9.996447e-01
  2.7728e+01     9.996442e-01
  2.7771e+01     9.996436e-01
  2.7814e+01     9.996431e-01
  2.7857e+01     9.996426e-01
  2.7900e+01     9.996420e-01
  2.7942e+01     9.996415e-01
  2.7985e+01     9.996410e-01
  2.8028e+01     9.996404e-01
  2.8071e+01     9.996399e-01
  2.8114e+01     9.996394e-01
  2.8157e+01     9.996388e-01
  2.8200e+01     9.996383e-01
  2.8242e+01     9.996378e-01
  2.8285e+01     9.996372e-01
  2.8328e+01     9.996367e-01
  2.8371e+01     9.996362e-01
  2.8414e+01     9.996356e-01
  2.8457e+01     9.996351e-01
  2.8500e+01     9.996346e-01
  2.8542e+01     9.996340e-01
  2.8585e+01     9.996335e-01
  2.8628e+01     9.996330e-01
  2.8671e+01     9.996324e-01
  2.8714e+01     9.996319e-01
  2.8757e+01     9.996314e-01
  2.8800e+01     9.996308e-01
  2.8842e+01     9.996303e-01
  2.8885e+01     9.996298e-01
  2.8928e+01     9.996293e-01
  2.8971e+01     9.996287e-01
  2.9014e+01     9.996282e-01
  2.9057e+01     9.996277e-01
  2.9100e+01     9.996271e-01
  2.9142e+01     9.996266e-01
  2.9185e+01     9.996261e-01
  2.9228e+01     9.996255e-01
  2.9271e+01     9.996250e-01
  2.9314e+01     9.996245e-01
  2.9357e+01     9.996239e-01
  2.9400e+01     9.996234e-01
  2.9442e+01     9.996229e-01
  2.9485e+01     9.996223e-01
  2.9528e+01     9.996218e-01
  2.9571e+01     9.996213e-01
  2.9614e+01     9.996207e-01
  2.9657e+01     9.996202e-01
  2.9700e+01     9.996197e-01
  2.9742e+01     9.996191e-01
  2.9785e+01     9.996186e-01
  2.9828e+01     9.996181e-01
  2.9871e+01     9.996175e-01
  2.9914e+01     9.996170e-01
  2.9957e+01     9.996165e-01
  3.0000e+01     9.996159e-01
  3.0042e+01     9.996154e-01
  3.0085e+01     9.996149e-01
  3.0128e+01     9.996143e-01
  3.0171e+01     9.996138e-01
  3.0214e+01     9.996133e-01
  3.0257e+01     9.996127e-01
  3.0300e+01     9.996122e-01
  3.0342e+01     9.996117e-01
  3.0385e+01     9.996111e-01
  3.0428e+01     9.996106e-01
  3.0471e+01     9.996101e-01
  3.0514e+01     9.996095e-01
  3.0557e+01     9.996090e-01
  3.0600e+01     9.996085e-01
  3.0642e+01     9.996079e-01
  3.0685e+01     9.996074e-01
  3.0728e+01     9.996069e-01
  3.0771e+01     9.996063e-01
  3.0814e+01     9.996058e-01
  3.0857e+01     9.996053e-01
  3.0900e+01     9.996048e-01
  3.0942e+01     9.996042e-01
  3.0985e+01     9.996037e-01
  3.1028e+01     9.996032e-01
  3.1071e+01     9.996026e-01
  3.1114e+01     9.996021e-01
  3.1157e+01     9.996016e-01
  3.1200e+01     9.996010e-01
  3.1242e+01     9.996005e-01
  3.1285e+01     9.996000e-01
  3.1328e+01     9.995994e-01
  3.1371e+01     9.995989e-01
  3.1414e+01     9.995984e-01
  3.1457e+01     9.995978e-01
  3.1500e+01     9.995973e-01
  3.1542e+01     9.995968e-01
  3.1585e+01     9.995962e-01
  3.1628e+01     9.995957e-01
  3.1671e+01     9.995952e-01
  3.1714e+01     9.995946e-01
  3.1757e+01     9.995941e-01
  3.1800e+01     9.995936e-01
  3.1842e+01     9.995930e-01
  3.1885e+01     9.995925e-01
  3.1928e+01     9.995920e-01
  3.1971e+01     9.995914e-01
  3.2014e+01     9.995909e-01
  3.2057e+01     9.995904e-01
  3.2100e+01     9.995898e-01
  3.2142e+01     9.995893e-01
  3.2185e+01     9.995888e-01
  3.2228e+01     9.995883e-01
  3.2271e+01     9.995877e-01
  3.2314e+01     9.995872e-01
  3.2357e+01     9.995867e-01
  3.2400e+01     9.995861e-01
  3.2442e+01     9.995856e-01
  3.2485e+01     9.995851e-01
  3.2528e+01     9.995845e-01
  3.2571e+01     9.995840e-01
  3.2614e+01     9.995835e-01
  3.2657e+01     9.995829e-01
  3.2700e+01     9.995824e-01
  3.2742e+01     9.995819e-01
  3.2785e+01     9.995813e-01
  3.2828e+01     9.995808e-01
  3.2871e+01     9.995803e-01
  3.2914e+01     9.995797e-01
  3.2957e+01     9.995792e-01
  3.3000e+01     9.995787e-01
  3.3042e+01     9.995781e-01
  3.3085e+01     9.995776e-01
  3.3128e+01     9.995771e-01
  3.3171e+01     9.995765e-01
  3.3214e+01     9.995760e-01
  3.3257e+01     9.995755e-01
  3.3300e+01     9.995750e-01
  3.3342e+01     9.995744e-01
  3.3385e+01     9.995739e-01
  3.3428e+01     9.995734e-01
  3.3471e+01     9.995728e-01
  3.3514e+01     9.995723e-01
  3.3557e+01     9.995718e-01
  3.3600e+01     9.995712e-01
  3.3642e+01     9.995707e-01
  3.3685e+01     9.995702e-01
  3.3728e+01     9.995696e-01
  3.3771e+01     9.995691e-01
  3.3814e+01     9.995686e-01
  3.3857e+01     9.995680e-01
  3.3900e+01     9.995675e-01
  3.3942e+01     9.995670e-01
  3.3985e+01     9.995664e-01
  3.4028e+01     9.995659e-01
  3.4071e+01     9.995654e-01
  3.4114e+01     9.995649e-01
  3.4157e+01     9.995643e-01
  3.4200e+01     9.995638e-01
  3.4242e+01     9.995633e-01
  3.4285e+01     9.995627e-01
  3.4328e+01     9.995622e-01
  3.4371e+01     9.995617e-01
  3.4414e+01     9.995611e-01
  3.4457e+01     9.995606e-01
  3.4500e+01     9.995601e-01
  3.4542e+01     9.995595e-01
  3.4585e+01     9.995590e-01
  3.4628e+01     9.995585e-01
  3.4671e+01     9.995579e-01
  3.4714e+01     9.995574e-01
  3.4757e+01     9.995569e-01
  3.4800e+01     9.995563e-01
  3.4842e+01     9.995558e-01
  3.4885e+01     9.995553e-01
  3.4928e+01     9.995548e-01
  3.4971e+01     9.995542e-01
  3.5014e+01     9.995537e-01
  3.5057e+01     9.995532e-01
  3.5100e+01     9.995526e-01
  3.5142e+01     9.995521e-01
  3.5185e+01     9.995516e-01
  3.5228e+01     9.995510e-01
  3.5271e+01     9.995505e-01
  3.5314e+01     9.995500e-01
  3.5357e+01     9.995494e-01
  3.5400e+01     9.995489e-01
  3.5442e+01     9.995484e-01
  3.5485e+01     9.995478e-01
  3.5528e+01     9.995473e-01
  3.5571e+01     9.995468e-01
  3.5614e+01     9.995462e-01
  3.5657e+01     9.995457e-01
  3.5700e+01     9.995452e-01
  3.5742e+01     9.995447e-01
  3.5785e+01     9.995441e-01
  3.5828e+01     9.995436e-01
  3.5871e+01     9.995431e-01
  3.5914e+01     9.995425e-01
  3.5957e+01     9.995420e-01
  3.6000e+01     9.995415e-01
  3.6042e+01     9.995409e-01
  3.6085e+01     9.995404e-01
  3.6128e+01     9.995399e-01
  3.6171e+01     9.995393e-01
  3.6214e+01     9.995388e-01
  3.6257e+01     9.995383e-01
  3.6300e+01     9.995377e-01
  3.6342e+01     9.995372e-01
  3.6385e+01     9.995367e-01
  3.6428e+01     9.995362e-01
  3.6471e+01     9.995356e-01
  3.6514e+01     9.995351e-01
  3.6557e+01     9.995346e-01
  3.6600e+01     9.995340e-01
  3.6642e+01     9.995335e-01
  3.6685e+01     9.995330e-01
  3.6728e+01     9.995324e-01
  3.6771e+01     9.995319e-01
  3.6814e+01     9.995314e-01
  3.6857e+01     9.995308e-01
  3.6900e+01     9.995303e-01
  3.6942e+01     9.995298e-01
  3.6985e+01     9.995293e-01
  3.7028e+01     9.995287e-01
  3.7071e+01     9.995282e-01
  3.7114e+01     9.995277e-01
  3.7157e+01     9.995271e-01
  3.7200e+01     9.995266e-01
  3.7242e+01     9.995261e-01
  3.7285e+01     9.995255e-01
  3.7328e+01     9.995250e-01
  3.7371e+01     9.995245e-01
  3.7414e+01     9.995239e-01
  3.7457e+01     9.995234e-01
  3.7500e+01     9.995229e-01
  3.7542e+01     9.995224e-01
  3.7585e+01     9.995218e-01
  3.7628e+01     9.995213e-01
  3.7671e+01     9.995208e-01
  3.7714e+01     9.995202e-01
  3.7757e+01     9.995197e-01
  3.7800e+01     9.995192e-01
  3.7842e+01     9.995186e-01
  3.7885e+01     9.995181e-01
  3.7928e+01     9.995176e-01
  3.7971e+01     9.995170e-01
  3.8014e+01     9.995165e-01
  3.8057e+01     9.995160e-01
  3.8100e+01     9.995155e-01
  3.8142e+01     9.995149e-01
  3.8185e+01     9.995144e-01
  3.8228e+01     9.995139e-01
  3.8271e+01     9.995133e-01
  3.8314e+01     9.995128e-01
  3.8357e+01     9.995123e-01
  3.8400e+01     9.995117e-01
  3.8442e+01     9.995112e-01
  3.8485e+01     9.995107e-01
  3.8528e+01     9.995101e-01
  3.8571e+01     9.995096e-01
  3.8614e+01     9.995091e-01
  3.8657e+01     9.995086e-01
  3.8700e+01     9.995080e-01
  3.8742e+01     9.995075e-01
  3.8785e+01     9.995070e-01
  3.8828e+01     9.995064e-01
  3.8871e+01     9.995059e-01
  3.8914e+01     9.995054e-01
  3.8957e+01     9.995048e-01
  3.9000e+01     9.995043e-01
  3.9042e+01     9.995038e-01
  3.9085e+01     9.995032e-01
  3.9128e+01     9.995027e-01
  3.9171e+01     9.995022e-01
  3.9214e+01     9.995017e-01
  3.9257e+01     9.995011e-01
  3.9300e+01     9.995006e-01
  3.9342e+01     9.995001e-01
  3.9385e+01     9.994995e-01
  3.9428e+01     9.994990e-01
  3.9471e+01     9.994985e-01
  3.9514e+01     9.994979e-01
  3.9557e+01     9.994974e-01
  3.9600e+01     9.994969e-01
  3.9642e+01     9.994964e-01
  3.9685e+01     9.994958e-01
  3.9728e+01     9.994953e-01
  3.9771e+01     9.994948e-01
  3.9814e+01     9.994942e-01
  3.9857e+01     9.994937e-01
  3.9900e+01     9.994932e-01
  3.9942e+01     9.994926e-01
  3.9985e+01     9.994921e-01
  4.0028e+01     9.994916e-01
  4.0071e+01     9.994911e-01
  4.0114e+01     9.994905e-01
  4.0157e+01     9.994900e-01
  4.0200e+01     9.994895e-01
  4.0242e+01     9.994889e-01
  4.0285e+01     9.994884e-01
  4.0328e+01     9.994879e-01
  4.0371e+01     9.994873e-01
  4.0414e+01     9.994868e-01
  4.0457e+01     9.994863e-01
  4.0500e+01     9.994857e-01
  4.0542e+01     9.994852e-01
  4.0585e+01     9.994847e-01
  4.0628e+01     9.994842e-01
  4.0671e+01     9.994836e-01
  4.0714e+01     9.994831e-01
  4.0757e+01     9.994826e-01
  4.0800e+01     9.994820e-01
  4.0842e+01     9.994815e-01
  4.0885e+01     9.994810e-01
  4.0928e+01     9.994805e-01
  4.0971e+01     9.994799e-01
  4.1014e+01     9.994794e-01
  4.1057e+01     9.994789e-01
  4.1100e+01     9.994783e-01
  4.1142e+01     9.994778e-01
  4.1185e+01     9.994773e-01
  4.1228e+01     9.994767e-01
  4.1271e+01     9.994762e-01
  4.1314e+01     9.994757e-01
  4.1357e+01     9.994752e-01
  4.1400e+01     9.994746e-01
  4.1442e+01     9.994741e-01
  4.1485e+01     9.994736e-01
  4.1528e+01     9.994730e-01
  4.1571e+01     9.994725e-01
  4.1614e+01     9.994720e-01
  4.1657e+01     9.994714e-01
  4.1700e+01     9.994709e-01
  4.1742e+01     9.994704e-01
  4.1785e+01     9.994699e-01
  4.1828e+01     9.994693e-01
  4.1871e+01     9.994688e-01
  4.1914e+01     9.994683e-01
  4.1957e+01     9.994677e-01
  4.2000e+01     9.994672e-01
  4.2042e+01     9.994667e-01
  4.2085e+01     9.994661e-01
  4.2128e+01     9.994656e-01
  4.2171e+01     9.994651e-01
  4.2214e+01     9.994646e-01
  4.2257e+01     9.994640e-01
  4.2300e+01     9.994635e-01
  4.2342e+01     9.994630e-01
  4.2385e+01     9.994624e-01
  4.2428e+01     9.994619e-01
  4.2471e+01     9.994614e-01
  4.2514e+01     9.994609e-01
  4.2557e+01     9.994603e-01
  4.2600e+01     9.994598e-01
  4.2642e+01     9.994593e-01
  4.2685e+01     9.994587e-01
  4.2728e+01     9.994582e-01
  4.2771e+01     9.994577e-01
  4.2814e+01     9.994571e-01
  4.2857e+01     9.994566e-01
  4.2900e+01     9.994561e-01
  4.2942e+01     9.994556e-01
  4.2985e+01     9.994550e-01
  4.3028e+01     9.994545e-01
  4.3071e+01     9.994540e-01
  4.3114e+01     9.994534e-01
  4.3157e+01     9.994529e-01
  4.3200e+01     9.994524e-01
  4.3242e+01     9.994519e-01
  4.3285e+01     9.994513e-01
  4.3328e+01     9.994508e-01
  4.3371e+01     9.994503e-01
  4.3414e+01     9.994497e-01
  4.3457e+01     9.994492e-01
  4.3500e+01     9.994487e-01
  4.3542e+01     9.994481e-01
  4.3585e+01     9.994476e-01
  4.3628e+01     9.994471e-01
  4.3671e+01     9.994466e-01
  4.3714e+01     9.994460e-01
  4.3757e+01     9.994455e-01
  4.3800e+01     9.994450e-01
  4.3842e+01     9.994444e-01
  4.3885e+01     9.994439e-01
  4.3928e+01     9.994434e-01
  4.3971e+01     9.994429e-01
  4.4014e+01     9.994423e-01
  4.4057e+01     9.994418e-01
  4.4100e+01     9.994413e-01
  4.4142e+01     9.994407e-01
  4.4185e+01     9.994402e-01
  4.4228e+01     9.994397e-01
  4.4271e+01     9.994392e-01
  4.4314e+01     9.994386e-01
  4.4357e+01     9.994381e-01
  4.4400e+01     9.994376e-01
  4.4442e+01     9.994370e-01
  4.4485e+01     9.994365e-01
  4.4528e+01     9.994360e-01
  4.4571e+01     9.994354e-01
  4.4614e+01     9.994349e-01
  4.4657e+01     9.994344e-01
  4.4700e+01     9.994339e-01
  4.4742e+01     9.994333e-01
  4.4785e+01     9.994328e-01
  4.4828e+01     9.994323e-01
  4.4871e+01     9.994317e-01
  4.4914e+01     9.994312e-01
  4.4957e+01     9.994307e-01
  4.5000e+01     9.994302e-01
  4.5042e+01     9.994296e-01
  4.5085e+01     9.994291e-01
  4.5128e+01     9.994286e-01
  4.5171e+01     9.994280e-01
  4.5214e+01     9.994275e-01
  4.5257e+01     9.994270e-01
  4.5300e+01     9.994265e-01
  4.5342e+01     9.994259e-01
  4.5385e+01     9.994254e-01
  4.5428e+01     9.994249e-01
  4.5471e+01     9.994243e-01
  4.5514e+01     9.994238e-01
  4.5557e+01     9.994233e-01
  4.5600e+01     9.994228e-01
  4.5642e+01     9.994222e-01
  4.5685e+01     9.994217e-01
  4.5728e+01     9.994212e-01
  4.5771e+01     9.994206e-01
  4.5814e+01     9.994201e-01
  4.5857e+01     9.994196e-01
  4.5900e+01     9.994191e-01
  4.5942e+01     9.994185e-01
  4.5985e+01     9.994180e-01
  4.6028e+01     9.994175e-01
  4.6071e+01     9.994169e-01
  4.6114e+01     9.994164e-01
  4.6157e+01     9.994159e-01
  4.6200e+01     9.994154e-01
  4.6242e+01     9.994148e-01
  4.6285e+01     9.994143e-01
  4.6328e+01     9.994138e-01
  4.6371e+01     9.994132e-01
  4.6414e+01     9.994127e-01
  4.6457e+01     9.994122e-01
  4.6500e+01     9.994117e-01
  4.6542e+01     9.994111e-01
  4.6585e+01     9.994106e-01
  4.6628e+01     9.994101e-01
  4.6671e+01     9.994095e-01
  4.6714e+01     9.994090e-01
  4.6757e+01     9.994085e-01
  4.6800e+01     9.994080e-01
  4.6842e+01     9.994074e-01
  4.6885e+01     9.994069e-01
  4.6928e+01     9.994064e-01
  4.6971e+01     9.994059e-01
  4.7014e+01     9.994053e-01
  4.7057e+01     9.994048e-01
  4.7100e+01     9.994043e-01
  4.7142e+01     9.994037e-01
  4.7185e+01     9.994032e-01
  4.7228e+01     9.994027e-01
  4.7271e+01     9.994022e-01
  4.7314e+01     9.994016e-01
  4.7357e+01     9.994011e-01
  4.7400e+01     9.994006e-01
  4.7442e+01     9.994000e-01
  4.7485e+01     9.993995e-01
  4.7528e+01     9.993990e-01
  4.7571e+01     9.993985e-01
  4.7614e+01     9.993979e-01
  4.7657e+01     9.993974e-01
  4.7700e+01     9.993969e-01
  4.7742e+01     9.993963e-01
  4.7785e+01     9.993958e-01
  4.7828e+01     9.993953e-01
  4.7871e+01     9.993948e-01
  4.7914e+01     9.993942e-01
  4.7957e+01     9.993937e-01
  4.8000e+01     9.993932e-01
  4.8042e+01     9.993927e-01
  4.8085e+01     9.993921e-01
  4.8128e+01     9.993916e-01
  4.8171e+01     9.993911e-01
  4.8214e+01     9.993905e-01
  4.8257e+01     9.993900e-01
  4.8300e+01     9.993895e-01
  4.8342e+01     9.993890e-01
  4.8385e+01     9.993884e-01
  4.8428e+01     9.993879e-01
  4.8471e+01     9.993874e-01
  4.8514e+01     9.993868e-01
  4.8557e+01     9.993863e-01
  4.8600e+01     9.993858e-01
  4.8642e+01     9.993853e-01
  4.8685e+01     9.993847e-01
  4.8728e+01     9.993842e-01
  4.8771e+01     9.993837e-01
  4.8814e+01     9.993832e-01
  4.8857e+01     9.993826e-01
  4.8900e+01     9.993821e-01
  4.8942e+01     9.993816e-01
  4.8985e+01     9.993810e-01
  4.9028e+01     9.993805e-01
  4.9071e+01     9.993800e-01
  4.9114e+01     9.993795e-01
  4.9157e+01     9.993789e-01
  4.9200e+01     9.993784e-01
  4.9242e+01     9.993779e-01
  4.9285e+01     9.993774e-01
  4.9328e+01     9.993768e-01
  4.9371e+01     9.993763e-01
  4.9414e+01     9.993758e-01
  4.9457e+01     9.993752e-01
  4.9500e+01     9.993747e-01
  4.9542e+01     9.993742e-01
  4.9585e+01     9.993737e-01
  4.9628e+01     9.993731e-01
  4.9671e+01     9.993726e-01
  4.9714e+01     9.993721e-01
  4.9757e+01     9.993716e-01
  4.9800e+01     9.993710e-01
  4.9842e+01     9.993705e-01
  4.9885e+01     9.993700e-01
  4.9928e+01     9.993694e-01
  4.9971e+01     9.993689e-01
  5.0014e+01     9.993684e-01
  5.0057e+01     9.993679e-01
  5.0100e+01     9.993673e-01
  5.0142e+01     9.993668e-01
  5.0185e+01     9.993663e-01
  5.0228e+01     9.993658e-01
  5.0271e+01     9.993652e-01
  5.0314e+01     9.993647e-01
  5.0357e+01     9.993642e-01
  5.0400e+01     9.993636e-01
  5.0442e+01     9.993631e-01
  5.0485e+01     9.993626e-01
  5.0528e+01     9.993621e-01
  5.0571e+01     9.993615e-01
  5.0614e+01     9.993610e-01
  5.0657e+01     9.993605e-01
  5.0700e+01     9.993600e-01
  5.0742e+01     9.993594e-01
  5.0785e+01     9.993589e-01
  5.0828e+01     9.993584e-01
  5.0871e+01     9.993578e-01
  5.0914e+01     9.993573e-01
  5.0957e+01     9.993568e-01
  5.1000e+01     9.993563e-01
  5.1042e+01     9.993557e-01
  5.1085e+01     9.993552e-01
  5.1128e+01     9.993547e-01
  5.1171e+01     9.993542e-01
  5.1214e+01     9.993536e-01
  5.1257e+01     9.993531e-01
  5.1300e+01     9.993526e-01
  5.1342e+01     9.993521e-01
  5.1385e+01     9.993515e-01
  5.1428e+01     9.993510e-01
  5.1471e+01     9.993505e-01
  5.1514e+01     9.993499e-01
  5.1557e+01     9.993494e-01
  5.1600e+01     9.993489e-01
  5.1642e+01     9.993484e-01
  5.1685e+01     9.993478e-01
  5.1728e+01     9.993473e-01
  5.1771e+01     9.993468e-01
  5.1814e+01     9.993463e-01
  5.1857e+01     9.993457e-01
  5.1900e+01     9.993452e-01
  5.1942e+01     9.993447e-01
  5.1985e+01     9.993442e-01
  5.2028e+01     9.993436e-01
  5.2071e+01     9.993431e-01
  5.2114e+01     9.993426e-01
  5.2157e+01     9.993420e-01
  5.2200e+01     9.993415e-01
  5.2242e+01     9.993410e-01
  5.2285e+01     9.993405e-01
  5.2328e+01     9.993399e-01
  5.2371e+01     9.993394e-01
  5.2414e+01     9.993389e-01
  5.2457e+01     9.993384e-01
  5.2500e+01     9.993378e-01
  5.2542e+01     9.993373e-01
  5.2585e+01     9.993368e-01
  5.2628e+01     9.993363e-01
  5.2671e+01     9.993357e-01
  5.2714e+01     9.993352e-01
  5.2757e+01     9.993347e-01
  5.2800e+01     9.993342e-01
  5.2842e+01     9.993336e-01
  5.2885e+01     9.993331e-01
  5.2928e+01     9.993326e-01
  5.2971e+01     9.993320e-01
  5.3014e+01     9.993315e-01
  5.3057e+01     9.993310e-01
  5.3100e+01     9.993305e-01
  5.3142e+01     9.993299e-01
  5.3185e+01     9.993294e-01
  5.3228e+01     9.993289e-01
  5.3271e+01     9.993284e-01
  5.3314e+01     9.993278e-01
  5.3357e+01     9.993273e-01
  5.3400e+01     9.993268e-01
  5.3442e+01     9.993263e-01
  5.3485e+01     9.993257e-01
  5.3528e+01     9.993252e-01
  5.3571e+01     9.993247e-01
  5.3614e+01     9.993242e-01
  5.3657e+01     9.993236e-01
  5.3700e+01     9.993231e-01
  5.3742e+01     9.993226e-01
  5.3785e+01     9.993221e-01
  5.3828e+01     9.993215e-01
  5.3871e+01     9.993210e-01
  5.3914e+01     9.993205e-01
  5.3957e+01     9.993200e-01
  5.4000e+01     9.993194e-01
  5.4042e+01     9.993189e-01
  5.4085e+01     9.993184e-01
  5.4128e+01     9.993178e-01
  5.4171e+01     9.993173e-01
  5.4214e+01     9.993168e-01
  5.4257e+01     9.993163e-01
  5.4300e+01     9.993157e-01
  5.4342e+01     9.993152e-01
  5.4385e+01     9.993147e-01
  5.4428e+01     9.993142e-01
  5.4471e+01     9.993136e-01
  5.4514e+01     9.993131e-01
  5.4557e+01     9.993126e-01
  5.4600e+01     9.993121e-01
  5.4642e+01     9.993115e-01
  5.4685e+01     9.993110e-01
  5.4728e+01     9.993105e-01
  5.4771e+01     9.993100e-01
  5.4814e+01     9.993094e-01
  5.4857e+01     9.993089e-01
  5.4900e+01     9.993084e-01
  5.4942e+01     9.993079e-01
  5.4985e+01     9.993073e-01
  5.5028e+01     9.993068e-01
  5.5071e+01     9.993063e-01
  5.5114e+01     9.993058e-01
  5.5157e+01     9.993052e-01
  5.5200e+01     9.993047e-01
  5.5242e+01     9.993042e-01
  5.5285e+01     9.993037e-01
  5.5328e+01     9.993031e-01
  5.5371e+01     9.993026e-01
  5.5414e+01     9.993021e-01
  5.5457e+01     9.993016e-01
  5.5500e+01     9.993010e-01
  5.5542e+01     9.993005e-01
  5.5585e+01     9.993000e-01
  5.5628e+01     9.992995e-01
  5.5671e+01     9.992989e-01
  5.5714e+01     9.992984e-01
  5.5757e+01     9.992979e-01
  5.5800e+01     9.992974e-01
  5.5842e+01     9.992968e-01
  5.5885e+01     9.992963e-01
  5.5928e+01     9.992958e-01
  5.5971e+01     9.992953e-01
  5.6014e+01     9.992947e-01
  5.6057e+01     9.992942e-01
  5.6100e+01     9.992937e-01
  5.6142e+01     9.992932e-01
  5.6185e+01     9.992926e-01
  5.6228e+01     9.992921e-01
  5.6271e+01     9.992916e-01
  5.6314e+01     9.992911e-01
  5.6357e+01     9.992905e-01
  5.6400e+01     9.992900e-01
  5.6442e+01     9.992895e-01
  5.6485e+01     9.992890e-01
  5.6528e+01     9.992884e-01
  5.6571e+01     9.992879e-01
  5.6614e+01     9.992874e-01
  5.6657e+01     9.992869e-01
  5.6700e+01     9.992863e-01
  5.6742e+01     9.992858e-01
  5.6785e+01     9.992853e-01
  5.6828e+01     9.992848e-01
  5.6871e+01     9.992842e-01
  5.6914e+01     9.992837e-01
  5.6957e+01     9.992832e-01
  5.7000e+01     9.992827e-01
  5.7042e+01     9.992821e-01
  5.7085e+01     9.992816e-01
  5.7128e+01     9.992811e-01
  5.7171e+01     9.992806e-01
  5.7214e+01     9.992800e-01
  5.7257e+01     9.992795e-01
  5.7300e+01     9.992790e-01
  5.7342e+01     9.992785e-01
  5.7385e+01     9.992779e-01
  5.7428e+01     9.992774e-01
  5.7471e+01     9.992769e-01
  5.7514e+01     9.992764e-01
  5.7557e+01     9.992758e-01
  5.7600e+01     9.992753e-01
  5.7642e+01     9.992748e-01
  5.7685e+01     9.992743e-01
  5.7728e+01     9.992737e-01
  5.7771e+01     9.992732e-01
  5.7814e+01     9.992727e-01
  5.7857e+01     9.992722e-01
  5.7900e+01     9.992716e-01
  5.7942e+01     9.992711e-01
  5.7985e+01     9.992706e-01
  5.8028e+01     9.992701e-01
  5.8071e+01     9.992695e-01
  5.8114e+01     9.992690e-01
  5.8157e+01     9.992685e-01
  5.8200e+01     9.992680e-01
  5.8242e+01     9.992674e-01
  5.8285e+01     9.992669e-01
  5.8328e+01     9.992664e-01
  5.8371e+01     9.992659e-01
  5.8414e+01     9.992654e-01
  5.8457e+01     9.992648e-01
  5.8500e+01     9.992643e-01
  5.8542e+01     9.992638e-01
  5.8585e+01     9.992633e-01
  5.8628e+01     9.992627e-01
  5.8671e+01     9.992622e-01
  5.8714e+01     9.992617e-01
  5.8757e+01     9.992612e-01
  5.8800e+01     9.992606e-01
  5.8842e+01     9.992601e-01
  5.8885e+01     9.992596e-01
  5.8928e+01     9.992591e-01
  5.8971e+01     9.992585e-01
  5.9014e+01     9.992580e-01
  5.9057e+01     9.992575e-01
  5.9100e+01     9.992570e-01
  5.9142e+01     9.992564e-01
  5.9185e+01     9.992559e-01
  5.9228e+01     9.992554e-01
  5.9271e+01     9.992549e-01
  5.9314e+01     9.992543e-01
  5.9357e+01     9.992538e-01
  5.9400e+01     9.992533e-01
  5.9442e+01     9.992528e-01
  5.9485e+01     9.992523e-01
  5.9528e+01     9.992517e-01
  5.9571e+01     9.992512e-01
  5.9614e+01     9.992507e-01
  5.9657e+01     9.992502e-01
  5.9700e+01     9.992496e-01
  5.9742e+01     9.992491e-01
  5.9785e+01     9.992486e-01
  5.9828e+01     9.992481e-01
  5.9871e+01     9.992475e-01
  5.9914e+01     9.992470e-01
  5.9957e+01     9.992465e-01
