# Epidemic | reproduction number
# [ x-unit: transmission cycles | y-unit: persons infected by one sick person ]
  0.0000e+00     2.999970e+00
  4.2857e-02     2.999968e+00
  8.5714e-02     2.999967e+00
  1.2857e-01     2.999965e+00
  1.7143e-01     2.999964e+00
  2.1429e-01     2.999962e+00
  2.5714e-01     2.999960e+00
  3.0000e-01     2.999959e+00
  3.4286e-01     2.999957e+00
  3.8571e-01     2.999955e+00
  4.2857e-01     2.999954e+00
  4.7143e-01     2.999952e+00
  5.1429e-01     2.999950e+00
  5.5714e-01     2.999948e+00
  6.0000e-01     2.999945e+00
  6.4286e-01     2.999943e+00
  6.8571e-01     2.999941e+00
  7.2857e-01     2.999938e+00
  7.7143e-01     2.999935e+00
  8.1429e-01     2.999933e+00
  8.5714e-01     2.999930e+00
  9.0000e-01     2.999927e+00
  9.4286e-01     2.999924e+00
  9.8571e-01     2.999920e+00
  1.0285e+00     2.999917e+00
  1.0714e+00     2.999913e+00
  1.1142e+00     2.999909e+00
  1.1571e+00     2.999905e+00
  1.2000e+00     2.999901e+00
  1.2428e+00     2.999896e+00
  1.2857e+00     2.999892e+00
  1.3285e+00     2.999887e+00
  1.3714e+00     2.999882e+00
  1.4142e+00     2.999876e+00
  1.4571e+00     2.999871e+00
  1.5000e+00     2.999865e+00
  1.5428e+00     2.999858e+00
  1.5857e+00     2.999852e+00
  1.6285e+00     2.999845e+00
  1.6714e+00     2.999838e+00
  1.7142e+00     2.999831e+00
  1.7571e+00     2.999823e+00
  1.8000e+00     2.999814e+00
  1.8428e+00     2.999806e+00
  1.8857e+00     2.999797e+00
  1.9285e+00     2.999787e+00
  1.9714e+00     2.999777e+00
  2.0142e+00     2.999767e+00
  2.0571e+00     2.999756e+00
  2.1000e+00     2.999745e+00
  2.1428e+00     2.999733e+00
  2.1857e+00     2.999720e+00
  2.2285e+00     2.999707e+00
  2.2714e+00     2.999693e+00
  2.3142e+00     2.999679e+00
  2.3571e+00     2.999664e+00
  2.4000e+00     2.999648e+00
  2.4428e+00     2.999631e+00
  2.4857e+00     2.999614e+00
  2.5285e+00     2.999595e+00
  2.5714e+00     2.999576e+00
  2.6142e+00     2.999556e+00
  2.6571e+00     2.999535e+00
  2.7000e+00     2.999513e+00
  2.7428e+00     2.999490e+00
  2.7857e+00     2.999465e+00
  2.8285e+00     2.999440e+00
  2.8714e+00     2.999413e+00
  2.9142e+00     2.999385e+00
  2.9571e+00     2.999356e+00
  3.0000e+00     2.999325e+00
  3.0428e+00     2.999293e+00
  3.0857e+00     2.999259e+00
  3.1285e+00     2.999224e+00
  3.1714e+00     2.999187e+00
  3.2142e+00     2.999148e+00
  3.2571e+00     2.999107e+00
  3.3000e+00     2.999064e+00
  3.3428e+00     2.999020e+00
  3.3857e+00     2.998973e+00
  3.4285e+00     2.998924e+00
  3.4714e+00     2.998872e+00
  3.5142e+00     2.998818e+00
  3.5571e+00     2.998761e+00
  3.6000e+00     2.998702e+00
  3.6428e+00     2.998640e+00
  3.6857e+00     2.998575e+00
  3.7285e+00     2.998506e+00
  3.7714e+00     2.998434e+00
  3.8142e+00     2.998359e+00
  3.8571e+00     2.998281e+00
  3.9000e+00     2.998198e+00
  3.9428e+00     2.998112e+00
  3.9857e+00     2.998021e+00
  4.0285e+00     2.997926e+00
  4.0714e+00     2.997826e+00
  4.1142e+00     2.997722e+00
  4.1571e+00     2.997612e+00
  4.2000e+00     2.997497e+00
  4.2428e+00     2.997377e+00
  4.2857e+00     2.997251e+00
  4.3285e+00     2.997119e+00
  4.3714e+00     2.996981e+00
  4.4142e+00     2.996835e+00
  4.4571e+00     2.996683e+00
  4.5000e+00     2.996524e+00
  4.5428e+00     2.996357e+00
  4.5857e+00     2.996181e+00
  4.6285e+00     2.995998e+00
  4.6714e+00     2.995805e+00
  4.7142e+00     2.995603e+00
  4.7571e+00     2.995392e+00
  4.8000e+00     2.995170e+00
  4.8428e+00     2.994938e+00
  4.8857e+00     2.994694e+00
  4.9285e+00     2.994439e+00
  4.9714e+00     2.994172e+00
  5.0142e+00     2.993891e+00
  5.0571e+00     2.993597e+00
  5.1000e+00     2.993289e+00
  5.1428e+00     2.992966e+00
  5.1857e+00     2.992628e+00
  5.2285e+00     2.992273e+00
  5.2714e+00     2.991902e+00
  5.3142e+00     2.991512e+00
  5.3571e+00     2.991104e+00
  5.4000e+00     2.990676e+00
  5.4428e+00     2.990227e+00
  5.4857e+00     2.989757e+00
  5.5285e+00     2.989265e+00
  5.5714e+00     2.988748e+00
  5.6142e+00     2.988207e+00
  5.6571e+00     2.987640e+00
  5.7000e+00     2.987046e+00
  5.7428e+00     2.986423e+00
  5.7857e+00     2.985770e+00
  5.8285e+00     2.985086e+00
  5.8714e+00     2.984369e+00
  5.9142e+00     2.983617e+00
  5.9571e+00     2.982830e+00
  6.0000e+00     2.982005e+00
  6.0428e+00     2.981140e+00
  6.0857e+00     2.980234e+00
  6.1285e+00     2.979284e+00
  6.1714e+00     2.978289e+00
  6.2142e+00     2.977247e+00
  6.2571e+00     2.976154e+00
  6.3000e+00     2.975009e+00
  6.3428e+00     2.973809e+00
  6.3857e+00     2.972552e+00
  6.4285e+00     2.971235e+00
  6.4714e+00     2.969855e+00
  6.5142e+00     2.968409e+00
  6.5571e+00     2.966894e+00
  6.6000e+00     2.965307e+00
  6.6428e+00     2.963644e+00
  6.6857e+00     2.961902e+00
  6.7285e+00     2.960077e+00
  6.7714e+00     2.958164e+00
  6.8142e+00     2.956161e+00
  6.8571e+00     2.954063e+00
  6.9000e+00     2.951865e+00
  6.9428e+00     2.949563e+00
  6.9857e+00     2.947151e+00
  7.0285e+00     2.944625e+00
  7.0714e+00     2.941980e+00
  7.1142e+00     2.939209e+00
  7.1571e+00     2.936307e+00
  7.2000e+00     2.933268e+00
  7.2428e+00     2.930085e+00
  7.2857e+00     2.926753e+00
  7.3285e+00     2.923264e+00
  7.3714e+00     2.919610e+00
  7.4142e+00     2.915785e+00
  7.4571e+00     2.911780e+00
  7.5000e+00     2.907588e+00
  7.5428e+00     2.903199e+00
  7.5857e+00     2.898605e+00
  7.6285e+00     2.893797e+00
  7.6714e+00     2.888765e+00
  7.7142e+00     2.883498e+00
  7.7571e+00     2.877988e+00
  7.8000e+00     2.872221e+00
  7.8428e+00     2.866188e+00
  7.8857e+00     2.859877e+00
  7.9285e+00     2.853275e+00
  7.9714e+00     2.846369e+00
  8.0142e+00     2.839147e+00
  8.0571e+00     2.831595e+00
  8.1000e+00     2.823698e+00
  8.1428e+00     2.815442e+00
  8.1857e+00     2.806811e+00
  8.2285e+00     2.797790e+00
  8.2714e+00     2.788362e+00
  8.3142e+00     2.778511e+00
  8.3571e+00     2.768219e+00
  8.4000e+00     2.757467e+00
  8.4428e+00     2.746238e+00
  8.4857e+00     2.734513e+00
  8.5285e+00     2.722270e+00
  8.5714e+00     2.709491e+00
  8.6142e+00     2.696154e+00
  8.6571e+00     2.682238e+00
  8.7000e+00     2.667721e+00
  8.7428e+00     2.652580e+00
  8.7857e+00     2.636793e+00
  8.8285e+00     2.620337e+00
  8.8714e+00     2.603186e+00
  8.9142e+00     2.585318e+00
  8.9571e+00     2.566708e+00
  9.0000e+00     2.547330e+00
  9.0428e+00     2.527160e+00
  9.0857e+00     2.506173e+00
  9.1285e+00     2.484342e+00
  9.1714e+00     2.461644e+00
  9.2142e+00     2.438052e+00
  9.2571e+00     2.413542e+00
  9.3000e+00     2.388089e+00
  9.3428e+00     2.361668e+00
  9.3857e+00     2.334256e+00
  9.4285e+00     2.305830e+00
  9.4714e+00     2.276368e+00
  9.5142e+00     2.245848e+00
  9.5571e+00     2.214252e+00
  9.6000e+00     2.181562e+00
  9.6428e+00     2.147760e+00
  9.6857e+00     2.112832e+00
  9.7285e+00     2.076767e+00
  9.7714e+00     2.039554e+00
  9.8142e+00     2.001188e+00
  9.8571e+00     1.961663e+00
  9.9000e+00     1.920981e+00
  9.9428e+00     1.879145e+00
  9.9857e+00     1.836163e+00
  1.0028e+01     1.792047e+00
  1.0071e+01     1.746814e+00
  1.0114e+01     1.700487e+00
  1.0157e+01     1.653095e+00
  1.0200e+01     1.604670e+00
  1.0242e+01     1.555255e+00
  1.0285e+01     1.504895e+00
  1.0328e+01     1.453647e+00
  1.0371e+01     1.401570e+00
  1.0414e+01     1.348735e+00
  1.0457e+01     1.295218e+00
  1.0500e+01     1.241105e+00
  1.0542e+01     1.186490e+00
  1.0585e+01     1.131473e+00
  1.0628e+01     1.076165e+00
  1.0671e+01     1.020683e+00
  1.0714e+01     9.651529e-01
  1.0757e+01     9.097076e-01
  1.0800e+01     8.544873e-01
  1.0842e+01     7.996385e-01
  1.0885e+01     7.453133e-01
  1.0928e+01     6.916688e-01
  1.0971e+01     6.388658e-01
  1.1014e+01     5.870677e-01
  1.1057e+01     5.364391e-01
  1.1100e+01     4.871445e-01
  1.1142e+01     4.393468e-01
  1.1185e+01     3.932050e-01
  1.1228e+01     3.488733e-01
  1.1271e+01     3.064983e-01
  1.1314e+01     2.662181e-01
  1.1357e+01     2.281594e-01
  1.1400e+01     1.924370e-01
  1.1442e+01     1.591512e-01
  1.1485e+01     1.283876e-01
  1.1528e+01     1.002158e-01
  1.1571e+01     7.469042e-02
  1.1614e+01     5.185352e-02
  1.1657e+01     3.174118e-02
  1.1700e+01     1.440333e-02
