# Epidemic | incidence [ x-unit: transmission cycles | y-unit: ]
  3.0000e-01     1.009951e-05
  3.4286e-01     1.040402e-05
  3.8571e-01     1.071772e-05
  4.2857e-01     1.104087e-05
  4.7143e-01     1.137377e-05
  5.1429e-01     1.171670e-05
  5.5714e-01     1.206997e-05
  6.0000e-01     1.243390e-05
  6.4286e-01     1.280879e-05
  6.8571e-01     1.319499e-05
  7.2857e-01     1.359284e-05
  7.7143e-01     1.400267e-05
  8.1429e-01     1.442487e-05
  8.5714e-01     1.485979e-05
  9.0000e-01     1.530783e-05
  9.4286e-01     1.576938e-05
  9.8571e-01     1.624484e-05
  1.0285e+00     1.673463e-05
  1.0714e+00     1.723919e-05
  1.1142e+00     1.775897e-05
  1.1571e+00     1.829441e-05
  1.2000e+00     1.884600e-05
  1.2428e+00     1.941422e-05
  1.2857e+00     1.999957e-05
  1.3285e+00     2.060257e-05
  1.3714e+00     2.122375e-05
  1.4142e+00     2.186365e-05
  1.4571e+00     2.252285e-05
  1.5000e+00     2.320192e-05
  1.5428e+00     2.390146e-05
  1.5857e+00     2.462210e-05
  1.6285e+00     2.536446e-05
  1.6714e+00     2.612920e-05
  1.7142e+00     2.691699e-05
  1.7571e+00     2.772854e-05
  1.8000e+00     2.856455e-05
  1.8428e+00     2.942577e-05
  1.8857e+00     3.031295e-05
  1.9285e+00     3.122688e-05
  1.9714e+00     3.216835e-05
  2.0142e+00     3.313822e-05
  2.0571e+00     3.413732e-05
  2.1000e+00     3.516653e-05
  2.1428e+00     3.622678e-05
  2.1857e+00     3.731899e-05
  2.2285e+00     3.844412e-05
  2.2714e+00     3.960318e-05
  2.3142e+00     4.079717e-05
  2.3571e+00     4.202716e-05
  2.4000e+00     4.329423e-05
  2.4428e+00     4.459949e-05
  2.4857e+00     4.594410e-05
  2.5285e+00     4.732924e-05
  2.5714e+00     4.875614e-05
  2.6142e+00     5.022605e-05
  2.6571e+00     5.174027e-05
  2.7000e+00     5.330013e-05
  2.7428e+00     5.490701e-05
  2.7857e+00     5.656233e-05
  2.8285e+00     5.826755e-05
  2.8714e+00     6.002417e-05
  2.9142e+00     6.183373e-05
  2.9571e+00     6.369784e-05
  3.0000e+00     6.561814e-05
  3.0428e+00     6.759632e-05
  3.0857e+00     6.963413e-05
  3.1285e+00     7.173335e-05
  3.1714e+00     7.389585e-05
  3.2142e+00     7.612353e-05
  3.2571e+00     7.841835e-05
  3.3000e+00     8.078233e-05
  3.3428e+00     8.321756e-05
  3.3857e+00     8.572619e-05
  3.4285e+00     8.831043e-05
  3.4714e+00     9.097254e-05
  3.5142e+00     9.371489e-05
  3.5571e+00     9.653989e-05
  3.6000e+00     9.945002e-05
  3.6428e+00     1.024479e-04
  3.6857e+00     1.055360e-04
  3.7285e+00     1.087173e-04
  3.7714e+00     1.119944e-04
  3.8142e+00     1.153702e-04
  3.8571e+00     1.188478e-04
  3.9000e+00     1.224302e-04
  3.9428e+00     1.261205e-04
  3.9857e+00     1.299220e-04
  4.0285e+00     1.338381e-04
  4.0714e+00     1.378721e-04
  4.1142e+00     1.420277e-04
  4.1571e+00     1.463086e-04
  4.2000e+00     1.507183e-04
  4.2428e+00     1.552610e-04
  4.2857e+00     1.599405e-04
  4.3285e+00     1.647610e-04
  4.3714e+00     1.697267e-04
  4.4142e+00     1.748420e-04
  4.4571e+00     1.801113e-04
  4.5000e+00     1.855395e-04
  4.5428e+00     1.911311e-04
  4.5857e+00     1.968912e-04
  4.6285e+00     2.028247e-04
  4.6714e+00     2.089370e-04
  4.7142e+00     2.152334e-04
  4.7571e+00     2.217194e-04
  4.8000e+00     2.284007e-04
  4.8428e+00     2.352832e-04
  4.8857e+00     2.423731e-04
  4.9285e+00     2.496764e-04
  4.9714e+00     2.571996e-04
  5.0142e+00     2.649494e-04
  5.0571e+00     2.729325e-04
  5.1000e+00     2.811560e-04
  5.1428e+00     2.896271e-04
  5.1857e+00     2.983531e-04
  5.2285e+00     3.073419e-04
  5.2714e+00     3.166013e-04
  5.3142e+00     3.261394e-04
  5.3571e+00     3.359646e-04
  5.4000e+00     3.460855e-04
  5.4428e+00     3.565111e-04
  5.4857e+00     3.672504e-04
  5.5285e+00     3.783128e-04
  5.5714e+00     3.897082e-04
  5.6142e+00     4.014465e-04
  5.6571e+00     4.135379e-04
  5.7000e+00     4.259931e-04
  5.7428e+00     4.388231e-04
  5.7857e+00     4.520389e-04
  5.8285e+00     4.656523e-04
  5.8714e+00     4.796752e-04
  5.9142e+00     4.941198e-04
  5.9571e+00     5.089989e-04
  6.0000e+00     5.243253e-04
  6.0428e+00     5.401126e-04
  6.0857e+00     5.563746e-04
  6.1285e+00     5.731254e-04
  6.1714e+00     5.903798e-04
  6.2142e+00     6.081528e-04
  6.2571e+00     6.264600e-04
  6.3000e+00     6.453173e-04
  6.3428e+00     6.647413e-04
  6.3857e+00     6.847489e-04
  6.4285e+00     7.053576e-04
  6.4714e+00     7.265854e-04
  6.5142e+00     7.484508e-04
  6.5571e+00     7.709729e-04
  6.6000e+00     7.941712e-04
  6.6428e+00     8.180661e-04
  6.6857e+00     8.426784e-04
  6.7285e+00     8.680295e-04
  6.7714e+00     8.941414e-04
  6.8142e+00     9.210370e-04
  6.8571e+00     9.487395e-04
  6.9000e+00     9.772732e-04
  6.9428e+00     1.006663e-03
  6.9857e+00     1.036934e-03
  7.0285e+00     1.068112e-03
  7.0714e+00     1.100226e-03
  7.1142e+00     1.133302e-03
  7.1571e+00     1.167369e-03
  7.2000e+00     1.202458e-03
  7.2428e+00     1.238597e-03
  7.2857e+00     1.275819e-03
  7.3285e+00     1.314156e-03
  7.3714e+00     1.353641e-03
  7.4142e+00     1.394307e-03
  7.4571e+00     1.436191e-03
  7.5000e+00     1.479328e-03
  7.5428e+00     1.523756e-03
  7.5857e+00     1.569512e-03
  7.6285e+00     1.616636e-03
  7.6714e+00     1.665169e-03
  7.7142e+00     1.715153e-03
  7.7571e+00     1.766630e-03
  7.8000e+00     1.819644e-03
  7.8428e+00     1.874242e-03
  7.8857e+00     1.930469e-03
  7.9285e+00     1.988375e-03
  7.9714e+00     2.048008e-03
  8.0142e+00     2.109419e-03
  8.0571e+00     2.172661e-03
  8.1000e+00     2.237788e-03
  8.1428e+00     2.304856e-03
  8.1857e+00     2.373921e-03
  8.2285e+00     2.445042e-03
  8.2714e+00     2.518279e-03
  8.3142e+00     2.593696e-03
  8.3571e+00     2.671354e-03
  8.4000e+00     2.751321e-03
  8.4428e+00     2.833664e-03
  8.4857e+00     2.918452e-03
  8.5285e+00     3.005757e-03
  8.5714e+00     3.095652e-03
  8.6142e+00     3.188213e-03
  8.6571e+00     3.283518e-03
  8.7000e+00     3.381645e-03
  8.7428e+00     3.482678e-03
  8.7857e+00     3.586701e-03
  8.8285e+00     3.693800e-03
  8.8714e+00     3.804064e-03
  8.9142e+00     3.917586e-03
  8.9571e+00     4.034459e-03
  9.0000e+00     4.154779e-03
  9.0428e+00     4.278647e-03
  9.0857e+00     4.406164e-03
  9.1285e+00     4.537436e-03
  9.1714e+00     4.672569e-03
  9.2142e+00     4.811674e-03
  9.2571e+00     4.954866e-03
  9.3000e+00     5.102260e-03
  9.3428e+00     5.253977e-03
  9.3857e+00     5.410139e-03
  9.4285e+00     5.570873e-03
  9.4714e+00     5.736308e-03
  9.5142e+00     5.906577e-03
  9.5571e+00     6.081817e-03
  9.6000e+00     6.262168e-03
  9.6428e+00     6.447773e-03
  9.6857e+00     6.638780e-03
  9.7285e+00     6.835340e-03
  9.7714e+00     7.037607e-03
  9.8142e+00     7.245741e-03
  9.8571e+00     7.459905e-03
  9.9000e+00     7.680266e-03
  9.9428e+00     7.906995e-03
  9.9857e+00     8.140267e-03
  1.0028e+01     8.380262e-03
  1.0071e+01     8.627164e-03
  1.0114e+01     8.881161e-03
  1.0157e+01     9.142447e-03
  1.0200e+01     9.411220e-03
  1.0242e+01     9.687680e-03
  1.0285e+01     9.972037e-03
  1.0328e+01     1.026450e-02
  1.0371e+01     1.056529e-02
  1.0414e+01     1.087462e-02
  1.0457e+01     1.119272e-02
  1.0500e+01     1.151983e-02
  1.0542e+01     1.185618e-02
  1.0585e+01     1.220200e-02
  1.0628e+01     1.255756e-02
  1.0671e+01     1.292309e-02
  1.0714e+01     1.329886e-02
  1.0757e+01     1.368513e-02
  1.0800e+01     1.408216e-02
  1.0842e+01     1.449023e-02
  1.0885e+01     1.490961e-02
  1.0928e+01     1.534060e-02
  1.0971e+01     1.578347e-02
  1.1014e+01     1.623852e-02
  1.1057e+01     1.670604e-02
  1.1100e+01     1.718635e-02
  1.1142e+01     1.767974e-02
  1.1185e+01     1.818654e-02
  1.1228e+01     1.870706e-02
  1.1271e+01     1.924161e-02
  1.1314e+01     1.979054e-02
  1.1357e+01     2.035416e-02
  1.1400e+01     2.093282e-02
  1.1442e+01     2.152686e-02
  1.1485e+01     2.213661e-02
  1.1528e+01     2.276243e-02
  1.1571e+01     2.340466e-02
  1.1614e+01     2.406366e-02
  1.1657e+01     2.473979e-02
  1.1700e+01     2.543340e-02
  1.1742e+01     2.614485e-02
  1.1785e+01     2.687450e-02
  1.1828e+01     2.762273e-02
  1.1871e+01     2.838988e-02
  1.1914e+01     2.917634e-02
  1.1957e+01     2.998245e-02
  1.2000e+01     3.080859e-02
  1.2042e+01     3.165512e-02
  1.2085e+01     3.252239e-02
  1.2128e+01     3.341076e-02
  1.2171e+01     3.432060e-02
  1.2214e+01     3.525223e-02
  1.2257e+01     3.620602e-02
  1.2300e+01     3.718229e-02
  1.2342e+01     3.818137e-02
  1.2385e+01     3.920360e-02
  1.2428e+01     4.024928e-02
  1.2471e+01     4.131871e-02
  1.2514e+01     4.241219e-02
  1.2557e+01     4.352999e-02
  1.2600e+01     4.467238e-02
  1.2642e+01     4.583960e-02
  1.2685e+01     4.703189e-02
  1.2728e+01     4.824946e-02
  1.2771e+01     4.949250e-02
  1.2814e+01     5.076119e-02
  1.2857e+01     5.205566e-02
  1.2900e+01     5.337604e-02
  1.2942e+01     5.472242e-02
  1.2985e+01     5.609487e-02
  1.3028e+01     5.749342e-02
  1.3071e+01     5.891806e-02
  1.3114e+01     6.036877e-02
  1.3157e+01     6.184545e-02
  1.3200e+01     6.334800e-02
  1.3242e+01     6.487625e-02
  1.3285e+01     6.643000e-02
  1.3328e+01     6.800900e-02
  1.3371e+01     6.961293e-02
  1.3414e+01     7.124144e-02
  1.3457e+01     7.289411e-02
  1.3500e+01     7.457047e-02
  1.3542e+01     7.626998e-02
  1.3585e+01     7.799203e-02
  1.3628e+01     7.973596e-02
  1.3671e+01     8.150103e-02
  1.3714e+01     8.328642e-02
  1.3757e+01     8.509123e-02
  1.3800e+01     8.691450e-02
  1.3842e+01     8.875518e-02
  1.3885e+01     9.061212e-02
  1.3928e+01     9.248410e-02
  1.3971e+01     9.436980e-02
  1.4014e+01     9.626782e-02
  1.4057e+01     9.817665e-02
  1.4100e+01     1.000947e-01
  1.4142e+01     1.020202e-01
  1.4185e+01     1.039515e-01
  1.4228e+01     1.058866e-01
  1.4271e+01     1.078234e-01
  1.4314e+01     1.097600e-01
  1.4357e+01     1.116940e-01
  1.4400e+01     1.136232e-01
  1.4442e+01     1.155450e-01
  1.4485e+01     1.174571e-01
  1.4528e+01     1.193567e-01
  1.4571e+01     1.212412e-01
  1.4614e+01     1.231076e-01
  1.4657e+01     1.249530e-01
  1.4700e+01     1.267745e-01
  1.4742e+01     1.285688e-01
  1.4785e+01     1.303328e-01
  1.4828e+01     1.320632e-01
  1.4871e+01     1.337567e-01
  1.4914e+01     1.354097e-01
  1.4957e+01     1.370188e-01
  1.5000e+01     1.385805e-01
  1.5042e+01     1.400911e-01
  1.5085e+01     1.415471e-01
  1.5128e+01     1.429447e-01
  1.5171e+01     1.442804e-01
  1.5214e+01     1.455504e-01
  1.5257e+01     1.467511e-01
  1.5300e+01     1.478789e-01
  1.5342e+01     1.489302e-01
  1.5385e+01     1.499014e-01
  1.5428e+01     1.507892e-01
  1.5471e+01     1.515901e-01
  1.5514e+01     1.523009e-01
  1.5557e+01     1.529183e-01
  1.5600e+01     1.534395e-01
  1.5642e+01     1.538615e-01
  1.5685e+01     1.541817e-01
  1.5728e+01     1.543975e-01
  1.5771e+01     1.545068e-01
  1.5814e+01     1.545074e-01
  1.5857e+01     1.543974e-01
  1.5900e+01     1.541755e-01
  1.5942e+01     1.538402e-01
  1.5985e+01     1.533907e-01
  1.6028e+01     1.528261e-01
  1.6071e+01     1.521461e-01
  1.6114e+01     1.513507e-01
  1.6157e+01     1.504402e-01
  1.6200e+01     1.494152e-01
  1.6242e+01     1.482767e-01
  1.6285e+01     1.470260e-01
  1.6328e+01     1.456648e-01
  1.6371e+01     1.441951e-01
  1.6414e+01     1.426194e-01
  1.6457e+01     1.409405e-01
  1.6500e+01     1.391613e-01
  1.6542e+01     1.372853e-01
  1.6585e+01     1.353163e-01
  1.6628e+01     1.332583e-01
  1.6671e+01     1.311157e-01
  1.6714e+01     1.288930e-01
  1.6757e+01     1.265951e-01
  1.6800e+01     1.242271e-01
  1.6842e+01     1.217943e-01
  1.6885e+01     1.193022e-01
  1.6928e+01     1.167562e-01
  1.6971e+01     1.141623e-01
  1.7014e+01     1.115262e-01
  1.7057e+01     1.088537e-01
  1.7100e+01     1.061509e-01
  1.7142e+01     1.034235e-01
  1.7185e+01     1.006775e-01
  1.7228e+01     9.791871e-02
  1.7271e+01     9.515282e-02
  1.7314e+01     9.238547e-02
  1.7357e+01     8.962211e-02
  1.7400e+01     8.686805e-02
  1.7442e+01     8.412840e-02
  1.7485e+01     8.140806e-02
  1.7528e+01     7.871170e-02
  1.7571e+01     7.604374e-02
  1.7614e+01     7.340836e-02
  1.7657e+01     7.080944e-02
  1.7700e+01     6.825059e-02
  1.7742e+01     6.573515e-02
  1.7785e+01     6.326614e-02
  1.7828e+01     6.084630e-02
  1.7871e+01     5.847807e-02
  1.7914e+01     5.616363e-02
  1.7957e+01     5.390482e-02
  1.8000e+01     5.170324e-02
  1.8042e+01     4.956020e-02
  1.8085e+01     4.747676e-02
  1.8128e+01     4.545372e-02
  1.8171e+01     4.349162e-02
  1.8214e+01     4.159080e-02
  1.8257e+01     3.975138e-02
  1.8300e+01     3.797326e-02
  1.8342e+01     3.625618e-02
  1.8385e+01     3.459968e-02
  1.8428e+01     3.300315e-02
  1.8471e+01     3.146585e-02
  1.8514e+01     2.998691e-02
  1.8557e+01     2.856531e-02
  1.8600e+01     2.719998e-02
  1.8642e+01     2.588971e-02
  1.8685e+01     2.463325e-02
  1.8728e+01     2.342927e-02
  1.8771e+01     2.227638e-02
  1.8814e+01     2.117317e-02
  1.8857e+01     2.011816e-02
  1.8900e+01     1.910989e-02
  1.8942e+01     1.814684e-02
  1.8985e+01     1.722751e-02
  1.9028e+01     1.635039e-02
  1.9071e+01     1.551397e-02
  1.9114e+01     1.471676e-02
  1.9157e+01     1.395727e-02
  1.9200e+01     1.323405e-02
  1.9242e+01     1.254566e-02
  1.9285e+01     1.189069e-02
  1.9328e+01     1.126776e-02
  1.9371e+01     1.067552e-02
  1.9414e+01     1.011265e-02
  1.9457e+01     9.577889e-03
  1.9500e+01     9.069983e-03
  1.9542e+01     8.587733e-03
  1.9585e+01     8.129975e-03
  1.9628e+01     7.695583e-03
  1.9671e+01     7.283473e-03
  1.9714e+01     6.892599e-03
  1.9757e+01     6.521952e-03
  1.9800e+01     6.170564e-03
  1.9842e+01     5.837505e-03
  1.9885e+01     5.521882e-03
  1.9928e+01     5.222839e-03
  1.9971e+01     4.939556e-03
  2.0014e+01     4.671249e-03
  2.0057e+01     4.417166e-03
  2.0100e+01     4.176591e-03
  2.0142e+01     3.948839e-03
  2.0185e+01     3.733255e-03
  2.0228e+01     3.529216e-03
  2.0271e+01     3.336128e-03
  2.0314e+01     3.153425e-03
  2.0357e+01     2.980566e-03
  2.0400e+01     2.817040e-03
  2.0442e+01     2.662356e-03
  2.0485e+01     2.516051e-03
  2.0528e+01     2.377683e-03
  2.0571e+01     2.246833e-03
  2.0614e+01     2.123102e-03
  2.0657e+01     2.006111e-03
  2.0700e+01     1.895501e-03
  2.0742e+01     1.790931e-03
  2.0785e+01     1.692078e-03
  2.0828e+01     1.598634e-03
  2.0871e+01     1.510309e-03
  2.0914e+01     1.426826e-03
  2.0957e+01     1.347925e-03
  2.1000e+01     1.273357e-03
  2.1042e+01     1.202888e-03
  2.1085e+01     1.136295e-03
  2.1128e+01     1.073367e-03
  2.1171e+01     1.013906e-03
  2.1214e+01     9.577215e-04
  2.1257e+01     9.046354e-04
  2.1300e+01     8.544784e-04
  2.1342e+01     8.070903e-04
  2.1385e+01     7.623196e-04
  2.1428e+01     7.200229e-04
  2.1471e+01     6.800645e-04
  2.1514e+01     6.423159e-04
  2.1557e+01     6.066560e-04
  2.1600e+01     5.729697e-04
  2.1642e+01     5.411485e-04
  2.1685e+01     5.110898e-04
  2.1728e+01     4.826965e-04
  2.1771e+01     4.558767e-04
  2.1814e+01     4.305436e-04
  2.1857e+01     4.066152e-04
  2.1900e+01     3.840140e-04
  2.1942e+01     3.626666e-04
  2.1985e+01     3.425038e-04
  2.2028e+01     3.234600e-04
  2.2071e+01     3.054733e-04
  2.2114e+01     2.884853e-04
  2.2157e+01     2.724407e-04
  2.2200e+01     2.572871e-04
  2.2242e+01     2.429754e-04
  2.2285e+01     2.294588e-04
  2.2328e+01     2.166932e-04
  2.2371e+01     2.046371e-04
  2.2414e+01     1.932510e-04
  2.2457e+01     1.824978e-04
  2.2500e+01     1.723424e-04
  2.2542e+01     1.627517e-04
  2.2585e+01     1.536942e-04
  2.2628e+01     1.451404e-04
  2.2671e+01     1.370624e-04
  2.2714e+01     1.294336e-04
  2.2757e+01     1.222291e-04
  2.2800e+01     1.154254e-04
  2.2842e+01     1.090002e-04
  2.2885e+01     1.029325e-04
  2.2928e+01     9.720238e-05
  2.2971e+01     9.179109e-05
  2.3014e+01     8.668090e-05
  2.3057e+01     8.185508e-05
  2.3100e+01     7.729783e-05
  2.3142e+01     7.299419e-05
  2.3185e+01     6.893008e-05
  2.3228e+01     6.509217e-05
  2.3271e+01     6.146788e-05
  2.3314e+01     5.804532e-05
  2.3357e+01     5.481328e-05
  2.3400e+01     5.176115e-05
  2.3442e+01     4.887893e-05
  2.3485e+01     4.615716e-05
  2.3528e+01     4.358691e-05
  2.3571e+01     4.115975e-05
  2.3614e+01     3.886773e-05
  2.3657e+01     3.670331e-05
  2.3700e+01     3.465940e-05
  2.3742e+01     3.272929e-05
  2.3785e+01     3.090665e-05
  2.3828e+01     2.918549e-05
  2.3871e+01     2.756016e-05
  2.3914e+01     2.602534e-05
  2.3957e+01     2.457598e-05
  2.4000e+01     2.320732e-05
  2.4042e+01     2.191488e-05
  2.4085e+01     2.069441e-05
  2.4128e+01     1.954190e-05
  2.4171e+01     1.845357e-05
  2.4214e+01     1.742584e-05
  2.4257e+01     1.645535e-05
  2.4300e+01     1.553890e-05
  2.4342e+01     1.467349e-05
  2.4385e+01     1.385627e-05
  2.4428e+01     1.308456e-05
  2.4471e+01     1.235583e-05
  2.4514e+01     1.166769e-05
  2.4557e+01     1.101786e-05
  2.4600e+01     1.040423e-05
  2.4642e+01     9.824766e-06
  2.4685e+01     9.277577e-06
  2.4728e+01     8.760862e-06
  2.4771e+01     8.272924e-06
  2.4814e+01     7.812161e-06
  2.4857e+01     7.377059e-06
  2.4900e+01     6.966190e-06
  2.4942e+01     6.578203e-06
  2.4985e+01     6.211825e-06
  2.5028e+01     5.865852e-06
  2.5071e+01     5.539148e-06
  2.5114e+01     5.230639e-06
  2.5157e+01     4.939312e-06
  2.5200e+01     4.664211e-06
  2.5242e+01     4.404432e-06
  2.5285e+01     4.159121e-06
  2.5328e+01     3.927472e-06
  2.5371e+01     3.708726e-06
  2.5414e+01     3.502162e-06
  2.5457e+01     3.307104e-06
  2.5500e+01     3.122909e-06
  2.5542e+01     2.948973e-06
  2.5585e+01     2.784725e-06
  2.5628e+01     2.629624e-06
  2.5671e+01     2.483162e-06
  2.5714e+01     2.344858e-06
  2.5757e+01     2.214256e-06
  2.5800e+01     2.090929e-06
  2.5842e+01     1.974470e-06
  2.5885e+01     1.864498e-06
  2.5928e+01     1.760651e-06
  2.5971e+01     1.662588e-06
  2.6014e+01     1.569986e-06
  2.6057e+01     1.482543e-06
  2.6100e+01     1.399969e-06
  2.6142e+01     1.321995e-06
  2.6185e+01     1.248363e-06
  2.6228e+01     1.178833e-06
  2.6271e+01     1.113175e-06
  2.6314e+01     1.051174e-06
  2.6357e+01     9.926265e-07
  2.6400e+01     9.373398e-07
  2.6442e+01     8.851324e-07
  2.6485e+01     8.358329e-07
  2.6528e+01     7.892792e-07
  2.6571e+01     7.453184e-07
  2.6614e+01     7.038061e-07
  2.6657e+01     6.646059e-07
  2.6700e+01     6.275890e-07
  2.6742e+01     5.926339e-07
  2.6785e+01     5.596257e-07
  2.6828e+01     5.284560e-07
  2.6871e+01     4.990223e-07
  2.6914e+01     4.712280e-07
  2.6957e+01     4.449818e-07
  2.7000e+01     4.201974e-07
  2.7042e+01     3.967935e-07
  2.7085e+01     3.746931e-07
  2.7128e+01     3.538236e-07
  2.7171e+01     3.341165e-07
  2.7214e+01     3.155070e-07
  2.7257e+01     2.979341e-07
  2.7300e+01     2.813399e-07
  2.7342e+01     2.656699e-07
  2.7385e+01     2.508728e-07
  2.7428e+01     2.368998e-07
  2.7471e+01     2.237050e-07
  2.7514e+01     2.112452e-07
  2.7557e+01     1.994793e-07
  2.7600e+01     1.883688e-07
  2.7642e+01     1.778771e-07
  2.7685e+01     1.679698e-07
  2.7728e+01     1.586143e-07
  2.7771e+01     1.497799e-07
  2.7814e+01     1.414375e-07
  2.7857e+01     1.335598e-07
  2.7900e+01     1.261208e-07
  2.7942e+01     1.190962e-07
  2.7985e+01     1.124628e-07
  2.8028e+01     1.061989e-07
  2.8071e+01     1.002839e-07
  2.8114e+01     9.469831e-08
  2.8157e+01     8.942384e-08
  2.8200e+01     8.444315e-08
  2.8242e+01     7.973986e-08
  2.8285e+01     7.529854e-08
  2.8328e+01     7.110460e-08
  2.8371e+01     6.714424e-08
  2.8414e+01     6.340447e-08
  2.8457e+01     5.987299e-08
  2.8500e+01     5.653821e-08
  2.8542e+01     5.338916e-08
  2.8585e+01     5.041551e-08
  2.8628e+01     4.760749e-08
  2.8671e+01     4.495587e-08
  2.8714e+01     4.245193e-08
  2.8757e+01     4.008746e-08
  2.8800e+01     3.785468e-08
  2.8842e+01     3.574627e-08
  2.8885e+01     3.375529e-08
  2.8928e+01     3.187520e-08
  2.8971e+01     3.009983e-08
  2.9014e+01     2.842334e-08
  2.9057e+01     2.684022e-08
  2.9100e+01     2.534529e-08
  2.9142e+01     2.393362e-08
  2.9185e+01     2.260057e-08
  2.9228e+01     2.134177e-08
  2.9271e+01     2.015309e-08
  2.9314e+01     1.903061e-08
  2.9357e+01     1.797065e-08
  2.9400e+01     1.696972e-08
  2.9442e+01     1.602455e-08
  2.9485e+01     1.513202e-08
  2.9528e+01     1.428920e-08
  2.9571e+01     1.349333e-08
  2.9614e+01     1.274178e-08
  2.9657e+01     1.203210e-08
  2.9700e+01     1.136194e-08
  2.9742e+01     1.072910e-08
  2.9785e+01     1.013152e-08
  2.9828e+01     9.567217e-09
  2.9871e+01     9.034346e-09
  2.9914e+01     8.531154e-09
  2.9957e+01     8.055989e-09
  3.0000e+01     7.607290e-09
  3.0042e+01     7.183582e-09
  3.0085e+01     6.783473e-09
  3.0128e+01     6.405650e-09
  3.0171e+01     6.048870e-09
  3.0214e+01     5.711963e-09
  3.0257e+01     5.393820e-09
  3.0300e+01     5.093397e-09
  3.0342e+01     4.809707e-09
  3.0385e+01     4.541817e-09
  3.0428e+01     4.288849e-09
  3.0471e+01     4.049970e-09
  3.0514e+01     3.824397e-09
  3.0557e+01     3.611387e-09
  3.0600e+01     3.410241e-09
  3.0642e+01     3.220299e-09
  3.0685e+01     3.040936e-09
  3.0728e+01     2.871563e-09
  3.0771e+01     2.711624e-09
  3.0814e+01     2.560593e-09
  3.0857e+01     2.417974e-09
  3.0900e+01     2.283298e-09
  3.0942e+01     2.156124e-09
  3.0985e+01     2.036033e-09
  3.1028e+01     1.922631e-09
  3.1071e+01     1.815545e-09
  3.1114e+01     1.714423e-09
  3.1157e+01     1.618934e-09
  3.1200e+01     1.528763e-09
  3.1242e+01     1.443615e-09
  3.1285e+01     1.363209e-09
  3.1328e+01     1.287281e-09
  3.1371e+01     1.215583e-09
  3.1414e+01     1.147878e-09
  3.1457e+01     1.083944e-09
  3.1500e+01     1.023571e-09
  3.1542e+01     9.665601e-10
  3.1585e+01     9.127250e-10
  3.1628e+01     8.618884e-10
  3.1671e+01     8.138832e-10
  3.1714e+01     7.685519e-10
  3.1757e+01     7.257453e-10
  3.1800e+01     6.853230e-10
  3.1842e+01     6.471522e-10
  3.1885e+01     6.111073e-10
  3.1928e+01     5.770701e-10
  3.1971e+01     5.449287e-10
  3.2014e+01     5.145774e-10
  3.2057e+01     4.859167e-10
  3.2100e+01     4.588523e-10
  3.2142e+01     4.332953e-10
  3.2185e+01     4.091618e-10
  3.2228e+01     3.863724e-10
  3.2271e+01     3.648524e-10
  3.2314e+01     3.445310e-10
  3.2357e+01     3.253414e-10
  3.2400e+01     3.072207e-10
  3.2442e+01     2.901092e-10
  3.2485e+01     2.739508e-10
  3.2528e+01     2.586924e-10
  3.2571e+01     2.442839e-10
  3.2614e+01     2.306778e-10
  3.2657e+01     2.178296e-10
  3.2700e+01     2.056970e-10
  3.2742e+01     1.942402e-10
  3.2785e+01     1.834215e-10
  3.2828e+01     1.732053e-10
  3.2871e+01     1.635582e-10
  3.2914e+01     1.544484e-10
  3.2957e+01     1.458460e-10
  3.3000e+01     1.377227e-10
  3.3042e+01     1.300519e-10
  3.3085e+01     1.228083e-10
  3.3128e+01     1.159682e-10
  3.3171e+01     1.095090e-10
  3.3214e+01     1.034096e-10
  3.3257e+01     9.764996e-11
  3.3300e+01     9.221109e-11
  3.3342e+01     8.707515e-11
  3.3385e+01     8.222527e-11
  3.3428e+01     7.764552e-11
  3.3471e+01     7.332085e-11
  3.3514e+01     6.923705e-11
  3.3557e+01     6.538071e-11
  3.3600e+01     6.173916e-11
  3.3642e+01     5.830043e-11
  3.3685e+01     5.505324e-11
  3.3728e+01     5.198690e-11
  3.3771e+01     4.909136e-11
  3.3814e+01     4.635708e-11
  3.3857e+01     4.377510e-11
  3.3900e+01     4.133693e-11
  3.3942e+01     3.903457e-11
  3.3985e+01     3.686043e-11
  3.4028e+01     3.480739e-11
  3.4071e+01     3.286870e-11
  3.4114e+01     3.103800e-11
  3.4157e+01     2.930925e-11
  3.4200e+01     2.767680e-11
  3.4242e+01     2.613526e-11
  3.4285e+01     2.467959e-11
  3.4328e+01     2.330500e-11
  3.4371e+01     2.200696e-11
  3.4414e+01     2.078123e-11
  3.4457e+01     1.962376e-11
  3.4500e+01     1.853077e-11
  3.4542e+01     1.749865e-11
  3.4585e+01     1.652401e-11
  3.4628e+01     1.560367e-11
  3.4671e+01     1.473458e-11
  3.4714e+01     1.391390e-11
  3.4757e+01     1.313893e-11
  3.4800e+01     1.240712e-11
  3.4842e+01     1.171607e-11
  3.4885e+01     1.106351e-11
  3.4928e+01     1.044730e-11
  3.4971e+01     9.865413e-12
  3.5014e+01     9.315933e-12
  3.5057e+01     8.797057e-12
  3.5100e+01     8.307082e-12
  3.5142e+01     7.844397e-12
  3.5185e+01     7.407483e-12
  3.5228e+01     6.994904e-12
  3.5271e+01     6.605304e-12
  3.5314e+01     6.237405e-12
  3.5357e+01     5.889996e-12
  3.5400e+01     5.561937e-12
  3.5442e+01     5.252150e-12
  3.5485e+01     4.959618e-12
  3.5528e+01     4.683379e-12
  3.5571e+01     4.422526e-12
  3.5614e+01     4.176202e-12
  3.5657e+01     3.943597e-12
  3.5700e+01     3.723948e-12
  3.5742e+01     3.516533e-12
  3.5785e+01     3.320671e-12
  3.5828e+01     3.135717e-12
  3.5871e+01     2.961065e-12
  3.5914e+01     2.796141e-12
  3.5957e+01     2.640402e-12
  3.6000e+01     2.493338e-12
  3.6042e+01     2.354465e-12
  3.6085e+01     2.223327e-12
  3.6128e+01     2.099493e-12
  3.6171e+01     1.982556e-12
  3.6214e+01     1.872133e-12
  3.6257e+01     1.767859e-12
  3.6300e+01     1.669394e-12
  3.6342e+01     1.576412e-12
  3.6385e+01     1.488610e-12
  3.6428e+01     1.405698e-12
  3.6471e+01     1.327404e-12
  3.6514e+01     1.253471e-12
  3.6557e+01     1.183655e-12
  3.6600e+01     1.117728e-12
  3.6642e+01     1.055474e-12
  3.6685e+01     9.966863e-13
  3.6728e+01     9.411732e-13
  3.6771e+01     8.887521e-13
  3.6814e+01     8.392507e-13
  3.6857e+01     7.925064e-13
  3.6900e+01     7.483657e-13
  3.6942e+01     7.066835e-13
  3.6985e+01     6.673229e-13
  3.7028e+01     6.301546e-13
  3.7071e+01     5.950565e-13
  3.7114e+01     5.619133e-13
  3.7157e+01     5.306160e-13
  3.7200e+01     5.010620e-13
  3.7242e+01     4.731540e-13
  3.7285e+01     4.468004e-13
  3.7328e+01     4.219147e-13
  3.7371e+01     3.984151e-13
  3.7414e+01     3.762243e-13
  3.7457e+01     3.552695e-13
  3.7500e+01     3.354818e-13
  3.7542e+01     3.167963e-13
  3.7585e+01     2.991515e-13
  3.7628e+01     2.824895e-13
  3.7671e+01     2.667555e-13
  3.7714e+01     2.518978e-13
  3.7757e+01     2.378677e-13
  3.7800e+01     2.246190e-13
  3.7842e+01     2.121083e-13
  3.7885e+01     2.002944e-13
  3.7928e+01     1.891384e-13
  3.7971e+01     1.786039e-13
  3.8014e+01     1.686561e-13
  3.8057e+01     1.592623e-13
  3.8100e+01     1.503918e-13
  3.8142e+01     1.420153e-13
  3.8185e+01     1.341054e-13
  3.8228e+01     1.266361e-13
  3.8271e+01     1.195827e-13
  3.8314e+01     1.129223e-13
  3.8357e+01     1.066327e-13
  3.8400e+01     1.006936e-13
  3.8442e+01     9.508517e-14
  3.8485e+01     8.978915e-14
  3.8528e+01     8.478810e-14
  3.8571e+01     8.006561e-14
  3.8614e+01     7.560614e-14
  3.8657e+01     7.139506e-14
  3.8700e+01     6.741853e-14
  3.8742e+01     6.366347e-14
  3.8785e+01     6.011757e-14
  3.8828e+01     5.676916e-14
  3.8871e+01     5.360725e-14
  3.8914e+01     5.062146e-14
  3.8957e+01     4.780196e-14
  3.9000e+01     4.513951e-14
  3.9042e+01     4.262534e-14
  3.9085e+01     4.025121e-14
  3.9128e+01     3.800932e-14
  3.9171e+01     3.589229e-14
  3.9214e+01     3.389317e-14
  3.9257e+01     3.200540e-14
  3.9300e+01     3.022278e-14
  3.9342e+01     2.853944e-14
  3.9385e+01     2.694986e-14
  3.9428e+01     2.544882e-14
  3.9471e+01     2.403138e-14
  3.9514e+01     2.269289e-14
  3.9557e+01     2.142895e-14
  3.9600e+01     2.023541e-14
  3.9642e+01     1.910834e-14
  3.9685e+01     1.804405e-14
  3.9728e+01     1.703904e-14
  3.9771e+01     1.609001e-14
  3.9814e+01     1.519383e-14
  3.9857e+01     1.434757e-14
  3.9900e+01     1.354845e-14
  3.9942e+01     1.279383e-14
  3.9985e+01     1.208124e-14
  4.0028e+01     1.140835e-14
  4.0071e+01     1.077293e-14
  4.0114e+01     1.017290e-14
  4.0157e+01     9.606296e-15
  4.0200e+01     9.071248e-15
  4.0242e+01     8.566001e-15
  4.0285e+01     8.088895e-15
  4.0328e+01     7.638363e-15
  4.0371e+01     7.212924e-15
  4.0414e+01     6.811182e-15
  4.0457e+01     6.431815e-15
  4.0500e+01     6.073578e-15
  4.0542e+01     5.735294e-15
  4.0585e+01     5.415852e-15
  4.0628e+01     5.114202e-15
  4.0671e+01     4.829353e-15
  4.0714e+01     4.560369e-15
  4.0757e+01     4.306368e-15
  4.0800e+01     4.066513e-15
  4.0842e+01     3.840018e-15
  4.0885e+01     3.626138e-15
  4.0928e+01     3.424171e-15
  4.0971e+01     3.233453e-15
  4.1014e+01     3.053357e-15
  4.1057e+01     2.883292e-15
  4.1100e+01     2.722700e-15
  4.1142e+01     2.571052e-15
  4.1185e+01     2.427850e-15
  4.1228e+01     2.292625e-15
  4.1271e+01     2.164931e-15
  4.1314e+01     2.044349e-15
  4.1357e+01     1.930484e-15
  4.1400e+01     1.822961e-15
  4.1442e+01     1.721426e-15
  4.1485e+01     1.625547e-15
  4.1528e+01     1.535008e-15
  4.1571e+01     1.449511e-15
  4.1614e+01     1.368777e-15
  4.1657e+01     1.292539e-15
  4.1700e+01     1.220548e-15
  4.1742e+01     1.152566e-15
  4.1785e+01     1.088371e-15
  4.1828e+01     1.027751e-15
  4.1871e+01     9.705081e-16
  4.1914e+01     9.164531e-16
  4.1957e+01     8.654089e-16
  4.2000e+01     8.172076e-16
  4.2042e+01     7.716911e-16
  4.2085e+01     7.287098e-16
  4.2128e+01     6.881223e-16
  4.2171e+01     6.497956e-16
  4.2214e+01     6.136035e-16
  4.2257e+01     5.794272e-16
  4.2300e+01     5.471545e-16
  4.2342e+01     5.166793e-16
  4.2385e+01     4.879015e-16
  4.2428e+01     4.607265e-16
  4.2471e+01     4.350652e-16
  4.2514e+01     4.108331e-16
  4.2557e+01     3.879506e-16
  4.2600e+01     3.663427e-16
  4.2642e+01     3.459383e-16
  4.2685e+01     3.266703e-16
  4.2728e+01     3.084756e-16
  4.2771e+01     2.912942e-16
  4.2814e+01     2.750698e-16
  4.2857e+01     2.597491e-16
  4.2900e+01     2.452817e-16
  4.2942e+01     2.316201e-16
  4.2985e+01     2.187194e-16
  4.3028e+01     2.065372e-16
  4.3071e+01     1.950336e-16
  4.3114e+01     1.841707e-16
  4.3157e+01     1.739128e-16
  4.3200e+01     1.642263e-16
  4.3242e+01     1.550793e-16
  4.3285e+01     1.464417e-16
  4.3328e+01     1.382853e-16
  4.3371e+01     1.305831e-16
  4.3414e+01     1.233099e-16
  4.3457e+01     1.164419e-16
  4.3500e+01     1.099563e-16
  4.3542e+01     1.038320e-16
  4.3585e+01     9.804882e-17
  4.3628e+01     9.258774e-17
  4.3671e+01     8.743082e-17
  4.3714e+01     8.256113e-17
  4.3757e+01     7.796267e-17
  4.3800e+01     7.362034e-17
  4.3842e+01     6.951986e-17
  4.3885e+01     6.564777e-17
  4.3928e+01     6.199134e-17
  4.3971e+01     5.853857e-17
  4.4014e+01     5.527811e-17
  4.4057e+01     5.219925e-17
  4.4100e+01     4.929188e-17
  4.4142e+01     4.654644e-17
  4.4185e+01     4.395391e-17
  4.4228e+01     4.150578e-17
  4.4271e+01     3.919401e-17
  4.4314e+01     3.701099e-17
  4.4357e+01     3.494957e-17
  4.4400e+01     3.300296e-17
  4.4442e+01     3.116477e-17
  4.4485e+01     2.942897e-17
  4.4528e+01     2.778985e-17
  4.4571e+01     2.624202e-17
  4.4614e+01     2.478040e-17
  4.4657e+01     2.340019e-17
  4.4700e+01     2.209686e-17
  4.4742e+01     2.086611e-17
  4.4785e+01     1.970392e-17
  4.4828e+01     1.860646e-17
  4.4871e+01     1.757012e-17
  4.4914e+01     1.659151e-17
  4.4957e+01     1.566740e-17
  4.5000e+01     1.479476e-17
  4.5042e+01     1.397073e-17
  4.5085e+01     1.319259e-17
  4.5128e+01     1.245780e-17
  4.5171e+01     1.176393e-17
  4.5214e+01     1.110871e-17
  4.5257e+01     1.048998e-17
  4.5300e+01     9.905710e-18
  4.5342e+01     9.353985e-18
  4.5385e+01     8.832990e-18
  4.5428e+01     8.341014e-18
  4.5471e+01     7.876439e-18
  4.5514e+01     7.437740e-18
  4.5557e+01     7.023476e-18
  4.5600e+01     6.632285e-18
  4.5642e+01     6.262882e-18
  4.5685e+01     5.914054e-18
  4.5728e+01     5.584656e-18
  4.5771e+01     5.273604e-18
  4.5814e+01     4.979876e-18
  4.5857e+01     4.702509e-18
  4.5900e+01     4.440590e-18
  4.5942e+01     4.193260e-18
  4.5985e+01     3.959705e-18
  4.6028e+01     3.739159e-18
  4.6071e+01     3.530897e-18
  4.6114e+01     3.334234e-18
  4.6157e+01     3.148525e-18
  4.6200e+01     2.973160e-18
  4.6242e+01     2.807562e-18
  4.6285e+01     2.651187e-18
  4.6328e+01     2.503523e-18
  4.6371e+01     2.364082e-18
  4.6414e+01     2.232409e-18
  4.6457e+01     2.108069e-18
  4.6500e+01     1.990654e-18
  4.6542e+01     1.879780e-18
  4.6585e+01     1.775080e-18
  4.6628e+01     1.676213e-18
  4.6671e+01     1.582851e-18
  4.6714e+01     1.494690e-18
  4.6757e+01     1.411440e-18
  4.6800e+01     1.332826e-18
  4.6842e+01     1.258591e-18
  4.6885e+01     1.188490e-18
  4.6928e+01     1.122294e-18
  4.6971e+01     1.059785e-18
  4.7014e+01     1.000757e-18
  4.7057e+01     9.450176e-19
  4.7100e+01     8.923823e-19
  4.7142e+01     8.426788e-19
  4.7185e+01     7.957435e-19
  4.7228e+01     7.514225e-19
  4.7271e+01     7.095701e-19
  4.7314e+01     6.700487e-19
  4.7357e+01     6.327286e-19
  4.7400e+01     5.974871e-19
  4.7442e+01     5.642085e-19
  4.7485e+01     5.327834e-19
  4.7528e+01     5.031086e-19
  4.7571e+01     4.750867e-19
  4.7614e+01     4.486255e-19
  4.7657e+01     4.236381e-19
  4.7700e+01     4.000425e-19
  4.7742e+01     3.777610e-19
  4.7785e+01     3.567206e-19
  4.7828e+01     3.368522e-19
  4.7871e+01     3.180903e-19
  4.7914e+01     3.003734e-19
  4.7957e+01     2.836433e-19
  4.8000e+01     2.678451e-19
  4.8042e+01     2.529267e-19
  4.8085e+01     2.388393e-19
  4.8128e+01     2.255365e-19
  4.8171e+01     2.129747e-19
  4.8214e+01     2.011125e-19
  4.8257e+01     1.899110e-19
  4.8300e+01     1.793334e-19
  4.8342e+01     1.693450e-19
  4.8385e+01     1.599129e-19
  4.8428e+01     1.510061e-19
  4.8471e+01     1.425954e-19
  4.8514e+01     1.346532e-19
  4.8557e+01     1.271533e-19
  4.8600e+01     1.200712e-19
  4.8642e+01     1.133835e-19
  4.8685e+01     1.070683e-19
  4.8728e+01     1.011049e-19
  4.8771e+01     9.547356e-20
  4.8814e+01     9.015590e-20
  4.8857e+01     8.513443e-20
  4.8900e+01     8.039265e-20
  4.8942e+01     7.591497e-20
  4.8985e+01     7.168668e-20
  4.9028e+01     6.769391e-20
  4.9071e+01     6.392352e-20
  4.9114e+01     6.036313e-20
  4.9157e+01     5.700104e-20
  4.9200e+01     5.382622e-20
  4.9242e+01     5.082823e-20
  4.9285e+01     4.799722e-20
  4.9328e+01     4.532389e-20
  4.9371e+01     4.279945e-20
  4.9414e+01     4.041562e-20
  4.9457e+01     3.816457e-20
  4.9500e+01     3.603889e-20
  4.9542e+01     3.403161e-20
  4.9585e+01     3.213613e-20
  4.9628e+01     3.034623e-20
  4.9671e+01     2.865601e-20
  4.9714e+01     2.705994e-20
  4.9757e+01     2.555277e-20
  4.9800e+01     2.412954e-20
  4.9842e+01     2.278558e-20
  4.9885e+01     2.151648e-20
  4.9928e+01     2.031806e-20
  4.9971e+01     1.918639e-20
  5.0014e+01     1.811776e-20
  5.0057e+01     1.710864e-20
  5.0100e+01     1.615573e-20
  5.0142e+01     1.525589e-20
  5.0185e+01     1.440618e-20
  5.0228e+01     1.360379e-20
  5.0271e+01     1.284609e-20
  5.0314e+01     1.213059e-20
  5.0357e+01     1.145495e-20
  5.0400e+01     1.081693e-20
  5.0442e+01     1.021446e-20
  5.0485e+01     9.645535e-21
  5.0528e+01     9.108301e-21
  5.0571e+01     8.600990e-21
  5.0614e+01     8.121936e-21
  5.0657e+01     7.669563e-21
  5.0700e+01     7.242387e-21
  5.0742e+01     6.839003e-21
  5.0785e+01     6.458087e-21
  5.0828e+01     6.098386e-21
  5.0871e+01     5.758721e-21
  5.0914e+01     5.437974e-21
  5.0957e+01     5.135091e-21
  5.1000e+01     4.849079e-21
  5.1042e+01     4.578997e-21
  5.1085e+01     4.323958e-21
  5.1128e+01     4.083123e-21
  5.1171e+01     3.855703e-21
  5.1214e+01     3.640950e-21
  5.1257e+01     3.438157e-21
  5.1300e+01     3.246660e-21
  5.1342e+01     3.065829e-21
  5.1385e+01     2.895069e-21
  5.1428e+01     2.733821e-21
  5.1471e+01     2.581554e-21
  5.1514e+01     2.437767e-21
  5.1557e+01     2.301989e-21
  5.1600e+01     2.173774e-21
  5.1642e+01     2.052700e-21
  5.1685e+01     1.938369e-21
  5.1728e+01     1.830407e-21
  5.1771e+01     1.728458e-21
  5.1814e+01     1.632187e-21
  5.1857e+01     1.541278e-21
  5.1900e+01     1.455432e-21
  5.1942e+01     1.374368e-21
  5.1985e+01     1.297819e-21
  5.2028e+01     1.225534e-21
  5.2071e+01     1.157274e-21
  5.2114e+01     1.092817e-21
  5.2157e+01     1.031949e-21
  5.2200e+01     9.744723e-22
  5.2242e+01     9.201965e-22
  5.2285e+01     8.689438e-22
  5.2328e+01     8.205457e-22
  5.2371e+01     7.748432e-22
  5.2414e+01     7.316863e-22
  5.2457e+01     6.909331e-22
  5.2500e+01     6.524498e-22
  5.2542e+01     6.161098e-22
  5.2585e+01     5.817940e-22
  5.2628e+01     5.493894e-22
  5.2671e+01     5.187898e-22
  5.2714e+01     4.898944e-22
  5.2757e+01     4.626084e-22
  5.2800e+01     4.368422e-22
  5.2842e+01     4.125112e-22
  5.2885e+01     3.895353e-22
  5.2928e+01     3.678391e-22
  5.2971e+01     3.473513e-22
  5.3014e+01     3.280047e-22
  5.3057e+01     3.097356e-22
  5.3100e+01     2.924841e-22
  5.3142e+01     2.761934e-22
  5.3185e+01     2.608101e-22
  5.3228e+01     2.462836e-22
  5.3271e+01     2.325662e-22
  5.3314e+01     2.196128e-22
  5.3357e+01     2.073809e-22
  5.3400e+01     1.958302e-22
  5.3442e+01     1.849230e-22
  5.3485e+01     1.746232e-22
  5.3528e+01     1.648971e-22
  5.3571e+01     1.557127e-22
  5.3614e+01     1.470399e-22
  5.3657e+01     1.388501e-22
  5.3700e+01     1.311165e-22
  5.3742e+01     1.238136e-22
  5.3785e+01     1.169175e-22
  5.3828e+01     1.104055e-22
  5.3871e+01     1.042561e-22
  5.3914e+01     9.844932e-23
  5.3957e+01     9.296593e-23
  5.4000e+01     8.778794e-23
  5.4042e+01     8.289836e-23
  5.4085e+01     7.828112e-23
  5.4128e+01     7.392105e-23
  5.4171e+01     6.980382e-23
  5.4214e+01     6.591591e-23
  5.4257e+01     6.224455e-23
  5.4300e+01     5.877768e-23
  5.4342e+01     5.550390e-23
  5.4385e+01     5.241247e-23
  5.4428e+01     4.949322e-23
  5.4471e+01     4.673656e-23
  5.4514e+01     4.413345e-23
  5.4557e+01     4.167532e-23
  5.4600e+01     3.935410e-23
  5.4642e+01     3.716217e-23
  5.4685e+01     3.509233e-23
  5.4728e+01     3.313777e-23
  5.4771e+01     3.129207e-23
  5.4814e+01     2.954918e-23
  5.4857e+01     2.790336e-23
  5.4900e+01     2.634921e-23
  5.4942e+01     2.488162e-23
  5.4985e+01     2.349577e-23
  5.5028e+01     2.218711e-23
  5.5071e+01     2.095134e-23
  5.5114e+01     1.978440e-23
  5.5157e+01     1.868246e-23
  5.5200e+01     1.764189e-23
  5.5242e+01     1.665928e-23
  5.5285e+01     1.573140e-23
  5.5328e+01     1.485520e-23
  5.5371e+01     1.402780e-23
  5.5414e+01     1.324648e-23
  5.5457e+01     1.250868e-23
  5.5500e+01     1.181198e-23
  5.5542e+01     1.115408e-23
  5.5585e+01     1.053282e-23
  5.5628e+01     9.946171e-24
  5.5671e+01     9.392193e-24
  5.5714e+01     8.869070e-24
  5.5757e+01     8.375084e-24
  5.5800e+01     7.908612e-24
  5.5842e+01     7.468121e-24
  5.5885e+01     7.052164e-24
  5.5928e+01     6.659375e-24
  5.5971e+01     6.288464e-24
  5.6014e+01     5.938211e-24
  5.6057e+01     5.607467e-24
  5.6100e+01     5.295144e-24
  5.6142e+01     5.000217e-24
  5.6185e+01     4.721717e-24
  5.6228e+01     4.458729e-24
  5.6271e+01     4.210388e-24
  5.6314e+01     3.975879e-24
  5.6357e+01     3.754432e-24
  5.6400e+01     3.545319e-24
  5.6442e+01     3.347854e-24
  5.6485e+01     3.161386e-24
  5.6528e+01     2.985304e-24
  5.6571e+01     2.819030e-24
  5.6614e+01     2.662017e-24
  5.6657e+01     2.513749e-24
  5.6700e+01     2.373739e-24
  5.6742e+01     2.241527e-24
  5.6785e+01     2.116679e-24
  5.6828e+01     1.998785e-24
  5.6871e+01     1.887458e-24
  5.6914e+01     1.782331e-24
  5.6957e+01     1.683059e-24
  5.7000e+01     1.589317e-24
  5.7042e+01     1.500796e-24
  5.7085e+01     1.417205e-24
  5.7128e+01     1.338270e-24
  5.7171e+01     1.263732e-24
  5.7214e+01     1.193345e-24
  5.7257e+01     1.126878e-24
  5.7300e+01     1.064114e-24
  5.7342e+01     1.004845e-24
  5.7385e+01     9.488776e-25
  5.7428e+01     8.960274e-25
  5.7471e+01     8.461208e-25
  5.7514e+01     7.989939e-25
  5.7557e+01     7.544918e-25
  5.7600e+01     7.124684e-25
  5.7642e+01     6.727856e-25
  5.7685e+01     6.353130e-25
  5.7728e+01     5.999276e-25
  5.7771e+01     5.665131e-25
  5.7814e+01     5.349596e-25
  5.7857e+01     5.051637e-25
  5.7900e+01     4.770272e-25
  5.7942e+01     4.504580e-25
  5.7985e+01     4.253685e-25
  5.8028e+01     4.016765e-25
  5.8071e+01     3.793041e-25
  5.8114e+01     3.581777e-25
  5.8157e+01     3.382281e-25
  5.8200e+01     3.193896e-25
  5.8242e+01     3.016003e-25
  5.8285e+01     2.848019e-25
  5.8328e+01     2.689391e-25
  5.8371e+01     2.539598e-25
  5.8414e+01     2.398149e-25
  5.8457e+01     2.264578e-25
  5.8500e+01     2.138446e-25
  5.8542e+01     2.019340e-25
  5.8585e+01     1.906867e-25
  5.8628e+01     1.800659e-25
  5.8671e+01     1.700367e-25
  5.8714e+01     1.605660e-25
  5.8757e+01     1.516229e-25
  5.8800e+01     1.431779e-25
  5.8842e+01     1.352032e-25
  5.8885e+01     1.276727e-25
  5.8928e+01     1.205616e-25
  5.8971e+01     1.138466e-25
  5.9014e+01     1.075056e-25
  5.9057e+01     1.015178e-25
  5.9100e+01     9.586353e-26
  5.9142e+01     9.052416e-26
  5.9185e+01     8.548218e-26
  5.9228e+01     8.072102e-26
  5.9271e+01     7.622505e-26
  5.9314e+01     7.197950e-26
  5.9357e+01     6.797041e-26
  5.9400e+01     6.418462e-26
  5.9442e+01     6.060969e-26
  5.9485e+01     5.723387e-26
  5.9528e+01     5.404608e-26
  5.9571e+01     5.103584e-26
  5.9614e+01     4.819327e-26
  5.9657e+01     4.550902e-26
  5.9700e+01     4.297427e-26
  5.9742e+01     4.058071e-26
  5.9785e+01     3.832046e-26
  5.9828e+01     3.618610e-26
  5.9871e+01     3.417062e-26
  5.9914e+01     3.226740e-26
  5.9957e+01     3.047018e-26
