# Epidemic | incidence [ x-unit: transmission cycles | y-unit: ]
  3.0000e-01     9.980940e-06
  3.4286e-01     9.923979e-06
  3.8571e-01     9.867342e-06
  4.2857e-01     9.811029e-06
  4.7143e-01     9.755036e-06
  5.1429e-01     9.699363e-06
  5.5714e-01     9.644008e-06
  6.0000e-01     9.588968e-06
  6.4286e-01     9.534242e-06
  6.8571e-01     9.479828e-06
  7.2857e-01     9.425724e-06
  7.7143e-01     9.371929e-06
  8.1429e-01     9.318441e-06
  8.5714e-01     9.265258e-06
  9.0000e-01     9.212379e-06
  9.4286e-01     9.159801e-06
  9.8571e-01     9.107522e-06
  1.0285e+00     9.055542e-06
  1.0714e+00     9.003859e-06
  1.1142e+00     8.952470e-06
  1.1571e+00     8.901375e-06
  1.2000e+00     8.850570e-06
  1.2428e+00     8.800056e-06
  1.2857e+00     8.749830e-06
  1.3285e+00     8.699890e-06
  1.3714e+00     8.650235e-06
  1.4142e+00     8.600863e-06
  1.4571e+00     8.551773e-06
  1.5000e+00     8.502963e-06
  1.5428e+00     8.454432e-06
  1.5857e+00     8.406177e-06
  1.6285e+00     8.358197e-06
  1.6714e+00     8.310492e-06
  1.7142e+00     8.263058e-06
  1.7571e+00     8.215895e-06
  1.8000e+00     8.169001e-06
  1.8428e+00     8.122374e-06
  1.8857e+00     8.076014e-06
  1.9285e+00     8.029917e-06
  1.9714e+00     7.984084e-06
  2.0142e+00     7.938513e-06
  2.0571e+00     7.893201e-06
  2.1000e+00     7.848148e-06
  2.1428e+00     7.803351e-06
  2.1857e+00     7.758811e-06
  2.2285e+00     7.714524e-06
  2.2714e+00     7.670490e-06
  2.3142e+00     7.626707e-06
  2.3571e+00     7.583175e-06
  2.4000e+00     7.539890e-06
  2.4428e+00     7.496852e-06
  2.4857e+00     7.454060e-06
  2.5285e+00     7.411512e-06
  2.5714e+00     7.369207e-06
  2.6142e+00     7.327143e-06
  2.6571e+00     7.285319e-06
  2.7000e+00     7.243734e-06
  2.7428e+00     7.202386e-06
  2.7857e+00     7.161274e-06
  2.8285e+00     7.120396e-06
  2.8714e+00     7.079752e-06
  2.9142e+00     7.039339e-06
  2.9571e+00     6.999157e-06
  3.0000e+00     6.959205e-06
  3.0428e+00     6.919480e-06
  3.0857e+00     6.879982e-06
  3.1285e+00     6.840709e-06
  3.1714e+00     6.801661e-06
  3.2142e+00     6.762835e-06
  3.2571e+00     6.724230e-06
  3.3000e+00     6.685846e-06
  3.3428e+00     6.647681e-06
  3.3857e+00     6.609734e-06
  3.4285e+00     6.572003e-06
  3.4714e+00     6.534488e-06
  3.5142e+00     6.497186e-06
  3.5571e+00     6.460098e-06
  3.6000e+00     6.423221e-06
  3.6428e+00     6.386554e-06
  3.6857e+00     6.350097e-06
  3.7285e+00     6.313848e-06
  3.7714e+00     6.277805e-06
  3.8142e+00     6.241968e-06
  3.8571e+00     6.206336e-06
  3.9000e+00     6.170907e-06
  3.9428e+00     6.135680e-06
  3.9857e+00     6.100654e-06
  4.0285e+00     6.065828e-06
  4.0714e+00     6.031201e-06
  4.1142e+00     5.996771e-06
  4.1571e+00     5.962538e-06
  4.2000e+00     5.928500e-06
  4.2428e+00     5.894656e-06
  4.2857e+00     5.861006e-06
  4.3285e+00     5.827547e-06
  4.3714e+00     5.794280e-06
  4.4142e+00     5.761202e-06
  4.4571e+00     5.728313e-06
  4.5000e+00     5.695612e-06
  4.5428e+00     5.663097e-06
  4.5857e+00     5.630768e-06
  4.6285e+00     5.598623e-06
  4.6714e+00     5.566662e-06
  4.7142e+00     5.534883e-06
  4.7571e+00     5.503286e-06
  4.8000e+00     5.471869e-06
  4.8428e+00     5.440631e-06
  4.8857e+00     5.409571e-06
  4.9285e+00     5.378689e-06
  4.9714e+00     5.347983e-06
  5.0142e+00     5.317452e-06
  5.0571e+00     5.287095e-06
  5.1000e+00     5.256911e-06
  5.1428e+00     5.226900e-06
  5.1857e+00     5.197060e-06
  5.2285e+00     5.167391e-06
  5.2714e+00     5.137890e-06
  5.3142e+00     5.108558e-06
  5.3571e+00     5.079394e-06
  5.4000e+00     5.050396e-06
  5.4428e+00     5.021563e-06
  5.4857e+00     4.992895e-06
  5.5285e+00     4.964391e-06
  5.5714e+00     4.936049e-06
  5.6142e+00     4.907869e-06
  5.6571e+00     4.879850e-06
  5.7000e+00     4.851990e-06
  5.7428e+00     4.824290e-06
  5.7857e+00     4.796748e-06
  5.8285e+00     4.769363e-06
  5.8714e+00     4.742134e-06
  5.9142e+00     4.715061e-06
  5.9571e+00     4.688142e-06
  6.0000e+00     4.661376e-06
  6.0428e+00     4.634764e-06
  6.0857e+00     4.608303e-06
  6.1285e+00     4.581994e-06
  6.1714e+00     4.555835e-06
  6.2142e+00     4.529824e-06
  6.2571e+00     4.503963e-06
  6.3000e+00     4.478249e-06
  6.3428e+00     4.452682e-06
  6.3857e+00     4.427260e-06
  6.4285e+00     4.401984e-06
  6.4714e+00     4.376852e-06
  6.5142e+00     4.351863e-06
  6.5571e+00     4.327017e-06
  6.6000e+00     4.302313e-06
  6.6428e+00     4.277750e-06
  6.6857e+00     4.253327e-06
  6.7285e+00     4.229044e-06
  6.7714e+00     4.204899e-06
  6.8142e+00     4.180892e-06
  6.8571e+00     4.157022e-06
  6.9000e+00     4.133288e-06
  6.9428e+00     4.109689e-06
  6.9857e+00     4.086226e-06
  7.0285e+00     4.062896e-06
  7.0714e+00     4.039699e-06
  7.1142e+00     4.016635e-06
  7.1571e+00     3.993703e-06
  7.2000e+00     3.970901e-06
  7.2428e+00     3.948229e-06
  7.2857e+00     3.925687e-06
  7.3285e+00     3.903274e-06
  7.3714e+00     3.880988e-06
  7.4142e+00     3.858830e-06
  7.4571e+00     3.836798e-06
  7.5000e+00     3.814892e-06
  7.5428e+00     3.793111e-06
  7.5857e+00     3.771454e-06
  7.6285e+00     3.749921e-06
  7.6714e+00     3.728511e-06
  7.7142e+00     3.707223e-06
  7.7571e+00     3.686057e-06
  7.8000e+00     3.665011e-06
  7.8428e+00     3.644086e-06
  7.8857e+00     3.623279e-06
  7.9285e+00     3.602592e-06
  7.9714e+00     3.582023e-06
  8.0142e+00     3.561571e-06
  8.0571e+00     3.541236e-06
  8.1000e+00     3.521017e-06
  8.1428e+00     3.500914e-06
  8.1857e+00     3.480925e-06
  8.2285e+00     3.461050e-06
  8.2714e+00     3.441289e-06
  8.3142e+00     3.421640e-06
  8.3571e+00     3.402104e-06
  8.4000e+00     3.382679e-06
  8.4428e+00     3.363365e-06
  8.4857e+00     3.344162e-06
  8.5285e+00     3.325068e-06
  8.5714e+00     3.306083e-06
  8.6142e+00     3.287206e-06
  8.6571e+00     3.268437e-06
  8.7000e+00     3.249775e-06
  8.7428e+00     3.231220e-06
  8.7857e+00     3.212771e-06
  8.8285e+00     3.194427e-06
  8.8714e+00     3.176187e-06
  8.9142e+00     3.158052e-06
  8.9571e+00     3.140021e-06
  9.0000e+00     3.122092e-06
  9.0428e+00     3.104265e-06
  9.0857e+00     3.086541e-06
  9.1285e+00     3.068917e-06
  9.1714e+00     3.051395e-06
  9.2142e+00     3.033972e-06
  9.2571e+00     3.016648e-06
  9.3000e+00     2.999424e-06
  9.3428e+00     2.982298e-06
  9.3857e+00     2.965270e-06
  9.4285e+00     2.948338e-06
  9.4714e+00     2.931504e-06
  9.5142e+00     2.914766e-06
  9.5571e+00     2.898123e-06
  9.6000e+00     2.881575e-06
  9.6428e+00     2.865122e-06
  9.6857e+00     2.848762e-06
  9.7285e+00     2.832496e-06
  9.7714e+00     2.816323e-06
  9.8142e+00     2.800242e-06
  9.8571e+00     2.784253e-06
  9.9000e+00     2.768355e-06
  9.9428e+00     2.752548e-06
  9.9857e+00     2.736832e-06
  1.0028e+01     2.721204e-06
  1.0071e+01     2.705667e-06
  1.0114e+01     2.690218e-06
  1.0157e+01     2.674857e-06
  1.0200e+01     2.659583e-06
  1.0242e+01     2.644397e-06
  1.0285e+01     2.629298e-06
  1.0328e+01     2.614285e-06
  1.0371e+01     2.599357e-06
  1.0414e+01     2.584515e-06
  1.0457e+01     2.569758e-06
  1.0500e+01     2.555084e-06
  1.0542e+01     2.540495e-06
  1.0585e+01     2.525989e-06
  1.0628e+01     2.511565e-06
  1.0671e+01     2.497224e-06
  1.0714e+01     2.482965e-06
  1.0757e+01     2.468787e-06
  1.0800e+01     2.454691e-06
  1.0842e+01     2.440674e-06
  1.0885e+01     2.426738e-06
  1.0928e+01     2.412881e-06
  1.0971e+01     2.399104e-06
  1.1014e+01     2.385405e-06
  1.1057e+01     2.371784e-06
  1.1100e+01     2.358241e-06
  1.1142e+01     2.344775e-06
  1.1185e+01     2.331386e-06
  1.1228e+01     2.318074e-06
  1.1271e+01     2.304838e-06
  1.1314e+01     2.291677e-06
  1.1357e+01     2.278591e-06
  1.1400e+01     2.265580e-06
  1.1442e+01     2.252644e-06
  1.1485e+01     2.239781e-06
  1.1528e+01     2.226991e-06
  1.1571e+01     2.214275e-06
  1.1614e+01     2.201631e-06
  1.1657e+01     2.189060e-06
  1.1700e+01     2.176560e-06
  1.1742e+01     2.164132e-06
  1.1785e+01     2.151774e-06
  1.1828e+01     2.139487e-06
  1.1871e+01     2.127270e-06
  1.1914e+01     2.115123e-06
  1.1957e+01     2.103046e-06
  1.2000e+01     2.091037e-06
  1.2042e+01     2.079097e-06
  1.2085e+01     2.067225e-06
  1.2128e+01     2.055421e-06
  1.2171e+01     2.043684e-06
  1.2214e+01     2.032014e-06
  1.2257e+01     2.020411e-06
  1.2300e+01     2.008874e-06
  1.2342e+01     1.997403e-06
  1.2385e+01     1.985997e-06
  1.2428e+01     1.974657e-06
  1.2471e+01     1.963381e-06
  1.2514e+01     1.952170e-06
  1.2557e+01     1.941022e-06
  1.2600e+01     1.929939e-06
  1.2642e+01     1.918918e-06
  1.2685e+01     1.907961e-06
  1.2728e+01     1.897066e-06
  1.2771e+01     1.886233e-06
  1.2814e+01     1.875462e-06
  1.2857e+01     1.864753e-06
  1.2900e+01     1.854105e-06
  1.2942e+01     1.843518e-06
  1.2985e+01     1.832991e-06
  1.3028e+01     1.822524e-06
  1.3071e+01     1.812117e-06
  1.3114e+01     1.801769e-06
  1.3157e+01     1.791480e-06
  1.3200e+01     1.781250e-06
  1.3242e+01     1.771079e-06
  1.3285e+01     1.760966e-06
  1.3328e+01     1.750910e-06
  1.3371e+01     1.740912e-06
  1.3414e+01     1.730971e-06
  1.3457e+01     1.721086e-06
  1.3500e+01     1.711258e-06
  1.3542e+01     1.701487e-06
  1.3585e+01     1.691771e-06
  1.3628e+01     1.682110e-06
  1.3671e+01     1.672505e-06
  1.3714e+01     1.662954e-06
  1.3757e+01     1.653458e-06
  1.3800e+01     1.644016e-06
  1.3842e+01     1.634628e-06
  1.3885e+01     1.625294e-06
  1.3928e+01     1.616013e-06
  1.3971e+01     1.606785e-06
  1.4014e+01     1.597610e-06
  1.4057e+01     1.588487e-06
  1.4100e+01     1.579416e-06
  1.4142e+01     1.570397e-06
  1.4185e+01     1.561429e-06
  1.4228e+01     1.552513e-06
  1.4271e+01     1.543648e-06
  1.4314e+01     1.534833e-06
  1.4357e+01     1.526068e-06
  1.4400e+01     1.517354e-06
  1.4442e+01     1.508689e-06
  1.4485e+01     1.500074e-06
  1.4528e+01     1.491508e-06
  1.4571e+01     1.482991e-06
  1.4614e+01     1.474522e-06
  1.4657e+01     1.466102e-06
  1.4700e+01     1.457730e-06
  1.4742e+01     1.449406e-06
  1.4785e+01     1.441129e-06
  1.4828e+01     1.432900e-06
  1.4871e+01     1.424717e-06
  1.4914e+01     1.416582e-06
  1.4957e+01     1.408492e-06
  1.5000e+01     1.400449e-06
  1.5042e+01     1.392452e-06
  1.5085e+01     1.384501e-06
  1.5128e+01     1.376594e-06
  1.5171e+01     1.368733e-06
  1.5214e+01     1.360917e-06
  1.5257e+01     1.353146e-06
  1.5300e+01     1.345419e-06
  1.5342e+01     1.337736e-06
  1.5385e+01     1.330097e-06
  1.5428e+01     1.322501e-06
  1.5471e+01     1.314949e-06
  1.5514e+01     1.307440e-06
  1.5557e+01     1.299974e-06
  1.5600e+01     1.292551e-06
  1.5642e+01     1.285170e-06
  1.5685e+01     1.277831e-06
  1.5728e+01     1.270534e-06
  1.5771e+01     1.263278e-06
  1.5814e+01     1.256064e-06
  1.5857e+01     1.248892e-06
  1.5900e+01     1.241760e-06
  1.5942e+01     1.234669e-06
  1.5985e+01     1.227618e-06
  1.6028e+01     1.220608e-06
  1.6071e+01     1.213638e-06
  1.6114e+01     1.206707e-06
  1.6157e+01     1.199816e-06
  1.6200e+01     1.192965e-06
  1.6242e+01     1.186152e-06
  1.6285e+01     1.179379e-06
  1.6328e+01     1.172644e-06
  1.6371e+01     1.165947e-06
  1.6414e+01     1.159289e-06
  1.6457e+01     1.152669e-06
  1.6500e+01     1.146087e-06
  1.6542e+01     1.139542e-06
  1.6585e+01     1.133034e-06
  1.6628e+01     1.126564e-06
  1.6671e+01     1.120131e-06
  1.6714e+01     1.113734e-06
  1.6757e+01     1.107374e-06
  1.6800e+01     1.101051e-06
  1.6842e+01     1.094763e-06
  1.6885e+01     1.088511e-06
  1.6928e+01     1.082295e-06
  1.6971e+01     1.076115e-06
  1.7014e+01     1.069970e-06
  1.7057e+01     1.063859e-06
  1.7100e+01     1.057784e-06
  1.7142e+01     1.051744e-06
  1.7185e+01     1.045738e-06
  1.7228e+01     1.039766e-06
  1.7271e+01     1.033828e-06
  1.7314e+01     1.027924e-06
  1.7357e+01     1.022054e-06
  1.7400e+01     1.016218e-06
  1.7442e+01     1.010415e-06
  1.7485e+01     1.004645e-06
  1.7528e+01     9.989074e-07
  1.7571e+01     9.932031e-07
  1.7614e+01     9.875313e-07
  1.7657e+01     9.818919e-07
  1.7700e+01     9.762847e-07
  1.7742e+01     9.707095e-07
  1.7785e+01     9.651662e-07
  1.7828e+01     9.596545e-07
  1.7871e+01     9.541743e-07
  1.7914e+01     9.487254e-07
  1.7957e+01     9.433076e-07
  1.8000e+01     9.379207e-07
  1.8042e+01     9.325646e-07
  1.8085e+01     9.272391e-07
  1.8128e+01     9.219439e-07
  1.8171e+01     9.166791e-07
  1.8214e+01     9.114443e-07
  1.8257e+01     9.062393e-07
  1.8300e+01     9.010641e-07
  1.8342e+01     8.959185e-07
  1.8385e+01     8.908022e-07
  1.8428e+01     8.857152e-07
  1.8471e+01     8.806572e-07
  1.8514e+01     8.756281e-07
  1.8557e+01     8.706277e-07
  1.8600e+01     8.656558e-07
  1.8642e+01     8.607123e-07
  1.8685e+01     8.557971e-07
  1.8728e+01     8.509100e-07
  1.8771e+01     8.460507e-07
  1.8814e+01     8.412192e-07
  1.8857e+01     8.364153e-07
  1.8900e+01     8.316388e-07
  1.8942e+01     8.268896e-07
  1.8985e+01     8.221675e-07
  1.9028e+01     8.174724e-07
  1.9071e+01     8.128041e-07
  1.9114e+01     8.081624e-07
  1.9157e+01     8.035473e-07
  1.9200e+01     7.989585e-07
  1.9242e+01     7.943959e-07
  1.9285e+01     7.898593e-07
  1.9328e+01     7.853487e-07
  1.9371e+01     7.808638e-07
  1.9414e+01     7.764046e-07
  1.9457e+01     7.719708e-07
  1.9500e+01     7.675623e-07
  1.9542e+01     7.631790e-07
  1.9585e+01     7.588207e-07
  1.9628e+01     7.544873e-07
  1.9671e+01     7.501787e-07
  1.9714e+01     7.458946e-07
  1.9757e+01     7.416351e-07
  1.9800e+01     7.373998e-07
  1.9842e+01     7.331887e-07
  1.9885e+01     7.290017e-07
  1.9928e+01     7.248386e-07
  1.9971e+01     7.206993e-07
  2.0014e+01     7.165836e-07
  2.0057e+01     7.124914e-07
  2.0100e+01     7.084225e-07
  2.0142e+01     7.043769e-07
  2.0185e+01     7.003544e-07
  2.0228e+01     6.963549e-07
  2.0271e+01     6.923782e-07
  2.0314e+01     6.884243e-07
  2.0357e+01     6.844929e-07
  2.0400e+01     6.805839e-07
  2.0442e+01     6.766973e-07
  2.0485e+01     6.728329e-07
  2.0528e+01     6.689905e-07
  2.0571e+01     6.651701e-07
  2.0614e+01     6.613715e-07
  2.0657e+01     6.575946e-07
  2.0700e+01     6.538392e-07
  2.0742e+01     6.501053e-07
  2.0785e+01     6.463927e-07
  2.0828e+01     6.427014e-07
  2.0871e+01     6.390311e-07
  2.0914e+01     6.353817e-07
  2.0957e+01     6.317532e-07
  2.1000e+01     6.281454e-07
  2.1042e+01     6.245583e-07
  2.1085e+01     6.209916e-07
  2.1128e+01     6.174452e-07
  2.1171e+01     6.139192e-07
  2.1214e+01     6.104132e-07
  2.1257e+01     6.069273e-07
  2.1300e+01     6.034613e-07
  2.1342e+01     6.000151e-07
  2.1385e+01     5.965885e-07
  2.1428e+01     5.931816e-07
  2.1471e+01     5.897941e-07
  2.1514e+01     5.864259e-07
  2.1557e+01     5.830770e-07
  2.1600e+01     5.797471e-07
  2.1642e+01     5.764363e-07
  2.1685e+01     5.731445e-07
  2.1728e+01     5.698714e-07
  2.1771e+01     5.666170e-07
  2.1814e+01     5.633811e-07
  2.1857e+01     5.601638e-07
  2.1900e+01     5.569648e-07
  2.1942e+01     5.537841e-07
  2.1985e+01     5.506216e-07
  2.2028e+01     5.474771e-07
  2.2071e+01     5.443506e-07
  2.2114e+01     5.412419e-07
  2.2157e+01     5.381510e-07
  2.2200e+01     5.350778e-07
  2.2242e+01     5.320221e-07
  2.2285e+01     5.289838e-07
  2.2328e+01     5.259629e-07
  2.2371e+01     5.229592e-07
  2.2414e+01     5.199727e-07
  2.2457e+01     5.170033e-07
  2.2500e+01     5.140508e-07
  2.2542e+01     5.111151e-07
  2.2585e+01     5.081963e-07
  2.2628e+01     5.052941e-07
  2.2671e+01     5.024084e-07
  2.2714e+01     4.995393e-07
  2.2757e+01     4.966865e-07
  2.2800e+01     4.938500e-07
  2.2842e+01     4.910298e-07
  2.2885e+01     4.882256e-07
  2.2928e+01     4.854374e-07
  2.2971e+01     4.826652e-07
  2.3014e+01     4.799088e-07
  2.3057e+01     4.771681e-07
  2.3100e+01     4.744431e-07
  2.3142e+01     4.717337e-07
  2.3185e+01     4.690397e-07
  2.3228e+01     4.663611e-07
  2.3271e+01     4.636978e-07
  2.3314e+01     4.610497e-07
  2.3357e+01     4.584167e-07
  2.3400e+01     4.557988e-07
  2.3442e+01     4.531958e-07
  2.3485e+01     4.506077e-07
  2.3528e+01     4.480344e-07
  2.3571e+01     4.454757e-07
  2.3614e+01     4.429317e-07
  2.3657e+01     4.404022e-07
  2.3700e+01     4.378872e-07
  2.3742e+01     4.353865e-07
  2.3785e+01     4.329000e-07
  2.3828e+01     4.304278e-07
  2.3871e+01     4.279697e-07
  2.3914e+01     4.255257e-07
  2.3957e+01     4.230956e-07
  2.4000e+01     4.206793e-07
  2.4042e+01     4.182769e-07
  2.4085e+01     4.158882e-07
  2.4128e+01     4.135132e-07
  2.4171e+01     4.111516e-07
  2.4214e+01     4.088036e-07
  2.4257e+01     4.064690e-07
  2.4300e+01     4.041477e-07
  2.4342e+01     4.018397e-07
  2.4385e+01     3.995449e-07
  2.4428e+01     3.972632e-07
  2.4471e+01     3.949945e-07
  2.4514e+01     3.927387e-07
  2.4557e+01     3.904958e-07
  2.4600e+01     3.882658e-07
  2.4642e+01     3.860485e-07
  2.4685e+01     3.838438e-07
  2.4728e+01     3.816517e-07
  2.4771e+01     3.794722e-07
  2.4814e+01     3.773051e-07
  2.4857e+01     3.751503e-07
  2.4900e+01     3.730079e-07
  2.4942e+01     3.708777e-07
  2.4985e+01     3.687597e-07
  2.5028e+01     3.666538e-07
  2.5071e+01     3.645599e-07
  2.5114e+01     3.624779e-07
  2.5157e+01     3.604079e-07
  2.5200e+01     3.583496e-07
  2.5242e+01     3.563031e-07
  2.5285e+01     3.542684e-07
  2.5328e+01     3.522452e-07
  2.5371e+01     3.502336e-07
  2.5414e+01     3.482334e-07
  2.5457e+01     3.462447e-07
  2.5500e+01     3.442674e-07
  2.5542e+01     3.423013e-07
  2.5585e+01     3.403465e-07
  2.5628e+01     3.384028e-07
  2.5671e+01     3.364702e-07
  2.5714e+01     3.345487e-07
  2.5757e+01     3.326381e-07
  2.5800e+01     3.307385e-07
  2.5842e+01     3.288497e-07
  2.5885e+01     3.269717e-07
  2.5928e+01     3.251044e-07
  2.5971e+01     3.232478e-07
  2.6014e+01     3.214017e-07
  2.6057e+01     3.195662e-07
  2.6100e+01     3.177412e-07
  2.6142e+01     3.159267e-07
  2.6185e+01     3.141225e-07
  2.6228e+01     3.123285e-07
  2.6271e+01     3.105449e-07
  2.6314e+01     3.087714e-07
  2.6357e+01     3.070080e-07
  2.6400e+01     3.052548e-07
  2.6442e+01     3.035115e-07
  2.6485e+01     3.017782e-07
  2.6528e+01     3.000548e-07
  2.6571e+01     2.983412e-07
  2.6614e+01     2.966374e-07
  2.6657e+01     2.949433e-07
  2.6700e+01     2.932590e-07
  2.6742e+01     2.915842e-07
  2.6785e+01     2.899190e-07
  2.6828e+01     2.882633e-07
  2.6871e+01     2.866171e-07
  2.6914e+01     2.849802e-07
  2.6957e+01     2.833527e-07
  2.7000e+01     2.817345e-07
  2.7042e+01     2.801256e-07
  2.7085e+01     2.785258e-07
  2.7128e+01     2.769352e-07
  2.7171e+01     2.753537e-07
  2.7214e+01     2.737811e-07
  2.7257e+01     2.722176e-07
  2.7300e+01     2.706630e-07
  2.7342e+01     2.691173e-07
  2.7385e+01     2.675804e-07
  2.7428e+01     2.660523e-07
  2.7471e+01     2.645329e-07
  2.7514e+01     2.630221e-07
  2.7557e+01     2.615201e-07
  2.7600e+01     2.600265e-07
  2.7642e+01     2.585416e-07
  2.7685e+01     2.570651e-07
  2.7728e+01     2.555970e-07
  2.7771e+01     2.541373e-07
  2.7814e+01     2.526860e-07
  2.7857e+01     2.512429e-07
  2.7900e+01     2.498081e-07
  2.7942e+01     2.483814e-07
  2.7985e+01     2.469630e-07
  2.8028e+01     2.455526e-07
  2.8071e+01     2.441503e-07
  2.8114e+01     2.427559e-07
  2.8157e+01     2.413696e-07
  2.8200e+01     2.399912e-07
  2.8242e+01     2.386206e-07
  2.8285e+01     2.372579e-07
  2.8328e+01     2.359029e-07
  2.8371e+01     2.345557e-07
  2.8414e+01     2.332162e-07
  2.8457e+01     2.318843e-07
  2.8500e+01     2.305600e-07
  2.8542e+01     2.292433e-07
  2.8585e+01     2.279341e-07
  2.8628e+01     2.266324e-07
  2.8671e+01     2.253381e-07
  2.8714e+01     2.240513e-07
  2.8757e+01     2.227717e-07
  2.8800e+01     2.214995e-07
  2.8842e+01     2.202345e-07
  2.8885e+01     2.189768e-07
  2.8928e+01     2.177262e-07
  2.8971e+01     2.164828e-07
  2.9014e+01     2.152465e-07
  2.9057e+01     2.140173e-07
  2.9100e+01     2.127950e-07
  2.9142e+01     2.115798e-07
  2.9185e+01     2.103715e-07
  2.9228e+01     2.091700e-07
  2.9271e+01     2.079755e-07
  2.9314e+01     2.067878e-07
  2.9357e+01     2.056068e-07
  2.9400e+01     2.044326e-07
  2.9442e+01     2.032651e-07
  2.9485e+01     2.021043e-07
  2.9528e+01     2.009501e-07
  2.9571e+01     1.998025e-07
  2.9614e+01     1.986614e-07
  2.9657e+01     1.975269e-07
  2.9700e+01     1.963988e-07
  2.9742e+01     1.952772e-07
  2.9785e+01     1.941620e-07
  2.9828e+01     1.930532e-07
  2.9871e+01     1.919506e-07
  2.9914e+01     1.908544e-07
  2.9957e+01     1.897645e-07
  3.0000e+01     1.886808e-07
  3.0042e+01     1.876032e-07
  3.0085e+01     1.865318e-07
  3.0128e+01     1.854666e-07
  3.0171e+01     1.844074e-07
  3.0214e+01     1.833542e-07
  3.0257e+01     1.823071e-07
  3.0300e+01     1.812660e-07
  3.0342e+01     1.802308e-07
  3.0385e+01     1.792015e-07
  3.0428e+01     1.781781e-07
  3.0471e+01     1.771605e-07
  3.0514e+01     1.761488e-07
  3.0557e+01     1.751428e-07
  3.0600e+01     1.741426e-07
  3.0642e+01     1.731481e-07
  3.0685e+01     1.721592e-07
  3.0728e+01     1.711760e-07
  3.0771e+01     1.701985e-07
  3.0814e+01     1.692265e-07
  3.0857e+01     1.682600e-07
  3.0900e+01     1.672991e-07
  3.0942e+01     1.663437e-07
  3.0985e+01     1.653937e-07
  3.1028e+01     1.644492e-07
  3.1071e+01     1.635100e-07
  3.1114e+01     1.625762e-07
  3.1157e+01     1.616477e-07
  3.1200e+01     1.607246e-07
  3.1242e+01     1.598067e-07
  3.1285e+01     1.588941e-07
  3.1328e+01     1.579866e-07
  3.1371e+01     1.570844e-07
  3.1414e+01     1.561873e-07
  3.1457e+01     1.552953e-07
  3.1500e+01     1.544084e-07
  3.1542e+01     1.535266e-07
  3.1585e+01     1.526498e-07
  3.1628e+01     1.517781e-07
  3.1671e+01     1.509113e-07
  3.1714e+01     1.500494e-07
  3.1757e+01     1.491925e-07
  3.1800e+01     1.483405e-07
  3.1842e+01     1.474933e-07
  3.1885e+01     1.466510e-07
  3.1928e+01     1.458135e-07
  3.1971e+01     1.449807e-07
  3.2014e+01     1.441528e-07
  3.2057e+01     1.433295e-07
  3.2100e+01     1.425110e-07
  3.2142e+01     1.416971e-07
  3.2185e+01     1.408879e-07
  3.2228e+01     1.400833e-07
  3.2271e+01     1.392833e-07
  3.2314e+01     1.384878e-07
  3.2357e+01     1.376969e-07
  3.2400e+01     1.369105e-07
  3.2442e+01     1.361287e-07
  3.2485e+01     1.353512e-07
  3.2528e+01     1.345783e-07
  3.2571e+01     1.338097e-07
  3.2614e+01     1.330455e-07
  3.2657e+01     1.322857e-07
  3.2700e+01     1.315302e-07
  3.2742e+01     1.307791e-07
  3.2785e+01     1.300322e-07
  3.2828e+01     1.292896e-07
  3.2871e+01     1.285512e-07
  3.2914e+01     1.278171e-07
  3.2957e+01     1.270871e-07
  3.3000e+01     1.263613e-07
  3.3042e+01     1.256397e-07
  3.3085e+01     1.249222e-07
  3.3128e+01     1.242087e-07
  3.3171e+01     1.234994e-07
  3.3214e+01     1.227941e-07
  3.3257e+01     1.220928e-07
  3.3300e+01     1.213956e-07
  3.3342e+01     1.207023e-07
  3.3385e+01     1.200129e-07
  3.3428e+01     1.193276e-07
  3.3471e+01     1.186461e-07
  3.3514e+01     1.179685e-07
  3.3557e+01     1.172948e-07
  3.3600e+01     1.166249e-07
  3.3642e+01     1.159589e-07
  3.3685e+01     1.152967e-07
  3.3728e+01     1.146382e-07
  3.3771e+01     1.139835e-07
  3.3814e+01     1.133326e-07
  3.3857e+01     1.126853e-07
  3.3900e+01     1.120418e-07
  3.3942e+01     1.114019e-07
  3.3985e+01     1.107657e-07
  3.4028e+01     1.101331e-07
  3.4071e+01     1.095042e-07
  3.4114e+01     1.088788e-07
  3.4157e+01     1.082570e-07
  3.4200e+01     1.076387e-07
  3.4242e+01     1.070240e-07
  3.4285e+01     1.064128e-07
  3.4328e+01     1.058051e-07
  3.4371e+01     1.052008e-07
  3.4414e+01     1.046001e-07
  3.4457e+01     1.040027e-07
  3.4500e+01     1.034087e-07
  3.4542e+01     1.028182e-07
  3.4585e+01     1.022310e-07
  3.4628e+01     1.016471e-07
  3.4671e+01     1.010666e-07
  3.4714e+01     1.004895e-07
  3.4757e+01     9.991556e-08
  3.4800e+01     9.934495e-08
  3.4842e+01     9.877760e-08
  3.4885e+01     9.821348e-08
  3.4928e+01     9.765259e-08
  3.4971e+01     9.709490e-08
  3.5014e+01     9.654040e-08
  3.5057e+01     9.598906e-08
  3.5100e+01     9.544087e-08
  3.5142e+01     9.489581e-08
  3.5185e+01     9.435386e-08
  3.5228e+01     9.381501e-08
  3.5271e+01     9.327924e-08
  3.5314e+01     9.274653e-08
  3.5357e+01     9.221686e-08
  3.5400e+01     9.169021e-08
  3.5442e+01     9.116657e-08
  3.5485e+01     9.064592e-08
  3.5528e+01     9.012825e-08
  3.5571e+01     8.961353e-08
  3.5614e+01     8.910175e-08
  3.5657e+01     8.859289e-08
  3.5700e+01     8.808694e-08
  3.5742e+01     8.758388e-08
  3.5785e+01     8.708370e-08
  3.5828e+01     8.658636e-08
  3.5871e+01     8.609187e-08
  3.5914e+01     8.560021e-08
  3.5957e+01     8.511135e-08
  3.6000e+01     8.462528e-08
  3.6042e+01     8.414199e-08
  3.6085e+01     8.366146e-08
  3.6128e+01     8.318367e-08
  3.6171e+01     8.270861e-08
  3.6214e+01     8.223627e-08
  3.6257e+01     8.176662e-08
  3.6300e+01     8.129965e-08
  3.6342e+01     8.083535e-08
  3.6385e+01     8.037371e-08
  3.6428e+01     7.991469e-08
  3.6471e+01     7.945830e-08
  3.6514e+01     7.900452e-08
  3.6557e+01     7.855333e-08
  3.6600e+01     7.810471e-08
  3.6642e+01     7.765866e-08
  3.6685e+01     7.721516e-08
  3.6728e+01     7.677418e-08
  3.6771e+01     7.633573e-08
  3.6814e+01     7.589978e-08
  3.6857e+01     7.546632e-08
  3.6900e+01     7.503533e-08
  3.6942e+01     7.460681e-08
  3.6985e+01     7.418073e-08
  3.7028e+01     7.375709e-08
  3.7071e+01     7.333586e-08
  3.7114e+01     7.291705e-08
  3.7157e+01     7.250062e-08
  3.7200e+01     7.208657e-08
  3.7242e+01     7.167489e-08
  3.7285e+01     7.126555e-08
  3.7328e+01     7.085856e-08
  3.7371e+01     7.045389e-08
  3.7414e+01     7.005153e-08
  3.7457e+01     6.965147e-08
  3.7500e+01     6.925369e-08
  3.7542e+01     6.885819e-08
  3.7585e+01     6.846494e-08
  3.7628e+01     6.807394e-08
  3.7671e+01     6.768517e-08
  3.7714e+01     6.729862e-08
  3.7757e+01     6.691428e-08
  3.7800e+01     6.653214e-08
  3.7842e+01     6.615217e-08
  3.7885e+01     6.577438e-08
  3.7928e+01     6.539875e-08
  3.7971e+01     6.502526e-08
  3.8014e+01     6.465390e-08
  3.8057e+01     6.428466e-08
  3.8100e+01     6.391754e-08
  3.8142e+01     6.355250e-08
  3.8185e+01     6.318956e-08
  3.8228e+01     6.282868e-08
  3.8271e+01     6.246987e-08
  3.8314e+01     6.211311e-08
  3.8357e+01     6.175838e-08
  3.8400e+01     6.140568e-08
  3.8442e+01     6.105500e-08
  3.8485e+01     6.070631e-08
  3.8528e+01     6.035962e-08
  3.8571e+01     6.001491e-08
  3.8614e+01     5.967217e-08
  3.8657e+01     5.933138e-08
  3.8700e+01     5.899254e-08
  3.8742e+01     5.865564e-08
  3.8785e+01     5.832066e-08
  3.8828e+01     5.798759e-08
  3.8871e+01     5.765642e-08
  3.8914e+01     5.732715e-08
  3.8957e+01     5.699976e-08
  3.9000e+01     5.667423e-08
  3.9042e+01     5.635057e-08
  3.9085e+01     5.602875e-08
  3.9128e+01     5.570877e-08
  3.9171e+01     5.539062e-08
  3.9214e+01     5.507429e-08
  3.9257e+01     5.475976e-08
  3.9300e+01     5.444703e-08
  3.9342e+01     5.413608e-08
  3.9385e+01     5.382691e-08
  3.9428e+01     5.351951e-08
  3.9471e+01     5.321386e-08
  3.9514e+01     5.290996e-08
  3.9557e+01     5.260779e-08
  3.9600e+01     5.230735e-08
  3.9642e+01     5.200862e-08
  3.9685e+01     5.171160e-08
  3.9728e+01     5.141628e-08
  3.9771e+01     5.112264e-08
  3.9814e+01     5.083068e-08
  3.9857e+01     5.054039e-08
  3.9900e+01     5.025176e-08
  3.9942e+01     4.996477e-08
  3.9985e+01     4.967942e-08
  4.0028e+01     4.939570e-08
  4.0071e+01     4.911361e-08
  4.0114e+01     4.883312e-08
  4.0157e+01     4.855424e-08
  4.0200e+01     4.827694e-08
  4.0242e+01     4.800124e-08
  4.0285e+01     4.772710e-08
  4.0328e+01     4.745453e-08
  4.0371e+01     4.718352e-08
  4.0414e+01     4.691406e-08
  4.0457e+01     4.664613e-08
  4.0500e+01     4.637974e-08
  4.0542e+01     4.611486e-08
  4.0585e+01     4.585150e-08
  4.0628e+01     4.558965e-08
  4.0671e+01     4.532929e-08
  4.0714e+01     4.507041e-08
  4.0757e+01     4.481302e-08
  4.0800e+01     4.455709e-08
  4.0842e+01     4.430263e-08
  4.0885e+01     4.404961e-08
  4.0928e+01     4.379805e-08
  4.0971e+01     4.354792e-08
  4.1014e+01     4.329922e-08
  4.1057e+01     4.305194e-08
  4.1100e+01     4.280607e-08
  4.1142e+01     4.256160e-08
  4.1185e+01     4.231854e-08
  4.1228e+01     4.207686e-08
  4.1271e+01     4.183656e-08
  4.1314e+01     4.159763e-08
  4.1357e+01     4.136006e-08
  4.1400e+01     4.112386e-08
  4.1442e+01     4.088900e-08
  4.1485e+01     4.065549e-08
  4.1528e+01     4.042330e-08
  4.1571e+01     4.019245e-08
  4.1614e+01     3.996291e-08
  4.1657e+01     3.973468e-08
  4.1700e+01     3.950776e-08
  4.1742e+01     3.928213e-08
  4.1785e+01     3.905779e-08
  4.1828e+01     3.883473e-08
  4.1871e+01     3.861295e-08
  4.1914e+01     3.839243e-08
  4.1957e+01     3.817317e-08
  4.2000e+01     3.795517e-08
  4.2042e+01     3.773840e-08
  4.2085e+01     3.752288e-08
  4.2128e+01     3.730859e-08
  4.2171e+01     3.709552e-08
  4.2214e+01     3.688367e-08
  4.2257e+01     3.667303e-08
  4.2300e+01     3.646359e-08
  4.2342e+01     3.625535e-08
  4.2385e+01     3.604829e-08
  4.2428e+01     3.584242e-08
  4.2471e+01     3.563773e-08
  4.2514e+01     3.543420e-08
  4.2557e+01     3.523184e-08
  4.2600e+01     3.503063e-08
  4.2642e+01     3.483057e-08
  4.2685e+01     3.463165e-08
  4.2728e+01     3.443387e-08
  4.2771e+01     3.423722e-08
  4.2814e+01     3.404169e-08
  4.2857e+01     3.384728e-08
  4.2900e+01     3.365398e-08
  4.2942e+01     3.346178e-08
  4.2985e+01     3.327068e-08
  4.3028e+01     3.308067e-08
  4.3071e+01     3.289175e-08
  4.3114e+01     3.270391e-08
  4.3157e+01     3.251714e-08
  4.3200e+01     3.233143e-08
  4.3242e+01     3.214679e-08
  4.3285e+01     3.196320e-08
  4.3328e+01     3.178066e-08
  4.3371e+01     3.159916e-08
  4.3414e+01     3.141870e-08
  4.3457e+01     3.123926e-08
  4.3500e+01     3.106086e-08
  4.3542e+01     3.088347e-08
  4.3585e+01     3.070709e-08
  4.3628e+01     3.053173e-08
  4.3671e+01     3.035736e-08
  4.3714e+01     3.018399e-08
  4.3757e+01     3.001161e-08
  4.3800e+01     2.984021e-08
  4.3842e+01     2.966980e-08
  4.3885e+01     2.950035e-08
  4.3928e+01     2.933188e-08
  4.3971e+01     2.916436e-08
  4.4014e+01     2.899781e-08
  4.4057e+01     2.883220e-08
  4.4100e+01     2.866754e-08
  4.4142e+01     2.850382e-08
  4.4185e+01     2.834104e-08
  4.4228e+01     2.817918e-08
  4.4271e+01     2.801825e-08
  4.4314e+01     2.785824e-08
  4.4357e+01     2.769914e-08
  4.4400e+01     2.754095e-08
  4.4442e+01     2.738367e-08
  4.4485e+01     2.722728e-08
  4.4528e+01     2.707178e-08
  4.4571e+01     2.691718e-08
  4.4614e+01     2.676345e-08
  4.4657e+01     2.661061e-08
  4.4700e+01     2.645864e-08
  4.4742e+01     2.630753e-08
  4.4785e+01     2.615729e-08
  4.4828e+01     2.600791e-08
  4.4871e+01     2.585937e-08
  4.4914e+01     2.571169e-08
  4.4957e+01     2.556485e-08
  4.5000e+01     2.541885e-08
  4.5042e+01     2.527369e-08
  4.5085e+01     2.512935e-08
  4.5128e+01     2.498584e-08
  4.5171e+01     2.484314e-08
  4.5214e+01     2.470126e-08
  4.5257e+01     2.456019e-08
  4.5300e+01     2.441993e-08
  4.5342e+01     2.428047e-08
  4.5385e+01     2.414180e-08
  4.5428e+01     2.400393e-08
  4.5471e+01     2.386685e-08
  4.5514e+01     2.373054e-08
  4.5557e+01     2.359502e-08
  4.5600e+01     2.346027e-08
  4.5642e+01     2.332629e-08
  4.5685e+01     2.319307e-08
  4.5728e+01     2.306061e-08
  4.5771e+01     2.292892e-08
  4.5814e+01     2.279797e-08
  4.5857e+01     2.266777e-08
  4.5900e+01     2.253831e-08
  4.5942e+01     2.240960e-08
  4.5985e+01     2.228162e-08
  4.6028e+01     2.215437e-08
  4.6071e+01     2.202784e-08
  4.6114e+01     2.190204e-08
  4.6157e+01     2.177696e-08
  4.6200e+01     2.165259e-08
  4.6242e+01     2.152894e-08
  4.6285e+01     2.140598e-08
  4.6328e+01     2.128374e-08
  4.6371e+01     2.116218e-08
  4.6414e+01     2.104133e-08
  4.6457e+01     2.092116e-08
  4.6500e+01     2.080168e-08
  4.6542e+01     2.068288e-08
  4.6585e+01     2.056476e-08
  4.6628e+01     2.044732e-08
  4.6671e+01     2.033054e-08
  4.6714e+01     2.021444e-08
  4.6757e+01     2.009899e-08
  4.6800e+01     1.998421e-08
  4.6842e+01     1.987008e-08
  4.6885e+01     1.975660e-08
  4.6928e+01     1.964377e-08
  4.6971e+01     1.953158e-08
  4.7014e+01     1.942004e-08
  4.7057e+01     1.930913e-08
  4.7100e+01     1.919886e-08
  4.7142e+01     1.908921e-08
  4.7185e+01     1.898020e-08
  4.7228e+01     1.887180e-08
  4.7271e+01     1.876402e-08
  4.7314e+01     1.865686e-08
  4.7357e+01     1.855031e-08
  4.7400e+01     1.844437e-08
  4.7442e+01     1.833904e-08
  4.7485e+01     1.823430e-08
  4.7528e+01     1.813017e-08
  4.7571e+01     1.802663e-08
  4.7614e+01     1.792368e-08
  4.7657e+01     1.782132e-08
  4.7700e+01     1.771954e-08
  4.7742e+01     1.761834e-08
  4.7785e+01     1.751772e-08
  4.7828e+01     1.741768e-08
  4.7871e+01     1.731821e-08
  4.7914e+01     1.721930e-08
  4.7957e+01     1.712096e-08
  4.8000e+01     1.702319e-08
  4.8042e+01     1.692597e-08
  4.8085e+01     1.682930e-08
  4.8128e+01     1.673319e-08
  4.8171e+01     1.663763e-08
  4.8214e+01     1.654261e-08
  4.8257e+01     1.644814e-08
  4.8300e+01     1.635420e-08
  4.8342e+01     1.626080e-08
  4.8385e+01     1.616794e-08
  4.8428e+01     1.607560e-08
  4.8471e+01     1.598380e-08
  4.8514e+01     1.589251e-08
  4.8557e+01     1.580175e-08
  4.8600e+01     1.571151e-08
  4.8642e+01     1.562178e-08
  4.8685e+01     1.553256e-08
  4.8728e+01     1.544386e-08
  4.8771e+01     1.535566e-08
  4.8814e+01     1.526796e-08
  4.8857e+01     1.518077e-08
  4.8900e+01     1.509407e-08
  4.8942e+01     1.500787e-08
  4.8985e+01     1.492216e-08
  4.9028e+01     1.483694e-08
  4.9071e+01     1.475220e-08
  4.9114e+01     1.466795e-08
  4.9157e+01     1.458419e-08
  4.9200e+01     1.450090e-08
  4.9242e+01     1.441808e-08
  4.9285e+01     1.433574e-08
  4.9328e+01     1.425387e-08
  4.9371e+01     1.417246e-08
  4.9414e+01     1.409153e-08
  4.9457e+01     1.401105e-08
  4.9500e+01     1.393103e-08
  4.9542e+01     1.385147e-08
  4.9585e+01     1.377237e-08
  4.9628e+01     1.369371e-08
  4.9671e+01     1.361551e-08
  4.9714e+01     1.353775e-08
  4.9757e+01     1.346044e-08
  4.9800e+01     1.338356e-08
  4.9842e+01     1.330713e-08
  4.9885e+01     1.323113e-08
  4.9928e+01     1.315557e-08
  4.9971e+01     1.308044e-08
  5.0014e+01     1.300574e-08
  5.0057e+01     1.293146e-08
  5.0100e+01     1.285761e-08
  5.0142e+01     1.278418e-08
  5.0185e+01     1.271117e-08
  5.0228e+01     1.263858e-08
  5.0271e+01     1.256640e-08
  5.0314e+01     1.249463e-08
  5.0357e+01     1.242328e-08
  5.0400e+01     1.235233e-08
  5.0442e+01     1.228178e-08
  5.0485e+01     1.221164e-08
  5.0528e+01     1.214190e-08
  5.0571e+01     1.207256e-08
  5.0614e+01     1.200361e-08
  5.0657e+01     1.193506e-08
  5.0700e+01     1.186690e-08
  5.0742e+01     1.179913e-08
  5.0785e+01     1.173174e-08
  5.0828e+01     1.166474e-08
  5.0871e+01     1.159813e-08
  5.0914e+01     1.153189e-08
  5.0957e+01     1.146603e-08
  5.1000e+01     1.140055e-08
  5.1042e+01     1.133544e-08
  5.1085e+01     1.127070e-08
  5.1128e+01     1.120634e-08
  5.1171e+01     1.114234e-08
  5.1214e+01     1.107870e-08
  5.1257e+01     1.101543e-08
  5.1300e+01     1.095252e-08
  5.1342e+01     1.088997e-08
  5.1385e+01     1.082778e-08
  5.1428e+01     1.076594e-08
  5.1471e+01     1.070446e-08
  5.1514e+01     1.064333e-08
  5.1557e+01     1.058254e-08
  5.1600e+01     1.052211e-08
  5.1642e+01     1.046201e-08
  5.1685e+01     1.040227e-08
  5.1728e+01     1.034286e-08
  5.1771e+01     1.028379e-08
  5.1814e+01     1.022506e-08
  5.1857e+01     1.016667e-08
  5.1900e+01     1.010860e-08
  5.1942e+01     1.005087e-08
  5.1985e+01     9.993473e-09
  5.2028e+01     9.936401e-09
  5.2071e+01     9.879654e-09
  5.2114e+01     9.823231e-09
  5.2157e+01     9.767131e-09
  5.2200e+01     9.711351e-09
  5.2242e+01     9.655890e-09
  5.2285e+01     9.600745e-09
  5.2328e+01     9.545915e-09
  5.2371e+01     9.491398e-09
  5.2414e+01     9.437193e-09
  5.2457e+01     9.383298e-09
  5.2500e+01     9.329710e-09
  5.2542e+01     9.276428e-09
  5.2585e+01     9.223450e-09
  5.2628e+01     9.170775e-09
  5.2671e+01     9.118401e-09
  5.2714e+01     9.066326e-09
  5.2757e+01     9.014548e-09
  5.2800e+01     8.963066e-09
  5.2842e+01     8.911878e-09
  5.2885e+01     8.860983e-09
  5.2928e+01     8.810378e-09
  5.2971e+01     8.760062e-09
  5.3014e+01     8.710033e-09
  5.3057e+01     8.660290e-09
  5.3100e+01     8.610831e-09
  5.3142e+01     8.561655e-09
  5.3185e+01     8.512759e-09
  5.3228e+01     8.464143e-09
  5.3271e+01     8.415805e-09
  5.3314e+01     8.367742e-09
  5.3357e+01     8.319954e-09
  5.3400e+01     8.272439e-09
  5.3442e+01     8.225195e-09
  5.3485e+01     8.178221e-09
  5.3528e+01     8.131515e-09
  5.3571e+01     8.085076e-09
  5.3614e+01     8.038902e-09
  5.3657e+01     7.992992e-09
  5.3700e+01     7.947345e-09
  5.3742e+01     7.901957e-09
  5.3785e+01     7.856829e-09
  5.3828e+01     7.811959e-09
  5.3871e+01     7.767345e-09
  5.3914e+01     7.722986e-09
  5.3957e+01     7.678880e-09
  5.4000e+01     7.635026e-09
  5.4042e+01     7.591422e-09
  5.4085e+01     7.548068e-09
  5.4128e+01     7.504961e-09
  5.4171e+01     7.462100e-09
  5.4214e+01     7.419484e-09
  5.4257e+01     7.377112e-09
  5.4300e+01     7.334981e-09
  5.4342e+01     7.293091e-09
  5.4385e+01     7.251440e-09
  5.4428e+01     7.210027e-09
  5.4471e+01     7.168851e-09
  5.4514e+01     7.127910e-09
  5.4557e+01     7.087202e-09
  5.4600e+01     7.046727e-09
  5.4642e+01     7.006484e-09
  5.4685e+01     6.966470e-09
  5.4728e+01     6.926684e-09
  5.4771e+01     6.887126e-09
  5.4814e+01     6.847794e-09
  5.4857e+01     6.808686e-09
  5.4900e+01     6.769802e-09
  5.4942e+01     6.731139e-09
  5.4985e+01     6.692698e-09
  5.5028e+01     6.654476e-09
  5.5071e+01     6.616472e-09
  5.5114e+01     6.578686e-09
  5.5157e+01     6.541115e-09
  5.5200e+01     6.503759e-09
  5.5242e+01     6.466616e-09
  5.5285e+01     6.429685e-09
  5.5328e+01     6.392965e-09
  5.5371e+01     6.356455e-09
  5.5414e+01     6.320153e-09
  5.5457e+01     6.284059e-09
  5.5500e+01     6.248171e-09
  5.5542e+01     6.212488e-09
  5.5585e+01     6.177008e-09
  5.5628e+01     6.141731e-09
  5.5671e+01     6.106656e-09
  5.5714e+01     6.071781e-09
  5.5757e+01     6.037105e-09
  5.5800e+01     6.002627e-09
  5.5842e+01     5.968346e-09
  5.5885e+01     5.934261e-09
  5.5928e+01     5.900371e-09
  5.5971e+01     5.866674e-09
  5.6014e+01     5.833169e-09
  5.6057e+01     5.799856e-09
  5.6100e+01     5.766733e-09
  5.6142e+01     5.733799e-09
  5.6185e+01     5.701054e-09
  5.6228e+01     5.668495e-09
  5.6271e+01     5.636122e-09
  5.6314e+01     5.603934e-09
  5.6357e+01     5.571930e-09
  5.6400e+01     5.540109e-09
  5.6442e+01     5.508470e-09
  5.6485e+01     5.477011e-09
  5.6528e+01     5.445732e-09
  5.6571e+01     5.414631e-09
  5.6614e+01     5.383708e-09
  5.6657e+01     5.352962e-09
  5.6700e+01     5.322391e-09
  5.6742e+01     5.291995e-09
  5.6785e+01     5.261773e-09
  5.6828e+01     5.231723e-09
  5.6871e+01     5.201844e-09
  5.6914e+01     5.172137e-09
  5.6957e+01     5.142599e-09
  5.7000e+01     5.113229e-09
  5.7042e+01     5.084028e-09
  5.7085e+01     5.054993e-09
  5.7128e+01     5.026124e-09
  5.7171e+01     4.997420e-09
  5.7214e+01     4.968880e-09
  5.7257e+01     4.940502e-09
  5.7300e+01     4.912287e-09
  5.7342e+01     4.884233e-09
  5.7385e+01     4.856339e-09
  5.7428e+01     4.828605e-09
  5.7471e+01     4.801029e-09
  5.7514e+01     4.773610e-09
  5.7557e+01     4.746348e-09
  5.7600e+01     4.719242e-09
  5.7642e+01     4.692290e-09
  5.7685e+01     4.665493e-09
  5.7728e+01     4.638848e-09
  5.7771e+01     4.612356e-09
  5.7814e+01     4.586014e-09
  5.7857e+01     4.559824e-09
  5.7900e+01     4.533783e-09
  5.7942e+01     4.507890e-09
  5.7985e+01     4.482146e-09
  5.8028e+01     4.456548e-09
  5.8071e+01     4.431097e-09
  5.8114e+01     4.405791e-09
  5.8157e+01     4.380630e-09
  5.8200e+01     4.355612e-09
  5.8242e+01     4.330737e-09
  5.8285e+01     4.306004e-09
  5.8328e+01     4.281413e-09
  5.8371e+01     4.256961e-09
  5.8414e+01     4.232650e-09
  5.8457e+01     4.208477e-09
  5.8500e+01     4.184443e-09
  5.8542e+01     4.160546e-09
  5.8585e+01     4.136785e-09
  5.8628e+01     4.113160e-09
  5.8671e+01     4.089669e-09
  5.8714e+01     4.066313e-09
  5.8757e+01     4.043091e-09
  5.8800e+01     4.020001e-09
  5.8842e+01     3.997042e-09
  5.8885e+01     3.974215e-09
  5.8928e+01     3.951519e-09
  5.8971e+01     3.928951e-09
  5.9014e+01     3.906513e-09
  5.9057e+01     3.884203e-09
  5.9100e+01     3.862021e-09
  5.9142e+01     3.839965e-09
  5.9185e+01     3.818035e-09
  5.9228e+01     3.796230e-09
  5.9271e+01     3.774550e-09
  5.9314e+01     3.752993e-09
  5.9357e+01     3.731560e-09
  5.9400e+01     3.710249e-09
  5.9442e+01     3.689060e-09
  5.9485e+01     3.667992e-09
  5.9528e+01     3.647044e-09
  5.9571e+01     3.626216e-09
  5.9614e+01     3.605506e-09
  5.9657e+01     3.584915e-09
  5.9700e+01     3.564442e-09
  5.9742e+01     3.544085e-09
  5.9785e+01     3.523845e-09
  5.9828e+01     3.503720e-09
  5.9871e+01     3.483711e-09
  5.9914e+01     3.463815e-09
  5.9957e+01     3.444033e-09
