# Epidemic | incidence [ x-unit: transmission cycles | y-unit: ]
  3.0000e-01     1.013176e-05
  3.4286e-01     1.053754e-05
  3.8571e-01     1.095957e-05
  4.2857e-01     1.139850e-05
  4.7143e-01     1.185501e-05
  5.1429e-01     1.232981e-05
  5.5714e-01     1.282362e-05
  6.0000e-01     1.333720e-05
  6.4286e-01     1.387136e-05
  6.8571e-01     1.442690e-05
  7.2857e-01     1.500470e-05
  7.7143e-01     1.560564e-05
  8.1429e-01     1.623064e-05
  8.5714e-01     1.688068e-05
  9.0000e-01     1.755675e-05
  9.4286e-01     1.825989e-05
  9.8571e-01     1.899119e-05
  1.0285e+00     1.975178e-05
  1.0714e+00     2.054284e-05
  1.1142e+00     2.136557e-05
  1.1571e+00     2.222125e-05
  1.2000e+00     2.311120e-05
  1.2428e+00     2.403679e-05
  1.2857e+00     2.499945e-05
  1.3285e+00     2.600066e-05
  1.3714e+00     2.704196e-05
  1.4142e+00     2.812497e-05
  1.4571e+00     2.925135e-05
  1.5000e+00     3.042284e-05
  1.5428e+00     3.164124e-05
  1.5857e+00     3.290844e-05
  1.6285e+00     3.422638e-05
  1.6714e+00     3.559711e-05
  1.7142e+00     3.702272e-05
  1.7571e+00     3.850543e-05
  1.8000e+00     4.004751e-05
  1.8428e+00     4.165135e-05
  1.8857e+00     4.331941e-05
  1.9285e+00     4.505428e-05
  1.9714e+00     4.685861e-05
  2.0142e+00     4.873521e-05
  2.0571e+00     5.068694e-05
  2.1000e+00     5.271684e-05
  2.1428e+00     5.482802e-05
  2.1857e+00     5.702375e-05
  2.2285e+00     5.930739e-05
  2.2714e+00     6.168249e-05
  2.3142e+00     6.415269e-05
  2.3571e+00     6.672180e-05
  2.4000e+00     6.939379e-05
  2.4428e+00     7.217277e-05
  2.4857e+00     7.506303e-05
  2.5285e+00     7.806902e-05
  2.5714e+00     8.119537e-05
  2.6142e+00     8.444691e-05
  2.6571e+00     8.782864e-05
  2.7000e+00     9.134577e-05
  2.7428e+00     9.500373e-05
  2.7857e+00     9.880815e-05
  2.8285e+00     1.027649e-04
  2.8714e+00     1.068801e-04
  2.9142e+00     1.111600e-04
  2.9571e+00     1.156113e-04
  3.0000e+00     1.202408e-04
  3.0428e+00     1.250556e-04
  3.0857e+00     1.300632e-04
  3.1285e+00     1.352713e-04
  3.1714e+00     1.406879e-04
  3.2142e+00     1.463214e-04
  3.2571e+00     1.521803e-04
  3.3000e+00     1.582739e-04
  3.3428e+00     1.646113e-04
  3.3857e+00     1.712025e-04
  3.4285e+00     1.780574e-04
  3.4714e+00     1.851868e-04
  3.5142e+00     1.926016e-04
  3.5571e+00     2.003131e-04
  3.6000e+00     2.083334e-04
  3.6428e+00     2.166746e-04
  3.6857e+00     2.253497e-04
  3.7285e+00     2.343720e-04
  3.7714e+00     2.437554e-04
  3.8142e+00     2.535143e-04
  3.8571e+00     2.636638e-04
  3.9000e+00     2.742194e-04
  3.9428e+00     2.851975e-04
  3.9857e+00     2.966148e-04
  4.0285e+00     3.084891e-04
  4.0714e+00     3.208384e-04
  4.1142e+00     3.336819e-04
  4.1571e+00     3.470392e-04
  4.2000e+00     3.609310e-04
  4.2428e+00     3.753785e-04
  4.2857e+00     3.904040e-04
  4.3285e+00     4.060305e-04
  4.3714e+00     4.222821e-04
  4.4142e+00     4.391838e-04
  4.4571e+00     4.567616e-04
  4.5000e+00     4.750423e-04
  4.5428e+00     4.940542e-04
  4.5857e+00     5.138263e-04
  4.6285e+00     5.343891e-04
  4.6714e+00     5.557741e-04
  4.7142e+00     5.780142e-04
  4.7571e+00     6.011434e-04
  4.8000e+00     6.251973e-04
  4.8428e+00     6.502127e-04
  4.8857e+00     6.762280e-04
  4.9285e+00     7.032831e-04
  4.9714e+00     7.314195e-04
  5.0142e+00     7.606803e-04
  5.0571e+00     7.911103e-04
  5.1000e+00     8.227560e-04
  5.1428e+00     8.556661e-04
  5.1857e+00     8.898908e-04
  5.2285e+00     9.254825e-04
  5.2714e+00     9.624957e-04
  5.3142e+00     1.000987e-03
  5.3571e+00     1.041015e-03
  5.4000e+00     1.082641e-03
  5.4428e+00     1.125929e-03
  5.4857e+00     1.170945e-03
  5.5285e+00     1.217757e-03
  5.5714e+00     1.266437e-03
  5.6142e+00     1.317059e-03
  5.6571e+00     1.369701e-03
  5.7000e+00     1.424442e-03
  5.7428e+00     1.481366e-03
  5.7857e+00     1.540560e-03
  5.8285e+00     1.602113e-03
  5.8714e+00     1.666119e-03
  5.9142e+00     1.732676e-03
  5.9571e+00     1.801885e-03
  6.0000e+00     1.873850e-03
  6.0428e+00     1.948681e-03
  6.0857e+00     2.026491e-03
  6.1285e+00     2.107399e-03
  6.1714e+00     2.191525e-03
  6.2142e+00     2.278999e-03
  6.2571e+00     2.369952e-03
  6.3000e+00     2.464521e-03
  6.3428e+00     2.562849e-03
  6.3857e+00     2.665085e-03
  6.4285e+00     2.771382e-03
  6.4714e+00     2.881900e-03
  6.5142e+00     2.996805e-03
  6.5571e+00     3.116270e-03
  6.6000e+00     3.240475e-03
  6.6428e+00     3.369604e-03
  6.6857e+00     3.503852e-03
  6.7285e+00     3.643419e-03
  6.7714e+00     3.788514e-03
  6.8142e+00     3.939352e-03
  6.8571e+00     4.096159e-03
  6.9000e+00     4.259167e-03
  6.9428e+00     4.428619e-03
  6.9857e+00     4.604765e-03
  7.0285e+00     4.787866e-03
  7.0714e+00     4.978193e-03
  7.1142e+00     5.176026e-03
  7.1571e+00     5.381657e-03
  7.2000e+00     5.595387e-03
  7.2428e+00     5.817530e-03
  7.2857e+00     6.048411e-03
  7.3285e+00     6.288367e-03
  7.3714e+00     6.537747e-03
  7.4142e+00     6.796914e-03
  7.4571e+00     7.066244e-03
  7.5000e+00     7.346126e-03
  7.5428e+00     7.636963e-03
  7.5857e+00     7.939173e-03
  7.6285e+00     8.253191e-03
  7.6714e+00     8.579465e-03
  7.7142e+00     8.918459e-03
  7.7571e+00     9.270656e-03
  7.8000e+00     9.636553e-03
  7.8428e+00     1.001667e-02
  7.8857e+00     1.041153e-02
  7.9285e+00     1.082170e-02
  7.9714e+00     1.124774e-02
  8.0142e+00     1.169025e-02
  8.0571e+00     1.214984e-02
  8.1000e+00     1.262714e-02
  8.1428e+00     1.312280e-02
  8.1857e+00     1.363750e-02
  8.2285e+00     1.417193e-02
  8.2714e+00     1.472682e-02
  8.3142e+00     1.530291e-02
  8.3571e+00     1.590096e-02
  8.4000e+00     1.652176e-02
  8.4428e+00     1.716614e-02
  8.4857e+00     1.783493e-02
  8.5285e+00     1.852900e-02
  8.5714e+00     1.924923e-02
  8.6142e+00     1.999656e-02
  8.6571e+00     2.077192e-02
  8.7000e+00     2.157628e-02
  8.7428e+00     2.241065e-02
  8.7857e+00     2.327604e-02
  8.8285e+00     2.417352e-02
  8.8714e+00     2.510416e-02
  8.9142e+00     2.606907e-02
  8.9571e+00     2.706939e-02
  9.0000e+00     2.810627e-02
  9.0428e+00     2.918092e-02
  9.0857e+00     3.029453e-02
  9.1285e+00     3.144836e-02
  9.1714e+00     3.264367e-02
  9.2142e+00     3.388176e-02
  9.2571e+00     3.516392e-02
  9.3000e+00     3.649151e-02
  9.3428e+00     3.786587e-02
  9.3857e+00     3.928839e-02
  9.4285e+00     4.076046e-02
  9.4714e+00     4.228348e-02
  9.5142e+00     4.385889e-02
  9.5571e+00     4.548810e-02
  9.6000e+00     4.717257e-02
  9.6428e+00     4.891374e-02
  9.6857e+00     5.071305e-02
  9.7285e+00     5.257196e-02
  9.7714e+00     5.449189e-02
  9.8142e+00     5.647428e-02
  9.8571e+00     5.852053e-02
  9.9000e+00     6.063203e-02
  9.9428e+00     6.281014e-02
  9.9857e+00     6.505618e-02
  1.0028e+01     6.737143e-02
  1.0071e+01     6.975712e-02
  1.0114e+01     7.221443e-02
  1.0157e+01     7.474445e-02
  1.0200e+01     7.734822e-02
  1.0242e+01     8.002667e-02
  1.0285e+01     8.278064e-02
  1.0328e+01     8.561087e-02
  1.0371e+01     8.851795e-02
  1.0414e+01     9.150235e-02
  1.0457e+01     9.456440e-02
  1.0500e+01     9.770423e-02
  1.0542e+01     1.009218e-01
  1.0585e+01     1.042169e-01
  1.0628e+01     1.075891e-01
  1.0671e+01     1.110377e-01
  1.0714e+01     1.145617e-01
  1.0757e+01     1.181599e-01
  1.0800e+01     1.218307e-01
  1.0842e+01     1.255725e-01
  1.0885e+01     1.293829e-01
  1.0928e+01     1.332595e-01
  1.0971e+01     1.371993e-01
  1.1014e+01     1.411989e-01
  1.1057e+01     1.452546e-01
  1.1100e+01     1.493621e-01
  1.1142e+01     1.535168e-01
  1.1185e+01     1.577133e-01
  1.1228e+01     1.619459e-01
  1.1271e+01     1.662084e-01
  1.1314e+01     1.704937e-01
  1.1357e+01     1.747945e-01
  1.1400e+01     1.791026e-01
  1.1442e+01     1.834092e-01
  1.1485e+01     1.877051e-01
  1.1528e+01     1.919802e-01
  1.1571e+01     1.962237e-01
  1.1614e+01     2.004244e-01
  1.1657e+01     2.045702e-01
  1.1700e+01     2.086484e-01
  1.1742e+01     2.126458e-01
  1.1785e+01     2.165484e-01
  1.1828e+01     2.203416e-01
  1.1871e+01     2.240104e-01
  1.1914e+01     2.275391e-01
  1.1957e+01     2.309116e-01
  1.2000e+01     2.341115e-01
  1.2042e+01     2.371218e-01
  1.2085e+01     2.399254e-01
  1.2128e+01     2.425050e-01
  1.2171e+01     2.448433e-01
  1.2214e+01     2.469229e-01
  1.2257e+01     2.487265e-01
  1.2300e+01     2.502374e-01
  1.2342e+01     2.514391e-01
  1.2385e+01     2.523158e-01
  1.2428e+01     2.528522e-01
  1.2471e+01     2.530344e-01
  1.2514e+01     2.528492e-01
  1.2557e+01     2.522848e-01
  1.2600e+01     2.513310e-01
  1.2642e+01     2.499792e-01
  1.2685e+01     2.482225e-01
  1.2728e+01     2.460563e-01
  1.2771e+01     2.434780e-01
  1.2814e+01     2.404874e-01
  1.2857e+01     2.370868e-01
  1.2900e+01     2.332812e-01
  1.2942e+01     2.290784e-01
  1.2985e+01     2.244888e-01
  1.3028e+01     2.195258e-01
  1.3071e+01     2.142057e-01
  1.3114e+01     2.085476e-01
  1.3157e+01     2.025734e-01
  1.3200e+01     1.963076e-01
  1.3242e+01     1.897774e-01
  1.3285e+01     1.830122e-01
  1.3328e+01     1.760435e-01
  1.3371e+01     1.689045e-01
  1.3414e+01     1.616302e-01
  1.3457e+01     1.542563e-01
  1.3500e+01     1.468194e-01
  1.3542e+01     1.393565e-01
  1.3585e+01     1.319044e-01
  1.3628e+01     1.244992e-01
  1.3671e+01     1.171761e-01
  1.3714e+01     1.099687e-01
  1.3757e+01     1.029088e-01
  1.3800e+01     9.602601e-02
  1.3842e+01     8.934715e-02
  1.3885e+01     8.289623e-02
  1.3928e+01     7.669407e-02
  1.3971e+01     7.075818e-02
  1.4014e+01     6.510262e-02
  1.4057e+01     5.973800e-02
  1.4100e+01     5.467148e-02
  1.4142e+01     4.990690e-02
  1.4185e+01     4.544492e-02
  1.4228e+01     4.128326e-02
  1.4271e+01     3.741698e-02
  1.4314e+01     3.383875e-02
  1.4357e+01     3.053919e-02
  1.4400e+01     2.750725e-02
  1.4442e+01     2.473050e-02
  1.4485e+01     2.219549e-02
  1.4528e+01     1.988810e-02
  1.4571e+01     1.779377e-02
  1.4614e+01     1.589781e-02
  1.4657e+01     1.418564e-02
  1.4700e+01     1.264295e-02
  1.4742e+01     1.125587e-02
  1.4785e+01     1.001111e-02
  1.4828e+01     8.896035e-03
  1.4871e+01     7.898751e-03
  1.4914e+01     7.008125e-03
  1.4957e+01     6.213809e-03
  1.5000e+01     5.506244e-03
  1.5042e+01     4.876643e-03
  1.5085e+01     4.316964e-03
  1.5128e+01     3.819880e-03
  1.5171e+01     3.378740e-03
  1.5214e+01     2.987525e-03
  1.5257e+01     2.640804e-03
  1.5300e+01     2.333690e-03
  1.5342e+01     2.061796e-03
  1.5385e+01     1.821191e-03
  1.5428e+01     1.608358e-03
  1.5471e+01     1.420159e-03
  1.5514e+01     1.253794e-03
  1.5557e+01     1.106773e-03
  1.5600e+01     9.768766e-04
  1.5642e+01     8.621366e-04
  1.5685e+01     7.608038e-04
  1.5728e+01     6.713270e-04
  1.5771e+01     5.923311e-04
  1.5814e+01     5.225976e-04
  1.5857e+01     4.610480e-04
  1.5900e+01     4.067273e-04
  1.5942e+01     3.587911e-04
  1.5985e+01     3.164924e-04
  1.6028e+01     2.791709e-04
  1.6071e+01     2.462430e-04
  1.6114e+01     2.171932e-04
  1.6157e+01     1.915660e-04
  1.6200e+01     1.689591e-04
  1.6242e+01     1.490174e-04
  1.6285e+01     1.314272e-04
  1.6328e+01     1.159118e-04
  1.6371e+01     1.022267e-04
  1.6414e+01     9.015636e-05
  1.6457e+01     7.951043e-05
  1.6500e+01     7.012101e-05
  1.6542e+01     6.183992e-05
  1.6585e+01     5.453645e-05
  1.6628e+01     4.809525e-05
  1.6671e+01     4.241458e-05
  1.6714e+01     3.740471e-05
  1.6757e+01     3.298645e-05
  1.6800e+01     2.908998e-05
  1.6842e+01     2.565369e-05
  1.6885e+01     2.262325e-05
  1.6928e+01     1.995075e-05
  1.6971e+01     1.759391e-05
  1.7014e+01     1.551546e-05
  1.7057e+01     1.368253e-05
  1.7100e+01     1.206611e-05
  1.7142e+01     1.064064e-05
  1.7185e+01     9.383564e-06
  1.7228e+01     8.274988e-06
  1.7271e+01     7.297372e-06
  1.7314e+01     6.435248e-06
  1.7357e+01     5.674972e-06
  1.7400e+01     5.004515e-06
  1.7442e+01     4.413264e-06
  1.7485e+01     3.891865e-06
  1.7528e+01     3.432063e-06
  1.7571e+01     3.026584e-06
  1.7614e+01     2.669009e-06
  1.7657e+01     2.353679e-06
  1.7700e+01     2.075603e-06
  1.7742e+01     1.830380e-06
  1.7785e+01     1.614128e-06
  1.7828e+01     1.423426e-06
  1.7871e+01     1.255254e-06
  1.7914e+01     1.106951e-06
  1.7957e+01     9.761687e-07
  1.8000e+01     8.608380e-07
  1.8042e+01     7.591332e-07
  1.8085e+01     6.694443e-07
  1.8128e+01     5.903518e-07
  1.8171e+01     5.206038e-07
  1.8214e+01     4.590963e-07
  1.8257e+01     4.048556e-07
  1.8300e+01     3.570233e-07
  1.8342e+01     3.148422e-07
  1.8385e+01     2.776446e-07
  1.8428e+01     2.448418e-07
  1.8471e+01     2.159145e-07
  1.8514e+01     1.904049e-07
  1.8557e+01     1.679092e-07
  1.8600e+01     1.480713e-07
  1.8642e+01     1.305771e-07
  1.8685e+01     1.151498e-07
  1.8728e+01     1.015452e-07
  1.8771e+01     8.954799e-08
  1.8814e+01     7.896817e-08
  1.8857e+01     6.963833e-08
  1.8900e+01     6.141078e-08
  1.8942e+01     5.415529e-08
  1.8985e+01     4.775701e-08
  1.9028e+01     4.211466e-08
  1.9071e+01     3.713895e-08
  1.9114e+01     3.275109e-08
  1.9157e+01     2.888165e-08
  1.9200e+01     2.546938e-08
  1.9242e+01     2.246025e-08
  1.9285e+01     1.980664e-08
  1.9328e+01     1.746655e-08
  1.9371e+01     1.540293e-08
  1.9414e+01     1.358312e-08
  1.9457e+01     1.197831e-08
  1.9500e+01     1.056311e-08
  1.9542e+01     9.315114e-09
  1.9585e+01     8.214562e-09
  1.9628e+01     7.244037e-09
  1.9671e+01     6.388176e-09
  1.9714e+01     5.633433e-09
  1.9757e+01     4.967860e-09
  1.9800e+01     4.380922e-09
  1.9842e+01     3.863330e-09
  1.9885e+01     3.406889e-09
  1.9928e+01     3.004376e-09
  1.9971e+01     2.649418e-09
  2.0014e+01     2.336397e-09
  2.0057e+01     2.060359e-09
  2.0100e+01     1.816934e-09
  2.0142e+01     1.602269e-09
  2.0185e+01     1.412966e-09
  2.0228e+01     1.246028e-09
  2.0271e+01     1.098814e-09
  2.0314e+01     9.689923e-10
  2.0357e+01     8.545088e-10
  2.0400e+01     7.535512e-10
  2.0442e+01     6.645214e-10
  2.0485e+01     5.860103e-10
  2.0528e+01     5.167749e-10
  2.0571e+01     4.557196e-10
  2.0614e+01     4.018777e-10
  2.0657e+01     3.543971e-10
  2.0700e+01     3.125262e-10
  2.0742e+01     2.756021e-10
  2.0785e+01     2.430406e-10
  2.0828e+01     2.143261e-10
  2.0871e+01     1.890041e-10
  2.0914e+01     1.666739e-10
  2.0957e+01     1.469819e-10
  2.1000e+01     1.296164e-10
  2.1042e+01     1.143026e-10
  2.1085e+01     1.007981e-10
  2.1128e+01     8.888913e-11
  2.1171e+01     7.838715e-11
  2.1214e+01     6.912595e-11
  2.1257e+01     6.095893e-11
  2.1300e+01     5.375682e-11
  2.1342e+01     4.740562e-11
  2.1385e+01     4.180479e-11
  2.1428e+01     3.686568e-11
  2.1471e+01     3.251011e-11
  2.1514e+01     2.866914e-11
  2.1557e+01     2.528197e-11
  2.1600e+01     2.229498e-11
  2.1642e+01     1.966090e-11
  2.1685e+01     1.733802e-11
  2.1728e+01     1.528959e-11
  2.1771e+01     1.348317e-11
  2.1814e+01     1.189018e-11
  2.1857e+01     1.048539e-11
  2.1900e+01     9.246572e-12
  2.1942e+01     8.154118e-12
  2.1985e+01     7.190734e-12
  2.2028e+01     6.341171e-12
  2.2071e+01     5.591981e-12
  2.2114e+01     4.931305e-12
  2.2157e+01     4.348687e-12
  2.2200e+01     3.834903e-12
  2.2242e+01     3.381821e-12
  2.2285e+01     2.982269e-12
  2.2328e+01     2.629923e-12
  2.2371e+01     2.319206e-12
  2.2414e+01     2.045199e-12
  2.2457e+01     1.803565e-12
  2.2500e+01     1.590479e-12
  2.2542e+01     1.402569e-12
  2.2585e+01     1.236860e-12
  2.2628e+01     1.090728e-12
  2.2671e+01     9.618622e-13
  2.2714e+01     8.482211e-13
  2.2757e+01     7.480064e-13
  2.2800e+01     6.596317e-13
  2.2842e+01     5.816983e-13
  2.2885e+01     5.129724e-13
  2.2928e+01     4.523663e-13
  2.2971e+01     3.989206e-13
  2.3014e+01     3.517894e-13
  2.3057e+01     3.102265e-13
  2.3100e+01     2.735742e-13
  2.3142e+01     2.412523e-13
  2.3185e+01     2.127490e-13
  2.3228e+01     1.876134e-13
  2.3271e+01     1.654474e-13
  2.3314e+01     1.459003e-13
  2.3357e+01     1.286627e-13
  2.3400e+01     1.134616e-13
  2.3442e+01     1.000564e-13
  2.3485e+01     8.823506e-14
  2.3528e+01     7.781036e-14
  2.3571e+01     6.861731e-14
  2.3614e+01     6.051038e-14
  2.3657e+01     5.336126e-14
  2.3700e+01     4.705679e-14
  2.3742e+01     4.149718e-14
  2.3785e+01     3.659441e-14
  2.3828e+01     3.227090e-14
  2.3871e+01     2.845819e-14
  2.3914e+01     2.509594e-14
  2.3957e+01     2.213093e-14
  2.4000e+01     1.951623e-14
  2.4042e+01     1.721045e-14
  2.4085e+01     1.517709e-14
  2.4128e+01     1.338396e-14
  2.4171e+01     1.180269e-14
  2.4214e+01     1.040823e-14
  2.4257e+01     9.178534e-15
  2.4300e+01     8.094118e-15
  2.4342e+01     7.137823e-15
  2.4385e+01     6.294511e-15
  2.4428e+01     5.550834e-15
  2.4471e+01     4.895020e-15
  2.4514e+01     4.316688e-15
  2.4557e+01     3.806685e-15
  2.4600e+01     3.356937e-15
  2.4642e+01     2.960325e-15
  2.4685e+01     2.610571e-15
  2.4728e+01     2.302140e-15
  2.4771e+01     2.030150e-15
  2.4814e+01     1.790294e-15
  2.4857e+01     1.578776e-15
  2.4900e+01     1.392248e-15
  2.4942e+01     1.227759e-15
  2.4985e+01     1.082703e-15
  2.5028e+01     9.547846e-16
  2.5071e+01     8.419797e-16
  2.5114e+01     7.425024e-16
  2.5157e+01     6.547780e-16
  2.5200e+01     5.774180e-16
  2.5242e+01     5.091978e-16
  2.5285e+01     4.490377e-16
  2.5328e+01     3.959853e-16
  2.5371e+01     3.492008e-16
  2.5414e+01     3.079438e-16
  2.5457e+01     2.715612e-16
  2.5500e+01     2.394771e-16
  2.5542e+01     2.111836e-16
  2.5585e+01     1.862329e-16
  2.5628e+01     1.642300e-16
  2.5671e+01     1.448268e-16
  2.5714e+01     1.277159e-16
  2.5757e+01     1.126267e-16
  2.5800e+01     9.932019e-17
  2.5842e+01     8.758581e-17
  2.5885e+01     7.723782e-17
  2.5928e+01     6.811240e-17
  2.5971e+01     6.006513e-17
  2.6014e+01     5.296862e-17
  2.6057e+01     4.671054e-17
  2.6100e+01     4.119183e-17
  2.6142e+01     3.632514e-17
  2.6185e+01     3.203344e-17
  2.6228e+01     2.824879e-17
  2.6271e+01     2.491128e-17
  2.6314e+01     2.196809e-17
  2.6357e+01     1.937263e-17
  2.6400e+01     1.708381e-17
  2.6442e+01     1.506541e-17
  2.6485e+01     1.328548e-17
  2.6528e+01     1.171584e-17
  2.6571e+01     1.033165e-17
  2.6614e+01     9.110996e-18
  2.6657e+01     8.034560e-18
  2.6700e+01     7.085301e-18
  2.6742e+01     6.248195e-18
  2.6785e+01     5.509990e-18
  2.6828e+01     4.859001e-18
  2.6871e+01     4.284925e-18
  2.6914e+01     3.778674e-18
  2.6957e+01     3.332236e-18
  2.7000e+01     2.938542e-18
  2.7042e+01     2.591362e-18
  2.7085e+01     2.285201e-18
  2.7128e+01     2.015211e-18
  2.7171e+01     1.777120e-18
  2.7214e+01     1.567159e-18
  2.7257e+01     1.382004e-18
  2.7300e+01     1.218724e-18
  2.7342e+01     1.074736e-18
  2.7385e+01     9.477591e-19
  2.7428e+01     8.357843e-19
  2.7471e+01     7.370389e-19
  2.7514e+01     6.499600e-19
  2.7557e+01     5.731693e-19
  2.7600e+01     5.054511e-19
  2.7642e+01     4.457336e-19
  2.7685e+01     3.930715e-19
  2.7728e+01     3.466313e-19
  2.7771e+01     3.056779e-19
  2.7814e+01     2.695630e-19
  2.7857e+01     2.377149e-19
  2.7900e+01     2.096297e-19
  2.7942e+01     1.848625e-19
  2.7985e+01     1.630216e-19
  2.8028e+01     1.437611e-19
  2.8071e+01     1.267762e-19
  2.8114e+01     1.117980e-19
  2.8157e+01     9.858937e-20
  2.8200e+01     8.694134e-20
  2.8242e+01     7.666948e-20
  2.8285e+01     6.761122e-20
  2.8328e+01     5.962316e-20
  2.8371e+01     5.257887e-20
  2.8414e+01     4.636683e-20
  2.8457e+01     4.088874e-20
  2.8500e+01     3.605786e-20
  2.8542e+01     3.179773e-20
  2.8585e+01     2.804093e-20
  2.8628e+01     2.472798e-20
  2.8671e+01     2.180644e-20
  2.8714e+01     1.923008e-20
  2.8757e+01     1.695810e-20
  2.8800e+01     1.495456e-20
  2.8842e+01     1.318772e-20
  2.8885e+01     1.162963e-20
  2.8928e+01     1.025563e-20
  2.8971e+01     9.043955e-21
  2.9014e+01     7.975440e-21
  2.9057e+01     7.033166e-21
  2.9100e+01     6.202219e-21
  2.9142e+01     5.469446e-21
  2.9185e+01     4.823248e-21
  2.9228e+01     4.253396e-21
  2.9271e+01     3.750870e-21
  2.9314e+01     3.307716e-21
  2.9357e+01     2.916920e-21
  2.9400e+01     2.572295e-21
  2.9442e+01     2.268386e-21
  2.9485e+01     2.000383e-21
  2.9528e+01     1.764044e-21
  2.9571e+01     1.555628e-21
  2.9614e+01     1.371835e-21
  2.9657e+01     1.209757e-21
  2.9700e+01     1.066828e-21
  2.9742e+01     9.407853e-22
  2.9785e+01     8.296344e-22
  2.9828e+01     7.316156e-22
  2.9871e+01     6.451775e-22
  2.9914e+01     5.689518e-22
  2.9957e+01     5.017318e-22
  3.0000e+01     4.424538e-22
  3.0042e+01     3.901792e-22
  3.0085e+01     3.440807e-22
  3.0128e+01     3.034286e-22
  3.0171e+01     2.675795e-22
  3.0214e+01     2.359658e-22
  3.0257e+01     2.080872e-22
  3.0300e+01     1.835023e-22
  3.0342e+01     1.618221e-22
  3.0385e+01     1.427033e-22
  3.0428e+01     1.258433e-22
  3.0471e+01     1.109753e-22
  3.0514e+01     9.786393e-23
  3.0557e+01     8.630160e-23
  3.0600e+01     7.610533e-23
  3.0642e+01     6.711372e-23
  3.0685e+01     5.918444e-23
  3.0728e+01     5.219198e-23
  3.0771e+01     4.602566e-23
  3.0814e+01     4.058787e-23
  3.0857e+01     3.579254e-23
  3.0900e+01     3.156376e-23
  3.0942e+01     2.783460e-23
  3.0985e+01     2.454602e-23
  3.1028e+01     2.164599e-23
  3.1071e+01     1.908858e-23
  3.1114e+01     1.683332e-23
  3.1157e+01     1.484452e-23
  3.1200e+01     1.309068e-23
  3.1242e+01     1.154406e-23
  3.1285e+01     1.018016e-23
  3.1328e+01     8.977408e-24
  3.1371e+01     7.916755e-24
  3.1414e+01     6.981415e-24
  3.1457e+01     6.156582e-24
  3.1500e+01     5.429201e-24
  3.1542e+01     4.787757e-24
  3.1585e+01     4.222098e-24
  3.1628e+01     3.723270e-24
  3.1671e+01     3.283377e-24
  3.1714e+01     2.895456e-24
  3.1757e+01     2.553367e-24
  3.1800e+01     2.251695e-24
  3.1842e+01     1.985664e-24
  3.1885e+01     1.751064e-24
  3.1928e+01     1.544181e-24
  3.1971e+01     1.361741e-24
  3.2014e+01     1.200855e-24
  3.2057e+01     1.058978e-24
  3.2100e+01     9.338628e-25
  3.2142e+01     8.235298e-25
  3.2185e+01     7.262323e-25
  3.2228e+01     6.404301e-25
  3.2271e+01     5.647653e-25
  3.2314e+01     4.980400e-25
  3.2357e+01     4.391981e-25
  3.2400e+01     3.873082e-25
  3.2442e+01     3.415489e-25
  3.2485e+01     3.011960e-25
  3.2528e+01     2.656106e-25
  3.2571e+01     2.342295e-25
  3.2614e+01     2.065560e-25
  3.2657e+01     1.821520e-25
  3.2700e+01     1.606313e-25
  3.2742e+01     1.416532e-25
  3.2785e+01     1.249173e-25
  3.2828e+01     1.101587e-25
  3.2871e+01     9.714382e-26
  3.2914e+01     8.566658e-26
  3.2957e+01     7.554533e-26
  3.3000e+01     6.661988e-26
  3.3042e+01     5.874895e-26
  3.3085e+01     5.180794e-26
  3.3128e+01     4.568699e-26
  3.3171e+01     4.028921e-26
  3.3214e+01     3.552917e-26
  3.3257e+01     3.133150e-26
  3.3300e+01     2.762978e-26
  3.3342e+01     2.436541e-26
  3.3385e+01     2.148671e-26
  3.3428e+01     1.894812e-26
  3.3471e+01     1.670946e-26
  3.3514e+01     1.473529e-26
  3.3557e+01     1.299436e-26
  3.3600e+01     1.145911e-26
  3.3642e+01     1.010526e-26
  3.3685e+01     8.911350e-27
  3.3728e+01     7.858502e-27
  3.3771e+01     6.930044e-27
  3.3814e+01     6.111280e-27
  3.3857e+01     5.389251e-27
  3.3900e+01     4.752528e-27
  3.3942e+01     4.191031e-27
  3.3985e+01     3.695874e-27
  3.4028e+01     3.259218e-27
  3.4071e+01     2.874151e-27
  3.4114e+01     2.534579e-27
  3.4157e+01     2.235126e-27
  3.4200e+01     1.971053e-27
  3.4242e+01     1.738179e-27
  3.4285e+01     1.532818e-27
  3.4328e+01     1.351721e-27
  3.4371e+01     1.192019e-27
  3.4414e+01     1.051186e-27
  3.4457e+01     9.269912e-28
  3.4500e+01     8.174701e-28
  3.4542e+01     7.208885e-28
  3.4585e+01     6.357177e-28
  3.4628e+01     5.606096e-28
  3.4671e+01     4.943753e-28
  3.4714e+01     4.359664e-28
  3.4757e+01     3.844583e-28
  3.4800e+01     3.390357e-28
  3.4842e+01     2.989797e-28
  3.4885e+01     2.636562e-28
  3.4928e+01     2.325060e-28
  3.4971e+01     2.050361e-28
  3.5014e+01     1.808117e-28
  3.5057e+01     1.594494e-28
  3.5100e+01     1.406109e-28
  3.5142e+01     1.239982e-28
  3.5185e+01     1.093482e-28
  3.5228e+01     9.642902e-29
  3.5271e+01     8.503622e-29
  3.5314e+01     7.498945e-29
  3.5357e+01     6.612968e-29
  3.5400e+01     5.831666e-29
  3.5442e+01     5.142673e-29
  3.5485e+01     4.535082e-29
  3.5528e+01     3.999276e-29
  3.5571e+01     3.526773e-29
  3.5614e+01     3.110096e-29
  3.5657e+01     2.742648e-29
  3.5700e+01     2.418612e-29
  3.5742e+01     2.132861e-29
  3.5785e+01     1.880870e-29
  3.5828e+01     1.658651e-29
  3.5871e+01     1.462686e-29
  3.5914e+01     1.289874e-29
  3.5957e+01     1.137480e-29
  3.6000e+01     1.003090e-29
  3.6042e+01     8.845779e-30
  3.6085e+01     7.800677e-30
  3.6128e+01     6.879051e-30
  3.6171e+01     6.066312e-30
  3.6214e+01     5.349596e-30
  3.6257e+01     4.717558e-30
  3.6300e+01     4.160193e-30
  3.6342e+01     3.668679e-30
  3.6385e+01     3.235236e-30
  3.6428e+01     2.853002e-30
  3.6471e+01     2.515929e-30
  3.6514e+01     2.218680e-30
  3.6557e+01     1.956549e-30
  3.6600e+01     1.725389e-30
  3.6642e+01     1.521540e-30
  3.6685e+01     1.341774e-30
  3.6728e+01     1.183248e-30
  3.6771e+01     1.043451e-30
  3.6814e+01     9.201702e-31
  3.6857e+01     8.114549e-31
  3.6900e+01     7.155840e-31
  3.6942e+01     6.310400e-31
  3.6985e+01     5.564845e-31
  3.7028e+01     4.907376e-31
  3.7071e+01     4.327584e-31
  3.7114e+01     3.816294e-31
  3.7157e+01     3.365410e-31
  3.7200e+01     2.967797e-31
  3.7242e+01     2.617161e-31
  3.7285e+01     2.307952e-31
  3.7328e+01     2.035274e-31
  3.7371e+01     1.794813e-31
  3.7414e+01     1.582761e-31
  3.7457e+01     1.395763e-31
  3.7500e+01     1.230858e-31
  3.7542e+01     1.085436e-31
  3.7585e+01     9.571947e-32
  3.7628e+01     8.441051e-32
  3.7671e+01     7.443767e-32
  3.7714e+01     6.564308e-32
  3.7757e+01     5.788755e-32
  3.7800e+01     5.104832e-32
  3.7842e+01     4.501712e-32
  3.7885e+01     3.969848e-32
  3.7928e+01     3.500823e-32
  3.7971e+01     3.087211e-32
  3.8014e+01     2.722467e-32
  3.8057e+01     2.400816e-32
  3.8100e+01     2.117167e-32
  3.8142e+01     1.867030e-32
  3.8185e+01     1.646446e-32
  3.8228e+01     1.451923e-32
  3.8271e+01     1.280383e-32
  3.8314e+01     1.129110e-32
  3.8357e+01     9.957089e-33
  3.8400e+01     8.780690e-33
  3.8442e+01     7.743278e-33
  3.8485e+01     6.828434e-33
  3.8528e+01     6.021675e-33
  3.8571e+01     5.310233e-33
  3.8614e+01     4.682845e-33
  3.8657e+01     4.129581e-33
  3.8700e+01     3.641684e-33
  3.8742e+01     3.211430e-33
  3.8785e+01     2.832009e-33
  3.8828e+01     2.497416e-33
  3.8871e+01     2.202354e-33
  3.8914e+01     1.942153e-33
  3.8957e+01     1.712693e-33
  3.9000e+01     1.510344e-33
  3.9042e+01     1.331901e-33
  3.9085e+01     1.174541e-33
  3.9128e+01     1.035773e-33
  3.9171e+01     9.133994e-34
  3.9214e+01     8.054841e-34
  3.9257e+01     7.103186e-34
  3.9300e+01     6.263966e-34
  3.9342e+01     5.523898e-34
  3.9385e+01     4.871266e-34
  3.9428e+01     4.295741e-34
  3.9471e+01     3.788213e-34
  3.9514e+01     3.340647e-34
  3.9557e+01     2.945960e-34
  3.9600e+01     2.597904e-34
  3.9642e+01     2.290969e-34
  3.9685e+01     2.020298e-34
  3.9728e+01     1.781606e-34
  3.9771e+01     1.571115e-34
  3.9814e+01     1.385492e-34
  3.9857e+01     1.221801e-34
  3.9900e+01     1.077449e-34
  3.9942e+01     9.501515e-35
  3.9985e+01     8.378940e-35
  4.0028e+01     7.388994e-35
  4.0071e+01     6.516007e-35
  4.0114e+01     5.746161e-35
  4.0157e+01     5.067269e-35
  4.0200e+01     4.468587e-35
  4.0242e+01     3.940637e-35
  4.0285e+01     3.475063e-35
  4.0328e+01     3.064495e-35
  4.0371e+01     2.702434e-35
  4.0414e+01     2.383150e-35
  4.0457e+01     2.101588e-35
  4.0500e+01     1.853292e-35
  4.0542e+01     1.634331e-35
  4.0585e+01     1.441240e-35
  4.0628e+01     1.270962e-35
  4.0671e+01     1.120802e-35
  4.0714e+01     9.883823e-36
  4.0757e+01     8.716080e-36
  4.0800e+01     7.686301e-36
  4.0842e+01     6.778188e-36
  4.0885e+01     5.977366e-36
  4.0928e+01     5.271159e-36
  4.0971e+01     4.648387e-36
  4.1014e+01     4.099195e-36
  4.1057e+01     3.614887e-36
  4.1100e+01     3.187800e-36
  4.1142e+01     2.811171e-36
  4.1185e+01     2.479040e-36
  4.1228e+01     2.186149e-36
  4.1271e+01     1.927862e-36
  4.1314e+01     1.700091e-36
  4.1357e+01     1.499230e-36
  4.1400e+01     1.322101e-36
  4.1442e+01     1.165899e-36
  4.1485e+01     1.028151e-36
  4.1528e+01     9.066784e-37
  4.1571e+01     7.995572e-37
  4.1614e+01     7.050919e-37
  4.1657e+01     6.217875e-37
  4.1700e+01     5.483252e-37
  4.1742e+01     4.835423e-37
  4.1785e+01     4.264132e-37
  4.1828e+01     3.760338e-37
  4.1871e+01     3.316066e-37
  4.1914e+01     2.924283e-37
  4.1957e+01     2.578788e-37
  4.2000e+01     2.274112e-37
  4.2042e+01     2.005432e-37
  4.2085e+01     1.768497e-37
  4.2128e+01     1.559554e-37
  4.2171e+01     1.375298e-37
  4.2214e+01     1.212810e-37
  4.2257e+01     1.069521e-37
  4.2300e+01     9.431601e-38
  4.2342e+01     8.317286e-38
  4.2385e+01     7.334624e-38
  4.2428e+01     6.468061e-38
  4.2471e+01     5.703879e-38
  4.2514e+01     5.029983e-38
  4.2557e+01     4.435706e-38
  4.2600e+01     3.911641e-38
  4.2642e+01     3.449493e-38
  4.2685e+01     3.041946e-38
  4.2728e+01     2.682549e-38
  4.2771e+01     2.365614e-38
  4.2814e+01     2.086124e-38
  4.2857e+01     1.839655e-38
  4.2900e+01     1.622305e-38
  4.2942e+01     1.430635e-38
  4.2985e+01     1.261610e-38
  4.3028e+01     1.112554e-38
  4.3071e+01     9.811096e-39
  4.3114e+01     8.651945e-39
  4.3157e+01     7.629744e-39
  4.3200e+01     6.728313e-39
  4.3242e+01     5.933384e-39
  4.3285e+01     5.232372e-39
  4.3328e+01     4.614184e-39
  4.3371e+01     4.069032e-39
  4.3414e+01     3.588288e-39
  4.3457e+01     3.164343e-39
  4.3500e+01     2.790486e-39
  4.3542e+01     2.460798e-39
  4.3585e+01     2.170063e-39
  4.3628e+01     1.913676e-39
  4.3671e+01     1.687581e-39
  4.3714e+01     1.488199e-39
  4.3757e+01     1.312373e-39
  4.3800e+01     1.157320e-39
  4.3842e+01     1.020586e-39
  4.3885e+01     9.000069e-40
  4.3928e+01     7.936739e-40
  4.3971e+01     6.999037e-40
  4.4014e+01     6.172122e-40
  4.4057e+01     5.442905e-40
  4.4100e+01     4.799842e-40
  4.4142e+01     4.232756e-40
  4.4185e+01     3.732669e-40
  4.4228e+01     3.291665e-40
  4.4271e+01     2.902765e-40
  4.4314e+01     2.559812e-40
  4.4357e+01     2.257378e-40
  4.4400e+01     1.990676e-40
  4.4442e+01     1.755484e-40
  4.4485e+01     1.548079e-40
  4.4528e+01     1.365178e-40
  4.4571e+01     1.203886e-40
  4.4614e+01     1.061651e-40
  4.4657e+01     9.362201e-41
  4.4700e+01     8.256085e-41
  4.4742e+01     7.280654e-41
  4.4785e+01     6.420467e-41
  4.4828e+01     5.661909e-41
  4.4871e+01     4.992972e-41
  4.4914e+01     4.403067e-41
  4.4957e+01     3.882858e-41
  4.5000e+01     3.424111e-41
  4.5042e+01     3.019562e-41
  4.5085e+01     2.662810e-41
  4.5128e+01     2.348207e-41
  4.5171e+01     2.070774e-41
  4.5214e+01     1.826118e-41
  4.5257e+01     1.610368e-41
  4.5300e+01     1.420108e-41
  4.5342e+01     1.252327e-41
  4.5385e+01     1.104368e-41
  4.5428e+01     9.738903e-42
  4.5471e+01     8.588282e-42
  4.5514e+01     7.573603e-42
  4.5557e+01     6.678805e-42
  4.5600e+01     5.889724e-42
  4.5642e+01     5.193872e-42
  4.5685e+01     4.580232e-42
  4.5728e+01     4.039091e-42
  4.5771e+01     3.561885e-42
  4.5814e+01     3.141059e-42
  4.5857e+01     2.769953e-42
  4.5900e+01     2.442691e-42
  4.5942e+01     2.154095e-42
  4.5985e+01     1.899595e-42
  4.6028e+01     1.675164e-42
  4.6071e+01     1.477248e-42
  4.6114e+01     1.302716e-42
  4.6157e+01     1.148804e-42
  4.6200e+01     1.013076e-42
  4.6242e+01     8.933845e-43
  4.6285e+01     7.878338e-43
  4.6328e+01     6.947537e-43
  4.6371e+01     6.126707e-43
  4.6414e+01     5.402855e-43
  4.6457e+01     4.764524e-43
  4.6500e+01     4.201610e-43
  4.6542e+01     3.705203e-43
  4.6585e+01     3.267445e-43
  4.6628e+01     2.881406e-43
  4.6671e+01     2.540977e-43
  4.6714e+01     2.240768e-43
  4.6757e+01     1.976028e-43
  4.6800e+01     1.742567e-43
  4.6842e+01     1.536688e-43
  4.6885e+01     1.355133e-43
  4.6928e+01     1.195028e-43
  4.6971e+01     1.053839e-43
  4.7014e+01     9.293312e-44
  4.7057e+01     8.195335e-44
  4.7100e+01     7.227082e-44
  4.7142e+01     6.373224e-44
  4.7185e+01     5.620247e-44
  4.7228e+01     4.956232e-44
  4.7271e+01     4.370669e-44
  4.7314e+01     3.854287e-44
  4.7357e+01     3.398915e-44
  4.7400e+01     2.997344e-44
  4.7442e+01     2.643217e-44
  4.7485e+01     2.330929e-44
  4.7528e+01     2.055537e-44
  4.7571e+01     1.812681e-44
  4.7614e+01     1.598519e-44
  4.7657e+01     1.409659e-44
  4.7700e+01     1.243112e-44
  4.7742e+01     1.096242e-44
  4.7785e+01     9.667243e-45
  4.7828e+01     8.525087e-45
  4.7871e+01     7.517875e-45
  4.7914e+01     6.629661e-45
  4.7957e+01     5.846387e-45
  4.8000e+01     5.155654e-45
  4.8042e+01     4.546529e-45
  4.8085e+01     4.009371e-45
  4.8128e+01     3.535676e-45
  4.8171e+01     3.117947e-45
  4.8214e+01     2.749571e-45
  4.8257e+01     2.424717e-45
  4.8300e+01     2.138244e-45
  4.8342e+01     1.885617e-45
  4.8385e+01     1.662838e-45
  4.8428e+01     1.466378e-45
  4.8471e+01     1.293130e-45
  4.8514e+01     1.140351e-45
  4.8557e+01     1.005622e-45
  4.8600e+01     8.868108e-46
  4.8642e+01     7.820368e-46
  4.8685e+01     6.896415e-46
  4.8728e+01     6.081625e-46
  4.8771e+01     5.363100e-46
  4.8814e+01     4.729466e-46
  4.8857e+01     4.170694e-46
  4.8900e+01     3.677939e-46
  4.8942e+01     3.243402e-46
  4.8985e+01     2.860204e-46
  4.9028e+01     2.522280e-46
  4.9071e+01     2.224280e-46
  4.9114e+01     1.961488e-46
  4.9157e+01     1.729744e-46
  4.9200e+01     1.525380e-46
  4.9242e+01     1.345161e-46
  4.9285e+01     1.186235e-46
  4.9328e+01     1.046085e-46
  4.9371e+01     9.224930e-47
  4.9414e+01     8.135032e-47
  4.9457e+01     7.173903e-47
  4.9500e+01     6.326329e-47
  4.9542e+01     5.578892e-47
  4.9585e+01     4.919763e-47
  4.9628e+01     4.338508e-47
  4.9671e+01     3.825927e-47
  4.9714e+01     3.373905e-47
  4.9757e+01     2.975289e-47
  4.9800e+01     2.623767e-47
  4.9842e+01     2.313777e-47
  4.9885e+01     2.040412e-47
  4.9928e+01     1.799343e-47
  4.9971e+01     1.586756e-47
  5.0014e+01     1.399286e-47
  5.0057e+01     1.233965e-47
  5.0100e+01     1.088175e-47
  5.0142e+01     9.596109e-48
  5.0185e+01     8.462358e-48
  5.0228e+01     7.462556e-48
  5.0271e+01     6.580878e-48
  5.0314e+01     5.803368e-48
  5.0357e+01     5.117718e-48
  5.0400e+01     4.513075e-48
  5.0442e+01     3.979869e-48
  5.0485e+01     3.509660e-48
  5.0528e+01     3.095004e-48
  5.0571e+01     2.729339e-48
  5.0614e+01     2.406876e-48
  5.0657e+01     2.122511e-48
  5.0700e+01     1.871743e-48
  5.0742e+01     1.650602e-48
  5.0785e+01     1.455588e-48
  5.0828e+01     1.283615e-48
  5.0871e+01     1.131960e-48
  5.0914e+01     9.982223e-49
  5.0957e+01     8.802854e-49
  5.1000e+01     7.762824e-49
  5.1042e+01     6.845670e-49
  5.1085e+01     6.036875e-49
  5.1128e+01     5.323637e-49
  5.1171e+01     4.694665e-49
  5.1214e+01     4.140005e-49
  5.1257e+01     3.650876e-49
  5.1300e+01     3.219536e-49
  5.1342e+01     2.839158e-49
  5.1385e+01     2.503720e-49
  5.1428e+01     2.207913e-49
  5.1471e+01     1.947055e-49
  5.1514e+01     1.717017e-49
  5.1557e+01     1.514156e-49
  5.1600e+01     1.335263e-49
  5.1642e+01     1.177506e-49
  5.1685e+01     1.038387e-49
  5.1728e+01     9.157051e-50
  5.1771e+01     8.075173e-50
  5.1814e+01     7.121116e-50
  5.1857e+01     6.279778e-50
  5.1900e+01     5.537842e-50
  5.1942e+01     4.883563e-50
  5.1985e+01     4.306585e-50
  5.2028e+01     3.797775e-50
  5.2071e+01     3.349079e-50
  5.2114e+01     2.953396e-50
  5.2157e+01     2.604461e-50
  5.2200e+01     2.296752e-50
  5.2242e+01     2.025398e-50
  5.2285e+01     1.786103e-50
  5.2328e+01     1.575081e-50
  5.2371e+01     1.388990e-50
  5.2414e+01     1.224885e-50
  5.2457e+01     1.080168e-50
  5.2500e+01     9.525499e-51
  5.2542e+01     8.400090e-51
  5.2585e+01     7.407645e-51
  5.2628e+01     6.532455e-51
  5.2671e+01     5.760665e-51
  5.2714e+01     5.080060e-51
  5.2757e+01     4.479867e-51
  5.2800e+01     3.950584e-51
  5.2842e+01     3.483835e-51
  5.2885e+01     3.072230e-51
  5.2928e+01     2.709256e-51
  5.2971e+01     2.389165e-51
  5.3014e+01     2.106893e-51
  5.3057e+01     1.857970e-51
  5.3100e+01     1.638457e-51
  5.3142e+01     1.444878e-51
  5.3185e+01     1.274170e-51
  5.3228e+01     1.123631e-51
  5.3271e+01     9.908772e-52
  5.3314e+01     8.738081e-52
  5.3357e+01     7.705703e-52
  5.3400e+01     6.795298e-52
  5.3442e+01     5.992454e-52
  5.3485e+01     5.284464e-52
  5.3528e+01     4.660121e-52
  5.3571e+01     4.109542e-52
  5.3614e+01     3.624012e-52
  5.3657e+01     3.195846e-52
  5.3700e+01     2.818267e-52
  5.3742e+01     2.485297e-52
  5.3785e+01     2.191667e-52
  5.3828e+01     1.932728e-52
  5.3871e+01     1.704382e-52
  5.3914e+01     1.503015e-52
  5.3957e+01     1.325438e-52
  5.4000e+01     1.168842e-52
  5.4042e+01     1.030747e-52
  5.4085e+01     9.089671e-53
  5.4128e+01     8.015754e-53
  5.4171e+01     7.068717e-53
  5.4214e+01     6.233570e-53
  5.4257e+01     5.497093e-53
  5.4300e+01     4.847628e-53
  5.4342e+01     4.274896e-53
  5.4385e+01     3.769830e-53
  5.4428e+01     3.324436e-53
  5.4471e+01     2.931664e-53
  5.4514e+01     2.585297e-53
  5.4557e+01     2.279852e-53
  5.4600e+01     2.010495e-53
  5.4642e+01     1.772961e-53
  5.4685e+01     1.563491e-53
  5.4728e+01     1.378769e-53
  5.4771e+01     1.215872e-53
  5.4814e+01     1.072220e-53
  5.4857e+01     9.455408e-54
  5.4900e+01     8.338281e-54
  5.4942e+01     7.353138e-54
  5.4985e+01     6.484388e-54
  5.5028e+01     5.718277e-54
  5.5071e+01     5.042680e-54
  5.5114e+01     4.446903e-54
  5.5157e+01     3.921515e-54
  5.5200e+01     3.458200e-54
  5.5242e+01     3.049624e-54
  5.5285e+01     2.689320e-54
  5.5328e+01     2.371585e-54
  5.5371e+01     2.091390e-54
  5.5414e+01     1.844299e-54
  5.5457e+01     1.626400e-54
  5.5500e+01     1.434246e-54
  5.5542e+01     1.264794e-54
  5.5585e+01     1.115363e-54
  5.5628e+01     9.835861e-55
  5.5671e+01     8.673784e-55
  5.5714e+01     7.649003e-55
  5.5757e+01     6.745297e-55
  5.5800e+01     5.948361e-55
  5.5842e+01     5.245580e-55
  5.5885e+01     4.625831e-55
  5.5928e+01     4.079303e-55
  5.5971e+01     3.597346e-55
  5.6014e+01     3.172331e-55
  5.6057e+01     2.797529e-55
  5.6100e+01     2.467010e-55
  5.6142e+01     2.175540e-55
  5.6185e+01     1.918507e-55
  5.6228e+01     1.691841e-55
  5.6271e+01     1.491955e-55
  5.6314e+01     1.315685e-55
  5.6357e+01     1.160241e-55
  5.6400e+01     1.023162e-55
  5.6442e+01     9.022787e-56
  5.6485e+01     7.956773e-56
  5.6528e+01     7.016704e-56
  5.6571e+01     6.187702e-56
  5.6614e+01     5.456644e-56
  5.6657e+01     4.811958e-56
  5.6700e+01     4.243440e-56
  5.6742e+01     3.742091e-56
  5.6785e+01     3.299974e-56
  5.6828e+01     2.910092e-56
  5.6871e+01     2.566274e-56
  5.6914e+01     2.263076e-56
  5.6957e+01     1.995701e-56
  5.7000e+01     1.759915e-56
  5.7042e+01     1.551986e-56
  5.7085e+01     1.368624e-56
  5.7128e+01     1.206925e-56
  5.7171e+01     1.064331e-56
  5.7214e+01     9.385833e-57
  5.7257e+01     8.276926e-57
  5.7300e+01     7.299032e-57
  5.7342e+01     6.436674e-57
  5.7385e+01     5.676201e-57
  5.7428e+01     5.005575e-57
  5.7471e+01     4.414182e-57
  5.7514e+01     3.892660e-57
  5.7557e+01     3.432754e-57
  5.7600e+01     3.027184e-57
  5.7642e+01     2.669532e-57
  5.7685e+01     2.354135e-57
  5.7728e+01     2.076001e-57
  5.7771e+01     1.830728e-57
  5.7814e+01     1.614433e-57
  5.7857e+01     1.423693e-57
  5.7900e+01     1.255488e-57
  5.7942e+01     1.107156e-57
  5.7985e+01     9.763487e-58
  5.8028e+01     8.609961e-58
  5.8071e+01     7.592720e-58
  5.8114e+01     6.695664e-58
  5.8157e+01     5.904591e-58
  5.8200e+01     5.206982e-58
  5.8242e+01     4.591793e-58
  5.8285e+01     4.049287e-58
  5.8328e+01     3.570876e-58
  5.8371e+01     3.148988e-58
  5.8414e+01     2.776945e-58
  5.8457e+01     2.448857e-58
  5.8500e+01     2.159532e-58
  5.8542e+01     1.904390e-58
  5.8585e+01     1.679392e-58
  5.8628e+01     1.480977e-58
  5.8671e+01     1.306004e-58
  5.8714e+01     1.151704e-58
  5.8757e+01     1.015634e-58
  5.8800e+01     8.956396e-59
  5.8842e+01     7.898225e-59
  5.8885e+01     6.965074e-59
  5.8928e+01     6.142172e-59
  5.8971e+01     5.416493e-59
  5.9014e+01     4.776551e-59
  5.9057e+01     4.212216e-59
  5.9100e+01     3.714556e-59
  5.9142e+01     3.275692e-59
  5.9185e+01     2.888679e-59
  5.9228e+01     2.547391e-59
  5.9271e+01     2.246424e-59
  5.9314e+01     1.981016e-59
  5.9357e+01     1.746965e-59
  5.9400e+01     1.540567e-59
  5.9442e+01     1.358553e-59
  5.9485e+01     1.198044e-59
  5.9528e+01     1.056499e-59
  5.9571e+01     9.316770e-60
  5.9614e+01     8.216022e-60
  5.9657e+01     7.245324e-60
  5.9700e+01     6.389312e-60
  5.9742e+01     5.634434e-60
  5.9785e+01     4.968743e-60
  5.9828e+01     4.381701e-60
  5.9871e+01     3.864017e-60
  5.9914e+01     3.407495e-60
  5.9957e+01     3.004910e-60
