# Epidemic | incidence [ x-unit: transmission cycles | y-unit: ]
  3.0000e-01     1.003193e-05
  3.4286e-01     1.012832e-05
  3.8571e-01     1.022564e-05
  4.2857e-01     1.032389e-05
  4.7143e-01     1.042309e-05
  5.1429e-01     1.052324e-05
  5.5714e-01     1.062435e-05
  6.0000e-01     1.072643e-05
  6.4286e-01     1.082950e-05
  6.8571e-01     1.093355e-05
  7.2857e-01     1.103860e-05
  7.7143e-01     1.114467e-05
  8.1429e-01     1.125175e-05
  8.5714e-01     1.135986e-05
  9.0000e-01     1.146901e-05
  9.4286e-01     1.157920e-05
  9.8571e-01     1.169046e-05
  1.0285e+00     1.180278e-05
  1.0714e+00     1.191618e-05
  1.1142e+00     1.203068e-05
  1.1571e+00     1.214627e-05
  1.2000e+00     1.226297e-05
  1.2428e+00     1.238079e-05
  1.2857e+00     1.249975e-05
  1.3285e+00     1.261984e-05
  1.3714e+00     1.274110e-05
  1.4142e+00     1.286351e-05
  1.4571e+00     1.298710e-05
  1.5000e+00     1.311188e-05
  1.5428e+00     1.323786e-05
  1.5857e+00     1.336504e-05
  1.6285e+00     1.349345e-05
  1.6714e+00     1.362309e-05
  1.7142e+00     1.375398e-05
  1.7571e+00     1.388612e-05
  1.8000e+00     1.401953e-05
  1.8428e+00     1.415423e-05
  1.8857e+00     1.429022e-05
  1.9285e+00     1.442751e-05
  1.9714e+00     1.456612e-05
  2.0142e+00     1.470607e-05
  2.0571e+00     1.484735e-05
  2.1000e+00     1.499000e-05
  2.1428e+00     1.513401e-05
  2.1857e+00     1.527941e-05
  2.2285e+00     1.542620e-05
  2.2714e+00     1.557441e-05
  2.3142e+00     1.572403e-05
  2.3571e+00     1.587510e-05
  2.4000e+00     1.602761e-05
  2.4428e+00     1.618159e-05
  2.4857e+00     1.633705e-05
  2.5285e+00     1.649400e-05
  2.5714e+00     1.665246e-05
  2.6142e+00     1.681243e-05
  2.6571e+00     1.697395e-05
  2.7000e+00     1.713702e-05
  2.7428e+00     1.730165e-05
  2.7857e+00     1.746786e-05
  2.8285e+00     1.763567e-05
  2.8714e+00     1.780509e-05
  2.9142e+00     1.797614e-05
  2.9571e+00     1.814883e-05
  3.0000e+00     1.832318e-05
  3.0428e+00     1.849920e-05
  3.0857e+00     1.867691e-05
  3.1285e+00     1.885633e-05
  3.1714e+00     1.903748e-05
  3.2142e+00     1.922036e-05
  3.2571e+00     1.940499e-05
  3.3000e+00     1.959140e-05
  3.3428e+00     1.977960e-05
  3.3857e+00     1.996961e-05
  3.4285e+00     2.016144e-05
  3.4714e+00     2.035511e-05
  3.5142e+00     2.055065e-05
  3.5571e+00     2.074806e-05
  3.6000e+00     2.094736e-05
  3.6428e+00     2.114858e-05
  3.6857e+00     2.135173e-05
  3.7285e+00     2.155683e-05
  3.7714e+00     2.176390e-05
  3.8142e+00     2.197296e-05
  3.8571e+00     2.218402e-05
  3.9000e+00     2.239711e-05
  3.9428e+00     2.261225e-05
  3.9857e+00     2.282945e-05
  4.0285e+00     2.304874e-05
  4.0714e+00     2.327013e-05
  4.1142e+00     2.349365e-05
  4.1571e+00     2.371931e-05
  4.2000e+00     2.394714e-05
  4.2428e+00     2.417716e-05
  4.2857e+00     2.440938e-05
  4.3285e+00     2.464384e-05
  4.3714e+00     2.488054e-05
  4.4142e+00     2.511952e-05
  4.4571e+00     2.536079e-05
  4.5000e+00     2.560437e-05
  4.5428e+00     2.585030e-05
  4.5857e+00     2.609858e-05
  4.6285e+00     2.634925e-05
  4.6714e+00     2.660232e-05
  4.7142e+00     2.685783e-05
  4.7571e+00     2.711578e-05
  4.8000e+00     2.737621e-05
  4.8428e+00     2.763914e-05
  4.8857e+00     2.790460e-05
  4.9285e+00     2.817260e-05
  4.9714e+00     2.844317e-05
  5.0142e+00     2.871634e-05
  5.0571e+00     2.899214e-05
  5.1000e+00     2.927057e-05
  5.1428e+00     2.955169e-05
  5.1857e+00     2.983549e-05
  5.2285e+00     3.012203e-05
  5.2714e+00     3.041131e-05
  5.3142e+00     3.070337e-05
  5.3571e+00     3.099823e-05
  5.4000e+00     3.129592e-05
  5.4428e+00     3.159646e-05
  5.4857e+00     3.189989e-05
  5.5285e+00     3.220624e-05
  5.5714e+00     3.251552e-05
  5.6142e+00     3.282777e-05
  5.6571e+00     3.314301e-05
  5.7000e+00     3.346128e-05
  5.7428e+00     3.378261e-05
  5.7857e+00     3.410702e-05
  5.8285e+00     3.443453e-05
  5.8714e+00     3.476520e-05
  5.9142e+00     3.509903e-05
  5.9571e+00     3.543607e-05
  6.0000e+00     3.577634e-05
  6.0428e+00     3.611987e-05
  6.0857e+00     3.646670e-05
  6.1285e+00     3.681686e-05
  6.1714e+00     3.717038e-05
  6.2142e+00     3.752729e-05
  6.2571e+00     3.788762e-05
  6.3000e+00     3.825141e-05
  6.3428e+00     3.861869e-05
  6.3857e+00     3.898949e-05
  6.4285e+00     3.936384e-05
  6.4714e+00     3.974179e-05
  6.5142e+00     4.012337e-05
  6.5571e+00     4.050860e-05
  6.6000e+00     4.089753e-05
  6.6428e+00     4.129019e-05
  6.6857e+00     4.168661e-05
  6.7285e+00     4.208684e-05
  6.7714e+00     4.249091e-05
  6.8142e+00     4.289885e-05
  6.8571e+00     4.331070e-05
  6.9000e+00     4.372650e-05
  6.9428e+00     4.414629e-05
  6.9857e+00     4.457011e-05
  7.0285e+00     4.499799e-05
  7.0714e+00     4.542997e-05
  7.1142e+00     4.586610e-05
  7.1571e+00     4.630640e-05
  7.2000e+00     4.675093e-05
  7.2428e+00     4.719972e-05
  7.2857e+00     4.765282e-05
  7.3285e+00     4.811025e-05
  7.3714e+00     4.857208e-05
  7.4142e+00     4.903833e-05
  7.4571e+00     4.950905e-05
  7.5000e+00     4.998429e-05
  7.5428e+00     5.046408e-05
  7.5857e+00     5.094847e-05
  7.6285e+00     5.143750e-05
  7.6714e+00     5.193122e-05
  7.7142e+00     5.242968e-05
  7.7571e+00     5.293291e-05
  7.8000e+00     5.344097e-05
  7.8428e+00     5.395389e-05
  7.8857e+00     5.447173e-05
  7.9285e+00     5.499454e-05
  7.9714e+00     5.552236e-05
  8.0142e+00     5.605523e-05
  8.0571e+00     5.659321e-05
  8.1000e+00     5.713635e-05
  8.1428e+00     5.768469e-05
  8.1857e+00     5.823829e-05
  8.2285e+00     5.879719e-05
  8.2714e+00     5.936145e-05
  8.3142e+00     5.993111e-05
  8.3571e+00     6.050624e-05
  8.4000e+00     6.108687e-05
  8.4428e+00     6.167307e-05
  8.4857e+00     6.226488e-05
  8.5285e+00     6.286236e-05
  8.5714e+00     6.346557e-05
  8.6142e+00     6.407456e-05
  8.6571e+00     6.468938e-05
  8.7000e+00     6.531009e-05
  8.7428e+00     6.593675e-05
  8.7857e+00     6.656940e-05
  8.8285e+00     6.720812e-05
  8.8714e+00     6.785296e-05
  8.9142e+00     6.850397e-05
  8.9571e+00     6.916122e-05
  9.0000e+00     6.982477e-05
  9.0428e+00     7.049466e-05
  9.0857e+00     7.117098e-05
  9.1285e+00     7.185377e-05
  9.1714e+00     7.254310e-05
  9.2142e+00     7.323903e-05
  9.2571e+00     7.394162e-05
  9.3000e+00     7.465094e-05
  9.3428e+00     7.536705e-05
  9.3857e+00     7.609002e-05
  9.4285e+00     7.681991e-05
  9.4714e+00     7.755679e-05
  9.5142e+00     7.830072e-05
  9.5571e+00     7.905178e-05
  9.6000e+00     7.981002e-05
  9.6428e+00     8.057552e-05
  9.6857e+00     8.134835e-05
  9.7285e+00     8.212858e-05
  9.7714e+00     8.291627e-05
  9.8142e+00     8.371151e-05
  9.8571e+00     8.451435e-05
  9.9000e+00     8.532488e-05
  9.9428e+00     8.614316e-05
  9.9857e+00     8.696927e-05
  1.0028e+01     8.780329e-05
  1.0071e+01     8.864529e-05
  1.0114e+01     8.949535e-05
  1.0157e+01     9.035353e-05
  1.0200e+01     9.121993e-05
  1.0242e+01     9.209462e-05
  1.0285e+01     9.297767e-05
  1.0328e+01     9.386917e-05
  1.0371e+01     9.476920e-05
  1.0414e+01     9.567784e-05
  1.0457e+01     9.659517e-05
  1.0500e+01     9.752127e-05
  1.0542e+01     9.845623e-05
  1.0585e+01     9.940013e-05
  1.0628e+01     1.003531e-04
  1.0671e+01     1.013151e-04
  1.0714e+01     1.022863e-04
  1.0757e+01     1.032669e-04
  1.0800e+01     1.042568e-04
  1.0842e+01     1.052561e-04
  1.0885e+01     1.062650e-04
  1.0928e+01     1.072836e-04
  1.0971e+01     1.083119e-04
  1.1014e+01     1.093500e-04
  1.1057e+01     1.103981e-04
  1.1100e+01     1.114561e-04
  1.1142e+01     1.125243e-04
  1.1185e+01     1.136027e-04
  1.1228e+01     1.146914e-04
  1.1271e+01     1.157905e-04
  1.1314e+01     1.169001e-04
  1.1357e+01     1.180203e-04
  1.1400e+01     1.191511e-04
  1.1442e+01     1.202928e-04
  1.1485e+01     1.214455e-04
  1.1528e+01     1.226091e-04
  1.1571e+01     1.237838e-04
  1.1614e+01     1.249697e-04
  1.1657e+01     1.261670e-04
  1.1700e+01     1.273757e-04
  1.1742e+01     1.285960e-04
  1.1785e+01     1.298279e-04
  1.1828e+01     1.310716e-04
  1.1871e+01     1.323271e-04
  1.1914e+01     1.335946e-04
  1.1957e+01     1.348742e-04
  1.2000e+01     1.361661e-04
  1.2042e+01     1.374702e-04
  1.2085e+01     1.387869e-04
  1.2128e+01     1.401160e-04
  1.2171e+01     1.414579e-04
  1.2214e+01     1.428126e-04
  1.2257e+01     1.441802e-04
  1.2300e+01     1.455608e-04
  1.2342e+01     1.469546e-04
  1.2385e+01     1.483618e-04
  1.2428e+01     1.497823e-04
  1.2471e+01     1.512164e-04
  1.2514e+01     1.526641e-04
  1.2557e+01     1.541257e-04
  1.2600e+01     1.556012e-04
  1.2642e+01     1.570908e-04
  1.2685e+01     1.585946e-04
  1.2728e+01     1.601127e-04
  1.2771e+01     1.616453e-04
  1.2814e+01     1.631925e-04
  1.2857e+01     1.647544e-04
  1.2900e+01     1.663312e-04
  1.2942e+01     1.679231e-04
  1.2985e+01     1.695301e-04
  1.3028e+01     1.711525e-04
  1.3071e+01     1.727903e-04
  1.3114e+01     1.744437e-04
  1.3157e+01     1.761128e-04
  1.3200e+01     1.777979e-04
  1.3242e+01     1.794990e-04
  1.3285e+01     1.812163e-04
  1.3328e+01     1.829499e-04
  1.3371e+01     1.847001e-04
  1.3414e+01     1.864669e-04
  1.3457e+01     1.882505e-04
  1.3500e+01     1.900512e-04
  1.3542e+01     1.918689e-04
  1.3585e+01     1.937040e-04
  1.3628e+01     1.955565e-04
  1.3671e+01     1.974267e-04
  1.3714e+01     1.993146e-04
  1.3757e+01     2.012205e-04
  1.3800e+01     2.031446e-04
  1.3842e+01     2.050869e-04
  1.3885e+01     2.070477e-04
  1.3928e+01     2.090272e-04
  1.3971e+01     2.110255e-04
  1.4014e+01     2.130428e-04
  1.4057e+01     2.150793e-04
  1.4100e+01     2.171351e-04
  1.4142e+01     2.192105e-04
  1.4185e+01     2.213056e-04
  1.4228e+01     2.234206e-04
  1.4271e+01     2.255557e-04
  1.4314e+01     2.277110e-04
  1.4357e+01     2.298869e-04
  1.4400e+01     2.320834e-04
  1.4442e+01     2.343008e-04
  1.4485e+01     2.365393e-04
  1.4528e+01     2.387990e-04
  1.4571e+01     2.410802e-04
  1.4614e+01     2.433830e-04
  1.4657e+01     2.457077e-04
  1.4700e+01     2.480544e-04
  1.4742e+01     2.504234e-04
  1.4785e+01     2.528149e-04
  1.4828e+01     2.552291e-04
  1.4871e+01     2.576662e-04
  1.4914e+01     2.601264e-04
  1.4957e+01     2.626099e-04
  1.5000e+01     2.651170e-04
  1.5042e+01     2.676479e-04
  1.5085e+01     2.702027e-04
  1.5128e+01     2.727818e-04
  1.5171e+01     2.753853e-04
  1.5214e+01     2.780135e-04
  1.5257e+01     2.806666e-04
  1.5300e+01     2.833448e-04
  1.5342e+01     2.860484e-04
  1.5385e+01     2.887776e-04
  1.5428e+01     2.915327e-04
  1.5471e+01     2.943138e-04
  1.5514e+01     2.971213e-04
  1.5557e+01     2.999553e-04
  1.5600e+01     3.028162e-04
  1.5642e+01     3.057041e-04
  1.5685e+01     3.086194e-04
  1.5728e+01     3.115622e-04
  1.5771e+01     3.145329e-04
  1.5814e+01     3.175317e-04
  1.5857e+01     3.205588e-04
  1.5900e+01     3.236145e-04
  1.5942e+01     3.266992e-04
  1.5985e+01     3.298130e-04
  1.6028e+01     3.329562e-04
  1.6071e+01     3.361291e-04
  1.6114e+01     3.393320e-04
  1.6157e+01     3.425651e-04
  1.6200e+01     3.458288e-04
  1.6242e+01     3.491233e-04
  1.6285e+01     3.524489e-04
  1.6328e+01     3.558059e-04
  1.6371e+01     3.591945e-04
  1.6414e+01     3.626152e-04
  1.6457e+01     3.660681e-04
  1.6500e+01     3.695535e-04
  1.6542e+01     3.730719e-04
  1.6585e+01     3.766234e-04
  1.6628e+01     3.802084e-04
  1.6671e+01     3.838272e-04
  1.6714e+01     3.874800e-04
  1.6757e+01     3.911673e-04
  1.6800e+01     3.948894e-04
  1.6842e+01     3.986465e-04
  1.6885e+01     4.024389e-04
  1.6928e+01     4.062671e-04
  1.6971e+01     4.101313e-04
  1.7014e+01     4.140319e-04
  1.7057e+01     4.179691e-04
  1.7100e+01     4.219434e-04
  1.7142e+01     4.259551e-04
  1.7185e+01     4.300045e-04
  1.7228e+01     4.340919e-04
  1.7271e+01     4.382178e-04
  1.7314e+01     4.423824e-04
  1.7357e+01     4.465862e-04
  1.7400e+01     4.508295e-04
  1.7442e+01     4.551126e-04
  1.7485e+01     4.594359e-04
  1.7528e+01     4.637997e-04
  1.7571e+01     4.682046e-04
  1.7614e+01     4.726507e-04
  1.7657e+01     4.771386e-04
  1.7700e+01     4.816685e-04
  1.7742e+01     4.862410e-04
  1.7785e+01     4.908562e-04
  1.7828e+01     4.955147e-04
  1.7871e+01     5.002169e-04
  1.7914e+01     5.049631e-04
  1.7957e+01     5.097537e-04
  1.8000e+01     5.145892e-04
  1.8042e+01     5.194699e-04
  1.8085e+01     5.243963e-04
  1.8128e+01     5.293688e-04
  1.8171e+01     5.343878e-04
  1.8214e+01     5.394537e-04
  1.8257e+01     5.445669e-04
  1.8300e+01     5.497280e-04
  1.8342e+01     5.549372e-04
  1.8385e+01     5.601951e-04
  1.8428e+01     5.655021e-04
  1.8471e+01     5.708586e-04
  1.8514e+01     5.762650e-04
  1.8557e+01     5.817220e-04
  1.8600e+01     5.872297e-04
  1.8642e+01     5.927889e-04
  1.8685e+01     5.983999e-04
  1.8728e+01     6.040631e-04
  1.8771e+01     6.097791e-04
  1.8814e+01     6.155483e-04
  1.8857e+01     6.213712e-04
  1.8900e+01     6.272483e-04
  1.8942e+01     6.331800e-04
  1.8985e+01     6.391670e-04
  1.9028e+01     6.452095e-04
  1.9071e+01     6.513083e-04
  1.9114e+01     6.574637e-04
  1.9157e+01     6.636762e-04
  1.9200e+01     6.699465e-04
  1.9242e+01     6.762749e-04
  1.9285e+01     6.826621e-04
  1.9328e+01     6.891085e-04
  1.9371e+01     6.956147e-04
  1.9414e+01     7.021811e-04
  1.9457e+01     7.088085e-04
  1.9500e+01     7.154971e-04
  1.9542e+01     7.222478e-04
  1.9585e+01     7.290609e-04
  1.9628e+01     7.359370e-04
  1.9671e+01     7.428767e-04
  1.9714e+01     7.498806e-04
  1.9757e+01     7.569492e-04
  1.9800e+01     7.640831e-04
  1.9842e+01     7.712829e-04
  1.9885e+01     7.785491e-04
  1.9928e+01     7.858824e-04
  1.9971e+01     7.932833e-04
  2.0014e+01     8.007524e-04
  2.0057e+01     8.082904e-04
  2.0100e+01     8.158978e-04
  2.0142e+01     8.235752e-04
  2.0185e+01     8.313234e-04
  2.0228e+01     8.391428e-04
  2.0271e+01     8.470341e-04
  2.0314e+01     8.549980e-04
  2.0357e+01     8.630350e-04
  2.0400e+01     8.711458e-04
  2.0442e+01     8.793311e-04
  2.0485e+01     8.875915e-04
  2.0528e+01     8.959277e-04
  2.0571e+01     9.043403e-04
  2.0614e+01     9.128300e-04
  2.0657e+01     9.213975e-04
  2.0700e+01     9.300433e-04
  2.0742e+01     9.387683e-04
  2.0785e+01     9.475731e-04
  2.0828e+01     9.564584e-04
  2.0871e+01     9.654249e-04
  2.0914e+01     9.744732e-04
  2.0957e+01     9.836041e-04
  2.1000e+01     9.928184e-04
  2.1042e+01     1.002117e-03
  2.1085e+01     1.011500e-03
  2.1128e+01     1.020968e-03
  2.1171e+01     1.030523e-03
  2.1214e+01     1.040164e-03
  2.1257e+01     1.049894e-03
  2.1300e+01     1.059711e-03
  2.1342e+01     1.069618e-03
  2.1385e+01     1.079615e-03
  2.1428e+01     1.089703e-03
  2.1471e+01     1.099882e-03
  2.1514e+01     1.110153e-03
  2.1557e+01     1.120518e-03
  2.1600e+01     1.130976e-03
  2.1642e+01     1.141529e-03
  2.1685e+01     1.152177e-03
  2.1728e+01     1.162922e-03
  2.1771e+01     1.173763e-03
  2.1814e+01     1.184703e-03
  2.1857e+01     1.195741e-03
  2.1900e+01     1.206878e-03
  2.1942e+01     1.218116e-03
  2.1985e+01     1.229455e-03
  2.2028e+01     1.240896e-03
  2.2071e+01     1.252440e-03
  2.2114e+01     1.264088e-03
  2.2157e+01     1.275841e-03
  2.2200e+01     1.287698e-03
  2.2242e+01     1.299663e-03
  2.2285e+01     1.311734e-03
  2.2328e+01     1.323913e-03
  2.2371e+01     1.336202e-03
  2.2414e+01     1.348600e-03
  2.2457e+01     1.361109e-03
  2.2500e+01     1.373730e-03
  2.2542e+01     1.386464e-03
  2.2585e+01     1.399311e-03
  2.2628e+01     1.412272e-03
  2.2671e+01     1.425349e-03
  2.2714e+01     1.438542e-03
  2.2757e+01     1.451853e-03
  2.2800e+01     1.465282e-03
  2.2842e+01     1.478830e-03
  2.2885e+01     1.492498e-03
  2.2928e+01     1.506287e-03
  2.2971e+01     1.520198e-03
  2.3014e+01     1.534233e-03
  2.3057e+01     1.548391e-03
  2.3100e+01     1.562674e-03
  2.3142e+01     1.577084e-03
  2.3185e+01     1.591621e-03
  2.3228e+01     1.606285e-03
  2.3271e+01     1.621079e-03
  2.3314e+01     1.636003e-03
  2.3357e+01     1.651058e-03
  2.3400e+01     1.666245e-03
  2.3442e+01     1.681565e-03
  2.3485e+01     1.697020e-03
  2.3528e+01     1.712610e-03
  2.3571e+01     1.728336e-03
  2.3614e+01     1.744200e-03
  2.3657e+01     1.760202e-03
  2.3700e+01     1.776344e-03
  2.3742e+01     1.792626e-03
  2.3785e+01     1.809050e-03
  2.3828e+01     1.825617e-03
  2.3871e+01     1.842328e-03
  2.3914e+01     1.859184e-03
  2.3957e+01     1.876186e-03
  2.4000e+01     1.893335e-03
  2.4042e+01     1.910633e-03
  2.4085e+01     1.928080e-03
  2.4128e+01     1.945677e-03
  2.4171e+01     1.963427e-03
  2.4214e+01     1.981329e-03
  2.4257e+01     1.999385e-03
  2.4300e+01     2.017597e-03
  2.4342e+01     2.035964e-03
  2.4385e+01     2.054490e-03
  2.4428e+01     2.073174e-03
  2.4471e+01     2.092018e-03
  2.4514e+01     2.111022e-03
  2.4557e+01     2.130189e-03
  2.4600e+01     2.149520e-03
  2.4642e+01     2.169015e-03
  2.4685e+01     2.188676e-03
  2.4728e+01     2.208503e-03
  2.4771e+01     2.228499e-03
  2.4814e+01     2.248665e-03
  2.4857e+01     2.269001e-03
  2.4900e+01     2.289508e-03
  2.4942e+01     2.310189e-03
  2.4985e+01     2.331044e-03
  2.5028e+01     2.352075e-03
  2.5071e+01     2.373282e-03
  2.5114e+01     2.394667e-03
  2.5157e+01     2.416232e-03
  2.5200e+01     2.437977e-03
  2.5242e+01     2.459904e-03
  2.5285e+01     2.482013e-03
  2.5328e+01     2.504307e-03
  2.5371e+01     2.526787e-03
  2.5414e+01     2.549453e-03
  2.5457e+01     2.572307e-03
  2.5500e+01     2.595351e-03
  2.5542e+01     2.618585e-03
  2.5585e+01     2.642011e-03
  2.5628e+01     2.665631e-03
  2.5671e+01     2.689444e-03
  2.5714e+01     2.713454e-03
  2.5757e+01     2.737660e-03
  2.5800e+01     2.762065e-03
  2.5842e+01     2.786669e-03
  2.5885e+01     2.811474e-03
  2.5928e+01     2.836482e-03
  2.5971e+01     2.861692e-03
  2.6014e+01     2.887108e-03
  2.6057e+01     2.912730e-03
  2.6100e+01     2.938559e-03
  2.6142e+01     2.964597e-03
  2.6185e+01     2.990845e-03
  2.6228e+01     3.017304e-03
  2.6271e+01     3.043975e-03
  2.6314e+01     3.070861e-03
  2.6357e+01     3.097962e-03
  2.6400e+01     3.125279e-03
  2.6442e+01     3.152815e-03
  2.6485e+01     3.180569e-03
  2.6528e+01     3.208544e-03
  2.6571e+01     3.236740e-03
  2.6614e+01     3.265160e-03
  2.6657e+01     3.293804e-03
  2.6700e+01     3.322674e-03
  2.6742e+01     3.351770e-03
  2.6785e+01     3.381095e-03
  2.6828e+01     3.410650e-03
  2.6871e+01     3.440435e-03
  2.6914e+01     3.470453e-03
  2.6957e+01     3.500703e-03
  2.7000e+01     3.531189e-03
  2.7042e+01     3.561911e-03
  2.7085e+01     3.592869e-03
  2.7128e+01     3.624067e-03
  2.7171e+01     3.655504e-03
  2.7214e+01     3.687182e-03
  2.7257e+01     3.719103e-03
  2.7300e+01     3.751267e-03
  2.7342e+01     3.783676e-03
  2.7385e+01     3.816331e-03
  2.7428e+01     3.849234e-03
  2.7471e+01     3.882385e-03
  2.7514e+01     3.915786e-03
  2.7557e+01     3.949438e-03
  2.7600e+01     3.983342e-03
  2.7642e+01     4.017499e-03
  2.7685e+01     4.051911e-03
  2.7728e+01     4.086579e-03
  2.7771e+01     4.121504e-03
  2.7814e+01     4.156687e-03
  2.7857e+01     4.192129e-03
  2.7900e+01     4.227832e-03
  2.7942e+01     4.263797e-03
  2.7985e+01     4.300024e-03
  2.8028e+01     4.336515e-03
  2.8071e+01     4.373271e-03
  2.8114e+01     4.410293e-03
  2.8157e+01     4.447583e-03
  2.8200e+01     4.485140e-03
  2.8242e+01     4.522967e-03
  2.8285e+01     4.561064e-03
  2.8328e+01     4.599433e-03
  2.8371e+01     4.638074e-03
  2.8414e+01     4.676988e-03
  2.8457e+01     4.716177e-03
  2.8500e+01     4.755641e-03
  2.8542e+01     4.795382e-03
  2.8585e+01     4.835400e-03
  2.8628e+01     4.875696e-03
  2.8671e+01     4.916271e-03
  2.8714e+01     4.957126e-03
  2.8757e+01     4.998262e-03
  2.8800e+01     5.039680e-03
  2.8842e+01     5.081380e-03
  2.8885e+01     5.123364e-03
  2.8928e+01     5.165632e-03
  2.8971e+01     5.208185e-03
  2.9014e+01     5.251023e-03
  2.9057e+01     5.294148e-03
  2.9100e+01     5.337560e-03
  2.9142e+01     5.381261e-03
  2.9185e+01     5.425249e-03
  2.9228e+01     5.469527e-03
  2.9271e+01     5.514094e-03
  2.9314e+01     5.558952e-03
  2.9357e+01     5.604101e-03
  2.9400e+01     5.649541e-03
  2.9442e+01     5.695273e-03
  2.9485e+01     5.741297e-03
  2.9528e+01     5.787615e-03
  2.9571e+01     5.834226e-03
  2.9614e+01     5.881130e-03
  2.9657e+01     5.928328e-03
  2.9700e+01     5.975821e-03
  2.9742e+01     6.023609e-03
  2.9785e+01     6.071691e-03
  2.9828e+01     6.120069e-03
  2.9871e+01     6.168742e-03
  2.9914e+01     6.217711e-03
  2.9957e+01     6.266976e-03
  3.0000e+01     6.316536e-03
  3.0042e+01     6.366392e-03
  3.0085e+01     6.416544e-03
  3.0128e+01     6.466992e-03
  3.0171e+01     6.517736e-03
  3.0214e+01     6.568776e-03
  3.0257e+01     6.620111e-03
  3.0300e+01     6.671742e-03
  3.0342e+01     6.723668e-03
  3.0385e+01     6.775888e-03
  3.0428e+01     6.828404e-03
  3.0471e+01     6.881214e-03
  3.0514e+01     6.934318e-03
  3.0557e+01     6.987716e-03
  3.0600e+01     7.041406e-03
  3.0642e+01     7.095390e-03
  3.0685e+01     7.149665e-03
  3.0728e+01     7.204232e-03
  3.0771e+01     7.259089e-03
  3.0814e+01     7.314237e-03
  3.0857e+01     7.369673e-03
  3.0900e+01     7.425398e-03
  3.0942e+01     7.481411e-03
  3.0985e+01     7.537711e-03
  3.1028e+01     7.594296e-03
  3.1071e+01     7.651166e-03
  3.1114e+01     7.708319e-03
  3.1157e+01     7.765755e-03
  3.1200e+01     7.823473e-03
  3.1242e+01     7.881470e-03
  3.1285e+01     7.939746e-03
  3.1328e+01     7.998300e-03
  3.1371e+01     8.057129e-03
  3.1414e+01     8.116233e-03
  3.1457e+01     8.175610e-03
  3.1500e+01     8.235258e-03
  3.1542e+01     8.295176e-03
  3.1585e+01     8.355362e-03
  3.1628e+01     8.415814e-03
  3.1671e+01     8.476531e-03
  3.1714e+01     8.537509e-03
  3.1757e+01     8.598749e-03
  3.1800e+01     8.660246e-03
  3.1842e+01     8.722000e-03
  3.1885e+01     8.784007e-03
  3.1928e+01     8.846267e-03
  3.1971e+01     8.908776e-03
  3.2014e+01     8.971532e-03
  3.2057e+01     9.034532e-03
  3.2100e+01     9.097775e-03
  3.2142e+01     9.161256e-03
  3.2185e+01     9.224975e-03
  3.2228e+01     9.288927e-03
  3.2271e+01     9.353111e-03
  3.2314e+01     9.417522e-03
  3.2357e+01     9.482159e-03
  3.2400e+01     9.547018e-03
  3.2442e+01     9.612096e-03
  3.2485e+01     9.677390e-03
  3.2528e+01     9.742896e-03
  3.2571e+01     9.808611e-03
  3.2614e+01     9.874531e-03
  3.2657e+01     9.940654e-03
  3.2700e+01     1.000697e-02
  3.2742e+01     1.007349e-02
  3.2785e+01     1.014020e-02
  3.2828e+01     1.020709e-02
  3.2871e+01     1.027417e-02
  3.2914e+01     1.034142e-02
  3.2957e+01     1.040885e-02
  3.3000e+01     1.047645e-02
  3.3042e+01     1.054422e-02
  3.3085e+01     1.061215e-02
  3.3128e+01     1.068024e-02
  3.3171e+01     1.074848e-02
  3.3214e+01     1.081687e-02
  3.3257e+01     1.088540e-02
  3.3300e+01     1.095407e-02
  3.3342e+01     1.102287e-02
  3.3385e+01     1.109181e-02
  3.3428e+01     1.116086e-02
  3.3471e+01     1.123004e-02
  3.3514e+01     1.129933e-02
  3.3557e+01     1.136873e-02
  3.3600e+01     1.143823e-02
  3.3642e+01     1.150782e-02
  3.3685e+01     1.157751e-02
  3.3728e+01     1.164729e-02
  3.3771e+01     1.171714e-02
  3.3814e+01     1.178707e-02
  3.3857e+01     1.185707e-02
  3.3900e+01     1.192712e-02
  3.3942e+01     1.199724e-02
  3.3985e+01     1.206740e-02
  3.4028e+01     1.213761e-02
  3.4071e+01     1.220785e-02
  3.4114e+01     1.227813e-02
  3.4157e+01     1.234843e-02
  3.4200e+01     1.241874e-02
  3.4242e+01     1.248907e-02
  3.4285e+01     1.255940e-02
  3.4328e+01     1.262972e-02
  3.4371e+01     1.270004e-02
  3.4414e+01     1.277034e-02
  3.4457e+01     1.284061e-02
  3.4500e+01     1.291085e-02
  3.4542e+01     1.298105e-02
  3.4585e+01     1.305121e-02
  3.4628e+01     1.312131e-02
  3.4671e+01     1.319135e-02
  3.4714e+01     1.326132e-02
  3.4757e+01     1.333121e-02
  3.4800e+01     1.340101e-02
  3.4842e+01     1.347072e-02
  3.4885e+01     1.354034e-02
  3.4928e+01     1.360984e-02
  3.4971e+01     1.367922e-02
  3.5014e+01     1.374848e-02
  3.5057e+01     1.381760e-02
  3.5100e+01     1.388659e-02
  3.5142e+01     1.395542e-02
  3.5185e+01     1.402409e-02
  3.5228e+01     1.409259e-02
  3.5271e+01     1.416092e-02
  3.5314e+01     1.422906e-02
  3.5357e+01     1.429700e-02
  3.5400e+01     1.436475e-02
  3.5442e+01     1.443228e-02
  3.5485e+01     1.449959e-02
  3.5528e+01     1.456667e-02
  3.5571e+01     1.463351e-02
  3.5614e+01     1.470010e-02
  3.5657e+01     1.476644e-02
  3.5700e+01     1.483250e-02
  3.5742e+01     1.489830e-02
  3.5785e+01     1.496380e-02
  3.5828e+01     1.502901e-02
  3.5871e+01     1.509392e-02
  3.5914e+01     1.515851e-02
  3.5957e+01     1.522278e-02
  3.6000e+01     1.528672e-02
  3.6042e+01     1.535032e-02
  3.6085e+01     1.541356e-02
  3.6128e+01     1.547644e-02
  3.6171e+01     1.553895e-02
  3.6214e+01     1.560108e-02
  3.6257e+01     1.566282e-02
  3.6300e+01     1.572415e-02
  3.6342e+01     1.578508e-02
  3.6385e+01     1.584559e-02
  3.6428e+01     1.590566e-02
  3.6471e+01     1.596530e-02
  3.6514e+01     1.602449e-02
  3.6557e+01     1.608322e-02
  3.6600e+01     1.614147e-02
  3.6642e+01     1.619925e-02
  3.6685e+01     1.625654e-02
  3.6728e+01     1.631334e-02
  3.6771e+01     1.636962e-02
  3.6814e+01     1.642539e-02
  3.6857e+01     1.648062e-02
  3.6900e+01     1.653532e-02
  3.6942e+01     1.658948e-02
  3.6985e+01     1.664307e-02
  3.7028e+01     1.669610e-02
  3.7071e+01     1.674855e-02
  3.7114e+01     1.680041e-02
  3.7157e+01     1.685168e-02
  3.7200e+01     1.690235e-02
  3.7242e+01     1.695240e-02
  3.7285e+01     1.700182e-02
  3.7328e+01     1.705061e-02
  3.7371e+01     1.709876e-02
  3.7414e+01     1.714626e-02
  3.7457e+01     1.719309e-02
  3.7500e+01     1.723926e-02
  3.7542e+01     1.728474e-02
  3.7585e+01     1.732954e-02
  3.7628e+01     1.737364e-02
  3.7671e+01     1.741703e-02
  3.7714e+01     1.745970e-02
  3.7757e+01     1.750165e-02
  3.7800e+01     1.754287e-02
  3.7842e+01     1.758335e-02
  3.7885e+01     1.762308e-02
  3.7928e+01     1.766204e-02
  3.7971e+01     1.770025e-02
  3.8014e+01     1.773768e-02
  3.8057e+01     1.777432e-02
  3.8100e+01     1.781018e-02
  3.8142e+01     1.784523e-02
  3.8185e+01     1.787948e-02
  3.8228e+01     1.791292e-02
  3.8271e+01     1.794553e-02
  3.8314e+01     1.797732e-02
  3.8357e+01     1.800827e-02
  3.8400e+01     1.803838e-02
  3.8442e+01     1.806764e-02
  3.8485e+01     1.809604e-02
  3.8528e+01     1.812358e-02
  3.8571e+01     1.815025e-02
  3.8614e+01     1.817604e-02
  3.8657e+01     1.820095e-02
  3.8700e+01     1.822497e-02
  3.8742e+01     1.824810e-02
  3.8785e+01     1.827033e-02
  3.8828e+01     1.829165e-02
  3.8871e+01     1.831206e-02
  3.8914e+01     1.833155e-02
  3.8957e+01     1.835012e-02
  3.9000e+01     1.836777e-02
  3.9042e+01     1.838448e-02
  3.9085e+01     1.840026e-02
  3.9128e+01     1.841510e-02
  3.9171e+01     1.842899e-02
  3.9214e+01     1.844194e-02
  3.9257e+01     1.845393e-02
  3.9300e+01     1.846497e-02
  3.9342e+01     1.847505e-02
  3.9385e+01     1.848416e-02
  3.9428e+01     1.849231e-02
  3.9471e+01     1.849949e-02
  3.9514e+01     1.850570e-02
  3.9557e+01     1.851094e-02
  3.9600e+01     1.851519e-02
  3.9642e+01     1.851847e-02
  3.9685e+01     1.852077e-02
  3.9728e+01     1.852209e-02
  3.9771e+01     1.852243e-02
  3.9814e+01     1.852178e-02
  3.9857e+01     1.852014e-02
  3.9900e+01     1.851752e-02
  3.9942e+01     1.851391e-02
  3.9985e+01     1.850931e-02
  4.0028e+01     1.850372e-02
  4.0071e+01     1.849715e-02
  4.0114e+01     1.848958e-02
  4.0157e+01     1.848103e-02
  4.0200e+01     1.847150e-02
  4.0242e+01     1.846097e-02
  4.0285e+01     1.844946e-02
  4.0328e+01     1.843697e-02
  4.0371e+01     1.842350e-02
  4.0414e+01     1.840904e-02
  4.0457e+01     1.839361e-02
  4.0500e+01     1.837719e-02
  4.0542e+01     1.835981e-02
  4.0585e+01     1.834145e-02
  4.0628e+01     1.832212e-02
  4.0671e+01     1.830182e-02
  4.0714e+01     1.828057e-02
  4.0757e+01     1.825835e-02
  4.0800e+01     1.823517e-02
  4.0842e+01     1.821104e-02
  4.0885e+01     1.818597e-02
  4.0928e+01     1.815994e-02
  4.0971e+01     1.813298e-02
  4.1014e+01     1.810508e-02
  4.1057e+01     1.807625e-02
  4.1100e+01     1.804650e-02
  4.1142e+01     1.801582e-02
  4.1185e+01     1.798422e-02
  4.1228e+01     1.795172e-02
  4.1271e+01     1.791831e-02
  4.1314e+01     1.788400e-02
  4.1357e+01     1.784880e-02
  4.1400e+01     1.781271e-02
  4.1442e+01     1.777575e-02
  4.1485e+01     1.773790e-02
  4.1528e+01     1.769919e-02
  4.1571e+01     1.765963e-02
  4.1614e+01     1.761920e-02
  4.1657e+01     1.757794e-02
  4.1700e+01     1.753583e-02
  4.1742e+01     1.749289e-02
  4.1785e+01     1.744913e-02
  4.1828e+01     1.740456e-02
  4.1871e+01     1.735918e-02
  4.1914e+01     1.731300e-02
  4.1957e+01     1.726603e-02
  4.2000e+01     1.721827e-02
  4.2042e+01     1.716975e-02
  4.2085e+01     1.712045e-02
  4.2128e+01     1.707040e-02
  4.2171e+01     1.701961e-02
  4.2214e+01     1.696808e-02
  4.2257e+01     1.691582e-02
  4.2300e+01     1.686283e-02
  4.2342e+01     1.680914e-02
  4.2385e+01     1.675475e-02
  4.2428e+01     1.669967e-02
  4.2471e+01     1.664391e-02
  4.2514e+01     1.658747e-02
  4.2557e+01     1.653038e-02
  4.2600e+01     1.647263e-02
  4.2642e+01     1.641425e-02
  4.2685e+01     1.635523e-02
  4.2728e+01     1.629559e-02
  4.2771e+01     1.623535e-02
  4.2814e+01     1.617450e-02
  4.2857e+01     1.611307e-02
  4.2900e+01     1.605105e-02
  4.2942e+01     1.598847e-02
  4.2985e+01     1.592533e-02
  4.3028e+01     1.586165e-02
  4.3071e+01     1.579743e-02
  4.3114e+01     1.573268e-02
  4.3157e+01     1.566742e-02
  4.3200e+01     1.560166e-02
  4.3242e+01     1.553541e-02
  4.3285e+01     1.546868e-02
  4.3328e+01     1.540147e-02
  4.3371e+01     1.533381e-02
  4.3414e+01     1.526570e-02
  4.3457e+01     1.519716e-02
  4.3500e+01     1.512819e-02
  4.3542e+01     1.505880e-02
  4.3585e+01     1.498901e-02
  4.3628e+01     1.491883e-02
  4.3671e+01     1.484827e-02
  4.3714e+01     1.477733e-02
  4.3757e+01     1.470604e-02
  4.3800e+01     1.463440e-02
  4.3842e+01     1.456243e-02
  4.3885e+01     1.449012e-02
  4.3928e+01     1.441751e-02
  4.3971e+01     1.434459e-02
  4.4014e+01     1.427137e-02
  4.4057e+01     1.419788e-02
  4.4100e+01     1.412411e-02
  4.4142e+01     1.405008e-02
  4.4185e+01     1.397581e-02
  4.4228e+01     1.390129e-02
  4.4271e+01     1.382655e-02
  4.4314e+01     1.375159e-02
  4.4357e+01     1.367642e-02
  4.4400e+01     1.360106e-02
  4.4442e+01     1.352551e-02
  4.4485e+01     1.344979e-02
  4.4528e+01     1.337390e-02
  4.4571e+01     1.329785e-02
  4.4614e+01     1.322167e-02
  4.4657e+01     1.314534e-02
  4.4700e+01     1.306890e-02
  4.4742e+01     1.299234e-02
  4.4785e+01     1.291567e-02
  4.4828e+01     1.283892e-02
  4.4871e+01     1.276207e-02
  4.4914e+01     1.268516e-02
  4.4957e+01     1.260817e-02
  4.5000e+01     1.253113e-02
  4.5042e+01     1.245405e-02
  4.5085e+01     1.237693e-02
  4.5128e+01     1.229978e-02
  4.5171e+01     1.222261e-02
  4.5214e+01     1.214543e-02
  4.5257e+01     1.206825e-02
  4.5300e+01     1.199108e-02
  4.5342e+01     1.191393e-02
  4.5385e+01     1.183680e-02
  4.5428e+01     1.175971e-02
  4.5471e+01     1.168266e-02
  4.5514e+01     1.160566e-02
  4.5557e+01     1.152872e-02
  4.5600e+01     1.145185e-02
  4.5642e+01     1.137505e-02
  4.5685e+01     1.129834e-02
  4.5728e+01     1.122172e-02
  4.5771e+01     1.114519e-02
  4.5814e+01     1.106877e-02
  4.5857e+01     1.099247e-02
  4.5900e+01     1.091629e-02
  4.5942e+01     1.084023e-02
  4.5985e+01     1.076431e-02
  4.6028e+01     1.068854e-02
  4.6071e+01     1.061291e-02
  4.6114e+01     1.053744e-02
  4.6157e+01     1.046213e-02
  4.6200e+01     1.038699e-02
  4.6242e+01     1.031203e-02
  4.6285e+01     1.023725e-02
  4.6328e+01     1.016265e-02
  4.6371e+01     1.008825e-02
  4.6414e+01     1.001406e-02
  4.6457e+01     9.940065e-03
  4.6500e+01     9.866285e-03
  4.6542e+01     9.792723e-03
  4.6585e+01     9.719384e-03
  4.6628e+01     9.646273e-03
  4.6671e+01     9.573396e-03
  4.6714e+01     9.500758e-03
  4.6757e+01     9.428364e-03
  4.6800e+01     9.356218e-03
  4.6842e+01     9.284327e-03
  4.6885e+01     9.212693e-03
  4.6928e+01     9.141323e-03
  4.6971e+01     9.070221e-03
  4.7014e+01     8.999390e-03
  4.7057e+01     8.928835e-03
  4.7100e+01     8.858561e-03
  4.7142e+01     8.788571e-03
  4.7185e+01     8.718869e-03
  4.7228e+01     8.649459e-03
  4.7271e+01     8.580345e-03
  4.7314e+01     8.511531e-03
  4.7357e+01     8.443019e-03
  4.7400e+01     8.374814e-03
  4.7442e+01     8.306918e-03
  4.7485e+01     8.239335e-03
  4.7528e+01     8.172069e-03
  4.7571e+01     8.105121e-03
  4.7614e+01     8.038495e-03
  4.7657e+01     7.972193e-03
  4.7700e+01     7.906219e-03
  4.7742e+01     7.840575e-03
  4.7785e+01     7.775263e-03
  4.7828e+01     7.710286e-03
  4.7871e+01     7.645647e-03
  4.7914e+01     7.581346e-03
  4.7957e+01     7.517387e-03
  4.8000e+01     7.453772e-03
  4.8042e+01     7.390502e-03
  4.8085e+01     7.327580e-03
  4.8128e+01     7.265007e-03
  4.8171e+01     7.202784e-03
  4.8214e+01     7.140914e-03
  4.8257e+01     7.079398e-03
  4.8300e+01     7.018238e-03
  4.8342e+01     6.957434e-03
  4.8385e+01     6.896988e-03
  4.8428e+01     6.836901e-03
  4.8471e+01     6.777175e-03
  4.8514e+01     6.717810e-03
  4.8557e+01     6.658807e-03
  4.8600e+01     6.600168e-03
  4.8642e+01     6.541893e-03
  4.8685e+01     6.483982e-03
  4.8728e+01     6.426437e-03
  4.8771e+01     6.369258e-03
  4.8814e+01     6.312445e-03
  4.8857e+01     6.256000e-03
  4.8900e+01     6.199922e-03
  4.8942e+01     6.144211e-03
  4.8985e+01     6.088869e-03
  4.9028e+01     6.033895e-03
  4.9071e+01     5.979289e-03
  4.9114e+01     5.925052e-03
  4.9157e+01     5.871183e-03
  4.9200e+01     5.817683e-03
  4.9242e+01     5.764551e-03
  4.9285e+01     5.711787e-03
  4.9328e+01     5.659391e-03
  4.9371e+01     5.607363e-03
  4.9414e+01     5.555702e-03
  4.9457e+01     5.504408e-03
  4.9500e+01     5.453481e-03
  4.9542e+01     5.402919e-03
  4.9585e+01     5.352724e-03
  4.9628e+01     5.302893e-03
  4.9671e+01     5.253427e-03
  4.9714e+01     5.204325e-03
  4.9757e+01     5.155585e-03
  4.9800e+01     5.107208e-03
  4.9842e+01     5.059193e-03
  4.9885e+01     5.011538e-03
  4.9928e+01     4.964243e-03
  4.9971e+01     4.917307e-03
  5.0014e+01     4.870729e-03
  5.0057e+01     4.824508e-03
  5.0100e+01     4.778643e-03
  5.0142e+01     4.733133e-03
  5.0185e+01     4.687976e-03
  5.0228e+01     4.643172e-03
  5.0271e+01     4.598720e-03
  5.0314e+01     4.554618e-03
  5.0357e+01     4.510865e-03
  5.0400e+01     4.467460e-03
  5.0442e+01     4.424402e-03
  5.0485e+01     4.381688e-03
  5.0528e+01     4.339319e-03
  5.0571e+01     4.297292e-03
  5.0614e+01     4.255607e-03
  5.0657e+01     4.214261e-03
  5.0700e+01     4.173253e-03
  5.0742e+01     4.132582e-03
  5.0785e+01     4.092247e-03
  5.0828e+01     4.052245e-03
  5.0871e+01     4.012576e-03
  5.0914e+01     3.973238e-03
  5.0957e+01     3.934229e-03
  5.1000e+01     3.895547e-03
  5.1042e+01     3.857191e-03
  5.1085e+01     3.819160e-03
  5.1128e+01     3.781452e-03
  5.1171e+01     3.744064e-03
  5.1214e+01     3.706996e-03
  5.1257e+01     3.670246e-03
  5.1300e+01     3.633812e-03
  5.1342e+01     3.597692e-03
  5.1385e+01     3.561884e-03
  5.1428e+01     3.526388e-03
  5.1471e+01     3.491201e-03
  5.1514e+01     3.456321e-03
  5.1557e+01     3.421746e-03
  5.1600e+01     3.387476e-03
  5.1642e+01     3.353507e-03
  5.1685e+01     3.319838e-03
  5.1728e+01     3.286468e-03
  5.1771e+01     3.253395e-03
  5.1814e+01     3.220616e-03
  5.1857e+01     3.188130e-03
  5.1900e+01     3.155936e-03
  5.1942e+01     3.124030e-03
  5.1985e+01     3.092412e-03
  5.2028e+01     3.061080e-03
  5.2071e+01     3.030031e-03
  5.2114e+01     2.999264e-03
  5.2157e+01     2.968777e-03
  5.2200e+01     2.938568e-03
  5.2242e+01     2.908635e-03
  5.2285e+01     2.878977e-03
  5.2328e+01     2.849591e-03
  5.2371e+01     2.820476e-03
  5.2414e+01     2.791630e-03
  5.2457e+01     2.763050e-03
  5.2500e+01     2.734736e-03
  5.2542e+01     2.706685e-03
  5.2585e+01     2.678895e-03
  5.2628e+01     2.651364e-03
  5.2671e+01     2.624091e-03
  5.2714e+01     2.597073e-03
  5.2757e+01     2.570310e-03
  5.2800e+01     2.543798e-03
  5.2842e+01     2.517536e-03
  5.2885e+01     2.491522e-03
  5.2928e+01     2.465755e-03
  5.2971e+01     2.440232e-03
  5.3014e+01     2.414952e-03
  5.3057e+01     2.389913e-03
  5.3100e+01     2.365112e-03
  5.3142e+01     2.340549e-03
  5.3185e+01     2.316221e-03
  5.3228e+01     2.292126e-03
  5.3271e+01     2.268263e-03
  5.3314e+01     2.244630e-03
  5.3357e+01     2.221224e-03
  5.3400e+01     2.198045e-03
  5.3442e+01     2.175090e-03
  5.3485e+01     2.152358e-03
  5.3528e+01     2.129847e-03
  5.3571e+01     2.107554e-03
  5.3614e+01     2.085479e-03
  5.3657e+01     2.063619e-03
  5.3700e+01     2.041973e-03
  5.3742e+01     2.020538e-03
  5.3785e+01     1.999314e-03
  5.3828e+01     1.978298e-03
  5.3871e+01     1.957489e-03
  5.3914e+01     1.936885e-03
  5.3957e+01     1.916484e-03
  5.4000e+01     1.896285e-03
  5.4042e+01     1.876286e-03
  5.4085e+01     1.856484e-03
  5.4128e+01     1.836879e-03
  5.4171e+01     1.817469e-03
  5.4214e+01     1.798252e-03
  5.4257e+01     1.779226e-03
  5.4300e+01     1.760390e-03
  5.4342e+01     1.741743e-03
  5.4385e+01     1.723281e-03
  5.4428e+01     1.705005e-03
  5.4471e+01     1.686912e-03
  5.4514e+01     1.669000e-03
  5.4557e+01     1.651269e-03
  5.4600e+01     1.633716e-03
  5.4642e+01     1.616339e-03
  5.4685e+01     1.599139e-03
  5.4728e+01     1.582111e-03
  5.4771e+01     1.565256e-03
  5.4814e+01     1.548572e-03
  5.4857e+01     1.532057e-03
  5.4900e+01     1.515709e-03
  5.4942e+01     1.499527e-03
  5.4985e+01     1.483510e-03
  5.5028e+01     1.467656e-03
  5.5071e+01     1.451964e-03
  5.5114e+01     1.436432e-03
  5.5157e+01     1.421058e-03
  5.5200e+01     1.405841e-03
  5.5242e+01     1.390780e-03
  5.5285e+01     1.375874e-03
  5.5328e+01     1.361120e-03
  5.5371e+01     1.346518e-03
  5.5414e+01     1.332066e-03
  5.5457e+01     1.317762e-03
  5.5500e+01     1.303606e-03
  5.5542e+01     1.289595e-03
  5.5585e+01     1.275729e-03
  5.5628e+01     1.262007e-03
  5.5671e+01     1.248425e-03
  5.5714e+01     1.234985e-03
  5.5757e+01     1.221683e-03
  5.5800e+01     1.208520e-03
  5.5842e+01     1.195493e-03
  5.5885e+01     1.182601e-03
  5.5928e+01     1.169843e-03
  5.5971e+01     1.157217e-03
  5.6014e+01     1.144723e-03
  5.6057e+01     1.132359e-03
  5.6100e+01     1.120124e-03
  5.6142e+01     1.108017e-03
  5.6185e+01     1.096036e-03
  5.6228e+01     1.084180e-03
  5.6271e+01     1.072448e-03
  5.6314e+01     1.060839e-03
  5.6357e+01     1.049351e-03
  5.6400e+01     1.037983e-03
  5.6442e+01     1.026735e-03
  5.6485e+01     1.015605e-03
  5.6528e+01     1.004592e-03
  5.6571e+01     9.936945e-04
  5.6614e+01     9.829116e-04
  5.6657e+01     9.722422e-04
  5.6700e+01     9.616851e-04
  5.6742e+01     9.512393e-04
  5.6785e+01     9.409036e-04
  5.6828e+01     9.306770e-04
  5.6871e+01     9.205584e-04
  5.6914e+01     9.105466e-04
  5.6957e+01     9.006407e-04
  5.7000e+01     8.908397e-04
  5.7042e+01     8.811423e-04
  5.7085e+01     8.715477e-04
  5.7128e+01     8.620548e-04
  5.7171e+01     8.526625e-04
  5.7214e+01     8.433699e-04
  5.7257e+01     8.341760e-04
  5.7300e+01     8.250797e-04
  5.7342e+01     8.160802e-04
  5.7385e+01     8.071763e-04
  5.7428e+01     7.983673e-04
  5.7471e+01     7.896520e-04
  5.7514e+01     7.810296e-04
  5.7557e+01     7.724991e-04
  5.7600e+01     7.640595e-04
  5.7642e+01     7.557100e-04
  5.7685e+01     7.474497e-04
  5.7728e+01     7.392776e-04
  5.7771e+01     7.311929e-04
  5.7814e+01     7.231946e-04
  5.7857e+01     7.152819e-04
  5.7900e+01     7.074539e-04
  5.7942e+01     6.997097e-04
  5.7985e+01     6.920485e-04
  5.8028e+01     6.844694e-04
  5.8071e+01     6.769716e-04
  5.8114e+01     6.695543e-04
  5.8157e+01     6.622165e-04
  5.8200e+01     6.549576e-04
  5.8242e+01     6.477767e-04
  5.8285e+01     6.406729e-04
  5.8328e+01     6.336456e-04
  5.8371e+01     6.266939e-04
  5.8414e+01     6.198170e-04
  5.8457e+01     6.130141e-04
  5.8500e+01     6.062845e-04
  5.8542e+01     5.996275e-04
  5.8585e+01     5.930422e-04
  5.8628e+01     5.865280e-04
  5.8671e+01     5.800840e-04
  5.8714e+01     5.737096e-04
  5.8757e+01     5.674041e-04
  5.8800e+01     5.611667e-04
  5.8842e+01     5.549966e-04
  5.8885e+01     5.488933e-04
  5.8928e+01     5.428560e-04
  5.8971e+01     5.368841e-04
  5.9014e+01     5.309767e-04
  5.9057e+01     5.251333e-04
  5.9100e+01     5.193533e-04
  5.9142e+01     5.136358e-04
  5.9185e+01     5.079803e-04
  5.9228e+01     5.023862e-04
  5.9271e+01     4.968527e-04
  5.9314e+01     4.913792e-04
  5.9357e+01     4.859652e-04
  5.9400e+01     4.806100e-04
  5.9442e+01     4.753129e-04
  5.9485e+01     4.700733e-04
  5.9528e+01     4.648908e-04
  5.9571e+01     4.597645e-04
  5.9614e+01     4.546940e-04
  5.9657e+01     4.496787e-04
  5.9700e+01     4.447179e-04
  5.9742e+01     4.398112e-04
  5.9785e+01     4.349578e-04
  5.9828e+01     4.301574e-04
  5.9871e+01     4.254092e-04
  5.9914e+01     4.207128e-04
  5.9957e+01     4.160675e-04
