# Epidemic | incidence [ x-unit: transmission cycles | y-unit: ]
  3.0000e-01     1.015818e-05
  3.4286e-01     1.064789e-05
  3.8571e-01     1.116122e-05
  4.2857e-01     1.169928e-05
  4.7143e-01     1.226329e-05
  5.1429e-01     1.285449e-05
  5.5714e-01     1.347419e-05
  6.0000e-01     1.412376e-05
  6.4286e-01     1.480464e-05
  6.8571e-01     1.551835e-05
  7.2857e-01     1.626647e-05
  7.7143e-01     1.705065e-05
  8.1429e-01     1.787264e-05
  8.5714e-01     1.873425e-05
  9.0000e-01     1.963739e-05
  9.4286e-01     2.058408e-05
  9.8571e-01     2.157640e-05
  1.0285e+00     2.261656e-05
  1.0714e+00     2.370686e-05
  1.1142e+00     2.484973e-05
  1.1571e+00     2.604768e-05
  1.2000e+00     2.730339e-05
  1.2428e+00     2.861963e-05
  1.2857e+00     2.999932e-05
  1.3285e+00     3.144551e-05
  1.3714e+00     3.296143e-05
  1.4142e+00     3.455042e-05
  1.4571e+00     3.621601e-05
  1.5000e+00     3.796189e-05
  1.5428e+00     3.979193e-05
  1.5857e+00     4.171019e-05
  1.6285e+00     4.372092e-05
  1.6714e+00     4.582858e-05
  1.7142e+00     4.803783e-05
  1.7571e+00     5.035358e-05
  1.8000e+00     5.278096e-05
  1.8428e+00     5.532535e-05
  1.8857e+00     5.799238e-05
  1.9285e+00     6.078798e-05
  1.9714e+00     6.371833e-05
  2.0142e+00     6.678994e-05
  2.0571e+00     7.000960e-05
  2.1000e+00     7.338446e-05
  2.1428e+00     7.692199e-05
  2.1857e+00     8.063004e-05
  2.2285e+00     8.451682e-05
  2.2714e+00     8.859094e-05
  2.3142e+00     9.286144e-05
  2.3571e+00     9.733778e-05
  2.4000e+00     1.020299e-04
  2.4428e+00     1.069481e-04
  2.4857e+00     1.121034e-04
  2.5285e+00     1.175072e-04
  2.5714e+00     1.231714e-04
  2.6142e+00     1.291086e-04
  2.6571e+00     1.353320e-04
  2.7000e+00     1.418553e-04
  2.7428e+00     1.486930e-04
  2.7857e+00     1.558602e-04
  2.8285e+00     1.633728e-04
  2.8714e+00     1.712475e-04
  2.9142e+00     1.795017e-04
  2.9571e+00     1.881537e-04
  3.0000e+00     1.972226e-04
  3.0428e+00     2.067285e-04
  3.0857e+00     2.166925e-04
  3.1285e+00     2.271367e-04
  3.1714e+00     2.380841e-04
  3.2142e+00     2.495590e-04
  3.2571e+00     2.615868e-04
  3.3000e+00     2.741941e-04
  3.3428e+00     2.874089e-04
  3.3857e+00     3.012604e-04
  3.4285e+00     3.157792e-04
  3.4714e+00     3.309975e-04
  3.5142e+00     3.469489e-04
  3.5571e+00     3.636687e-04
  3.6000e+00     3.811940e-04
  3.6428e+00     3.995635e-04
  3.6857e+00     4.188179e-04
  3.7285e+00     4.389996e-04
  3.7714e+00     4.601534e-04
  3.8142e+00     4.823260e-04
  3.8571e+00     5.055664e-04
  3.9000e+00     5.299260e-04
  3.9428e+00     5.554587e-04
  3.9857e+00     5.822208e-04
  4.0285e+00     6.102715e-04
  4.0714e+00     6.396728e-04
  4.1142e+00     6.704896e-04
  4.1571e+00     7.027899e-04
  4.2000e+00     7.366450e-04
  4.2428e+00     7.721297e-04
  4.2857e+00     8.093223e-04
  4.3285e+00     8.483049e-04
  4.3714e+00     8.891634e-04
  4.4142e+00     9.319880e-04
  4.4571e+00     9.768730e-04
  4.5000e+00     1.023917e-03
  4.5428e+00     1.073225e-03
  4.5857e+00     1.124904e-03
  4.6285e+00     1.179068e-03
  4.6714e+00     1.235838e-03
  4.7142e+00     1.295336e-03
  4.7571e+00     1.357696e-03
  4.8000e+00     1.423053e-03
  4.8428e+00     1.491551e-03
  4.8857e+00     1.563341e-03
  4.9285e+00     1.638581e-03
  4.9714e+00     1.717435e-03
  5.0142e+00     1.800076e-03
  5.0571e+00     1.886687e-03
  5.1000e+00     1.977456e-03
  5.1428e+00     2.072583e-03
  5.1857e+00     2.172275e-03
  5.2285e+00     2.276752e-03
  5.2714e+00     2.386240e-03
  5.3142e+00     2.500981e-03
  5.3571e+00     2.621223e-03
  5.4000e+00     2.747230e-03
  5.4428e+00     2.879276e-03
  5.4857e+00     3.017648e-03
  5.5285e+00     3.162649e-03
  5.5714e+00     3.314593e-03
  5.6142e+00     3.473810e-03
  5.6571e+00     3.640646e-03
  5.7000e+00     3.815463e-03
  5.7428e+00     3.998639e-03
  5.7857e+00     4.190570e-03
  5.8285e+00     4.391671e-03
  5.8714e+00     4.602377e-03
  5.9142e+00     4.823140e-03
  5.9571e+00     5.054437e-03
  6.0000e+00     5.296763e-03
  6.0428e+00     5.550640e-03
  6.0857e+00     5.816611e-03
  6.1285e+00     6.095244e-03
  6.1714e+00     6.387134e-03
  6.2142e+00     6.692904e-03
  6.2571e+00     7.013203e-03
  6.3000e+00     7.348711e-03
  6.3428e+00     7.700139e-03
  6.3857e+00     8.068228e-03
  6.4285e+00     8.453756e-03
  6.4714e+00     8.857531e-03
  6.5142e+00     9.280402e-03
  6.5571e+00     9.723251e-03
  6.6000e+00     1.018700e-02
  6.6428e+00     1.067262e-02
  6.6857e+00     1.118111e-02
  6.7285e+00     1.171352e-02
  6.7714e+00     1.227095e-02
  6.8142e+00     1.285454e-02
  6.8571e+00     1.346548e-02
  6.9000e+00     1.410501e-02
  6.9428e+00     1.477443e-02
  6.9857e+00     1.547509e-02
  7.0285e+00     1.620839e-02
  7.0714e+00     1.697579e-02
  7.1142e+00     1.777882e-02
  7.1571e+00     1.861906e-02
  7.2000e+00     1.949816e-02
  7.2428e+00     2.041783e-02
  7.2857e+00     2.137985e-02
  7.3285e+00     2.238608e-02
  7.3714e+00     2.343842e-02
  7.4142e+00     2.453888e-02
  7.4571e+00     2.568951e-02
  7.5000e+00     2.689246e-02
  7.5428e+00     2.814995e-02
  7.5857e+00     2.946426e-02
  7.6285e+00     3.083779e-02
  7.6714e+00     3.227297e-02
  7.7142e+00     3.377234e-02
  7.7571e+00     3.533853e-02
  7.8000e+00     3.697421e-02
  7.8428e+00     3.868218e-02
  7.8857e+00     4.046527e-02
  7.9285e+00     4.232643e-02
  7.9714e+00     4.426867e-02
  8.0142e+00     4.629507e-02
  8.0571e+00     4.840879e-02
  8.1000e+00     5.061305e-02
  8.1428e+00     5.291115e-02
  8.1857e+00     5.530642e-02
  8.2285e+00     5.780228e-02
  8.2714e+00     6.040217e-02
  8.3142e+00     6.310957e-02
  8.3571e+00     6.592801e-02
  8.4000e+00     6.886101e-02
  8.4428e+00     7.191211e-02
  8.4857e+00     7.508484e-02
  8.5285e+00     7.838272e-02
  8.5714e+00     8.180920e-02
  8.6142e+00     8.536770e-02
  8.6571e+00     8.906154e-02
  8.7000e+00     9.289394e-02
  8.7428e+00     9.686799e-02
  8.7857e+00     1.009866e-01
  8.8285e+00     1.052526e-01
  8.8714e+00     1.096683e-01
  8.9142e+00     1.142362e-01
  8.9571e+00     1.189580e-01
  9.0000e+00     1.238354e-01
  9.0428e+00     1.288696e-01
  9.0857e+00     1.340612e-01
  9.1285e+00     1.394105e-01
  9.1714e+00     1.449172e-01
  9.2142e+00     1.505802e-01
  9.2571e+00     1.563978e-01
  9.3000e+00     1.623676e-01
  9.3428e+00     1.684862e-01
  9.3857e+00     1.747492e-01
  9.4285e+00     1.811514e-01
  9.4714e+00     1.876864e-01
  9.5142e+00     1.943465e-01
  9.5571e+00     2.011226e-01
  9.6000e+00     2.080046e-01
  9.6428e+00     2.149803e-01
  9.6857e+00     2.220365e-01
  9.7285e+00     2.291578e-01
  9.7714e+00     2.363273e-01
  9.8142e+00     2.435260e-01
  9.8571e+00     2.507330e-01
  9.9000e+00     2.579253e-01
  9.9428e+00     2.650777e-01
  9.9857e+00     2.721628e-01
  1.0028e+01     2.791510e-01
  1.0071e+01     2.860103e-01
  1.0114e+01     2.927062e-01
  1.0157e+01     2.992023e-01
  1.0200e+01     3.054595e-01
  1.0242e+01     3.114369e-01
  1.0285e+01     3.170910e-01
  1.0328e+01     3.223769e-01
  1.0371e+01     3.272475e-01
  1.0414e+01     3.316544e-01
  1.0457e+01     3.355480e-01
  1.0500e+01     3.388776e-01
  1.0542e+01     3.415924e-01
  1.0585e+01     3.436413e-01
  1.0628e+01     3.449739e-01
  1.0671e+01     3.455411e-01
  1.0714e+01     3.452955e-01
  1.0757e+01     3.441923e-01
  1.0800e+01     3.421903e-01
  1.0842e+01     3.392524e-01
  1.0885e+01     3.353467e-01
  1.0928e+01     3.304473e-01
  1.0971e+01     3.245354e-01
  1.1014e+01     3.176002e-01
  1.1057e+01     3.096395e-01
  1.1100e+01     3.006612e-01
  1.1142e+01     2.906831e-01
  1.1185e+01     2.797345e-01
  1.1228e+01     2.678557e-01
  1.1271e+01     2.550989e-01
  1.1314e+01     2.415278e-01
  1.1357e+01     2.272167e-01
  1.1400e+01     2.122499e-01
  1.1442e+01     1.967197e-01
  1.1485e+01     1.807229e-01
  1.1528e+01     1.643561e-01
  1.1571e+01     1.477059e-01
  1.1614e+01     1.308291e-01
  1.1657e+01     1.137030e-01
  1.1700e+01     9.603404e-02
