# Epidemic | incidence [ x-unit: transmission cycles | y-unit: ]
  3.0000e-01     1.014556e-05
  3.4286e-01     1.059508e-05
  3.8571e-01     1.106452e-05
  4.2857e-01     1.155476e-05
  4.7143e-01     1.206672e-05
  5.1429e-01     1.260136e-05
  5.5714e-01     1.315969e-05
  6.0000e-01     1.374276e-05
  6.4286e-01     1.435166e-05
  6.8571e-01     1.498754e-05
  7.2857e-01     1.565159e-05
  7.7143e-01     1.634506e-05
  8.1429e-01     1.706926e-05
  8.5714e-01     1.782555e-05
  9.0000e-01     1.861534e-05
  9.4286e-01     1.944012e-05
  9.8571e-01     2.030145e-05
  1.0285e+00     2.120094e-05
  1.0714e+00     2.214028e-05
  1.1142e+00     2.312124e-05
  1.1571e+00     2.414566e-05
  1.2000e+00     2.521547e-05
  1.2428e+00     2.633268e-05
  1.2857e+00     2.749938e-05
  1.3285e+00     2.871778e-05
  1.3714e+00     2.999015e-05
  1.4142e+00     3.131890e-05
  1.4571e+00     3.270651e-05
  1.5000e+00     3.415561e-05
  1.5428e+00     3.566890e-05
  1.5857e+00     3.724924e-05
  1.6285e+00     3.889959e-05
  1.6714e+00     4.062306e-05
  1.7142e+00     4.242289e-05
  1.7571e+00     4.430245e-05
  1.8000e+00     4.626529e-05
  1.8428e+00     4.831508e-05
  1.8857e+00     5.045568e-05
  1.9285e+00     5.269112e-05
  1.9714e+00     5.502559e-05
  2.0142e+00     5.746348e-05
  2.0571e+00     6.000937e-05
  2.1000e+00     6.266805e-05
  2.1428e+00     6.544451e-05
  2.1857e+00     6.834398e-05
  2.2285e+00     7.137188e-05
  2.2714e+00     7.453393e-05
  2.3142e+00     7.783605e-05
  2.3571e+00     8.128445e-05
  2.4000e+00     8.488561e-05
  2.4428e+00     8.864630e-05
  2.4857e+00     9.257358e-05
  2.5285e+00     9.667482e-05
  2.5714e+00     1.009577e-04
  2.6142e+00     1.054304e-04
  2.6571e+00     1.101011e-04
  2.7000e+00     1.149788e-04
  2.7428e+00     1.200725e-04
  2.7857e+00     1.253918e-04
  2.8285e+00     1.309468e-04
  2.8714e+00     1.367478e-04
  2.9142e+00     1.428057e-04
  2.9571e+00     1.491320e-04
  3.0000e+00     1.557384e-04
  3.0428e+00     1.626375e-04
  3.0857e+00     1.698421e-04
  3.1285e+00     1.773658e-04
  3.1714e+00     1.852227e-04
  3.2142e+00     1.934276e-04
  3.2571e+00     2.019958e-04
  3.3000e+00     2.109435e-04
  3.3428e+00     2.202874e-04
  3.3857e+00     2.300451e-04
  3.4285e+00     2.402349e-04
  3.4714e+00     2.508760e-04
  3.5142e+00     2.619882e-04
  3.5571e+00     2.735924e-04
  3.6000e+00     2.857105e-04
  3.6428e+00     2.983650e-04
  3.6857e+00     3.115799e-04
  3.7285e+00     3.253798e-04
  3.7714e+00     3.397907e-04
  3.8142e+00     3.548396e-04
  3.8571e+00     3.705546e-04
  3.9000e+00     3.869653e-04
  3.9428e+00     4.041024e-04
  3.9857e+00     4.219981e-04
  4.0285e+00     4.406858e-04
  4.0714e+00     4.602007e-04
  4.1142e+00     4.805792e-04
  4.1571e+00     5.018595e-04
  4.2000e+00     5.240816e-04
  4.2428e+00     5.472869e-04
  4.2857e+00     5.715191e-04
  4.3285e+00     5.968234e-04
  4.3714e+00     6.232471e-04
  4.4142e+00     6.508399e-04
  4.4571e+00     6.796532e-04
  4.5000e+00     7.097410e-04
  4.5428e+00     7.411596e-04
  4.5857e+00     7.739677e-04
  4.6285e+00     8.082266e-04
  4.6714e+00     8.440004e-04
  4.7142e+00     8.813559e-04
  4.7571e+00     9.203629e-04
  4.8000e+00     9.610942e-04
  4.8428e+00     1.003626e-03
  4.8857e+00     1.048037e-03
  4.9285e+00     1.094411e-03
  4.9714e+00     1.142835e-03
  5.0142e+00     1.193397e-03
  5.0571e+00     1.246193e-03
  5.1000e+00     1.301322e-03
  5.1428e+00     1.358884e-03
  5.1857e+00     1.418989e-03
  5.2285e+00     1.481747e-03
  5.2714e+00     1.547276e-03
  5.3142e+00     1.615697e-03
  5.3571e+00     1.687137e-03
  5.4000e+00     1.761729e-03
  5.4428e+00     1.839612e-03
  5.4857e+00     1.920929e-03
  5.5285e+00     2.005832e-03
  5.5714e+00     2.094478e-03
  5.6142e+00     2.187032e-03
  5.6571e+00     2.283663e-03
  5.7000e+00     2.384552e-03
  5.7428e+00     2.489883e-03
  5.7857e+00     2.599853e-03
  5.8285e+00     2.714664e-03
  5.8714e+00     2.834527e-03
  5.9142e+00     2.959663e-03
  5.9571e+00     3.090302e-03
  6.0000e+00     3.226685e-03
  6.0428e+00     3.369061e-03
  6.0857e+00     3.517693e-03
  6.1285e+00     3.672852e-03
  6.1714e+00     3.834822e-03
  6.2142e+00     4.003900e-03
  6.2571e+00     4.180393e-03
  6.3000e+00     4.364624e-03
  6.3428e+00     4.556929e-03
  6.3857e+00     4.757656e-03
  6.4285e+00     4.967171e-03
  6.4714e+00     5.185853e-03
  6.5142e+00     5.414097e-03
  6.5571e+00     5.652316e-03
  6.6000e+00     5.900939e-03
  6.6428e+00     6.160415e-03
  6.6857e+00     6.431208e-03
  6.7285e+00     6.713805e-03
  6.7714e+00     7.008711e-03
  6.8142e+00     7.316451e-03
  6.8571e+00     7.637575e-03
  6.9000e+00     7.972651e-03
  6.9428e+00     8.322275e-03
  6.9857e+00     8.687062e-03
  7.0285e+00     9.067656e-03
  7.0714e+00     9.464725e-03
  7.1142e+00     9.878965e-03
  7.1571e+00     1.031110e-02
  7.2000e+00     1.076187e-02
  7.2428e+00     1.123208e-02
  7.2857e+00     1.172252e-02
  7.3285e+00     1.223404e-02
  7.3714e+00     1.276751e-02
  7.4142e+00     1.332386e-02
  7.4571e+00     1.390401e-02
  7.5000e+00     1.450895e-02
  7.5428e+00     1.513970e-02
  7.5857e+00     1.579731e-02
  7.6285e+00     1.648288e-02
  7.6714e+00     1.719753e-02
  7.7142e+00     1.794244e-02
  7.7571e+00     1.871883e-02
  7.8000e+00     1.952795e-02
  7.8428e+00     2.037112e-02
  7.8857e+00     2.124966e-02
  7.9285e+00     2.216499e-02
  7.9714e+00     2.311853e-02
  8.0142e+00     2.411178e-02
  8.0571e+00     2.514627e-02
  8.1000e+00     2.622357e-02
  8.1428e+00     2.734533e-02
  8.1857e+00     2.851321e-02
  8.2285e+00     2.972896e-02
  8.2714e+00     3.099434e-02
  8.3142e+00     3.231119e-02
  8.3571e+00     3.368139e-02
  8.4000e+00     3.510685e-02
  8.4428e+00     3.658956e-02
  8.4857e+00     3.813152e-02
  8.5285e+00     3.973482e-02
  8.5714e+00     4.140154e-02
  8.6142e+00     4.313386e-02
  8.6571e+00     4.493394e-02
  8.7000e+00     4.680403e-02
  8.7428e+00     4.874637e-02
  8.7857e+00     5.076327e-02
  8.8285e+00     5.285702e-02
  8.8714e+00     5.502996e-02
  8.9142e+00     5.728445e-02
  8.9571e+00     5.962284e-02
  9.0000e+00     6.204747e-02
  9.0428e+00     6.456071e-02
  9.0857e+00     6.716489e-02
  9.1285e+00     6.986231e-02
  9.1714e+00     7.265525e-02
  9.2142e+00     7.554592e-02
  9.2571e+00     7.853650e-02
  9.3000e+00     8.162905e-02
  9.3428e+00     8.482558e-02
  9.3857e+00     8.812797e-02
  9.4285e+00     9.153798e-02
  9.4714e+00     9.505721e-02
  9.5142e+00     9.868709e-02
  9.5571e+00     1.024289e-01
  9.6000e+00     1.062836e-01
  9.6428e+00     1.102520e-01
  9.6857e+00     1.143347e-01
  9.7285e+00     1.185317e-01
  9.7714e+00     1.228431e-01
  9.8142e+00     1.272681e-01
  9.8571e+00     1.318060e-01
  9.9000e+00     1.364553e-01
  9.9428e+00     1.412142e-01
  9.9857e+00     1.460802e-01
  1.0028e+01     1.510504e-01
  1.0071e+01     1.561210e-01
  1.0114e+01     1.612880e-01
  1.0157e+01     1.665461e-01
  1.0200e+01     1.718896e-01
  1.0242e+01     1.773118e-01
  1.0285e+01     1.828053e-01
  1.0328e+01     1.883615e-01
  1.0371e+01     1.939711e-01
  1.0414e+01     1.996235e-01
  1.0457e+01     2.053072e-01
  1.0500e+01     2.110094e-01
  1.0542e+01     2.167164e-01
  1.0585e+01     2.224129e-01
  1.0628e+01     2.280827e-01
  1.0671e+01     2.337082e-01
  1.0714e+01     2.392703e-01
  1.0757e+01     2.447490e-01
  1.0800e+01     2.501226e-01
  1.0842e+01     2.553684e-01
  1.0885e+01     2.604622e-01
  1.0928e+01     2.653789e-01
  1.0971e+01     2.700920e-01
  1.1014e+01     2.745739e-01
  1.1057e+01     2.787961e-01
  1.1100e+01     2.827294e-01
  1.1142e+01     2.863436e-01
  1.1185e+01     2.896083e-01
  1.1228e+01     2.924925e-01
  1.1271e+01     2.949653e-01
  1.1314e+01     2.969959e-01
  1.1357e+01     2.985539e-01
  1.1400e+01     2.996099e-01
  1.1442e+01     3.001354e-01
  1.1485e+01     3.001035e-01
  1.1528e+01     2.994892e-01
  1.1571e+01     2.982698e-01
  1.1614e+01     2.964255e-01
  1.1657e+01     2.939395e-01
  1.1700e+01     2.907988e-01
  1.1742e+01     2.869945e-01
  1.1785e+01     2.825223e-01
  1.1828e+01     2.773827e-01
  1.1871e+01     2.715818e-01
  1.1914e+01     2.651312e-01
  1.1957e+01     2.580488e-01
  1.2000e+01     2.503583e-01
  1.2042e+01     2.420900e-01
  1.2085e+01     2.332807e-01
  1.2128e+01     2.239733e-01
  1.2171e+01     2.142171e-01
  1.2214e+01     2.040671e-01
  1.2257e+01     1.935837e-01
  1.2300e+01     1.828323e-01
  1.2342e+01     1.718823e-01
  1.2385e+01     1.608064e-01
  1.2428e+01     1.496798e-01
  1.2471e+01     1.385789e-01
  1.2514e+01     1.275799e-01
  1.2557e+01     1.167584e-01
  1.2600e+01     1.061870e-01
  1.2642e+01     9.593509e-02
  1.2685e+01     8.606681e-02
  1.2728e+01     7.664028e-02
  1.2771e+01     6.770636e-02
  1.2814e+01     5.930772e-02
  1.2857e+01     5.147806e-02
  1.2900e+01     4.424148e-02
  1.2942e+01     3.761203e-02
  1.2985e+01     3.159339e-02
  1.3028e+01     2.617854e-02
  1.3071e+01     2.134892e-02
  1.3114e+01     1.707177e-02
  1.3157e+01     1.328910e-02
  1.3200e+01     9.828682e-03
