# Epidemic | incidence [ x-unit: transmission cycles | y-unit: ]
  3.0000e-01     1.005809e-05
  3.4286e-01     1.023439e-05
  3.8571e-01     1.041378e-05
  4.2857e-01     1.059632e-05
  4.7143e-01     1.078205e-05
  5.1429e-01     1.097104e-05
  5.5714e-01     1.116335e-05
  6.0000e-01     1.135902e-05
  6.4286e-01     1.155812e-05
  6.8571e-01     1.176071e-05
  7.2857e-01     1.196686e-05
  7.7143e-01     1.217661e-05
  8.1429e-01     1.239005e-05
  8.5714e-01     1.260722e-05
  9.0000e-01     1.282820e-05
  9.4286e-01     1.305305e-05
  9.8571e-01     1.328184e-05
  1.0285e+00     1.351464e-05
  1.0714e+00     1.375153e-05
  1.1142e+00     1.399256e-05
  1.1571e+00     1.423782e-05
  1.2000e+00     1.448738e-05
  1.2428e+00     1.474131e-05
  1.2857e+00     1.499969e-05
  1.3285e+00     1.526260e-05
  1.3714e+00     1.553012e-05
  1.4142e+00     1.580232e-05
  1.4571e+00     1.607930e-05
  1.5000e+00     1.636113e-05
  1.5428e+00     1.664790e-05
  1.5857e+00     1.693969e-05
  1.6285e+00     1.723660e-05
  1.6714e+00     1.753871e-05
  1.7142e+00     1.784612e-05
  1.7571e+00     1.815891e-05
  1.8000e+00     1.847719e-05
  1.8428e+00     1.880104e-05
  1.8857e+00     1.913057e-05
  1.9285e+00     1.946587e-05
  1.9714e+00     1.980705e-05
  2.0142e+00     2.015421e-05
  2.0571e+00     2.050745e-05
  2.1000e+00     2.086689e-05
  2.1428e+00     2.123262e-05
  2.1857e+00     2.160476e-05
  2.2285e+00     2.198342e-05
  2.2714e+00     2.236872e-05
  2.3142e+00     2.276076e-05
  2.3571e+00     2.315968e-05
  2.4000e+00     2.356559e-05
  2.4428e+00     2.397861e-05
  2.4857e+00     2.439887e-05
  2.5285e+00     2.482650e-05
  2.5714e+00     2.526162e-05
  2.6142e+00     2.570436e-05
  2.6571e+00     2.615486e-05
  2.7000e+00     2.661325e-05
  2.7428e+00     2.707968e-05
  2.7857e+00     2.755428e-05
  2.8285e+00     2.803719e-05
  2.8714e+00     2.852857e-05
  2.9142e+00     2.902855e-05
  2.9571e+00     2.953730e-05
  3.0000e+00     3.005496e-05
  3.0428e+00     3.058170e-05
  3.0857e+00     3.111766e-05
  3.1285e+00     3.166301e-05
  3.1714e+00     3.221791e-05
  3.2142e+00     3.278254e-05
  3.2571e+00     3.335707e-05
  3.3000e+00     3.394165e-05
  3.3428e+00     3.453648e-05
  3.3857e+00     3.514174e-05
  3.4285e+00     3.575759e-05
  3.4714e+00     3.638424e-05
  3.5142e+00     3.702186e-05
  3.5571e+00     3.767066e-05
  3.6000e+00     3.833082e-05
  3.6428e+00     3.900255e-05
  3.6857e+00     3.968605e-05
  3.7285e+00     4.038152e-05
  3.7714e+00     4.108917e-05
  3.8142e+00     4.180922e-05
  3.8571e+00     4.254189e-05
  3.9000e+00     4.328739e-05
  3.9428e+00     4.404595e-05
  3.9857e+00     4.481780e-05
  4.0285e+00     4.560317e-05
  4.0714e+00     4.640230e-05
  4.1142e+00     4.721542e-05
  4.1571e+00     4.804279e-05
  4.2000e+00     4.888465e-05
  4.2428e+00     4.974126e-05
  4.2857e+00     5.061288e-05
  4.3285e+00     5.149976e-05
  4.3714e+00     5.240217e-05
  4.4142e+00     5.332039e-05
  4.4571e+00     5.425470e-05
  4.5000e+00     5.520537e-05
  4.5428e+00     5.617269e-05
  4.5857e+00     5.715695e-05
  4.6285e+00     5.815845e-05
  4.6714e+00     5.917749e-05
  4.7142e+00     6.021438e-05
  4.7571e+00     6.126943e-05
  4.8000e+00     6.234295e-05
  4.8428e+00     6.343528e-05
  4.8857e+00     6.454673e-05
  4.9285e+00     6.567765e-05
  4.9714e+00     6.682838e-05
  5.0142e+00     6.799925e-05
  5.0571e+00     6.919063e-05
  5.1000e+00     7.040287e-05
  5.1428e+00     7.163634e-05
  5.1857e+00     7.289141e-05
  5.2285e+00     7.416845e-05
  5.2714e+00     7.546785e-05
  5.3142e+00     7.679001e-05
  5.3571e+00     7.813531e-05
  5.4000e+00     7.950417e-05
  5.4428e+00     8.089700e-05
  5.4857e+00     8.231421e-05
  5.5285e+00     8.375623e-05
  5.5714e+00     8.522350e-05
  5.6142e+00     8.671646e-05
  5.6571e+00     8.823555e-05
  5.7000e+00     8.978124e-05
  5.7428e+00     9.135398e-05
  5.7857e+00     9.295426e-05
  5.8285e+00     9.458254e-05
  5.8714e+00     9.623933e-05
  5.9142e+00     9.792512e-05
  5.9571e+00     9.964042e-05
  6.0000e+00     1.013857e-04
  6.0428e+00     1.031616e-04
  6.0857e+00     1.049686e-04
  6.1285e+00     1.068071e-04
  6.1714e+00     1.086779e-04
  6.2142e+00     1.105814e-04
  6.2571e+00     1.125182e-04
  6.3000e+00     1.144888e-04
  6.3428e+00     1.164940e-04
  6.3857e+00     1.185343e-04
  6.4285e+00     1.206102e-04
  6.4714e+00     1.227225e-04
  6.5142e+00     1.248718e-04
  6.5571e+00     1.270586e-04
  6.6000e+00     1.292837e-04
  6.6428e+00     1.315478e-04
  6.6857e+00     1.338514e-04
  6.7285e+00     1.361954e-04
  6.7714e+00     1.385803e-04
  6.8142e+00     1.410070e-04
  6.8571e+00     1.434761e-04
  6.9000e+00     1.459884e-04
  6.9428e+00     1.485446e-04
  6.9857e+00     1.511456e-04
  7.0285e+00     1.537920e-04
  7.0714e+00     1.564847e-04
  7.1142e+00     1.592245e-04
  7.1571e+00     1.620122e-04
  7.2000e+00     1.648487e-04
  7.2428e+00     1.677348e-04
  7.2857e+00     1.706713e-04
  7.3285e+00     1.736591e-04
  7.3714e+00     1.766992e-04
  7.4142e+00     1.797925e-04
  7.4571e+00     1.829398e-04
  7.5000e+00     1.861421e-04
  7.5428e+00     1.894004e-04
  7.5857e+00     1.927157e-04
  7.6285e+00     1.960889e-04
  7.6714e+00     1.995211e-04
  7.7142e+00     2.030132e-04
  7.7571e+00     2.065664e-04
  7.8000e+00     2.101816e-04
  7.8428e+00     2.138601e-04
  7.8857e+00     2.176027e-04
  7.9285e+00     2.214108e-04
  7.9714e+00     2.252854e-04
  8.0142e+00     2.292277e-04
  8.0571e+00     2.332389e-04
  8.1000e+00     2.373201e-04
  8.1428e+00     2.414726e-04
  8.1857e+00     2.456976e-04
  8.2285e+00     2.499964e-04
  8.2714e+00     2.543703e-04
  8.3142e+00     2.588206e-04
  8.3571e+00     2.633485e-04
  8.4000e+00     2.679555e-04
  8.4428e+00     2.726429e-04
  8.4857e+00     2.774122e-04
  8.5285e+00     2.822647e-04
  8.5714e+00     2.872019e-04
  8.6142e+00     2.922252e-04
  8.6571e+00     2.973363e-04
  8.7000e+00     3.025365e-04
  8.7428e+00     3.078274e-04
  8.7857e+00     3.132106e-04
  8.8285e+00     3.186878e-04
  8.8714e+00     3.242605e-04
  8.9142e+00     3.299304e-04
  8.9571e+00     3.356992e-04
  9.0000e+00     3.415686e-04
  9.0428e+00     3.475403e-04
  9.0857e+00     3.536162e-04
  9.1285e+00     3.597980e-04
  9.1714e+00     3.660876e-04
  9.2142e+00     3.724868e-04
  9.2571e+00     3.789975e-04
  9.3000e+00     3.856217e-04
  9.3428e+00     3.923613e-04
  9.3857e+00     3.992184e-04
  9.4285e+00     4.061949e-04
  9.4714e+00     4.132929e-04
  9.5142e+00     4.205146e-04
  9.5571e+00     4.278621e-04
  9.6000e+00     4.353375e-04
  9.6428e+00     4.429430e-04
  9.6857e+00     4.506810e-04
  9.7285e+00     4.585537e-04
  9.7714e+00     4.665634e-04
  9.8142e+00     4.747126e-04
  9.8571e+00     4.830035e-04
  9.9000e+00     4.914387e-04
  9.9428e+00     5.000206e-04
  9.9857e+00     5.087518e-04
  1.0028e+01     5.176349e-04
  1.0071e+01     5.266725e-04
  1.0114e+01     5.358671e-04
  1.0157e+01     5.452217e-04
  1.0200e+01     5.547388e-04
  1.0242e+01     5.644214e-04
  1.0285e+01     5.742722e-04
  1.0328e+01     5.842941e-04
  1.0371e+01     5.944902e-04
  1.0414e+01     6.048633e-04
  1.0457e+01     6.154166e-04
  1.0500e+01     6.261532e-04
  1.0542e+01     6.370761e-04
  1.0585e+01     6.481886e-04
  1.0628e+01     6.594940e-04
  1.0671e+01     6.709955e-04
  1.0714e+01     6.826966e-04
  1.0757e+01     6.946006e-04
  1.0800e+01     7.067111e-04
  1.0842e+01     7.190316e-04
  1.0885e+01     7.315656e-04
  1.0928e+01     7.443169e-04
  1.0971e+01     7.572891e-04
  1.1014e+01     7.704860e-04
  1.1057e+01     7.839116e-04
  1.1100e+01     7.975696e-04
  1.1142e+01     8.114642e-04
  1.1185e+01     8.255992e-04
  1.1228e+01     8.399789e-04
  1.1271e+01     8.546073e-04
  1.1314e+01     8.694889e-04
  1.1357e+01     8.846277e-04
  1.1400e+01     9.000284e-04
  1.1442e+01     9.156952e-04
  1.1485e+01     9.316328e-04
  1.1528e+01     9.478458e-04
  1.1571e+01     9.643388e-04
  1.1614e+01     9.811166e-04
  1.1657e+01     9.981841e-04
  1.1700e+01     1.015546e-03
  1.1742e+01     1.033208e-03
  1.1785e+01     1.051174e-03
  1.1828e+01     1.069450e-03
  1.1871e+01     1.088041e-03
  1.1914e+01     1.106953e-03
  1.1957e+01     1.126190e-03
  1.2000e+01     1.145759e-03
  1.2042e+01     1.165665e-03
  1.2085e+01     1.185913e-03
  1.2128e+01     1.206510e-03
  1.2171e+01     1.227461e-03
  1.2214e+01     1.248772e-03
  1.2257e+01     1.270450e-03
  1.2300e+01     1.292500e-03
  1.2342e+01     1.314929e-03
  1.2385e+01     1.337743e-03
  1.2428e+01     1.360949e-03
  1.2471e+01     1.384553e-03
  1.2514e+01     1.408562e-03
  1.2557e+01     1.432983e-03
  1.2600e+01     1.457822e-03
  1.2642e+01     1.483087e-03
  1.2685e+01     1.508784e-03
  1.2728e+01     1.534921e-03
  1.2771e+01     1.561506e-03
  1.2814e+01     1.588545e-03
  1.2857e+01     1.616047e-03
  1.2900e+01     1.644019e-03
  1.2942e+01     1.672468e-03
  1.2985e+01     1.701403e-03
  1.3028e+01     1.730832e-03
  1.3071e+01     1.760763e-03
  1.3114e+01     1.791204e-03
  1.3157e+01     1.822164e-03
  1.3200e+01     1.853652e-03
  1.3242e+01     1.885675e-03
  1.3285e+01     1.918243e-03
  1.3328e+01     1.951365e-03
  1.3371e+01     1.985050e-03
  1.3414e+01     2.019308e-03
  1.3457e+01     2.054147e-03
  1.3500e+01     2.089577e-03
  1.3542e+01     2.125608e-03
  1.3585e+01     2.162249e-03
  1.3628e+01     2.199511e-03
  1.3671e+01     2.237404e-03
  1.3714e+01     2.275938e-03
  1.3757e+01     2.315124e-03
  1.3800e+01     2.354972e-03
  1.3842e+01     2.395492e-03
  1.3885e+01     2.436696e-03
  1.3928e+01     2.478595e-03
  1.3971e+01     2.521200e-03
  1.4014e+01     2.564522e-03
  1.4057e+01     2.608573e-03
  1.4100e+01     2.653365e-03
  1.4142e+01     2.698909e-03
  1.4185e+01     2.745218e-03
  1.4228e+01     2.792304e-03
  1.4271e+01     2.840179e-03
  1.4314e+01     2.888855e-03
  1.4357e+01     2.938347e-03
  1.4400e+01     2.988666e-03
  1.4442e+01     3.039825e-03
  1.4485e+01     3.091839e-03
  1.4528e+01     3.144720e-03
  1.4571e+01     3.198482e-03
  1.4614e+01     3.253139e-03
  1.4657e+01     3.308705e-03
  1.4700e+01     3.365195e-03
  1.4742e+01     3.422622e-03
  1.4785e+01     3.481001e-03
  1.4828e+01     3.540348e-03
  1.4871e+01     3.600677e-03
  1.4914e+01     3.662003e-03
  1.4957e+01     3.724342e-03
  1.5000e+01     3.787710e-03
  1.5042e+01     3.852122e-03
  1.5085e+01     3.917594e-03
  1.5128e+01     3.984142e-03
  1.5171e+01     4.051784e-03
  1.5214e+01     4.120535e-03
  1.5257e+01     4.190412e-03
  1.5300e+01     4.261433e-03
  1.5342e+01     4.333615e-03
  1.5385e+01     4.406975e-03
  1.5428e+01     4.481531e-03
  1.5471e+01     4.557300e-03
  1.5514e+01     4.634301e-03
  1.5557e+01     4.712553e-03
  1.5600e+01     4.792073e-03
  1.5642e+01     4.872881e-03
  1.5685e+01     4.954995e-03
  1.5728e+01     5.038434e-03
  1.5771e+01     5.123218e-03
  1.5814e+01     5.209367e-03
  1.5857e+01     5.296900e-03
  1.5900e+01     5.385837e-03
  1.5942e+01     5.476198e-03
  1.5985e+01     5.568005e-03
  1.6028e+01     5.661276e-03
  1.6071e+01     5.756034e-03
  1.6114e+01     5.852300e-03
  1.6157e+01     5.950093e-03
  1.6200e+01     6.049437e-03
  1.6242e+01     6.150352e-03
  1.6285e+01     6.252861e-03
  1.6328e+01     6.356985e-03
  1.6371e+01     6.462747e-03
  1.6414e+01     6.570169e-03
  1.6457e+01     6.679273e-03
  1.6500e+01     6.790083e-03
  1.6542e+01     6.902621e-03
  1.6585e+01     7.016911e-03
  1.6628e+01     7.132975e-03
  1.6671e+01     7.250838e-03
  1.6714e+01     7.370523e-03
  1.6757e+01     7.492054e-03
  1.6800e+01     7.615454e-03
  1.6842e+01     7.740748e-03
  1.6885e+01     7.867960e-03
  1.6928e+01     7.997114e-03
  1.6971e+01     8.128236e-03
  1.7014e+01     8.261349e-03
  1.7057e+01     8.396478e-03
  1.7100e+01     8.533649e-03
  1.7142e+01     8.672886e-03
  1.7185e+01     8.814214e-03
  1.7228e+01     8.957659e-03
  1.7271e+01     9.103245e-03
  1.7314e+01     9.250999e-03
  1.7357e+01     9.400944e-03
  1.7400e+01     9.553108e-03
  1.7442e+01     9.707515e-03
  1.7485e+01     9.864191e-03
  1.7528e+01     1.002316e-02
  1.7571e+01     1.018445e-02
  1.7614e+01     1.034809e-02
  1.7657e+01     1.051409e-02
  1.7700e+01     1.068249e-02
  1.7742e+01     1.085332e-02
  1.7785e+01     1.102659e-02
  1.7828e+01     1.120233e-02
  1.7871e+01     1.138057e-02
  1.7914e+01     1.156133e-02
  1.7957e+01     1.174464e-02
  1.8000e+01     1.193052e-02
  1.8042e+01     1.211900e-02
  1.8085e+01     1.231010e-02
  1.8128e+01     1.250384e-02
  1.8171e+01     1.270026e-02
  1.8214e+01     1.289936e-02
  1.8257e+01     1.310119e-02
  1.8300e+01     1.330575e-02
  1.8342e+01     1.351308e-02
  1.8385e+01     1.372319e-02
  1.8428e+01     1.393610e-02
  1.8471e+01     1.415185e-02
  1.8514e+01     1.437045e-02
  1.8557e+01     1.459192e-02
  1.8600e+01     1.481628e-02
  1.8642e+01     1.504355e-02
  1.8685e+01     1.527375e-02
  1.8728e+01     1.550690e-02
  1.8771e+01     1.574303e-02
  1.8814e+01     1.598213e-02
  1.8857e+01     1.622424e-02
  1.8900e+01     1.646937e-02
  1.8942e+01     1.671754e-02
  1.8985e+01     1.696876e-02
  1.9028e+01     1.722303e-02
  1.9071e+01     1.748039e-02
  1.9114e+01     1.774084e-02
  1.9157e+01     1.800438e-02
  1.9200e+01     1.827104e-02
  1.9242e+01     1.854082e-02
  1.9285e+01     1.881373e-02
  1.9328e+01     1.908978e-02
  1.9371e+01     1.936897e-02
  1.9414e+01     1.965131e-02
  1.9457e+01     1.993680e-02
  1.9500e+01     2.022544e-02
  1.9542e+01     2.051725e-02
  1.9585e+01     2.081221e-02
  1.9628e+01     2.111032e-02
  1.9671e+01     2.141159e-02
  1.9714e+01     2.171600e-02
  1.9757e+01     2.202356e-02
  1.9800e+01     2.233425e-02
  1.9842e+01     2.264807e-02
  1.9885e+01     2.296500e-02
  1.9928e+01     2.328504e-02
  1.9971e+01     2.360816e-02
  2.0014e+01     2.393435e-02
  2.0057e+01     2.426360e-02
  2.0100e+01     2.459589e-02
  2.0142e+01     2.493118e-02
  2.0185e+01     2.526947e-02
  2.0228e+01     2.561071e-02
  2.0271e+01     2.595489e-02
  2.0314e+01     2.630197e-02
  2.0357e+01     2.665192e-02
  2.0400e+01     2.700470e-02
  2.0442e+01     2.736028e-02
  2.0485e+01     2.771861e-02
  2.0528e+01     2.807966e-02
  2.0571e+01     2.844337e-02
  2.0614e+01     2.880971e-02
  2.0657e+01     2.917861e-02
  2.0700e+01     2.955003e-02
  2.0742e+01     2.992390e-02
  2.0785e+01     3.030018e-02
  2.0828e+01     3.067879e-02
  2.0871e+01     3.105967e-02
  2.0914e+01     3.144276e-02
  2.0957e+01     3.182799e-02
  2.1000e+01     3.221527e-02
  2.1042e+01     3.260453e-02
  2.1085e+01     3.299570e-02
  2.1128e+01     3.338868e-02
  2.1171e+01     3.378339e-02
  2.1214e+01     3.417974e-02
  2.1257e+01     3.457764e-02
  2.1300e+01     3.497699e-02
  2.1342e+01     3.537769e-02
  2.1385e+01     3.577963e-02
  2.1428e+01     3.618271e-02
  2.1471e+01     3.658681e-02
  2.1514e+01     3.699183e-02
  2.1557e+01     3.739764e-02
  2.1600e+01     3.780412e-02
  2.1642e+01     3.821116e-02
  2.1685e+01     3.861861e-02
  2.1728e+01     3.902635e-02
  2.1771e+01     3.943424e-02
  2.1814e+01     3.984214e-02
  2.1857e+01     4.024991e-02
  2.1900e+01     4.065740e-02
  2.1942e+01     4.106447e-02
  2.1985e+01     4.147096e-02
  2.2028e+01     4.187672e-02
  2.2071e+01     4.228158e-02
  2.2114e+01     4.268538e-02
  2.2157e+01     4.308795e-02
  2.2200e+01     4.348913e-02
  2.2242e+01     4.388875e-02
  2.2285e+01     4.428662e-02
  2.2328e+01     4.468256e-02
  2.2371e+01     4.507641e-02
  2.2414e+01     4.546796e-02
  2.2457e+01     4.585704e-02
  2.2500e+01     4.624345e-02
  2.2542e+01     4.662701e-02
  2.2585e+01     4.700751e-02
  2.2628e+01     4.738475e-02
  2.2671e+01     4.775855e-02
  2.2714e+01     4.812870e-02
  2.2757e+01     4.849499e-02
  2.2800e+01     4.885721e-02
  2.2842e+01     4.921518e-02
  2.2885e+01     4.956866e-02
  2.2928e+01     4.991746e-02
  2.2971e+01     5.026137e-02
  2.3014e+01     5.060017e-02
  2.3057e+01     5.093366e-02
  2.3100e+01     5.126161e-02
  2.3142e+01     5.158382e-02
  2.3185e+01     5.190007e-02
  2.3228e+01     5.221016e-02
  2.3271e+01     5.251387e-02
  2.3314e+01     5.281098e-02
  2.3357e+01     5.310130e-02
  2.3400e+01     5.338460e-02
  2.3442e+01     5.366068e-02
  2.3485e+01     5.392934e-02
  2.3528e+01     5.419036e-02
  2.3571e+01     5.444356e-02
  2.3614e+01     5.468872e-02
  2.3657e+01     5.492565e-02
  2.3700e+01     5.515415e-02
  2.3742e+01     5.537404e-02
  2.3785e+01     5.558513e-02
  2.3828e+01     5.578723e-02
  2.3871e+01     5.598015e-02
  2.3914e+01     5.616374e-02
  2.3957e+01     5.633781e-02
  2.4000e+01     5.650219e-02
  2.4042e+01     5.665674e-02
  2.4085e+01     5.680128e-02
  2.4128e+01     5.693568e-02
  2.4171e+01     5.705978e-02
  2.4214e+01     5.717345e-02
  2.4257e+01     5.727656e-02
  2.4300e+01     5.736897e-02
  2.4342e+01     5.745058e-02
  2.4385e+01     5.752127e-02
  2.4428e+01     5.758094e-02
  2.4471e+01     5.762949e-02
  2.4514e+01     5.766683e-02
  2.4557e+01     5.769288e-02
  2.4600e+01     5.770757e-02
  2.4642e+01     5.771083e-02
  2.4685e+01     5.770262e-02
  2.4728e+01     5.768288e-02
  2.4771e+01     5.765157e-02
  2.4814e+01     5.760867e-02
  2.4857e+01     5.755415e-02
  2.4900e+01     5.748800e-02
  2.4942e+01     5.741023e-02
  2.4985e+01     5.732084e-02
  2.5028e+01     5.721984e-02
  2.5071e+01     5.710727e-02
  2.5114e+01     5.698315e-02
  2.5157e+01     5.684754e-02
  2.5200e+01     5.670048e-02
  2.5242e+01     5.654205e-02
  2.5285e+01     5.637231e-02
  2.5328e+01     5.619135e-02
  2.5371e+01     5.599926e-02
  2.5414e+01     5.579615e-02
  2.5457e+01     5.558211e-02
  2.5500e+01     5.535728e-02
  2.5542e+01     5.512177e-02
  2.5585e+01     5.487573e-02
  2.5628e+01     5.461931e-02
  2.5671e+01     5.435264e-02
  2.5714e+01     5.407590e-02
  2.5757e+01     5.378926e-02
  2.5800e+01     5.349290e-02
  2.5842e+01     5.318699e-02
  2.5885e+01     5.287173e-02
  2.5928e+01     5.254732e-02
  2.5971e+01     5.221396e-02
  2.6014e+01     5.187187e-02
  2.6057e+01     5.152127e-02
  2.6100e+01     5.116237e-02
  2.6142e+01     5.079541e-02
  2.6185e+01     5.042063e-02
  2.6228e+01     5.003825e-02
  2.6271e+01     4.964853e-02
  2.6314e+01     4.925172e-02
  2.6357e+01     4.884806e-02
  2.6400e+01     4.843781e-02
  2.6442e+01     4.802123e-02
  2.6485e+01     4.759858e-02
  2.6528e+01     4.717012e-02
  2.6571e+01     4.673612e-02
  2.6614e+01     4.629684e-02
  2.6657e+01     4.585256e-02
  2.6700e+01     4.540354e-02
  2.6742e+01     4.495006e-02
  2.6785e+01     4.449238e-02
  2.6828e+01     4.403077e-02
  2.6871e+01     4.356550e-02
  2.6914e+01     4.309685e-02
  2.6957e+01     4.262508e-02
  2.7000e+01     4.215045e-02
  2.7042e+01     4.167324e-02
  2.7085e+01     4.119370e-02
  2.7128e+01     4.071209e-02
  2.7171e+01     4.022868e-02
  2.7214e+01     3.974371e-02
  2.7257e+01     3.925745e-02
  2.7300e+01     3.877013e-02
  2.7342e+01     3.828201e-02
  2.7385e+01     3.779332e-02
  2.7428e+01     3.730430e-02
  2.7471e+01     3.681519e-02
  2.7514e+01     3.632621e-02
  2.7557e+01     3.583758e-02
  2.7600e+01     3.534954e-02
  2.7642e+01     3.486228e-02
  2.7685e+01     3.437602e-02
  2.7728e+01     3.389097e-02
  2.7771e+01     3.340731e-02
  2.7814e+01     3.292525e-02
  2.7857e+01     3.244497e-02
  2.7900e+01     3.196666e-02
  2.7942e+01     3.149049e-02
  2.7985e+01     3.101662e-02
  2.8028e+01     3.054523e-02
  2.8071e+01     3.007647e-02
  2.8114e+01     2.961050e-02
  2.8157e+01     2.914746e-02
  2.8200e+01     2.868750e-02
  2.8242e+01     2.823074e-02
  2.8285e+01     2.777732e-02
  2.8328e+01     2.732737e-02
  2.8371e+01     2.688099e-02
  2.8414e+01     2.643830e-02
  2.8457e+01     2.599941e-02
  2.8500e+01     2.556442e-02
  2.8542e+01     2.513342e-02
  2.8585e+01     2.470650e-02
  2.8628e+01     2.428375e-02
  2.8671e+01     2.386524e-02
  2.8714e+01     2.345105e-02
  2.8757e+01     2.304124e-02
  2.8800e+01     2.263588e-02
  2.8842e+01     2.223502e-02
  2.8885e+01     2.183873e-02
  2.8928e+01     2.144703e-02
  2.8971e+01     2.105999e-02
  2.9014e+01     2.067764e-02
  2.9057e+01     2.030000e-02
  2.9100e+01     1.992712e-02
  2.9142e+01     1.955902e-02
  2.9185e+01     1.919571e-02
  2.9228e+01     1.883723e-02
  2.9271e+01     1.848357e-02
  2.9314e+01     1.813476e-02
  2.9357e+01     1.779079e-02
  2.9400e+01     1.745167e-02
  2.9442e+01     1.711741e-02
  2.9485e+01     1.678799e-02
  2.9528e+01     1.646341e-02
  2.9571e+01     1.614366e-02
  2.9614e+01     1.582873e-02
  2.9657e+01     1.551860e-02
  2.9700e+01     1.521325e-02
  2.9742e+01     1.491267e-02
  2.9785e+01     1.461684e-02
  2.9828e+01     1.432572e-02
  2.9871e+01     1.403928e-02
  2.9914e+01     1.375751e-02
  2.9957e+01     1.348037e-02
  3.0000e+01     1.320782e-02
  3.0042e+01     1.293984e-02
  3.0085e+01     1.267638e-02
  3.0128e+01     1.241741e-02
  3.0171e+01     1.216288e-02
  3.0214e+01     1.191277e-02
  3.0257e+01     1.166702e-02
  3.0300e+01     1.142559e-02
  3.0342e+01     1.118844e-02
  3.0385e+01     1.095552e-02
  3.0428e+01     1.072679e-02
  3.0471e+01     1.050220e-02
  3.0514e+01     1.028170e-02
  3.0557e+01     1.006525e-02
  3.0600e+01     9.852791e-03
  3.0642e+01     9.644279e-03
  3.0685e+01     9.439663e-03
  3.0728e+01     9.238892e-03
  3.0771e+01     9.041916e-03
  3.0814e+01     8.848684e-03
  3.0857e+01     8.659144e-03
  3.0900e+01     8.473245e-03
  3.0942e+01     8.290935e-03
  3.0985e+01     8.112163e-03
  3.1028e+01     7.936877e-03
  3.1071e+01     7.765024e-03
  3.1114e+01     7.596554e-03
  3.1157e+01     7.431415e-03
  3.1200e+01     7.269554e-03
  3.1242e+01     7.110922e-03
  3.1285e+01     6.955465e-03
  3.1328e+01     6.803134e-03
  3.1371e+01     6.653878e-03
  3.1414e+01     6.507646e-03
  3.1457e+01     6.364388e-03
  3.1500e+01     6.224055e-03
  3.1542e+01     6.086596e-03
  3.1585e+01     5.951962e-03
  3.1628e+01     5.820106e-03
  3.1671e+01     5.690978e-03
  3.1714e+01     5.564531e-03
  3.1757e+01     5.440717e-03
  3.1800e+01     5.319490e-03
  3.1842e+01     5.200802e-03
  3.1885e+01     5.084608e-03
  3.1928e+01     4.970863e-03
  3.1971e+01     4.859521e-03
  3.2014e+01     4.750538e-03
  3.2057e+01     4.643871e-03
  3.2100e+01     4.539475e-03
  3.2142e+01     4.437308e-03
  3.2185e+01     4.337327e-03
  3.2228e+01     4.239492e-03
  3.2271e+01     4.143760e-03
  3.2314e+01     4.050091e-03
  3.2357e+01     3.958446e-03
  3.2400e+01     3.868784e-03
  3.2442e+01     3.781067e-03
  3.2485e+01     3.695257e-03
  3.2528e+01     3.611316e-03
  3.2571e+01     3.529207e-03
  3.2614e+01     3.448892e-03
  3.2657e+01     3.370337e-03
  3.2700e+01     3.293506e-03
  3.2742e+01     3.218364e-03
  3.2785e+01     3.144876e-03
  3.2828e+01     3.073009e-03
  3.2871e+01     3.002730e-03
  3.2914e+01     2.934006e-03
  3.2957e+01     2.866806e-03
  3.3000e+01     2.801097e-03
  3.3042e+01     2.736848e-03
  3.3085e+01     2.674030e-03
  3.3128e+01     2.612613e-03
  3.3171e+01     2.552567e-03
  3.3214e+01     2.493863e-03
  3.3257e+01     2.436473e-03
  3.3300e+01     2.380369e-03
  3.3342e+01     2.325524e-03
  3.3385e+01     2.271912e-03
  3.3428e+01     2.219506e-03
  3.3471e+01     2.168280e-03
  3.3514e+01     2.118209e-03
  3.3557e+01     2.069268e-03
  3.3600e+01     2.021433e-03
  3.3642e+01     1.974681e-03
  3.3685e+01     1.928986e-03
  3.3728e+01     1.884328e-03
  3.3771e+01     1.840683e-03
  3.3814e+01     1.798029e-03
  3.3857e+01     1.756345e-03
  3.3900e+01     1.715609e-03
  3.3942e+01     1.675801e-03
  3.3985e+01     1.636900e-03
  3.4028e+01     1.598887e-03
  3.4071e+01     1.561741e-03
  3.4114e+01     1.525444e-03
  3.4157e+01     1.489978e-03
  3.4200e+01     1.455323e-03
  3.4242e+01     1.421461e-03
  3.4285e+01     1.388376e-03
  3.4328e+01     1.356050e-03
  3.4371e+01     1.324465e-03
  3.4414e+01     1.293606e-03
  3.4457e+01     1.263456e-03
  3.4500e+01     1.234000e-03
  3.4542e+01     1.205221e-03
  3.4585e+01     1.177106e-03
  3.4628e+01     1.149637e-03
  3.4671e+01     1.122803e-03
  3.4714e+01     1.096587e-03
  3.4757e+01     1.070976e-03
  3.4800e+01     1.045957e-03
  3.4842e+01     1.021516e-03
  3.4885e+01     9.976397e-04
  3.4928e+01     9.743158e-04
  3.4971e+01     9.515317e-04
  3.5014e+01     9.292751e-04
  3.5057e+01     9.075340e-04
  3.5100e+01     8.862967e-04
  3.5142e+01     8.655519e-04
  3.5185e+01     8.452882e-04
  3.5228e+01     8.254947e-04
  3.5271e+01     8.061608e-04
  3.5314e+01     7.872758e-04
  3.5357e+01     7.688297e-04
  3.5400e+01     7.508122e-04
  3.5442e+01     7.332137e-04
  3.5485e+01     7.160246e-04
  3.5528e+01     6.992355e-04
  3.5571e+01     6.828371e-04
  3.5614e+01     6.668206e-04
  3.5657e+01     6.511772e-04
  3.5700e+01     6.358982e-04
  3.5742e+01     6.209754e-04
  3.5785e+01     6.064006e-04
  3.5828e+01     5.921657e-04
  3.5871e+01     5.782629e-04
  3.5914e+01     5.646845e-04
  3.5957e+01     5.514231e-04
  3.6000e+01     5.384714e-04
  3.6042e+01     5.258221e-04
  3.6085e+01     5.134684e-04
  3.6128e+01     5.014034e-04
  3.6171e+01     4.896205e-04
  3.6214e+01     4.781130e-04
  3.6257e+01     4.668746e-04
  3.6300e+01     4.558991e-04
  3.6342e+01     4.451804e-04
  3.6385e+01     4.347126e-04
  3.6428e+01     4.244898e-04
  3.6471e+01     4.145063e-04
  3.6514e+01     4.047567e-04
  3.6557e+01     3.952353e-04
  3.6600e+01     3.859371e-04
  3.6642e+01     3.768567e-04
  3.6685e+01     3.679892e-04
  3.6728e+01     3.593295e-04
  3.6771e+01     3.508728e-04
  3.6814e+01     3.426144e-04
  3.6857e+01     3.345498e-04
  3.6900e+01     3.266743e-04
  3.6942e+01     3.189835e-04
  3.6985e+01     3.114732e-04
  3.7028e+01     3.041392e-04
  3.7071e+01     2.969774e-04
  3.7114e+01     2.899836e-04
  3.7157e+01     2.831541e-04
  3.7200e+01     2.764849e-04
  3.7242e+01     2.699724e-04
  3.7285e+01     2.636128e-04
  3.7328e+01     2.574027e-04
  3.7371e+01     2.513384e-04
  3.7414e+01     2.454167e-04
  3.7457e+01     2.396341e-04
  3.7500e+01     2.339875e-04
  3.7542e+01     2.284735e-04
  3.7585e+01     2.230892e-04
  3.7628e+01     2.178315e-04
  3.7671e+01     2.126975e-04
  3.7714e+01     2.076841e-04
  3.7757e+01     2.027887e-04
  3.7800e+01     1.980084e-04
  3.7842e+01     1.933406e-04
  3.7885e+01     1.887826e-04
  3.7928e+01     1.843319e-04
  3.7971e+01     1.799859e-04
  3.8014e+01     1.757421e-04
  3.8057e+01     1.715983e-04
  3.8100e+01     1.675519e-04
  3.8142e+01     1.636009e-04
  3.8185e+01     1.597428e-04
  3.8228e+01     1.559756e-04
  3.8271e+01     1.522970e-04
  3.8314e+01     1.487051e-04
  3.8357e+01     1.451978e-04
  3.8400e+01     1.417731e-04
  3.8442e+01     1.384290e-04
  3.8485e+01     1.351637e-04
  3.8528e+01     1.319753e-04
  3.8571e+01     1.288620e-04
  3.8614e+01     1.258221e-04
  3.8657e+01     1.228538e-04
  3.8700e+01     1.199554e-04
  3.8742e+01     1.171253e-04
  3.8785e+01     1.143619e-04
  3.8828e+01     1.116637e-04
  3.8871e+01     1.090290e-04
  3.8914e+01     1.064564e-04
  3.8957e+01     1.039445e-04
  3.9000e+01     1.014917e-04
  3.9042e+01     9.909679e-05
  3.9085e+01     9.675832e-05
  3.9128e+01     9.447497e-05
  3.9171e+01     9.224546e-05
  3.9214e+01     9.006852e-05
  3.9257e+01     8.794290e-05
  3.9300e+01     8.586740e-05
  3.9342e+01     8.384083e-05
  3.9385e+01     8.186206e-05
  3.9428e+01     7.992995e-05
  3.9471e+01     7.804340e-05
  3.9514e+01     7.620135e-05
  3.9557e+01     7.440274e-05
  3.9600e+01     7.264655e-05
  3.9642e+01     7.093178e-05
  3.9685e+01     6.925746e-05
  3.9728e+01     6.762263e-05
  3.9771e+01     6.602637e-05
  3.9814e+01     6.446776e-05
  3.9857e+01     6.294591e-05
  3.9900e+01     6.145997e-05
  3.9942e+01     6.000909e-05
  3.9985e+01     5.859243e-05
  4.0028e+01     5.720920e-05
  4.0071e+01     5.585861e-05
  4.0114e+01     5.453988e-05
  4.0157e+01     5.325227e-05
  4.0200e+01     5.199503e-05
  4.0242e+01     5.076747e-05
  4.0285e+01     4.956887e-05
  4.0328e+01     4.839856e-05
  4.0371e+01     4.725586e-05
  4.0414e+01     4.614013e-05
  4.0457e+01     4.505073e-05
  4.0500e+01     4.398704e-05
  4.0542e+01     4.294845e-05
  4.0585e+01     4.193437e-05
  4.0628e+01     4.094423e-05
  4.0671e+01     3.997745e-05
  4.0714e+01     3.903350e-05
  4.0757e+01     3.811182e-05
  4.0800e+01     3.721190e-05
  4.0842e+01     3.633322e-05
  4.0885e+01     3.547528e-05
  4.0928e+01     3.463760e-05
  4.0971e+01     3.381968e-05
  4.1014e+01     3.302107e-05
  4.1057e+01     3.224132e-05
  4.1100e+01     3.147997e-05
  4.1142e+01     3.073659e-05
  4.1185e+01     3.001076e-05
  4.1228e+01     2.930207e-05
  4.1271e+01     2.861011e-05
  4.1314e+01     2.793448e-05
  4.1357e+01     2.727481e-05
  4.1400e+01     2.663070e-05
  4.1442e+01     2.600181e-05
  4.1485e+01     2.538776e-05
  4.1528e+01     2.478821e-05
  4.1571e+01     2.420281e-05
  4.1614e+01     2.363124e-05
  4.1657e+01     2.307316e-05
  4.1700e+01     2.252826e-05
  4.1742e+01     2.199622e-05
  4.1785e+01     2.147675e-05
  4.1828e+01     2.096954e-05
  4.1871e+01     2.047430e-05
  4.1914e+01     1.999076e-05
  4.1957e+01     1.951864e-05
  4.2000e+01     1.905766e-05
  4.2042e+01     1.860757e-05
  4.2085e+01     1.816811e-05
  4.2128e+01     1.773903e-05
  4.2171e+01     1.732007e-05
  4.2214e+01     1.691101e-05
  4.2257e+01     1.651161e-05
  4.2300e+01     1.612164e-05
  4.2342e+01     1.574088e-05
  4.2385e+01     1.536911e-05
  4.2428e+01     1.500612e-05
  4.2471e+01     1.465170e-05
  4.2514e+01     1.430565e-05
  4.2557e+01     1.396778e-05
  4.2600e+01     1.363788e-05
  4.2642e+01     1.331577e-05
  4.2685e+01     1.300127e-05
  4.2728e+01     1.269420e-05
  4.2771e+01     1.239438e-05
  4.2814e+01     1.210163e-05
  4.2857e+01     1.181581e-05
  4.2900e+01     1.153673e-05
  4.2942e+01     1.126424e-05
  4.2985e+01     1.099819e-05
  4.3028e+01     1.073842e-05
  4.3071e+01     1.048479e-05
  4.3114e+01     1.023714e-05
  4.3157e+01     9.995347e-06
  4.3200e+01     9.759262e-06
  4.3242e+01     9.528752e-06
  4.3285e+01     9.303687e-06
  4.3328e+01     9.083937e-06
  4.3371e+01     8.869378e-06
  4.3414e+01     8.659885e-06
  4.3457e+01     8.455340e-06
  4.3500e+01     8.255626e-06
  4.3542e+01     8.060629e-06
  4.3585e+01     7.870238e-06
  4.3628e+01     7.684343e-06
  4.3671e+01     7.502838e-06
  4.3714e+01     7.325621e-06
  4.3757e+01     7.152588e-06
  4.3800e+01     6.983643e-06
  4.3842e+01     6.818688e-06
  4.3885e+01     6.657629e-06
  4.3928e+01     6.500374e-06
  4.3971e+01     6.346833e-06
  4.4014e+01     6.196918e-06
  4.4057e+01     6.050545e-06
  4.4100e+01     5.907628e-06
  4.4142e+01     5.768087e-06
  4.4185e+01     5.631842e-06
  4.4228e+01     5.498815e-06
  4.4271e+01     5.368930e-06
  4.4314e+01     5.242112e-06
  4.4357e+01     5.118290e-06
  4.4400e+01     4.997393e-06
  4.4442e+01     4.879351e-06
  4.4485e+01     4.764097e-06
  4.4528e+01     4.651566e-06
  4.4571e+01     4.541692e-06
  4.4614e+01     4.434414e-06
  4.4657e+01     4.329669e-06
  4.4700e+01     4.227399e-06
  4.4742e+01     4.127544e-06
  4.4785e+01     4.030048e-06
  4.4828e+01     3.934854e-06
  4.4871e+01     3.841909e-06
  4.4914e+01     3.751160e-06
  4.4957e+01     3.662553e-06
  4.5000e+01     3.576040e-06
  4.5042e+01     3.491570e-06
  4.5085e+01     3.409096e-06
  4.5128e+01     3.328569e-06
  4.5171e+01     3.249945e-06
  4.5214e+01     3.173178e-06
  4.5257e+01     3.098223e-06
  4.5300e+01     3.025040e-06
  4.5342e+01     2.953585e-06
  4.5385e+01     2.883818e-06
  4.5428e+01     2.815698e-06
  4.5471e+01     2.749188e-06
  4.5514e+01     2.684249e-06
  4.5557e+01     2.620844e-06
  4.5600e+01     2.558936e-06
  4.5642e+01     2.498491e-06
  4.5685e+01     2.439473e-06
  4.5728e+01     2.381850e-06
  4.5771e+01     2.325587e-06
  4.5814e+01     2.270654e-06
  4.5857e+01     2.217018e-06
  4.5900e+01     2.164649e-06
  4.5942e+01     2.113517e-06
  4.5985e+01     2.063592e-06
  4.6028e+01     2.014848e-06
  4.6071e+01     1.967254e-06
  4.6114e+01     1.920785e-06
  4.6157e+01     1.875413e-06
  4.6200e+01     1.831113e-06
  4.6242e+01     1.787859e-06
  4.6285e+01     1.745628e-06
  4.6328e+01     1.704393e-06
  4.6371e+01     1.664133e-06
  4.6414e+01     1.624824e-06
  4.6457e+01     1.586443e-06
  4.6500e+01     1.548969e-06
  4.6542e+01     1.512380e-06
  4.6585e+01     1.476655e-06
  4.6628e+01     1.441774e-06
  4.6671e+01     1.407717e-06
  4.6714e+01     1.374465e-06
  4.6757e+01     1.341998e-06
  4.6800e+01     1.310297e-06
  4.6842e+01     1.279346e-06
  4.6885e+01     1.249126e-06
  4.6928e+01     1.219620e-06
  4.6971e+01     1.190810e-06
  4.7014e+01     1.162681e-06
  4.7057e+01     1.135217e-06
  4.7100e+01     1.108401e-06
  4.7142e+01     1.082219e-06
  4.7185e+01     1.056655e-06
  4.7228e+01     1.031695e-06
  4.7271e+01     1.007325e-06
  4.7314e+01     9.835303e-07
  4.7357e+01     9.602976e-07
  4.7400e+01     9.376138e-07
  4.7442e+01     9.154658e-07
  4.7485e+01     8.938410e-07
  4.7528e+01     8.727269e-07
  4.7571e+01     8.521116e-07
  4.7614e+01     8.319833e-07
  4.7657e+01     8.123304e-07
  4.7700e+01     7.931418e-07
  4.7742e+01     7.744064e-07
  4.7785e+01     7.561136e-07
  4.7828e+01     7.382529e-07
  4.7871e+01     7.208141e-07
  4.7914e+01     7.037872e-07
  4.7957e+01     6.871626e-07
  4.8000e+01     6.709306e-07
  4.8042e+01     6.550821e-07
  4.8085e+01     6.396079e-07
  4.8128e+01     6.244992e-07
  4.8171e+01     6.097474e-07
  4.8214e+01     5.953441e-07
  4.8257e+01     5.812811e-07
  4.8300e+01     5.675502e-07
  4.8342e+01     5.541436e-07
  4.8385e+01     5.410538e-07
  4.8428e+01     5.282731e-07
  4.8471e+01     5.157944e-07
  4.8514e+01     5.036104e-07
  4.8557e+01     4.917142e-07
  4.8600e+01     4.800991e-07
  4.8642e+01     4.687583e-07
  4.8685e+01     4.576854e-07
  4.8728e+01     4.468740e-07
  4.8771e+01     4.363180e-07
  4.8814e+01     4.260114e-07
  4.8857e+01     4.159483e-07
  4.8900e+01     4.061228e-07
  4.8942e+01     3.965295e-07
  4.8985e+01     3.871627e-07
  4.9028e+01     3.780172e-07
  4.9071e+01     3.690878e-07
  4.9114e+01     3.603693e-07
  4.9157e+01     3.518567e-07
  4.9200e+01     3.435452e-07
  4.9242e+01     3.354300e-07
  4.9285e+01     3.275066e-07
  4.9328e+01     3.197703e-07
  4.9371e+01     3.122167e-07
  4.9414e+01     3.048416e-07
  4.9457e+01     2.976406e-07
  4.9500e+01     2.906098e-07
  4.9542e+01     2.837451e-07
  4.9585e+01     2.770425e-07
  4.9628e+01     2.704983e-07
  4.9671e+01     2.641086e-07
  4.9714e+01     2.578699e-07
  4.9757e+01     2.517785e-07
  4.9800e+01     2.458310e-07
  4.9842e+01     2.400240e-07
  4.9885e+01     2.343542e-07
  4.9928e+01     2.288184e-07
  4.9971e+01     2.234132e-07
  5.0014e+01     2.181358e-07
  5.0057e+01     2.129830e-07
  5.0100e+01     2.079520e-07
  5.0142e+01     2.030398e-07
  5.0185e+01     1.982436e-07
  5.0228e+01     1.935607e-07
  5.0271e+01     1.889885e-07
  5.0314e+01     1.845242e-07
  5.0357e+01     1.801654e-07
  5.0400e+01     1.759095e-07
  5.0442e+01     1.717542e-07
  5.0485e+01     1.676971e-07
  5.0528e+01     1.637358e-07
  5.0571e+01     1.598680e-07
  5.0614e+01     1.560916e-07
  5.0657e+01     1.524045e-07
  5.0700e+01     1.488044e-07
  5.0742e+01     1.452893e-07
  5.0785e+01     1.418573e-07
  5.0828e+01     1.385064e-07
  5.0871e+01     1.352346e-07
  5.0914e+01     1.320401e-07
  5.0957e+01     1.289211e-07
  5.1000e+01     1.258757e-07
  5.1042e+01     1.229023e-07
  5.1085e+01     1.199991e-07
  5.1128e+01     1.171645e-07
  5.1171e+01     1.143969e-07
  5.1214e+01     1.116946e-07
  5.1257e+01     1.090562e-07
  5.1300e+01     1.064801e-07
  5.1342e+01     1.039648e-07
  5.1385e+01     1.015090e-07
  5.1428e+01     9.911113e-08
  5.1471e+01     9.676994e-08
  5.1514e+01     9.448405e-08
  5.1557e+01     9.225216e-08
  5.1600e+01     9.007299e-08
  5.1642e+01     8.794529e-08
  5.1685e+01     8.586786e-08
  5.1728e+01     8.383950e-08
  5.1771e+01     8.185905e-08
  5.1814e+01     7.992539e-08
  5.1857e+01     7.803740e-08
  5.1900e+01     7.619401e-08
  5.1942e+01     7.439416e-08
  5.1985e+01     7.263683e-08
  5.2028e+01     7.092101e-08
  5.2071e+01     6.924573e-08
  5.2114e+01     6.761001e-08
  5.2157e+01     6.601293e-08
  5.2200e+01     6.445358e-08
  5.2242e+01     6.293107e-08
  5.2285e+01     6.144452e-08
  5.2328e+01     5.999308e-08
  5.2371e+01     5.857593e-08
  5.2414e+01     5.719226e-08
  5.2457e+01     5.584127e-08
  5.2500e+01     5.452219e-08
  5.2542e+01     5.323428e-08
  5.2585e+01     5.197678e-08
  5.2628e+01     5.074899e-08
  5.2671e+01     4.955020e-08
  5.2714e+01     4.837973e-08
  5.2757e+01     4.723691e-08
  5.2800e+01     4.612109e-08
  5.2842e+01     4.503162e-08
  5.2885e+01     4.396789e-08
  5.2928e+01     4.292928e-08
  5.2971e+01     4.191521e-08
  5.3014e+01     4.092510e-08
  5.3057e+01     3.995837e-08
  5.3100e+01     3.901448e-08
  5.3142e+01     3.809288e-08
  5.3185e+01     3.719305e-08
  5.3228e+01     3.631448e-08
  5.3271e+01     3.545667e-08
  5.3314e+01     3.461911e-08
  5.3357e+01     3.380134e-08
  5.3400e+01     3.300289e-08
  5.3442e+01     3.222330e-08
  5.3485e+01     3.146212e-08
  5.3528e+01     3.071893e-08
  5.3571e+01     2.999329e-08
  5.3614e+01     2.928479e-08
  5.3657e+01     2.859303e-08
  5.3700e+01     2.791761e-08
  5.3742e+01     2.725814e-08
  5.3785e+01     2.661425e-08
  5.3828e+01     2.598557e-08
  5.3871e+01     2.537174e-08
  5.3914e+01     2.477242e-08
  5.3957e+01     2.418724e-08
  5.4000e+01     2.361590e-08
  5.4042e+01     2.305804e-08
  5.4085e+01     2.251337e-08
  5.4128e+01     2.198156e-08
  5.4171e+01     2.146231e-08
  5.4214e+01     2.095533e-08
  5.4257e+01     2.046033e-08
  5.4300e+01     1.997702e-08
  5.4342e+01     1.950512e-08
  5.4385e+01     1.904437e-08
  5.4428e+01     1.859451e-08
  5.4471e+01     1.815527e-08
  5.4514e+01     1.772641e-08
  5.4557e+01     1.730768e-08
  5.4600e+01     1.689884e-08
  5.4642e+01     1.649965e-08
  5.4685e+01     1.610990e-08
  5.4728e+01     1.572936e-08
  5.4771e+01     1.535780e-08
  5.4814e+01     1.499502e-08
  5.4857e+01     1.464081e-08
  5.4900e+01     1.429496e-08
  5.4942e+01     1.395729e-08
  5.4985e+01     1.362759e-08
  5.5028e+01     1.330568e-08
  5.5071e+01     1.299138e-08
  5.5114e+01     1.268450e-08
  5.5157e+01     1.238486e-08
  5.5200e+01     1.209231e-08
  5.5242e+01     1.180667e-08
  5.5285e+01     1.152777e-08
  5.5328e+01     1.125546e-08
  5.5371e+01     1.098959e-08
  5.5414e+01     1.072999e-08
  5.5457e+01     1.047653e-08
  5.5500e+01     1.022905e-08
  5.5542e+01     9.987424e-09
  5.5585e+01     9.751502e-09
  5.5628e+01     9.521153e-09
  5.5671e+01     9.296245e-09
  5.5714e+01     9.076650e-09
  5.5757e+01     8.862242e-09
  5.5800e+01     8.652899e-09
  5.5842e+01     8.448501e-09
  5.5885e+01     8.248932e-09
  5.5928e+01     8.054076e-09
  5.5971e+01     7.863823e-09
  5.6014e+01     7.678065e-09
  5.6057e+01     7.496694e-09
  5.6100e+01     7.319608e-09
  5.6142e+01     7.146705e-09
  5.6185e+01     6.977886e-09
  5.6228e+01     6.813055e-09
  5.6271e+01     6.652118e-09
  5.6314e+01     6.494982e-09
  5.6357e+01     6.341559e-09
  5.6400e+01     6.191759e-09
  5.6442e+01     6.045498e-09
  5.6485e+01     5.902692e-09
  5.6528e+01     5.763259e-09
  5.6571e+01     5.627120e-09
  5.6614e+01     5.494196e-09
  5.6657e+01     5.364413e-09
  5.6700e+01     5.237695e-09
  5.6742e+01     5.113971e-09
  5.6785e+01     4.993169e-09
  5.6828e+01     4.875221e-09
  5.6871e+01     4.760059e-09
  5.6914e+01     4.647617e-09
  5.6957e+01     4.537832e-09
  5.7000e+01     4.430640e-09
  5.7042e+01     4.325980e-09
  5.7085e+01     4.223792e-09
  5.7128e+01     4.124018e-09
  5.7171e+01     4.026601e-09
  5.7214e+01     3.931485e-09
  5.7257e+01     3.838615e-09
  5.7300e+01     3.747940e-09
  5.7342e+01     3.659407e-09
  5.7385e+01     3.572964e-09
  5.7428e+01     3.488564e-09
  5.7471e+01     3.406158e-09
  5.7514e+01     3.325698e-09
  5.7557e+01     3.247138e-09
  5.7600e+01     3.170435e-09
  5.7642e+01     3.095543e-09
  5.7685e+01     3.022420e-09
  5.7728e+01     2.951025e-09
  5.7771e+01     2.881316e-09
  5.7814e+01     2.813254e-09
  5.7857e+01     2.746800e-09
  5.7900e+01     2.681915e-09
  5.7942e+01     2.618563e-09
  5.7985e+01     2.556708e-09
  5.8028e+01     2.496313e-09
  5.8071e+01     2.437346e-09
  5.8114e+01     2.379771e-09
  5.8157e+01     2.323556e-09
  5.8200e+01     2.268669e-09
  5.8242e+01     2.215079e-09
  5.8285e+01     2.162755e-09
  5.8328e+01     2.111666e-09
  5.8371e+01     2.061785e-09
  5.8414e+01     2.013081e-09
  5.8457e+01     1.965529e-09
  5.8500e+01     1.919099e-09
  5.8542e+01     1.873766e-09
  5.8585e+01     1.829504e-09
  5.8628e+01     1.786288e-09
  5.8671e+01     1.744093e-09
  5.8714e+01     1.702894e-09
  5.8757e+01     1.662668e-09
  5.8800e+01     1.623393e-09
  5.8842e+01     1.585045e-09
  5.8885e+01     1.547603e-09
  5.8928e+01     1.511046e-09
  5.8971e+01     1.475352e-09
  5.9014e+01     1.440502e-09
  5.9057e+01     1.406474e-09
  5.9100e+01     1.373251e-09
  5.9142e+01     1.340812e-09
  5.9185e+01     1.309139e-09
  5.9228e+01     1.278215e-09
  5.9271e+01     1.248021e-09
  5.9314e+01     1.218540e-09
  5.9357e+01     1.189756e-09
  5.9400e+01     1.161652e-09
  5.9442e+01     1.134211e-09
  5.9485e+01     1.107419e-09
  5.9528e+01     1.081260e-09
  5.9571e+01     1.055718e-09
  5.9614e+01     1.030780e-09
  5.9657e+01     1.006431e-09
  5.9700e+01     9.826575e-10
  5.9742e+01     9.594453e-10
  5.9785e+01     9.367814e-10
  5.9828e+01     9.146528e-10
  5.9871e+01     8.930470e-10
  5.9914e+01     8.719515e-10
  5.9957e+01     8.513543e-10
