# Epidemic | 7 days incidence [ x-unit: days | y-unit: per 100000 ]
  0.0000e+00     3.618006e+02
  2.0000e-01     3.627876e+02
  4.0000e-01     3.584561e+02
  6.0000e-01     3.588646e+02
  8.0000e-01     3.535918e+02
  1.0000e+00     3.551278e+02
  1.2000e+00     3.569870e+02
  1.4000e+00     3.555195e+02
  1.6000e+00     3.491880e+02
  1.8000e+00     3.487367e+02
  2.0000e+00     3.481486e+02
  2.2000e+00     3.408166e+02
  2.4000e+00     3.418746e+02
  2.6000e+00     3.430761e+02
  2.8000e+00     3.420830e+02
  3.0000e+00     3.379045e+02
  3.2000e+00     3.370338e+02
  3.4000e+00     3.335010e+02
  3.6000e+00     3.361990e+02
  3.8000e+00     3.343305e+02
  4.0000e+00     3.280053e+02
  4.2000e+00     3.289039e+02
  4.4000e+00     3.264931e+02
  4.6000e+00     3.232188e+02
  4.8000e+00     3.259306e+02
  5.0000e+00     3.230194e+02
  5.2000e+00     3.193733e+02
  5.4000e+00     3.218849e+02
  5.6000e+00     3.170789e+02
  5.8000e+00     3.199475e+02
  6.0000e+00     3.170344e+02
  6.2000e+00     3.183142e+02
  6.4000e+00     3.122916e+02
  6.6000e+00     3.160313e+02
  6.8000e+00     3.141568e+02
  7.0000e+00     3.160892e+02
  7.2000e+00     3.133978e+02
  7.4000e+00     3.116562e+02
  7.6000e+00     3.106030e+02
  7.8000e+00     3.135255e+02
  8.0000e+00     3.116250e+02
  8.2000e+00     3.073114e+02
  8.4000e+00     3.076631e+02
  8.6000e+00     3.106134e+02
  8.8000e+00     3.057441e+02
  9.0000e+00     3.064430e+02
  9.2000e+00     3.067445e+02
  9.4000e+00     3.076240e+02
  9.6000e+00     3.081265e+02
  9.8000e+00     3.053804e+02
  1.0000e+01     3.061705e+02
  1.0200e+01     3.064209e+02
  1.0400e+01     3.038751e+02
  1.0600e+01     3.032845e+02
  1.0800e+01     3.009005e+02
  1.1000e+01     3.031143e+02
  1.1200e+01     3.003343e+02
  1.1400e+01     3.032324e+02
  1.1600e+01     3.010386e+02
  1.1800e+01     3.021494e+02
  1.2000e+01     3.018929e+02
  1.2200e+01     3.017402e+02
  1.2400e+01     3.007154e+02
  1.2600e+01     3.003658e+02
  1.2800e+01     2.995167e+02
  1.3000e+01     2.973528e+02
  1.3200e+01     2.997570e+02
  1.3400e+01     2.996925e+02
  1.3600e+01     2.969463e+02
  1.3800e+01     2.981398e+02
  1.4000e+01     2.967327e+02
  1.4200e+01     2.983288e+02
  1.4400e+01     2.990409e+02
  1.4600e+01     2.983452e+02
  1.4800e+01     2.967286e+02
  1.5000e+01     2.978329e+02
  1.5200e+01     2.985080e+02
  1.5400e+01     2.973905e+02
  1.5600e+01     2.956252e+02
  1.5800e+01     2.978512e+02
  1.6000e+01     2.966243e+02
  1.6200e+01     2.975500e+02
  1.6400e+01     2.959573e+02
  1.6600e+01     2.954851e+02
  1.6800e+01     2.972610e+02
  1.7000e+01     2.960628e+02
  1.7200e+01     2.971323e+02
  1.7400e+01     2.957593e+02
  1.7600e+01     2.962299e+02
  1.7800e+01     2.957823e+02
  1.8000e+01     2.965583e+02
  1.8200e+01     2.963203e+02
  1.8400e+01     2.965162e+02
  1.8600e+01     2.960466e+02
  1.8800e+01     2.971890e+02
  1.9000e+01     2.963254e+02
  1.9200e+01     2.968916e+02
  1.9400e+01     2.973455e+02
  1.9600e+01     2.969894e+02
  1.9800e+01     2.969699e+02
  2.0000e+01     2.971409e+02
  2.0200e+01     2.976166e+02
  2.0400e+01     2.976137e+02
  2.0600e+01     2.979093e+02
  2.0800e+01     2.979837e+02
  2.1000e+01     2.981946e+02
  2.1200e+01     2.985101e+02
  2.1400e+01     2.989058e+02
  2.1600e+01     2.993025e+02
  2.1800e+01     2.997346e+02
  2.2000e+01     3.001959e+02
  2.2200e+01     3.006419e+02
  2.2400e+01     3.011199e+02
  2.2600e+01     3.016165e+02
  2.2800e+01     3.021438e+02
  2.3000e+01     3.027077e+02
  2.3200e+01     3.032532e+02
  2.3400e+01     3.038785e+02
  2.3600e+01     3.045250e+02
  2.3800e+01     3.051280e+02
  2.4000e+01     3.058038e+02
  2.4200e+01     3.065102e+02
  2.4400e+01     3.072473e+02
  2.4600e+01     3.079671e+02
  2.4800e+01     3.087547e+02
  2.5000e+01     3.095035e+02
  2.5200e+01     3.102960e+02
  2.5400e+01     3.111307e+02
  2.5600e+01     3.119471e+02
  2.5800e+01     3.128331e+02
  2.6000e+01     3.137479e+02
  2.6200e+01     3.146374e+02
  2.6400e+01     3.155615e+02
  2.6600e+01     3.165557e+02
  2.6800e+01     3.175246e+02
  2.7000e+01     3.185588e+02
  2.7200e+01     3.196167e+02
  2.7400e+01     3.206638e+02
  2.7600e+01     3.217553e+02
  2.7800e+01     3.229037e+02
  2.8000e+01     3.240834e+02
  2.8200e+01     3.252480e+02
  2.8400e+01     3.264297e+02
  2.8600e+01     3.276370e+02
  2.8800e+01     3.288839e+02
  2.9000e+01     3.301440e+02
  2.9200e+01     3.314334e+02
  2.9400e+01     3.327786e+02
  2.9600e+01     3.341538e+02
  2.9800e+01     3.355363e+02
  3.0000e+01     3.369558e+02
  3.0200e+01     3.384185e+02
  3.0400e+01     3.398531e+02
  3.0600e+01     3.413485e+02
  3.0800e+01     3.429084e+02
  3.1000e+01     3.444675e+02
  3.1200e+01     3.460242e+02
  3.1400e+01     3.476138e+02
  3.1600e+01     3.492771e+02
  3.1800e+01     3.508977e+02
  3.2000e+01     3.526117e+02
  3.2200e+01     3.543362e+02
  3.2400e+01     3.561036e+02
  3.2600e+01     3.579366e+02
  3.2800e+01     3.597319e+02
  3.3000e+01     3.615811e+02
  3.3200e+01     3.634932e+02
  3.3400e+01     3.654302e+02
  3.3600e+01     3.673515e+02
  3.3800e+01     3.693479e+02
  3.4000e+01     3.713529e+02
  3.4200e+01     3.733803e+02
  3.4400e+01     3.754957e+02
  3.4600e+01     3.775944e+02
  3.4800e+01     3.797034e+02
  3.5000e+01     3.818339e+02
  3.5200e+01     3.840694e+02
  3.5400e+01     3.863138e+02
  3.5600e+01     3.885966e+02
  3.5800e+01     3.909057e+02
  3.6000e+01     3.932658e+02
  3.6200e+01     3.956388e+02
  3.6400e+01     3.980418e+02
  3.6600e+01     4.004798e+02
  3.6800e+01     4.029708e+02
  3.7000e+01     4.055177e+02
  3.7200e+01     4.080496e+02
  3.7400e+01     4.106471e+02
  3.7600e+01     4.132338e+02
  3.7800e+01     4.158786e+02
  3.8000e+01     4.185636e+02
  3.8200e+01     4.213681e+02
  3.8400e+01     4.241553e+02
  3.8600e+01     4.269946e+02
  3.8800e+01     4.299002e+02
  3.9000e+01     4.328587e+02
  3.9200e+01     4.358649e+02
  3.9400e+01     4.388997e+02
  3.9600e+01     4.419554e+02
  3.9800e+01     4.450465e+02
  4.0000e+01     4.482145e+02
  4.0200e+01     4.513824e+02
  4.0400e+01     4.546012e+02
  4.0600e+01     4.579157e+02
  4.0800e+01     4.612761e+02
  4.1000e+01     4.646586e+02
  4.1200e+01     4.681080e+02
  4.1400e+01     4.715610e+02
  4.1600e+01     4.751137e+02
  4.1800e+01     4.787281e+02
  4.2000e+01     4.823727e+02
  4.2200e+01     4.860635e+02
  4.2400e+01     4.898065e+02
  4.2600e+01     4.935992e+02
  4.2800e+01     4.974511e+02
  4.3000e+01     5.013570e+02
  4.3200e+01     5.053357e+02
  4.3400e+01     5.093883e+02
  4.3600e+01     5.134779e+02
  4.3800e+01     5.176116e+02
  4.4000e+01     5.217717e+02
  4.4200e+01     5.260043e+02
  4.4400e+01     5.303165e+02
  4.4600e+01     5.346825e+02
  4.4800e+01     5.390702e+02
  4.5000e+01     5.436059e+02
  4.5200e+01     5.481166e+02
  4.5400e+01     5.527603e+02
  4.5600e+01     5.574327e+02
  4.5800e+01     5.621458e+02
  4.6000e+01     5.669011e+02
  4.6200e+01     5.717460e+02
  4.6400e+01     5.766230e+02
  4.6600e+01     5.816625e+02
  4.6800e+01     5.868076e+02
  4.7000e+01     5.918954e+02
  4.7200e+01     5.972136e+02
  4.7400e+01     6.025145e+02
  4.7600e+01     6.078512e+02
  4.7800e+01     6.132655e+02
  4.8000e+01     6.187975e+02
  4.8200e+01     6.243676e+02
  4.8400e+01     6.300279e+02
  4.8600e+01     6.357243e+02
  4.8800e+01     6.415197e+02
  4.9000e+01     6.473911e+02
  4.9200e+01     6.533517e+02
  4.9400e+01     6.593936e+02
  4.9600e+01     6.655168e+02
  4.9800e+01     6.716168e+02
  5.0000e+01     6.778379e+02
  5.0200e+01     6.841924e+02
  5.0400e+01     6.906391e+02
  5.0600e+01     6.970722e+02
  5.0800e+01     7.036860e+02
  5.1000e+01     7.103675e+02
  5.1200e+01     7.171588e+02
  5.1400e+01     7.239915e+02
  5.1600e+01     7.310250e+02
  5.1800e+01     7.381436e+02
  5.2000e+01     7.452378e+02
  5.2200e+01     7.525256e+02
  5.2400e+01     7.597677e+02
  5.2600e+01     7.671926e+02
  5.2800e+01     7.746498e+02
  5.3000e+01     7.822449e+02
  5.3200e+01     7.899764e+02
  5.3400e+01     7.978174e+02
  5.3600e+01     8.057009e+02
  5.3800e+01     8.137352e+02
  5.4000e+01     8.219213e+02
  5.4200e+01     8.299893e+02
  5.4400e+01     8.384105e+02
  5.4600e+01     8.468003e+02
  5.4800e+01     8.553342e+02
  5.5000e+01     8.638752e+02
  5.5200e+01     8.726774e+02
  5.5400e+01     8.815166e+02
  5.5600e+01     8.905395e+02
  5.5800e+01     8.996043e+02
  5.6000e+01     9.088412e+02
  5.6200e+01     9.181437e+02
  5.6400e+01     9.276049e+02
  5.6600e+01     9.370679e+02
  5.6800e+01     9.468208e+02
  5.7000e+01     9.566751e+02
  5.7200e+01     9.665758e+02
  5.7400e+01     9.765943e+02
  5.7600e+01     9.869432e+02
  5.7800e+01     9.972520e+02
  5.8000e+01     1.007805e+03
  5.8200e+01     1.018417e+03
  5.8400e+01     1.029262e+03
  5.8600e+01     1.040146e+03
  5.8800e+01     1.051074e+03
  5.9000e+01     1.062300e+03
  5.9200e+01     1.073512e+03
  5.9400e+01     1.084962e+03
  5.9600e+01     1.096409e+03
  5.9800e+01     1.108253e+03
  6.0000e+01     1.120144e+03
  6.0200e+01     1.132100e+03
  6.0400e+01     1.144337e+03
  6.0600e+01     1.156626e+03
  6.0800e+01     1.168902e+03
  6.1000e+01     1.181485e+03
  6.1200e+01     1.194239e+03
  6.1400e+01     1.206982e+03
  6.1600e+01     1.220043e+03
  6.1800e+01     1.233136e+03
  6.2000e+01     1.246523e+03
  6.2200e+01     1.259848e+03
  6.2400e+01     1.273453e+03
  6.2600e+01     1.287089e+03
  6.2800e+01     1.301061e+03
  6.3000e+01     1.315027e+03
  6.3200e+01     1.329328e+03
  6.3400e+01     1.343635e+03
  6.3600e+01     1.358277e+03
  6.3800e+01     1.373106e+03
  6.4000e+01     1.387954e+03
  6.4200e+01     1.402996e+03
  6.4400e+01     1.418129e+03
  6.4600e+01     1.433503e+03
  6.4800e+01     1.449102e+03
  6.5000e+01     1.464673e+03
  6.5200e+01     1.480496e+03
  6.5400e+01     1.496597e+03
  6.5600e+01     1.512595e+03
  6.5800e+01     1.529106e+03
  6.6000e+01     1.545726e+03
  6.6200e+01     1.562429e+03
  6.6400e+01     1.579537e+03
  6.6600e+01     1.596697e+03
  6.6800e+01     1.613941e+03
  6.7000e+01     1.631415e+03
  6.7200e+01     1.649221e+03
  6.7400e+01     1.666990e+03
  6.7600e+01     1.684973e+03
  6.7800e+01     1.703313e+03
  6.8000e+01     1.721663e+03
  6.8200e+01     1.740234e+03
  6.8400e+01     1.758988e+03
  6.8600e+01     1.778094e+03
  6.8800e+01     1.797280e+03
  6.9000e+01     1.816826e+03
  6.9200e+01     1.836396e+03
  6.9400e+01     1.856166e+03
  6.9600e+01     1.876212e+03
  6.9800e+01     1.896319e+03
  7.0000e+01     1.916577e+03
  7.0200e+01     1.936853e+03
  7.0400e+01     1.957595e+03
  7.0600e+01     1.978426e+03
  7.0800e+01     1.999171e+03
  7.1000e+01     2.020152e+03
  7.1200e+01     2.041603e+03
  7.1400e+01     2.063284e+03
  7.1600e+01     2.084775e+03
  7.1800e+01     2.106433e+03
  7.2000e+01     2.128610e+03
  7.2200e+01     2.150599e+03
  7.2400e+01     2.172873e+03
  7.2600e+01     2.195539e+03
  7.2800e+01     2.217979e+03
  7.3000e+01     2.240453e+03
  7.3200e+01     2.263266e+03
  7.3400e+01     2.286213e+03
  7.3600e+01     2.309681e+03
  7.3800e+01     2.332991e+03
  7.4000e+01     2.356667e+03
  7.4200e+01     2.380170e+03
  7.4400e+01     2.403934e+03
  7.4600e+01     2.427920e+03
  7.4800e+01     2.451761e+03
  7.5000e+01     2.475781e+03
  7.5200e+01     2.500067e+03
  7.5400e+01     2.524342e+03
  7.5600e+01     2.548564e+03
  7.5800e+01     2.573326e+03
  7.6000e+01     2.597833e+03
  7.6200e+01     2.622950e+03
  7.6400e+01     2.647953e+03
  7.6600e+01     2.673047e+03
  7.6800e+01     2.698076e+03
  7.7000e+01     2.723345e+03
  7.7200e+01     2.748934e+03
  7.7400e+01     2.774187e+03
  7.7600e+01     2.799641e+03
  7.7800e+01     2.825462e+03
  7.8000e+01     2.851493e+03
  7.8200e+01     2.877283e+03
  7.8400e+01     2.903059e+03
  7.8600e+01     2.929119e+03
  7.8800e+01     2.955141e+03
  7.9000e+01     2.981026e+03
  7.9200e+01     3.007301e+03
  7.9400e+01     3.033113e+03
  7.9600e+01     3.059318e+03
  7.9800e+01     3.085432e+03
  8.0000e+01     3.111656e+03
  8.0200e+01     3.137903e+03
  8.0400e+01     3.164202e+03
  8.0600e+01     3.189996e+03
  8.0800e+01     3.215772e+03
  8.1000e+01     3.241695e+03
  8.1200e+01     3.267855e+03
  8.1400e+01     3.294011e+03
  8.1600e+01     3.319755e+03
  8.1800e+01     3.345953e+03
  8.2000e+01     3.371890e+03
  8.2200e+01     3.397842e+03
  8.2400e+01     3.423586e+03
  8.2600e+01     3.449135e+03
  8.2800e+01     3.474413e+03
  8.3000e+01     3.499806e+03
  8.3200e+01     3.524496e+03
  8.3400e+01     3.549484e+03
  8.3600e+01     3.574158e+03
  8.3800e+01     3.598798e+03
  8.4000e+01     3.623536e+03
  8.4200e+01     3.647723e+03
  8.4400e+01     3.671660e+03
  8.4600e+01     3.695516e+03
  8.4800e+01     3.718919e+03
  8.5000e+01     3.742392e+03
  8.5200e+01     3.765648e+03
  8.5400e+01     3.788494e+03
  8.5600e+01     3.810965e+03
  8.5800e+01     3.833631e+03
  8.6000e+01     3.856038e+03
  8.6200e+01     3.877890e+03
  8.6400e+01     3.899536e+03
  8.6600e+01     3.920491e+03
  8.6800e+01     3.941465e+03
  8.7000e+01     3.962041e+03
  8.7200e+01     3.982346e+03
  8.7400e+01     4.001996e+03
  8.7600e+01     4.021545e+03
  8.7800e+01     4.041017e+03
  8.8000e+01     4.059353e+03
  8.8200e+01     4.077981e+03
  8.8400e+01     4.095474e+03
  8.8600e+01     4.113031e+03
  8.8800e+01     4.129772e+03
  8.9000e+01     4.146365e+03
  8.9200e+01     4.162107e+03
  8.9400e+01     4.177939e+03
  8.9600e+01     4.193210e+03
  8.9800e+01     4.207792e+03
  9.0000e+01     4.221955e+03
  9.0200e+01     4.236066e+03
  9.0400e+01     4.249443e+03
  9.0600e+01     4.262035e+03
  9.0800e+01     4.274607e+03
  9.1000e+01     4.286454e+03
  9.1200e+01     4.297379e+03
  9.1400e+01     4.308078e+03
  9.1600e+01     4.318079e+03
  9.1800e+01     4.327780e+03
  9.2000e+01     4.336643e+03
  9.2200e+01     4.344770e+03
  9.2400e+01     4.353047e+03
  9.2600e+01     4.360028e+03
  9.2800e+01     4.366375e+03
  9.3000e+01     4.372030e+03
  9.3200e+01     4.377132e+03
  9.3400e+01     4.381907e+03
  9.3600e+01     4.385959e+03
  9.3800e+01     4.389621e+03
  9.4000e+01     4.392657e+03
  9.4200e+01     4.394552e+03
  9.4400e+01     4.396171e+03
  9.4600e+01     4.397029e+03
  9.4800e+01     4.397293e+03
  9.5000e+01     4.396925e+03
  9.5200e+01     4.395055e+03
  9.5400e+01     4.393769e+03
  9.5600e+01     4.390928e+03
  9.5800e+01     4.388025e+03
  9.6000e+01     4.384518e+03
  9.6200e+01     4.380583e+03
  9.6400e+01     4.375227e+03
  9.6600e+01     4.369707e+03
  9.6800e+01     4.363541e+03
  9.7000e+01     4.356772e+03
  9.7200e+01     4.349058e+03
  9.7400e+01     4.340392e+03
  9.7600e+01     4.331681e+03
  9.7800e+01     4.322117e+03
  9.8000e+01     4.311543e+03
  9.8200e+01     4.300922e+03
  9.8400e+01     4.289540e+03
  9.8600e+01     4.277711e+03
  9.8800e+01     4.264856e+03
  9.9000e+01     4.251300e+03
  9.9200e+01     4.237631e+03
  9.9400e+01     4.222924e+03
  9.9600e+01     4.207964e+03
  9.9800e+01     4.192153e+03
  1.0000e+02     4.175882e+03
  1.0020e+02     4.159390e+03
  1.0040e+02     4.142043e+03
  1.0060e+02     4.124367e+03
  1.0080e+02     4.105718e+03
  1.0100e+02     4.086797e+03
  1.0120e+02     4.067951e+03
  1.0140e+02     4.048269e+03
  1.0160e+02     4.027942e+03
  1.0180e+02     4.007264e+03
  1.0200e+02     3.986331e+03
  1.0220e+02     3.964871e+03
  1.0240e+02     3.942439e+03
  1.0260e+02     3.920883e+03
  1.0280e+02     3.898144e+03
  1.0300e+02     3.874634e+03
  1.0320e+02     3.850908e+03
  1.0340e+02     3.827140e+03
  1.0360e+02     3.802735e+03
  1.0380e+02     3.778207e+03
  1.0400e+02     3.753261e+03
  1.0420e+02     3.728071e+03
  1.0440e+02     3.702674e+03
  1.0460e+02     3.677165e+03
  1.0480e+02     3.650805e+03
  1.0500e+02     3.624620e+03
  1.0520e+02     3.598108e+03
  1.0540e+02     3.571618e+03
  1.0560e+02     3.544621e+03
  1.0580e+02     3.517631e+03
  1.0600e+02     3.490490e+03
  1.0620e+02     3.462817e+03
  1.0640e+02     3.435067e+03
  1.0660e+02     3.407697e+03
  1.0680e+02     3.379659e+03
  1.0700e+02     3.351698e+03
  1.0720e+02     3.323405e+03
  1.0740e+02     3.295257e+03
  1.0760e+02     3.266756e+03
  1.0780e+02     3.238605e+03
  1.0800e+02     3.209925e+03
  1.0820e+02     3.181091e+03
  1.0840e+02     3.152036e+03
  1.0860e+02     3.123362e+03
  1.0880e+02     3.094462e+03
  1.0900e+02     3.065853e+03
  1.0920e+02     3.037478e+03
  1.0940e+02     3.008966e+03
  1.0960e+02     2.979840e+03
  1.0980e+02     2.951026e+03
  1.1000e+02     2.922619e+03
  1.1020e+02     2.893985e+03
  1.1040e+02     2.865540e+03
  1.1060e+02     2.837267e+03
  1.1080e+02     2.808748e+03
  1.1100e+02     2.780135e+03
  1.1120e+02     2.752016e+03
  1.1140e+02     2.724070e+03
  1.1160e+02     2.695890e+03
  1.1180e+02     2.668041e+03
  1.1200e+02     2.640188e+03
  1.1220e+02     2.612595e+03
  1.1240e+02     2.584927e+03
  1.1260e+02     2.557504e+03
  1.1280e+02     2.530326e+03
  1.1300e+02     2.503235e+03
  1.1320e+02     2.476406e+03
  1.1340e+02     2.449578e+03
  1.1360e+02     2.422949e+03
  1.1380e+02     2.396838e+03
  1.1400e+02     2.370639e+03
  1.1420e+02     2.344677e+03
  1.1440e+02     2.318726e+03
  1.1460e+02     2.293204e+03
  1.1480e+02     2.267718e+03
  1.1500e+02     2.242711e+03
  1.1520e+02     2.217756e+03
  1.1540e+02     2.193121e+03
  1.1560e+02     2.168690e+03
  1.1580e+02     2.144468e+03
  1.1600e+02     2.120350e+03
  1.1620e+02     2.096318e+03
  1.1640e+02     2.072527e+03
  1.1660e+02     2.049220e+03
  1.1680e+02     2.026142e+03
  1.1700e+02     2.003059e+03
  1.1720e+02     1.980344e+03
  1.1740e+02     1.958027e+03
  1.1760e+02     1.935641e+03
  1.1780e+02     1.913641e+03
  1.1800e+02     1.892043e+03
  1.1820e+02     1.870387e+03
  1.1840e+02     1.849014e+03
  1.1860e+02     1.827916e+03
  1.1880e+02     1.807110e+03
  1.1900e+02     1.786449e+03
  1.1920e+02     1.766054e+03
  1.1940e+02     1.746012e+03
  1.1960e+02     1.726159e+03
  1.1980e+02     1.706449e+03
  1.2000e+02     1.686992e+03
  1.2020e+02     1.667747e+03
  1.2040e+02     1.648731e+03
  1.2060e+02     1.629930e+03
  1.2080e+02     1.611478e+03
  1.2100e+02     1.593223e+03
  1.2120e+02     1.575199e+03
  1.2140e+02     1.557474e+03
  1.2160e+02     1.539967e+03
  1.2180e+02     1.522610e+03
  1.2200e+02     1.505497e+03
  1.2220e+02     1.488668e+03
  1.2240e+02     1.472195e+03
  1.2260e+02     1.455841e+03
  1.2280e+02     1.439709e+03
  1.2300e+02     1.423716e+03
  1.2320e+02     1.408015e+03
  1.2340e+02     1.392628e+03
  1.2360e+02     1.377327e+03
  1.2380e+02     1.362211e+03
  1.2400e+02     1.347389e+03
  1.2420e+02     1.332732e+03
  1.2440e+02     1.318137e+03
  1.2460e+02     1.303973e+03
  1.2480e+02     1.289955e+03
  1.2500e+02     1.276027e+03
  1.2520e+02     1.262312e+03
  1.2540e+02     1.248849e+03
  1.2560e+02     1.235535e+03
  1.2580e+02     1.222445e+03
  1.2600e+02     1.209649e+03
  1.2620e+02     1.196998e+03
  1.2640e+02     1.184416e+03
  1.2660e+02     1.172101e+03
  1.2680e+02     1.160011e+03
  1.2700e+02     1.148085e+03
  1.2720e+02     1.136261e+03
  1.2740e+02     1.124582e+03
  1.2760e+02     1.113058e+03
  1.2780e+02     1.101737e+03
  1.2800e+02     1.090614e+03
  1.2820e+02     1.079681e+03
  1.2840e+02     1.068967e+03
  1.2860e+02     1.058353e+03
  1.2880e+02     1.047944e+03
  1.2900e+02     1.037566e+03
  1.2920e+02     1.027430e+03
  1.2940e+02     1.017377e+03
  1.2960e+02     1.007564e+03
  1.2980e+02     9.978434e+02
  1.3000e+02     9.883717e+02
  1.3020e+02     9.789501e+02
  1.3040e+02     9.696897e+02
  1.3060e+02     9.605794e+02
  1.3080e+02     9.515706e+02
  1.3100e+02     9.427084e+02
  1.3120e+02     9.339449e+02
  1.3140e+02     9.253910e+02
  1.3160e+02     9.168398e+02
  1.3180e+02     9.085706e+02
  1.3200e+02     9.004704e+02
  1.3220e+02     8.924813e+02
  1.3240e+02     8.846255e+02
  1.3260e+02     8.768478e+02
  1.3280e+02     8.692654e+02
  1.3300e+02     8.618126e+02
  1.3320e+02     8.543903e+02
  1.3340e+02     8.471772e+02
  1.3360e+02     8.399865e+02
  1.3380e+02     8.329579e+02
  1.3400e+02     8.260009e+02
  1.3420e+02     8.192089e+02
  1.3440e+02     8.126266e+02
  1.3460e+02     8.060657e+02
  1.3480e+02     7.996125e+02
  1.3500e+02     7.931963e+02
  1.3520e+02     7.869469e+02
  1.3540e+02     7.807524e+02
  1.3560e+02     7.746803e+02
  1.3580e+02     7.686762e+02
  1.3600e+02     7.628309e+02
  1.3620e+02     7.569972e+02
  1.3640e+02     7.513380e+02
  1.3660e+02     7.456731e+02
  1.3680e+02     7.401608e+02
  1.3700e+02     7.346617e+02
  1.3720e+02     7.293263e+02
  1.3740e+02     7.241653e+02
  1.3760e+02     7.190146e+02
  1.3780e+02     7.139553e+02
  1.3800e+02     7.089222e+02
  1.3820e+02     7.040743e+02
  1.3840e+02     6.992098e+02
  1.3860e+02     6.945592e+02
  1.3880e+02     6.899298e+02
  1.3900e+02     6.853779e+02
  1.3920e+02     6.808972e+02
  1.3940e+02     6.764908e+02
  1.3960e+02     6.721602e+02
  1.3980e+02     6.678928e+02
  1.4000e+02     6.636610e+02
  1.4020e+02     6.595600e+02
  1.4040e+02     6.554993e+02
  1.4060e+02     6.515189e+02
  1.4080e+02     6.475774e+02
  1.4100e+02     6.438199e+02
  1.4120e+02     6.400499e+02
  1.4140e+02     6.363343e+02
  1.4160e+02     6.326979e+02
  1.4180e+02     6.291627e+02
  1.4200e+02     6.256491e+02
  1.4220e+02     6.222235e+02
  1.4240e+02     6.188540e+02
  1.4260e+02     6.155811e+02
  1.4280e+02     6.123430e+02
  1.4300e+02     6.091213e+02
  1.4320e+02     6.060053e+02
  1.4340e+02     6.029545e+02
  1.4360e+02     5.999821e+02
  1.4380e+02     5.970851e+02
  1.4400e+02     5.942507e+02
  1.4420e+02     5.914895e+02
  1.4440e+02     5.886263e+02
  1.4460e+02     5.858071e+02
  1.4480e+02     5.831770e+02
  1.4500e+02     5.805819e+02
  1.4520e+02     5.780458e+02
  1.4540e+02     5.755318e+02
  1.4560e+02     5.730179e+02
  1.4580e+02     5.705981e+02
  1.4600e+02     5.681715e+02
  1.4620e+02     5.658421e+02
  1.4640e+02     5.635685e+02
  1.4660e+02     5.613299e+02
  1.4680e+02     5.591550e+02
  1.4700e+02     5.570585e+02
  1.4720e+02     5.549599e+02
  1.4740e+02     5.529146e+02
  1.4760e+02     5.509647e+02
  1.4780e+02     5.490410e+02
  1.4800e+02     5.471058e+02
  1.4820e+02     5.452809e+02
  1.4840e+02     5.434924e+02
  1.4860e+02     5.417519e+02
  1.4880e+02     5.400545e+02
  1.4900e+02     5.384415e+02
  1.4920e+02     5.368145e+02
  1.4940e+02     5.352316e+02
  1.4960e+02     5.336411e+02
  1.4980e+02     5.321161e+02
  1.5000e+02     5.307075e+02
  1.5020e+02     5.292931e+02
  1.5040e+02     5.279712e+02
  1.5060e+02     5.266092e+02
  1.5080e+02     5.253172e+02
  1.5100e+02     5.240404e+02
  1.5120e+02     5.228185e+02
  1.5140e+02     5.216779e+02
  1.5160e+02     5.206019e+02
  1.5180e+02     5.195285e+02
  1.5200e+02     5.185142e+02
  1.5220e+02     5.175032e+02
  1.5240e+02     5.165657e+02
  1.5260e+02     5.156419e+02
  1.5280e+02     5.147841e+02
  1.5300e+02     5.139670e+02
  1.5320e+02     5.131461e+02
  1.5340e+02     5.123114e+02
  1.5360e+02     5.116421e+02
  1.5380e+02     5.109325e+02
  1.5400e+02     5.102237e+02
  1.5420e+02     5.096150e+02
  1.5440e+02     5.090326e+02
  1.5460e+02     5.084291e+02
  1.5480e+02     5.079426e+02
  1.5500e+02     5.074708e+02
  1.5520e+02     5.070260e+02
  1.5540e+02     5.065669e+02
  1.5560e+02     5.062104e+02
  1.5580e+02     5.058373e+02
  1.5600e+02     5.054935e+02
  1.5620e+02     5.052175e+02
  1.5640e+02     5.049405e+02
  1.5660e+02     5.047769e+02
  1.5680e+02     5.045993e+02
  1.5700e+02     5.044605e+02
  1.5720e+02     5.043662e+02
  1.5740e+02     5.041735e+02
  1.5760e+02     5.041050e+02
  1.5780e+02     5.040320e+02
  1.5800e+02     5.040728e+02
  1.5820e+02     5.041018e+02
  1.5840e+02     5.041439e+02
  1.5860e+02     5.042907e+02
  1.5880e+02     5.043746e+02
  1.5900e+02     5.045478e+02
  1.5920e+02     5.047145e+02
  1.5940e+02     5.049441e+02
  1.5960e+02     5.052282e+02
  1.5980e+02     5.054978e+02
  1.6000e+02     5.058040e+02
  1.6020e+02     5.061508e+02
  1.6040e+02     5.065200e+02
  1.6060e+02     5.068955e+02
  1.6080e+02     5.073469e+02
  1.6100e+02     5.078605e+02
  1.6120e+02     5.083364e+02
  1.6140e+02     5.089038e+02
  1.6160e+02     5.095228e+02
  1.6180e+02     5.100488e+02
  1.6200e+02     5.107244e+02
  1.6220e+02     5.113599e+02
  1.6240e+02     5.120936e+02
  1.6260e+02     5.127885e+02
  1.6280e+02     5.135647e+02
  1.6300e+02     5.144072e+02
  1.6320e+02     5.152289e+02
  1.6340e+02     5.161066e+02
  1.6360e+02     5.170016e+02
  1.6380e+02     5.179455e+02
  1.6400e+02     5.188690e+02
  1.6420e+02     5.198609e+02
  1.6440e+02     5.209039e+02
  1.6460e+02     5.220190e+02
  1.6480e+02     5.231381e+02
  1.6500e+02     5.242376e+02
  1.6520e+02     5.253640e+02
  1.6540e+02     5.266228e+02
  1.6560e+02     5.278316e+02
  1.6580e+02     5.290682e+02
  1.6600e+02     5.303309e+02
  1.6620e+02     5.316455e+02
  1.6640e+02     5.330392e+02
  1.6660e+02     5.344332e+02
  1.6680e+02     5.359078e+02
  1.6700e+02     5.373754e+02
  1.6720e+02     5.389269e+02
  1.6740e+02     5.404910e+02
  1.6760e+02     5.421027e+02
  1.6780e+02     5.436960e+02
  1.6800e+02     5.453946e+02
  1.6820e+02     5.471210e+02
  1.6840e+02     5.488275e+02
  1.6860e+02     5.505938e+02
  1.6880e+02     5.524312e+02
  1.6900e+02     5.542686e+02
  1.6920e+02     5.561401e+02
  1.6940e+02     5.580424e+02
  1.6960e+02     5.600137e+02
  1.6980e+02     5.620281e+02
  1.7000e+02     5.640690e+02
  1.7020e+02     5.661246e+02
  1.7040e+02     5.682657e+02
  1.7060e+02     5.703452e+02
  1.7080e+02     5.724716e+02
  1.7100e+02     5.747079e+02
  1.7120e+02     5.769354e+02
  1.7140e+02     5.792442e+02
  1.7160e+02     5.815700e+02
  1.7180e+02     5.839615e+02
  1.7200e+02     5.863498e+02
  1.7220e+02     5.888422e+02
  1.7240e+02     5.912465e+02
  1.7260e+02     5.938109e+02
  1.7280e+02     5.964228e+02
  1.7300e+02     5.990579e+02
  1.7320e+02     6.016843e+02
  1.7340e+02     6.043090e+02
  1.7360e+02     6.070266e+02
  1.7380e+02     6.097211e+02
  1.7400e+02     6.125645e+02
  1.7420e+02     6.153735e+02
  1.7440e+02     6.183297e+02
  1.7460e+02     6.212340e+02
  1.7480e+02     6.242597e+02
  1.7500e+02     6.272051e+02
  1.7520e+02     6.301767e+02
  1.7540e+02     6.332855e+02
  1.7560e+02     6.364085e+02
  1.7580e+02     6.395662e+02
  1.7600e+02     6.427234e+02
  1.7620e+02     6.460198e+02
  1.7640e+02     6.493222e+02
  1.7660e+02     6.526835e+02
  1.7680e+02     6.561115e+02
  1.7700e+02     6.595386e+02
  1.7720e+02     6.630707e+02
  1.7740e+02     6.666379e+02
  1.7760e+02     6.702595e+02
  1.7780e+02     6.739792e+02
  1.7800e+02     6.777283e+02
  1.7820e+02     6.814738e+02
  1.7840e+02     6.853263e+02
  1.7860e+02     6.891676e+02
  1.7880e+02     6.930987e+02
  1.7900e+02     6.970673e+02
  1.7920e+02     7.011099e+02
  1.7940e+02     7.051451e+02
  1.7960e+02     7.092004e+02
  1.7980e+02     7.134000e+02
  1.8000e+02     7.177028e+02
  1.8020e+02     7.220198e+02
  1.8040e+02     7.264438e+02
  1.8060e+02     7.309131e+02
  1.8080e+02     7.354891e+02
  1.8100e+02     7.399967e+02
  1.8120e+02     7.445738e+02
  1.8140e+02     7.491836e+02
  1.8160e+02     7.539328e+02
  1.8180e+02     7.586694e+02
  1.8200e+02     7.634699e+02
  1.8220e+02     7.683663e+02
  1.8240e+02     7.732627e+02
  1.8260e+02     7.782679e+02
  1.8280e+02     7.833541e+02
  1.8300e+02     7.885932e+02
  1.8320e+02     7.937336e+02
  1.8340e+02     7.990116e+02
  1.8360e+02     8.043331e+02
  1.8380e+02     8.096176e+02
  1.8400e+02     8.150596e+02
  1.8420e+02     8.205205e+02
  1.8440e+02     8.259756e+02
  1.8460e+02     8.316203e+02
  1.8480e+02     8.373175e+02
  1.8500e+02     8.430624e+02
  1.8520e+02     8.489618e+02
  1.8540e+02     8.548513e+02
  1.8560e+02     8.608050e+02
  1.8580e+02     8.668398e+02
  1.8600e+02     8.730112e+02
  1.8620e+02     8.792237e+02
  1.8640e+02     8.856152e+02
  1.8660e+02     8.919773e+02
  1.8680e+02     8.984048e+02
  1.8700e+02     9.048151e+02
  1.8720e+02     9.113113e+02
  1.8740e+02     9.179802e+02
  1.8760e+02     9.246310e+02
  1.8780e+02     9.312475e+02
  1.8800e+02     9.379860e+02
  1.8820e+02     9.449718e+02
  1.8840e+02     9.519599e+02
  1.8860e+02     9.590410e+02
  1.8880e+02     9.661720e+02
  1.8900e+02     9.734019e+02
  1.8920e+02     9.806973e+02
  1.8940e+02     9.880671e+02
  1.8960e+02     9.955460e+02
  1.8980e+02     1.003041e+03
  1.9000e+02     1.010620e+03
  1.9020e+02     1.018342e+03
  1.9040e+02     1.026128e+03
  1.9060e+02     1.033999e+03
  1.9080e+02     1.041946e+03
  1.9100e+02     1.050004e+03
  1.9120e+02     1.058115e+03
  1.9140e+02     1.066358e+03
  1.9160e+02     1.074707e+03
  1.9180e+02     1.083007e+03
  1.9200e+02     1.091437e+03
  1.9220e+02     1.100005e+03
  1.9240e+02     1.108606e+03
  1.9260e+02     1.117406e+03
  1.9280e+02     1.126258e+03
  1.9300e+02     1.135111e+03
  1.9320e+02     1.143974e+03
  1.9340e+02     1.152992e+03
  1.9360e+02     1.162181e+03
  1.9380e+02     1.171451e+03
  1.9400e+02     1.180777e+03
  1.9420e+02     1.190387e+03
  1.9440e+02     1.199761e+03
  1.9460e+02     1.209393e+03
  1.9480e+02     1.219208e+03
  1.9500e+02     1.229186e+03
  1.9520e+02     1.239071e+03
  1.9540e+02     1.249067e+03
  1.9560e+02     1.259114e+03
  1.9580e+02     1.269249e+03
  1.9600e+02     1.279703e+03
  1.9620e+02     1.290163e+03
  1.9640e+02     1.300698e+03
  1.9660e+02     1.311331e+03
  1.9680e+02     1.322125e+03
  1.9700e+02     1.332969e+03
  1.9720e+02     1.343954e+03
  1.9740e+02     1.354907e+03
  1.9760e+02     1.366016e+03
  1.9780e+02     1.377201e+03
  1.9800e+02     1.388589e+03
  1.9820e+02     1.400091e+03
  1.9840e+02     1.411650e+03
  1.9860e+02     1.423238e+03
  1.9880e+02     1.435040e+03
  1.9900e+02     1.446873e+03
  1.9920e+02     1.458861e+03
  1.9940e+02     1.470966e+03
  1.9960e+02     1.483092e+03
  1.9980e+02     1.495227e+03
  2.0000e+02     1.507456e+03
  2.0020e+02     1.519988e+03
  2.0040e+02     1.532415e+03
  2.0060e+02     1.545000e+03
  2.0080e+02     1.557665e+03
  2.0100e+02     1.570519e+03
  2.0120e+02     1.583503e+03
  2.0140e+02     1.596673e+03
  2.0160e+02     1.609923e+03
  2.0180e+02     1.623141e+03
  2.0200e+02     1.636491e+03
  2.0220e+02     1.649950e+03
  2.0240e+02     1.663517e+03
  2.0260e+02     1.677219e+03
  2.0280e+02     1.691079e+03
  2.0300e+02     1.705031e+03
  2.0320e+02     1.718868e+03
  2.0340e+02     1.732958e+03
  2.0360e+02     1.746994e+03
  2.0380e+02     1.761171e+03
  2.0400e+02     1.775458e+03
  2.0420e+02     1.789972e+03
  2.0440e+02     1.804640e+03
  2.0460e+02     1.819283e+03
  2.0480e+02     1.833952e+03
  2.0500e+02     1.848726e+03
  2.0520e+02     1.863754e+03
  2.0540e+02     1.878704e+03
  2.0560e+02     1.893789e+03
  2.0580e+02     1.908853e+03
  2.0600e+02     1.924277e+03
  2.0620e+02     1.939518e+03
  2.0640e+02     1.955116e+03
  2.0660e+02     1.970687e+03
  2.0680e+02     1.986367e+03
  2.0700e+02     2.002275e+03
  2.0720e+02     2.018165e+03
  2.0740e+02     2.034310e+03
  2.0760e+02     2.050185e+03
  2.0780e+02     2.066460e+03
  2.0800e+02     2.082488e+03
  2.0820e+02     2.098692e+03
  2.0840e+02     2.115026e+03
  2.0860e+02     2.131238e+03
  2.0880e+02     2.147695e+03
  2.0900e+02     2.163933e+03
  2.0920e+02     2.180379e+03
  2.0940e+02     2.197283e+03
  2.0960e+02     2.213956e+03
  2.0980e+02     2.230745e+03
  2.1000e+02     2.247478e+03
  2.1020e+02     2.264423e+03
  2.1040e+02     2.281449e+03
  2.1060e+02     2.298467e+03
  2.1080e+02     2.315561e+03
  2.1100e+02     2.332492e+03
  2.1120e+02     2.349473e+03
  2.1140e+02     2.366567e+03
  2.1160e+02     2.383502e+03
  2.1180e+02     2.400947e+03
  2.1200e+02     2.417993e+03
  2.1220e+02     2.435016e+03
  2.1240e+02     2.452326e+03
  2.1260e+02     2.469702e+03
  2.1280e+02     2.487104e+03
  2.1300e+02     2.504236e+03
  2.1320e+02     2.521569e+03
  2.1340e+02     2.538863e+03
  2.1360e+02     2.556324e+03
  2.1380e+02     2.573465e+03
  2.1400e+02     2.590562e+03
  2.1420e+02     2.607891e+03
  2.1440e+02     2.625035e+03
  2.1460e+02     2.642396e+03
  2.1480e+02     2.659400e+03
  2.1500e+02     2.676504e+03
  2.1520e+02     2.693408e+03
  2.1540e+02     2.710374e+03
  2.1560e+02     2.727351e+03
  2.1580e+02     2.744377e+03
  2.1600e+02     2.761634e+03
  2.1620e+02     2.778596e+03
  2.1640e+02     2.795261e+03
  2.1660e+02     2.811853e+03
  2.1680e+02     2.828541e+03
  2.1700e+02     2.844828e+03
  2.1720e+02     2.861457e+03
  2.1740e+02     2.877737e+03
  2.1760e+02     2.894017e+03
  2.1780e+02     2.910244e+03
  2.1800e+02     2.926554e+03
  2.1820e+02     2.942666e+03
  2.1840e+02     2.958965e+03
  2.1860e+02     2.975017e+03
  2.1880e+02     2.990517e+03
  2.1900e+02     3.006258e+03
  2.1920e+02     3.022082e+03
  2.1940e+02     3.037669e+03
  2.1960e+02     3.052721e+03
  2.1980e+02     3.067763e+03
  2.2000e+02     3.082643e+03
  2.2020e+02     3.097450e+03
  2.2040e+02     3.111796e+03
  2.2060e+02     3.126173e+03
  2.2080e+02     3.140669e+03
  2.2100e+02     3.154739e+03
  2.2120e+02     3.168674e+03
  2.2140e+02     3.182377e+03
  2.2160e+02     3.195814e+03
  2.2180e+02     3.209104e+03
  2.2200e+02     3.222359e+03
  2.2220e+02     3.235253e+03
  2.2240e+02     3.248147e+03
  2.2260e+02     3.260925e+03
  2.2280e+02     3.273330e+03
  2.2300e+02     3.285491e+03
  2.2320e+02     3.297540e+03
  2.2340e+02     3.309318e+03
  2.2360e+02     3.320881e+03
  2.2380e+02     3.331797e+03
  2.2400e+02     3.342808e+03
  2.2420e+02     3.353521e+03
  2.2440e+02     3.364139e+03
  2.2460e+02     3.374276e+03
  2.2480e+02     3.384374e+03
  2.2500e+02     3.394198e+03
  2.2520e+02     3.403340e+03
  2.2540e+02     3.412132e+03
  2.2560e+02     3.420950e+03
  2.2580e+02     3.429694e+03
  2.2600e+02     3.437826e+03
  2.2620e+02     3.445353e+03
  2.2640e+02     3.452609e+03
  2.2660e+02     3.460230e+03
  2.2680e+02     3.467208e+03
  2.2700e+02     3.474111e+03
  2.2720e+02     3.480674e+03
  2.2740e+02     3.486810e+03
  2.2760e+02     3.492452e+03
  2.2780e+02     3.497843e+03
  2.2800e+02     3.502954e+03
  2.2820e+02     3.507555e+03
  2.2840e+02     3.511713e+03
  2.2860e+02     3.516021e+03
  2.2880e+02     3.519638e+03
  2.2900e+02     3.523314e+03
  2.2920e+02     3.526794e+03
  2.2940e+02     3.529374e+03
  2.2960e+02     3.531571e+03
  2.2980e+02     3.533240e+03
  2.3000e+02     3.534787e+03
  2.3020e+02     3.535647e+03
  2.3040e+02     3.536349e+03
  2.3060e+02     3.536895e+03
  2.3080e+02     3.537510e+03
  2.3100e+02     3.537032e+03
  2.3120e+02     3.536504e+03
  2.3140e+02     3.535499e+03
  2.3160e+02     3.534397e+03
  2.3180e+02     3.532644e+03
  2.3200e+02     3.530306e+03
  2.3220e+02     3.528147e+03
  2.3240e+02     3.525196e+03
  2.3260e+02     3.521929e+03
  2.3280e+02     3.518375e+03
  2.3300e+02     3.514730e+03
  2.3320e+02     3.510703e+03
  2.3340e+02     3.506233e+03
  2.3360e+02     3.501183e+03
  2.3380e+02     3.496153e+03
  2.3400e+02     3.490380e+03
  2.3420e+02     3.484181e+03
  2.3440e+02     3.477852e+03
  2.3460e+02     3.471330e+03
  2.3480e+02     3.464093e+03
  2.3500e+02     3.457263e+03
  2.3520e+02     3.449806e+03
  2.3540e+02     3.442138e+03
  2.3560e+02     3.433829e+03
  2.3580e+02     3.425732e+03
  2.3600e+02     3.416779e+03
  2.3620e+02     3.407429e+03
  2.3640e+02     3.397936e+03
  2.3660e+02     3.388118e+03
  2.3680e+02     3.378005e+03
  2.3700e+02     3.367554e+03
  2.3720e+02     3.357433e+03
  2.3740e+02     3.346603e+03
  2.3760e+02     3.335281e+03
  2.3780e+02     3.323383e+03
  2.3800e+02     3.311955e+03
  2.3820e+02     3.299815e+03
  2.3840e+02     3.287283e+03
  2.3860e+02     3.274691e+03
  2.3880e+02     3.261687e+03
  2.3900e+02     3.248744e+03
  2.3920e+02     3.235361e+03
  2.3940e+02     3.221737e+03
  2.3960e+02     3.208063e+03
  2.3980e+02     3.193943e+03
  2.4000e+02     3.179507e+03
  2.4020e+02     3.165139e+03
  2.4040e+02     3.150634e+03
  2.4060e+02     3.135491e+03
  2.4080e+02     3.120306e+03
  2.4100e+02     3.105184e+03
  2.4120e+02     3.089802e+03
  2.4140e+02     3.073948e+03
  2.4160e+02     3.057926e+03
  2.4180e+02     3.042210e+03
  2.4200e+02     3.025685e+03
  2.4220e+02     3.009212e+03
  2.4240e+02     2.992863e+03
  2.4260e+02     2.976247e+03
  2.4280e+02     2.959180e+03
  2.4300e+02     2.941957e+03
  2.4320e+02     2.924896e+03
  2.4340e+02     2.907904e+03
  2.4360e+02     2.890743e+03
  2.4380e+02     2.873788e+03
  2.4400e+02     2.856501e+03
  2.4420e+02     2.838753e+03
  2.4440e+02     2.821241e+03
  2.4460e+02     2.803592e+03
  2.4480e+02     2.785974e+03
  2.4500e+02     2.768170e+03
  2.4520e+02     2.750164e+03
  2.4540e+02     2.732193e+03
  2.4560e+02     2.714060e+03
  2.4580e+02     2.696064e+03
  2.4600e+02     2.677919e+03
  2.4620e+02     2.659926e+03
  2.4640e+02     2.641899e+03
  2.4660e+02     2.623953e+03
  2.4680e+02     2.605634e+03
  2.4700e+02     2.587700e+03
  2.4720e+02     2.569410e+03
  2.4740e+02     2.551113e+03
  2.4760e+02     2.533137e+03
  2.4780e+02     2.515056e+03
  2.4800e+02     2.496942e+03
  2.4820e+02     2.478777e+03
  2.4840e+02     2.460825e+03
  2.4860e+02     2.442687e+03
  2.4880e+02     2.424584e+03
  2.4900e+02     2.406485e+03
  2.4920e+02     2.388478e+03
  2.4940e+02     2.370413e+03
  2.4960e+02     2.352317e+03
  2.4980e+02     2.334437e+03
  2.5000e+02     2.316736e+03
  2.5020e+02     2.298755e+03
  2.5040e+02     2.280842e+03
  2.5060e+02     2.262984e+03
  2.5080e+02     2.245159e+03
  2.5100e+02     2.227434e+03
  2.5120e+02     2.209926e+03
  2.5140e+02     2.192225e+03
  2.5160e+02     2.174813e+03
  2.5180e+02     2.157561e+03
  2.5200e+02     2.140350e+03
  2.5220e+02     2.123290e+03
  2.5240e+02     2.106348e+03
  2.5260e+02     2.089589e+03
  2.5280e+02     2.072743e+03
  2.5300e+02     2.056084e+03
  2.5320e+02     2.039342e+03
  2.5340e+02     2.022961e+03
  2.5360e+02     2.006211e+03
  2.5380e+02     1.990178e+03
  2.5400e+02     1.973777e+03
  2.5420e+02     1.957638e+03
  2.5440e+02     1.941611e+03
  2.5460e+02     1.925700e+03
  2.5480e+02     1.909774e+03
  2.5500e+02     1.893884e+03
  2.5520e+02     1.878196e+03
  2.5540e+02     1.862918e+03
  2.5560e+02     1.847718e+03
  2.5580e+02     1.832347e+03
  2.5600e+02     1.817315e+03
  2.5620e+02     1.802185e+03
  2.5640e+02     1.787326e+03
  2.5660e+02     1.772565e+03
  2.5680e+02     1.758033e+03
  2.5700e+02     1.743603e+03
  2.5720e+02     1.729383e+03
  2.5740e+02     1.715115e+03
  2.5760e+02     1.701142e+03
  2.5780e+02     1.687185e+03
  2.5800e+02     1.673290e+03
  2.5820e+02     1.659336e+03
  2.5840e+02     1.645789e+03
  2.5860e+02     1.632266e+03
  2.5880e+02     1.618824e+03
  2.5900e+02     1.605653e+03
  2.5920e+02     1.592442e+03
  2.5940e+02     1.579699e+03
  2.5960e+02     1.566698e+03
  2.5980e+02     1.553982e+03
  2.6000e+02     1.541264e+03
  2.6020e+02     1.528739e+03
  2.6040e+02     1.516224e+03
  2.6060e+02     1.504207e+03
  2.6080e+02     1.492026e+03
  2.6100e+02     1.480122e+03
  2.6120e+02     1.468145e+03
  2.6140e+02     1.456427e+03
  2.6160e+02     1.444795e+03
  2.6180e+02     1.433282e+03
  2.6200e+02     1.421876e+03
  2.6220e+02     1.410739e+03
  2.6240e+02     1.399557e+03
  2.6260e+02     1.388498e+03
  2.6280e+02     1.377696e+03
  2.6300e+02     1.366881e+03
  2.6320e+02     1.356336e+03
  2.6340e+02     1.345796e+03
  2.6360e+02     1.335585e+03
  2.6380e+02     1.325227e+03
  2.6400e+02     1.315070e+03
  2.6420e+02     1.305023e+03
  2.6440e+02     1.295214e+03
  2.6460e+02     1.285332e+03
  2.6480e+02     1.275730e+03
  2.6500e+02     1.266252e+03
  2.6520e+02     1.256976e+03
  2.6540e+02     1.247556e+03
  2.6560e+02     1.238579e+03
  2.6580e+02     1.229479e+03
  2.6600e+02     1.220403e+03
  2.6620e+02     1.211714e+03
  2.6640e+02     1.202913e+03
  2.6660e+02     1.194375e+03
  2.6680e+02     1.185906e+03
  2.6700e+02     1.177440e+03
  2.6720e+02     1.169117e+03
  2.6740e+02     1.160972e+03
  2.6760e+02     1.152770e+03
  2.6780e+02     1.144741e+03
  2.6800e+02     1.136672e+03
  2.6820e+02     1.128893e+03
  2.6840e+02     1.121115e+03
  2.6860e+02     1.113506e+03
  2.6880e+02     1.105948e+03
  2.6900e+02     1.098599e+03
  2.6920e+02     1.091164e+03
  2.6940e+02     1.083896e+03
  2.6960e+02     1.076870e+03
  2.6980e+02     1.069868e+03
  2.7000e+02     1.062998e+03
  2.7020e+02     1.056103e+03
  2.7040e+02     1.049439e+03
  2.7060e+02     1.042685e+03
  2.7080e+02     1.036166e+03
  2.7100e+02     1.029619e+03
  2.7120e+02     1.023205e+03
  2.7140e+02     1.016846e+03
  2.7160e+02     1.010711e+03
  2.7180e+02     1.004554e+03
  2.7200e+02     9.983759e+02
  2.7220e+02     9.923964e+02
  2.7240e+02     9.864622e+02
  2.7260e+02     9.805055e+02
  2.7280e+02     9.747978e+02
  2.7300e+02     9.691765e+02
  2.7320e+02     9.634840e+02
  2.7340e+02     9.578175e+02
  2.7360e+02     9.523073e+02
  2.7380e+02     9.468715e+02
  2.7400e+02     9.416264e+02
  2.7420e+02     9.364470e+02
  2.7440e+02     9.312988e+02
  2.7460e+02     9.262499e+02
  2.7480e+02     9.212597e+02
  2.7500e+02     9.164322e+02
  2.7520e+02     9.116480e+02
  2.7540e+02     9.069703e+02
  2.7560e+02     9.023125e+02
  2.7580e+02     8.978144e+02
  2.7600e+02     8.932918e+02
  2.7620e+02     8.889107e+02
  2.7640e+02     8.844926e+02
  2.7660e+02     8.801567e+02
  2.7680e+02     8.758830e+02
  2.7700e+02     8.717508e+02
  2.7720e+02     8.676907e+02
  2.7740e+02     8.635153e+02
  2.7760e+02     8.595287e+02
  2.7780e+02     8.555600e+02
  2.7800e+02     8.517943e+02
  2.7820e+02     8.480583e+02
  2.7840e+02     8.444234e+02
  2.7860e+02     8.407827e+02
  2.7880e+02     8.371391e+02
  2.7900e+02     8.336207e+02
  2.7920e+02     8.301431e+02
  2.7940e+02     8.267276e+02
  2.7960e+02     8.234089e+02
  2.7980e+02     8.201170e+02
  2.8000e+02     8.169168e+02
  2.8020e+02     8.137721e+02
  2.8040e+02     8.107492e+02
  2.8060e+02     8.076548e+02
  2.8080e+02     8.047161e+02
  2.8100e+02     8.018328e+02
  2.8120e+02     7.989740e+02
  2.8140e+02     7.961499e+02
  2.8160e+02     7.933618e+02
  2.8180e+02     7.907102e+02
  2.8200e+02     7.879959e+02
  2.8220e+02     7.854546e+02
  2.8240e+02     7.829100e+02
  2.8260e+02     7.804103e+02
  2.8280e+02     7.778911e+02
  2.8300e+02     7.755215e+02
  2.8320e+02     7.731450e+02
  2.8340e+02     7.708444e+02
  2.8360e+02     7.685294e+02
  2.8380e+02     7.663370e+02
  2.8400e+02     7.641451e+02
  2.8420e+02     7.620701e+02
  2.8440e+02     7.600799e+02
  2.8460e+02     7.580890e+02
  2.8480e+02     7.561094e+02
  2.8500e+02     7.541406e+02
  2.8520e+02     7.522608e+02
  2.8540e+02     7.503522e+02
  2.8560e+02     7.485889e+02
  2.8580e+02     7.468687e+02
  2.8600e+02     7.452689e+02
  2.8620e+02     7.436386e+02
  2.8640e+02     7.420807e+02
  2.8660e+02     7.405445e+02
  2.8680e+02     7.390923e+02
  2.8700e+02     7.376252e+02
  2.8720e+02     7.362759e+02
  2.8740e+02     7.348856e+02
  2.8760e+02     7.336521e+02
  2.8780e+02     7.323256e+02
  2.8800e+02     7.310848e+02
  2.8820e+02     7.298977e+02
  2.8840e+02     7.287545e+02
  2.8860e+02     7.276543e+02
  2.8880e+02     7.265643e+02
  2.8900e+02     7.256207e+02
  2.8920e+02     7.245929e+02
  2.8940e+02     7.236321e+02
  2.8960e+02     7.226896e+02
  2.8980e+02     7.218168e+02
  2.9000e+02     7.209782e+02
  2.9020e+02     7.201726e+02
  2.9040e+02     7.195275e+02
  2.9060e+02     7.188760e+02
  2.9080e+02     7.183310e+02
  2.9100e+02     7.177682e+02
  2.9120e+02     7.172052e+02
  2.9140e+02     7.166393e+02
  2.9160e+02     7.161986e+02
  2.9180e+02     7.157225e+02
  2.9200e+02     7.153534e+02
  2.9220e+02     7.149358e+02
  2.9240e+02     7.146150e+02
  2.9260e+02     7.142578e+02
  2.9280e+02     7.140055e+02
  2.9300e+02     7.137275e+02
  2.9320e+02     7.135320e+02
  2.9340e+02     7.134439e+02
  2.9360e+02     7.133228e+02
  2.9380e+02     7.132284e+02
  2.9400e+02     7.132462e+02
  2.9420e+02     7.132332e+02
  2.9440e+02     7.132578e+02
  2.9460e+02     7.133516e+02
  2.9480e+02     7.135296e+02
  2.9500e+02     7.136384e+02
  2.9520e+02     7.138140e+02
  2.9540e+02     7.140412e+02
  2.9560e+02     7.143088e+02
  2.9580e+02     7.146163e+02
  2.9600e+02     7.149623e+02
  2.9620e+02     7.153393e+02
  2.9640e+02     7.157162e+02
  2.9660e+02     7.161385e+02
  2.9680e+02     7.166409e+02
  2.9700e+02     7.171684e+02
  2.9720e+02     7.177815e+02
  2.9740e+02     7.182780e+02
  2.9760e+02     7.187940e+02
  2.9780e+02     7.194139e+02
  2.9800e+02     7.200532e+02
  2.9820e+02     7.207435e+02
  2.9840e+02     7.215102e+02
  2.9860e+02     7.223096e+02
  2.9880e+02     7.231913e+02
  2.9900e+02     7.240885e+02
  2.9920e+02     7.250610e+02
  2.9940e+02     7.259929e+02
  2.9960e+02     7.270744e+02
  2.9980e+02     7.281350e+02
  3.0000e+02     7.292775e+02
  3.0020e+02     7.304183e+02
  3.0040e+02     7.315905e+02
  3.0060e+02     7.328190e+02
  3.0080e+02     7.340823e+02
  3.0100e+02     7.352788e+02
  3.0120e+02     7.365977e+02
  3.0140e+02     7.379466e+02
  3.0160e+02     7.393459e+02
  3.0180e+02     7.407499e+02
  3.0200e+02     7.422543e+02
  3.0220e+02     7.437978e+02
  3.0240e+02     7.452871e+02
  3.0260e+02     7.467938e+02
  3.0280e+02     7.483585e+02
  3.0300e+02     7.500081e+02
  3.0320e+02     7.516458e+02
  3.0340e+02     7.533499e+02
  3.0360e+02     7.552359e+02
  3.0380e+02     7.569994e+02
  3.0400e+02     7.587570e+02
  3.0420e+02     7.606999e+02
  3.0440e+02     7.627116e+02
  3.0460e+02     7.647317e+02
  3.0480e+02     7.667461e+02
  3.0500e+02     7.687462e+02
  3.0520e+02     7.708705e+02
  3.0540e+02     7.729457e+02
  3.0560e+02     7.750708e+02
  3.0580e+02     7.773127e+02
  3.0600e+02     7.795355e+02
  3.0620e+02     7.818587e+02
  3.0640e+02     7.842634e+02
  3.0660e+02     7.865466e+02
  3.0680e+02     7.889485e+02
  3.0700e+02     7.913482e+02
  3.0720e+02     7.937999e+02
  3.0740e+02     7.963005e+02
  3.0760e+02     7.988282e+02
  3.0780e+02     8.014479e+02
  3.0800e+02     8.041320e+02
  3.0820e+02     8.067664e+02
  3.0840e+02     8.094883e+02
  3.0860e+02     8.121722e+02
  3.0880e+02     8.149710e+02
  3.0900e+02     8.178070e+02
  3.0920e+02     8.206398e+02
  3.0940e+02     8.236060e+02
  3.0960e+02     8.266634e+02
  3.0980e+02     8.297404e+02
  3.1000e+02     8.328592e+02
  3.1020e+02     8.360187e+02
  3.1040e+02     8.392704e+02
  3.1060e+02     8.423576e+02
  3.1080e+02     8.455850e+02
  3.1100e+02     8.489064e+02
  3.1120e+02     8.521611e+02
  3.1140e+02     8.555377e+02
  3.1160e+02     8.589597e+02
  3.1180e+02     8.623914e+02
  3.1200e+02     8.659468e+02
  3.1220e+02     8.695354e+02
  3.1240e+02     8.732257e+02
  3.1260e+02     8.769473e+02
  3.1280e+02     8.806918e+02
  3.1300e+02     8.844627e+02
  3.1320e+02     8.881611e+02
  3.1340e+02     8.918614e+02
  3.1360e+02     8.958051e+02
  3.1380e+02     8.997686e+02
  3.1400e+02     9.037110e+02
  3.1420e+02     9.077148e+02
  3.1440e+02     9.118108e+02
  3.1460e+02     9.160438e+02
  3.1480e+02     9.202244e+02
  3.1500e+02     9.245062e+02
  3.1520e+02     9.288107e+02
  3.1540e+02     9.332012e+02
  3.1560e+02     9.376218e+02
  3.1580e+02     9.420681e+02
  3.1600e+02     9.465149e+02
  3.1620e+02     9.511164e+02
  3.1640e+02     9.557730e+02
  3.1660e+02     9.605018e+02
  3.1680e+02     9.650981e+02
  3.1700e+02     9.698000e+02
  3.1720e+02     9.745745e+02
  3.1740e+02     9.793831e+02
  3.1760e+02     9.843198e+02
  3.1780e+02     9.893210e+02
  3.1800e+02     9.944233e+02
  3.1820e+02     9.995761e+02
  3.1840e+02     1.004727e+03
  3.1860e+02     1.009862e+03
  3.1880e+02     1.015066e+03
  3.1900e+02     1.020418e+03
  3.1920e+02     1.025792e+03
  3.1940e+02     1.031144e+03
  3.1960e+02     1.036493e+03
  3.1980e+02     1.041905e+03
  3.2000e+02     1.047464e+03
  3.2020e+02     1.053162e+03
  3.2040e+02     1.058903e+03
  3.2060e+02     1.064641e+03
  3.2080e+02     1.070361e+03
  3.2100e+02     1.076257e+03
  3.2120e+02     1.082175e+03
  3.2140e+02     1.088149e+03
  3.2160e+02     1.094065e+03
  3.2180e+02     1.100070e+03
  3.2200e+02     1.106150e+03
  3.2220e+02     1.112316e+03
  3.2240e+02     1.118614e+03
  3.2260e+02     1.124919e+03
  3.2280e+02     1.131273e+03
  3.2300e+02     1.137919e+03
  3.2320e+02     1.144453e+03
  3.2340e+02     1.150927e+03
  3.2360e+02     1.157441e+03
  3.2380e+02     1.164220e+03
  3.2400e+02     1.171014e+03
  3.2420e+02     1.177811e+03
  3.2440e+02     1.184695e+03
  3.2460e+02     1.191662e+03
  3.2480e+02     1.198675e+03
  3.2500e+02     1.205712e+03
  3.2520e+02     1.212807e+03
  3.2540e+02     1.219909e+03
  3.2560e+02     1.227149e+03
  3.2580e+02     1.234509e+03
  3.2600e+02     1.241826e+03
  3.2620e+02     1.249202e+03
  3.2640e+02     1.256609e+03
  3.2660e+02     1.264150e+03
  3.2680e+02     1.271879e+03
  3.2700e+02     1.279656e+03
  3.2720e+02     1.287265e+03
  3.2740e+02     1.295156e+03
  3.2760e+02     1.302928e+03
  3.2780e+02     1.310801e+03
  3.2800e+02     1.318807e+03
  3.2820e+02     1.326829e+03
  3.2840e+02     1.334885e+03
  3.2860e+02     1.342999e+03
  3.2880e+02     1.351202e+03
  3.2900e+02     1.359457e+03
  3.2920e+02     1.367856e+03
  3.2940e+02     1.376204e+03
  3.2960e+02     1.384703e+03
  3.2980e+02     1.393297e+03
  3.3000e+02     1.401750e+03
  3.3020e+02     1.410224e+03
  3.3040e+02     1.419069e+03
  3.3060e+02     1.427917e+03
  3.3080e+02     1.436758e+03
  3.3100e+02     1.445514e+03
  3.3120e+02     1.454480e+03
  3.3140e+02     1.463491e+03
  3.3160e+02     1.472524e+03
  3.3180e+02     1.481662e+03
  3.3200e+02     1.490878e+03
  3.3220e+02     1.500161e+03
  3.3240e+02     1.509569e+03
  3.3260e+02     1.519050e+03
  3.3280e+02     1.528662e+03
  3.3300e+02     1.538133e+03
  3.3320e+02     1.547841e+03
  3.3340e+02     1.557580e+03
  3.3360e+02     1.567294e+03
  3.3380e+02     1.577045e+03
  3.3400e+02     1.586811e+03
  3.3420e+02     1.596876e+03
  3.3440e+02     1.606824e+03
  3.3460e+02     1.616915e+03
  3.3480e+02     1.627093e+03
  3.3500e+02     1.637195e+03
  3.3520e+02     1.647502e+03
  3.3540e+02     1.657962e+03
  3.3560e+02     1.668382e+03
  3.3580e+02     1.678731e+03
  3.3600e+02     1.689229e+03
  3.3620e+02     1.699629e+03
  3.3640e+02     1.710114e+03
  3.3660e+02     1.720729e+03
  3.3680e+02     1.731223e+03
  3.3700e+02     1.742087e+03
  3.3720e+02     1.753055e+03
  3.3740e+02     1.763749e+03
  3.3760e+02     1.774493e+03
  3.3780e+02     1.785443e+03
  3.3800e+02     1.796552e+03
  3.3820e+02     1.807587e+03
  3.3840e+02     1.818882e+03
  3.3860e+02     1.830037e+03
  3.3880e+02     1.841439e+03
  3.3900e+02     1.852598e+03
  3.3920e+02     1.864044e+03
  3.3940e+02     1.875430e+03
  3.3960e+02     1.886939e+03
  3.3980e+02     1.898171e+03
  3.4000e+02     1.909851e+03
  3.4020e+02     1.921109e+03
  3.4040e+02     1.932795e+03
  3.4060e+02     1.944413e+03
  3.4080e+02     1.956148e+03
  3.4100e+02     1.967673e+03
  3.4120e+02     1.979257e+03
  3.4140e+02     1.990752e+03
  3.4160e+02     2.002513e+03
  3.4180e+02     2.014092e+03
  3.4200e+02     2.025645e+03
  3.4220e+02     2.037265e+03
  3.4240e+02     2.048920e+03
  3.4260e+02     2.060917e+03
  3.4280e+02     2.072721e+03
  3.4300e+02     2.084565e+03
  3.4320e+02     2.096763e+03
  3.4340e+02     2.108552e+03
  3.4360e+02     2.120417e+03
  3.4380e+02     2.132454e+03
  3.4400e+02     2.144292e+03
  3.4420e+02     2.156154e+03
  3.4440e+02     2.168157e+03
  3.4460e+02     2.180172e+03
  3.4480e+02     2.192002e+03
  3.4500e+02     2.203875e+03
  3.4520e+02     2.215919e+03
  3.4540e+02     2.227577e+03
  3.4560e+02     2.239718e+03
  3.4580e+02     2.251227e+03
  3.4600e+02     2.263194e+03
  3.4620e+02     2.274647e+03
  3.4640e+02     2.286524e+03
  3.4660e+02     2.298342e+03
  3.4680e+02     2.309935e+03
  3.4700e+02     2.321494e+03
  3.4720e+02     2.333268e+03
  3.4740e+02     2.344792e+03
  3.4760e+02     2.356486e+03
  3.4780e+02     2.368007e+03
  3.4800e+02     2.379585e+03
  3.4820e+02     2.391114e+03
  3.4840e+02     2.403058e+03
  3.4860e+02     2.414561e+03
  3.4880e+02     2.425900e+03
  3.4900e+02     2.437255e+03
  3.4920e+02     2.448781e+03
  3.4940e+02     2.460057e+03
  3.4960e+02     2.470938e+03
  3.4980e+02     2.482337e+03
  3.5000e+02     2.493350e+03
  3.5020e+02     2.504163e+03
  3.5040e+02     2.515221e+03
  3.5060e+02     2.526376e+03
  3.5080e+02     2.537201e+03
  3.5100e+02     2.547795e+03
  3.5120e+02     2.558467e+03
  3.5140e+02     2.569145e+03
  3.5160e+02     2.579713e+03
  3.5180e+02     2.590367e+03
  3.5200e+02     2.600791e+03
  3.5220e+02     2.610930e+03
  3.5240e+02     2.621331e+03
  3.5260e+02     2.631224e+03
  3.5280e+02     2.641483e+03
  3.5300e+02     2.651256e+03
  3.5320e+02     2.661377e+03
  3.5340e+02     2.671186e+03
  3.5360e+02     2.680608e+03
  3.5380e+02     2.690211e+03
  3.5400e+02     2.699599e+03
  3.5420e+02     2.708826e+03
  3.5440e+02     2.717922e+03
  3.5460e+02     2.727063e+03
  3.5480e+02     2.735766e+03
  3.5500e+02     2.744767e+03
  3.5520e+02     2.753359e+03
  3.5540e+02     2.761541e+03
  3.5560e+02     2.769838e+03
  3.5580e+02     2.778259e+03
  3.5600e+02     2.786727e+03
  3.5620e+02     2.794446e+03
  3.5640e+02     2.802452e+03
  3.5660e+02     2.810108e+03
  3.5680e+02     2.817667e+03
  3.5700e+02     2.825202e+03
  3.5720e+02     2.832427e+03
  3.5740e+02     2.839314e+03
  3.5760e+02     2.846306e+03
  3.5780e+02     2.853080e+03
  3.5800e+02     2.859825e+03
  3.5820e+02     2.865897e+03
  3.5840e+02     2.872146e+03
  3.5860e+02     2.878363e+03
  3.5880e+02     2.883995e+03
  3.5900e+02     2.889500e+03
  3.5920e+02     2.895331e+03
  3.5940e+02     2.900676e+03
  3.5960e+02     2.905931e+03
  3.5980e+02     2.910945e+03
