# Epidemic | 7 days incidence [ x-unit: days | y-unit: per 100000 ]
  0.0000e+00     3.618006e+02
  2.0000e-01     3.596352e+02
  4.0000e-01     3.575067e+02
  6.0000e-01     3.554144e+02
  8.0000e-01     3.533579e+02
  1.0000e+00     3.513368e+02
  1.2000e+00     3.493504e+02
  1.4000e+00     3.473983e+02
  1.6000e+00     3.454801e+02
  1.8000e+00     3.435954e+02
  2.0000e+00     3.417435e+02
  2.2000e+00     3.399242e+02
  2.4000e+00     3.381370e+02
  2.6000e+00     3.363814e+02
  2.8000e+00     3.346571e+02
  3.0000e+00     3.329636e+02
  3.2000e+00     3.313006e+02
  3.4000e+00     3.296676e+02
  3.6000e+00     3.280642e+02
  3.8000e+00     3.264901e+02
  4.0000e+00     3.249450e+02
  4.2000e+00     3.234284e+02
  4.4000e+00     3.219400e+02
  4.6000e+00     3.204794e+02
  4.8000e+00     3.190464e+02
  5.0000e+00     3.176405e+02
  5.2000e+00     3.162615e+02
  5.4000e+00     3.149089e+02
  5.6000e+00     3.135826e+02
  5.8000e+00     3.122822e+02
  6.0000e+00     3.110074e+02
  6.2000e+00     3.097579e+02
  6.4000e+00     3.085334e+02
  6.6000e+00     3.073336e+02
  6.8000e+00     3.061583e+02
  7.0000e+00     3.050071e+02
  7.2000e+00     3.041988e+02
  7.4000e+00     3.034367e+02
  7.6000e+00     3.026847e+02
  7.8000e+00     3.019428e+02
  8.0000e+00     3.012109e+02
  8.2000e+00     3.004892e+02
  8.4000e+00     2.997774e+02
  8.6000e+00     2.990757e+02
  8.8000e+00     2.983840e+02
  9.0000e+00     2.977023e+02
  9.2000e+00     2.970306e+02
  9.4000e+00     2.963688e+02
  9.6000e+00     2.957170e+02
  9.8000e+00     2.950751e+02
  1.0000e+01     2.944430e+02
  1.0200e+01     2.938208e+02
  1.0400e+01     2.932085e+02
  1.0600e+01     2.926059e+02
  1.0800e+01     2.920132e+02
  1.1000e+01     2.914302e+02
  1.1200e+01     2.908569e+02
  1.1400e+01     2.902934e+02
  1.1600e+01     2.897396e+02
  1.1800e+01     2.891954e+02
  1.2000e+01     2.886608e+02
  1.2200e+01     2.881359e+02
  1.2400e+01     2.876205e+02
  1.2600e+01     2.871146e+02
  1.2800e+01     2.866183e+02
  1.3000e+01     2.861315e+02
  1.3200e+01     2.856541e+02
  1.3400e+01     2.851862e+02
  1.3600e+01     2.847277e+02
  1.3800e+01     2.842785e+02
  1.4000e+01     2.838387e+02
  1.4200e+01     2.834082e+02
  1.4400e+01     2.829870e+02
  1.4600e+01     2.825750e+02
  1.4800e+01     2.821723e+02
  1.5000e+01     2.817787e+02
  1.5200e+01     2.813944e+02
  1.5400e+01     2.810191e+02
  1.5600e+01     2.806529e+02
  1.5800e+01     2.802959e+02
  1.6000e+01     2.799478e+02
  1.6200e+01     2.796088e+02
  1.6400e+01     2.792788e+02
  1.6600e+01     2.789577e+02
  1.6800e+01     2.786455e+02
  1.7000e+01     2.783422e+02
  1.7200e+01     2.780478e+02
  1.7400e+01     2.777622e+02
  1.7600e+01     2.774854e+02
  1.7800e+01     2.772174e+02
  1.8000e+01     2.769581e+02
  1.8200e+01     2.767075e+02
  1.8400e+01     2.764657e+02
  1.8600e+01     2.762324e+02
  1.8800e+01     2.760078e+02
  1.9000e+01     2.757918e+02
  1.9200e+01     2.755844e+02
  1.9400e+01     2.753855e+02
  1.9600e+01     2.751951e+02
  1.9800e+01     2.750132e+02
  2.0000e+01     2.748397e+02
  2.0200e+01     2.746747e+02
  2.0400e+01     2.745180e+02
  2.0600e+01     2.743697e+02
  2.0800e+01     2.742298e+02
  2.1000e+01     2.740982e+02
  2.1200e+01     2.739681e+02
  2.1400e+01     2.738530e+02
  2.1600e+01     2.737540e+02
  2.1800e+01     2.736709e+02
  2.2000e+01     2.736039e+02
  2.2200e+01     2.735527e+02
  2.2400e+01     2.735174e+02
  2.2600e+01     2.734979e+02
  2.2800e+01     2.734942e+02
  2.3000e+01     2.735062e+02
  2.3200e+01     2.735340e+02
  2.3400e+01     2.735774e+02
  2.3600e+01     2.736365e+02
  2.3800e+01     2.737111e+02
  2.4000e+01     2.738014e+02
  2.4200e+01     2.739072e+02
  2.4400e+01     2.740286e+02
  2.4600e+01     2.741655e+02
  2.4800e+01     2.743180e+02
  2.5000e+01     2.744859e+02
  2.5200e+01     2.746694e+02
  2.5400e+01     2.748683e+02
  2.5600e+01     2.750827e+02
  2.5800e+01     2.753126e+02
  2.6000e+01     2.755580e+02
  2.6200e+01     2.758189e+02
  2.6400e+01     2.760952e+02
  2.6600e+01     2.763871e+02
  2.6800e+01     2.766944e+02
  2.7000e+01     2.770173e+02
  2.7200e+01     2.773557e+02
  2.7400e+01     2.777097e+02
  2.7600e+01     2.780792e+02
  2.7800e+01     2.784643e+02
  2.8000e+01     2.788650e+02
  2.8200e+01     2.792813e+02
  2.8400e+01     2.797133e+02
  2.8600e+01     2.801610e+02
  2.8800e+01     2.806245e+02
  2.9000e+01     2.811037e+02
  2.9200e+01     2.815987e+02
  2.9400e+01     2.821095e+02
  2.9600e+01     2.826362e+02
  2.9800e+01     2.831789e+02
  3.0000e+01     2.837375e+02
  3.0200e+01     2.843121e+02
  3.0400e+01     2.849028e+02
  3.0600e+01     2.855097e+02
  3.0800e+01     2.861327e+02
  3.1000e+01     2.867719e+02
  3.1200e+01     2.874275e+02
  3.1400e+01     2.880994e+02
  3.1600e+01     2.887877e+02
  3.1800e+01     2.894925e+02
  3.2000e+01     2.902139e+02
  3.2200e+01     2.909519e+02
  3.2400e+01     2.917067e+02
  3.2600e+01     2.924782e+02
  3.2800e+01     2.932665e+02
  3.3000e+01     2.940719e+02
  3.3200e+01     2.948942e+02
  3.3400e+01     2.957337e+02
  3.3600e+01     2.965903e+02
  3.3800e+01     2.974642e+02
  3.4000e+01     2.983556e+02
  3.4200e+01     2.992644e+02
  3.4400e+01     3.001908e+02
  3.4600e+01     3.011348e+02
  3.4800e+01     3.020967e+02
  3.5000e+01     3.030764e+02
  3.5200e+01     3.040741e+02
  3.5400e+01     3.050899e+02
  3.5600e+01     3.061239e+02
  3.5800e+01     3.071762e+02
  3.6000e+01     3.082470e+02
  3.6200e+01     3.093363e+02
  3.6400e+01     3.104444e+02
  3.6600e+01     3.115712e+02
  3.6800e+01     3.127169e+02
  3.7000e+01     3.138818e+02
  3.7200e+01     3.150658e+02
  3.7400e+01     3.162691e+02
  3.7600e+01     3.174919e+02
  3.7800e+01     3.187343e+02
  3.8000e+01     3.199965e+02
  3.8200e+01     3.212785e+02
  3.8400e+01     3.225806e+02
  3.8600e+01     3.239029e+02
  3.8800e+01     3.252455e+02
  3.9000e+01     3.266086e+02
  3.9200e+01     3.279923e+02
  3.9400e+01     3.293969e+02
  3.9600e+01     3.308224e+02
  3.9800e+01     3.322691e+02
  4.0000e+01     3.337371e+02
  4.0200e+01     3.352265e+02
  4.0400e+01     3.367376e+02
  4.0600e+01     3.382706e+02
  4.0800e+01     3.398255e+02
  4.1000e+01     3.414027e+02
  4.1200e+01     3.430022e+02
  4.1400e+01     3.446243e+02
  4.1600e+01     3.462691e+02
  4.1800e+01     3.479369e+02
  4.2000e+01     3.496279e+02
  4.2200e+01     3.513422e+02
  4.2400e+01     3.530800e+02
  4.2600e+01     3.548416e+02
  4.2800e+01     3.566271e+02
  4.3000e+01     3.584368e+02
  4.3200e+01     3.602710e+02
  4.3400e+01     3.621297e+02
  4.3600e+01     3.640132e+02
  4.3800e+01     3.659218e+02
  4.4000e+01     3.678556e+02
  4.4200e+01     3.698150e+02
  4.4400e+01     3.718001e+02
  4.4600e+01     3.738112e+02
  4.4800e+01     3.758485e+02
  4.5000e+01     3.779122e+02
  4.5200e+01     3.800027e+02
  4.5400e+01     3.821201e+02
  4.5600e+01     3.842647e+02
  4.5800e+01     3.864367e+02
  4.6000e+01     3.886365e+02
  4.6200e+01     3.908642e+02
  4.6400e+01     3.931202e+02
  4.6600e+01     3.954047e+02
  4.6800e+01     3.977180e+02
  4.7000e+01     4.000604e+02
  4.7200e+01     4.024321e+02
  4.7400e+01     4.048334e+02
  4.7600e+01     4.072646e+02
  4.7800e+01     4.097260e+02
  4.8000e+01     4.122179e+02
  4.8200e+01     4.147405e+02
  4.8400e+01     4.172943e+02
  4.8600e+01     4.198794e+02
  4.8800e+01     4.224963e+02
  4.9000e+01     4.251451e+02
  4.9200e+01     4.278262e+02
  4.9400e+01     4.305400e+02
  4.9600e+01     4.332868e+02
  4.9800e+01     4.360668e+02
  5.0000e+01     4.388804e+02
  5.0200e+01     4.417280e+02
  5.0400e+01     4.446098e+02
  5.0600e+01     4.475263e+02
  5.0800e+01     4.504777e+02
  5.1000e+01     4.534644e+02
  5.1200e+01     4.564868e+02
  5.1400e+01     4.595452e+02
  5.1600e+01     4.626400e+02
  5.1800e+01     4.657714e+02
  5.2000e+01     4.689400e+02
  5.2200e+01     4.721461e+02
  5.2400e+01     4.753899e+02
  5.2600e+01     4.786720e+02
  5.2800e+01     4.819927e+02
  5.3000e+01     4.853524e+02
  5.3200e+01     4.887515e+02
  5.3400e+01     4.921903e+02
  5.3600e+01     4.956692e+02
  5.3800e+01     4.991887e+02
  5.4000e+01     5.027492e+02
  5.4200e+01     5.063511e+02
  5.4400e+01     5.099947e+02
  5.4600e+01     5.136805e+02
  5.4800e+01     5.174089e+02
  5.5000e+01     5.211804e+02
  5.5200e+01     5.249953e+02
  5.5400e+01     5.288542e+02
  5.5600e+01     5.327573e+02
  5.5800e+01     5.367053e+02
  5.6000e+01     5.406984e+02
  5.6200e+01     5.447372e+02
  5.6400e+01     5.488221e+02
  5.6600e+01     5.529535e+02
  5.6800e+01     5.571320e+02
  5.7000e+01     5.613579e+02
  5.7200e+01     5.656318e+02
  5.7400e+01     5.699540e+02
  5.7600e+01     5.743252e+02
  5.7800e+01     5.787457e+02
  5.8000e+01     5.832160e+02
  5.8200e+01     5.877366e+02
  5.8400e+01     5.923081e+02
  5.8600e+01     5.969308e+02
  5.8800e+01     6.016053e+02
  5.9000e+01     6.063321e+02
  5.9200e+01     6.111116e+02
  5.9400e+01     6.159445e+02
  5.9600e+01     6.208311e+02
  5.9800e+01     6.257719e+02
  6.0000e+01     6.307676e+02
  6.0200e+01     6.358186e+02
  6.0400e+01     6.409255e+02
  6.0600e+01     6.460887e+02
  6.0800e+01     6.513087e+02
  6.1000e+01     6.565862e+02
  6.1200e+01     6.619216e+02
  6.1400e+01     6.673155e+02
  6.1600e+01     6.727684e+02
  6.1800e+01     6.782808e+02
  6.2000e+01     6.838532e+02
  6.2200e+01     6.894863e+02
  6.2400e+01     6.951805e+02
  6.2600e+01     7.009365e+02
  6.2800e+01     7.067547e+02
  6.3000e+01     7.126357e+02
  6.3200e+01     7.185800e+02
  6.3400e+01     7.245882e+02
  6.3600e+01     7.306609e+02
  6.3800e+01     7.367986e+02
  6.4000e+01     7.430019e+02
  6.4200e+01     7.492713e+02
  6.4400e+01     7.556074e+02
  6.4600e+01     7.620107e+02
  6.4800e+01     7.684818e+02
  6.5000e+01     7.750212e+02
  6.5200e+01     7.816296e+02
  6.5400e+01     7.883075e+02
  6.5600e+01     7.950554e+02
  6.5800e+01     8.018739e+02
  6.6000e+01     8.087636e+02
  6.6200e+01     8.157250e+02
  6.6400e+01     8.227587e+02
  6.6600e+01     8.298652e+02
  6.6800e+01     8.370451e+02
  6.7000e+01     8.442989e+02
  6.7200e+01     8.516273e+02
  6.7400e+01     8.590307e+02
  6.7600e+01     8.665097e+02
  6.7800e+01     8.740648e+02
  6.8000e+01     8.816966e+02
  6.8200e+01     8.894057e+02
  6.8400e+01     8.971925e+02
  6.8600e+01     9.050576e+02
  6.8800e+01     9.130015e+02
  6.9000e+01     9.210248e+02
  6.9200e+01     9.291280e+02
  6.9400e+01     9.373115e+02
  6.9600e+01     9.455760e+02
  6.9800e+01     9.539218e+02
  7.0000e+01     9.623496e+02
  7.0200e+01     9.708598e+02
  7.0400e+01     9.794528e+02
  7.0600e+01     9.881292e+02
  7.0800e+01     9.968895e+02
  7.1000e+01     1.005734e+03
  7.1200e+01     1.014663e+03
  7.1400e+01     1.023678e+03
  7.1600e+01     1.032778e+03
  7.1800e+01     1.041964e+03
  7.2000e+01     1.051237e+03
  7.2200e+01     1.060597e+03
  7.2400e+01     1.070044e+03
  7.2600e+01     1.079579e+03
  7.2800e+01     1.089201e+03
  7.3000e+01     1.098913e+03
  7.3200e+01     1.108713e+03
  7.3400e+01     1.118602e+03
  7.3600e+01     1.128581e+03
  7.3800e+01     1.138650e+03
  7.4000e+01     1.148808e+03
  7.4200e+01     1.159058e+03
  7.4400e+01     1.169397e+03
  7.4600e+01     1.179828e+03
  7.4800e+01     1.190350e+03
  7.5000e+01     1.200963e+03
  7.5200e+01     1.211668e+03
  7.5400e+01     1.222464e+03
  7.5600e+01     1.233353e+03
  7.5800e+01     1.244333e+03
  7.6000e+01     1.255406e+03
  7.6200e+01     1.266571e+03
  7.6400e+01     1.277828e+03
  7.6600e+01     1.289178e+03
  7.6800e+01     1.300620e+03
  7.7000e+01     1.312155e+03
  7.7200e+01     1.323782e+03
  7.7400e+01     1.335502e+03
  7.7600e+01     1.347314e+03
  7.7800e+01     1.359218e+03
  7.8000e+01     1.371215e+03
  7.8200e+01     1.383303e+03
  7.8400e+01     1.395483e+03
  7.8600e+01     1.407755e+03
  7.8800e+01     1.420119e+03
  7.9000e+01     1.432573e+03
  7.9200e+01     1.445119e+03
  7.9400e+01     1.457755e+03
  7.9600e+01     1.470481e+03
  7.9800e+01     1.483297e+03
  8.0000e+01     1.496202e+03
  8.0200e+01     1.509196e+03
  8.0400e+01     1.522279e+03
  8.0600e+01     1.535449e+03
  8.0800e+01     1.548707e+03
  8.1000e+01     1.562051e+03
  8.1200e+01     1.575481e+03
  8.1400e+01     1.588997e+03
  8.1600e+01     1.602597e+03
  8.1800e+01     1.616281e+03
  8.2000e+01     1.630048e+03
  8.2200e+01     1.643897e+03
  8.2400e+01     1.657828e+03
  8.2600e+01     1.671838e+03
  8.2800e+01     1.685928e+03
  8.3000e+01     1.700096e+03
  8.3200e+01     1.714341e+03
  8.3400e+01     1.728663e+03
  8.3600e+01     1.743059e+03
  8.3800e+01     1.757528e+03
  8.4000e+01     1.772070e+03
  8.4200e+01     1.786683e+03
  8.4400e+01     1.801365e+03
  8.4600e+01     1.816115e+03
  8.4800e+01     1.830932e+03
  8.5000e+01     1.845814e+03
  8.5200e+01     1.860760e+03
  8.5400e+01     1.875767e+03
  8.5600e+01     1.890834e+03
  8.5800e+01     1.905959e+03
  8.6000e+01     1.921141e+03
  8.6200e+01     1.936378e+03
  8.6400e+01     1.951667e+03
  8.6600e+01     1.967006e+03
  8.6800e+01     1.982394e+03
  8.7000e+01     1.997829e+03
  8.7200e+01     2.013307e+03
  8.7400e+01     2.028828e+03
  8.7600e+01     2.044388e+03
  8.7800e+01     2.059985e+03
  8.8000e+01     2.075618e+03
  8.8200e+01     2.091282e+03
  8.8400e+01     2.106976e+03
  8.8600e+01     2.122698e+03
  8.8800e+01     2.138444e+03
  8.9000e+01     2.154211e+03
  8.9200e+01     2.169998e+03
  8.9400e+01     2.185801e+03
  8.9600e+01     2.201616e+03
  8.9800e+01     2.217442e+03
  9.0000e+01     2.233275e+03
  9.0200e+01     2.249112e+03
  9.0400e+01     2.264949e+03
  9.0600e+01     2.280784e+03
  9.0800e+01     2.296613e+03
  9.1000e+01     2.312433e+03
  9.1200e+01     2.328240e+03
  9.1400e+01     2.344031e+03
  9.1600e+01     2.359803e+03
  9.1800e+01     2.375551e+03
  9.2000e+01     2.391272e+03
  9.2200e+01     2.406963e+03
  9.2400e+01     2.422619e+03
  9.2600e+01     2.438237e+03
  9.2800e+01     2.453813e+03
  9.3000e+01     2.469343e+03
  9.3200e+01     2.484822e+03
  9.3400e+01     2.500248e+03
  9.3600e+01     2.515615e+03
  9.3800e+01     2.530919e+03
  9.4000e+01     2.546158e+03
  9.4200e+01     2.561325e+03
  9.4400e+01     2.576417e+03
  9.4600e+01     2.591430e+03
  9.4800e+01     2.606359e+03
  9.5000e+01     2.621199e+03
  9.5200e+01     2.635947e+03
  9.5400e+01     2.650598e+03
  9.5600e+01     2.665147e+03
  9.5800e+01     2.679590e+03
  9.6000e+01     2.693922e+03
  9.6200e+01     2.708139e+03
  9.6400e+01     2.722236e+03
  9.6600e+01     2.736208e+03
  9.6800e+01     2.750051e+03
  9.7000e+01     2.763760e+03
  9.7200e+01     2.777330e+03
  9.7400e+01     2.790757e+03
  9.7600e+01     2.804036e+03
  9.7800e+01     2.817161e+03
  9.8000e+01     2.830130e+03
  9.8200e+01     2.842936e+03
  9.8400e+01     2.855575e+03
  9.8600e+01     2.868042e+03
  9.8800e+01     2.880333e+03
  9.9000e+01     2.892443e+03
  9.9200e+01     2.904367e+03
  9.9400e+01     2.916100e+03
  9.9600e+01     2.927639e+03
  9.9800e+01     2.938978e+03
  1.0000e+02     2.950112e+03
  1.0020e+02     2.961038e+03
  1.0040e+02     2.971750e+03
  1.0060e+02     2.982245e+03
  1.0080e+02     2.992517e+03
  1.0100e+02     3.002562e+03
  1.0120e+02     3.012377e+03
  1.0140e+02     3.021956e+03
  1.0160e+02     3.031296e+03
  1.0180e+02     3.040393e+03
  1.0200e+02     3.049241e+03
  1.0220e+02     3.057838e+03
  1.0240e+02     3.066179e+03
  1.0260e+02     3.074261e+03
  1.0280e+02     3.082079e+03
  1.0300e+02     3.089630e+03
  1.0320e+02     3.096911e+03
  1.0340e+02     3.103917e+03
  1.0360e+02     3.110645e+03
  1.0380e+02     3.117092e+03
  1.0400e+02     3.123255e+03
  1.0420e+02     3.129131e+03
  1.0440e+02     3.134716e+03
  1.0460e+02     3.140007e+03
  1.0480e+02     3.145003e+03
  1.0500e+02     3.149699e+03
  1.0520e+02     3.154094e+03
  1.0540e+02     3.158185e+03
  1.0560e+02     3.161969e+03
  1.0580e+02     3.165445e+03
  1.0600e+02     3.168610e+03
  1.0620e+02     3.171463e+03
  1.0640e+02     3.174002e+03
  1.0660e+02     3.176224e+03
  1.0680e+02     3.178129e+03
  1.0700e+02     3.179714e+03
  1.0720e+02     3.180980e+03
  1.0740e+02     3.181924e+03
  1.0760e+02     3.182546e+03
  1.0780e+02     3.182845e+03
  1.0800e+02     3.182820e+03
  1.0820e+02     3.182470e+03
  1.0840e+02     3.181796e+03
  1.0860e+02     3.180798e+03
  1.0880e+02     3.179474e+03
  1.0900e+02     3.177825e+03
  1.0920e+02     3.175852e+03
  1.0940e+02     3.173555e+03
  1.0960e+02     3.170935e+03
  1.0980e+02     3.167991e+03
  1.1000e+02     3.164726e+03
  1.1020e+02     3.161139e+03
  1.1040e+02     3.157233e+03
  1.1060e+02     3.153009e+03
  1.1080e+02     3.148467e+03
  1.1100e+02     3.143610e+03
  1.1120e+02     3.138440e+03
  1.1140e+02     3.132958e+03
  1.1160e+02     3.127167e+03
  1.1180e+02     3.121069e+03
  1.1200e+02     3.114666e+03
  1.1220e+02     3.107960e+03
  1.1240e+02     3.100955e+03
  1.1260e+02     3.093653e+03
  1.1280e+02     3.086057e+03
  1.1300e+02     3.078170e+03
  1.1320e+02     3.069996e+03
  1.1340e+02     3.061537e+03
  1.1360e+02     3.052798e+03
  1.1380e+02     3.043781e+03
  1.1400e+02     3.034491e+03
  1.1420e+02     3.024931e+03
  1.1440e+02     3.015105e+03
  1.1460e+02     3.005017e+03
  1.1480e+02     2.994672e+03
  1.1500e+02     2.984073e+03
  1.1520e+02     2.973225e+03
  1.1540e+02     2.962133e+03
  1.1560e+02     2.950800e+03
  1.1580e+02     2.939232e+03
  1.1600e+02     2.927433e+03
  1.1620e+02     2.915408e+03
  1.1640e+02     2.903161e+03
  1.1660e+02     2.890699e+03
  1.1680e+02     2.878025e+03
  1.1700e+02     2.865145e+03
  1.1720e+02     2.852063e+03
  1.1740e+02     2.838786e+03
  1.1760e+02     2.825317e+03
  1.1780e+02     2.811663e+03
  1.1800e+02     2.797829e+03
  1.1820e+02     2.783820e+03
  1.1840e+02     2.769641e+03
  1.1860e+02     2.755297e+03
  1.1880e+02     2.740795e+03
  1.1900e+02     2.726139e+03
  1.1920e+02     2.711336e+03
  1.1940e+02     2.696389e+03
  1.1960e+02     2.681306e+03
  1.1980e+02     2.666090e+03
  1.2000e+02     2.650749e+03
  1.2020e+02     2.635287e+03
  1.2040e+02     2.619709e+03
  1.2060e+02     2.604021e+03
  1.2080e+02     2.588229e+03
  1.2100e+02     2.572337e+03
  1.2120e+02     2.556352e+03
  1.2140e+02     2.540278e+03
  1.2160e+02     2.524120e+03
  1.2180e+02     2.507885e+03
  1.2200e+02     2.491577e+03
  1.2220e+02     2.475201e+03
  1.2240e+02     2.458763e+03
  1.2260e+02     2.442267e+03
  1.2280e+02     2.425719e+03
  1.2300e+02     2.409124e+03
  1.2320e+02     2.392486e+03
  1.2340e+02     2.375811e+03
  1.2360e+02     2.359103e+03
  1.2380e+02     2.342366e+03
  1.2400e+02     2.325607e+03
  1.2420e+02     2.308828e+03
  1.2440e+02     2.292036e+03
  1.2460e+02     2.275233e+03
  1.2480e+02     2.258426e+03
  1.2500e+02     2.241617e+03
  1.2520e+02     2.224811e+03
  1.2540e+02     2.208013e+03
  1.2560e+02     2.191226e+03
  1.2580e+02     2.174455e+03
  1.2600e+02     2.157703e+03
  1.2620e+02     2.140975e+03
  1.2640e+02     2.124273e+03
  1.2660e+02     2.107602e+03
  1.2680e+02     2.090965e+03
  1.2700e+02     2.074367e+03
  1.2720e+02     2.057809e+03
  1.2740e+02     2.041296e+03
  1.2760e+02     2.024831e+03
  1.2780e+02     2.008417e+03
  1.2800e+02     1.992057e+03
  1.2820e+02     1.975754e+03
  1.2840e+02     1.959511e+03
  1.2860e+02     1.943331e+03
  1.2880e+02     1.927216e+03
  1.2900e+02     1.911170e+03
  1.2920e+02     1.895194e+03
  1.2940e+02     1.879292e+03
  1.2960e+02     1.863465e+03
  1.2980e+02     1.847716e+03
  1.3000e+02     1.832048e+03
  1.3020e+02     1.816462e+03
  1.3040e+02     1.800960e+03
  1.3060e+02     1.785545e+03
  1.3080e+02     1.770218e+03
  1.3100e+02     1.754981e+03
  1.3120e+02     1.739836e+03
  1.3140e+02     1.724785e+03
  1.3160e+02     1.709829e+03
  1.3180e+02     1.694969e+03
  1.3200e+02     1.680208e+03
  1.3220e+02     1.665546e+03
  1.3240e+02     1.650986e+03
  1.3260e+02     1.636527e+03
  1.3280e+02     1.622171e+03
  1.3300e+02     1.607920e+03
  1.3320e+02     1.593774e+03
  1.3340e+02     1.579735e+03
  1.3360e+02     1.565803e+03
  1.3380e+02     1.551979e+03
  1.3400e+02     1.538264e+03
  1.3420e+02     1.524658e+03
  1.3440e+02     1.511163e+03
  1.3460e+02     1.497778e+03
  1.3480e+02     1.484505e+03
  1.3500e+02     1.471344e+03
  1.3520e+02     1.458295e+03
  1.3540e+02     1.445359e+03
  1.3560e+02     1.432536e+03
  1.3580e+02     1.419826e+03
  1.3600e+02     1.407230e+03
  1.3620e+02     1.394747e+03
  1.3640e+02     1.382378e+03
  1.3660e+02     1.370124e+03
  1.3680e+02     1.357983e+03
  1.3700e+02     1.345957e+03
  1.3720e+02     1.334045e+03
  1.3740e+02     1.322246e+03
  1.3760e+02     1.310562e+03
  1.3780e+02     1.298991e+03
  1.3800e+02     1.287534e+03
  1.3820e+02     1.276190e+03
  1.3840e+02     1.264960e+03
  1.3860e+02     1.253842e+03
  1.3880e+02     1.242837e+03
  1.3900e+02     1.231944e+03
  1.3920e+02     1.221163e+03
  1.3940e+02     1.210494e+03
  1.3960e+02     1.199936e+03
  1.3980e+02     1.189488e+03
  1.4000e+02     1.179150e+03
  1.4020e+02     1.168923e+03
  1.4040e+02     1.158804e+03
  1.4060e+02     1.148794e+03
  1.4080e+02     1.138893e+03
  1.4100e+02     1.129099e+03
  1.4120e+02     1.119412e+03
  1.4140e+02     1.109831e+03
  1.4160e+02     1.100356e+03
  1.4180e+02     1.090987e+03
  1.4200e+02     1.081721e+03
  1.4220e+02     1.072560e+03
  1.4240e+02     1.063502e+03
  1.4260e+02     1.054546e+03
  1.4280e+02     1.045692e+03
  1.4300e+02     1.036940e+03
  1.4320e+02     1.028287e+03
  1.4340e+02     1.019735e+03
  1.4360e+02     1.011281e+03
  1.4380e+02     1.002925e+03
  1.4400e+02     9.946674e+02
  1.4420e+02     9.865059e+02
  1.4440e+02     9.784403e+02
  1.4460e+02     9.704699e+02
  1.4480e+02     9.625938e+02
  1.4500e+02     9.548112e+02
  1.4520e+02     9.471215e+02
  1.4540e+02     9.395238e+02
  1.4560e+02     9.320174e+02
  1.4580e+02     9.246013e+02
  1.4600e+02     9.172750e+02
  1.4620e+02     9.100374e+02
  1.4640e+02     9.028880e+02
  1.4660e+02     8.958257e+02
  1.4680e+02     8.888500e+02
  1.4700e+02     8.819599e+02
  1.4720e+02     8.751546e+02
  1.4740e+02     8.684335e+02
  1.4760e+02     8.617956e+02
  1.4780e+02     8.552402e+02
  1.4800e+02     8.487664e+02
  1.4820e+02     8.423736e+02
  1.4840e+02     8.360609e+02
  1.4860e+02     8.298275e+02
  1.4880e+02     8.236726e+02
  1.4900e+02     8.175956e+02
  1.4920e+02     8.115955e+02
  1.4940e+02     8.056716e+02
  1.4960e+02     7.998231e+02
  1.4980e+02     7.940494e+02
  1.5000e+02     7.883495e+02
  1.5020e+02     7.827228e+02
  1.5040e+02     7.771685e+02
  1.5060e+02     7.716859e+02
  1.5080e+02     7.662742e+02
  1.5100e+02     7.609327e+02
  1.5120e+02     7.556606e+02
  1.5140e+02     7.504573e+02
  1.5160e+02     7.453219e+02
  1.5180e+02     7.402539e+02
  1.5200e+02     7.352524e+02
  1.5220e+02     7.303167e+02
  1.5240e+02     7.254463e+02
  1.5260e+02     7.206403e+02
  1.5280e+02     7.158980e+02
  1.5300e+02     7.112189e+02
  1.5320e+02     7.066022e+02
  1.5340e+02     7.020473e+02
  1.5360e+02     6.975534e+02
  1.5380e+02     6.931200e+02
  1.5400e+02     6.887464e+02
  1.5420e+02     6.844319e+02
  1.5440e+02     6.801759e+02
  1.5460e+02     6.759777e+02
  1.5480e+02     6.718369e+02
  1.5500e+02     6.677526e+02
  1.5520e+02     6.637243e+02
  1.5540e+02     6.597515e+02
  1.5560e+02     6.558335e+02
  1.5580e+02     6.519696e+02
  1.5600e+02     6.481594e+02
  1.5620e+02     6.444023e+02
  1.5640e+02     6.406976e+02
  1.5660e+02     6.370448e+02
  1.5680e+02     6.334434e+02
  1.5700e+02     6.298928e+02
  1.5720e+02     6.263924e+02
  1.5740e+02     6.229417e+02
  1.5760e+02     6.195402e+02
  1.5780e+02     6.161874e+02
  1.5800e+02     6.128827e+02
  1.5820e+02     6.096256e+02
  1.5840e+02     6.064155e+02
  1.5860e+02     6.032521e+02
  1.5880e+02     6.001348e+02
  1.5900e+02     5.970632e+02
  1.5920e+02     5.940366e+02
  1.5940e+02     5.910547e+02
  1.5960e+02     5.881170e+02
  1.5980e+02     5.852231e+02
  1.6000e+02     5.823724e+02
  1.6020e+02     5.795645e+02
  1.6040e+02     5.767990e+02
  1.6060e+02     5.740754e+02
  1.6080e+02     5.713933e+02
  1.6100e+02     5.687523e+02
  1.6120e+02     5.661519e+02
  1.6140e+02     5.635918e+02
  1.6160e+02     5.610715e+02
  1.6180e+02     5.585906e+02
  1.6200e+02     5.561488e+02
  1.6220e+02     5.537455e+02
  1.6240e+02     5.513806e+02
  1.6260e+02     5.490535e+02
  1.6280e+02     5.467638e+02
  1.6300e+02     5.445113e+02
  1.6320e+02     5.422956e+02
  1.6340e+02     5.401163e+02
  1.6360e+02     5.379730e+02
  1.6380e+02     5.358654e+02
  1.6400e+02     5.337931e+02
  1.6420e+02     5.317559e+02
  1.6440e+02     5.297534e+02
  1.6460e+02     5.277852e+02
  1.6480e+02     5.258510e+02
  1.6500e+02     5.239506e+02
  1.6520e+02     5.220836e+02
  1.6540e+02     5.202497e+02
  1.6560e+02     5.184486e+02
  1.6580e+02     5.166800e+02
  1.6600e+02     5.149436e+02
  1.6620e+02     5.132392e+02
  1.6640e+02     5.115664e+02
  1.6660e+02     5.099249e+02
  1.6680e+02     5.083146e+02
  1.6700e+02     5.067351e+02
  1.6720e+02     5.051861e+02
  1.6740e+02     5.036675e+02
  1.6760e+02     5.021789e+02
  1.6780e+02     5.007201e+02
  1.6800e+02     4.992908e+02
  1.6820e+02     4.978909e+02
  1.6840e+02     4.965201e+02
  1.6860e+02     4.951781e+02
  1.6880e+02     4.938647e+02
  1.6900e+02     4.925797e+02
  1.6920e+02     4.913229e+02
  1.6940e+02     4.900941e+02
  1.6960e+02     4.888930e+02
  1.6980e+02     4.877194e+02
  1.7000e+02     4.865732e+02
  1.7020e+02     4.854541e+02
  1.7040e+02     4.843620e+02
  1.7060e+02     4.832966e+02
  1.7080e+02     4.822578e+02
  1.7100e+02     4.812453e+02
  1.7120e+02     4.802591e+02
  1.7140e+02     4.792988e+02
  1.7160e+02     4.783645e+02
  1.7180e+02     4.774558e+02
  1.7200e+02     4.765726e+02
  1.7220e+02     4.757148e+02
  1.7240e+02     4.748821e+02
  1.7260e+02     4.740746e+02
  1.7280e+02     4.732919e+02
  1.7300e+02     4.725339e+02
  1.7320e+02     4.718006e+02
  1.7340e+02     4.710917e+02
  1.7360e+02     4.704071e+02
  1.7380e+02     4.697467e+02
  1.7400e+02     4.691104e+02
  1.7420e+02     4.684980e+02
  1.7440e+02     4.679094e+02
  1.7460e+02     4.673445e+02
  1.7480e+02     4.668032e+02
  1.7500e+02     4.662853e+02
  1.7520e+02     4.657908e+02
  1.7540e+02     4.653195e+02
  1.7560e+02     4.648713e+02
  1.7580e+02     4.644461e+02
  1.7600e+02     4.640439e+02
  1.7620e+02     4.636645e+02
  1.7640e+02     4.633079e+02
  1.7660e+02     4.629739e+02
  1.7680e+02     4.626624e+02
  1.7700e+02     4.623735e+02
  1.7720e+02     4.621069e+02
  1.7740e+02     4.618627e+02
  1.7760e+02     4.616407e+02
  1.7780e+02     4.614408e+02
  1.7800e+02     4.612631e+02
  1.7820e+02     4.611074e+02
  1.7840e+02     4.609737e+02
  1.7860e+02     4.608619e+02
  1.7880e+02     4.607719e+02
  1.7900e+02     4.607038e+02
  1.7920e+02     4.606574e+02
  1.7940e+02     4.606326e+02
  1.7960e+02     4.606295e+02
  1.7980e+02     4.606480e+02
  1.8000e+02     4.606881e+02
  1.8020e+02     4.607497e+02
  1.8040e+02     4.608327e+02
  1.8060e+02     4.609372e+02
  1.8080e+02     4.610631e+02
  1.8100e+02     4.612104e+02
  1.8120e+02     4.613791e+02
  1.8140e+02     4.615691e+02
  1.8160e+02     4.617803e+02
  1.8180e+02     4.620129e+02
  1.8200e+02     4.622667e+02
  1.8220e+02     4.625418e+02
  1.8240e+02     4.628382e+02
  1.8260e+02     4.631557e+02
  1.8280e+02     4.634945e+02
  1.8300e+02     4.638545e+02
  1.8320e+02     4.642358e+02
  1.8340e+02     4.646382e+02
  1.8360e+02     4.650619e+02
  1.8380e+02     4.655068e+02
  1.8400e+02     4.659729e+02
  1.8420e+02     4.664603e+02
  1.8440e+02     4.669689e+02
  1.8460e+02     4.674988e+02
  1.8480e+02     4.680499e+02
  1.8500e+02     4.686224e+02
  1.8520e+02     4.692161e+02
  1.8540e+02     4.698313e+02
  1.8560e+02     4.704677e+02
  1.8580e+02     4.711256e+02
  1.8600e+02     4.718049e+02
  1.8620e+02     4.725057e+02
  1.8640e+02     4.732279e+02
  1.8660e+02     4.739717e+02
  1.8680e+02     4.747370e+02
  1.8700e+02     4.755240e+02
  1.8720e+02     4.763326e+02
  1.8740e+02     4.771629e+02
  1.8760e+02     4.780149e+02
  1.8780e+02     4.788887e+02
  1.8800e+02     4.797844e+02
  1.8820e+02     4.807020e+02
  1.8840e+02     4.816415e+02
  1.8860e+02     4.826030e+02
  1.8880e+02     4.835866e+02
  1.8900e+02     4.845924e+02
  1.8920e+02     4.856203e+02
  1.8940e+02     4.866705e+02
  1.8960e+02     4.877430e+02
  1.8980e+02     4.888380e+02
  1.9000e+02     4.899554e+02
  1.9020e+02     4.910954e+02
  1.9040e+02     4.922580e+02
  1.9060e+02     4.934433e+02
  1.9080e+02     4.946514e+02
  1.9100e+02     4.958824e+02
  1.9120e+02     4.971364e+02
  1.9140e+02     4.984134e+02
  1.9160e+02     4.997135e+02
  1.9180e+02     5.010369e+02
  1.9200e+02     5.023836e+02
  1.9220e+02     5.037538e+02
  1.9240e+02     5.051474e+02
  1.9260e+02     5.065647e+02
  1.9280e+02     5.080057e+02
  1.9300e+02     5.094705e+02
  1.9320e+02     5.109593e+02
  1.9340e+02     5.124721e+02
  1.9360e+02     5.140090e+02
  1.9380e+02     5.155703e+02
  1.9400e+02     5.171559e+02
  1.9420e+02     5.187660e+02
  1.9440e+02     5.204007e+02
  1.9460e+02     5.220602e+02
  1.9480e+02     5.237445e+02
  1.9500e+02     5.254538e+02
  1.9520e+02     5.271882e+02
  1.9540e+02     5.289479e+02
  1.9560e+02     5.307329e+02
  1.9580e+02     5.325434e+02
  1.9600e+02     5.343796e+02
  1.9620e+02     5.362416e+02
  1.9640e+02     5.381294e+02
  1.9660e+02     5.400434e+02
  1.9680e+02     5.419835e+02
  1.9700e+02     5.439499e+02
  1.9720e+02     5.459429e+02
  1.9740e+02     5.479625e+02
  1.9760e+02     5.500089e+02
  1.9780e+02     5.520822e+02
  1.9800e+02     5.541826e+02
  1.9820e+02     5.563102e+02
  1.9840e+02     5.584653e+02
  1.9860e+02     5.606479e+02
  1.9880e+02     5.628583e+02
  1.9900e+02     5.650965e+02
  1.9920e+02     5.673628e+02
  1.9940e+02     5.696574e+02
  1.9960e+02     5.719803e+02
  1.9980e+02     5.743318e+02
  2.0000e+02     5.767120e+02
  2.0020e+02     5.791212e+02
  2.0040e+02     5.815594e+02
  2.0060e+02     5.840269e+02
  2.0080e+02     5.865238e+02
  2.0100e+02     5.890504e+02
  2.0120e+02     5.916068e+02
  2.0140e+02     5.941932e+02
  2.0160e+02     5.968097e+02
  2.0180e+02     5.994566e+02
  2.0200e+02     6.021341e+02
  2.0220e+02     6.048424e+02
  2.0240e+02     6.075816e+02
  2.0260e+02     6.103519e+02
  2.0280e+02     6.131536e+02
  2.0300e+02     6.159868e+02
  2.0320e+02     6.188517e+02
  2.0340e+02     6.217486e+02
  2.0360e+02     6.246777e+02
  2.0380e+02     6.276390e+02
  2.0400e+02     6.306329e+02
  2.0420e+02     6.336596e+02
  2.0440e+02     6.367193e+02
  2.0460e+02     6.398121e+02
  2.0480e+02     6.429383e+02
  2.0500e+02     6.460981e+02
  2.0520e+02     6.492917e+02
  2.0540e+02     6.525194e+02
  2.0560e+02     6.557813e+02
  2.0580e+02     6.590777e+02
  2.0600e+02     6.624087e+02
  2.0620e+02     6.657747e+02
  2.0640e+02     6.691758e+02
  2.0660e+02     6.726122e+02
  2.0680e+02     6.760842e+02
  2.0700e+02     6.795920e+02
  2.0720e+02     6.831359e+02
  2.0740e+02     6.867159e+02
  2.0760e+02     6.903325e+02
  2.0780e+02     6.939858e+02
  2.0800e+02     6.976759e+02
  2.0820e+02     7.014033e+02
  2.0840e+02     7.051680e+02
  2.0860e+02     7.089704e+02
  2.0880e+02     7.128107e+02
  2.0900e+02     7.166890e+02
  2.0920e+02     7.206056e+02
  2.0940e+02     7.245608e+02
  2.0960e+02     7.285548e+02
  2.0980e+02     7.325878e+02
  2.1000e+02     7.366601e+02
  2.1020e+02     7.407719e+02
  2.1040e+02     7.449234e+02
  2.1060e+02     7.491148e+02
  2.1080e+02     7.533465e+02
  2.1100e+02     7.576186e+02
  2.1120e+02     7.619313e+02
  2.1140e+02     7.662850e+02
  2.1160e+02     7.706798e+02
  2.1180e+02     7.751160e+02
  2.1200e+02     7.795938e+02
  2.1220e+02     7.841134e+02
  2.1240e+02     7.886751e+02
  2.1260e+02     7.932791e+02
  2.1280e+02     7.979256e+02
  2.1300e+02     8.026150e+02
  2.1320e+02     8.073473e+02
  2.1340e+02     8.121228e+02
  2.1360e+02     8.169418e+02
  2.1380e+02     8.218045e+02
  2.1400e+02     8.267111e+02
  2.1420e+02     8.316618e+02
  2.1440e+02     8.366569e+02
  2.1460e+02     8.416966e+02
  2.1480e+02     8.467810e+02
  2.1500e+02     8.519105e+02
  2.1520e+02     8.570852e+02
  2.1540e+02     8.623054e+02
  2.1560e+02     8.675712e+02
  2.1580e+02     8.728829e+02
  2.1600e+02     8.782407e+02
  2.1620e+02     8.836448e+02
  2.1640e+02     8.890953e+02
  2.1660e+02     8.945926e+02
  2.1680e+02     9.001367e+02
  2.1700e+02     9.057279e+02
  2.1720e+02     9.113664e+02
  2.1740e+02     9.170523e+02
  2.1760e+02     9.227859e+02
  2.1780e+02     9.285674e+02
  2.1800e+02     9.343968e+02
  2.1820e+02     9.402744e+02
  2.1840e+02     9.462004e+02
  2.1860e+02     9.521748e+02
  2.1880e+02     9.581980e+02
  2.1900e+02     9.642700e+02
  2.1920e+02     9.703910e+02
  2.1940e+02     9.765611e+02
  2.1960e+02     9.827805e+02
  2.1980e+02     9.890494e+02
  2.2000e+02     9.953678e+02
  2.2020e+02     1.001735e+03
  2.2040e+02     1.008153e+03
  2.2060e+02     1.014621e+03
  2.2080e+02     1.021139e+03
  2.2100e+02     1.027707e+03
  2.2120e+02     1.034325e+03
  2.2140e+02     1.040994e+03
  2.2160e+02     1.047713e+03
  2.2180e+02     1.054482e+03
  2.2200e+02     1.061302e+03
  2.2220e+02     1.068173e+03
  2.2240e+02     1.075094e+03
  2.2260e+02     1.082066e+03
  2.2280e+02     1.089089e+03
  2.2300e+02     1.096163e+03
  2.2320e+02     1.103287e+03
  2.2340e+02     1.110463e+03
  2.2360e+02     1.117689e+03
  2.2380e+02     1.124966e+03
  2.2400e+02     1.132294e+03
  2.2420e+02     1.139673e+03
  2.2440e+02     1.147102e+03
  2.2460e+02     1.154583e+03
  2.2480e+02     1.162114e+03
  2.2500e+02     1.169695e+03
  2.2520e+02     1.177327e+03
  2.2540e+02     1.185010e+03
  2.2560e+02     1.192743e+03
  2.2580e+02     1.200527e+03
  2.2600e+02     1.208360e+03
  2.2620e+02     1.216244e+03
  2.2640e+02     1.224178e+03
  2.2660e+02     1.232161e+03
  2.2680e+02     1.240194e+03
  2.2700e+02     1.248276e+03
  2.2720e+02     1.256408e+03
  2.2740e+02     1.264589e+03
  2.2760e+02     1.272818e+03
  2.2780e+02     1.281096e+03
  2.2800e+02     1.289423e+03
  2.2820e+02     1.297797e+03
  2.2840e+02     1.306219e+03
  2.2860e+02     1.314689e+03
  2.2880e+02     1.323206e+03
  2.2900e+02     1.331770e+03
  2.2920e+02     1.340380e+03
  2.2940e+02     1.349037e+03
  2.2960e+02     1.357739e+03
  2.2980e+02     1.366487e+03
  2.3000e+02     1.375280e+03
  2.3020e+02     1.384117e+03
  2.3040e+02     1.392999e+03
  2.3060e+02     1.401924e+03
  2.3080e+02     1.410893e+03
  2.3100e+02     1.419904e+03
  2.3120e+02     1.428958e+03
  2.3140e+02     1.438053e+03
  2.3160e+02     1.447190e+03
  2.3180e+02     1.456367e+03
  2.3200e+02     1.465584e+03
  2.3220e+02     1.474841e+03
  2.3240e+02     1.484136e+03
  2.3260e+02     1.493470e+03
  2.3280e+02     1.502841e+03
  2.3300e+02     1.512249e+03
  2.3320e+02     1.521693e+03
  2.3340e+02     1.531173e+03
  2.3360e+02     1.540687e+03
  2.3380e+02     1.550235e+03
  2.3400e+02     1.559816e+03
  2.3420e+02     1.569429e+03
  2.3440e+02     1.579073e+03
  2.3460e+02     1.588749e+03
  2.3480e+02     1.598454e+03
  2.3500e+02     1.608187e+03
  2.3520e+02     1.617949e+03
  2.3540e+02     1.627737e+03
  2.3560e+02     1.637552e+03
  2.3580e+02     1.647391e+03
  2.3600e+02     1.657254e+03
  2.3620e+02     1.667140e+03
  2.3640e+02     1.677048e+03
  2.3660e+02     1.686977e+03
  2.3680e+02     1.696926e+03
  2.3700e+02     1.706892e+03
  2.3720e+02     1.716876e+03
  2.3740e+02     1.726877e+03
  2.3760e+02     1.736892e+03
  2.3780e+02     1.746921e+03
  2.3800e+02     1.756962e+03
  2.3820e+02     1.767015e+03
  2.3840e+02     1.777077e+03
  2.3860e+02     1.787148e+03
  2.3880e+02     1.797226e+03
  2.3900e+02     1.807310e+03
  2.3920e+02     1.817399e+03
  2.3940e+02     1.827490e+03
  2.3960e+02     1.837583e+03
  2.3980e+02     1.847676e+03
  2.4000e+02     1.857768e+03
  2.4020e+02     1.867856e+03
  2.4040e+02     1.877940e+03
  2.4060e+02     1.888018e+03
  2.4080e+02     1.898089e+03
  2.4100e+02     1.908150e+03
  2.4120e+02     1.918200e+03
  2.4140e+02     1.928238e+03
  2.4160e+02     1.938261e+03
  2.4180e+02     1.948269e+03
  2.4200e+02     1.958259e+03
  2.4220e+02     1.968229e+03
  2.4240e+02     1.978179e+03
  2.4260e+02     1.988105e+03
  2.4280e+02     1.998007e+03
  2.4300e+02     2.007882e+03
  2.4320e+02     2.017729e+03
  2.4340e+02     2.027546e+03
  2.4360e+02     2.037330e+03
  2.4380e+02     2.047081e+03
  2.4400e+02     2.056795e+03
  2.4420e+02     2.066472e+03
  2.4440e+02     2.076109e+03
  2.4460e+02     2.085704e+03
  2.4480e+02     2.095255e+03
  2.4500e+02     2.104760e+03
  2.4520e+02     2.114218e+03
  2.4540e+02     2.123626e+03
  2.4560e+02     2.132982e+03
  2.4580e+02     2.142284e+03
  2.4600e+02     2.151530e+03
  2.4620e+02     2.160719e+03
  2.4640e+02     2.169847e+03
  2.4660e+02     2.178913e+03
  2.4680e+02     2.187915e+03
  2.4700e+02     2.196850e+03
  2.4720e+02     2.205717e+03
  2.4740e+02     2.214513e+03
  2.4760e+02     2.223237e+03
  2.4780e+02     2.231886e+03
  2.4800e+02     2.240458e+03
  2.4820e+02     2.248951e+03
  2.4840e+02     2.257362e+03
  2.4860e+02     2.265691e+03
  2.4880e+02     2.273934e+03
  2.4900e+02     2.282089e+03
  2.4920e+02     2.290154e+03
  2.4940e+02     2.298128e+03
  2.4960e+02     2.306008e+03
  2.4980e+02     2.313791e+03
  2.5000e+02     2.321477e+03
  2.5020e+02     2.329062e+03
  2.5040e+02     2.336545e+03
  2.5060e+02     2.343923e+03
  2.5080e+02     2.351195e+03
  2.5100e+02     2.358358e+03
  2.5120e+02     2.365411e+03
  2.5140e+02     2.372351e+03
  2.5160e+02     2.379176e+03
  2.5180e+02     2.385885e+03
  2.5200e+02     2.392475e+03
  2.5220e+02     2.398945e+03
  2.5240e+02     2.405292e+03
  2.5260e+02     2.411515e+03
  2.5280e+02     2.417611e+03
  2.5300e+02     2.423579e+03
  2.5320e+02     2.429417e+03
  2.5340e+02     2.435124e+03
  2.5360e+02     2.440697e+03
  2.5380e+02     2.446134e+03
  2.5400e+02     2.451434e+03
  2.5420e+02     2.456596e+03
  2.5440e+02     2.461617e+03
  2.5460e+02     2.466496e+03
  2.5480e+02     2.471231e+03
  2.5500e+02     2.475821e+03
  2.5520e+02     2.480264e+03
  2.5540e+02     2.484559e+03
  2.5560e+02     2.488704e+03
  2.5580e+02     2.492697e+03
  2.5600e+02     2.496539e+03
  2.5620e+02     2.500226e+03
  2.5640e+02     2.503759e+03
  2.5660e+02     2.507135e+03
  2.5680e+02     2.510353e+03
  2.5700e+02     2.513413e+03
  2.5720e+02     2.516312e+03
  2.5740e+02     2.519051e+03
  2.5760e+02     2.521628e+03
  2.5780e+02     2.524042e+03
  2.5800e+02     2.526292e+03
  2.5820e+02     2.528378e+03
  2.5840e+02     2.530298e+03
  2.5860e+02     2.532051e+03
  2.5880e+02     2.533638e+03
  2.5900e+02     2.535057e+03
  2.5920e+02     2.536308e+03
  2.5940e+02     2.537390e+03
  2.5960e+02     2.538303e+03
  2.5980e+02     2.539047e+03
  2.6000e+02     2.539620e+03
  2.6020e+02     2.540022e+03
  2.6040e+02     2.540255e+03
  2.6060e+02     2.540316e+03
  2.6080e+02     2.540206e+03
  2.6100e+02     2.539925e+03
  2.6120e+02     2.539473e+03
  2.6140e+02     2.538850e+03
  2.6160e+02     2.538055e+03
  2.6180e+02     2.537090e+03
  2.6200e+02     2.535954e+03
  2.6220e+02     2.534648e+03
  2.6240e+02     2.533171e+03
  2.6260e+02     2.531524e+03
  2.6280e+02     2.529708e+03
  2.6300e+02     2.527724e+03
  2.6320e+02     2.525571e+03
  2.6340e+02     2.523250e+03
  2.6360e+02     2.520762e+03
  2.6380e+02     2.518107e+03
  2.6400e+02     2.515287e+03
  2.6420e+02     2.512302e+03
  2.6440e+02     2.509153e+03
  2.6460e+02     2.505841e+03
  2.6480e+02     2.502368e+03
  2.6500e+02     2.498733e+03
  2.6520e+02     2.494938e+03
  2.6540e+02     2.490985e+03
  2.6560e+02     2.486874e+03
  2.6580e+02     2.482606e+03
  2.6600e+02     2.478184e+03
  2.6620e+02     2.473608e+03
  2.6640e+02     2.468880e+03
  2.6660e+02     2.464001e+03
  2.6680e+02     2.458973e+03
  2.6700e+02     2.453797e+03
  2.6720e+02     2.448475e+03
  2.6740e+02     2.443008e+03
  2.6760e+02     2.437398e+03
  2.6780e+02     2.431648e+03
  2.6800e+02     2.425757e+03
  2.6820e+02     2.419729e+03
  2.6840e+02     2.413566e+03
  2.6860e+02     2.407268e+03
  2.6880e+02     2.400838e+03
  2.6900e+02     2.394278e+03
  2.6920e+02     2.387590e+03
  2.6940e+02     2.380776e+03
  2.6960e+02     2.373837e+03
  2.6980e+02     2.366777e+03
  2.7000e+02     2.359596e+03
  2.7020e+02     2.352298e+03
  2.7040e+02     2.344884e+03
  2.7060e+02     2.337356e+03
  2.7080e+02     2.329717e+03
  2.7100e+02     2.321969e+03
  2.7120e+02     2.314114e+03
  2.7140e+02     2.306154e+03
  2.7160e+02     2.298092e+03
  2.7180e+02     2.289929e+03
  2.7200e+02     2.281669e+03
  2.7220e+02     2.273313e+03
  2.7240e+02     2.264864e+03
  2.7260e+02     2.256325e+03
  2.7280e+02     2.247696e+03
  2.7300e+02     2.238982e+03
  2.7320e+02     2.230183e+03
  2.7340e+02     2.221304e+03
  2.7360e+02     2.212345e+03
  2.7380e+02     2.203309e+03
  2.7400e+02     2.194199e+03
  2.7420e+02     2.185018e+03
  2.7440e+02     2.175766e+03
  2.7460e+02     2.166448e+03
  2.7480e+02     2.157064e+03
  2.7500e+02     2.147618e+03
  2.7520e+02     2.138112e+03
  2.7540e+02     2.128549e+03
  2.7560e+02     2.118930e+03
  2.7580e+02     2.109258e+03
  2.7600e+02     2.099535e+03
  2.7620e+02     2.089764e+03
  2.7640e+02     2.079946e+03
  2.7660e+02     2.070085e+03
  2.7680e+02     2.060183e+03
  2.7700e+02     2.050241e+03
  2.7720e+02     2.040262e+03
  2.7740e+02     2.030248e+03
  2.7760e+02     2.020202e+03
  2.7780e+02     2.010126e+03
  2.7800e+02     2.000021e+03
  2.7820e+02     1.989890e+03
  2.7840e+02     1.979736e+03
  2.7860e+02     1.969560e+03
  2.7880e+02     1.959364e+03
  2.7900e+02     1.949150e+03
  2.7920e+02     1.938921e+03
  2.7940e+02     1.928679e+03
  2.7960e+02     1.918425e+03
  2.7980e+02     1.908161e+03
  2.8000e+02     1.897890e+03
  2.8020e+02     1.887613e+03
  2.8040e+02     1.877333e+03
  2.8060e+02     1.867050e+03
  2.8080e+02     1.856768e+03
  2.8100e+02     1.846487e+03
  2.8120e+02     1.836210e+03
  2.8140e+02     1.825938e+03
  2.8160e+02     1.815673e+03
  2.8180e+02     1.805417e+03
  2.8200e+02     1.795172e+03
  2.8220e+02     1.784938e+03
  2.8240e+02     1.774718e+03
  2.8260e+02     1.764514e+03
  2.8280e+02     1.754326e+03
  2.8300e+02     1.744156e+03
  2.8320e+02     1.734007e+03
  2.8340e+02     1.723878e+03
  2.8360e+02     1.713772e+03
  2.8380e+02     1.703691e+03
  2.8400e+02     1.693634e+03
  2.8420e+02     1.683605e+03
  2.8440e+02     1.673604e+03
  2.8460e+02     1.663632e+03
  2.8480e+02     1.653690e+03
  2.8500e+02     1.643781e+03
  2.8520e+02     1.633904e+03
  2.8540e+02     1.624062e+03
  2.8560e+02     1.614255e+03
  2.8580e+02     1.604484e+03
  2.8600e+02     1.594751e+03
  2.8620e+02     1.585056e+03
  2.8640e+02     1.575401e+03
  2.8660e+02     1.565786e+03
  2.8680e+02     1.556213e+03
  2.8700e+02     1.546681e+03
  2.8720e+02     1.537193e+03
  2.8740e+02     1.527749e+03
  2.8760e+02     1.518350e+03
  2.8780e+02     1.508997e+03
  2.8800e+02     1.499690e+03
  2.8820e+02     1.490430e+03
  2.8840e+02     1.481219e+03
  2.8860e+02     1.472056e+03
  2.8880e+02     1.462942e+03
  2.8900e+02     1.453878e+03
  2.8920e+02     1.444864e+03
  2.8940e+02     1.435902e+03
  2.8960e+02     1.426992e+03
  2.8980e+02     1.418133e+03
  2.9000e+02     1.409328e+03
  2.9020e+02     1.400576e+03
  2.9040e+02     1.391877e+03
  2.9060e+02     1.383233e+03
  2.9080e+02     1.374643e+03
  2.9100e+02     1.366109e+03
  2.9120e+02     1.357629e+03
  2.9140e+02     1.349206e+03
  2.9160e+02     1.340839e+03
  2.9180e+02     1.332528e+03
  2.9200e+02     1.324273e+03
  2.9220e+02     1.316076e+03
  2.9240e+02     1.307936e+03
  2.9260e+02     1.299853e+03
  2.9280e+02     1.291829e+03
  2.9300e+02     1.283862e+03
  2.9320e+02     1.275953e+03
  2.9340e+02     1.268103e+03
  2.9360e+02     1.260310e+03
  2.9380e+02     1.252577e+03
  2.9400e+02     1.244902e+03
  2.9420e+02     1.237286e+03
  2.9440e+02     1.229729e+03
  2.9460e+02     1.222231e+03
  2.9480e+02     1.214791e+03
  2.9500e+02     1.207411e+03
  2.9520e+02     1.200090e+03
  2.9540e+02     1.192828e+03
  2.9560e+02     1.185625e+03
  2.9580e+02     1.178481e+03
  2.9600e+02     1.171396e+03
  2.9620e+02     1.164370e+03
  2.9640e+02     1.157403e+03
  2.9660e+02     1.150495e+03
  2.9680e+02     1.143646e+03
  2.9700e+02     1.136856e+03
  2.9720e+02     1.130124e+03
  2.9740e+02     1.123451e+03
  2.9760e+02     1.116836e+03
  2.9780e+02     1.110279e+03
  2.9800e+02     1.103781e+03
  2.9820e+02     1.097341e+03
  2.9840e+02     1.090959e+03
  2.9860e+02     1.084634e+03
  2.9880e+02     1.078367e+03
  2.9900e+02     1.072157e+03
  2.9920e+02     1.066005e+03
  2.9940e+02     1.059910e+03
  2.9960e+02     1.053871e+03
  2.9980e+02     1.047889e+03
  3.0000e+02     1.041964e+03
  3.0020e+02     1.036095e+03
  3.0040e+02     1.030281e+03
  3.0060e+02     1.024524e+03
  3.0080e+02     1.018822e+03
  3.0100e+02     1.013176e+03
  3.0120e+02     1.007584e+03
  3.0140e+02     1.002047e+03
  3.0160e+02     9.965658e+02
  3.0180e+02     9.911380e+02
  3.0200e+02     9.857643e+02
  3.0220e+02     9.804444e+02
  3.0240e+02     9.751781e+02
  3.0260e+02     9.699650e+02
  3.0280e+02     9.648050e+02
  3.0300e+02     9.596977e+02
  3.0320e+02     9.546428e+02
  3.0340e+02     9.496401e+02
  3.0360e+02     9.446893e+02
  3.0380e+02     9.397901e+02
  3.0400e+02     9.349422e+02
  3.0420e+02     9.301454e+02
  3.0440e+02     9.253993e+02
  3.0460e+02     9.207037e+02
  3.0480e+02     9.160582e+02
  3.0500e+02     9.114626e+02
  3.0520e+02     9.069165e+02
  3.0540e+02     9.024198e+02
  3.0560e+02     8.979720e+02
  3.0580e+02     8.935729e+02
  3.0600e+02     8.892221e+02
  3.0620e+02     8.849195e+02
  3.0640e+02     8.806646e+02
  3.0660e+02     8.764572e+02
  3.0680e+02     8.722970e+02
  3.0700e+02     8.681837e+02
  3.0720e+02     8.641170e+02
  3.0740e+02     8.600965e+02
  3.0760e+02     8.561220e+02
  3.0780e+02     8.521932e+02
  3.0800e+02     8.483098e+02
  3.0820e+02     8.444715e+02
  3.0840e+02     8.406779e+02
  3.0860e+02     8.369289e+02
  3.0880e+02     8.332240e+02
  3.0900e+02     8.295631e+02
  3.0920e+02     8.259457e+02
  3.0940e+02     8.223717e+02
  3.0960e+02     8.188407e+02
  3.0980e+02     8.153524e+02
  3.1000e+02     8.119066e+02
  3.1020e+02     8.085029e+02
  3.1040e+02     8.051411e+02
  3.1060e+02     8.018209e+02
  3.1080e+02     7.985419e+02
  3.1100e+02     7.953040e+02
  3.1120e+02     7.921068e+02
  3.1140e+02     7.889501e+02
  3.1160e+02     7.858335e+02
  3.1180e+02     7.827568e+02
  3.1200e+02     7.797198e+02
  3.1220e+02     7.767221e+02
  3.1240e+02     7.737635e+02
  3.1260e+02     7.708438e+02
  3.1280e+02     7.679626e+02
  3.1300e+02     7.651196e+02
  3.1320e+02     7.623147e+02
  3.1340e+02     7.595475e+02
  3.1360e+02     7.568179e+02
  3.1380e+02     7.541255e+02
  3.1400e+02     7.514701e+02
  3.1420e+02     7.488514e+02
  3.1440e+02     7.462693e+02
  3.1460e+02     7.437233e+02
  3.1480e+02     7.412134e+02
  3.1500e+02     7.387393e+02
  3.1520e+02     7.363006e+02
  3.1540e+02     7.338972e+02
  3.1560e+02     7.315289e+02
  3.1580e+02     7.291954e+02
  3.1600e+02     7.268964e+02
  3.1620e+02     7.246318e+02
  3.1640e+02     7.224013e+02
  3.1660e+02     7.202048e+02
  3.1680e+02     7.180418e+02
  3.1700e+02     7.159124e+02
  3.1720e+02     7.138162e+02
  3.1740e+02     7.117530e+02
  3.1760e+02     7.097226e+02
  3.1780e+02     7.077248e+02
  3.1800e+02     7.057593e+02
  3.1820e+02     7.038261e+02
  3.1840e+02     7.019249e+02
  3.1860e+02     7.000554e+02
  3.1880e+02     6.982175e+02
  3.1900e+02     6.964110e+02
  3.1920e+02     6.946357e+02
  3.1940e+02     6.928915e+02
  3.1960e+02     6.911780e+02
  3.1980e+02     6.894951e+02
  3.2000e+02     6.878427e+02
  3.2020e+02     6.862206e+02
  3.2040e+02     6.846285e+02
  3.2060e+02     6.830664e+02
  3.2080e+02     6.815340e+02
  3.2100e+02     6.800312e+02
  3.2120e+02     6.785577e+02
  3.2140e+02     6.771135e+02
  3.2160e+02     6.756984e+02
  3.2180e+02     6.743121e+02
  3.2200e+02     6.729546e+02
  3.2220e+02     6.716257e+02
  3.2240e+02     6.703253e+02
  3.2260e+02     6.690531e+02
  3.2280e+02     6.678090e+02
  3.2300e+02     6.665930e+02
  3.2320e+02     6.654047e+02
  3.2340e+02     6.642442e+02
  3.2360e+02     6.631112e+02
  3.2380e+02     6.620057e+02
  3.2400e+02     6.609274e+02
  3.2420e+02     6.598763e+02
  3.2440e+02     6.588522e+02
  3.2460e+02     6.578549e+02
  3.2480e+02     6.568845e+02
  3.2500e+02     6.559407e+02
  3.2520e+02     6.550234e+02
  3.2540e+02     6.541325e+02
  3.2560e+02     6.532679e+02
  3.2580e+02     6.524295e+02
  3.2600e+02     6.516171e+02
  3.2620e+02     6.508306e+02
  3.2640e+02     6.500700e+02
  3.2660e+02     6.493351e+02
  3.2680e+02     6.486259e+02
  3.2700e+02     6.479421e+02
  3.2720e+02     6.472838e+02
  3.2740e+02     6.466508e+02
  3.2760e+02     6.460431e+02
  3.2780e+02     6.454605e+02
  3.2800e+02     6.449029e+02
  3.2820e+02     6.443703e+02
  3.2840e+02     6.438625e+02
  3.2860e+02     6.433796e+02
  3.2880e+02     6.429213e+02
  3.2900e+02     6.424877e+02
  3.2920e+02     6.420786e+02
  3.2940e+02     6.416940e+02
  3.2960e+02     6.413338e+02
  3.2980e+02     6.409979e+02
  3.3000e+02     6.406863e+02
  3.3020e+02     6.403988e+02
  3.3040e+02     6.401355e+02
  3.3060e+02     6.398962e+02
  3.3080e+02     6.396809e+02
  3.3100e+02     6.394895e+02
  3.3120e+02     6.393220e+02
  3.3140e+02     6.391784e+02
  3.3160e+02     6.390585e+02
  3.3180e+02     6.389623e+02
  3.3200e+02     6.388897e+02
  3.3220e+02     6.388408e+02
  3.3240e+02     6.388154e+02
  3.3260e+02     6.388136e+02
  3.3280e+02     6.388352e+02
  3.3300e+02     6.388803e+02
  3.3320e+02     6.389488e+02
  3.3340e+02     6.390406e+02
  3.3360e+02     6.391557e+02
  3.3380e+02     6.392942e+02
  3.3400e+02     6.394559e+02
  3.3420e+02     6.396408e+02
  3.3440e+02     6.398489e+02
  3.3460e+02     6.400802e+02
  3.3480e+02     6.403347e+02
  3.3500e+02     6.406122e+02
  3.3520e+02     6.409129e+02
  3.3540e+02     6.412367e+02
  3.3560e+02     6.415835e+02
  3.3580e+02     6.419534e+02
  3.3600e+02     6.423463e+02
  3.3620e+02     6.427623e+02
  3.3640e+02     6.432012e+02
  3.3660e+02     6.436632e+02
  3.3680e+02     6.441481e+02
  3.3700e+02     6.446561e+02
  3.3720e+02     6.451870e+02
  3.3740e+02     6.457410e+02
  3.3760e+02     6.463179e+02
  3.3780e+02     6.469177e+02
  3.3800e+02     6.475406e+02
  3.3820e+02     6.481865e+02
  3.3840e+02     6.488553e+02
  3.3860e+02     6.495472e+02
  3.3880e+02     6.502621e+02
  3.3900e+02     6.509999e+02
  3.3920e+02     6.517609e+02
  3.3940e+02     6.525448e+02
  3.3960e+02     6.533518e+02
  3.3980e+02     6.541819e+02
  3.4000e+02     6.550351e+02
  3.4020e+02     6.559114e+02
  3.4040e+02     6.568109e+02
  3.4060e+02     6.577334e+02
  3.4080e+02     6.586792e+02
  3.4100e+02     6.596482e+02
  3.4120e+02     6.606404e+02
  3.4140e+02     6.616558e+02
  3.4160e+02     6.626946e+02
  3.4180e+02     6.637566e+02
  3.4200e+02     6.648420e+02
  3.4220e+02     6.659508e+02
  3.4240e+02     6.670830e+02
  3.4260e+02     6.682386e+02
  3.4280e+02     6.694178e+02
  3.4300e+02     6.706204e+02
  3.4320e+02     6.718467e+02
  3.4340e+02     6.730965e+02
  3.4360e+02     6.743700e+02
  3.4380e+02     6.756672e+02
  3.4400e+02     6.769881e+02
  3.4420e+02     6.783328e+02
  3.4440e+02     6.797013e+02
  3.4460e+02     6.810937e+02
  3.4480e+02     6.825101e+02
  3.4500e+02     6.839504e+02
  3.4520e+02     6.854148e+02
  3.4540e+02     6.869032e+02
  3.4560e+02     6.884158e+02
  3.4580e+02     6.899526e+02
  3.4600e+02     6.915136e+02
  3.4620e+02     6.930990e+02
  3.4640e+02     6.947087e+02
  3.4660e+02     6.963428e+02
  3.4680e+02     6.980015e+02
  3.4700e+02     6.996846e+02
  3.4720e+02     7.013924e+02
  3.4740e+02     7.031249e+02
  3.4760e+02     7.048821e+02
  3.4780e+02     7.066642e+02
  3.4800e+02     7.084711e+02
  3.4820e+02     7.103029e+02
  3.4840e+02     7.121598e+02
  3.4860e+02     7.140417e+02
  3.4880e+02     7.159488e+02
  3.4900e+02     7.178811e+02
  3.4920e+02     7.198387e+02
  3.4940e+02     7.218217e+02
  3.4960e+02     7.238301e+02
  3.4980e+02     7.258641e+02
  3.5000e+02     7.279236e+02
  3.5020e+02     7.300088e+02
  3.5040e+02     7.321197e+02
  3.5060e+02     7.342565e+02
  3.5080e+02     7.364191e+02
  3.5100e+02     7.386078e+02
  3.5120e+02     7.408225e+02
  3.5140e+02     7.430633e+02
  3.5160e+02     7.453303e+02
  3.5180e+02     7.476237e+02
  3.5200e+02     7.499434e+02
  3.5220e+02     7.522895e+02
  3.5240e+02     7.546623e+02
  3.5260e+02     7.570616e+02
  3.5280e+02     7.594877e+02
  3.5300e+02     7.619405e+02
  3.5320e+02     7.644202e+02
  3.5340e+02     7.669269e+02
  3.5360e+02     7.694607e+02
  3.5380e+02     7.720215e+02
  3.5400e+02     7.746096e+02
  3.5420e+02     7.772250e+02
  3.5440e+02     7.798677e+02
  3.5460e+02     7.825380e+02
  3.5480e+02     7.852358e+02
  3.5500e+02     7.879612e+02
  3.5520e+02     7.907144e+02
  3.5540e+02     7.934954e+02
  3.5560e+02     7.963043e+02
  3.5580e+02     7.991412e+02
  3.5600e+02     8.020061e+02
  3.5620e+02     8.048992e+02
  3.5640e+02     8.078206e+02
  3.5660e+02     8.107703e+02
  3.5680e+02     8.137484e+02
  3.5700e+02     8.167550e+02
  3.5720e+02     8.197902e+02
  3.5740e+02     8.228541e+02
  3.5760e+02     8.259467e+02
  3.5780e+02     8.290682e+02
  3.5800e+02     8.322186e+02
  3.5820e+02     8.353980e+02
  3.5840e+02     8.386065e+02
  3.5860e+02     8.418442e+02
  3.5880e+02     8.451111e+02
  3.5900e+02     8.484073e+02
  3.5920e+02     8.517329e+02
  3.5940e+02     8.550881e+02
  3.5960e+02     8.584728e+02
  3.5980e+02     8.618871e+02
