# Epidemic | 7 days incidence [ x-unit: days | y-unit: per 100000 ]
  0.0000e+00     3.618006e+02
  2.0000e-01     3.596341e+02
  4.0000e-01     3.575021e+02
  6.0000e-01     3.554041e+02
  8.0000e-01     3.533395e+02
  1.0000e+00     3.513081e+02
  1.2000e+00     3.493092e+02
  1.4000e+00     3.473425e+02
  1.6000e+00     3.454076e+02
  1.8000e+00     3.435041e+02
  2.0000e+00     3.416315e+02
  2.2000e+00     3.397895e+02
  2.4000e+00     3.379776e+02
  2.6000e+00     3.361955e+02
  2.8000e+00     3.344427e+02
  3.0000e+00     3.327190e+02
  3.2000e+00     3.310239e+02
  3.4000e+00     3.293571e+02
  3.6000e+00     3.277183e+02
  3.8000e+00     3.261070e+02
  4.0000e+00     3.245230e+02
  4.2000e+00     3.229659e+02
  4.4000e+00     3.214353e+02
  4.6000e+00     3.199311e+02
  4.8000e+00     3.184527e+02
  5.0000e+00     3.170000e+02
  5.2000e+00     3.155727e+02
  5.4000e+00     3.141703e+02
  5.6000e+00     3.127927e+02
  5.8000e+00     3.114396e+02
  6.0000e+00     3.101106e+02
  6.2000e+00     3.088055e+02
  6.4000e+00     3.075240e+02
  6.6000e+00     3.062658e+02
  6.8000e+00     3.050308e+02
  7.0000e+00     3.038185e+02
  7.2000e+00     3.029580e+02
  7.4000e+00     3.021443e+02
  7.6000e+00     3.013402e+02
  7.8000e+00     3.005456e+02
  8.0000e+00     2.997605e+02
  8.2000e+00     2.989849e+02
  8.4000e+00     2.982189e+02
  8.6000e+00     2.974622e+02
  8.8000e+00     2.967150e+02
  9.0000e+00     2.959772e+02
  9.2000e+00     2.952489e+02
  9.4000e+00     2.945299e+02
  9.6000e+00     2.938202e+02
  9.8000e+00     2.931199e+02
  1.0000e+01     2.924288e+02
  1.0200e+01     2.917471e+02
  1.0400e+01     2.910746e+02
  1.0600e+01     2.904113e+02
  1.0800e+01     2.897572e+02
  1.1000e+01     2.891123e+02
  1.1200e+01     2.884766e+02
  1.1400e+01     2.878499e+02
  1.1600e+01     2.872324e+02
  1.1800e+01     2.866239e+02
  1.2000e+01     2.860244e+02
  1.2200e+01     2.854339e+02
  1.2400e+01     2.848524e+02
  1.2600e+01     2.842799e+02
  1.2800e+01     2.837162e+02
  1.3000e+01     2.831615e+02
  1.3200e+01     2.826156e+02
  1.3400e+01     2.820785e+02
  1.3600e+01     2.815502e+02
  1.3800e+01     2.810307e+02
  1.4000e+01     2.805199e+02
  1.4200e+01     2.800178e+02
  1.4400e+01     2.795244e+02
  1.4600e+01     2.790396e+02
  1.4800e+01     2.785634e+02
  1.5000e+01     2.780958e+02
  1.5200e+01     2.776367e+02
  1.5400e+01     2.771862e+02
  1.5600e+01     2.767441e+02
  1.5800e+01     2.763105e+02
  1.6000e+01     2.758853e+02
  1.6200e+01     2.754685e+02
  1.6400e+01     2.750601e+02
  1.6600e+01     2.746599e+02
  1.6800e+01     2.742681e+02
  1.7000e+01     2.738845e+02
  1.7200e+01     2.735092e+02
  1.7400e+01     2.731421e+02
  1.7600e+01     2.727831e+02
  1.7800e+01     2.724323e+02
  1.8000e+01     2.720896e+02
  1.8200e+01     2.717549e+02
  1.8400e+01     2.714283e+02
  1.8600e+01     2.711097e+02
  1.8800e+01     2.707992e+02
  1.9000e+01     2.704965e+02
  1.9200e+01     2.702018e+02
  1.9400e+01     2.699150e+02
  1.9600e+01     2.696361e+02
  1.9800e+01     2.693649e+02
  2.0000e+01     2.691016e+02
  2.0200e+01     2.688461e+02
  2.0400e+01     2.685983e+02
  2.0600e+01     2.683583e+02
  2.0800e+01     2.681259e+02
  2.1000e+01     2.679012e+02
  2.1200e+01     2.676468e+02
  2.1400e+01     2.674026e+02
  2.1600e+01     2.671731e+02
  2.1800e+01     2.669582e+02
  2.2000e+01     2.667579e+02
  2.2200e+01     2.665720e+02
  2.2400e+01     2.664005e+02
  2.2600e+01     2.662434e+02
  2.2800e+01     2.661006e+02
  2.3000e+01     2.659721e+02
  2.3200e+01     2.658577e+02
  2.3400e+01     2.657575e+02
  2.3600e+01     2.656714e+02
  2.3800e+01     2.655994e+02
  2.4000e+01     2.655414e+02
  2.4200e+01     2.654973e+02
  2.4400e+01     2.654673e+02
  2.4600e+01     2.654511e+02
  2.4800e+01     2.654488e+02
  2.5000e+01     2.654603e+02
  2.5200e+01     2.654857e+02
  2.5400e+01     2.655249e+02
  2.5600e+01     2.655778e+02
  2.5800e+01     2.656444e+02
  2.6000e+01     2.657248e+02
  2.6200e+01     2.658189e+02
  2.6400e+01     2.659267e+02
  2.6600e+01     2.660481e+02
  2.6800e+01     2.661832e+02
  2.7000e+01     2.663320e+02
  2.7200e+01     2.664944e+02
  2.7400e+01     2.666704e+02
  2.7600e+01     2.668600e+02
  2.7800e+01     2.670633e+02
  2.8000e+01     2.672802e+02
  2.8200e+01     2.675107e+02
  2.8400e+01     2.677549e+02
  2.8600e+01     2.680126e+02
  2.8800e+01     2.682840e+02
  2.9000e+01     2.685691e+02
  2.9200e+01     2.688678e+02
  2.9400e+01     2.691802e+02
  2.9600e+01     2.695062e+02
  2.9800e+01     2.698460e+02
  3.0000e+01     2.701994e+02
  3.0200e+01     2.705666e+02
  3.0400e+01     2.709475e+02
  3.0600e+01     2.713423e+02
  3.0800e+01     2.717508e+02
  3.1000e+01     2.721731e+02
  3.1200e+01     2.726093e+02
  3.1400e+01     2.730594e+02
  3.1600e+01     2.735234e+02
  3.1800e+01     2.740014e+02
  3.2000e+01     2.744933e+02
  3.2200e+01     2.749993e+02
  3.2400e+01     2.755193e+02
  3.2600e+01     2.760534e+02
  3.2800e+01     2.766017e+02
  3.3000e+01     2.771642e+02
  3.3200e+01     2.777409e+02
  3.3400e+01     2.783319e+02
  3.3600e+01     2.789372e+02
  3.3800e+01     2.795570e+02
  3.4000e+01     2.801911e+02
  3.4200e+01     2.808398e+02
  3.4400e+01     2.815030e+02
  3.4600e+01     2.821808e+02
  3.4800e+01     2.828733e+02
  3.5000e+01     2.835806e+02
  3.5200e+01     2.843026e+02
  3.5400e+01     2.850396e+02
  3.5600e+01     2.857914e+02
  3.5800e+01     2.865583e+02
  3.6000e+01     2.873402e+02
  3.6200e+01     2.881373e+02
  3.6400e+01     2.889496e+02
  3.6600e+01     2.897773e+02
  3.6800e+01     2.906203e+02
  3.7000e+01     2.914788e+02
  3.7200e+01     2.923528e+02
  3.7400e+01     2.932425e+02
  3.7600e+01     2.941479e+02
  3.7800e+01     2.950691e+02
  3.8000e+01     2.960062e+02
  3.8200e+01     2.969593e+02
  3.8400e+01     2.979284e+02
  3.8600e+01     2.989138e+02
  3.8800e+01     2.999155e+02
  3.9000e+01     3.009335e+02
  3.9200e+01     3.019680e+02
  3.9400e+01     3.030191e+02
  3.9600e+01     3.040870e+02
  3.9800e+01     3.051716e+02
  4.0000e+01     3.062731e+02
  4.0200e+01     3.073916e+02
  4.0400e+01     3.085273e+02
  4.0600e+01     3.096803e+02
  4.0800e+01     3.108506e+02
  4.1000e+01     3.120384e+02
  4.1200e+01     3.132439e+02
  4.1400e+01     3.144670e+02
  4.1600e+01     3.157081e+02
  4.1800e+01     3.169671e+02
  4.2000e+01     3.182443e+02
  4.2200e+01     3.195397e+02
  4.2400e+01     3.208535e+02
  4.2600e+01     3.221859e+02
  4.2800e+01     3.235369e+02
  4.3000e+01     3.249067e+02
  4.3200e+01     3.262955e+02
  4.3400e+01     3.277033e+02
  4.3600e+01     3.291304e+02
  4.3800e+01     3.305769e+02
  4.4000e+01     3.320430e+02
  4.4200e+01     3.335287e+02
  4.4400e+01     3.350343e+02
  4.4600e+01     3.365600e+02
  4.4800e+01     3.381058e+02
  4.5000e+01     3.396719e+02
  4.5200e+01     3.412585e+02
  4.5400e+01     3.428658e+02
  4.5600e+01     3.444940e+02
  4.5800e+01     3.461431e+02
  4.6000e+01     3.478134e+02
  4.6200e+01     3.495051e+02
  4.6400e+01     3.512184e+02
  4.6600e+01     3.529533e+02
  4.6800e+01     3.547102e+02
  4.7000e+01     3.564892e+02
  4.7200e+01     3.582904e+02
  4.7400e+01     3.601141e+02
  4.7600e+01     3.619605e+02
  4.7800e+01     3.638297e+02
  4.8000e+01     3.657220e+02
  4.8200e+01     3.676375e+02
  4.8400e+01     3.695765e+02
  4.8600e+01     3.715392e+02
  4.8800e+01     3.735257e+02
  4.9000e+01     3.755363e+02
  4.9200e+01     3.775712e+02
  4.9400e+01     3.796307e+02
  4.9600e+01     3.817148e+02
  4.9800e+01     3.838239e+02
  5.0000e+01     3.859582e+02
  5.0200e+01     3.881179e+02
  5.0400e+01     3.903032e+02
  5.0600e+01     3.925144e+02
  5.0800e+01     3.947516e+02
  5.1000e+01     3.970152e+02
  5.1200e+01     3.993053e+02
  5.1400e+01     4.016223e+02
  5.1600e+01     4.039663e+02
  5.1800e+01     4.063376e+02
  5.2000e+01     4.087364e+02
  5.2200e+01     4.111630e+02
  5.2400e+01     4.136177e+02
  5.2600e+01     4.161007e+02
  5.2800e+01     4.186123e+02
  5.3000e+01     4.211527e+02
  5.3200e+01     4.237222e+02
  5.3400e+01     4.263210e+02
  5.3600e+01     4.289495e+02
  5.3800e+01     4.316079e+02
  5.4000e+01     4.342965e+02
  5.4200e+01     4.370155e+02
  5.4400e+01     4.397653e+02
  5.4600e+01     4.425461e+02
  5.4800e+01     4.453582e+02
  5.5000e+01     4.482020e+02
  5.5200e+01     4.510776e+02
  5.5400e+01     4.539854e+02
  5.5600e+01     4.569258e+02
  5.5800e+01     4.598989e+02
  5.6000e+01     4.629051e+02
  5.6200e+01     4.659447e+02
  5.6400e+01     4.690180e+02
  5.6600e+01     4.721254e+02
  5.6800e+01     4.752670e+02
  5.7000e+01     4.784434e+02
  5.7200e+01     4.816547e+02
  5.7400e+01     4.849013e+02
  5.7600e+01     4.881836e+02
  5.7800e+01     4.915018e+02
  5.8000e+01     4.948562e+02
  5.8200e+01     4.982473e+02
  5.8400e+01     5.016754e+02
  5.8600e+01     5.051407e+02
  5.8800e+01     5.086437e+02
  5.9000e+01     5.121847e+02
  5.9200e+01     5.157639e+02
  5.9400e+01     5.193819e+02
  5.9600e+01     5.230389e+02
  5.9800e+01     5.267353e+02
  6.0000e+01     5.304714e+02
  6.0200e+01     5.342476e+02
  6.0400e+01     5.380642e+02
  6.0600e+01     5.419218e+02
  6.0800e+01     5.458205e+02
  6.1000e+01     5.497607e+02
  6.1200e+01     5.537429e+02
  6.1400e+01     5.577674e+02
  6.1600e+01     5.618346e+02
  6.1800e+01     5.659449e+02
  6.2000e+01     5.700986e+02
  6.2200e+01     5.742962e+02
  6.2400e+01     5.785380e+02
  6.2600e+01     5.828243e+02
  6.2800e+01     5.871557e+02
  6.3000e+01     5.915325e+02
  6.3200e+01     5.959551e+02
  6.3400e+01     6.004238e+02
  6.3600e+01     6.049391e+02
  6.3800e+01     6.095014e+02
  6.4000e+01     6.141111e+02
  6.4200e+01     6.187686e+02
  6.4400e+01     6.234742e+02
  6.4600e+01     6.282285e+02
  6.4800e+01     6.330317e+02
  6.5000e+01     6.378844e+02
  6.5200e+01     6.427869e+02
  6.5400e+01     6.477396e+02
  6.5600e+01     6.527430e+02
  6.5800e+01     6.577975e+02
  6.6000e+01     6.629034e+02
  6.6200e+01     6.680613e+02
  6.6400e+01     6.732714e+02
  6.6600e+01     6.785343e+02
  6.6800e+01     6.838504e+02
  6.7000e+01     6.892200e+02
  6.7200e+01     6.946436e+02
  6.7400e+01     7.001217e+02
  6.7600e+01     7.056546e+02
  6.7800e+01     7.112427e+02
  6.8000e+01     7.168865e+02
  6.8200e+01     7.225864e+02
  6.8400e+01     7.283429e+02
  6.8600e+01     7.341563e+02
  6.8800e+01     7.400270e+02
  6.9000e+01     7.459556e+02
  6.9200e+01     7.519423e+02
  6.9400e+01     7.579877e+02
  6.9600e+01     7.640921e+02
  6.9800e+01     7.702559e+02
  7.0000e+01     7.764796e+02
  7.0200e+01     7.827636e+02
  7.0400e+01     7.891083e+02
  7.0600e+01     7.955141e+02
  7.0800e+01     8.019814e+02
  7.1000e+01     8.085106e+02
  7.1200e+01     8.151022e+02
  7.1400e+01     8.217564e+02
  7.1600e+01     8.284738e+02
  7.1800e+01     8.352546e+02
  7.2000e+01     8.420994e+02
  7.2200e+01     8.490084e+02
  7.2400e+01     8.559821e+02
  7.2600e+01     8.630209e+02
  7.2800e+01     8.701251e+02
  7.3000e+01     8.772951e+02
  7.3200e+01     8.845312e+02
  7.3400e+01     8.918339e+02
  7.3600e+01     8.992035e+02
  7.3800e+01     9.066403e+02
  7.4000e+01     9.141446e+02
  7.4200e+01     9.217169e+02
  7.4400e+01     9.293575e+02
  7.4600e+01     9.370666e+02
  7.4800e+01     9.448447e+02
  7.5000e+01     9.526919e+02
  7.5200e+01     9.606087e+02
  7.5400e+01     9.685954e+02
  7.5600e+01     9.766521e+02
  7.5800e+01     9.847792e+02
  7.6000e+01     9.929770e+02
  7.6200e+01     1.001245e+03
  7.6400e+01     1.009585e+03
  7.6600e+01     1.017997e+03
  7.6800e+01     1.026480e+03
  7.7000e+01     1.035035e+03
  7.7200e+01     1.043662e+03
  7.7400e+01     1.052361e+03
  7.7600e+01     1.061133e+03
  7.7800e+01     1.069978e+03
  7.8000e+01     1.078895e+03
  7.8200e+01     1.087886e+03
  7.8400e+01     1.096950e+03
  7.8600e+01     1.106087e+03
  7.8800e+01     1.115297e+03
  7.9000e+01     1.124581e+03
  7.9200e+01     1.133939e+03
  7.9400e+01     1.143370e+03
  7.9600e+01     1.152875e+03
  7.9800e+01     1.162454e+03
  8.0000e+01     1.172106e+03
  8.0200e+01     1.181833e+03
  8.0400e+01     1.191633e+03
  8.0600e+01     1.201507e+03
  8.0800e+01     1.211455e+03
  8.1000e+01     1.221476e+03
  8.1200e+01     1.231571e+03
  8.1400e+01     1.241740e+03
  8.1600e+01     1.251982e+03
  8.1800e+01     1.262297e+03
  8.2000e+01     1.272685e+03
  8.2200e+01     1.283146e+03
  8.2400e+01     1.293680e+03
  8.2600e+01     1.304286e+03
  8.2800e+01     1.314964e+03
  8.3000e+01     1.325715e+03
  8.3200e+01     1.336537e+03
  8.3400e+01     1.347430e+03
  8.3600e+01     1.358394e+03
  8.3800e+01     1.369428e+03
  8.4000e+01     1.380533e+03
  8.4200e+01     1.391707e+03
  8.4400e+01     1.402951e+03
  8.4600e+01     1.414263e+03
  8.4800e+01     1.425644e+03
  8.5000e+01     1.437092e+03
  8.5200e+01     1.448608e+03
  8.5400e+01     1.460190e+03
  8.5600e+01     1.471837e+03
  8.5800e+01     1.483550e+03
  8.6000e+01     1.495328e+03
  8.6200e+01     1.507169e+03
  8.6400e+01     1.519074e+03
  8.6600e+01     1.531040e+03
  8.6800e+01     1.543068e+03
  8.7000e+01     1.555156e+03
  8.7200e+01     1.567304e+03
  8.7400e+01     1.579511e+03
  8.7600e+01     1.591776e+03
  8.7800e+01     1.604097e+03
  8.8000e+01     1.616473e+03
  8.8200e+01     1.628905e+03
  8.8400e+01     1.641390e+03
  8.8600e+01     1.653927e+03
  8.8800e+01     1.666515e+03
  8.9000e+01     1.679153e+03
  8.9200e+01     1.691839e+03
  8.9400e+01     1.704573e+03
  8.9600e+01     1.717353e+03
  8.9800e+01     1.730177e+03
  9.0000e+01     1.743044e+03
  9.0200e+01     1.755953e+03
  9.0400e+01     1.768902e+03
  9.0600e+01     1.781889e+03
  9.0800e+01     1.794913e+03
  9.1000e+01     1.807973e+03
  9.1200e+01     1.821066e+03
  9.1400e+01     1.834190e+03
  9.1600e+01     1.847345e+03
  9.1800e+01     1.860528e+03
  9.2000e+01     1.873737e+03
  9.2200e+01     1.886971e+03
  9.2400e+01     1.900227e+03
  9.2600e+01     1.913503e+03
  9.2800e+01     1.926798e+03
  9.3000e+01     1.940109e+03
  9.3200e+01     1.953435e+03
  9.3400e+01     1.966772e+03
  9.3600e+01     1.980119e+03
  9.3800e+01     1.993474e+03
  9.4000e+01     2.006833e+03
  9.4200e+01     2.020196e+03
  9.4400e+01     2.033559e+03
  9.4600e+01     2.046920e+03
  9.4800e+01     2.060276e+03
  9.5000e+01     2.073625e+03
  9.5200e+01     2.086965e+03
  9.5400e+01     2.100293e+03
  9.5600e+01     2.113605e+03
  9.5800e+01     2.126900e+03
  9.6000e+01     2.140175e+03
  9.6200e+01     2.153426e+03
  9.6400e+01     2.166652e+03
  9.6600e+01     2.179848e+03
  9.6800e+01     2.193013e+03
  9.7000e+01     2.206144e+03
  9.7200e+01     2.219236e+03
  9.7400e+01     2.232288e+03
  9.7600e+01     2.245296e+03
  9.7800e+01     2.258258e+03
  9.8000e+01     2.271170e+03
  9.8200e+01     2.284028e+03
  9.8400e+01     2.296830e+03
  9.8600e+01     2.309573e+03
  9.8800e+01     2.322253e+03
  9.9000e+01     2.334868e+03
  9.9200e+01     2.347412e+03
  9.9400e+01     2.359885e+03
  9.9600e+01     2.372281e+03
  9.9800e+01     2.384598e+03
  1.0000e+02     2.396832e+03
  1.0020e+02     2.408981e+03
  1.0040e+02     2.421039e+03
  1.0060e+02     2.433005e+03
  1.0080e+02     2.444874e+03
  1.0100e+02     2.456643e+03
  1.0120e+02     2.468308e+03
  1.0140e+02     2.479867e+03
  1.0160e+02     2.491315e+03
  1.0180e+02     2.502649e+03
  1.0200e+02     2.513865e+03
  1.0220e+02     2.524960e+03
  1.0240e+02     2.535931e+03
  1.0260e+02     2.546773e+03
  1.0280e+02     2.557484e+03
  1.0300e+02     2.568059e+03
  1.0320e+02     2.578496e+03
  1.0340e+02     2.588791e+03
  1.0360e+02     2.598939e+03
  1.0380e+02     2.608939e+03
  1.0400e+02     2.618785e+03
  1.0420e+02     2.628476e+03
  1.0440e+02     2.638006e+03
  1.0460e+02     2.647374e+03
  1.0480e+02     2.656575e+03
  1.0500e+02     2.665607e+03
  1.0520e+02     2.674465e+03
  1.0540e+02     2.683147e+03
  1.0560e+02     2.691649e+03
  1.0580e+02     2.699968e+03
  1.0600e+02     2.708101e+03
  1.0620e+02     2.716045e+03
  1.0640e+02     2.723796e+03
  1.0660e+02     2.731352e+03
  1.0680e+02     2.738710e+03
  1.0700e+02     2.745866e+03
  1.0720e+02     2.752817e+03
  1.0740e+02     2.759562e+03
  1.0760e+02     2.766096e+03
  1.0780e+02     2.772417e+03
  1.0800e+02     2.778524e+03
  1.0820e+02     2.784412e+03
  1.0840e+02     2.790079e+03
  1.0860e+02     2.795524e+03
  1.0880e+02     2.800743e+03
  1.0900e+02     2.805734e+03
  1.0920e+02     2.810495e+03
  1.0940e+02     2.815024e+03
  1.0960e+02     2.819319e+03
  1.0980e+02     2.823377e+03
  1.1000e+02     2.827197e+03
  1.1020e+02     2.830777e+03
  1.1040e+02     2.834115e+03
  1.1060e+02     2.837210e+03
  1.1080e+02     2.840059e+03
  1.1100e+02     2.842662e+03
  1.1120e+02     2.845017e+03
  1.1140e+02     2.847123e+03
  1.1160e+02     2.848978e+03
  1.1180e+02     2.850582e+03
  1.1200e+02     2.851933e+03
  1.1220e+02     2.853031e+03
  1.1240e+02     2.853874e+03
  1.1260e+02     2.854463e+03
  1.1280e+02     2.854796e+03
  1.1300e+02     2.854874e+03
  1.1320e+02     2.854695e+03
  1.1340e+02     2.854259e+03
  1.1360e+02     2.853566e+03
  1.1380e+02     2.852617e+03
  1.1400e+02     2.851411e+03
  1.1420e+02     2.849949e+03
  1.1440e+02     2.848230e+03
  1.1460e+02     2.846255e+03
  1.1480e+02     2.844025e+03
  1.1500e+02     2.841540e+03
  1.1520e+02     2.838801e+03
  1.1540e+02     2.835809e+03
  1.1560e+02     2.832564e+03
  1.1580e+02     2.829068e+03
  1.1600e+02     2.825321e+03
  1.1620e+02     2.821326e+03
  1.1640e+02     2.817084e+03
  1.1660e+02     2.812595e+03
  1.1680e+02     2.807861e+03
  1.1700e+02     2.802885e+03
  1.1720e+02     2.797667e+03
  1.1740e+02     2.792210e+03
  1.1760e+02     2.786516e+03
  1.1780e+02     2.780587e+03
  1.1800e+02     2.774424e+03
  1.1820e+02     2.768031e+03
  1.1840e+02     2.761409e+03
  1.1860e+02     2.754561e+03
  1.1880e+02     2.747489e+03
  1.1900e+02     2.740197e+03
  1.1920e+02     2.732686e+03
  1.1940e+02     2.724959e+03
  1.1960e+02     2.717020e+03
  1.1980e+02     2.708871e+03
  1.2000e+02     2.700516e+03
  1.2020e+02     2.691956e+03
  1.2040e+02     2.683197e+03
  1.2060e+02     2.674239e+03
  1.2080e+02     2.665088e+03
  1.2100e+02     2.655746e+03
  1.2120e+02     2.646217e+03
  1.2140e+02     2.636504e+03
  1.2160e+02     2.626611e+03
  1.2180e+02     2.616541e+03
  1.2200e+02     2.606298e+03
  1.2220e+02     2.595885e+03
  1.2240e+02     2.585307e+03
  1.2260e+02     2.574566e+03
  1.2280e+02     2.563668e+03
  1.2300e+02     2.552614e+03
  1.2320e+02     2.541411e+03
  1.2340e+02     2.530061e+03
  1.2360e+02     2.518568e+03
  1.2380e+02     2.506936e+03
  1.2400e+02     2.495169e+03
  1.2420e+02     2.483272e+03
  1.2440e+02     2.471247e+03
  1.2460e+02     2.459100e+03
  1.2480e+02     2.446834e+03
  1.2500e+02     2.434453e+03
  1.2520e+02     2.421961e+03
  1.2540e+02     2.409362e+03
  1.2560e+02     2.396661e+03
  1.2580e+02     2.383861e+03
  1.2600e+02     2.370966e+03
  1.2620e+02     2.357981e+03
  1.2640e+02     2.344909e+03
  1.2660e+02     2.331754e+03
  1.2680e+02     2.318521e+03
  1.2700e+02     2.305212e+03
  1.2720e+02     2.291833e+03
  1.2740e+02     2.278387e+03
  1.2760e+02     2.264878e+03
  1.2780e+02     2.251310e+03
  1.2800e+02     2.237686e+03
  1.2820e+02     2.224011e+03
  1.2840e+02     2.210288e+03
  1.2860e+02     2.196522e+03
  1.2880e+02     2.182714e+03
  1.2900e+02     2.168870e+03
  1.2920e+02     2.154994e+03
  1.2940e+02     2.141087e+03
  1.2960e+02     2.127155e+03
  1.2980e+02     2.113200e+03
  1.3000e+02     2.099226e+03
  1.3020e+02     2.085237e+03
  1.3040e+02     2.071236e+03
  1.3060e+02     2.057225e+03
  1.3080e+02     2.043209e+03
  1.3100e+02     2.029190e+03
  1.3120e+02     2.015173e+03
  1.3140e+02     2.001158e+03
  1.3160e+02     1.987151e+03
  1.3180e+02     1.973153e+03
  1.3200e+02     1.959169e+03
  1.3220e+02     1.945199e+03
  1.3240e+02     1.931249e+03
  1.3260e+02     1.917319e+03
  1.3280e+02     1.903413e+03
  1.3300e+02     1.889534e+03
  1.3320e+02     1.875684e+03
  1.3340e+02     1.861866e+03
  1.3360e+02     1.848081e+03
  1.3380e+02     1.834333e+03
  1.3400e+02     1.820624e+03
  1.3420e+02     1.806956e+03
  1.3440e+02     1.793332e+03
  1.3460e+02     1.779753e+03
  1.3480e+02     1.766221e+03
  1.3500e+02     1.752740e+03
  1.3520e+02     1.739310e+03
  1.3540e+02     1.725933e+03
  1.3560e+02     1.712613e+03
  1.3580e+02     1.699349e+03
  1.3600e+02     1.686144e+03
  1.3620e+02     1.673001e+03
  1.3640e+02     1.659919e+03
  1.3660e+02     1.646902e+03
  1.3680e+02     1.633950e+03
  1.3700e+02     1.621065e+03
  1.3720e+02     1.608248e+03
  1.3740e+02     1.595502e+03
  1.3760e+02     1.582826e+03
  1.3780e+02     1.570223e+03
  1.3800e+02     1.557693e+03
  1.3820e+02     1.545238e+03
  1.3840e+02     1.532858e+03
  1.3860e+02     1.520556e+03
  1.3880e+02     1.508331e+03
  1.3900e+02     1.496185e+03
  1.3920e+02     1.484119e+03
  1.3940e+02     1.472133e+03
  1.3960e+02     1.460229e+03
  1.3980e+02     1.448407e+03
  1.4000e+02     1.436667e+03
  1.4020e+02     1.425012e+03
  1.4040e+02     1.413440e+03
  1.4060e+02     1.401953e+03
  1.4080e+02     1.390551e+03
  1.4100e+02     1.379235e+03
  1.4120e+02     1.368006e+03
  1.4140e+02     1.356863e+03
  1.4160e+02     1.345807e+03
  1.4180e+02     1.334838e+03
  1.4200e+02     1.323957e+03
  1.4220e+02     1.313165e+03
  1.4240e+02     1.302460e+03
  1.4260e+02     1.291844e+03
  1.4280e+02     1.281317e+03
  1.4300e+02     1.270878e+03
  1.4320e+02     1.260529e+03
  1.4340e+02     1.250268e+03
  1.4360e+02     1.240097e+03
  1.4380e+02     1.230014e+03
  1.4400e+02     1.220021e+03
  1.4420e+02     1.210117e+03
  1.4440e+02     1.200301e+03
  1.4460e+02     1.190575e+03
  1.4480e+02     1.180938e+03
  1.4500e+02     1.171389e+03
  1.4520e+02     1.161929e+03
  1.4540e+02     1.152557e+03
  1.4560e+02     1.143273e+03
  1.4580e+02     1.134077e+03
  1.4600e+02     1.124970e+03
  1.4620e+02     1.115949e+03
  1.4640e+02     1.107016e+03
  1.4660e+02     1.098170e+03
  1.4680e+02     1.089410e+03
  1.4700e+02     1.080737e+03
  1.4720e+02     1.072149e+03
  1.4740e+02     1.063648e+03
  1.4760e+02     1.055231e+03
  1.4780e+02     1.046899e+03
  1.4800e+02     1.038652e+03
  1.4820e+02     1.030489e+03
  1.4840e+02     1.022409e+03
  1.4860e+02     1.014413e+03
  1.4880e+02     1.006499e+03
  1.4900e+02     9.986685e+02
  1.4920e+02     9.909191e+02
  1.4940e+02     9.832509e+02
  1.4960e+02     9.756637e+02
  1.4980e+02     9.681568e+02
  1.5000e+02     9.607298e+02
  1.5020e+02     9.533821e+02
  1.5040e+02     9.461134e+02
  1.5060e+02     9.389229e+02
  1.5080e+02     9.318103e+02
  1.5100e+02     9.247750e+02
  1.5120e+02     9.178163e+02
  1.5140e+02     9.109339e+02
  1.5160e+02     9.041271e+02
  1.5180e+02     8.973955e+02
  1.5200e+02     8.907383e+02
  1.5220e+02     8.841552e+02
  1.5240e+02     8.776454e+02
  1.5260e+02     8.712085e+02
  1.5280e+02     8.648439e+02
  1.5300e+02     8.585510e+02
  1.5320e+02     8.523293e+02
  1.5340e+02     8.461781e+02
  1.5360e+02     8.400969e+02
  1.5380e+02     8.340852e+02
  1.5400e+02     8.281423e+02
  1.5420e+02     8.222676e+02
  1.5440e+02     8.164607e+02
  1.5460e+02     8.107209e+02
  1.5480e+02     8.050476e+02
  1.5500e+02     7.994403e+02
  1.5520e+02     7.938983e+02
  1.5540e+02     7.884212e+02
  1.5560e+02     7.830083e+02
  1.5580e+02     7.776591e+02
  1.5600e+02     7.723730e+02
  1.5620e+02     7.671495e+02
  1.5640e+02     7.619879e+02
  1.5660e+02     7.568877e+02
  1.5680e+02     7.518483e+02
  1.5700e+02     7.468692e+02
  1.5720e+02     7.419499e+02
  1.5740e+02     7.370897e+02
  1.5760e+02     7.322881e+02
  1.5780e+02     7.275446e+02
  1.5800e+02     7.228586e+02
  1.5820e+02     7.182295e+02
  1.5840e+02     7.136569e+02
  1.5860e+02     7.091402e+02
  1.5880e+02     7.046789e+02
  1.5900e+02     7.002724e+02
  1.5920e+02     6.959201e+02
  1.5940e+02     6.916217e+02
  1.5960e+02     6.873765e+02
  1.5980e+02     6.831841e+02
  1.6000e+02     6.790439e+02
  1.6020e+02     6.749554e+02
  1.6040e+02     6.709182e+02
  1.6060e+02     6.669316e+02
  1.6080e+02     6.629953e+02
  1.6100e+02     6.591087e+02
  1.6120e+02     6.552714e+02
  1.6140e+02     6.514828e+02
  1.6160e+02     6.477425e+02
  1.6180e+02     6.440500e+02
  1.6200e+02     6.404048e+02
  1.6220e+02     6.368065e+02
  1.6240e+02     6.332546e+02
  1.6260e+02     6.297487e+02
  1.6280e+02     6.262882e+02
  1.6300e+02     6.228728e+02
  1.6320e+02     6.195020e+02
  1.6340e+02     6.161753e+02
  1.6360e+02     6.128924e+02
  1.6380e+02     6.096527e+02
  1.6400e+02     6.064559e+02
  1.6420e+02     6.033016e+02
  1.6440e+02     6.001893e+02
  1.6460e+02     5.971185e+02
  1.6480e+02     5.940890e+02
  1.6500e+02     5.911003e+02
  1.6520e+02     5.881520e+02
  1.6540e+02     5.852437e+02
  1.6560e+02     5.823750e+02
  1.6580e+02     5.795455e+02
  1.6600e+02     5.767549e+02
  1.6620e+02     5.740027e+02
  1.6640e+02     5.712886e+02
  1.6660e+02     5.686123e+02
  1.6680e+02     5.659733e+02
  1.6700e+02     5.633713e+02
  1.6720e+02     5.608059e+02
  1.6740e+02     5.582769e+02
  1.6760e+02     5.557837e+02
  1.6780e+02     5.533262e+02
  1.6800e+02     5.509040e+02
  1.6820e+02     5.485166e+02
  1.6840e+02     5.461639e+02
  1.6860e+02     5.438454e+02
  1.6880e+02     5.415609e+02
  1.6900e+02     5.393101e+02
  1.6920e+02     5.370925e+02
  1.6940e+02     5.349080e+02
  1.6960e+02     5.327562e+02
  1.6980e+02     5.306368e+02
  1.7000e+02     5.285494e+02
  1.7020e+02     5.264940e+02
  1.7040e+02     5.244700e+02
  1.7060e+02     5.224773e+02
  1.7080e+02     5.205155e+02
  1.7100e+02     5.185845e+02
  1.7120e+02     5.166838e+02
  1.7140e+02     5.148133e+02
  1.7160e+02     5.129727e+02
  1.7180e+02     5.111617e+02
  1.7200e+02     5.093800e+02
  1.7220e+02     5.076275e+02
  1.7240e+02     5.059038e+02
  1.7260e+02     5.042088e+02
  1.7280e+02     5.025421e+02
  1.7300e+02     5.009035e+02
  1.7320e+02     4.992928e+02
  1.7340e+02     4.977098e+02
  1.7360e+02     4.961542e+02
  1.7380e+02     4.946258e+02
  1.7400e+02     4.931245e+02
  1.7420e+02     4.916498e+02
  1.7440e+02     4.902018e+02
  1.7460e+02     4.887801e+02
  1.7480e+02     4.873845e+02
  1.7500e+02     4.860148e+02
  1.7520e+02     4.846709e+02
  1.7540e+02     4.833525e+02
  1.7560e+02     4.820595e+02
  1.7580e+02     4.807916e+02
  1.7600e+02     4.795486e+02
  1.7620e+02     4.783305e+02
  1.7640e+02     4.771369e+02
  1.7660e+02     4.759678e+02
  1.7680e+02     4.748229e+02
  1.7700e+02     4.737020e+02
  1.7720e+02     4.726051e+02
  1.7740e+02     4.715319e+02
  1.7760e+02     4.704822e+02
  1.7780e+02     4.694560e+02
  1.7800e+02     4.684530e+02
  1.7820e+02     4.674731e+02
  1.7840e+02     4.665162e+02
  1.7860e+02     4.655820e+02
  1.7880e+02     4.646706e+02
  1.7900e+02     4.637816e+02
  1.7920e+02     4.629150e+02
  1.7940e+02     4.620706e+02
  1.7960e+02     4.612483e+02
  1.7980e+02     4.604480e+02
  1.8000e+02     4.596696e+02
  1.8020e+02     4.589128e+02
  1.8040e+02     4.581776e+02
  1.8060e+02     4.574639e+02
  1.8080e+02     4.567716e+02
  1.8100e+02     4.561005e+02
  1.8120e+02     4.554505e+02
  1.8140e+02     4.548215e+02
  1.8160e+02     4.542134e+02
  1.8180e+02     4.536261e+02
  1.8200e+02     4.530595e+02
  1.8220e+02     4.525134e+02
  1.8240e+02     4.519879e+02
  1.8260e+02     4.514828e+02
  1.8280e+02     4.509980e+02
  1.8300e+02     4.505334e+02
  1.8320e+02     4.500889e+02
  1.8340e+02     4.496644e+02
  1.8360e+02     4.492599e+02
  1.8380e+02     4.488753e+02
  1.8400e+02     4.485105e+02
  1.8420e+02     4.481653e+02
  1.8440e+02     4.478399e+02
  1.8460e+02     4.475340e+02
  1.8480e+02     4.472476e+02
  1.8500e+02     4.469806e+02
  1.8520e+02     4.467330e+02
  1.8540e+02     4.465046e+02
  1.8560e+02     4.462956e+02
  1.8580e+02     4.461057e+02
  1.8600e+02     4.459349e+02
  1.8620e+02     4.457832e+02
  1.8640e+02     4.456505e+02
  1.8660e+02     4.455368e+02
  1.8680e+02     4.454420e+02
  1.8700e+02     4.453661e+02
  1.8720e+02     4.453089e+02
  1.8740e+02     4.452706e+02
  1.8760e+02     4.452510e+02
  1.8780e+02     4.452501e+02
  1.8800e+02     4.452679e+02
  1.8820e+02     4.453043e+02
  1.8840e+02     4.453593e+02
  1.8860e+02     4.454329e+02
  1.8880e+02     4.455250e+02
  1.8900e+02     4.456357e+02
  1.8920e+02     4.457648e+02
  1.8940e+02     4.459124e+02
  1.8960e+02     4.460784e+02
  1.8980e+02     4.462628e+02
  1.9000e+02     4.464657e+02
  1.9020e+02     4.466870e+02
  1.9040e+02     4.469266e+02
  1.9060e+02     4.471846e+02
  1.9080e+02     4.474610e+02
  1.9100e+02     4.477557e+02
  1.9120e+02     4.480687e+02
  1.9140e+02     4.484001e+02
  1.9160e+02     4.487499e+02
  1.9180e+02     4.491179e+02
  1.9200e+02     4.495043e+02
  1.9220e+02     4.499091e+02
  1.9240e+02     4.503322e+02
  1.9260e+02     4.507736e+02
  1.9280e+02     4.512334e+02
  1.9300e+02     4.517116e+02
  1.9320e+02     4.522082e+02
  1.9340e+02     4.527232e+02
  1.9360e+02     4.532565e+02
  1.9380e+02     4.538083e+02
  1.9400e+02     4.543786e+02
  1.9420e+02     4.549673e+02
  1.9440e+02     4.555745e+02
  1.9460e+02     4.562002e+02
  1.9480e+02     4.568445e+02
  1.9500e+02     4.575073e+02
  1.9520e+02     4.581887e+02
  1.9540e+02     4.588888e+02
  1.9560e+02     4.596075e+02
  1.9580e+02     4.603449e+02
  1.9600e+02     4.611010e+02
  1.9620e+02     4.618759e+02
  1.9640e+02     4.626696e+02
  1.9660e+02     4.634821e+02
  1.9680e+02     4.643135e+02
  1.9700e+02     4.651639e+02
  1.9720e+02     4.660332e+02
  1.9740e+02     4.669215e+02
  1.9760e+02     4.678290e+02
  1.9780e+02     4.687555e+02
  1.9800e+02     4.697012e+02
  1.9820e+02     4.706661e+02
  1.9840e+02     4.716504e+02
  1.9860e+02     4.726539e+02
  1.9880e+02     4.736769e+02
  1.9900e+02     4.747193e+02
  1.9920e+02     4.757812e+02
  1.9940e+02     4.768627e+02
  1.9960e+02     4.779638e+02
  1.9980e+02     4.790846e+02
  2.0000e+02     4.802253e+02
  2.0020e+02     4.813857e+02
  2.0040e+02     4.825661e+02
  2.0060e+02     4.837665e+02
  2.0080e+02     4.849869e+02
  2.0100e+02     4.862275e+02
  2.0120e+02     4.874883e+02
  2.0140e+02     4.887694e+02
  2.0160e+02     4.900708e+02
  2.0180e+02     4.913927e+02
  2.0200e+02     4.927351e+02
  2.0220e+02     4.940982e+02
  2.0240e+02     4.954820e+02
  2.0260e+02     4.968865e+02
  2.0280e+02     4.983120e+02
  2.0300e+02     4.997584e+02
  2.0320e+02     5.012258e+02
  2.0340e+02     5.027145e+02
  2.0360e+02     5.042243e+02
  2.0380e+02     5.057556e+02
  2.0400e+02     5.073082e+02
  2.0420e+02     5.088825e+02
  2.0440e+02     5.104783e+02
  2.0460e+02     5.120959e+02
  2.0480e+02     5.137354e+02
  2.0500e+02     5.153968e+02
  2.0520e+02     5.170802e+02
  2.0540e+02     5.187859e+02
  2.0560e+02     5.205138e+02
  2.0580e+02     5.222641e+02
  2.0600e+02     5.240369e+02
  2.0620e+02     5.258323e+02
  2.0640e+02     5.276504e+02
  2.0660e+02     5.294914e+02
  2.0680e+02     5.313553e+02
  2.0700e+02     5.332423e+02
  2.0720e+02     5.351525e+02
  2.0740e+02     5.370861e+02
  2.0760e+02     5.390430e+02
  2.0780e+02     5.410236e+02
  2.0800e+02     5.430278e+02
  2.0820e+02     5.450558e+02
  2.0840e+02     5.471078e+02
  2.0860e+02     5.491839e+02
  2.0880e+02     5.512841e+02
  2.0900e+02     5.534087e+02
  2.0920e+02     5.555578e+02
  2.0940e+02     5.577315e+02
  2.0960e+02     5.599299e+02
  2.0980e+02     5.621532e+02
  2.1000e+02     5.644014e+02
  2.1020e+02     5.666749e+02
  2.1040e+02     5.689736e+02
  2.1060e+02     5.712978e+02
  2.1080e+02     5.736475e+02
  2.1100e+02     5.760230e+02
  2.1120e+02     5.784243e+02
  2.1140e+02     5.808516e+02
  2.1160e+02     5.833051e+02
  2.1180e+02     5.857849e+02
  2.1200e+02     5.882911e+02
  2.1220e+02     5.908239e+02
  2.1240e+02     5.933835e+02
  2.1260e+02     5.959700e+02
  2.1280e+02     5.985835e+02
  2.1300e+02     6.012243e+02
  2.1320e+02     6.038924e+02
  2.1340e+02     6.065880e+02
  2.1360e+02     6.093113e+02
  2.1380e+02     6.120624e+02
  2.1400e+02     6.148416e+02
  2.1420e+02     6.176489e+02
  2.1440e+02     6.204844e+02
  2.1460e+02     6.233485e+02
  2.1480e+02     6.262412e+02
  2.1500e+02     6.291627e+02
  2.1520e+02     6.321131e+02
  2.1540e+02     6.350927e+02
  2.1560e+02     6.381016e+02
  2.1580e+02     6.411399e+02
  2.1600e+02     6.442078e+02
  2.1620e+02     6.473055e+02
  2.1640e+02     6.504331e+02
  2.1660e+02     6.535909e+02
  2.1680e+02     6.567789e+02
  2.1700e+02     6.599974e+02
  2.1720e+02     6.632465e+02
  2.1740e+02     6.665264e+02
  2.1760e+02     6.698372e+02
  2.1780e+02     6.731791e+02
  2.1800e+02     6.765524e+02
  2.1820e+02     6.799571e+02
  2.1840e+02     6.833934e+02
  2.1860e+02     6.868616e+02
  2.1880e+02     6.903617e+02
  2.1900e+02     6.938939e+02
  2.1920e+02     6.974584e+02
  2.1940e+02     7.010555e+02
  2.1960e+02     7.046851e+02
  2.1980e+02     7.083476e+02
  2.2000e+02     7.120431e+02
  2.2020e+02     7.157717e+02
  2.2040e+02     7.195337e+02
  2.2060e+02     7.233291e+02
  2.2080e+02     7.271582e+02
  2.2100e+02     7.310211e+02
  2.2120e+02     7.349180e+02
  2.2140e+02     7.388491e+02
  2.2160e+02     7.428145e+02
  2.2180e+02     7.468144e+02
  2.2200e+02     7.508489e+02
  2.2220e+02     7.549183e+02
  2.2240e+02     7.590226e+02
  2.2260e+02     7.631621e+02
  2.2280e+02     7.673368e+02
  2.2300e+02     7.715471e+02
  2.2320e+02     7.757929e+02
  2.2340e+02     7.800745e+02
  2.2360e+02     7.843921e+02
  2.2380e+02     7.887457e+02
  2.2400e+02     7.931356e+02
  2.2420e+02     7.975618e+02
  2.2440e+02     8.020246e+02
  2.2460e+02     8.065241e+02
  2.2480e+02     8.110604e+02
  2.2500e+02     8.156336e+02
  2.2520e+02     8.202440e+02
  2.2540e+02     8.248917e+02
  2.2560e+02     8.295767e+02
  2.2580e+02     8.342993e+02
  2.2600e+02     8.390595e+02
  2.2620e+02     8.438575e+02
  2.2640e+02     8.486934e+02
  2.2660e+02     8.535674e+02
  2.2680e+02     8.584796e+02
  2.2700e+02     8.634301e+02
  2.2720e+02     8.684189e+02
  2.2740e+02     8.734463e+02
  2.2760e+02     8.785123e+02
  2.2780e+02     8.836171e+02
  2.2800e+02     8.887607e+02
  2.2820e+02     8.939433e+02
  2.2840e+02     8.991649e+02
  2.2860e+02     9.044257e+02
  2.2880e+02     9.097257e+02
  2.2900e+02     9.150650e+02
  2.2920e+02     9.204438e+02
  2.2940e+02     9.258620e+02
  2.2960e+02     9.313198e+02
  2.2980e+02     9.368172e+02
  2.3000e+02     9.423543e+02
  2.3020e+02     9.479311e+02
  2.3040e+02     9.535478e+02
  2.3060e+02     9.592043e+02
  2.3080e+02     9.649008e+02
  2.3100e+02     9.706372e+02
  2.3120e+02     9.764136e+02
  2.3140e+02     9.822300e+02
  2.3160e+02     9.880864e+02
  2.3180e+02     9.939829e+02
  2.3200e+02     9.999195e+02
  2.3220e+02     1.005896e+03
  2.3240e+02     1.011913e+03
  2.3260e+02     1.017969e+03
  2.3280e+02     1.024066e+03
  2.3300e+02     1.030203e+03
  2.3320e+02     1.036380e+03
  2.3340e+02     1.042597e+03
  2.3360e+02     1.048854e+03
  2.3380e+02     1.055151e+03
  2.3400e+02     1.061488e+03
  2.3420e+02     1.067865e+03
  2.3440e+02     1.074281e+03
  2.3460e+02     1.080737e+03
  2.3480e+02     1.087232e+03
  2.3500e+02     1.093767e+03
  2.3520e+02     1.100342e+03
  2.3540e+02     1.106955e+03
  2.3560e+02     1.113608e+03
  2.3580e+02     1.120300e+03
  2.3600e+02     1.127031e+03
  2.3620e+02     1.133801e+03
  2.3640e+02     1.140609e+03
  2.3660e+02     1.147455e+03
  2.3680e+02     1.154340e+03
  2.3700e+02     1.161263e+03
  2.3720e+02     1.168224e+03
  2.3740e+02     1.175222e+03
  2.3760e+02     1.182259e+03
  2.3780e+02     1.189332e+03
  2.3800e+02     1.196442e+03
  2.3820e+02     1.203589e+03
  2.3840e+02     1.210773e+03
  2.3860e+02     1.217993e+03
  2.3880e+02     1.225249e+03
  2.3900e+02     1.232540e+03
  2.3920e+02     1.239867e+03
  2.3940e+02     1.247229e+03
  2.3960e+02     1.254626e+03
  2.3980e+02     1.262057e+03
  2.4000e+02     1.269522e+03
  2.4020e+02     1.277021e+03
  2.4040e+02     1.284554e+03
  2.4060e+02     1.292119e+03
  2.4080e+02     1.299717e+03
  2.4100e+02     1.307347e+03
  2.4120e+02     1.315008e+03
  2.4140e+02     1.322701e+03
  2.4160e+02     1.330425e+03
  2.4180e+02     1.338179e+03
  2.4200e+02     1.345963e+03
  2.4220e+02     1.353776e+03
  2.4240e+02     1.361618e+03
  2.4260e+02     1.369489e+03
  2.4280e+02     1.377387e+03
  2.4300e+02     1.385312e+03
  2.4320e+02     1.393264e+03
  2.4340e+02     1.401242e+03
  2.4360e+02     1.409246e+03
  2.4380e+02     1.417275e+03
  2.4400e+02     1.425327e+03
  2.4420e+02     1.433404e+03
  2.4440e+02     1.441503e+03
  2.4460e+02     1.449624e+03
  2.4480e+02     1.457767e+03
  2.4500e+02     1.465931e+03
  2.4520e+02     1.474115e+03
  2.4540e+02     1.482319e+03
  2.4560e+02     1.490541e+03
  2.4580e+02     1.498781e+03
  2.4600e+02     1.507038e+03
  2.4620e+02     1.515311e+03
  2.4640e+02     1.523600e+03
  2.4660e+02     1.531903e+03
  2.4680e+02     1.540220e+03
  2.4700e+02     1.548550e+03
  2.4720e+02     1.556892e+03
  2.4740e+02     1.565245e+03
  2.4760e+02     1.573608e+03
  2.4780e+02     1.581980e+03
  2.4800e+02     1.590361e+03
  2.4820e+02     1.598749e+03
  2.4840e+02     1.607143e+03
  2.4860e+02     1.615543e+03
  2.4880e+02     1.623947e+03
  2.4900e+02     1.632354e+03
  2.4920e+02     1.640763e+03
  2.4940e+02     1.649174e+03
  2.4960e+02     1.657584e+03
  2.4980e+02     1.665994e+03
  2.5000e+02     1.674401e+03
  2.5020e+02     1.682805e+03
  2.5040e+02     1.691205e+03
  2.5060e+02     1.699598e+03
  2.5080e+02     1.707986e+03
  2.5100e+02     1.716365e+03
  2.5120e+02     1.724735e+03
  2.5140e+02     1.733094e+03
  2.5160e+02     1.741442e+03
  2.5180e+02     1.749777e+03
  2.5200e+02     1.758097e+03
  2.5220e+02     1.766402e+03
  2.5240e+02     1.774690e+03
  2.5260e+02     1.782961e+03
  2.5280e+02     1.791211e+03
  2.5300e+02     1.799441e+03
  2.5320e+02     1.807649e+03
  2.5340e+02     1.815833e+03
  2.5360e+02     1.823993e+03
  2.5380e+02     1.832126e+03
  2.5400e+02     1.840231e+03
  2.5420e+02     1.848308e+03
  2.5440e+02     1.856353e+03
  2.5460e+02     1.864367e+03
  2.5480e+02     1.872348e+03
  2.5500e+02     1.880293e+03
  2.5520e+02     1.888202e+03
  2.5540e+02     1.896074e+03
  2.5560e+02     1.903906e+03
  2.5580e+02     1.911697e+03
  2.5600e+02     1.919446e+03
  2.5620e+02     1.927151e+03
  2.5640e+02     1.934810e+03
  2.5660e+02     1.942423e+03
  2.5680e+02     1.949988e+03
  2.5700e+02     1.957502e+03
  2.5720e+02     1.964965e+03
  2.5740e+02     1.972376e+03
  2.5760e+02     1.979731e+03
  2.5780e+02     1.987030e+03
  2.5800e+02     1.994272e+03
  2.5820e+02     2.001454e+03
  2.5840e+02     2.008576e+03
  2.5860e+02     2.015635e+03
  2.5880e+02     2.022631e+03
  2.5900e+02     2.029561e+03
  2.5920e+02     2.036424e+03
  2.5940e+02     2.043218e+03
  2.5960e+02     2.049942e+03
  2.5980e+02     2.056594e+03
  2.6000e+02     2.063174e+03
  2.6020e+02     2.069678e+03
  2.6040e+02     2.076106e+03
  2.6060e+02     2.082456e+03
  2.6080e+02     2.088727e+03
  2.6100e+02     2.094917e+03
  2.6120e+02     2.101024e+03
  2.6140e+02     2.107048e+03
  2.6160e+02     2.112986e+03
  2.6180e+02     2.118837e+03
  2.6200e+02     2.124599e+03
  2.6220e+02     2.130272e+03
  2.6240e+02     2.135854e+03
  2.6260e+02     2.141342e+03
  2.6280e+02     2.146737e+03
  2.6300e+02     2.152036e+03
  2.6320e+02     2.157238e+03
  2.6340e+02     2.162342e+03
  2.6360e+02     2.167345e+03
  2.6380e+02     2.172248e+03
  2.6400e+02     2.177049e+03
  2.6420e+02     2.181745e+03
  2.6440e+02     2.186337e+03
  2.6460e+02     2.190822e+03
  2.6480e+02     2.195200e+03
  2.6500e+02     2.199470e+03
  2.6520e+02     2.203629e+03
  2.6540e+02     2.207677e+03
  2.6560e+02     2.211613e+03
  2.6580e+02     2.215435e+03
  2.6600e+02     2.219143e+03
  2.6620e+02     2.222735e+03
  2.6640e+02     2.226211e+03
  2.6660e+02     2.229568e+03
  2.6680e+02     2.232808e+03
  2.6700e+02     2.235927e+03
  2.6720e+02     2.238926e+03
  2.6740e+02     2.241804e+03
  2.6760e+02     2.244559e+03
  2.6780e+02     2.247191e+03
  2.6800e+02     2.249699e+03
  2.6820e+02     2.252082e+03
  2.6840e+02     2.254339e+03
  2.6860e+02     2.256470e+03
  2.6880e+02     2.258475e+03
  2.6900e+02     2.260351e+03
  2.6920e+02     2.262099e+03
  2.6940e+02     2.263719e+03
  2.6960e+02     2.265209e+03
  2.6980e+02     2.266569e+03
  2.7000e+02     2.267799e+03
  2.7020e+02     2.268899e+03
  2.7040e+02     2.269867e+03
  2.7060e+02     2.270703e+03
  2.7080e+02     2.271408e+03
  2.7100e+02     2.271980e+03
  2.7120e+02     2.272421e+03
  2.7140e+02     2.272728e+03
  2.7160e+02     2.272903e+03
  2.7180e+02     2.272945e+03
  2.7200e+02     2.272854e+03
  2.7220e+02     2.272630e+03
  2.7240e+02     2.272273e+03
  2.7260e+02     2.271783e+03
  2.7280e+02     2.271160e+03
  2.7300e+02     2.270405e+03
  2.7320e+02     2.269516e+03
  2.7340e+02     2.268495e+03
  2.7360e+02     2.267342e+03
  2.7380e+02     2.266057e+03
  2.7400e+02     2.264641e+03
  2.7420e+02     2.263093e+03
  2.7440e+02     2.261414e+03
  2.7460e+02     2.259604e+03
  2.7480e+02     2.257665e+03
  2.7500e+02     2.255596e+03
  2.7520e+02     2.253398e+03
  2.7540e+02     2.251072e+03
  2.7560e+02     2.248618e+03
  2.7580e+02     2.246037e+03
  2.7600e+02     2.243329e+03
  2.7620e+02     2.240496e+03
  2.7640e+02     2.237537e+03
  2.7660e+02     2.234455e+03
  2.7680e+02     2.231249e+03
  2.7700e+02     2.227921e+03
  2.7720e+02     2.224471e+03
  2.7740e+02     2.220901e+03
  2.7760e+02     2.217211e+03
  2.7780e+02     2.213403e+03
  2.7800e+02     2.209477e+03
  2.7820e+02     2.205434e+03
  2.7840e+02     2.201276e+03
  2.7860e+02     2.197004e+03
  2.7880e+02     2.192619e+03
  2.7900e+02     2.188122e+03
  2.7920e+02     2.183514e+03
  2.7940e+02     2.178797e+03
  2.7960e+02     2.173972e+03
  2.7980e+02     2.169039e+03
  2.8000e+02     2.164002e+03
  2.8020e+02     2.158860e+03
  2.8040e+02     2.153616e+03
  2.8060e+02     2.148270e+03
  2.8080e+02     2.142824e+03
  2.8100e+02     2.137279e+03
  2.8120e+02     2.131638e+03
  2.8140e+02     2.125901e+03
  2.8160e+02     2.120070e+03
  2.8180e+02     2.114147e+03
  2.8200e+02     2.108132e+03
  2.8220e+02     2.102029e+03
  2.8240e+02     2.095837e+03
  2.8260e+02     2.089559e+03
  2.8280e+02     2.083197e+03
  2.8300e+02     2.076751e+03
  2.8320e+02     2.070224e+03
  2.8340e+02     2.063618e+03
  2.8360e+02     2.056933e+03
  2.8380e+02     2.050172e+03
  2.8400e+02     2.043336e+03
  2.8420e+02     2.036428e+03
  2.8440e+02     2.029448e+03
  2.8460e+02     2.022398e+03
  2.8480e+02     2.015280e+03
  2.8500e+02     2.008096e+03
  2.8520e+02     2.000848e+03
  2.8540e+02     1.993536e+03
  2.8560e+02     1.986164e+03
  2.8580e+02     1.978732e+03
  2.8600e+02     1.971243e+03
  2.8620e+02     1.963698e+03
  2.8640e+02     1.956099e+03
  2.8660e+02     1.948447e+03
  2.8680e+02     1.940744e+03
  2.8700e+02     1.932992e+03
  2.8720e+02     1.925193e+03
  2.8740e+02     1.917349e+03
  2.8760e+02     1.909460e+03
  2.8780e+02     1.901530e+03
  2.8800e+02     1.893558e+03
  2.8820e+02     1.885548e+03
  2.8840e+02     1.877501e+03
  2.8860e+02     1.869418e+03
  2.8880e+02     1.861302e+03
  2.8900e+02     1.853153e+03
  2.8920e+02     1.844974e+03
  2.8940e+02     1.836766e+03
  2.8960e+02     1.828530e+03
  2.8980e+02     1.820269e+03
  2.9000e+02     1.811984e+03
  2.9020e+02     1.803676e+03
  2.9040e+02     1.795347e+03
  2.9060e+02     1.786999e+03
  2.9080e+02     1.778634e+03
  2.9100e+02     1.770251e+03
  2.9120e+02     1.761854e+03
  2.9140e+02     1.753444e+03
  2.9160e+02     1.745022e+03
  2.9180e+02     1.736589e+03
  2.9200e+02     1.728148e+03
  2.9220e+02     1.719699e+03
  2.9240e+02     1.711244e+03
  2.9260e+02     1.702784e+03
  2.9280e+02     1.694321e+03
  2.9300e+02     1.685855e+03
  2.9320e+02     1.677390e+03
  2.9340e+02     1.668925e+03
  2.9360e+02     1.660461e+03
  2.9380e+02     1.652002e+03
  2.9400e+02     1.643546e+03
  2.9420e+02     1.635097e+03
  2.9440e+02     1.626654e+03
  2.9460e+02     1.618220e+03
  2.9480e+02     1.609795e+03
  2.9500e+02     1.601380e+03
  2.9520e+02     1.592977e+03
  2.9540e+02     1.584587e+03
  2.9560e+02     1.576211e+03
  2.9580e+02     1.567850e+03
  2.9600e+02     1.559505e+03
  2.9620e+02     1.551176e+03
  2.9640e+02     1.542866e+03
  2.9660e+02     1.534575e+03
  2.9680e+02     1.526304e+03
  2.9700e+02     1.518054e+03
  2.9720e+02     1.509826e+03
  2.9740e+02     1.501621e+03
  2.9760e+02     1.493440e+03
  2.9780e+02     1.485283e+03
  2.9800e+02     1.477152e+03
  2.9820e+02     1.469046e+03
  2.9840e+02     1.460968e+03
  2.9860e+02     1.452918e+03
  2.9880e+02     1.444897e+03
  2.9900e+02     1.436905e+03
  2.9920e+02     1.428943e+03
  2.9940e+02     1.421012e+03
  2.9960e+02     1.413113e+03
  2.9980e+02     1.405245e+03
  3.0000e+02     1.397411e+03
  3.0020e+02     1.389610e+03
  3.0040e+02     1.381843e+03
  3.0060e+02     1.374111e+03
  3.0080e+02     1.366414e+03
  3.0100e+02     1.358754e+03
  3.0120e+02     1.351129e+03
  3.0140e+02     1.343541e+03
  3.0160e+02     1.335991e+03
  3.0180e+02     1.328479e+03
  3.0200e+02     1.321005e+03
  3.0220e+02     1.313570e+03
  3.0240e+02     1.306174e+03
  3.0260e+02     1.298818e+03
  3.0280e+02     1.291502e+03
  3.0300e+02     1.284226e+03
  3.0320e+02     1.276991e+03
  3.0340e+02     1.269798e+03
  3.0360e+02     1.262646e+03
  3.0380e+02     1.255535e+03
  3.0400e+02     1.248467e+03
  3.0420e+02     1.241442e+03
  3.0440e+02     1.234459e+03
  3.0460e+02     1.227519e+03
  3.0480e+02     1.220622e+03
  3.0500e+02     1.213769e+03
  3.0520e+02     1.206960e+03
  3.0540e+02     1.200194e+03
  3.0560e+02     1.193473e+03
  3.0580e+02     1.186796e+03
  3.0600e+02     1.180163e+03
  3.0620e+02     1.173575e+03
  3.0640e+02     1.167032e+03
  3.0660e+02     1.160534e+03
  3.0680e+02     1.154080e+03
  3.0700e+02     1.147672e+03
  3.0720e+02     1.141309e+03
  3.0740e+02     1.134992e+03
  3.0760e+02     1.128719e+03
  3.0780e+02     1.122493e+03
  3.0800e+02     1.116311e+03
  3.0820e+02     1.110176e+03
  3.0840e+02     1.104086e+03
  3.0860e+02     1.098042e+03
  3.0880e+02     1.092043e+03
  3.0900e+02     1.086090e+03
  3.0920e+02     1.080183e+03
  3.0940e+02     1.074321e+03
  3.0960e+02     1.068505e+03
  3.0980e+02     1.062735e+03
  3.1000e+02     1.057010e+03
  3.1020e+02     1.051331e+03
  3.1040e+02     1.045697e+03
  3.1060e+02     1.040109e+03
  3.1080e+02     1.034567e+03
  3.1100e+02     1.029069e+03
  3.1120e+02     1.023617e+03
  3.1140e+02     1.018210e+03
  3.1160e+02     1.012848e+03
  3.1180e+02     1.007532e+03
  3.1200e+02     1.002260e+03
  3.1220e+02     9.970332e+02
  3.1240e+02     9.918508e+02
  3.1260e+02     9.867131e+02
  3.1280e+02     9.816198e+02
  3.1300e+02     9.765709e+02
  3.1320e+02     9.715661e+02
  3.1340e+02     9.666055e+02
  3.1360e+02     9.616888e+02
  3.1380e+02     9.568159e+02
  3.1400e+02     9.519867e+02
  3.1420e+02     9.472010e+02
  3.1440e+02     9.424586e+02
  3.1460e+02     9.377594e+02
  3.1480e+02     9.331033e+02
  3.1500e+02     9.284900e+02
  3.1520e+02     9.239194e+02
  3.1540e+02     9.193913e+02
  3.1560e+02     9.149056e+02
  3.1580e+02     9.104621e+02
  3.1600e+02     9.060605e+02
  3.1620e+02     9.017008e+02
  3.1640e+02     8.973827e+02
  3.1660e+02     8.931061e+02
  3.1680e+02     8.888707e+02
  3.1700e+02     8.846764e+02
  3.1720e+02     8.805229e+02
  3.1740e+02     8.764101e+02
  3.1760e+02     8.723379e+02
  3.1780e+02     8.683059e+02
  3.1800e+02     8.643139e+02
  3.1820e+02     8.603619e+02
  3.1840e+02     8.564496e+02
  3.1860e+02     8.525767e+02
  3.1880e+02     8.487431e+02
  3.1900e+02     8.449486e+02
  3.1920e+02     8.411930e+02
  3.1940e+02     8.374760e+02
  3.1960e+02     8.337975e+02
  3.1980e+02     8.301573e+02
  3.2000e+02     8.265550e+02
  3.2020e+02     8.229906e+02
  3.2040e+02     8.194639e+02
  3.2060e+02     8.159745e+02
  3.2080e+02     8.125224e+02
  3.2100e+02     8.091072e+02
  3.2120e+02     8.057288e+02
  3.2140e+02     8.023871e+02
  3.2160e+02     7.990816e+02
  3.2180e+02     7.958124e+02
  3.2200e+02     7.925790e+02
  3.2220e+02     7.893815e+02
  3.2240e+02     7.862194e+02
  3.2260e+02     7.830927e+02
  3.2280e+02     7.800011e+02
  3.2300e+02     7.769444e+02
  3.2320e+02     7.739224e+02
  3.2340e+02     7.709349e+02
  3.2360e+02     7.679817e+02
  3.2380e+02     7.650626e+02
  3.2400e+02     7.621773e+02
  3.2420e+02     7.593258e+02
  3.2440e+02     7.565077e+02
  3.2460e+02     7.537229e+02
  3.2480e+02     7.509711e+02
  3.2500e+02     7.482523e+02
  3.2520e+02     7.455661e+02
  3.2540e+02     7.429124e+02
  3.2560e+02     7.402910e+02
  3.2580e+02     7.377016e+02
  3.2600e+02     7.351441e+02
  3.2620e+02     7.326184e+02
  3.2640e+02     7.301241e+02
  3.2660e+02     7.276612e+02
  3.2680e+02     7.252294e+02
  3.2700e+02     7.228285e+02
  3.2720e+02     7.204584e+02
  3.2740e+02     7.181188e+02
  3.2760e+02     7.158096e+02
  3.2780e+02     7.135306e+02
  3.2800e+02     7.112816e+02
  3.2820e+02     7.090624e+02
  3.2840e+02     7.068729e+02
  3.2860e+02     7.047129e+02
  3.2880e+02     7.025821e+02
  3.2900e+02     7.004805e+02
  3.2920e+02     6.984079e+02
  3.2940e+02     6.963640e+02
  3.2960e+02     6.943487e+02
  3.2980e+02     6.923618e+02
  3.3000e+02     6.904033e+02
  3.3020e+02     6.884728e+02
  3.3040e+02     6.865702e+02
  3.3060e+02     6.846955e+02
  3.3080e+02     6.828483e+02
  3.3100e+02     6.810287e+02
  3.3120e+02     6.792363e+02
  3.3140e+02     6.774710e+02
  3.3160e+02     6.757327e+02
  3.3180e+02     6.740213e+02
  3.3200e+02     6.723366e+02
  3.3220e+02     6.706783e+02
  3.3240e+02     6.690465e+02
  3.3260e+02     6.674409e+02
  3.3280e+02     6.658614e+02
  3.3300e+02     6.643078e+02
  3.3320e+02     6.627801e+02
  3.3340e+02     6.612780e+02
  3.3360e+02     6.598014e+02
  3.3380e+02     6.583502e+02
  3.3400e+02     6.569243e+02
  3.3420e+02     6.555235e+02
  3.3440e+02     6.541477e+02
  3.3460e+02     6.527967e+02
  3.3480e+02     6.514705e+02
  3.3500e+02     6.501689e+02
  3.3520e+02     6.488917e+02
  3.3540e+02     6.476389e+02
  3.3560e+02     6.464104e+02
  3.3580e+02     6.452059e+02
  3.3600e+02     6.440254e+02
  3.3620e+02     6.428689e+02
  3.3640e+02     6.417360e+02
  3.3660e+02     6.406268e+02
  3.3680e+02     6.395412e+02
  3.3700e+02     6.384790e+02
  3.3720e+02     6.374401e+02
  3.3740e+02     6.364243e+02
  3.3760e+02     6.354317e+02
  3.3780e+02     6.344621e+02
  3.3800e+02     6.335154e+02
  3.3820e+02     6.325915e+02
  3.3840e+02     6.316903e+02
  3.3860e+02     6.308116e+02
  3.3880e+02     6.299555e+02
  3.3900e+02     6.291218e+02
  3.3920e+02     6.283104e+02
  3.3940e+02     6.275212e+02
  3.3960e+02     6.267542e+02
  3.3980e+02     6.260092e+02
  3.4000e+02     6.252861e+02
  3.4020e+02     6.245849e+02
  3.4040e+02     6.239056e+02
  3.4060e+02     6.232479e+02
  3.4080e+02     6.226119e+02
  3.4100e+02     6.219974e+02
  3.4120e+02     6.214044e+02
  3.4140e+02     6.208327e+02
  3.4160e+02     6.202824e+02
  3.4180e+02     6.197534e+02
  3.4200e+02     6.192455e+02
  3.4220e+02     6.187588e+02
  3.4240e+02     6.182931e+02
  3.4260e+02     6.178484e+02
  3.4280e+02     6.174245e+02
  3.4300e+02     6.170216e+02
  3.4320e+02     6.166394e+02
  3.4340e+02     6.162779e+02
  3.4360e+02     6.159371e+02
  3.4380e+02     6.156170e+02
  3.4400e+02     6.153173e+02
  3.4420e+02     6.150382e+02
  3.4440e+02     6.147795e+02
  3.4460e+02     6.145413e+02
  3.4480e+02     6.143233e+02
  3.4500e+02     6.141257e+02
  3.4520e+02     6.139483e+02
  3.4540e+02     6.137911e+02
  3.4560e+02     6.136540e+02
  3.4580e+02     6.135371e+02
  3.4600e+02     6.134403e+02
  3.4620e+02     6.133634e+02
  3.4640e+02     6.133066e+02
  3.4660e+02     6.132697e+02
  3.4680e+02     6.132528e+02
  3.4700e+02     6.132557e+02
  3.4720e+02     6.132784e+02
  3.4740e+02     6.133210e+02
  3.4760e+02     6.133834e+02
  3.4780e+02     6.134655e+02
  3.4800e+02     6.135674e+02
  3.4820e+02     6.136889e+02
  3.4840e+02     6.138301e+02
  3.4860e+02     6.139910e+02
  3.4880e+02     6.141715e+02
  3.4900e+02     6.143716e+02
  3.4920e+02     6.145913e+02
  3.4940e+02     6.148306e+02
  3.4960e+02     6.150893e+02
  3.4980e+02     6.153677e+02
  3.5000e+02     6.156655e+02
  3.5020e+02     6.159828e+02
  3.5040e+02     6.163196e+02
  3.5060e+02     6.166759e+02
  3.5080e+02     6.170517e+02
  3.5100e+02     6.174469e+02
  3.5120e+02     6.178615e+02
  3.5140e+02     6.182956e+02
  3.5160e+02     6.187491e+02
  3.5180e+02     6.192220e+02
  3.5200e+02     6.197144e+02
  3.5220e+02     6.202262e+02
  3.5240e+02     6.207574e+02
  3.5260e+02     6.213080e+02
  3.5280e+02     6.218780e+02
  3.5300e+02     6.224674e+02
  3.5320e+02     6.230763e+02
  3.5340e+02     6.237046e+02
  3.5360e+02     6.243523e+02
  3.5380e+02     6.250194e+02
  3.5400e+02     6.257060e+02
  3.5420e+02     6.264121e+02
  3.5440e+02     6.271376e+02
  3.5460e+02     6.278826e+02
  3.5480e+02     6.286471e+02
  3.5500e+02     6.294310e+02
  3.5520e+02     6.302345e+02
  3.5540e+02     6.310575e+02
  3.5560e+02     6.319000e+02
  3.5580e+02     6.327621e+02
  3.5600e+02     6.336438e+02
  3.5620e+02     6.345451e+02
  3.5640e+02     6.354660e+02
  3.5660e+02     6.364065e+02
  3.5680e+02     6.373666e+02
  3.5700e+02     6.383465e+02
  3.5720e+02     6.393460e+02
  3.5740e+02     6.403653e+02
  3.5760e+02     6.414043e+02
  3.5780e+02     6.424631e+02
  3.5800e+02     6.435417e+02
  3.5820e+02     6.446401e+02
  3.5840e+02     6.457584e+02
  3.5860e+02     6.468966e+02
  3.5880e+02     6.480546e+02
  3.5900e+02     6.492327e+02
  3.5920e+02     6.504307e+02
  3.5940e+02     6.516487e+02
  3.5960e+02     6.528868e+02
  3.5980e+02     6.541450e+02
