# Epidemic | 7 days incidence [ x-unit: days | y-unit: per 100000 ]
  0.0000e+00     3.618006e+02
  2.0000e-01     3.596347e+02
  4.0000e-01     3.575044e+02
  6.0000e-01     3.554092e+02
  8.0000e-01     3.533487e+02
  1.0000e+00     3.513224e+02
  1.2000e+00     3.493298e+02
  1.4000e+00     3.473704e+02
  1.6000e+00     3.454439e+02
  1.8000e+00     3.435497e+02
  2.0000e+00     3.416875e+02
  2.2000e+00     3.398569e+02
  2.4000e+00     3.380573e+02
  2.6000e+00     3.362885e+02
  2.8000e+00     3.345499e+02
  3.0000e+00     3.328413e+02
  3.2000e+00     3.311623e+02
  3.4000e+00     3.295124e+02
  3.6000e+00     3.278913e+02
  3.8000e+00     3.262986e+02
  4.0000e+00     3.247340e+02
  4.2000e+00     3.231972e+02
  4.4000e+00     3.216877e+02
  4.6000e+00     3.202053e+02
  4.8000e+00     3.187496e+02
  5.0000e+00     3.173203e+02
  5.2000e+00     3.159171e+02
  5.4000e+00     3.145397e+02
  5.6000e+00     3.131877e+02
  5.8000e+00     3.118609e+02
  6.0000e+00     3.105590e+02
  6.2000e+00     3.092817e+02
  6.4000e+00     3.080287e+02
  6.6000e+00     3.067997e+02
  6.8000e+00     3.055945e+02
  7.0000e+00     3.044128e+02
  7.2000e+00     3.035783e+02
  7.4000e+00     3.027904e+02
  7.6000e+00     3.020123e+02
  7.8000e+00     3.012441e+02
  8.0000e+00     3.004856e+02
  8.2000e+00     2.997369e+02
  8.4000e+00     2.989979e+02
  8.6000e+00     2.982687e+02
  8.8000e+00     2.975492e+02
  9.0000e+00     2.968394e+02
  9.2000e+00     2.961393e+02
  9.4000e+00     2.954489e+02
  9.6000e+00     2.947681e+02
  9.8000e+00     2.940969e+02
  1.0000e+01     2.934353e+02
  1.0200e+01     2.927833e+02
  1.0400e+01     2.921408e+02
  1.0600e+01     2.915078e+02
  1.0800e+01     2.908843e+02
  1.1000e+01     2.902703e+02
  1.1200e+01     2.896657e+02
  1.1400e+01     2.890705e+02
  1.1600e+01     2.884847e+02
  1.1800e+01     2.879083e+02
  1.2000e+01     2.873412e+02
  1.2200e+01     2.867833e+02
  1.2400e+01     2.862348e+02
  1.2600e+01     2.856955e+02
  1.2800e+01     2.851654e+02
  1.3000e+01     2.846445e+02
  1.3200e+01     2.841327e+02
  1.3400e+01     2.836301e+02
  1.3600e+01     2.831365e+02
  1.3800e+01     2.826520e+02
  1.4000e+01     2.821766e+02
  1.4200e+01     2.817101e+02
  1.4400e+01     2.812527e+02
  1.4600e+01     2.808041e+02
  1.4800e+01     2.803645e+02
  1.5000e+01     2.799337e+02
  1.5200e+01     2.795118e+02
  1.5400e+01     2.790987e+02
  1.5600e+01     2.786944e+02
  1.5800e+01     2.782989e+02
  1.6000e+01     2.779121e+02
  1.6200e+01     2.775339e+02
  1.6400e+01     2.771645e+02
  1.6600e+01     2.768036e+02
  1.6800e+01     2.764514e+02
  1.7000e+01     2.761077e+02
  1.7200e+01     2.757726e+02
  1.7400e+01     2.754460e+02
  1.7600e+01     2.751279e+02
  1.7800e+01     2.748182e+02
  1.8000e+01     2.745169e+02
  1.8200e+01     2.742240e+02
  1.8400e+01     2.739395e+02
  1.8600e+01     2.736633e+02
  1.8800e+01     2.733954e+02
  1.9000e+01     2.731358e+02
  1.9200e+01     2.728844e+02
  1.9400e+01     2.726412e+02
  1.9600e+01     2.724062e+02
  1.9800e+01     2.721794e+02
  2.0000e+01     2.719606e+02
  2.0200e+01     2.717500e+02
  2.0400e+01     2.715474e+02
  2.0600e+01     2.713529e+02
  2.0800e+01     2.711663e+02
  2.1000e+01     2.709878e+02
  2.1200e+01     2.707950e+02
  2.1400e+01     2.706148e+02
  2.1600e+01     2.704499e+02
  2.1800e+01     2.703003e+02
  2.2000e+01     2.701660e+02
  2.2200e+01     2.700468e+02
  2.2400e+01     2.699427e+02
  2.2600e+01     2.698537e+02
  2.2800e+01     2.697797e+02
  2.3000e+01     2.697207e+02
  2.3200e+01     2.696766e+02
  2.3400e+01     2.696474e+02
  2.3600e+01     2.696331e+02
  2.3800e+01     2.696335e+02
  2.4000e+01     2.696488e+02
  2.4200e+01     2.696788e+02
  2.4400e+01     2.697235e+02
  2.4600e+01     2.697829e+02
  2.4800e+01     2.698570e+02
  2.5000e+01     2.699457e+02
  2.5200e+01     2.700491e+02
  2.5400e+01     2.701671e+02
  2.5600e+01     2.702996e+02
  2.5800e+01     2.704468e+02
  2.6000e+01     2.706085e+02
  2.6200e+01     2.707848e+02
  2.6400e+01     2.709756e+02
  2.6600e+01     2.711810e+02
  2.6800e+01     2.714009e+02
  2.7000e+01     2.716354e+02
  2.7200e+01     2.718844e+02
  2.7400e+01     2.721480e+02
  2.7600e+01     2.724262e+02
  2.7800e+01     2.727189e+02
  2.8000e+01     2.730261e+02
  2.8200e+01     2.733480e+02
  2.8400e+01     2.736845e+02
  2.8600e+01     2.740356e+02
  2.8800e+01     2.744013e+02
  2.9000e+01     2.747818e+02
  2.9200e+01     2.751768e+02
  2.9400e+01     2.755866e+02
  2.9600e+01     2.760112e+02
  2.9800e+01     2.764505e+02
  3.0000e+01     2.769046e+02
  3.0200e+01     2.773735e+02
  3.0400e+01     2.778573e+02
  3.0600e+01     2.783560e+02
  3.0800e+01     2.788696e+02
  3.1000e+01     2.793982e+02
  3.1200e+01     2.799419e+02
  3.1400e+01     2.805006e+02
  3.1600e+01     2.810744e+02
  3.1800e+01     2.816634e+02
  3.2000e+01     2.822676e+02
  3.2200e+01     2.828871e+02
  3.2400e+01     2.835219e+02
  3.2600e+01     2.841721e+02
  3.2800e+01     2.848377e+02
  3.3000e+01     2.855189e+02
  3.3200e+01     2.862156e+02
  3.3400e+01     2.869280e+02
  3.3600e+01     2.876560e+02
  3.3800e+01     2.883999e+02
  3.4000e+01     2.891596e+02
  3.4200e+01     2.899352e+02
  3.4400e+01     2.907268e+02
  3.4600e+01     2.915345e+02
  3.4800e+01     2.923583e+02
  3.5000e+01     2.931984e+02
  3.5200e+01     2.940548e+02
  3.5400e+01     2.949276e+02
  3.5600e+01     2.958169e+02
  3.5800e+01     2.967227e+02
  3.6000e+01     2.976453e+02
  3.6200e+01     2.985847e+02
  3.6400e+01     2.995409e+02
  3.6600e+01     3.005141e+02
  3.6800e+01     3.015043e+02
  3.7000e+01     3.025118e+02
  3.7200e+01     3.035365e+02
  3.7400e+01     3.045786e+02
  3.7600e+01     3.056382e+02
  3.7800e+01     3.067155e+02
  3.8000e+01     3.078105e+02
  3.8200e+01     3.089233e+02
  3.8400e+01     3.100540e+02
  3.8600e+01     3.112029e+02
  3.8800e+01     3.123700e+02
  3.9000e+01     3.135554e+02
  3.9200e+01     3.147593e+02
  3.9400e+01     3.159817e+02
  3.9600e+01     3.172229e+02
  3.9800e+01     3.184830e+02
  4.0000e+01     3.197621e+02
  4.0200e+01     3.210603e+02
  4.0400e+01     3.223778e+02
  4.0600e+01     3.237147e+02
  4.0800e+01     3.250712e+02
  4.1000e+01     3.264474e+02
  4.1200e+01     3.278434e+02
  4.1400e+01     3.292595e+02
  4.1600e+01     3.306958e+02
  4.1800e+01     3.321525e+02
  4.2000e+01     3.336296e+02
  4.2200e+01     3.351274e+02
  4.2400e+01     3.366460e+02
  4.2600e+01     3.381857e+02
  4.2800e+01     3.397465e+02
  4.3000e+01     3.413287e+02
  4.3200e+01     3.429324e+02
  4.3400e+01     3.445577e+02
  4.3600e+01     3.462050e+02
  4.3800e+01     3.478744e+02
  4.4000e+01     3.495660e+02
  4.4200e+01     3.512800e+02
  4.4400e+01     3.530167e+02
  4.4600e+01     3.547762e+02
  4.4800e+01     3.565587e+02
  4.5000e+01     3.583645e+02
  4.5200e+01     3.601937e+02
  4.5400e+01     3.620466e+02
  4.5600e+01     3.639232e+02
  4.5800e+01     3.658240e+02
  4.6000e+01     3.677490e+02
  4.6200e+01     3.696985e+02
  4.6400e+01     3.716726e+02
  4.6600e+01     3.736718e+02
  4.6800e+01     3.756960e+02
  4.7000e+01     3.777457e+02
  4.7200e+01     3.798209e+02
  4.7400e+01     3.819220e+02
  4.7600e+01     3.840492e+02
  4.7800e+01     3.862027e+02
  4.8000e+01     3.883828e+02
  4.8200e+01     3.905896e+02
  4.8400e+01     3.928235e+02
  4.8600e+01     3.950847e+02
  4.8800e+01     3.973735e+02
  4.9000e+01     3.996901e+02
  4.9200e+01     4.020348e+02
  4.9400e+01     4.044077e+02
  4.9600e+01     4.068093e+02
  4.9800e+01     4.092398e+02
  5.0000e+01     4.116994e+02
  5.0200e+01     4.141885e+02
  5.0400e+01     4.167072e+02
  5.0600e+01     4.192559e+02
  5.0800e+01     4.218349e+02
  5.1000e+01     4.244444e+02
  5.1200e+01     4.270847e+02
  5.1400e+01     4.297562e+02
  5.1600e+01     4.324592e+02
  5.1800e+01     4.351938e+02
  5.2000e+01     4.379605e+02
  5.2200e+01     4.407595e+02
  5.2400e+01     4.435912e+02
  5.2600e+01     4.464559e+02
  5.2800e+01     4.493538e+02
  5.3000e+01     4.522853e+02
  5.3200e+01     4.552508e+02
  5.3400e+01     4.582505e+02
  5.3600e+01     4.612848e+02
  5.3800e+01     4.643540e+02
  5.4000e+01     4.674584e+02
  5.4200e+01     4.705984e+02
  5.4400e+01     4.737744e+02
  5.4600e+01     4.769866e+02
  5.4800e+01     4.802354e+02
  5.5000e+01     4.835213e+02
  5.5200e+01     4.868444e+02
  5.5400e+01     4.902052e+02
  5.5600e+01     4.936041e+02
  5.5800e+01     4.970414e+02
  5.6000e+01     5.005175e+02
  5.6200e+01     5.040327e+02
  5.6400e+01     5.075874e+02
  5.6600e+01     5.111821e+02
  5.6800e+01     5.148170e+02
  5.7000e+01     5.184926e+02
  5.7200e+01     5.222093e+02
  5.7400e+01     5.259674e+02
  5.7600e+01     5.297674e+02
  5.7800e+01     5.336096e+02
  5.8000e+01     5.374944e+02
  5.8200e+01     5.414223e+02
  5.8400e+01     5.453937e+02
  5.8600e+01     5.494089e+02
  5.8800e+01     5.534683e+02
  5.9000e+01     5.575725e+02
  5.9200e+01     5.617217e+02
  5.9400e+01     5.659165e+02
  5.9600e+01     5.701572e+02
  5.9800e+01     5.744443e+02
  6.0000e+01     5.787783e+02
  6.0200e+01     5.831594e+02
  6.0400e+01     5.875883e+02
  6.0600e+01     5.920652e+02
  6.0800e+01     5.965907e+02
  6.1000e+01     6.011652e+02
  6.1200e+01     6.057892e+02
  6.1400e+01     6.104630e+02
  6.1600e+01     6.151872e+02
  6.1800e+01     6.199622e+02
  6.2000e+01     6.247884e+02
  6.2200e+01     6.296664e+02
  6.2400e+01     6.345966e+02
  6.2600e+01     6.395793e+02
  6.2800e+01     6.446152e+02
  6.3000e+01     6.497047e+02
  6.3200e+01     6.548482e+02
  6.3400e+01     6.600462e+02
  6.3600e+01     6.652992e+02
  6.3800e+01     6.706076e+02
  6.4000e+01     6.759720e+02
  6.4200e+01     6.813928e+02
  6.4400e+01     6.868705e+02
  6.4600e+01     6.924055e+02
  6.4800e+01     6.979985e+02
  6.5000e+01     7.036497e+02
  6.5200e+01     7.093598e+02
  6.5400e+01     7.151291e+02
  6.5600e+01     7.209583e+02
  6.5800e+01     7.268478e+02
  6.6000e+01     7.327980e+02
  6.6200e+01     7.388094e+02
  6.6400e+01     7.448826e+02
  6.6600e+01     7.510180e+02
  6.6800e+01     7.572161e+02
  6.7000e+01     7.634775e+02
  6.7200e+01     7.698025e+02
  6.7400e+01     7.761917e+02
  6.7600e+01     7.826455e+02
  6.7800e+01     7.891645e+02
  6.8000e+01     7.957491e+02
  6.8200e+01     8.023998e+02
  6.8400e+01     8.091171e+02
  6.8600e+01     8.159015e+02
  6.8800e+01     8.227534e+02
  6.9000e+01     8.296733e+02
  6.9200e+01     8.366618e+02
  6.9400e+01     8.437192e+02
  6.9600e+01     8.508460e+02
  6.9800e+01     8.580427e+02
  7.0000e+01     8.653098e+02
  7.0200e+01     8.726477e+02
  7.0400e+01     8.800569e+02
  7.0600e+01     8.875379e+02
  7.0800e+01     8.950910e+02
  7.1000e+01     9.027167e+02
  7.1200e+01     9.104155e+02
  7.1400e+01     9.181877e+02
  7.1600e+01     9.260339e+02
  7.1800e+01     9.339545e+02
  7.2000e+01     9.419497e+02
  7.2200e+01     9.500202e+02
  7.2400e+01     9.581662e+02
  7.2600e+01     9.663882e+02
  7.2800e+01     9.746866e+02
  7.3000e+01     9.830617e+02
  7.3200e+01     9.915139e+02
  7.3400e+01     1.000043e+03
  7.3600e+01     1.008651e+03
  7.3800e+01     1.017337e+03
  7.4000e+01     1.026101e+03
  7.4200e+01     1.034944e+03
  7.4400e+01     1.043866e+03
  7.4600e+01     1.052868e+03
  7.4800e+01     1.061950e+03
  7.5000e+01     1.071111e+03
  7.5200e+01     1.080354e+03
  7.5400e+01     1.089676e+03
  7.5600e+01     1.099080e+03
  7.5800e+01     1.108564e+03
  7.6000e+01     1.118130e+03
  7.6200e+01     1.127778e+03
  7.6400e+01     1.137507e+03
  7.6600e+01     1.147319e+03
  7.6800e+01     1.157212e+03
  7.7000e+01     1.167187e+03
  7.7200e+01     1.177245e+03
  7.7400e+01     1.187386e+03
  7.7600e+01     1.197609e+03
  7.7800e+01     1.207915e+03
  7.8000e+01     1.218303e+03
  7.8200e+01     1.228774e+03
  7.8400e+01     1.239328e+03
  7.8600e+01     1.249965e+03
  7.8800e+01     1.260685e+03
  7.9000e+01     1.271487e+03
  7.9200e+01     1.282372e+03
  7.9400e+01     1.293340e+03
  7.9600e+01     1.304390e+03
  7.9800e+01     1.315522e+03
  8.0000e+01     1.326737e+03
  8.0200e+01     1.338034e+03
  8.0400e+01     1.349413e+03
  8.0600e+01     1.360873e+03
  8.0800e+01     1.372415e+03
  8.1000e+01     1.384037e+03
  8.1200e+01     1.395741e+03
  8.1400e+01     1.407524e+03
  8.1600e+01     1.419388e+03
  8.1800e+01     1.431332e+03
  8.2000e+01     1.443355e+03
  8.2200e+01     1.455456e+03
  8.2400e+01     1.467636e+03
  8.2600e+01     1.479893e+03
  8.2800e+01     1.492228e+03
  8.3000e+01     1.504639e+03
  8.3200e+01     1.517126e+03
  8.3400e+01     1.529689e+03
  8.3600e+01     1.542325e+03
  8.3800e+01     1.555036e+03
  8.4000e+01     1.567820e+03
  8.4200e+01     1.580676e+03
  8.4400e+01     1.593604e+03
  8.4600e+01     1.606602e+03
  8.4800e+01     1.619669e+03
  8.5000e+01     1.632806e+03
  8.5200e+01     1.646009e+03
  8.5400e+01     1.659280e+03
  8.5600e+01     1.672615e+03
  8.5800e+01     1.686016e+03
  8.6000e+01     1.699479e+03
  8.6200e+01     1.713004e+03
  8.6400e+01     1.726590e+03
  8.6600e+01     1.740235e+03
  8.6800e+01     1.753938e+03
  8.7000e+01     1.767697e+03
  8.7200e+01     1.781512e+03
  8.7400e+01     1.795380e+03
  8.7600e+01     1.809300e+03
  8.7800e+01     1.823271e+03
  8.8000e+01     1.837290e+03
  8.8200e+01     1.851357e+03
  8.8400e+01     1.865468e+03
  8.8600e+01     1.879624e+03
  8.8800e+01     1.893821e+03
  8.9000e+01     1.908057e+03
  8.9200e+01     1.922332e+03
  8.9400e+01     1.936642e+03
  8.9600e+01     1.950987e+03
  8.9800e+01     1.965362e+03
  9.0000e+01     1.979768e+03
  9.0200e+01     1.994200e+03
  9.0400e+01     2.008658e+03
  9.0600e+01     2.023138e+03
  9.0800e+01     2.037639e+03
  9.1000e+01     2.052158e+03
  9.1200e+01     2.066692e+03
  9.1400e+01     2.081239e+03
  9.1600e+01     2.095796e+03
  9.1800e+01     2.110361e+03
  9.2000e+01     2.124930e+03
  9.2200e+01     2.139503e+03
  9.2400e+01     2.154074e+03
  9.2600e+01     2.168642e+03
  9.2800e+01     2.183204e+03
  9.3000e+01     2.197757e+03
  9.3200e+01     2.212297e+03
  9.3400e+01     2.226822e+03
  9.3600e+01     2.241329e+03
  9.3800e+01     2.255814e+03
  9.4000e+01     2.270275e+03
  9.4200e+01     2.284707e+03
  9.4400e+01     2.299108e+03
  9.4600e+01     2.313475e+03
  9.4800e+01     2.327803e+03
  9.5000e+01     2.342091e+03
  9.5200e+01     2.356333e+03
  9.5400e+01     2.370526e+03
  9.5600e+01     2.384668e+03
  9.5800e+01     2.398754e+03
  9.6000e+01     2.412781e+03
  9.6200e+01     2.426745e+03
  9.6400e+01     2.440642e+03
  9.6600e+01     2.454469e+03
  9.6800e+01     2.468222e+03
  9.7000e+01     2.481896e+03
  9.7200e+01     2.495489e+03
  9.7400e+01     2.508996e+03
  9.7600e+01     2.522413e+03
  9.7800e+01     2.535737e+03
  9.8000e+01     2.548963e+03
  9.8200e+01     2.562088e+03
  9.8400e+01     2.575107e+03
  9.8600e+01     2.588016e+03
  9.8800e+01     2.600812e+03
  9.9000e+01     2.613491e+03
  9.9200e+01     2.626047e+03
  9.9400e+01     2.638478e+03
  9.9600e+01     2.650778e+03
  9.9800e+01     2.662945e+03
  1.0000e+02     2.674973e+03
  1.0020e+02     2.686860e+03
  1.0040e+02     2.698600e+03
  1.0060e+02     2.710189e+03
  1.0080e+02     2.721624e+03
  1.0100e+02     2.732901e+03
  1.0120e+02     2.744015e+03
  1.0140e+02     2.754962e+03
  1.0160e+02     2.765738e+03
  1.0180e+02     2.776340e+03
  1.0200e+02     2.786763e+03
  1.0220e+02     2.797003e+03
  1.0240e+02     2.807057e+03
  1.0260e+02     2.816920e+03
  1.0280e+02     2.826589e+03
  1.0300e+02     2.836059e+03
  1.0320e+02     2.845327e+03
  1.0340e+02     2.854390e+03
  1.0360e+02     2.863243e+03
  1.0380e+02     2.871883e+03
  1.0400e+02     2.880305e+03
  1.0420e+02     2.888508e+03
  1.0440e+02     2.896487e+03
  1.0460e+02     2.904238e+03
  1.0480e+02     2.911759e+03
  1.0500e+02     2.919045e+03
  1.0520e+02     2.926095e+03
  1.0540e+02     2.932904e+03
  1.0560e+02     2.939470e+03
  1.0580e+02     2.945789e+03
  1.0600e+02     2.951858e+03
  1.0620e+02     2.957676e+03
  1.0640e+02     2.963238e+03
  1.0660e+02     2.968543e+03
  1.0680e+02     2.973587e+03
  1.0700e+02     2.978369e+03
  1.0720e+02     2.982885e+03
  1.0740e+02     2.987134e+03
  1.0760e+02     2.991114e+03
  1.0780e+02     2.994821e+03
  1.0800e+02     2.998255e+03
  1.0820e+02     3.001413e+03
  1.0840e+02     3.004294e+03
  1.0860e+02     3.006896e+03
  1.0880e+02     3.009218e+03
  1.0900e+02     3.011257e+03
  1.0920e+02     3.013013e+03
  1.0940e+02     3.014485e+03
  1.0960e+02     3.015671e+03
  1.0980e+02     3.016571e+03
  1.1000e+02     3.017183e+03
  1.1020e+02     3.017508e+03
  1.1040e+02     3.017543e+03
  1.1060e+02     3.017290e+03
  1.1080e+02     3.016748e+03
  1.1100e+02     3.015916e+03
  1.1120e+02     3.014795e+03
  1.1140e+02     3.013384e+03
  1.1160e+02     3.011684e+03
  1.1180e+02     3.009695e+03
  1.1200e+02     3.007418e+03
  1.1220e+02     3.004853e+03
  1.1240e+02     3.002001e+03
  1.1260e+02     2.998862e+03
  1.1280e+02     2.995438e+03
  1.1300e+02     2.991730e+03
  1.1320e+02     2.987740e+03
  1.1340e+02     2.983467e+03
  1.1360e+02     2.978915e+03
  1.1380e+02     2.974084e+03
  1.1400e+02     2.968977e+03
  1.1420e+02     2.963594e+03
  1.1440e+02     2.957939e+03
  1.1460e+02     2.952014e+03
  1.1480e+02     2.945819e+03
  1.1500e+02     2.939359e+03
  1.1520e+02     2.932635e+03
  1.1540e+02     2.925650e+03
  1.1560e+02     2.918407e+03
  1.1580e+02     2.910908e+03
  1.1600e+02     2.903156e+03
  1.1620e+02     2.895155e+03
  1.1640e+02     2.886907e+03
  1.1660e+02     2.878416e+03
  1.1680e+02     2.869685e+03
  1.1700e+02     2.860717e+03
  1.1720e+02     2.851516e+03
  1.1740e+02     2.842085e+03
  1.1760e+02     2.832429e+03
  1.1780e+02     2.822550e+03
  1.1800e+02     2.812453e+03
  1.1820e+02     2.802142e+03
  1.1840e+02     2.791620e+03
  1.1860e+02     2.780892e+03
  1.1880e+02     2.769962e+03
  1.1900e+02     2.758833e+03
  1.1920e+02     2.747510e+03
  1.1940e+02     2.735998e+03
  1.1960e+02     2.724301e+03
  1.1980e+02     2.712422e+03
  1.2000e+02     2.700368e+03
  1.2020e+02     2.688141e+03
  1.2040e+02     2.675746e+03
  1.2060e+02     2.663189e+03
  1.2080e+02     2.650473e+03
  1.2100e+02     2.637604e+03
  1.2120e+02     2.624585e+03
  1.2140e+02     2.611422e+03
  1.2160e+02     2.598119e+03
  1.2180e+02     2.584681e+03
  1.2200e+02     2.571112e+03
  1.2220e+02     2.557418e+03
  1.2240e+02     2.543603e+03
  1.2260e+02     2.529671e+03
  1.2280e+02     2.515627e+03
  1.2300e+02     2.501477e+03
  1.2320e+02     2.487224e+03
  1.2340e+02     2.472874e+03
  1.2360e+02     2.458430e+03
  1.2380e+02     2.443899e+03
  1.2400e+02     2.429283e+03
  1.2420e+02     2.414588e+03
  1.2440e+02     2.399819e+03
  1.2460e+02     2.384980e+03
  1.2480e+02     2.370075e+03
  1.2500e+02     2.355109e+03
  1.2520e+02     2.340086e+03
  1.2540e+02     2.325011e+03
  1.2560e+02     2.309889e+03
  1.2580e+02     2.294722e+03
  1.2600e+02     2.279516e+03
  1.2620e+02     2.264275e+03
  1.2640e+02     2.249003e+03
  1.2660e+02     2.233704e+03
  1.2680e+02     2.218382e+03
  1.2700e+02     2.203042e+03
  1.2720e+02     2.187686e+03
  1.2740e+02     2.172319e+03
  1.2760e+02     2.156946e+03
  1.2780e+02     2.141568e+03
  1.2800e+02     2.126191e+03
  1.2820e+02     2.110818e+03
  1.2840e+02     2.095452e+03
  1.2860e+02     2.080097e+03
  1.2880e+02     2.064757e+03
  1.2900e+02     2.049434e+03
  1.2920e+02     2.034132e+03
  1.2940e+02     2.018855e+03
  1.2960e+02     2.003605e+03
  1.2980e+02     1.988385e+03
  1.3000e+02     1.973199e+03
  1.3020e+02     1.958049e+03
  1.3040e+02     1.942939e+03
  1.3060e+02     1.927871e+03
  1.3080e+02     1.912848e+03
  1.3100e+02     1.897872e+03
  1.3120e+02     1.882946e+03
  1.3140e+02     1.868073e+03
  1.3160e+02     1.853255e+03
  1.3180e+02     1.838494e+03
  1.3200e+02     1.823793e+03
  1.3220e+02     1.809154e+03
  1.3240e+02     1.794579e+03
  1.3260e+02     1.780070e+03
  1.3280e+02     1.765630e+03
  1.3300e+02     1.751260e+03
  1.3320e+02     1.736961e+03
  1.3340e+02     1.722737e+03
  1.3360e+02     1.708588e+03
  1.3380e+02     1.694516e+03
  1.3400e+02     1.680523e+03
  1.3420e+02     1.666611e+03
  1.3440e+02     1.652781e+03
  1.3460e+02     1.639034e+03
  1.3480e+02     1.625371e+03
  1.3500e+02     1.611795e+03
  1.3520e+02     1.598305e+03
  1.3540e+02     1.584904e+03
  1.3560e+02     1.571593e+03
  1.3580e+02     1.558372e+03
  1.3600e+02     1.545243e+03
  1.3620e+02     1.532206e+03
  1.3640e+02     1.519262e+03
  1.3660e+02     1.506413e+03
  1.3680e+02     1.493658e+03
  1.3700e+02     1.481000e+03
  1.3720e+02     1.468437e+03
  1.3740e+02     1.455972e+03
  1.3760e+02     1.443604e+03
  1.3780e+02     1.431334e+03
  1.3800e+02     1.419163e+03
  1.3820e+02     1.407090e+03
  1.3840e+02     1.395117e+03
  1.3860e+02     1.383244e+03
  1.3880e+02     1.371471e+03
  1.3900e+02     1.359798e+03
  1.3920e+02     1.348225e+03
  1.3940e+02     1.336754e+03
  1.3960e+02     1.325383e+03
  1.3980e+02     1.314113e+03
  1.4000e+02     1.302944e+03
  1.4020e+02     1.291876e+03
  1.4040e+02     1.280909e+03
  1.4060e+02     1.270043e+03
  1.4080e+02     1.259279e+03
  1.4100e+02     1.248615e+03
  1.4120e+02     1.238051e+03
  1.4140e+02     1.227589e+03
  1.4160e+02     1.217226e+03
  1.4180e+02     1.206964e+03
  1.4200e+02     1.196802e+03
  1.4220e+02     1.186740e+03
  1.4240e+02     1.176777e+03
  1.4260e+02     1.166913e+03
  1.4280e+02     1.157148e+03
  1.4300e+02     1.147481e+03
  1.4320e+02     1.137913e+03
  1.4340e+02     1.128442e+03
  1.4360e+02     1.119068e+03
  1.4380e+02     1.109792e+03
  1.4400e+02     1.100612e+03
  1.4420e+02     1.091527e+03
  1.4440e+02     1.082538e+03
  1.4460e+02     1.073644e+03
  1.4480e+02     1.064845e+03
  1.4500e+02     1.056140e+03
  1.4520e+02     1.047528e+03
  1.4540e+02     1.039008e+03
  1.4560e+02     1.030581e+03
  1.4580e+02     1.022246e+03
  1.4600e+02     1.014002e+03
  1.4620e+02     1.005849e+03
  1.4640e+02     9.977861e+02
  1.4660e+02     9.898120e+02
  1.4680e+02     9.819268e+02
  1.4700e+02     9.741297e+02
  1.4720e+02     9.664201e+02
  1.4740e+02     9.587973e+02
  1.4760e+02     9.512608e+02
  1.4780e+02     9.438099e+02
  1.4800e+02     9.364439e+02
  1.4820e+02     9.291622e+02
  1.4840e+02     9.219641e+02
  1.4860e+02     9.148490e+02
  1.4880e+02     9.078161e+02
  1.4900e+02     9.008649e+02
  1.4920e+02     8.939946e+02
  1.4940e+02     8.872045e+02
  1.4960e+02     8.804941e+02
  1.4980e+02     8.738626e+02
  1.5000e+02     8.673093e+02
  1.5020e+02     8.608335e+02
  1.5040e+02     8.544346e+02
  1.5060e+02     8.481120e+02
  1.5080e+02     8.418648e+02
  1.5100e+02     8.356924e+02
  1.5120e+02     8.295943e+02
  1.5140e+02     8.235696e+02
  1.5160e+02     8.176177e+02
  1.5180e+02     8.117379e+02
  1.5200e+02     8.059296e+02
  1.5220e+02     8.001921e+02
  1.5240e+02     7.945246e+02
  1.5260e+02     7.889267e+02
  1.5280e+02     7.833975e+02
  1.5300e+02     7.779364e+02
  1.5320e+02     7.725428e+02
  1.5340e+02     7.672160e+02
  1.5360e+02     7.619554e+02
  1.5380e+02     7.567603e+02
  1.5400e+02     7.516300e+02
  1.5420e+02     7.465640e+02
  1.5440e+02     7.415616e+02
  1.5460e+02     7.366221e+02
  1.5480e+02     7.317449e+02
  1.5500e+02     7.269295e+02
  1.5520e+02     7.221751e+02
  1.5540e+02     7.174812e+02
  1.5560e+02     7.128472e+02
  1.5580e+02     7.082724e+02
  1.5600e+02     7.037562e+02
  1.5620e+02     6.992981e+02
  1.5640e+02     6.948975e+02
  1.5660e+02     6.905537e+02
  1.5680e+02     6.862662e+02
  1.5700e+02     6.820344e+02
  1.5720e+02     6.778578e+02
  1.5740e+02     6.737357e+02
  1.5760e+02     6.696676e+02
  1.5780e+02     6.656530e+02
  1.5800e+02     6.616913e+02
  1.5820e+02     6.577819e+02
  1.5840e+02     6.539244e+02
  1.5860e+02     6.501181e+02
  1.5880e+02     6.463626e+02
  1.5900e+02     6.426573e+02
  1.5920e+02     6.390017e+02
  1.5940e+02     6.353953e+02
  1.5960e+02     6.318375e+02
  1.5980e+02     6.283280e+02
  1.6000e+02     6.248661e+02
  1.6020e+02     6.214514e+02
  1.6040e+02     6.180834e+02
  1.6060e+02     6.147616e+02
  1.6080e+02     6.114856e+02
  1.6100e+02     6.082548e+02
  1.6120e+02     6.050688e+02
  1.6140e+02     6.019272e+02
  1.6160e+02     5.988295e+02
  1.6180e+02     5.957752e+02
  1.6200e+02     5.927639e+02
  1.6220e+02     5.897952e+02
  1.6240e+02     5.868686e+02
  1.6260e+02     5.839837e+02
  1.6280e+02     5.811401e+02
  1.6300e+02     5.783373e+02
  1.6320e+02     5.755750e+02
  1.6340e+02     5.728527e+02
  1.6360e+02     5.701701e+02
  1.6380e+02     5.675267e+02
  1.6400e+02     5.649222e+02
  1.6420e+02     5.623561e+02
  1.6440e+02     5.598282e+02
  1.6460e+02     5.573379e+02
  1.6480e+02     5.548850e+02
  1.6500e+02     5.524691e+02
  1.6520e+02     5.500897e+02
  1.6540e+02     5.477467e+02
  1.6560e+02     5.454395e+02
  1.6580e+02     5.431679e+02
  1.6600e+02     5.409316e+02
  1.6620e+02     5.387301e+02
  1.6640e+02     5.365632e+02
  1.6660e+02     5.344305e+02
  1.6680e+02     5.323317e+02
  1.6700e+02     5.302665e+02
  1.6720e+02     5.282345e+02
  1.6740e+02     5.262356e+02
  1.6760e+02     5.242693e+02
  1.6780e+02     5.223353e+02
  1.6800e+02     5.204334e+02
  1.6820e+02     5.185634e+02
  1.6840e+02     5.167248e+02
  1.6860e+02     5.149174e+02
  1.6880e+02     5.131409e+02
  1.6900e+02     5.113951e+02
  1.6920e+02     5.096797e+02
  1.6940e+02     5.079945e+02
  1.6960e+02     5.063391e+02
  1.6980e+02     5.047133e+02
  1.7000e+02     5.031169e+02
  1.7020e+02     5.015496e+02
  1.7040e+02     5.000111e+02
  1.7060e+02     4.985013e+02
  1.7080e+02     4.970199e+02
  1.7100e+02     4.955666e+02
  1.7120e+02     4.941413e+02
  1.7140e+02     4.927437e+02
  1.7160e+02     4.913736e+02
  1.7180e+02     4.900308e+02
  1.7200e+02     4.887150e+02
  1.7220e+02     4.874260e+02
  1.7240e+02     4.861638e+02
  1.7260e+02     4.849279e+02
  1.7280e+02     4.837183e+02
  1.7300e+02     4.825348e+02
  1.7320e+02     4.813771e+02
  1.7340e+02     4.802451e+02
  1.7360e+02     4.791386e+02
  1.7380e+02     4.780574e+02
  1.7400e+02     4.770014e+02
  1.7420e+02     4.759703e+02
  1.7440e+02     4.749640e+02
  1.7460e+02     4.739823e+02
  1.7480e+02     4.730251e+02
  1.7500e+02     4.720921e+02
  1.7520e+02     4.711834e+02
  1.7540e+02     4.702986e+02
  1.7560e+02     4.694376e+02
  1.7580e+02     4.686004e+02
  1.7600e+02     4.677866e+02
  1.7620e+02     4.669963e+02
  1.7640e+02     4.662293e+02
  1.7660e+02     4.654854e+02
  1.7680e+02     4.647645e+02
  1.7700e+02     4.640665e+02
  1.7720e+02     4.633912e+02
  1.7740e+02     4.627386e+02
  1.7760e+02     4.621084e+02
  1.7780e+02     4.615006e+02
  1.7800e+02     4.609152e+02
  1.7820e+02     4.603518e+02
  1.7840e+02     4.598106e+02
  1.7860e+02     4.592912e+02
  1.7880e+02     4.587937e+02
  1.7900e+02     4.583180e+02
  1.7920e+02     4.578639e+02
  1.7940e+02     4.574314e+02
  1.7960e+02     4.570203e+02
  1.7980e+02     4.566305e+02
  1.8000e+02     4.562621e+02
  1.8020e+02     4.559149e+02
  1.8040e+02     4.555887e+02
  1.8060e+02     4.552837e+02
  1.8080e+02     4.549995e+02
  1.8100e+02     4.547363e+02
  1.8120e+02     4.544939e+02
  1.8140e+02     4.542722e+02
  1.8160e+02     4.540712e+02
  1.8180e+02     4.538908e+02
  1.8200e+02     4.537310e+02
  1.8220e+02     4.535917e+02
  1.8240e+02     4.534728e+02
  1.8260e+02     4.533743e+02
  1.8280e+02     4.532961e+02
  1.8300e+02     4.532382e+02
  1.8320e+02     4.532005e+02
  1.8340e+02     4.531831e+02
  1.8360e+02     4.531858e+02
  1.8380e+02     4.532085e+02
  1.8400e+02     4.532514e+02
  1.8420e+02     4.533143e+02
  1.8440e+02     4.533972e+02
  1.8460e+02     4.535001e+02
  1.8480e+02     4.536229e+02
  1.8500e+02     4.537656e+02
  1.8520e+02     4.539282e+02
  1.8540e+02     4.541107e+02
  1.8560e+02     4.543130e+02
  1.8580e+02     4.545352e+02
  1.8600e+02     4.547771e+02
  1.8620e+02     4.550389e+02
  1.8640e+02     4.553205e+02
  1.8660e+02     4.556218e+02
  1.8680e+02     4.559429e+02
  1.8700e+02     4.562838e+02
  1.8720e+02     4.566444e+02
  1.8740e+02     4.570248e+02
  1.8760e+02     4.574250e+02
  1.8780e+02     4.578449e+02
  1.8800e+02     4.582846e+02
  1.8820e+02     4.587441e+02
  1.8840e+02     4.592234e+02
  1.8860e+02     4.597225e+02
  1.8880e+02     4.602414e+02
  1.8900e+02     4.607801e+02
  1.8920e+02     4.613387e+02
  1.8940e+02     4.619171e+02
  1.8960e+02     4.625154e+02
  1.8980e+02     4.631336e+02
  1.9000e+02     4.637718e+02
  1.9020e+02     4.644299e+02
  1.9040e+02     4.651081e+02
  1.9060e+02     4.658062e+02
  1.9080e+02     4.665244e+02
  1.9100e+02     4.672627e+02
  1.9120e+02     4.680211e+02
  1.9140e+02     4.687997e+02
  1.9160e+02     4.695985e+02
  1.9180e+02     4.704175e+02
  1.9200e+02     4.712568e+02
  1.9220e+02     4.721165e+02
  1.9240e+02     4.729966e+02
  1.9260e+02     4.738971e+02
  1.9280e+02     4.748181e+02
  1.9300e+02     4.757596e+02
  1.9320e+02     4.767217e+02
  1.9340e+02     4.777045e+02
  1.9360e+02     4.787081e+02
  1.9380e+02     4.797324e+02
  1.9400e+02     4.807775e+02
  1.9420e+02     4.818435e+02
  1.9440e+02     4.829306e+02
  1.9460e+02     4.840386e+02
  1.9480e+02     4.851678e+02
  1.9500e+02     4.863182e+02
  1.9520e+02     4.874898e+02
  1.9540e+02     4.886828e+02
  1.9560e+02     4.898971e+02
  1.9580e+02     4.911330e+02
  1.9600e+02     4.923905e+02
  1.9620e+02     4.936696e+02
  1.9640e+02     4.949704e+02
  1.9660e+02     4.962931e+02
  1.9680e+02     4.976377e+02
  1.9700e+02     4.990043e+02
  1.9720e+02     5.003930e+02
  1.9740e+02     5.018039e+02
  1.9760e+02     5.032371e+02
  1.9780e+02     5.046927e+02
  1.9800e+02     5.061708e+02
  1.9820e+02     5.076714e+02
  1.9840e+02     5.091948e+02
  1.9860e+02     5.107409e+02
  1.9880e+02     5.123100e+02
  1.9900e+02     5.139020e+02
  1.9920e+02     5.155172e+02
  1.9940e+02     5.171556e+02
  1.9960e+02     5.188173e+02
  1.9980e+02     5.205026e+02
  2.0000e+02     5.222113e+02
  2.0020e+02     5.239438e+02
  2.0040e+02     5.257001e+02
  2.0060e+02     5.274803e+02
  2.0080e+02     5.292845e+02
  2.0100e+02     5.311130e+02
  2.0120e+02     5.329657e+02
  2.0140e+02     5.348429e+02
  2.0160e+02     5.367447e+02
  2.0180e+02     5.386711e+02
  2.0200e+02     5.406224e+02
  2.0220e+02     5.425986e+02
  2.0240e+02     5.446000e+02
  2.0260e+02     5.466266e+02
  2.0280e+02     5.486785e+02
  2.0300e+02     5.507560e+02
  2.0320e+02     5.528591e+02
  2.0340e+02     5.549880e+02
  2.0360e+02     5.571429e+02
  2.0380e+02     5.593239e+02
  2.0400e+02     5.615311e+02
  2.0420e+02     5.637648e+02
  2.0440e+02     5.660249e+02
  2.0460e+02     5.683118e+02
  2.0480e+02     5.706255e+02
  2.0500e+02     5.729663e+02
  2.0520e+02     5.753342e+02
  2.0540e+02     5.777294e+02
  2.0560e+02     5.801521e+02
  2.0580e+02     5.826025e+02
  2.0600e+02     5.850807e+02
  2.0620e+02     5.875869e+02
  2.0640e+02     5.901212e+02
  2.0660e+02     5.926838e+02
  2.0680e+02     5.952749e+02
  2.0700e+02     5.978947e+02
  2.0720e+02     6.005433e+02
  2.0740e+02     6.032208e+02
  2.0760e+02     6.059276e+02
  2.0780e+02     6.086637e+02
  2.0800e+02     6.114293e+02
  2.0820e+02     6.142246e+02
  2.0840e+02     6.170499e+02
  2.0860e+02     6.199051e+02
  2.0880e+02     6.227906e+02
  2.0900e+02     6.257066e+02
  2.0920e+02     6.286531e+02
  2.0940e+02     6.316304e+02
  2.0960e+02     6.346387e+02
  2.0980e+02     6.376782e+02
  2.1000e+02     6.407490e+02
  2.1020e+02     6.438514e+02
  2.1040e+02     6.469854e+02
  2.1060e+02     6.501515e+02
  2.1080e+02     6.533496e+02
  2.1100e+02     6.565800e+02
  2.1120e+02     6.598429e+02
  2.1140e+02     6.631385e+02
  2.1160e+02     6.664670e+02
  2.1180e+02     6.698286e+02
  2.1200e+02     6.732234e+02
  2.1220e+02     6.766517e+02
  2.1240e+02     6.801137e+02
  2.1260e+02     6.836096e+02
  2.1280e+02     6.871395e+02
  2.1300e+02     6.907037e+02
  2.1320e+02     6.943023e+02
  2.1340e+02     6.979356e+02
  2.1360e+02     7.016037e+02
  2.1380e+02     7.053070e+02
  2.1400e+02     7.090454e+02
  2.1420e+02     7.128194e+02
  2.1440e+02     7.166290e+02
  2.1460e+02     7.204744e+02
  2.1480e+02     7.243559e+02
  2.1500e+02     7.282737e+02
  2.1520e+02     7.322280e+02
  2.1540e+02     7.362189e+02
  2.1560e+02     7.402466e+02
  2.1580e+02     7.443115e+02
  2.1600e+02     7.484136e+02
  2.1620e+02     7.525531e+02
  2.1640e+02     7.567303e+02
  2.1660e+02     7.609454e+02
  2.1680e+02     7.651985e+02
  2.1700e+02     7.694899e+02
  2.1720e+02     7.738197e+02
  2.1740e+02     7.781882e+02
  2.1760e+02     7.825955e+02
  2.1780e+02     7.870418e+02
  2.1800e+02     7.915274e+02
  2.1820e+02     7.960524e+02
  2.1840e+02     8.006170e+02
  2.1860e+02     8.052213e+02
  2.1880e+02     8.098657e+02
  2.1900e+02     8.145502e+02
  2.1920e+02     8.192751e+02
  2.1940e+02     8.240405e+02
  2.1960e+02     8.288467e+02
  2.1980e+02     8.336937e+02
  2.2000e+02     8.385818e+02
  2.2020e+02     8.435112e+02
  2.2040e+02     8.484819e+02
  2.2060e+02     8.534943e+02
  2.2080e+02     8.585484e+02
  2.2100e+02     8.636445e+02
  2.2120e+02     8.687827e+02
  2.2140e+02     8.739631e+02
  2.2160e+02     8.791859e+02
  2.2180e+02     8.844513e+02
  2.2200e+02     8.897594e+02
  2.2220e+02     8.951104e+02
  2.2240e+02     9.005044e+02
  2.2260e+02     9.059416e+02
  2.2280e+02     9.114221e+02
  2.2300e+02     9.169460e+02
  2.2320e+02     9.225135e+02
  2.2340e+02     9.281246e+02
  2.2360e+02     9.337796e+02
  2.2380e+02     9.394786e+02
  2.2400e+02     9.452216e+02
  2.2420e+02     9.510088e+02
  2.2440e+02     9.568402e+02
  2.2460e+02     9.627161e+02
  2.2480e+02     9.686364e+02
  2.2500e+02     9.746013e+02
  2.2520e+02     9.806108e+02
  2.2540e+02     9.866651e+02
  2.2560e+02     9.927642e+02
  2.2580e+02     9.989082e+02
  2.2600e+02     1.005097e+03
  2.2620e+02     1.011331e+03
  2.2640e+02     1.017610e+03
  2.2660e+02     1.023934e+03
  2.2680e+02     1.030303e+03
  2.2700e+02     1.036718e+03
  2.2720e+02     1.043177e+03
  2.2740e+02     1.049682e+03
  2.2760e+02     1.056233e+03
  2.2780e+02     1.062828e+03
  2.2800e+02     1.069469e+03
  2.2820e+02     1.076155e+03
  2.2840e+02     1.082886e+03
  2.2860e+02     1.089662e+03
  2.2880e+02     1.096484e+03
  2.2900e+02     1.103351e+03
  2.2920e+02     1.110262e+03
  2.2940e+02     1.117219e+03
  2.2960e+02     1.124221e+03
  2.2980e+02     1.131268e+03
  2.3000e+02     1.138359e+03
  2.3020e+02     1.145495e+03
  2.3040e+02     1.152676e+03
  2.3060e+02     1.159901e+03
  2.3080e+02     1.167171e+03
  2.3100e+02     1.174485e+03
  2.3120e+02     1.181842e+03
  2.3140e+02     1.189244e+03
  2.3160e+02     1.196690e+03
  2.3180e+02     1.204179e+03
  2.3200e+02     1.211711e+03
  2.3220e+02     1.219287e+03
  2.3240e+02     1.226905e+03
  2.3260e+02     1.234566e+03
  2.3280e+02     1.242270e+03
  2.3300e+02     1.250016e+03
  2.3320e+02     1.257804e+03
  2.3340e+02     1.265634e+03
  2.3360e+02     1.273504e+03
  2.3380e+02     1.281417e+03
  2.3400e+02     1.289369e+03
  2.3420e+02     1.297363e+03
  2.3440e+02     1.305396e+03
  2.3460e+02     1.313469e+03
  2.3480e+02     1.321582e+03
  2.3500e+02     1.329733e+03
  2.3520e+02     1.337923e+03
  2.3540e+02     1.346151e+03
  2.3560e+02     1.354417e+03
  2.3580e+02     1.362720e+03
  2.3600e+02     1.371060e+03
  2.3620e+02     1.379436e+03
  2.3640e+02     1.387848e+03
  2.3660e+02     1.396295e+03
  2.3680e+02     1.404778e+03
  2.3700e+02     1.413294e+03
  2.3720e+02     1.421844e+03
  2.3740e+02     1.430427e+03
  2.3760e+02     1.439042e+03
  2.3780e+02     1.447690e+03
  2.3800e+02     1.456368e+03
  2.3820e+02     1.465078e+03
  2.3840e+02     1.473817e+03
  2.3860e+02     1.482585e+03
  2.3880e+02     1.491382e+03
  2.3900e+02     1.500206e+03
  2.3920e+02     1.509058e+03
  2.3940e+02     1.517936e+03
  2.3960e+02     1.526840e+03
  2.3980e+02     1.535768e+03
  2.4000e+02     1.544720e+03
  2.4020e+02     1.553695e+03
  2.4040e+02     1.562692e+03
  2.4060e+02     1.571711e+03
  2.4080e+02     1.580750e+03
  2.4100e+02     1.589808e+03
  2.4120e+02     1.598885e+03
  2.4140e+02     1.607980e+03
  2.4160e+02     1.617091e+03
  2.4180e+02     1.626218e+03
  2.4200e+02     1.635360e+03
  2.4220e+02     1.644515e+03
  2.4240e+02     1.653683e+03
  2.4260e+02     1.662862e+03
  2.4280e+02     1.672052e+03
  2.4300e+02     1.681251e+03
  2.4320e+02     1.690458e+03
  2.4340e+02     1.699671e+03
  2.4360e+02     1.708891e+03
  2.4380e+02     1.718115e+03
  2.4400e+02     1.727343e+03
  2.4420e+02     1.736573e+03
  2.4440e+02     1.745804e+03
  2.4460e+02     1.755034e+03
  2.4480e+02     1.764262e+03
  2.4500e+02     1.773488e+03
  2.4520e+02     1.782709e+03
  2.4540e+02     1.791925e+03
  2.4560e+02     1.801133e+03
  2.4580e+02     1.810333e+03
  2.4600e+02     1.819524e+03
  2.4620e+02     1.828703e+03
  2.4640e+02     1.837869e+03
  2.4660e+02     1.847021e+03
  2.4680e+02     1.856157e+03
  2.4700e+02     1.865276e+03
  2.4720e+02     1.874377e+03
  2.4740e+02     1.883457e+03
  2.4760e+02     1.892515e+03
  2.4780e+02     1.901551e+03
  2.4800e+02     1.910561e+03
  2.4820e+02     1.919544e+03
  2.4840e+02     1.928500e+03
  2.4860e+02     1.937426e+03
  2.4880e+02     1.946320e+03
  2.4900e+02     1.955181e+03
  2.4920e+02     1.964008e+03
  2.4940e+02     1.972798e+03
  2.4960e+02     1.981550e+03
  2.4980e+02     1.990262e+03
  2.5000e+02     1.998933e+03
  2.5020e+02     2.007560e+03
  2.5040e+02     2.016143e+03
  2.5060e+02     2.024678e+03
  2.5080e+02     2.033165e+03
  2.5100e+02     2.041602e+03
  2.5120e+02     2.049987e+03
  2.5140e+02     2.058317e+03
  2.5160e+02     2.066593e+03
  2.5180e+02     2.074810e+03
  2.5200e+02     2.082968e+03
  2.5220e+02     2.091066e+03
  2.5240e+02     2.099100e+03
  2.5260e+02     2.107069e+03
  2.5280e+02     2.114972e+03
  2.5300e+02     2.122807e+03
  2.5320e+02     2.130571e+03
  2.5340e+02     2.138264e+03
  2.5360e+02     2.145882e+03
  2.5380e+02     2.153425e+03
  2.5400e+02     2.160890e+03
  2.5420e+02     2.168276e+03
  2.5440e+02     2.175581e+03
  2.5460e+02     2.182802e+03
  2.5480e+02     2.189939e+03
  2.5500e+02     2.196990e+03
  2.5520e+02     2.203951e+03
  2.5540e+02     2.210823e+03
  2.5560e+02     2.217603e+03
  2.5580e+02     2.224289e+03
  2.5600e+02     2.230879e+03
  2.5620e+02     2.237372e+03
  2.5640e+02     2.243766e+03
  2.5660e+02     2.250059e+03
  2.5680e+02     2.256250e+03
  2.5700e+02     2.262337e+03
  2.5720e+02     2.268317e+03
  2.5740e+02     2.274191e+03
  2.5760e+02     2.279955e+03
  2.5780e+02     2.285608e+03
  2.5800e+02     2.291149e+03
  2.5820e+02     2.296575e+03
  2.5840e+02     2.301887e+03
  2.5860e+02     2.307081e+03
  2.5880e+02     2.312156e+03
  2.5900e+02     2.317111e+03
  2.5920e+02     2.321945e+03
  2.5940e+02     2.326656e+03
  2.5960e+02     2.331242e+03
  2.5980e+02     2.335702e+03
  2.6000e+02     2.340035e+03
  2.6020e+02     2.344239e+03
  2.6040e+02     2.348313e+03
  2.6060e+02     2.352256e+03
  2.6080e+02     2.356067e+03
  2.6100e+02     2.359744e+03
  2.6120e+02     2.363287e+03
  2.6140e+02     2.366693e+03
  2.6160e+02     2.369962e+03
  2.6180e+02     2.373093e+03
  2.6200e+02     2.376085e+03
  2.6220e+02     2.378937e+03
  2.6240e+02     2.381648e+03
  2.6260e+02     2.384216e+03
  2.6280e+02     2.386642e+03
  2.6300e+02     2.388924e+03
  2.6320e+02     2.391062e+03
  2.6340e+02     2.393054e+03
  2.6360e+02     2.394900e+03
  2.6380e+02     2.396599e+03
  2.6400e+02     2.398152e+03
  2.6420e+02     2.399556e+03
  2.6440e+02     2.400812e+03
  2.6460e+02     2.401919e+03
  2.6480e+02     2.402876e+03
  2.6500e+02     2.403684e+03
  2.6520e+02     2.404342e+03
  2.6540e+02     2.404849e+03
  2.6560e+02     2.405206e+03
  2.6580e+02     2.405412e+03
  2.6600e+02     2.405466e+03
  2.6620e+02     2.405370e+03
  2.6640e+02     2.405122e+03
  2.6660e+02     2.404723e+03
  2.6680e+02     2.404173e+03
  2.6700e+02     2.403471e+03
  2.6720e+02     2.402619e+03
  2.6740e+02     2.401615e+03
  2.6760e+02     2.400461e+03
  2.6780e+02     2.399157e+03
  2.6800e+02     2.397702e+03
  2.6820e+02     2.396098e+03
  2.6840e+02     2.394344e+03
  2.6860e+02     2.392442e+03
  2.6880e+02     2.390391e+03
  2.6900e+02     2.388192e+03
  2.6920e+02     2.385846e+03
  2.6940e+02     2.383354e+03
  2.6960e+02     2.380716e+03
  2.6980e+02     2.377932e+03
  2.7000e+02     2.375004e+03
  2.7020e+02     2.371933e+03
  2.7040e+02     2.368719e+03
  2.7060e+02     2.365364e+03
  2.7080e+02     2.361867e+03
  2.7100e+02     2.358231e+03
  2.7120e+02     2.354456e+03
  2.7140e+02     2.350544e+03
  2.7160e+02     2.346495e+03
  2.7180e+02     2.342311e+03
  2.7200e+02     2.337992e+03
  2.7220e+02     2.333541e+03
  2.7240e+02     2.328958e+03
  2.7260e+02     2.324245e+03
  2.7280e+02     2.319403e+03
  2.7300e+02     2.314434e+03
  2.7320e+02     2.309338e+03
  2.7340e+02     2.304118e+03
  2.7360e+02     2.298775e+03
  2.7380e+02     2.293310e+03
  2.7400e+02     2.287725e+03
  2.7420e+02     2.282022e+03
  2.7440e+02     2.276202e+03
  2.7460e+02     2.270267e+03
  2.7480e+02     2.264219e+03
  2.7500e+02     2.258058e+03
  2.7520e+02     2.251788e+03
  2.7540e+02     2.245409e+03
  2.7560e+02     2.238924e+03
  2.7580e+02     2.232335e+03
  2.7600e+02     2.225642e+03
  2.7620e+02     2.218849e+03
  2.7640e+02     2.211956e+03
  2.7660e+02     2.204966e+03
  2.7680e+02     2.197881e+03
  2.7700e+02     2.190702e+03
  2.7720e+02     2.183432e+03
  2.7740e+02     2.176072e+03
  2.7760e+02     2.168625e+03
  2.7780e+02     2.161092e+03
  2.7800e+02     2.153475e+03
  2.7820e+02     2.145777e+03
  2.7840e+02     2.137999e+03
  2.7860e+02     2.130143e+03
  2.7880e+02     2.122212e+03
  2.7900e+02     2.114207e+03
  2.7920e+02     2.106130e+03
  2.7940e+02     2.097984e+03
  2.7960e+02     2.089770e+03
  2.7980e+02     2.081491e+03
  2.8000e+02     2.073148e+03
  2.8020e+02     2.064744e+03
  2.8040e+02     2.056281e+03
  2.8060e+02     2.047760e+03
  2.8080e+02     2.039183e+03
  2.8100e+02     2.030553e+03
  2.8120e+02     2.021872e+03
  2.8140e+02     2.013142e+03
  2.8160e+02     2.004364e+03
  2.8180e+02     1.995541e+03
  2.8200e+02     1.986674e+03
  2.8220e+02     1.977766e+03
  2.8240e+02     1.968819e+03
  2.8260e+02     1.959834e+03
  2.8280e+02     1.950814e+03
  2.8300e+02     1.941760e+03
  2.8320e+02     1.932674e+03
  2.8340e+02     1.923558e+03
  2.8360e+02     1.914415e+03
  2.8380e+02     1.905245e+03
  2.8400e+02     1.896051e+03
  2.8420e+02     1.886835e+03
  2.8440e+02     1.877599e+03
  2.8460e+02     1.868343e+03
  2.8480e+02     1.859071e+03
  2.8500e+02     1.849783e+03
  2.8520e+02     1.840482e+03
  2.8540e+02     1.831170e+03
  2.8560e+02     1.821847e+03
  2.8580e+02     1.812516e+03
  2.8600e+02     1.803178e+03
  2.8620e+02     1.793835e+03
  2.8640e+02     1.784489e+03
  2.8660e+02     1.775141e+03
  2.8680e+02     1.765792e+03
  2.8700e+02     1.756445e+03
  2.8720e+02     1.747101e+03
  2.8740e+02     1.737761e+03
  2.8760e+02     1.728427e+03
  2.8780e+02     1.719100e+03
  2.8800e+02     1.709782e+03
  2.8820e+02     1.700474e+03
  2.8840e+02     1.691178e+03
  2.8860e+02     1.681894e+03
  2.8880e+02     1.672624e+03
  2.8900e+02     1.663370e+03
  2.8920e+02     1.654133e+03
  2.8940e+02     1.644914e+03
  2.8960e+02     1.635713e+03
  2.8980e+02     1.626534e+03
  2.9000e+02     1.617376e+03
  2.9020e+02     1.608240e+03
  2.9040e+02     1.599129e+03
  2.9060e+02     1.590043e+03
  2.9080e+02     1.580983e+03
  2.9100e+02     1.571949e+03
  2.9120e+02     1.562945e+03
  2.9140e+02     1.553969e+03
  2.9160e+02     1.545023e+03
  2.9180e+02     1.536109e+03
  2.9200e+02     1.527226e+03
  2.9220e+02     1.518377e+03
  2.9240e+02     1.509561e+03
  2.9260e+02     1.500780e+03
  2.9280e+02     1.492035e+03
  2.9300e+02     1.483326e+03
  2.9320e+02     1.474654e+03
  2.9340e+02     1.466020e+03
  2.9360e+02     1.457424e+03
  2.9380e+02     1.448868e+03
  2.9400e+02     1.440351e+03
  2.9420e+02     1.431876e+03
  2.9440e+02     1.423442e+03
  2.9460e+02     1.415049e+03
  2.9480e+02     1.406700e+03
  2.9500e+02     1.398393e+03
  2.9520e+02     1.390130e+03
  2.9540e+02     1.381911e+03
  2.9560e+02     1.373737e+03
  2.9580e+02     1.365608e+03
  2.9600e+02     1.357525e+03
  2.9620e+02     1.349488e+03
  2.9640e+02     1.341498e+03
  2.9660e+02     1.333555e+03
  2.9680e+02     1.325659e+03
  2.9700e+02     1.317811e+03
  2.9720e+02     1.310011e+03
  2.9740e+02     1.302260e+03
  2.9760e+02     1.294557e+03
  2.9780e+02     1.286904e+03
  2.9800e+02     1.279300e+03
  2.9820e+02     1.271745e+03
  2.9840e+02     1.264241e+03
  2.9860e+02     1.256787e+03
  2.9880e+02     1.249383e+03
  2.9900e+02     1.242030e+03
  2.9920e+02     1.234727e+03
  2.9940e+02     1.227476e+03
  2.9960e+02     1.220276e+03
  2.9980e+02     1.213127e+03
  3.0000e+02     1.206029e+03
  3.0020e+02     1.198984e+03
  3.0040e+02     1.191989e+03
  3.0060e+02     1.185047e+03
  3.0080e+02     1.178156e+03
  3.0100e+02     1.171317e+03
  3.0120e+02     1.164531e+03
  3.0140e+02     1.157796e+03
  3.0160e+02     1.151113e+03
  3.0180e+02     1.144483e+03
  3.0200e+02     1.137904e+03
  3.0220e+02     1.131377e+03
  3.0240e+02     1.124903e+03
  3.0260e+02     1.118481e+03
  3.0280e+02     1.112110e+03
  3.0300e+02     1.105792e+03
  3.0320e+02     1.099525e+03
  3.0340e+02     1.093311e+03
  3.0360e+02     1.087148e+03
  3.0380e+02     1.081037e+03
  3.0400e+02     1.074977e+03
  3.0420e+02     1.068969e+03
  3.0440e+02     1.063013e+03
  3.0460e+02     1.057108e+03
  3.0480e+02     1.051254e+03
  3.0500e+02     1.045451e+03
  3.0520e+02     1.039699e+03
  3.0540e+02     1.033998e+03
  3.0560e+02     1.028348e+03
  3.0580e+02     1.022748e+03
  3.0600e+02     1.017198e+03
  3.0620e+02     1.011699e+03
  3.0640e+02     1.006250e+03
  3.0660e+02     1.000851e+03
  3.0680e+02     9.955017e+02
  3.0700e+02     9.902016e+02
  3.0720e+02     9.849509e+02
  3.0740e+02     9.797494e+02
  3.0760e+02     9.745968e+02
  3.0780e+02     9.694930e+02
  3.0800e+02     9.644377e+02
  3.0820e+02     9.594308e+02
  3.0840e+02     9.544720e+02
  3.0860e+02     9.495612e+02
  3.0880e+02     9.446980e+02
  3.0900e+02     9.398824e+02
  3.0920e+02     9.351140e+02
  3.0940e+02     9.303927e+02
  3.0960e+02     9.257182e+02
  3.0980e+02     9.210903e+02
  3.1000e+02     9.165087e+02
  3.1020e+02     9.119733e+02
  3.1040e+02     9.074837e+02
  3.1060e+02     9.030398e+02
  3.1080e+02     8.986413e+02
  3.1100e+02     8.942880e+02
  3.1120e+02     8.899796e+02
  3.1140e+02     8.857159e+02
  3.1160e+02     8.814966e+02
  3.1180e+02     8.773215e+02
  3.1200e+02     8.731903e+02
  3.1220e+02     8.691028e+02
  3.1240e+02     8.650588e+02
  3.1260e+02     8.610579e+02
  3.1280e+02     8.571000e+02
  3.1300e+02     8.531848e+02
  3.1320e+02     8.493121e+02
  3.1340e+02     8.454815e+02
  3.1360e+02     8.416928e+02
  3.1380e+02     8.379459e+02
  3.1400e+02     8.342403e+02
  3.1420e+02     8.305760e+02
  3.1440e+02     8.269526e+02
  3.1460e+02     8.233698e+02
  3.1480e+02     8.198275e+02
  3.1500e+02     8.163254e+02
  3.1520e+02     8.128632e+02
  3.1540e+02     8.094407e+02
  3.1560e+02     8.060576e+02
  3.1580e+02     8.027137e+02
  3.1600e+02     7.994087e+02
  3.1620e+02     7.961424e+02
  3.1640e+02     7.929146e+02
  3.1660e+02     7.897249e+02
  3.1680e+02     7.865732e+02
  3.1700e+02     7.834592e+02
  3.1720e+02     7.803827e+02
  3.1740e+02     7.773434e+02
  3.1760e+02     7.743411e+02
  3.1780e+02     7.713756e+02
  3.1800e+02     7.684466e+02
  3.1820e+02     7.655538e+02
  3.1840e+02     7.626971e+02
  3.1860e+02     7.598762e+02
  3.1880e+02     7.570909e+02
  3.1900e+02     7.543409e+02
  3.1920e+02     7.516261e+02
  3.1940e+02     7.489461e+02
  3.1960e+02     7.463008e+02
  3.1980e+02     7.436900e+02
  3.2000e+02     7.411134e+02
  3.2020e+02     7.385708e+02
  3.2040e+02     7.360619e+02
  3.2060e+02     7.335867e+02
  3.2080e+02     7.311447e+02
  3.2100e+02     7.287360e+02
  3.2120e+02     7.263601e+02
  3.2140e+02     7.240170e+02
  3.2160e+02     7.217063e+02
  3.2180e+02     7.194280e+02
  3.2200e+02     7.171818e+02
  3.2220e+02     7.149674e+02
  3.2240e+02     7.127847e+02
  3.2260e+02     7.106336e+02
  3.2280e+02     7.085137e+02
  3.2300e+02     7.064249e+02
  3.2320e+02     7.043670e+02
  3.2340e+02     7.023399e+02
  3.2360e+02     7.003432e+02
  3.2380e+02     6.983769e+02
  3.2400e+02     6.964408e+02
  3.2420e+02     6.945346e+02
  3.2440e+02     6.926582e+02
  3.2460e+02     6.908114e+02
  3.2480e+02     6.889940e+02
  3.2500e+02     6.872059e+02
  3.2520e+02     6.854469e+02
  3.2540e+02     6.837167e+02
  3.2560e+02     6.820153e+02
  3.2580e+02     6.803425e+02
  3.2600e+02     6.786981e+02
  3.2620e+02     6.770819e+02
  3.2640e+02     6.754938e+02
  3.2660e+02     6.739336e+02
  3.2680e+02     6.724011e+02
  3.2700e+02     6.708963e+02
  3.2720e+02     6.694189e+02
  3.2740e+02     6.679688e+02
  3.2760e+02     6.665459e+02
  3.2780e+02     6.651500e+02
  3.2800e+02     6.637809e+02
  3.2820e+02     6.624385e+02
  3.2840e+02     6.611227e+02
  3.2860e+02     6.598333e+02
  3.2880e+02     6.585703e+02
  3.2900e+02     6.573334e+02
  3.2920e+02     6.561225e+02
  3.2940e+02     6.549375e+02
  3.2960e+02     6.537782e+02
  3.2980e+02     6.526446e+02
  3.3000e+02     6.515365e+02
  3.3020e+02     6.504538e+02
  3.3040e+02     6.493963e+02
  3.3060e+02     6.483640e+02
  3.3080e+02     6.473568e+02
  3.3100e+02     6.463744e+02
  3.3120e+02     6.454168e+02
  3.3140e+02     6.444839e+02
  3.3160e+02     6.435756e+02
  3.3180e+02     6.426917e+02
  3.3200e+02     6.418323e+02
  3.3220e+02     6.409970e+02
  3.3240e+02     6.401859e+02
  3.3260e+02     6.393989e+02
  3.3280e+02     6.386358e+02
  3.3300e+02     6.378966e+02
  3.3320e+02     6.371811e+02
  3.3340e+02     6.364893e+02
  3.3360e+02     6.358211e+02
  3.3380e+02     6.351764e+02
  3.3400e+02     6.345550e+02
  3.3420e+02     6.339570e+02
  3.3440e+02     6.333822e+02
  3.3460e+02     6.328306e+02
  3.3480e+02     6.323020e+02
  3.3500e+02     6.317965e+02
  3.3520e+02     6.313138e+02
  3.3540e+02     6.308540e+02
  3.3560e+02     6.304169e+02
  3.3580e+02     6.300026e+02
  3.3600e+02     6.296108e+02
  3.3620e+02     6.292416e+02
  3.3640e+02     6.288949e+02
  3.3660e+02     6.285707e+02
  3.3680e+02     6.282688e+02
  3.3700e+02     6.279892e+02
  3.3720e+02     6.277318e+02
  3.3740e+02     6.274966e+02
  3.3760e+02     6.272836e+02
  3.3780e+02     6.270926e+02
  3.3800e+02     6.269237e+02
  3.3820e+02     6.267767e+02
  3.3840e+02     6.266517e+02
  3.3860e+02     6.265485e+02
  3.3880e+02     6.264672e+02
  3.3900e+02     6.264076e+02
  3.3920e+02     6.263698e+02
  3.3940e+02     6.263537e+02
  3.3960e+02     6.263593e+02
  3.3980e+02     6.263864e+02
  3.4000e+02     6.264352e+02
  3.4020e+02     6.265056e+02
  3.4040e+02     6.265974e+02
  3.4060e+02     6.267107e+02
  3.4080e+02     6.268455e+02
  3.4100e+02     6.270018e+02
  3.4120e+02     6.271794e+02
  3.4140e+02     6.273784e+02
  3.4160e+02     6.275988e+02
  3.4180e+02     6.278405e+02
  3.4200e+02     6.281035e+02
  3.4220e+02     6.283878e+02
  3.4240e+02     6.286934e+02
  3.4260e+02     6.290203e+02
  3.4280e+02     6.293684e+02
  3.4300e+02     6.297377e+02
  3.4320e+02     6.301282e+02
  3.4340e+02     6.305400e+02
  3.4360e+02     6.309729e+02
  3.4380e+02     6.314270e+02
  3.4400e+02     6.319024e+02
  3.4420e+02     6.323989e+02
  3.4440e+02     6.329165e+02
  3.4460e+02     6.334554e+02
  3.4480e+02     6.340154e+02
  3.4500e+02     6.345966e+02
  3.4520e+02     6.351989e+02
  3.4540e+02     6.358225e+02
  3.4560e+02     6.364672e+02
  3.4580e+02     6.371331e+02
  3.4600e+02     6.378202e+02
  3.4620e+02     6.385285e+02
  3.4640e+02     6.392580e+02
  3.4660e+02     6.400088e+02
  3.4680e+02     6.407807e+02
  3.4700e+02     6.415740e+02
  3.4720e+02     6.423885e+02
  3.4740e+02     6.432242e+02
  3.4760e+02     6.440813e+02
  3.4780e+02     6.449597e+02
  3.4800e+02     6.458594e+02
  3.4820e+02     6.467805e+02
  3.4840e+02     6.477229e+02
  3.4860e+02     6.486868e+02
  3.4880e+02     6.496721e+02
  3.4900e+02     6.506788e+02
  3.4920e+02     6.517070e+02
  3.4940e+02     6.527567e+02
  3.4960e+02     6.538279e+02
  3.4980e+02     6.549208e+02
  3.5000e+02     6.560352e+02
  3.5020e+02     6.571712e+02
  3.5040e+02     6.583289e+02
  3.5060e+02     6.595083e+02
  3.5080e+02     6.607094e+02
  3.5100e+02     6.619323e+02
  3.5120e+02     6.631770e+02
  3.5140e+02     6.644435e+02
  3.5160e+02     6.657319e+02
  3.5180e+02     6.670423e+02
  3.5200e+02     6.683746e+02
  3.5220e+02     6.697289e+02
  3.5240e+02     6.711053e+02
  3.5260e+02     6.725037e+02
  3.5280e+02     6.739243e+02
  3.5300e+02     6.753671e+02
  3.5320e+02     6.768322e+02
  3.5340e+02     6.783195e+02
  3.5360e+02     6.798291e+02
  3.5380e+02     6.813611e+02
  3.5400e+02     6.829156e+02
  3.5420e+02     6.844925e+02
  3.5440e+02     6.860920e+02
  3.5460e+02     6.877141e+02
  3.5480e+02     6.893588e+02
  3.5500e+02     6.910262e+02
  3.5520e+02     6.927163e+02
  3.5540e+02     6.944293e+02
  3.5560e+02     6.961651e+02
  3.5580e+02     6.979239e+02
  3.5600e+02     6.997056e+02
  3.5620e+02     7.015104e+02
  3.5640e+02     7.033382e+02
  3.5660e+02     7.051893e+02
  3.5680e+02     7.070635e+02
  3.5700e+02     7.089611e+02
  3.5720e+02     7.108820e+02
  3.5740e+02     7.128263e+02
  3.5760e+02     7.147940e+02
  3.5780e+02     7.167854e+02
  3.5800e+02     7.188003e+02
  3.5820e+02     7.208388e+02
  3.5840e+02     7.229011e+02
  3.5860e+02     7.249872e+02
  3.5880e+02     7.270972e+02
  3.5900e+02     7.292311e+02
  3.5920e+02     7.313890e+02
  3.5940e+02     7.335709e+02
  3.5960e+02     7.357770e+02
  3.5980e+02     7.380073e+02
