# Epidemic | 7 days incidence [ x-unit: days | y-unit: per 100000 ]
  0.0000e+00     3.618006e+02
  2.0000e-01     3.596343e+02
  4.0000e-01     3.575027e+02
  6.0000e-01     3.554054e+02
  8.0000e-01     3.533418e+02
  1.0000e+00     3.513116e+02
  1.2000e+00     3.493143e+02
  1.4000e+00     3.473495e+02
  1.6000e+00     3.454167e+02
  1.8000e+00     3.435155e+02
  2.0000e+00     3.416455e+02
  2.2000e+00     3.398063e+02
  2.4000e+00     3.379975e+02
  2.6000e+00     3.362187e+02
  2.8000e+00     3.344695e+02
  3.0000e+00     3.327496e+02
  3.2000e+00     3.310585e+02
  3.4000e+00     3.293959e+02
  3.6000e+00     3.277615e+02
  3.8000e+00     3.261549e+02
  4.0000e+00     3.245757e+02
  4.2000e+00     3.230237e+02
  4.4000e+00     3.214984e+02
  4.6000e+00     3.199996e+02
  4.8000e+00     3.185270e+02
  5.0000e+00     3.170801e+02
  5.2000e+00     3.156588e+02
  5.4000e+00     3.142627e+02
  5.6000e+00     3.128915e+02
  5.8000e+00     3.115449e+02
  6.0000e+00     3.102227e+02
  6.2000e+00     3.089245e+02
  6.4000e+00     3.076501e+02
  6.6000e+00     3.063993e+02
  6.8000e+00     3.051717e+02
  7.0000e+00     3.039671e+02
  7.2000e+00     3.031131e+02
  7.4000e+00     3.023058e+02
  7.6000e+00     3.015082e+02
  7.8000e+00     3.007202e+02
  8.0000e+00     2.999418e+02
  8.2000e+00     2.991729e+02
  8.4000e+00     2.984136e+02
  8.6000e+00     2.976638e+02
  8.8000e+00     2.969235e+02
  9.0000e+00     2.961927e+02
  9.2000e+00     2.954714e+02
  9.4000e+00     2.947595e+02
  9.6000e+00     2.940571e+02
  9.8000e+00     2.933640e+02
  1.0000e+01     2.926803e+02
  1.0200e+01     2.920060e+02
  1.0400e+01     2.913410e+02
  1.0600e+01     2.906853e+02
  1.0800e+01     2.900388e+02
  1.1000e+01     2.894016e+02
  1.1200e+01     2.887736e+02
  1.1400e+01     2.881549e+02
  1.1600e+01     2.875452e+02
  1.1800e+01     2.869447e+02
  1.2000e+01     2.863533e+02
  1.2200e+01     2.857710e+02
  1.2400e+01     2.851977e+02
  1.2600e+01     2.846334e+02
  1.2800e+01     2.840782e+02
  1.3000e+01     2.835319e+02
  1.3200e+01     2.829945e+02
  1.3400e+01     2.824660e+02
  1.3600e+01     2.819463e+02
  1.3800e+01     2.814355e+02
  1.4000e+01     2.809336e+02
  1.4200e+01     2.804403e+02
  1.4400e+01     2.799559e+02
  1.4600e+01     2.794801e+02
  1.4800e+01     2.790130e+02
  1.5000e+01     2.785546e+02
  1.5200e+01     2.781048e+02
  1.5400e+01     2.776636e+02
  1.5600e+01     2.772309e+02
  1.5800e+01     2.768068e+02
  1.6000e+01     2.763912e+02
  1.6200e+01     2.759840e+02
  1.6400e+01     2.755852e+02
  1.6600e+01     2.751949e+02
  1.6800e+01     2.748129e+02
  1.7000e+01     2.744393e+02
  1.7200e+01     2.740739e+02
  1.7400e+01     2.737169e+02
  1.7600e+01     2.733681e+02
  1.7800e+01     2.730275e+02
  1.8000e+01     2.726951e+02
  1.8200e+01     2.723708e+02
  1.8400e+01     2.720547e+02
  1.8600e+01     2.717467e+02
  1.8800e+01     2.714467e+02
  1.9000e+01     2.711548e+02
  1.9200e+01     2.708708e+02
  1.9400e+01     2.705949e+02
  1.9600e+01     2.703268e+02
  1.9800e+01     2.700667e+02
  2.0000e+01     2.698145e+02
  2.0200e+01     2.695701e+02
  2.0400e+01     2.693336e+02
  2.0600e+01     2.691048e+02
  2.0800e+01     2.688839e+02
  2.1000e+01     2.686706e+02
  2.1200e+01     2.684315e+02
  2.1400e+01     2.682032e+02
  2.1600e+01     2.679898e+02
  2.1800e+01     2.677911e+02
  2.2000e+01     2.676071e+02
  2.2200e+01     2.674378e+02
  2.2400e+01     2.672830e+02
  2.2600e+01     2.671428e+02
  2.2800e+01     2.670171e+02
  2.3000e+01     2.669058e+02
  2.3200e+01     2.668088e+02
  2.3400e+01     2.667262e+02
  2.3600e+01     2.666579e+02
  2.3800e+01     2.666039e+02
  2.4000e+01     2.665640e+02
  2.4200e+01     2.665383e+02
  2.4400e+01     2.665268e+02
  2.4600e+01     2.665293e+02
  2.4800e+01     2.665459e+02
  2.5000e+01     2.665766e+02
  2.5200e+01     2.666212e+02
  2.5400e+01     2.666799e+02
  2.5600e+01     2.667525e+02
  2.5800e+01     2.668391e+02
  2.6000e+01     2.669396e+02
  2.6200e+01     2.670540e+02
  2.6400e+01     2.671823e+02
  2.6600e+01     2.673245e+02
  2.6800e+01     2.674806e+02
  2.7000e+01     2.676505e+02
  2.7200e+01     2.678343e+02
  2.7400e+01     2.680320e+02
  2.7600e+01     2.682435e+02
  2.7800e+01     2.684688e+02
  2.8000e+01     2.687080e+02
  2.8200e+01     2.689611e+02
  2.8400e+01     2.692280e+02
  2.8600e+01     2.695088e+02
  2.8800e+01     2.698035e+02
  2.9000e+01     2.701121e+02
  2.9200e+01     2.704346e+02
  2.9400e+01     2.707710e+02
  2.9600e+01     2.711213e+02
  2.9800e+01     2.714856e+02
  3.0000e+01     2.718638e+02
  3.0200e+01     2.722561e+02
  3.0400e+01     2.726624e+02
  3.0600e+01     2.730827e+02
  3.0800e+01     2.735171e+02
  3.1000e+01     2.739656e+02
  3.1200e+01     2.744282e+02
  3.1400e+01     2.749051e+02
  3.1600e+01     2.753961e+02
  3.1800e+01     2.759014e+02
  3.2000e+01     2.764209e+02
  3.2200e+01     2.769548e+02
  3.2400e+01     2.775030e+02
  3.2600e+01     2.780657e+02
  3.2800e+01     2.786428e+02
  3.3000e+01     2.792345e+02
  3.3200e+01     2.798407e+02
  3.3400e+01     2.804615e+02
  3.3600e+01     2.810970e+02
  3.3800e+01     2.817472e+02
  3.4000e+01     2.824121e+02
  3.4200e+01     2.830920e+02
  3.4400e+01     2.837867e+02
  3.4600e+01     2.844964e+02
  3.4800e+01     2.852211e+02
  3.5000e+01     2.859609e+02
  3.5200e+01     2.867159e+02
  3.5400e+01     2.874862e+02
  3.5600e+01     2.882717e+02
  3.5800e+01     2.890726e+02
  3.6000e+01     2.898890e+02
  3.6200e+01     2.907210e+02
  3.6400e+01     2.915686e+02
  3.6600e+01     2.924318e+02
  3.6800e+01     2.933109e+02
  3.7000e+01     2.942059e+02
  3.7200e+01     2.951168e+02
  3.7400e+01     2.960437e+02
  3.7600e+01     2.969869e+02
  3.7800e+01     2.979462e+02
  3.8000e+01     2.989220e+02
  3.8200e+01     2.999141e+02
  3.8400e+01     3.009228e+02
  3.8600e+01     3.019481e+02
  3.8800e+01     3.029902e+02
  3.9000e+01     3.040492e+02
  3.9200e+01     3.051251e+02
  3.9400e+01     3.062180e+02
  3.9600e+01     3.073282e+02
  3.9800e+01     3.084556e+02
  4.0000e+01     3.096005e+02
  4.0200e+01     3.107629e+02
  4.0400e+01     3.119430e+02
  4.0600e+01     3.131408e+02
  4.0800e+01     3.143565e+02
  4.1000e+01     3.155903e+02
  4.1200e+01     3.168422e+02
  4.1400e+01     3.181125e+02
  4.1600e+01     3.194011e+02
  4.1800e+01     3.207083e+02
  4.2000e+01     3.220342e+02
  4.2200e+01     3.233789e+02
  4.2400e+01     3.247426e+02
  4.2600e+01     3.261254e+02
  4.2800e+01     3.275275e+02
  4.3000e+01     3.289491e+02
  4.3200e+01     3.303902e+02
  4.3400e+01     3.318510e+02
  4.3600e+01     3.333316e+02
  4.3800e+01     3.348324e+02
  4.4000e+01     3.363533e+02
  4.4200e+01     3.378946e+02
  4.4400e+01     3.394564e+02
  4.4600e+01     3.410388e+02
  4.4800e+01     3.426422e+02
  4.5000e+01     3.442665e+02
  4.5200e+01     3.459121e+02
  4.5400e+01     3.475791e+02
  4.5600e+01     3.492676e+02
  4.5800e+01     3.509778e+02
  4.6000e+01     3.527100e+02
  4.6200e+01     3.544643e+02
  4.6400e+01     3.562409e+02
  4.6600e+01     3.580400e+02
  4.6800e+01     3.598617e+02
  4.7000e+01     3.617063e+02
  4.7200e+01     3.635740e+02
  4.7400e+01     3.654650e+02
  4.7600e+01     3.673795e+02
  4.7800e+01     3.693176e+02
  4.8000e+01     3.712797e+02
  4.8200e+01     3.732658e+02
  4.8400e+01     3.752763e+02
  4.8600e+01     3.773113e+02
  4.8800e+01     3.793710e+02
  4.9000e+01     3.814558e+02
  4.9200e+01     3.835657e+02
  4.9400e+01     3.857011e+02
  4.9600e+01     3.878621e+02
  4.9800e+01     3.900490e+02
  5.0000e+01     3.922620e+02
  5.0200e+01     3.945013e+02
  5.0400e+01     3.967673e+02
  5.0600e+01     3.990601e+02
  5.0800e+01     4.013800e+02
  5.1000e+01     4.037273e+02
  5.1200e+01     4.061021e+02
  5.1400e+01     4.085047e+02
  5.1600e+01     4.109355e+02
  5.1800e+01     4.133946e+02
  5.2000e+01     4.158823e+02
  5.2200e+01     4.183989e+02
  5.2400e+01     4.209447e+02
  5.2600e+01     4.235199e+02
  5.2800e+01     4.261247e+02
  5.3000e+01     4.287596e+02
  5.3200e+01     4.314247e+02
  5.3400e+01     4.341203e+02
  5.3600e+01     4.368467e+02
  5.3800e+01     4.396042e+02
  5.4000e+01     4.423931e+02
  5.4200e+01     4.452138e+02
  5.4400e+01     4.480663e+02
  5.4600e+01     4.509512e+02
  5.4800e+01     4.538686e+02
  5.5000e+01     4.568190e+02
  5.5200e+01     4.598025e+02
  5.5400e+01     4.628195e+02
  5.5600e+01     4.658703e+02
  5.5800e+01     4.689553e+02
  5.6000e+01     4.720747e+02
  5.6200e+01     4.752289e+02
  5.6400e+01     4.784182e+02
  5.6600e+01     4.816429e+02
  5.6800e+01     4.849034e+02
  5.7000e+01     4.882000e+02
  5.7200e+01     4.915330e+02
  5.7400e+01     4.949027e+02
  5.7600e+01     4.983096e+02
  5.7800e+01     5.017539e+02
  5.8000e+01     5.052360e+02
  5.8200e+01     5.087562e+02
  5.8400e+01     5.123150e+02
  5.8600e+01     5.159126e+02
  5.8800e+01     5.195494e+02
  5.9000e+01     5.232259e+02
  5.9200e+01     5.269422e+02
  5.9400e+01     5.306989e+02
  5.9600e+01     5.344962e+02
  5.9800e+01     5.383346e+02
  6.0000e+01     5.422144e+02
  6.0200e+01     5.461360e+02
  6.0400e+01     5.500998e+02
  6.0600e+01     5.541061e+02
  6.0800e+01     5.581555e+02
  6.1000e+01     5.622481e+02
  6.1200e+01     5.663845e+02
  6.1400e+01     5.705650e+02
  6.1600e+01     5.747900e+02
  6.1800e+01     5.790599e+02
  6.2000e+01     5.833751e+02
  6.2200e+01     5.877360e+02
  6.2400e+01     5.921431e+02
  6.2600e+01     5.965967e+02
  6.2800e+01     6.010972e+02
  6.3000e+01     6.056450e+02
  6.3200e+01     6.102406e+02
  6.3400e+01     6.148844e+02
  6.3600e+01     6.195768e+02
  6.3800e+01     6.243181e+02
  6.4000e+01     6.291089e+02
  6.4200e+01     6.339495e+02
  6.4400e+01     6.388404e+02
  6.4600e+01     6.437820e+02
  6.4800e+01     6.487747e+02
  6.5000e+01     6.538189e+02
  6.5200e+01     6.589152e+02
  6.5400e+01     6.640638e+02
  6.5600e+01     6.692652e+02
  6.5800e+01     6.745200e+02
  6.6000e+01     6.798284e+02
  6.6200e+01     6.851909e+02
  6.6400e+01     6.906081e+02
  6.6600e+01     6.960802e+02
  6.6800e+01     7.016078e+02
  6.7000e+01     7.071912e+02
  6.7200e+01     7.128310e+02
  6.7400e+01     7.185275e+02
  6.7600e+01     7.242812e+02
  6.7800e+01     7.300926e+02
  6.8000e+01     7.359620e+02
  6.8200e+01     7.418899e+02
  6.8400e+01     7.478767e+02
  6.8600e+01     7.539229e+02
  6.8800e+01     7.600289e+02
  6.9000e+01     7.661952e+02
  6.9200e+01     7.724221e+02
  6.9400e+01     7.787101e+02
  6.9600e+01     7.850597e+02
  6.9800e+01     7.914712e+02
  7.0000e+01     7.979452e+02
  7.0200e+01     8.044819e+02
  7.0400e+01     8.110819e+02
  7.0600e+01     8.177455e+02
  7.0800e+01     8.244732e+02
  7.1000e+01     8.312654e+02
  7.1200e+01     8.381225e+02
  7.1400e+01     8.450450e+02
  7.1600e+01     8.520331e+02
  7.1800e+01     8.590874e+02
  7.2000e+01     8.662082e+02
  7.2200e+01     8.733959e+02
  7.2400e+01     8.806509e+02
  7.2600e+01     8.879737e+02
  7.2800e+01     8.953644e+02
  7.3000e+01     9.028237e+02
  7.3200e+01     9.103518e+02
  7.3400e+01     9.179490e+02
  7.3600e+01     9.256158e+02
  7.3800e+01     9.333526e+02
  7.4000e+01     9.411595e+02
  7.4200e+01     9.490371e+02
  7.4400e+01     9.569856e+02
  7.4600e+01     9.650053e+02
  7.4800e+01     9.730966e+02
  7.5000e+01     9.812598e+02
  7.5200e+01     9.894951e+02
  7.5400e+01     9.978030e+02
  7.5600e+01     1.006183e+03
  7.5800e+01     1.014637e+03
  7.6000e+01     1.023164e+03
  7.6200e+01     1.031764e+03
  7.6400e+01     1.040439e+03
  7.6600e+01     1.049187e+03
  7.6800e+01     1.058010e+03
  7.7000e+01     1.066907e+03
  7.7200e+01     1.075878e+03
  7.7400e+01     1.084925e+03
  7.7600e+01     1.094047e+03
  7.7800e+01     1.103244e+03
  7.8000e+01     1.112516e+03
  7.8200e+01     1.121863e+03
  7.8400e+01     1.131287e+03
  7.8600e+01     1.140786e+03
  7.8800e+01     1.150361e+03
  7.9000e+01     1.160011e+03
  7.9200e+01     1.169738e+03
  7.9400e+01     1.179541e+03
  7.9600e+01     1.189419e+03
  7.9800e+01     1.199374e+03
  8.0000e+01     1.209404e+03
  8.0200e+01     1.219511e+03
  8.0400e+01     1.229693e+03
  8.0600e+01     1.239952e+03
  8.0800e+01     1.250286e+03
  8.1000e+01     1.260695e+03
  8.1200e+01     1.271181e+03
  8.1400e+01     1.281741e+03
  8.1600e+01     1.292377e+03
  8.1800e+01     1.303088e+03
  8.2000e+01     1.313873e+03
  8.2200e+01     1.324733e+03
  8.2400e+01     1.335667e+03
  8.2600e+01     1.346676e+03
  8.2800e+01     1.357758e+03
  8.3000e+01     1.368913e+03
  8.3200e+01     1.380141e+03
  8.3400e+01     1.391441e+03
  8.3600e+01     1.402814e+03
  8.3800e+01     1.414258e+03
  8.4000e+01     1.425774e+03
  8.4200e+01     1.437360e+03
  8.4400e+01     1.449016e+03
  8.4600e+01     1.460741e+03
  8.4800e+01     1.472536e+03
  8.5000e+01     1.484399e+03
  8.5200e+01     1.496329e+03
  8.5400e+01     1.508327e+03
  8.5600e+01     1.520390e+03
  8.5800e+01     1.532519e+03
  8.6000e+01     1.544712e+03
  8.6200e+01     1.556969e+03
  8.6400e+01     1.569289e+03
  8.6600e+01     1.581671e+03
  8.6800e+01     1.594114e+03
  8.7000e+01     1.606617e+03
  8.7200e+01     1.619179e+03
  8.7400e+01     1.631799e+03
  8.7600e+01     1.644475e+03
  8.7800e+01     1.657208e+03
  8.8000e+01     1.669994e+03
  8.8200e+01     1.682835e+03
  8.8400e+01     1.695727e+03
  8.8600e+01     1.708669e+03
  8.8800e+01     1.721662e+03
  8.9000e+01     1.734702e+03
  8.9200e+01     1.747788e+03
  8.9400e+01     1.760920e+03
  8.9600e+01     1.774096e+03
  8.9800e+01     1.787313e+03
  9.0000e+01     1.800571e+03
  9.0200e+01     1.813867e+03
  9.0400e+01     1.827201e+03
  9.0600e+01     1.840569e+03
  9.0800e+01     1.853972e+03
  9.1000e+01     1.867406e+03
  9.1200e+01     1.880870e+03
  9.1400e+01     1.894361e+03
  9.1600e+01     1.907879e+03
  9.1800e+01     1.921421e+03
  9.2000e+01     1.934984e+03
  9.2200e+01     1.948568e+03
  9.2400e+01     1.962169e+03
  9.2600e+01     1.975785e+03
  9.2800e+01     1.989414e+03
  9.3000e+01     2.003055e+03
  9.3200e+01     2.016704e+03
  9.3400e+01     2.030359e+03
  9.3600e+01     2.044018e+03
  9.3800e+01     2.057678e+03
  9.4000e+01     2.071337e+03
  9.4200e+01     2.084992e+03
  9.4400e+01     2.098640e+03
  9.4600e+01     2.112280e+03
  9.4800e+01     2.125907e+03
  9.5000e+01     2.139520e+03
  9.5200e+01     2.153116e+03
  9.5400e+01     2.166691e+03
  9.5600e+01     2.180244e+03
  9.5800e+01     2.193770e+03
  9.6000e+01     2.207268e+03
  9.6200e+01     2.220734e+03
  9.6400e+01     2.234164e+03
  9.6600e+01     2.247557e+03
  9.6800e+01     2.260908e+03
  9.7000e+01     2.274215e+03
  9.7200e+01     2.287475e+03
  9.7400e+01     2.300684e+03
  9.7600e+01     2.313839e+03
  9.7800e+01     2.326936e+03
  9.8000e+01     2.339973e+03
  9.8200e+01     2.352946e+03
  9.8400e+01     2.365851e+03
  9.8600e+01     2.378686e+03
  9.8800e+01     2.391446e+03
  9.9000e+01     2.404128e+03
  9.9200e+01     2.416730e+03
  9.9400e+01     2.429246e+03
  9.9600e+01     2.441675e+03
  9.9800e+01     2.454011e+03
  1.0000e+02     2.466252e+03
  1.0020e+02     2.478394e+03
  1.0040e+02     2.490433e+03
  1.0060e+02     2.502365e+03
  1.0080e+02     2.514188e+03
  1.0100e+02     2.525898e+03
  1.0120e+02     2.537490e+03
  1.0140e+02     2.548961e+03
  1.0160e+02     2.560307e+03
  1.0180e+02     2.571525e+03
  1.0200e+02     2.582611e+03
  1.0220e+02     2.593562e+03
  1.0240e+02     2.604373e+03
  1.0260e+02     2.615042e+03
  1.0280e+02     2.625564e+03
  1.0300e+02     2.635935e+03
  1.0320e+02     2.646153e+03
  1.0340e+02     2.656213e+03
  1.0360e+02     2.666112e+03
  1.0380e+02     2.675847e+03
  1.0400e+02     2.685414e+03
  1.0420e+02     2.694808e+03
  1.0440e+02     2.704028e+03
  1.0460e+02     2.713069e+03
  1.0480e+02     2.721928e+03
  1.0500e+02     2.730601e+03
  1.0520e+02     2.739086e+03
  1.0540e+02     2.747379e+03
  1.0560e+02     2.755476e+03
  1.0580e+02     2.763375e+03
  1.0600e+02     2.771071e+03
  1.0620e+02     2.778563e+03
  1.0640e+02     2.785847e+03
  1.0660e+02     2.792920e+03
  1.0680e+02     2.799779e+03
  1.0700e+02     2.806421e+03
  1.0720e+02     2.812843e+03
  1.0740e+02     2.819043e+03
  1.0760e+02     2.825018e+03
  1.0780e+02     2.830765e+03
  1.0800e+02     2.836281e+03
  1.0820e+02     2.841565e+03
  1.0840e+02     2.846613e+03
  1.0860e+02     2.851424e+03
  1.0880e+02     2.855995e+03
  1.0900e+02     2.860324e+03
  1.0920e+02     2.864409e+03
  1.0940e+02     2.868248e+03
  1.0960e+02     2.871839e+03
  1.0980e+02     2.875180e+03
  1.1000e+02     2.878270e+03
  1.1020e+02     2.881107e+03
  1.1040e+02     2.883689e+03
  1.1060e+02     2.886016e+03
  1.1080e+02     2.888085e+03
  1.1100e+02     2.889895e+03
  1.1120e+02     2.891446e+03
  1.1140e+02     2.892736e+03
  1.1160e+02     2.893765e+03
  1.1180e+02     2.894532e+03
  1.1200e+02     2.895035e+03
  1.1220e+02     2.895275e+03
  1.1240e+02     2.895251e+03
  1.1260e+02     2.894963e+03
  1.1280e+02     2.894410e+03
  1.1300e+02     2.893592e+03
  1.1320e+02     2.892510e+03
  1.1340e+02     2.891163e+03
  1.1360e+02     2.889551e+03
  1.1380e+02     2.887676e+03
  1.1400e+02     2.885537e+03
  1.1420e+02     2.883134e+03
  1.1440e+02     2.880470e+03
  1.1460e+02     2.877544e+03
  1.1480e+02     2.874357e+03
  1.1500e+02     2.870910e+03
  1.1520e+02     2.867205e+03
  1.1540e+02     2.863242e+03
  1.1560e+02     2.859023e+03
  1.1580e+02     2.854550e+03
  1.1600e+02     2.849824e+03
  1.1620e+02     2.844846e+03
  1.1640e+02     2.839619e+03
  1.1660e+02     2.834145e+03
  1.1680e+02     2.828424e+03
  1.1700e+02     2.822460e+03
  1.1720e+02     2.816255e+03
  1.1740e+02     2.809810e+03
  1.1760e+02     2.803129e+03
  1.1780e+02     2.796213e+03
  1.1800e+02     2.789066e+03
  1.1820e+02     2.781690e+03
  1.1840e+02     2.774088e+03
  1.1860e+02     2.766262e+03
  1.1880e+02     2.758215e+03
  1.1900e+02     2.749952e+03
  1.1920e+02     2.741473e+03
  1.1940e+02     2.732784e+03
  1.1960e+02     2.723886e+03
  1.1980e+02     2.714784e+03
  1.2000e+02     2.705481e+03
  1.2020e+02     2.695979e+03
  1.2040e+02     2.686284e+03
  1.2060e+02     2.676397e+03
  1.2080e+02     2.666324e+03
  1.2100e+02     2.656067e+03
  1.2120e+02     2.645630e+03
  1.2140e+02     2.635018e+03
  1.2160e+02     2.624233e+03
  1.2180e+02     2.613281e+03
  1.2200e+02     2.602164e+03
  1.2220e+02     2.590886e+03
  1.2240e+02     2.579453e+03
  1.2260e+02     2.567867e+03
  1.2280e+02     2.556133e+03
  1.2300e+02     2.544255e+03
  1.2320e+02     2.532237e+03
  1.2340e+02     2.520083e+03
  1.2360e+02     2.507797e+03
  1.2380e+02     2.495384e+03
  1.2400e+02     2.482848e+03
  1.2420e+02     2.470192e+03
  1.2440e+02     2.457421e+03
  1.2460e+02     2.444539e+03
  1.2480e+02     2.431551e+03
  1.2500e+02     2.418460e+03
  1.2520e+02     2.405272e+03
  1.2540e+02     2.391989e+03
  1.2560e+02     2.378616e+03
  1.2580e+02     2.365157e+03
  1.2600e+02     2.351616e+03
  1.2620e+02     2.337999e+03
  1.2640e+02     2.324307e+03
  1.2660e+02     2.310547e+03
  1.2680e+02     2.296721e+03
  1.2700e+02     2.282833e+03
  1.2720e+02     2.268889e+03
  1.2740e+02     2.254891e+03
  1.2760e+02     2.240843e+03
  1.2780e+02     2.226750e+03
  1.2800e+02     2.212616e+03
  1.2820e+02     2.198443e+03
  1.2840e+02     2.184237e+03
  1.2860e+02     2.170000e+03
  1.2880e+02     2.155736e+03
  1.2900e+02     2.141449e+03
  1.2920e+02     2.127143e+03
  1.2940e+02     2.112821e+03
  1.2960e+02     2.098486e+03
  1.2980e+02     2.084143e+03
  1.3000e+02     2.069793e+03
  1.3020e+02     2.055442e+03
  1.3040e+02     2.041091e+03
  1.3060e+02     2.026745e+03
  1.3080e+02     2.012406e+03
  1.3100e+02     1.998077e+03
  1.3120e+02     1.983762e+03
  1.3140e+02     1.969463e+03
  1.3160e+02     1.955183e+03
  1.3180e+02     1.940926e+03
  1.3200e+02     1.926694e+03
  1.3220e+02     1.912490e+03
  1.3240e+02     1.898316e+03
  1.3260e+02     1.884175e+03
  1.3280e+02     1.870070e+03
  1.3300e+02     1.856003e+03
  1.3320e+02     1.841977e+03
  1.3340e+02     1.827993e+03
  1.3360e+02     1.814055e+03
  1.3380e+02     1.800164e+03
  1.3400e+02     1.786323e+03
  1.3420e+02     1.772534e+03
  1.3440e+02     1.758799e+03
  1.3460e+02     1.745119e+03
  1.3480e+02     1.731497e+03
  1.3500e+02     1.717935e+03
  1.3520e+02     1.704434e+03
  1.3540e+02     1.690997e+03
  1.3560e+02     1.677624e+03
  1.3580e+02     1.664318e+03
  1.3600e+02     1.651081e+03
  1.3620e+02     1.637912e+03
  1.3640e+02     1.624815e+03
  1.3660e+02     1.611790e+03
  1.3680e+02     1.598839e+03
  1.3700e+02     1.585964e+03
  1.3720e+02     1.573164e+03
  1.3740e+02     1.560442e+03
  1.3760e+02     1.547799e+03
  1.3780e+02     1.535236e+03
  1.3800e+02     1.522753e+03
  1.3820e+02     1.510352e+03
  1.3840e+02     1.498034e+03
  1.3860e+02     1.485799e+03
  1.3880e+02     1.473648e+03
  1.3900e+02     1.461583e+03
  1.3920e+02     1.449603e+03
  1.3940e+02     1.437710e+03
  1.3960e+02     1.425905e+03
  1.3980e+02     1.414186e+03
  1.4000e+02     1.402557e+03
  1.4020e+02     1.391016e+03
  1.4040e+02     1.379564e+03
  1.4060e+02     1.368202e+03
  1.4080e+02     1.356930e+03
  1.4100e+02     1.345748e+03
  1.4120e+02     1.334658e+03
  1.4140e+02     1.323658e+03
  1.4160e+02     1.312750e+03
  1.4180e+02     1.301933e+03
  1.4200e+02     1.291207e+03
  1.4220e+02     1.280574e+03
  1.4240e+02     1.270032e+03
  1.4260e+02     1.259582e+03
  1.4280e+02     1.249224e+03
  1.4300e+02     1.238958e+03
  1.4320e+02     1.228784e+03
  1.4340e+02     1.218702e+03
  1.4360e+02     1.208712e+03
  1.4380e+02     1.198814e+03
  1.4400e+02     1.189007e+03
  1.4420e+02     1.179292e+03
  1.4440e+02     1.169668e+03
  1.4460e+02     1.160135e+03
  1.4480e+02     1.150693e+03
  1.4500e+02     1.141342e+03
  1.4520e+02     1.132081e+03
  1.4540e+02     1.122911e+03
  1.4560e+02     1.113830e+03
  1.4580e+02     1.104838e+03
  1.4600e+02     1.095936e+03
  1.4620e+02     1.087123e+03
  1.4640e+02     1.078398e+03
  1.4660e+02     1.069761e+03
  1.4680e+02     1.061212e+03
  1.4700e+02     1.052750e+03
  1.4720e+02     1.044375e+03
  1.4740e+02     1.036087e+03
  1.4760e+02     1.027884e+03
  1.4780e+02     1.019767e+03
  1.4800e+02     1.011735e+03
  1.4820e+02     1.003788e+03
  1.4840e+02     9.959247e+02
  1.4860e+02     9.881449e+02
  1.4880e+02     9.804481e+02
  1.4900e+02     9.728338e+02
  1.4920e+02     9.653015e+02
  1.4940e+02     9.578507e+02
  1.4960e+02     9.504808e+02
  1.4980e+02     9.431912e+02
  1.5000e+02     9.359815e+02
  1.5020e+02     9.288510e+02
  1.5040e+02     9.217993e+02
  1.5060e+02     9.148256e+02
  1.5080e+02     9.079295e+02
  1.5100e+02     9.011103e+02
  1.5120e+02     8.943675e+02
  1.5140e+02     8.877005e+02
  1.5160e+02     8.811088e+02
  1.5180e+02     8.745916e+02
  1.5200e+02     8.681484e+02
  1.5220e+02     8.617787e+02
  1.5240e+02     8.554818e+02
  1.5260e+02     8.492571e+02
  1.5280e+02     8.431041e+02
  1.5300e+02     8.370220e+02
  1.5320e+02     8.310104e+02
  1.5340e+02     8.250687e+02
  1.5360e+02     8.191961e+02
  1.5380e+02     8.133922e+02
  1.5400e+02     8.076563e+02
  1.5420e+02     8.019878e+02
  1.5440e+02     7.963861e+02
  1.5460e+02     7.908507e+02
  1.5480e+02     7.853809e+02
  1.5500e+02     7.799761e+02
  1.5520e+02     7.746358e+02
  1.5540e+02     7.693593e+02
  1.5560e+02     7.641461e+02
  1.5580e+02     7.589955e+02
  1.5600e+02     7.539071e+02
  1.5620e+02     7.488802e+02
  1.5640e+02     7.439142e+02
  1.5660e+02     7.390085e+02
  1.5680e+02     7.341627e+02
  1.5700e+02     7.293760e+02
  1.5720e+02     7.246481e+02
  1.5740e+02     7.199782e+02
  1.5760e+02     7.153658e+02
  1.5780e+02     7.108104e+02
  1.5800e+02     7.063114e+02
  1.5820e+02     7.018683e+02
  1.5840e+02     6.974805e+02
  1.5860e+02     6.931475e+02
  1.5880e+02     6.888687e+02
  1.5900e+02     6.846436e+02
  1.5920e+02     6.804718e+02
  1.5940e+02     6.763526e+02
  1.5960e+02     6.722855e+02
  1.5980e+02     6.682700e+02
  1.6000e+02     6.643057e+02
  1.6020e+02     6.603920e+02
  1.6040e+02     6.565283e+02
  1.6060e+02     6.527143e+02
  1.6080e+02     6.489494e+02
  1.6100e+02     6.452331e+02
  1.6120e+02     6.415649e+02
  1.6140e+02     6.379444e+02
  1.6160e+02     6.343710e+02
  1.6180e+02     6.308444e+02
  1.6200e+02     6.273640e+02
  1.6220e+02     6.239293e+02
  1.6240e+02     6.205400e+02
  1.6260e+02     6.171956e+02
  1.6280e+02     6.138956e+02
  1.6300e+02     6.106395e+02
  1.6320e+02     6.074270e+02
  1.6340e+02     6.042576e+02
  1.6360e+02     6.011309e+02
  1.6380e+02     5.980464e+02
  1.6400e+02     5.950037e+02
  1.6420e+02     5.920025e+02
  1.6440e+02     5.890422e+02
  1.6460e+02     5.861226e+02
  1.6480e+02     5.832432e+02
  1.6500e+02     5.804035e+02
  1.6520e+02     5.776033e+02
  1.6540e+02     5.748421e+02
  1.6560e+02     5.721196e+02
  1.6580e+02     5.694353e+02
  1.6600e+02     5.667889e+02
  1.6620e+02     5.641800e+02
  1.6640e+02     5.616083e+02
  1.6660e+02     5.590734e+02
  1.6680e+02     5.565749e+02
  1.6700e+02     5.541125e+02
  1.6720e+02     5.516859e+02
  1.6740e+02     5.492947e+02
  1.6760e+02     5.469385e+02
  1.6780e+02     5.446171e+02
  1.6800e+02     5.423301e+02
  1.6820e+02     5.400772e+02
  1.6840e+02     5.378580e+02
  1.6860e+02     5.356723e+02
  1.6880e+02     5.335197e+02
  1.6900e+02     5.314000e+02
  1.6920e+02     5.293128e+02
  1.6940e+02     5.272578e+02
  1.6960e+02     5.252348e+02
  1.6980e+02     5.232434e+02
  1.7000e+02     5.212833e+02
  1.7020e+02     5.193544e+02
  1.7040e+02     5.174562e+02
  1.7060e+02     5.155886e+02
  1.7080e+02     5.137512e+02
  1.7100e+02     5.119438e+02
  1.7120e+02     5.101662e+02
  1.7140e+02     5.084180e+02
  1.7160e+02     5.066990e+02
  1.7180e+02     5.050091e+02
  1.7200e+02     5.033478e+02
  1.7220e+02     5.017150e+02
  1.7240e+02     5.001104e+02
  1.7260e+02     4.985338e+02
  1.7280e+02     4.969850e+02
  1.7300e+02     4.954638e+02
  1.7320e+02     4.939699e+02
  1.7340e+02     4.925030e+02
  1.7360e+02     4.910631e+02
  1.7380e+02     4.896498e+02
  1.7400e+02     4.882629e+02
  1.7420e+02     4.869023e+02
  1.7440e+02     4.855678e+02
  1.7460e+02     4.842590e+02
  1.7480e+02     4.829760e+02
  1.7500e+02     4.817184e+02
  1.7520e+02     4.804860e+02
  1.7540e+02     4.792788e+02
  1.7560e+02     4.780964e+02
  1.7580e+02     4.769387e+02
  1.7600e+02     4.758056e+02
  1.7620e+02     4.746968e+02
  1.7640e+02     4.736122e+02
  1.7660e+02     4.725517e+02
  1.7680e+02     4.715150e+02
  1.7700e+02     4.705019e+02
  1.7720e+02     4.695125e+02
  1.7740e+02     4.685464e+02
  1.7760e+02     4.676035e+02
  1.7780e+02     4.666838e+02
  1.7800e+02     4.657869e+02
  1.7820e+02     4.649129e+02
  1.7840e+02     4.640615e+02
  1.7860e+02     4.632326e+02
  1.7880e+02     4.624261e+02
  1.7900e+02     4.616418e+02
  1.7920e+02     4.608796e+02
  1.7940e+02     4.601394e+02
  1.7960e+02     4.594211e+02
  1.7980e+02     4.587246e+02
  1.8000e+02     4.580496e+02
  1.8020e+02     4.573962e+02
  1.8040e+02     4.567641e+02
  1.8060e+02     4.561534e+02
  1.8080e+02     4.555638e+02
  1.8100e+02     4.549953e+02
  1.8120e+02     4.544477e+02
  1.8140e+02     4.539210e+02
  1.8160e+02     4.534151e+02
  1.8180e+02     4.529299e+02
  1.8200e+02     4.524652e+02
  1.8220e+02     4.520211e+02
  1.8240e+02     4.515973e+02
  1.8260e+02     4.511938e+02
  1.8280e+02     4.508106e+02
  1.8300e+02     4.504475e+02
  1.8320e+02     4.501045e+02
  1.8340e+02     4.497815e+02
  1.8360e+02     4.494784e+02
  1.8380e+02     4.491952e+02
  1.8400e+02     4.489318e+02
  1.8420e+02     4.486880e+02
  1.8440e+02     4.484640e+02
  1.8460e+02     4.482595e+02
  1.8480e+02     4.480745e+02
  1.8500e+02     4.479090e+02
  1.8520e+02     4.477630e+02
  1.8540e+02     4.476362e+02
  1.8560e+02     4.475288e+02
  1.8580e+02     4.474407e+02
  1.8600e+02     4.473718e+02
  1.8620e+02     4.473220e+02
  1.8640e+02     4.472914e+02
  1.8660e+02     4.472798e+02
  1.8680e+02     4.472873e+02
  1.8700e+02     4.473138e+02
  1.8720e+02     4.473593e+02
  1.8740e+02     4.474237e+02
  1.8760e+02     4.475071e+02
  1.8780e+02     4.476093e+02
  1.8800e+02     4.477304e+02
  1.8820e+02     4.478703e+02
  1.8840e+02     4.480290e+02
  1.8860e+02     4.482065e+02
  1.8880e+02     4.484028e+02
  1.8900e+02     4.486178e+02
  1.8920e+02     4.488516e+02
  1.8940e+02     4.491041e+02
  1.8960e+02     4.493753e+02
  1.8980e+02     4.496652e+02
  1.9000e+02     4.499738e+02
  1.9020e+02     4.503012e+02
  1.9040e+02     4.506472e+02
  1.9060e+02     4.510119e+02
  1.9080e+02     4.513953e+02
  1.9100e+02     4.517974e+02
  1.9120e+02     4.522182e+02
  1.9140e+02     4.526577e+02
  1.9160e+02     4.531159e+02
  1.9180e+02     4.535928e+02
  1.9200e+02     4.540884e+02
  1.9220e+02     4.546028e+02
  1.9240e+02     4.551360e+02
  1.9260e+02     4.556880e+02
  1.9280e+02     4.562587e+02
  1.9300e+02     4.568483e+02
  1.9320e+02     4.574567e+02
  1.9340e+02     4.580839e+02
  1.9360e+02     4.587301e+02
  1.9380e+02     4.593952e+02
  1.9400e+02     4.600792e+02
  1.9420e+02     4.607822e+02
  1.9440e+02     4.615042e+02
  1.9460e+02     4.622452e+02
  1.9480e+02     4.630054e+02
  1.9500e+02     4.637846e+02
  1.9520e+02     4.645830e+02
  1.9540e+02     4.654007e+02
  1.9560e+02     4.662375e+02
  1.9580e+02     4.670937e+02
  1.9600e+02     4.679691e+02
  1.9620e+02     4.688640e+02
  1.9640e+02     4.697783e+02
  1.9660e+02     4.707121e+02
  1.9680e+02     4.716654e+02
  1.9700e+02     4.726383e+02
  1.9720e+02     4.736308e+02
  1.9740e+02     4.746431e+02
  1.9760e+02     4.756751e+02
  1.9780e+02     4.767269e+02
  1.9800e+02     4.777987e+02
  1.9820e+02     4.788904e+02
  1.9840e+02     4.800021e+02
  1.9860e+02     4.811339e+02
  1.9880e+02     4.822858e+02
  1.9900e+02     4.834580e+02
  1.9920e+02     4.846505e+02
  1.9940e+02     4.858633e+02
  1.9960e+02     4.870966e+02
  1.9980e+02     4.883505e+02
  2.0000e+02     4.896249e+02
  2.0020e+02     4.909200e+02
  2.0040e+02     4.922359e+02
  2.0060e+02     4.935727e+02
  2.0080e+02     4.949304e+02
  2.0100e+02     4.963091e+02
  2.0120e+02     4.977089e+02
  2.0140e+02     4.991300e+02
  2.0160e+02     5.005723e+02
  2.0180e+02     5.020360e+02
  2.0200e+02     5.035212e+02
  2.0220e+02     5.050280e+02
  2.0240e+02     5.065565e+02
  2.0260e+02     5.081067e+02
  2.0280e+02     5.096789e+02
  2.0300e+02     5.112729e+02
  2.0320e+02     5.128891e+02
  2.0340e+02     5.145275e+02
  2.0360e+02     5.161882e+02
  2.0380e+02     5.178712e+02
  2.0400e+02     5.195768e+02
  2.0420e+02     5.213050e+02
  2.0440e+02     5.230559e+02
  2.0460e+02     5.248297e+02
  2.0480e+02     5.266265e+02
  2.0500e+02     5.284463e+02
  2.0520e+02     5.302894e+02
  2.0540e+02     5.321557e+02
  2.0560e+02     5.340456e+02
  2.0580e+02     5.359589e+02
  2.0600e+02     5.378960e+02
  2.0620e+02     5.398569e+02
  2.0640e+02     5.418417e+02
  2.0660e+02     5.438506e+02
  2.0680e+02     5.458837e+02
  2.0700e+02     5.479411e+02
  2.0720e+02     5.500230e+02
  2.0740e+02     5.521295e+02
  2.0760e+02     5.542607e+02
  2.0780e+02     5.564168e+02
  2.0800e+02     5.585978e+02
  2.0820e+02     5.608041e+02
  2.0840e+02     5.630356e+02
  2.0860e+02     5.652925e+02
  2.0880e+02     5.675751e+02
  2.0900e+02     5.698833e+02
  2.0920e+02     5.722174e+02
  2.0940e+02     5.745775e+02
  2.0960e+02     5.769637e+02
  2.0980e+02     5.793762e+02
  2.1000e+02     5.818152e+02
  2.1020e+02     5.842808e+02
  2.1040e+02     5.867732e+02
  2.1060e+02     5.892924e+02
  2.1080e+02     5.918388e+02
  2.1100e+02     5.944123e+02
  2.1120e+02     5.970132e+02
  2.1140e+02     5.996417e+02
  2.1160e+02     6.022978e+02
  2.1180e+02     6.049818e+02
  2.1200e+02     6.076938e+02
  2.1220e+02     6.104340e+02
  2.1240e+02     6.132025e+02
  2.1260e+02     6.159995e+02
  2.1280e+02     6.188252e+02
  2.1300e+02     6.216797e+02
  2.1320e+02     6.245632e+02
  2.1340e+02     6.274758e+02
  2.1360e+02     6.304178e+02
  2.1380e+02     6.333893e+02
  2.1400e+02     6.363905e+02
  2.1420e+02     6.394215e+02
  2.1440e+02     6.424825e+02
  2.1460e+02     6.455736e+02
  2.1480e+02     6.486952e+02
  2.1500e+02     6.518472e+02
  2.1520e+02     6.550300e+02
  2.1540e+02     6.582436e+02
  2.1560e+02     6.614883e+02
  2.1580e+02     6.647642e+02
  2.1600e+02     6.680715e+02
  2.1620e+02     6.714103e+02
  2.1640e+02     6.747809e+02
  2.1660e+02     6.781835e+02
  2.1680e+02     6.816181e+02
  2.1700e+02     6.850850e+02
  2.1720e+02     6.885843e+02
  2.1740e+02     6.921163e+02
  2.1760e+02     6.956811e+02
  2.1780e+02     6.992789e+02
  2.1800e+02     7.029098e+02
  2.1820e+02     7.065741e+02
  2.1840e+02     7.102719e+02
  2.1860e+02     7.140033e+02
  2.1880e+02     7.177687e+02
  2.1900e+02     7.215681e+02
  2.1920e+02     7.254017e+02
  2.1940e+02     7.292696e+02
  2.1960e+02     7.331722e+02
  2.1980e+02     7.371095e+02
  2.2000e+02     7.410818e+02
  2.2020e+02     7.450891e+02
  2.2040e+02     7.491317e+02
  2.2060e+02     7.532097e+02
  2.2080e+02     7.573233e+02
  2.2100e+02     7.614727e+02
  2.2120e+02     7.656581e+02
  2.2140e+02     7.698796e+02
  2.2160e+02     7.741374e+02
  2.2180e+02     7.784316e+02
  2.2200e+02     7.827624e+02
  2.2220e+02     7.871301e+02
  2.2240e+02     7.915346e+02
  2.2260e+02     7.959763e+02
  2.2280e+02     8.004553e+02
  2.2300e+02     8.049716e+02
  2.2320e+02     8.095256e+02
  2.2340e+02     8.141173e+02
  2.2360e+02     8.187469e+02
  2.2380e+02     8.234145e+02
  2.2400e+02     8.281203e+02
  2.2420e+02     8.328645e+02
  2.2440e+02     8.376471e+02
  2.2460e+02     8.424684e+02
  2.2480e+02     8.473284e+02
  2.2500e+02     8.522273e+02
  2.2520e+02     8.571653e+02
  2.2540e+02     8.621424e+02
  2.2560e+02     8.671589e+02
  2.2580e+02     8.722148e+02
  2.2600e+02     8.773102e+02
  2.2620e+02     8.824453e+02
  2.2640e+02     8.876202e+02
  2.2660e+02     8.928350e+02
  2.2680e+02     8.980898e+02
  2.2700e+02     9.033848e+02
  2.2720e+02     9.087199e+02
  2.2740e+02     9.140954e+02
  2.2760e+02     9.195114e+02
  2.2780e+02     9.249678e+02
  2.2800e+02     9.304649e+02
  2.2820e+02     9.360026e+02
  2.2840e+02     9.415811e+02
  2.2860e+02     9.472005e+02
  2.2880e+02     9.528607e+02
  2.2900e+02     9.585620e+02
  2.2920e+02     9.643042e+02
  2.2940e+02     9.700876e+02
  2.2960e+02     9.759121e+02
  2.2980e+02     9.817778e+02
  2.3000e+02     9.876848e+02
  2.3020e+02     9.936329e+02
  2.3040e+02     9.996224e+02
  2.3060e+02     1.005653e+03
  2.3080e+02     1.011725e+03
  2.3100e+02     1.017838e+03
  2.3120e+02     1.023993e+03
  2.3140e+02     1.030189e+03
  2.3160e+02     1.036427e+03
  2.3180e+02     1.042706e+03
  2.3200e+02     1.049026e+03
  2.3220e+02     1.055387e+03
  2.3240e+02     1.061790e+03
  2.3260e+02     1.068233e+03
  2.3280e+02     1.074718e+03
  2.3300e+02     1.081244e+03
  2.3320e+02     1.087811e+03
  2.3340e+02     1.094419e+03
  2.3360e+02     1.101067e+03
  2.3380e+02     1.107757e+03
  2.3400e+02     1.114487e+03
  2.3420e+02     1.121257e+03
  2.3440e+02     1.128068e+03
  2.3460e+02     1.134919e+03
  2.3480e+02     1.141811e+03
  2.3500e+02     1.148742e+03
  2.3520e+02     1.155713e+03
  2.3540e+02     1.162724e+03
  2.3560e+02     1.169774e+03
  2.3580e+02     1.176864e+03
  2.3600e+02     1.183992e+03
  2.3620e+02     1.191160e+03
  2.3640e+02     1.198366e+03
  2.3660e+02     1.205610e+03
  2.3680e+02     1.212893e+03
  2.3700e+02     1.220214e+03
  2.3720e+02     1.227572e+03
  2.3740e+02     1.234968e+03
  2.3760e+02     1.242401e+03
  2.3780e+02     1.249870e+03
  2.3800e+02     1.257376e+03
  2.3820e+02     1.264919e+03
  2.3840e+02     1.272497e+03
  2.3860e+02     1.280110e+03
  2.3880e+02     1.287759e+03
  2.3900e+02     1.295442e+03
  2.3920e+02     1.303160e+03
  2.3940e+02     1.310911e+03
  2.3960e+02     1.318697e+03
  2.3980e+02     1.326515e+03
  2.4000e+02     1.334365e+03
  2.4020e+02     1.342248e+03
  2.4040e+02     1.350163e+03
  2.4060e+02     1.358109e+03
  2.4080e+02     1.366085e+03
  2.4100e+02     1.374092e+03
  2.4120e+02     1.382128e+03
  2.4140e+02     1.390194e+03
  2.4160e+02     1.398288e+03
  2.4180e+02     1.406410e+03
  2.4200e+02     1.414559e+03
  2.4220e+02     1.422735e+03
  2.4240e+02     1.430937e+03
  2.4260e+02     1.439165e+03
  2.4280e+02     1.447417e+03
  2.4300e+02     1.455694e+03
  2.4320e+02     1.463994e+03
  2.4340e+02     1.472317e+03
  2.4360e+02     1.480661e+03
  2.4380e+02     1.489027e+03
  2.4400e+02     1.497414e+03
  2.4420e+02     1.505820e+03
  2.4440e+02     1.514245e+03
  2.4460e+02     1.522689e+03
  2.4480e+02     1.531150e+03
  2.4500e+02     1.539627e+03
  2.4520e+02     1.548119e+03
  2.4540e+02     1.556627e+03
  2.4560e+02     1.565148e+03
  2.4580e+02     1.573682e+03
  2.4600e+02     1.582229e+03
  2.4620e+02     1.590786e+03
  2.4640e+02     1.599353e+03
  2.4660e+02     1.607929e+03
  2.4680e+02     1.616514e+03
  2.4700e+02     1.625106e+03
  2.4720e+02     1.633703e+03
  2.4740e+02     1.642306e+03
  2.4760e+02     1.650912e+03
  2.4780e+02     1.659522e+03
  2.4800e+02     1.668133e+03
  2.4820e+02     1.676744e+03
  2.4840e+02     1.685355e+03
  2.4860e+02     1.693965e+03
  2.4880e+02     1.702572e+03
  2.4900e+02     1.711174e+03
  2.4920e+02     1.719771e+03
  2.4940e+02     1.728362e+03
  2.4960e+02     1.736945e+03
  2.4980e+02     1.745520e+03
  2.5000e+02     1.754083e+03
  2.5020e+02     1.762636e+03
  2.5040e+02     1.771175e+03
  2.5060e+02     1.779701e+03
  2.5080e+02     1.788211e+03
  2.5100e+02     1.796704e+03
  2.5120e+02     1.805179e+03
  2.5140e+02     1.813634e+03
  2.5160e+02     1.822069e+03
  2.5180e+02     1.830481e+03
  2.5200e+02     1.838869e+03
  2.5220e+02     1.847232e+03
  2.5240e+02     1.855568e+03
  2.5260e+02     1.863877e+03
  2.5280e+02     1.872156e+03
  2.5300e+02     1.880403e+03
  2.5320e+02     1.888618e+03
  2.5340e+02     1.896799e+03
  2.5360e+02     1.904945e+03
  2.5380e+02     1.913053e+03
  2.5400e+02     1.921123e+03
  2.5420e+02     1.929152e+03
  2.5440e+02     1.937140e+03
  2.5460e+02     1.945085e+03
  2.5480e+02     1.952984e+03
  2.5500e+02     1.960838e+03
  2.5520e+02     1.968643e+03
  2.5540e+02     1.976398e+03
  2.5560e+02     1.984102e+03
  2.5580e+02     1.991754e+03
  2.5600e+02     1.999351e+03
  2.5620e+02     2.006892e+03
  2.5640e+02     2.014375e+03
  2.5660e+02     2.021799e+03
  2.5680e+02     2.029162e+03
  2.5700e+02     2.036463e+03
  2.5720e+02     2.043699e+03
  2.5740e+02     2.050870e+03
  2.5760e+02     2.057973e+03
  2.5780e+02     2.065007e+03
  2.5800e+02     2.071971e+03
  2.5820e+02     2.078862e+03
  2.5840e+02     2.085680e+03
  2.5860e+02     2.092422e+03
  2.5880e+02     2.099086e+03
  2.5900e+02     2.105672e+03
  2.5920e+02     2.112178e+03
  2.5940e+02     2.118602e+03
  2.5960e+02     2.124942e+03
  2.5980e+02     2.131198e+03
  2.6000e+02     2.137366e+03
  2.6020e+02     2.143447e+03
  2.6040e+02     2.149438e+03
  2.6060e+02     2.155337e+03
  2.6080e+02     2.161144e+03
  2.6100e+02     2.166856e+03
  2.6120e+02     2.172472e+03
  2.6140e+02     2.177992e+03
  2.6160e+02     2.183412e+03
  2.6180e+02     2.188732e+03
  2.6200e+02     2.193951e+03
  2.6220e+02     2.199066e+03
  2.6240e+02     2.204077e+03
  2.6260e+02     2.208982e+03
  2.6280e+02     2.213780e+03
  2.6300e+02     2.218469e+03
  2.6320e+02     2.223049e+03
  2.6340e+02     2.227517e+03
  2.6360e+02     2.231873e+03
  2.6380e+02     2.236115e+03
  2.6400e+02     2.240242e+03
  2.6420e+02     2.244253e+03
  2.6440e+02     2.248147e+03
  2.6460e+02     2.251922e+03
  2.6480e+02     2.255577e+03
  2.6500e+02     2.259112e+03
  2.6520e+02     2.262526e+03
  2.6540e+02     2.265816e+03
  2.6560e+02     2.268983e+03
  2.6580e+02     2.272025e+03
  2.6600e+02     2.274941e+03
  2.6620e+02     2.277730e+03
  2.6640e+02     2.280392e+03
  2.6660e+02     2.282926e+03
  2.6680e+02     2.285331e+03
  2.6700e+02     2.287606e+03
  2.6720e+02     2.289750e+03
  2.6740e+02     2.291763e+03
  2.6760e+02     2.293643e+03
  2.6780e+02     2.295391e+03
  2.6800e+02     2.297006e+03
  2.6820e+02     2.298487e+03
  2.6840e+02     2.299834e+03
  2.6860e+02     2.301046e+03
  2.6880e+02     2.302123e+03
  2.6900e+02     2.303064e+03
  2.6920e+02     2.303869e+03
  2.6940e+02     2.304538e+03
  2.6960e+02     2.305070e+03
  2.6980e+02     2.305465e+03
  2.7000e+02     2.305723e+03
  2.7020e+02     2.305845e+03
  2.7040e+02     2.305828e+03
  2.7060e+02     2.305675e+03
  2.7080e+02     2.305384e+03
  2.7100e+02     2.304955e+03
  2.7120e+02     2.304389e+03
  2.7140e+02     2.303686e+03
  2.7160e+02     2.302846e+03
  2.7180e+02     2.301869e+03
  2.7200e+02     2.300755e+03
  2.7220e+02     2.299504e+03
  2.7240e+02     2.298117e+03
  2.7260e+02     2.296595e+03
  2.7280e+02     2.294937e+03
  2.7300e+02     2.293144e+03
  2.7320e+02     2.291216e+03
  2.7340e+02     2.289154e+03
  2.7360e+02     2.286958e+03
  2.7380e+02     2.284630e+03
  2.7400e+02     2.282169e+03
  2.7420e+02     2.279577e+03
  2.7440e+02     2.276854e+03
  2.7460e+02     2.274000e+03
  2.7480e+02     2.271017e+03
  2.7500e+02     2.267905e+03
  2.7520e+02     2.264666e+03
  2.7540e+02     2.261299e+03
  2.7560e+02     2.257807e+03
  2.7580e+02     2.254190e+03
  2.7600e+02     2.250448e+03
  2.7620e+02     2.246584e+03
  2.7640e+02     2.242598e+03
  2.7660e+02     2.238491e+03
  2.7680e+02     2.234265e+03
  2.7700e+02     2.229920e+03
  2.7720e+02     2.225457e+03
  2.7740e+02     2.220879e+03
  2.7760e+02     2.216186e+03
  2.7780e+02     2.211379e+03
  2.7800e+02     2.206461e+03
  2.7820e+02     2.201431e+03
  2.7840e+02     2.196292e+03
  2.7860e+02     2.191045e+03
  2.7880e+02     2.185692e+03
  2.7900e+02     2.180233e+03
  2.7920e+02     2.174671e+03
  2.7940e+02     2.169006e+03
  2.7960e+02     2.163241e+03
  2.7980e+02     2.157377e+03
  2.8000e+02     2.151416e+03
  2.8020e+02     2.145358e+03
  2.8040e+02     2.139206e+03
  2.8060e+02     2.132961e+03
  2.8080e+02     2.126626e+03
  2.8100e+02     2.120201e+03
  2.8120e+02     2.113688e+03
  2.8140e+02     2.107089e+03
  2.8160e+02     2.100406e+03
  2.8180e+02     2.093640e+03
  2.8200e+02     2.086793e+03
  2.8220e+02     2.079867e+03
  2.8240e+02     2.072864e+03
  2.8260e+02     2.065785e+03
  2.8280e+02     2.058632e+03
  2.8300e+02     2.051407e+03
  2.8320e+02     2.044112e+03
  2.8340e+02     2.036748e+03
  2.8360e+02     2.029317e+03
  2.8380e+02     2.021821e+03
  2.8400e+02     2.014262e+03
  2.8420e+02     2.006642e+03
  2.8440e+02     1.998962e+03
  2.8460e+02     1.991224e+03
  2.8480e+02     1.983430e+03
  2.8500e+02     1.975582e+03
  2.8520e+02     1.967681e+03
  2.8540e+02     1.959730e+03
  2.8560e+02     1.951730e+03
  2.8580e+02     1.943683e+03
  2.8600e+02     1.935591e+03
  2.8620e+02     1.927455e+03
  2.8640e+02     1.919277e+03
  2.8660e+02     1.911059e+03
  2.8680e+02     1.902803e+03
  2.8700e+02     1.894511e+03
  2.8720e+02     1.886184e+03
  2.8740e+02     1.877823e+03
  2.8760e+02     1.869431e+03
  2.8780e+02     1.861010e+03
  2.8800e+02     1.852561e+03
  2.8820e+02     1.844085e+03
  2.8840e+02     1.835585e+03
  2.8860e+02     1.827061e+03
  2.8880e+02     1.818516e+03
  2.8900e+02     1.809952e+03
  2.8920e+02     1.801369e+03
  2.8940e+02     1.792770e+03
  2.8960e+02     1.784156e+03
  2.8980e+02     1.775528e+03
  2.9000e+02     1.766889e+03
  2.9020e+02     1.758239e+03
  2.9040e+02     1.749580e+03
  2.9060e+02     1.740914e+03
  2.9080e+02     1.732242e+03
  2.9100e+02     1.723565e+03
  2.9120e+02     1.714885e+03
  2.9140e+02     1.706204e+03
  2.9160e+02     1.697523e+03
  2.9180e+02     1.688842e+03
  2.9200e+02     1.680164e+03
  2.9220e+02     1.671490e+03
  2.9240e+02     1.662821e+03
  2.9260e+02     1.654158e+03
  2.9280e+02     1.645503e+03
  2.9300e+02     1.636857e+03
  2.9320e+02     1.628221e+03
  2.9340e+02     1.619596e+03
  2.9360e+02     1.610984e+03
  2.9380e+02     1.602386e+03
  2.9400e+02     1.593802e+03
  2.9420e+02     1.585234e+03
  2.9440e+02     1.576683e+03
  2.9460e+02     1.568151e+03
  2.9480e+02     1.559637e+03
  2.9500e+02     1.551144e+03
  2.9520e+02     1.542672e+03
  2.9540e+02     1.534222e+03
  2.9560e+02     1.525795e+03
  2.9580e+02     1.517392e+03
  2.9600e+02     1.509014e+03
  2.9620e+02     1.500662e+03
  2.9640e+02     1.492337e+03
  2.9660e+02     1.484040e+03
  2.9680e+02     1.475771e+03
  2.9700e+02     1.467531e+03
  2.9720e+02     1.459321e+03
  2.9740e+02     1.451142e+03
  2.9760e+02     1.442995e+03
  2.9780e+02     1.434880e+03
  2.9800e+02     1.426798e+03
  2.9820e+02     1.418750e+03
  2.9840e+02     1.410736e+03
  2.9860e+02     1.402757e+03
  2.9880e+02     1.394814e+03
  2.9900e+02     1.386907e+03
  2.9920e+02     1.379037e+03
  2.9940e+02     1.371204e+03
  2.9960e+02     1.363410e+03
  2.9980e+02     1.355653e+03
  3.0000e+02     1.347936e+03
  3.0020e+02     1.340259e+03
  3.0040e+02     1.332621e+03
  3.0060e+02     1.325024e+03
  3.0080e+02     1.317468e+03
  3.0100e+02     1.309953e+03
  3.0120e+02     1.302480e+03
  3.0140e+02     1.295049e+03
  3.0160e+02     1.287660e+03
  3.0180e+02     1.280315e+03
  3.0200e+02     1.273012e+03
  3.0220e+02     1.265753e+03
  3.0240e+02     1.258538e+03
  3.0260e+02     1.251367e+03
  3.0280e+02     1.244241e+03
  3.0300e+02     1.237159e+03
  3.0320e+02     1.230122e+03
  3.0340e+02     1.223130e+03
  3.0360e+02     1.216184e+03
  3.0380e+02     1.209283e+03
  3.0400e+02     1.202428e+03
  3.0420e+02     1.195618e+03
  3.0440e+02     1.188855e+03
  3.0460e+02     1.182138e+03
  3.0480e+02     1.175468e+03
  3.0500e+02     1.168844e+03
  3.0520e+02     1.162267e+03
  3.0540e+02     1.155737e+03
  3.0560e+02     1.149253e+03
  3.0580e+02     1.142816e+03
  3.0600e+02     1.136427e+03
  3.0620e+02     1.130084e+03
  3.0640e+02     1.123789e+03
  3.0660e+02     1.117541e+03
  3.0680e+02     1.111340e+03
  3.0700e+02     1.105186e+03
  3.0720e+02     1.099079e+03
  3.0740e+02     1.093020e+03
  3.0760e+02     1.087008e+03
  3.0780e+02     1.081043e+03
  3.0800e+02     1.075125e+03
  3.0820e+02     1.069254e+03
  3.0840e+02     1.063431e+03
  3.0860e+02     1.057654e+03
  3.0880e+02     1.051925e+03
  3.0900e+02     1.046242e+03
  3.0920e+02     1.040607e+03
  3.0940e+02     1.035018e+03
  3.0960e+02     1.029476e+03
  3.0980e+02     1.023980e+03
  3.1000e+02     1.018531e+03
  3.1020e+02     1.013128e+03
  3.1040e+02     1.007772e+03
  3.1060e+02     1.002462e+03
  3.1080e+02     9.971981e+02
  3.1100e+02     9.919799e+02
  3.1120e+02     9.868076e+02
  3.1140e+02     9.816809e+02
  3.1160e+02     9.765998e+02
  3.1180e+02     9.715640e+02
  3.1200e+02     9.665735e+02
  3.1220e+02     9.616280e+02
  3.1240e+02     9.567275e+02
  3.1260e+02     9.518717e+02
  3.1280e+02     9.470605e+02
  3.1300e+02     9.422937e+02
  3.1320e+02     9.375712e+02
  3.1340e+02     9.328928e+02
  3.1360e+02     9.282582e+02
  3.1380e+02     9.236673e+02
  3.1400e+02     9.191200e+02
  3.1420e+02     9.146160e+02
  3.1440e+02     9.101551e+02
  3.1460e+02     9.057372e+02
  3.1480e+02     9.013621e+02
  3.1500e+02     8.970294e+02
  3.1520e+02     8.927392e+02
  3.1540e+02     8.884911e+02
  3.1560e+02     8.842849e+02
  3.1580e+02     8.801205e+02
  3.1600e+02     8.759976e+02
  3.1620e+02     8.719160e+02
  3.1640e+02     8.678755e+02
  3.1660e+02     8.638760e+02
  3.1680e+02     8.599171e+02
  3.1700e+02     8.559987e+02
  3.1720e+02     8.521206e+02
  3.1740e+02     8.482825e+02
  3.1760e+02     8.444842e+02
  3.1780e+02     8.407256e+02
  3.1800e+02     8.370063e+02
  3.1820e+02     8.333263e+02
  3.1840e+02     8.296851e+02
  3.1860e+02     8.260827e+02
  3.1880e+02     8.225189e+02
  3.1900e+02     8.189933e+02
  3.1920e+02     8.155058e+02
  3.1940e+02     8.120562e+02
  3.1960e+02     8.086442e+02
  3.1980e+02     8.052696e+02
  3.2000e+02     8.019323e+02
  3.2020e+02     7.986319e+02
  3.2040e+02     7.953683e+02
  3.2060e+02     7.921412e+02
  3.2080e+02     7.889505e+02
  3.2100e+02     7.857959e+02
  3.2120e+02     7.826771e+02
  3.2140e+02     7.795941e+02
  3.2160e+02     7.765465e+02
  3.2180e+02     7.735341e+02
  3.2200e+02     7.705568e+02
  3.2220e+02     7.676144e+02
  3.2240e+02     7.647065e+02
  3.2260e+02     7.618330e+02
  3.2280e+02     7.589937e+02
  3.2300e+02     7.561884e+02
  3.2320e+02     7.534168e+02
  3.2340e+02     7.506788e+02
  3.2360e+02     7.479742e+02
  3.2380e+02     7.453027e+02
  3.2400e+02     7.426642e+02
  3.2420e+02     7.400584e+02
  3.2440e+02     7.374851e+02
  3.2460e+02     7.349442e+02
  3.2480e+02     7.324354e+02
  3.2500e+02     7.299586e+02
  3.2520e+02     7.275135e+02
  3.2540e+02     7.250999e+02
  3.2560e+02     7.227177e+02
  3.2580e+02     7.203667e+02
  3.2600e+02     7.180466e+02
  3.2620e+02     7.157573e+02
  3.2640e+02     7.134986e+02
  3.2660e+02     7.112703e+02
  3.2680e+02     7.090723e+02
  3.2700e+02     7.069043e+02
  3.2720e+02     7.047661e+02
  3.2740e+02     7.026576e+02
  3.2760e+02     7.005786e+02
  3.2780e+02     6.985289e+02
  3.2800e+02     6.965084e+02
  3.2820e+02     6.945168e+02
  3.2840e+02     6.925540e+02
  3.2860e+02     6.906199e+02
  3.2880e+02     6.887142e+02
  3.2900e+02     6.868368e+02
  3.2920e+02     6.849875e+02
  3.2940e+02     6.831662e+02
  3.2960e+02     6.813727e+02
  3.2980e+02     6.796068e+02
  3.3000e+02     6.778683e+02
  3.3020e+02     6.761572e+02
  3.3040e+02     6.744733e+02
  3.3060e+02     6.728164e+02
  3.3080e+02     6.711863e+02
  3.3100e+02     6.695829e+02
  3.3120e+02     6.680061e+02
  3.3140e+02     6.664557e+02
  3.3160e+02     6.649315e+02
  3.3180e+02     6.634335e+02
  3.3200e+02     6.619614e+02
  3.3220e+02     6.605152e+02
  3.3240e+02     6.590947e+02
  3.3260e+02     6.576997e+02
  3.3280e+02     6.563302e+02
  3.3300e+02     6.549859e+02
  3.3320e+02     6.536669e+02
  3.3340e+02     6.523728e+02
  3.3360e+02     6.511037e+02
  3.3380e+02     6.498593e+02
  3.3400e+02     6.486396e+02
  3.3420e+02     6.474444e+02
  3.3440e+02     6.462736e+02
  3.3460e+02     6.451271e+02
  3.3480e+02     6.440048e+02
  3.3500e+02     6.429065e+02
  3.3520e+02     6.418322e+02
  3.3540e+02     6.407817e+02
  3.3560e+02     6.397549e+02
  3.3580e+02     6.387517e+02
  3.3600e+02     6.377721e+02
  3.3620e+02     6.368158e+02
  3.3640e+02     6.358828e+02
  3.3660e+02     6.349730e+02
  3.3680e+02     6.340863e+02
  3.3700e+02     6.332226e+02
  3.3720e+02     6.323817e+02
  3.3740e+02     6.315637e+02
  3.3760e+02     6.307684e+02
  3.3780e+02     6.299957e+02
  3.3800e+02     6.292455e+02
  3.3820e+02     6.285177e+02
  3.3840e+02     6.278123e+02
  3.3860e+02     6.271291e+02
  3.3880e+02     6.264681e+02
  3.3900e+02     6.258292e+02
  3.3920e+02     6.252123e+02
  3.3940e+02     6.246173e+02
  3.3960e+02     6.240442e+02
  3.3980e+02     6.234929e+02
  3.4000e+02     6.229632e+02
  3.4020e+02     6.224552e+02
  3.4040e+02     6.219688e+02
  3.4060e+02     6.215038e+02
  3.4080e+02     6.210603e+02
  3.4100e+02     6.206381e+02
  3.4120e+02     6.202372e+02
  3.4140e+02     6.198576e+02
  3.4160e+02     6.194991e+02
  3.4180e+02     6.191617e+02
  3.4200e+02     6.188453e+02
  3.4220e+02     6.185500e+02
  3.4240e+02     6.182756e+02
  3.4260e+02     6.180220e+02
  3.4280e+02     6.177893e+02
  3.4300e+02     6.175773e+02
  3.4320e+02     6.173861e+02
  3.4340e+02     6.172155e+02
  3.4360e+02     6.170656e+02
  3.4380e+02     6.169363e+02
  3.4400e+02     6.168275e+02
  3.4420e+02     6.167391e+02
  3.4440e+02     6.166713e+02
  3.4460e+02     6.166238e+02
  3.4480e+02     6.165968e+02
  3.4500e+02     6.165901e+02
  3.4520e+02     6.166036e+02
  3.4540e+02     6.166375e+02
  3.4560e+02     6.166916e+02
  3.4580e+02     6.167659e+02
  3.4600e+02     6.168604e+02
  3.4620e+02     6.169750e+02
  3.4640e+02     6.171097e+02
  3.4660e+02     6.172646e+02
  3.4680e+02     6.174395e+02
  3.4700e+02     6.176344e+02
  3.4720e+02     6.178494e+02
  3.4740e+02     6.180844e+02
  3.4760e+02     6.183394e+02
  3.4780e+02     6.186143e+02
  3.4800e+02     6.189092e+02
  3.4820e+02     6.192240e+02
  3.4840e+02     6.195588e+02
  3.4860e+02     6.199135e+02
  3.4880e+02     6.202880e+02
  3.4900e+02     6.206825e+02
  3.4920e+02     6.210968e+02
  3.4940e+02     6.215310e+02
  3.4960e+02     6.219850e+02
  3.4980e+02     6.224590e+02
  3.5000e+02     6.229527e+02
  3.5020e+02     6.234664e+02
  3.5040e+02     6.239998e+02
  3.5060e+02     6.245532e+02
  3.5080e+02     6.251263e+02
  3.5100e+02     6.257194e+02
  3.5120e+02     6.263323e+02
  3.5140e+02     6.269650e+02
  3.5160e+02     6.276176e+02
  3.5180e+02     6.282901e+02
  3.5200e+02     6.289824e+02
  3.5220e+02     6.296947e+02
  3.5240e+02     6.304268e+02
  3.5260e+02     6.311789e+02
  3.5280e+02     6.319508e+02
  3.5300e+02     6.327427e+02
  3.5320e+02     6.335546e+02
  3.5340e+02     6.343864e+02
  3.5360e+02     6.352382e+02
  3.5380e+02     6.361100e+02
  3.5400e+02     6.370018e+02
  3.5420e+02     6.379136e+02
  3.5440e+02     6.388455e+02
  3.5460e+02     6.397975e+02
  3.5480e+02     6.407695e+02
  3.5500e+02     6.417617e+02
  3.5520e+02     6.427741e+02
  3.5540e+02     6.438066e+02
  3.5560e+02     6.448593e+02
  3.5580e+02     6.459322e+02
  3.5600e+02     6.470254e+02
  3.5620e+02     6.481388e+02
  3.5640e+02     6.492726e+02
  3.5660e+02     6.504267e+02
  3.5680e+02     6.516012e+02
  3.5700e+02     6.527961e+02
  3.5720e+02     6.540115e+02
  3.5740e+02     6.552473e+02
  3.5760e+02     6.565037e+02
  3.5780e+02     6.577805e+02
  3.5800e+02     6.590780e+02
  3.5820e+02     6.603961e+02
  3.5840e+02     6.617349e+02
  3.5860e+02     6.630943e+02
  3.5880e+02     6.644745e+02
  3.5900e+02     6.658755e+02
  3.5920e+02     6.672973e+02
  3.5940e+02     6.687400e+02
  3.5960e+02     6.702036e+02
  3.5980e+02     6.716881e+02
