# Epidemic | 7 days incidence [ x-unit: days | y-unit: per 100000 ]
# ==============================================================================
  0.0000e+00     3.618006e+02
  2.0000e-01     3.596336e+02
  4.0000e-01     3.574998e+02
  6.0000e-01     3.553989e+02
  8.0000e-01     3.533303e+02
  1.0000e+00     3.512937e+02
  1.2000e+00     3.492886e+02
  1.4000e+00     3.473146e+02
  1.6000e+00     3.453714e+02
  1.8000e+00     3.434584e+02
  2.0000e+00     3.415754e+02
  2.2000e+00     3.397220e+02
  2.4000e+00     3.378978e+02
  2.6000e+00     3.361023e+02
  2.8000e+00     3.343354e+02
  3.0000e+00     3.325965e+02
  3.2000e+00     3.308853e+02
  3.4000e+00     3.292016e+02
  3.6000e+00     3.275450e+02
  3.8000e+00     3.259150e+02
  4.0000e+00     3.243115e+02
  4.2000e+00     3.227341e+02
  4.4000e+00     3.211824e+02
  4.6000e+00     3.196562e+02
  4.8000e+00     3.181552e+02
  5.0000e+00     3.166790e+02
  5.2000e+00     3.152275e+02
  5.4000e+00     3.138001e+02
  5.6000e+00     3.123968e+02
  5.8000e+00     3.110172e+02
  6.0000e+00     3.096611e+02
  6.2000e+00     3.083281e+02
  6.4000e+00     3.070180e+02
  6.6000e+00     3.057306e+02
  6.8000e+00     3.044656e+02
  7.0000e+00     3.032228e+02
  7.2000e+00     3.023362e+02
  7.4000e+00     3.014967e+02
  7.6000e+00     3.006664e+02
  7.8000e+00     2.998454e+02
  8.0000e+00     2.990337e+02
  8.2000e+00     2.982312e+02
  8.4000e+00     2.974379e+02
  8.6000e+00     2.966538e+02
  8.8000e+00     2.958788e+02
  9.0000e+00     2.951130e+02
  9.2000e+00     2.943563e+02
  9.4000e+00     2.936086e+02
  9.6000e+00     2.928701e+02
  9.8000e+00     2.921406e+02
  1.0000e+01     2.914201e+02
  1.0200e+01     2.907086e+02
  1.0400e+01     2.900060e+02
  1.0600e+01     2.893124e+02
  1.0800e+01     2.886277e+02
  1.1000e+01     2.879519e+02
  1.1200e+01     2.872850e+02
  1.1400e+01     2.866268e+02
  1.1600e+01     2.859775e+02
  1.1800e+01     2.853369e+02
  1.2000e+01     2.847051e+02
  1.2200e+01     2.840820e+02
  1.2400e+01     2.834675e+02
  1.2600e+01     2.828617e+02
  1.2800e+01     2.822646e+02
  1.3000e+01     2.816760e+02
  1.3200e+01     2.810960e+02
  1.3400e+01     2.805245e+02
  1.3600e+01     2.799615e+02
  1.3800e+01     2.794070e+02
  1.4000e+01     2.788609e+02
  1.4200e+01     2.783232e+02
  1.4400e+01     2.777939e+02
  1.4600e+01     2.772729e+02
  1.4800e+01     2.767602e+02
  1.5000e+01     2.762559e+02
  1.5200e+01     2.757597e+02
  1.5400e+01     2.752718e+02
  1.5600e+01     2.747921e+02
  1.5800e+01     2.743205e+02
  1.6000e+01     2.738570e+02
  1.6200e+01     2.734017e+02
  1.6400e+01     2.729544e+02
  1.6600e+01     2.725151e+02
  1.6800e+01     2.720838e+02
  1.7000e+01     2.716604e+02
  1.7200e+01     2.712451e+02
  1.7400e+01     2.708376e+02
  1.7600e+01     2.704379e+02
  1.7800e+01     2.700461e+02
  1.8000e+01     2.696622e+02
  1.8200e+01     2.692860e+02
  1.8400e+01     2.689175e+02
  1.8600e+01     2.685568e+02
  1.8800e+01     2.682037e+02
  1.9000e+01     2.678583e+02
  1.9200e+01     2.675205e+02
  1.9400e+01     2.671903e+02
  1.9600e+01     2.668677e+02
  1.9800e+01     2.665526e+02
  2.0000e+01     2.662450e+02
  2.0200e+01     2.659448e+02
  2.0400e+01     2.656522e+02
  2.0600e+01     2.653669e+02
  2.0800e+01     2.650890e+02
  2.1000e+01     2.648185e+02
  2.1200e+01     2.645029e+02
  2.1400e+01     2.641953e+02
  2.1600e+01     2.639018e+02
  2.1800e+01     2.636221e+02
  2.2000e+01     2.633564e+02
  2.2200e+01     2.631045e+02
  2.2400e+01     2.628663e+02
  2.2600e+01     2.626417e+02
  2.2800e+01     2.624308e+02
  2.3000e+01     2.622335e+02
  2.3200e+01     2.620497e+02
  2.3400e+01     2.618793e+02
  2.3600e+01     2.617223e+02
  2.3800e+01     2.615786e+02
  2.4000e+01     2.614483e+02
  2.4200e+01     2.613312e+02
  2.4400e+01     2.612273e+02
  2.4600e+01     2.611366e+02
  2.4800e+01     2.610590e+02
  2.5000e+01     2.609944e+02
  2.5200e+01     2.609430e+02
  2.5400e+01     2.609045e+02
  2.5600e+01     2.608790e+02
  2.5800e+01     2.608665e+02
  2.6000e+01     2.608668e+02
  2.6200e+01     2.608801e+02
  2.6400e+01     2.609062e+02
  2.6600e+01     2.609452e+02
  2.6800e+01     2.609970e+02
  2.7000e+01     2.610616e+02
  2.7200e+01     2.611389e+02
  2.7400e+01     2.612291e+02
  2.7600e+01     2.613319e+02
  2.7800e+01     2.614475e+02
  2.8000e+01     2.615758e+02
  2.8200e+01     2.617169e+02
  2.8400e+01     2.618706e+02
  2.8600e+01     2.620370e+02
  2.8800e+01     2.622161e+02
  2.9000e+01     2.624079e+02
  2.9200e+01     2.626124e+02
  2.9400e+01     2.628296e+02
  2.9600e+01     2.630595e+02
  2.9800e+01     2.633020e+02
  3.0000e+01     2.635573e+02
  3.0200e+01     2.638252e+02
  3.0400e+01     2.641059e+02
  3.0600e+01     2.643992e+02
  3.0800e+01     2.647054e+02
  3.1000e+01     2.650242e+02
  3.1200e+01     2.653558e+02
  3.1400e+01     2.657002e+02
  3.1600e+01     2.660574e+02
  3.1800e+01     2.664274e+02
  3.2000e+01     2.668102e+02
  3.2200e+01     2.672059e+02
  3.2400e+01     2.676145e+02
  3.2600e+01     2.680360e+02
  3.2800e+01     2.684704e+02
  3.3000e+01     2.689177e+02
  3.3200e+01     2.693781e+02
  3.3400e+01     2.698515e+02
  3.3600e+01     2.703380e+02
  3.3800e+01     2.708375e+02
  3.4000e+01     2.713502e+02
  3.4200e+01     2.718761e+02
  3.4400e+01     2.724152e+02
  3.4600e+01     2.729675e+02
  3.4800e+01     2.735332e+02
  3.5000e+01     2.741122e+02
  3.5200e+01     2.747045e+02
  3.5400e+01     2.753103e+02
  3.5600e+01     2.759296e+02
  3.5800e+01     2.765625e+02
  3.6000e+01     2.772089e+02
  3.6200e+01     2.778690e+02
  3.6400e+01     2.785428e+02
  3.6600e+01     2.792303e+02
  3.6800e+01     2.799317e+02
  3.7000e+01     2.806469e+02
  3.7200e+01     2.813761e+02
  3.7400e+01     2.821193e+02
  3.7600e+01     2.828766e+02
  3.7800e+01     2.836480e+02
  3.8000e+01     2.844336e+02
  3.8200e+01     2.852335e+02
  3.8400e+01     2.860478e+02
  3.8600e+01     2.868765e+02
  3.8800e+01     2.877197e+02
  3.9000e+01     2.885774e+02
  3.9200e+01     2.894499e+02
  3.9400e+01     2.903370e+02
  3.9600e+01     2.912390e+02
  3.9800e+01     2.921559e+02
  4.0000e+01     2.930878e+02
  4.0200e+01     2.940348e+02
  4.0400e+01     2.949969e+02
  4.0600e+01     2.959743e+02
  4.0800e+01     2.969671e+02
  4.1000e+01     2.979752e+02
  4.1200e+01     2.989990e+02
  4.1400e+01     3.000383e+02
  4.1600e+01     3.010934e+02
  4.1800e+01     3.021644e+02
  4.2000e+01     3.032512e+02
  4.2200e+01     3.043542e+02
  4.2400e+01     3.054732e+02
  4.2600e+01     3.066086e+02
  4.2800e+01     3.077603e+02
  4.3000e+01     3.089284e+02
  4.3200e+01     3.101132e+02
  4.3400e+01     3.113147e+02
  4.3600e+01     3.125330e+02
  4.3800e+01     3.137682e+02
  4.4000e+01     3.150205e+02
  4.4200e+01     3.162900e+02
  4.4400e+01     3.175768e+02
  4.4600e+01     3.188810e+02
  4.4800e+01     3.202028e+02
  4.5000e+01     3.215423e+02
  4.5200e+01     3.228996e+02
  4.5400e+01     3.242748e+02
  4.5600e+01     3.256682e+02
  4.5800e+01     3.270798e+02
  4.6000e+01     3.285097e+02
  4.6200e+01     3.299582e+02
  4.6400e+01     3.314253e+02
  4.6600e+01     3.329112e+02
  4.6800e+01     3.344160e+02
  4.7000e+01     3.359399e+02
  4.7200e+01     3.374831e+02
  4.7400e+01     3.390457e+02
  4.7600e+01     3.406278e+02
  4.7800e+01     3.422296e+02
  4.8000e+01     3.438513e+02
  4.8200e+01     3.454930e+02
  4.8400e+01     3.471549e+02
  4.8600e+01     3.488371e+02
  4.8800e+01     3.505399e+02
  4.9000e+01     3.522633e+02
  4.9200e+01     3.540076e+02
  4.9400e+01     3.557730e+02
  4.9600e+01     3.575595e+02
  4.9800e+01     3.593674e+02
  5.0000e+01     3.611969e+02
  5.0200e+01     3.630481e+02
  5.0400e+01     3.649213e+02
  5.0600e+01     3.668165e+02
  5.0800e+01     3.687341e+02
  5.1000e+01     3.706741e+02
  5.1200e+01     3.726369e+02
  5.1400e+01     3.746225e+02
  5.1600e+01     3.766311e+02
  5.1800e+01     3.786631e+02
  5.2000e+01     3.807185e+02
  5.2200e+01     3.827975e+02
  5.2400e+01     3.849005e+02
  5.2600e+01     3.870275e+02
  5.2800e+01     3.891788e+02
  5.3000e+01     3.913547e+02
  5.3200e+01     3.935552e+02
  5.3400e+01     3.957807e+02
  5.3600e+01     3.980313e+02
  5.3800e+01     4.003073e+02
  5.4000e+01     4.026089e+02
  5.4200e+01     4.049363e+02
  5.4400e+01     4.072898e+02
  5.4600e+01     4.096695e+02
  5.4800e+01     4.120758e+02
  5.5000e+01     4.145088e+02
  5.5200e+01     4.169687e+02
  5.5400e+01     4.194559e+02
  5.5600e+01     4.219705e+02
  5.5800e+01     4.245129e+02
  5.6000e+01     4.270832e+02
  5.6200e+01     4.296816e+02
  5.6400e+01     4.323086e+02
  5.6600e+01     4.349642e+02
  5.6800e+01     4.376488e+02
  5.7000e+01     4.403625e+02
  5.7200e+01     4.431058e+02
  5.7400e+01     4.458787e+02
  5.7600e+01     4.486817e+02
  5.7800e+01     4.515149e+02
  5.8000e+01     4.543787e+02
  5.8200e+01     4.572732e+02
  5.8400e+01     4.601988e+02
  5.8600e+01     4.631558e+02
  5.8800e+01     4.661444e+02
  5.9000e+01     4.691649e+02
  5.9200e+01     4.722175e+02
  5.9400e+01     4.753027e+02
  5.9600e+01     4.784205e+02
  5.9800e+01     4.815715e+02
  6.0000e+01     4.847557e+02
  6.0200e+01     4.879736e+02
  6.0400e+01     4.912254e+02
  6.0600e+01     4.945115e+02
  6.0800e+01     4.978320e+02
  6.1000e+01     5.011874e+02
  6.1200e+01     5.045779e+02
  6.1400e+01     5.080038e+02
  6.1600e+01     5.114655e+02
  6.1800e+01     5.149632e+02
  6.2000e+01     5.184973e+02
  6.2200e+01     5.220680e+02
  6.2400e+01     5.256758e+02
  6.2600e+01     5.293208e+02
  6.2800e+01     5.330035e+02
  6.3000e+01     5.367241e+02
  6.3200e+01     5.404830e+02
  6.3400e+01     5.442805e+02
  6.3600e+01     5.481169e+02
  6.3800e+01     5.519926e+02
  6.4000e+01     5.559079e+02
  6.4200e+01     5.598631e+02
  6.4400e+01     5.638585e+02
  6.4600e+01     5.678945e+02
  6.4800e+01     5.719715e+02
  6.5000e+01     5.760897e+02
  6.5200e+01     5.802495e+02
  6.5400e+01     5.844513e+02
  6.5600e+01     5.886954e+02
  6.5800e+01     5.929821e+02
  6.6000e+01     5.973118e+02
  6.6200e+01     6.016849e+02
  6.6400e+01     6.061016e+02
  6.6600e+01     6.105623e+02
  6.6800e+01     6.150674e+02
  6.7000e+01     6.196173e+02
  6.7200e+01     6.242122e+02
  6.7400e+01     6.288526e+02
  6.7600e+01     6.335388e+02
  6.7800e+01     6.382711e+02
  6.8000e+01     6.430500e+02
  6.8200e+01     6.478756e+02
  6.8400e+01     6.527486e+02
  6.8600e+01     6.576690e+02
  6.8800e+01     6.626375e+02
  6.9000e+01     6.676542e+02
  6.9200e+01     6.727195e+02
  6.9400e+01     6.778339e+02
  6.9600e+01     6.829976e+02
  6.9800e+01     6.882111e+02
  7.0000e+01     6.934746e+02
  7.0200e+01     6.987886e+02
  7.0400e+01     7.041533e+02
  7.0600e+01     7.095692e+02
  7.0800e+01     7.150367e+02
  7.1000e+01     7.205559e+02
  7.1200e+01     7.261274e+02
  7.1400e+01     7.317515e+02
  7.1600e+01     7.374285e+02
  7.1800e+01     7.431587e+02
  7.2000e+01     7.489426e+02
  7.2200e+01     7.547804e+02
  7.2400e+01     7.606726e+02
  7.2600e+01     7.666193e+02
  7.2800e+01     7.726211e+02
  7.3000e+01     7.786782e+02
  7.3200e+01     7.847910e+02
  7.3400e+01     7.909598e+02
  7.3600e+01     7.971849e+02
  7.3800e+01     8.034667e+02
  7.4000e+01     8.098055e+02
  7.4200e+01     8.162016e+02
  7.4400e+01     8.226553e+02
  7.4600e+01     8.291670e+02
  7.4800e+01     8.357369e+02
  7.5000e+01     8.423654e+02
  7.5200e+01     8.490527e+02
  7.5400e+01     8.557993e+02
  7.5600e+01     8.626052e+02
  7.5800e+01     8.694710e+02
  7.6000e+01     8.763967e+02
  7.6200e+01     8.833828e+02
  7.6400e+01     8.904295e+02
  7.6600e+01     8.975370e+02
  7.6800e+01     9.047057e+02
  7.7000e+01     9.119357e+02
  7.7200e+01     9.192273e+02
  7.7400e+01     9.265808e+02
  7.7600e+01     9.339965e+02
  7.7800e+01     9.414744e+02
  7.8000e+01     9.490149e+02
  7.8200e+01     9.566181e+02
  7.8400e+01     9.642844e+02
  7.8600e+01     9.720138e+02
  7.8800e+01     9.798065e+02
  7.9000e+01     9.876628e+02
  7.9200e+01     9.955828e+02
  7.9400e+01     1.003566e+03
  7.9600e+01     1.011614e+03
  7.9800e+01     1.019726e+03
  8.0000e+01     1.027902e+03
  8.0200e+01     1.036143e+03
  8.0400e+01     1.044448e+03
  8.0600e+01     1.052818e+03
  8.0800e+01     1.061253e+03
  8.1000e+01     1.069752e+03
  8.1200e+01     1.078316e+03
  8.1400e+01     1.086945e+03
  8.1600e+01     1.095639e+03
  8.1800e+01     1.104398e+03
  8.2000e+01     1.113221e+03
  8.2200e+01     1.122110e+03
  8.2400e+01     1.131064e+03
  8.2600e+01     1.140082e+03
  8.2800e+01     1.149165e+03
  8.3000e+01     1.158313e+03
  8.3200e+01     1.167526e+03
  8.3400e+01     1.176803e+03
  8.3600e+01     1.186145e+03
  8.3800e+01     1.195551e+03
  8.4000e+01     1.205021e+03
  8.4200e+01     1.214555e+03
  8.4400e+01     1.224153e+03
  8.4600e+01     1.233815e+03
  8.4800e+01     1.243540e+03
  8.5000e+01     1.253328e+03
  8.5200e+01     1.263178e+03
  8.5400e+01     1.273092e+03
  8.5600e+01     1.283067e+03
  8.5800e+01     1.293105e+03
  8.6000e+01     1.303204e+03
  8.6200e+01     1.313364e+03
  8.6400e+01     1.323585e+03
  8.6600e+01     1.333867e+03
  8.6800e+01     1.344208e+03
  8.7000e+01     1.354609e+03
  8.7200e+01     1.365068e+03
  8.7400e+01     1.375586e+03
  8.7600e+01     1.386162e+03
  8.7800e+01     1.396796e+03
  8.8000e+01     1.407486e+03
  8.8200e+01     1.418232e+03
  8.8400e+01     1.429034e+03
  8.8600e+01     1.439890e+03
  8.8800e+01     1.450800e+03
  8.9000e+01     1.461764e+03
  8.9200e+01     1.472780e+03
  8.9400e+01     1.483848e+03
  8.9600e+01     1.494967e+03
  8.9800e+01     1.506136e+03
  9.0000e+01     1.517354e+03
  9.0200e+01     1.528621e+03
  9.0400e+01     1.539935e+03
  9.0600e+01     1.551295e+03
  9.0800e+01     1.562701e+03
  9.1000e+01     1.574151e+03
  9.1200e+01     1.585644e+03
  9.1400e+01     1.597179e+03
  9.1600e+01     1.608756e+03
  9.1800e+01     1.620372e+03
  9.2000e+01     1.632027e+03
  9.2200e+01     1.643719e+03
  9.2400e+01     1.655448e+03
  9.2600e+01     1.667211e+03
  9.2800e+01     1.679007e+03
  9.3000e+01     1.690836e+03
  9.3200e+01     1.702695e+03
  9.3400e+01     1.714584e+03
  9.3600e+01     1.726500e+03
  9.3800e+01     1.738443e+03
  9.4000e+01     1.750410e+03
  9.4200e+01     1.762401e+03
  9.4400e+01     1.774412e+03
  9.4600e+01     1.786444e+03
  9.4800e+01     1.798493e+03
  9.5000e+01     1.810559e+03
  9.5200e+01     1.822640e+03
  9.5400e+01     1.834733e+03
  9.5600e+01     1.846837e+03
  9.5800e+01     1.858950e+03
  9.6000e+01     1.871070e+03
  9.6200e+01     1.883195e+03
  9.6400e+01     1.895324e+03
  9.6600e+01     1.907453e+03
  9.6800e+01     1.919582e+03
  9.7000e+01     1.931707e+03
  9.7200e+01     1.943828e+03
  9.7400e+01     1.955940e+03
  9.7600e+01     1.968044e+03
  9.7800e+01     1.980135e+03
  9.8000e+01     1.992213e+03
  9.8200e+01     2.004273e+03
  9.8400e+01     2.016316e+03
  9.8600e+01     2.028337e+03
  9.8800e+01     2.040334e+03
  9.9000e+01     2.052305e+03
  9.9200e+01     2.064248e+03
  9.9400e+01     2.076160e+03
  9.9600e+01     2.088039e+03
  9.9800e+01     2.099881e+03
  1.0000e+02     2.111685e+03
  1.0020e+02     2.123447e+03
  1.0040e+02     2.135165e+03
  1.0060e+02     2.146837e+03
  1.0080e+02     2.158459e+03
  1.0100e+02     2.170030e+03
  1.0120e+02     2.181545e+03
  1.0140e+02     2.193003e+03
  1.0160e+02     2.204400e+03
  1.0180e+02     2.215735e+03
  1.0200e+02     2.227003e+03
  1.0220e+02     2.238202e+03
  1.0240e+02     2.249329e+03
  1.0260e+02     2.260382e+03
  1.0280e+02     2.271357e+03
  1.0300e+02     2.282252e+03
  1.0320e+02     2.293063e+03
  1.0340e+02     2.303787e+03
  1.0360e+02     2.314422e+03
  1.0380e+02     2.324965e+03
  1.0400e+02     2.335412e+03
  1.0420e+02     2.345761e+03
  1.0440e+02     2.356009e+03
  1.0460e+02     2.366152e+03
  1.0480e+02     2.376188e+03
  1.0500e+02     2.386114e+03
  1.0520e+02     2.395926e+03
  1.0540e+02     2.405622e+03
  1.0560e+02     2.415198e+03
  1.0580e+02     2.424653e+03
  1.0600e+02     2.433981e+03
  1.0620e+02     2.443182e+03
  1.0640e+02     2.452252e+03
  1.0660e+02     2.461187e+03
  1.0680e+02     2.469985e+03
  1.0700e+02     2.478643e+03
  1.0720e+02     2.487159e+03
  1.0740e+02     2.495528e+03
  1.0760e+02     2.503749e+03
  1.0780e+02     2.511819e+03
  1.0800e+02     2.519734e+03
  1.0820e+02     2.527492e+03
  1.0840e+02     2.535091e+03
  1.0860e+02     2.542527e+03
  1.0880e+02     2.549798e+03
  1.0900e+02     2.556901e+03
  1.0920e+02     2.563834e+03
  1.0940e+02     2.570593e+03
  1.0960e+02     2.577178e+03
  1.0980e+02     2.583584e+03
  1.1000e+02     2.589810e+03
  1.1020e+02     2.595853e+03
  1.1040e+02     2.601711e+03
  1.1060e+02     2.607382e+03
  1.1080e+02     2.612863e+03
  1.1100e+02     2.618152e+03
  1.1120e+02     2.623247e+03
  1.1140e+02     2.628146e+03
  1.1160e+02     2.632847e+03
  1.1180e+02     2.637348e+03
  1.1200e+02     2.641647e+03
  1.1220e+02     2.645743e+03
  1.1240e+02     2.649633e+03
  1.1260e+02     2.653315e+03
  1.1280e+02     2.656790e+03
  1.1300e+02     2.660053e+03
  1.1320e+02     2.663105e+03
  1.1340e+02     2.665944e+03
  1.1360e+02     2.668569e+03
  1.1380e+02     2.670977e+03
  1.1400e+02     2.673169e+03
  1.1420e+02     2.675142e+03
  1.1440e+02     2.676897e+03
  1.1460e+02     2.678432e+03
  1.1480e+02     2.679745e+03
  1.1500e+02     2.680838e+03
  1.1520e+02     2.681707e+03
  1.1540e+02     2.682354e+03
  1.1560e+02     2.682778e+03
  1.1580e+02     2.682978e+03
  1.1600e+02     2.682954e+03
  1.1620e+02     2.682705e+03
  1.1640e+02     2.682231e+03
  1.1660e+02     2.681533e+03
  1.1680e+02     2.680611e+03
  1.1700e+02     2.679464e+03
  1.1720e+02     2.678092e+03
  1.1740e+02     2.676496e+03
  1.1760e+02     2.674677e+03
  1.1780e+02     2.672634e+03
  1.1800e+02     2.670369e+03
  1.1820e+02     2.667881e+03
  1.1840e+02     2.665172e+03
  1.1860e+02     2.662243e+03
  1.1880e+02     2.659093e+03
  1.1900e+02     2.655725e+03
  1.1920e+02     2.652140e+03
  1.1940e+02     2.648338e+03
  1.1960e+02     2.644321e+03
  1.1980e+02     2.640089e+03
  1.2000e+02     2.635646e+03
  1.2020e+02     2.630991e+03
  1.2040e+02     2.626127e+03
  1.2060e+02     2.621055e+03
  1.2080e+02     2.615777e+03
  1.2100e+02     2.610294e+03
  1.2120e+02     2.604610e+03
  1.2140e+02     2.598724e+03
  1.2160e+02     2.592641e+03
  1.2180e+02     2.586361e+03
  1.2200e+02     2.579887e+03
  1.2220e+02     2.573221e+03
  1.2240e+02     2.566366e+03
  1.2260e+02     2.559323e+03
  1.2280e+02     2.552096e+03
  1.2300e+02     2.544686e+03
  1.2320e+02     2.537097e+03
  1.2340e+02     2.529331e+03
  1.2360e+02     2.521390e+03
  1.2380e+02     2.513278e+03
  1.2400e+02     2.504997e+03
  1.2420e+02     2.496550e+03
  1.2440e+02     2.487940e+03
  1.2460e+02     2.479169e+03
  1.2480e+02     2.470242e+03
  1.2500e+02     2.461160e+03
  1.2520e+02     2.451927e+03
  1.2540e+02     2.442546e+03
  1.2560e+02     2.433020e+03
  1.2580e+02     2.423352e+03
  1.2600e+02     2.413546e+03
  1.2620e+02     2.403605e+03
  1.2640e+02     2.393531e+03
  1.2660e+02     2.383329e+03
  1.2680e+02     2.373001e+03
  1.2700e+02     2.362551e+03
  1.2720e+02     2.351982e+03
  1.2740e+02     2.341298e+03
  1.2760e+02     2.330501e+03
  1.2780e+02     2.319596e+03
  1.2800e+02     2.308585e+03
  1.2820e+02     2.297472e+03
  1.2840e+02     2.286261e+03
  1.2860e+02     2.274955e+03
  1.2880e+02     2.263556e+03
  1.2900e+02     2.252070e+03
  1.2920e+02     2.240498e+03
  1.2940e+02     2.228845e+03
  1.2960e+02     2.217113e+03
  1.2980e+02     2.205307e+03
  1.3000e+02     2.193429e+03
  1.3020e+02     2.181482e+03
  1.3040e+02     2.169471e+03
  1.3060e+02     2.157399e+03
  1.3080e+02     2.145268e+03
  1.3100e+02     2.133082e+03
  1.3120e+02     2.120845e+03
  1.3140e+02     2.108559e+03
  1.3160e+02     2.096227e+03
  1.3180e+02     2.083854e+03
  1.3200e+02     2.071442e+03
  1.3220e+02     2.058993e+03
  1.3240e+02     2.046512e+03
  1.3260e+02     2.034002e+03
  1.3280e+02     2.021464e+03
  1.3300e+02     2.008903e+03
  1.3320e+02     1.996321e+03
  1.3340e+02     1.983722e+03
  1.3360e+02     1.971107e+03
  1.3380e+02     1.958480e+03
  1.3400e+02     1.945844e+03
  1.3420e+02     1.933201e+03
  1.3440e+02     1.920555e+03
  1.3460e+02     1.907907e+03
  1.3480e+02     1.895260e+03
  1.3500e+02     1.882618e+03
  1.3520e+02     1.869982e+03
  1.3540e+02     1.857356e+03
  1.3560e+02     1.844740e+03
  1.3580e+02     1.832139e+03
  1.3600e+02     1.819554e+03
  1.3620e+02     1.806988e+03
  1.3640e+02     1.794442e+03
  1.3660e+02     1.781919e+03
  1.3680e+02     1.769422e+03
  1.3700e+02     1.756952e+03
  1.3720e+02     1.744512e+03
  1.3740e+02     1.732103e+03
  1.3760e+02     1.719727e+03
  1.3780e+02     1.707387e+03
  1.3800e+02     1.695084e+03
  1.3820e+02     1.682820e+03
  1.3840e+02     1.670597e+03
  1.3860e+02     1.658416e+03
  1.3880e+02     1.646280e+03
  1.3900e+02     1.634189e+03
  1.3920e+02     1.622146e+03
  1.3940e+02     1.610152e+03
  1.3960e+02     1.598209e+03
  1.3980e+02     1.586318e+03
  1.4000e+02     1.574480e+03
  1.4020e+02     1.562697e+03
  1.4040e+02     1.550970e+03
  1.4060e+02     1.539300e+03
  1.4080e+02     1.527688e+03
  1.4100e+02     1.516137e+03
  1.4120e+02     1.504646e+03
  1.4140e+02     1.493218e+03
  1.4160e+02     1.481852e+03
  1.4180e+02     1.470550e+03
  1.4200e+02     1.459313e+03
  1.4220e+02     1.448142e+03
  1.4240e+02     1.437038e+03
  1.4260e+02     1.426002e+03
  1.4280e+02     1.415034e+03
  1.4300e+02     1.404135e+03
  1.4320e+02     1.393306e+03
  1.4340e+02     1.382547e+03
  1.4360e+02     1.371860e+03
  1.4380e+02     1.361244e+03
  1.4400e+02     1.350701e+03
  1.4420e+02     1.340231e+03
  1.4440e+02     1.329835e+03
  1.4460e+02     1.319512e+03
  1.4480e+02     1.309264e+03
  1.4500e+02     1.299090e+03
  1.4520e+02     1.288992e+03
  1.4540e+02     1.278969e+03
  1.4560e+02     1.269022e+03
  1.4580e+02     1.259151e+03
  1.4600e+02     1.249356e+03
  1.4620e+02     1.239638e+03
  1.4640e+02     1.229997e+03
  1.4660e+02     1.220432e+03
  1.4680e+02     1.210945e+03
  1.4700e+02     1.201535e+03
  1.4720e+02     1.192202e+03
  1.4740e+02     1.182947e+03
  1.4760e+02     1.173769e+03
  1.4780e+02     1.164669e+03
  1.4800e+02     1.155646e+03
  1.4820e+02     1.146700e+03
  1.4840e+02     1.137832e+03
  1.4860e+02     1.129041e+03
  1.4880e+02     1.120328e+03
  1.4900e+02     1.111691e+03
  1.4920e+02     1.103132e+03
  1.4940e+02     1.094649e+03
  1.4960e+02     1.086244e+03
  1.4980e+02     1.077914e+03
  1.5000e+02     1.069662e+03
  1.5020e+02     1.061485e+03
  1.5040e+02     1.053384e+03
  1.5060e+02     1.045360e+03
  1.5080e+02     1.037410e+03
  1.5100e+02     1.029536e+03
  1.5120e+02     1.021737e+03
  1.5140e+02     1.014012e+03
  1.5160e+02     1.006362e+03
  1.5180e+02     9.987860e+02
  1.5200e+02     9.912836e+02
  1.5220e+02     9.838545e+02
  1.5240e+02     9.764985e+02
  1.5260e+02     9.692152e+02
  1.5280e+02     9.620042e+02
  1.5300e+02     9.548652e+02
  1.5320e+02     9.477977e+02
  1.5340e+02     9.408015e+02
  1.5360e+02     9.338761e+02
  1.5380e+02     9.270211e+02
  1.5400e+02     9.202361e+02
  1.5420e+02     9.135206e+02
  1.5440e+02     9.068743e+02
  1.5460e+02     9.002968e+02
  1.5480e+02     8.937876e+02
  1.5500e+02     8.873462e+02
  1.5520e+02     8.809722e+02
  1.5540e+02     8.746652e+02
  1.5560e+02     8.684248e+02
  1.5580e+02     8.622504e+02
  1.5600e+02     8.561416e+02
  1.5620e+02     8.500980e+02
  1.5640e+02     8.441190e+02
  1.5660e+02     8.382043e+02
  1.5680e+02     8.323533e+02
  1.5700e+02     8.265656e+02
  1.5720e+02     8.208408e+02
  1.5740e+02     8.151782e+02
  1.5760e+02     8.095775e+02
  1.5780e+02     8.040382e+02
  1.5800e+02     7.985598e+02
  1.5820e+02     7.931418e+02
  1.5840e+02     7.877837e+02
  1.5860e+02     7.824851e+02
  1.5880e+02     7.772455e+02
  1.5900e+02     7.720644e+02
  1.5920e+02     7.669413e+02
  1.5940e+02     7.618758e+02
  1.5960e+02     7.568673e+02
  1.5980e+02     7.519154e+02
  1.6000e+02     7.470196e+02
  1.6020e+02     7.421794e+02
  1.6040e+02     7.373944e+02
  1.6060e+02     7.326641e+02
  1.6080e+02     7.279880e+02
  1.6100e+02     7.233657e+02
  1.6120e+02     7.187966e+02
  1.6140e+02     7.142803e+02
  1.6160e+02     7.098163e+02
  1.6180e+02     7.054043e+02
  1.6200e+02     7.010436e+02
  1.6220e+02     6.967339e+02
  1.6240e+02     6.924747e+02
  1.6260e+02     6.882655e+02
  1.6280e+02     6.841060e+02
  1.6300e+02     6.799955e+02
  1.6320e+02     6.759338e+02
  1.6340e+02     6.719203e+02
  1.6360e+02     6.679546e+02
  1.6380e+02     6.640363e+02
  1.6400e+02     6.601650e+02
  1.6420e+02     6.563401e+02
  1.6440e+02     6.525613e+02
  1.6460e+02     6.488282e+02
  1.6480e+02     6.451403e+02
  1.6500e+02     6.414972e+02
  1.6520e+02     6.378985e+02
  1.6540e+02     6.343437e+02
  1.6560e+02     6.308325e+02
  1.6580e+02     6.273645e+02
  1.6600e+02     6.239393e+02
  1.6620e+02     6.205563e+02
  1.6640e+02     6.172154e+02
  1.6660e+02     6.139160e+02
  1.6680e+02     6.106578e+02
  1.6700e+02     6.074403e+02
  1.6720e+02     6.042633e+02
  1.6740e+02     6.011263e+02
  1.6760e+02     5.980289e+02
  1.6780e+02     5.949709e+02
  1.6800e+02     5.919517e+02
  1.6820e+02     5.889711e+02
  1.6840e+02     5.860286e+02
  1.6860e+02     5.831240e+02
  1.6880e+02     5.802568e+02
  1.6900e+02     5.774268e+02
  1.6920e+02     5.746336e+02
  1.6940e+02     5.718767e+02
  1.6960e+02     5.691560e+02
  1.6980e+02     5.664710e+02
  1.7000e+02     5.638215e+02
  1.7020e+02     5.612070e+02
  1.7040e+02     5.586273e+02
  1.7060e+02     5.560820e+02
  1.7080e+02     5.535709e+02
  1.7100e+02     5.510936e+02
  1.7120e+02     5.486498e+02
  1.7140e+02     5.462391e+02
  1.7160e+02     5.438614e+02
  1.7180e+02     5.415163e+02
  1.7200e+02     5.392034e+02
  1.7220e+02     5.369226e+02
  1.7240e+02     5.346734e+02
  1.7260e+02     5.324557e+02
  1.7280e+02     5.302691e+02
  1.7300e+02     5.281134e+02
  1.7320e+02     5.259883e+02
  1.7340e+02     5.238935e+02
  1.7360e+02     5.218287e+02
  1.7380e+02     5.197937e+02
  1.7400e+02     5.177883e+02
  1.7420e+02     5.158121e+02
  1.7440e+02     5.138649e+02
  1.7460e+02     5.119464e+02
  1.7480e+02     5.100565e+02
  1.7500e+02     5.081948e+02
  1.7520e+02     5.063611e+02
  1.7540e+02     5.045552e+02
  1.7560e+02     5.027768e+02
  1.7580e+02     5.010257e+02
  1.7600e+02     4.993017e+02
  1.7620e+02     4.976046e+02
  1.7640e+02     4.959341e+02
  1.7660e+02     4.942900e+02
  1.7680e+02     4.926721e+02
  1.7700e+02     4.910801e+02
  1.7720e+02     4.895139e+02
  1.7740e+02     4.879733e+02
  1.7760e+02     4.864580e+02
  1.7780e+02     4.849679e+02
  1.7800e+02     4.835028e+02
  1.7820e+02     4.820623e+02
  1.7840e+02     4.806465e+02
  1.7860e+02     4.792550e+02
  1.7880e+02     4.778877e+02
  1.7900e+02     4.765444e+02
  1.7920e+02     4.752249e+02
  1.7940e+02     4.739291e+02
  1.7960e+02     4.726567e+02
  1.7980e+02     4.714076e+02
  1.8000e+02     4.701817e+02
  1.8020e+02     4.689787e+02
  1.8040e+02     4.677984e+02
  1.8060e+02     4.666408e+02
  1.8080e+02     4.655057e+02
  1.8100e+02     4.643929e+02
  1.8120e+02     4.633022e+02
  1.8140e+02     4.622335e+02
  1.8160e+02     4.611867e+02
  1.8180e+02     4.601616e+02
  1.8200e+02     4.591580e+02
  1.8220e+02     4.581759e+02
  1.8240e+02     4.572150e+02
  1.8260e+02     4.562753e+02
  1.8280e+02     4.553566e+02
  1.8300e+02     4.544588e+02
  1.8320e+02     4.535817e+02
  1.8340e+02     4.527252e+02
  1.8360e+02     4.518893e+02
  1.8380e+02     4.510737e+02
  1.8400e+02     4.502784e+02
  1.8420e+02     4.495032e+02
  1.8440e+02     4.487480e+02
  1.8460e+02     4.480127e+02
  1.8480e+02     4.472972e+02
  1.8500e+02     4.466015e+02
  1.8520e+02     4.459252e+02
  1.8540e+02     4.452685e+02
  1.8560e+02     4.446312e+02
  1.8580e+02     4.440131e+02
  1.8600e+02     4.434142e+02
  1.8620e+02     4.428344e+02
  1.8640e+02     4.422736e+02
  1.8660e+02     4.417316e+02
  1.8680e+02     4.412085e+02
  1.8700e+02     4.407041e+02
  1.8720e+02     4.402184e+02
  1.8740e+02     4.397512e+02
  1.8760e+02     4.393024e+02
  1.8780e+02     4.388721e+02
  1.8800e+02     4.384601e+02
  1.8820e+02     4.380663e+02
  1.8840e+02     4.376907e+02
  1.8860e+02     4.373332e+02
  1.8880e+02     4.369937e+02
  1.8900e+02     4.366722e+02
  1.8920e+02     4.363686e+02
  1.8940e+02     4.360828e+02
  1.8960e+02     4.358148e+02
  1.8980e+02     4.355645e+02
  1.9000e+02     4.353319e+02
  1.9020e+02     4.351168e+02
  1.9040e+02     4.349193e+02
  1.9060e+02     4.347393e+02
  1.9080e+02     4.345768e+02
  1.9100e+02     4.344316e+02
  1.9120e+02     4.343038e+02
  1.9140e+02     4.341933e+02
  1.9160e+02     4.341000e+02
  1.9180e+02     4.340240e+02
  1.9200e+02     4.339651e+02
  1.9220e+02     4.339234e+02
  1.9240e+02     4.338988e+02
  1.9260e+02     4.338912e+02
  1.9280e+02     4.339007e+02
  1.9300e+02     4.339272e+02
  1.9320e+02     4.339706e+02
  1.9340e+02     4.340310e+02
  1.9360e+02     4.341084e+02
  1.9380e+02     4.342026e+02
  1.9400e+02     4.343137e+02
  1.9420e+02     4.344416e+02
  1.9440e+02     4.345864e+02
  1.9460e+02     4.347480e+02
  1.9480e+02     4.349264e+02
  1.9500e+02     4.351216e+02
  1.9520e+02     4.353335e+02
  1.9540e+02     4.355622e+02
  1.9560e+02     4.358077e+02
  1.9580e+02     4.360699e+02
  1.9600e+02     4.363488e+02
  1.9620e+02     4.366444e+02
  1.9640e+02     4.369568e+02
  1.9660e+02     4.372859e+02
  1.9680e+02     4.376317e+02
  1.9700e+02     4.379942e+02
  1.9720e+02     4.383735e+02
  1.9740e+02     4.387694e+02
  1.9760e+02     4.391821e+02
  1.9780e+02     4.396116e+02
  1.9800e+02     4.400577e+02
  1.9820e+02     4.405207e+02
  1.9840e+02     4.410004e+02
  1.9860e+02     4.414968e+02
  1.9880e+02     4.420101e+02
  1.9900e+02     4.425402e+02
  1.9920e+02     4.430871e+02
  1.9940e+02     4.436508e+02
  1.9960e+02     4.442314e+02
  1.9980e+02     4.448289e+02
  2.0000e+02     4.454433e+02
  2.0020e+02     4.460746e+02
  2.0040e+02     4.467228e+02
  2.0060e+02     4.473881e+02
  2.0080e+02     4.480703e+02
  2.0100e+02     4.487696e+02
  2.0120e+02     4.494860e+02
  2.0140e+02     4.502194e+02
  2.0160e+02     4.509700e+02
  2.0180e+02     4.517378e+02
  2.0200e+02     4.525228e+02
  2.0220e+02     4.533250e+02
  2.0240e+02     4.541445e+02
  2.0260e+02     4.549813e+02
  2.0280e+02     4.558355e+02
  2.0300e+02     4.567071e+02
  2.0320e+02     4.575961e+02
  2.0340e+02     4.585026e+02
  2.0360e+02     4.594267e+02
  2.0380e+02     4.603684e+02
  2.0400e+02     4.613277e+02
  2.0420e+02     4.623048e+02
  2.0440e+02     4.632995e+02
  2.0460e+02     4.643121e+02
  2.0480e+02     4.653425e+02
  2.0500e+02     4.663908e+02
  2.0520e+02     4.674571e+02
  2.0540e+02     4.685415e+02
  2.0560e+02     4.696439e+02
  2.0580e+02     4.707644e+02
  2.0600e+02     4.719032e+02
  2.0620e+02     4.730603e+02
  2.0640e+02     4.742357e+02
  2.0660e+02     4.754295e+02
  2.0680e+02     4.766418e+02
  2.0700e+02     4.778726e+02
  2.0720e+02     4.791221e+02
  2.0740e+02     4.803902e+02
  2.0760e+02     4.816771e+02
  2.0780e+02     4.829828e+02
  2.0800e+02     4.843074e+02
  2.0820e+02     4.856511e+02
  2.0840e+02     4.870137e+02
  2.0860e+02     4.883956e+02
  2.0880e+02     4.897966e+02
  2.0900e+02     4.912170e+02
  2.0920e+02     4.926567e+02
  2.0940e+02     4.941159e+02
  2.0960e+02     4.955946e+02
  2.0980e+02     4.970930e+02
  2.1000e+02     4.986112e+02
  2.1020e+02     5.001491e+02
  2.1040e+02     5.017070e+02
  2.1060e+02     5.032848e+02
  2.1080e+02     5.048827e+02
  2.1100e+02     5.065008e+02
  2.1120e+02     5.081392e+02
  2.1140e+02     5.097980e+02
  2.1160e+02     5.114772e+02
  2.1180e+02     5.131770e+02
  2.1200e+02     5.148974e+02
  2.1220e+02     5.166386e+02
  2.1240e+02     5.184007e+02
  2.1260e+02     5.201838e+02
  2.1280e+02     5.219879e+02
  2.1300e+02     5.238131e+02
  2.1320e+02     5.256597e+02
  2.1340e+02     5.275276e+02
  2.1360e+02     5.294170e+02
  2.1380e+02     5.313281e+02
  2.1400e+02     5.332608e+02
  2.1420e+02     5.352153e+02
  2.1440e+02     5.371918e+02
  2.1460e+02     5.391903e+02
  2.1480e+02     5.412110e+02
  2.1500e+02     5.432539e+02
  2.1520e+02     5.453193e+02
  2.1540e+02     5.474071e+02
  2.1560e+02     5.495175e+02
  2.1580e+02     5.516507e+02
  2.1600e+02     5.538067e+02
  2.1620e+02     5.559857e+02
  2.1640e+02     5.581878e+02
  2.1660e+02     5.604131e+02
  2.1680e+02     5.626617e+02
  2.1700e+02     5.649338e+02
  2.1720e+02     5.672295e+02
  2.1740e+02     5.695489e+02
  2.1760e+02     5.718921e+02
  2.1780e+02     5.742593e+02
  2.1800e+02     5.766506e+02
  2.1820e+02     5.790661e+02
  2.1840e+02     5.815059e+02
  2.1860e+02     5.839702e+02
  2.1880e+02     5.864591e+02
  2.1900e+02     5.889727e+02
  2.1920e+02     5.915112e+02
  2.1940e+02     5.940747e+02
  2.1960e+02     5.966633e+02
  2.1980e+02     5.992772e+02
  2.2000e+02     6.019165e+02
  2.2020e+02     6.045813e+02
  2.2040e+02     6.072718e+02
  2.2060e+02     6.099880e+02
  2.2080e+02     6.127303e+02
  2.2100e+02     6.154985e+02
  2.2120e+02     6.182930e+02
  2.2140e+02     6.211138e+02
  2.2160e+02     6.239612e+02
  2.2180e+02     6.268351e+02
  2.2200e+02     6.297358e+02
  2.2220e+02     6.326633e+02
  2.2240e+02     6.356180e+02
  2.2260e+02     6.385997e+02
  2.2280e+02     6.416088e+02
  2.2300e+02     6.446454e+02
  2.2320e+02     6.477095e+02
  2.2340e+02     6.508014e+02
  2.2360e+02     6.539211e+02
  2.2380e+02     6.570689e+02
  2.2400e+02     6.602447e+02
  2.2420e+02     6.634489e+02
  2.2440e+02     6.666815e+02
  2.2460e+02     6.699427e+02
  2.2480e+02     6.732326e+02
  2.2500e+02     6.765513e+02
  2.2520e+02     6.798990e+02
  2.2540e+02     6.832758e+02
  2.2560e+02     6.866818e+02
  2.2580e+02     6.901173e+02
  2.2600e+02     6.935823e+02
  2.2620e+02     6.970770e+02
  2.2640e+02     7.006014e+02
  2.2660e+02     7.041558e+02
  2.2680e+02     7.077403e+02
  2.2700e+02     7.113550e+02
  2.2720e+02     7.150001e+02
  2.2740e+02     7.186756e+02
  2.2760e+02     7.223818e+02
  2.2780e+02     7.261186e+02
  2.2800e+02     7.298864e+02
  2.2820e+02     7.336851e+02
  2.2840e+02     7.375150e+02
  2.2860e+02     7.413762e+02
  2.2880e+02     7.452687e+02
  2.2900e+02     7.491928e+02
  2.2920e+02     7.531484e+02
  2.2940e+02     7.571359e+02
  2.2960e+02     7.611552e+02
  2.2980e+02     7.652065e+02
  2.3000e+02     7.692900e+02
  2.3020e+02     7.734057e+02
  2.3040e+02     7.775537e+02
  2.3060e+02     7.817342e+02
  2.3080e+02     7.859473e+02
  2.3100e+02     7.901930e+02
  2.3120e+02     7.944716e+02
  2.3140e+02     7.987830e+02
  2.3160e+02     8.031275e+02
  2.3180e+02     8.075051e+02
  2.3200e+02     8.119159e+02
  2.3220e+02     8.163600e+02
  2.3240e+02     8.208375e+02
  2.3260e+02     8.253485e+02
  2.3280e+02     8.298931e+02
  2.3300e+02     8.344713e+02
  2.3320e+02     8.390834e+02
  2.3340e+02     8.437292e+02
  2.3360e+02     8.484090e+02
  2.3380e+02     8.531228e+02
  2.3400e+02     8.578706e+02
  2.3420e+02     8.626526e+02
  2.3440e+02     8.674688e+02
  2.3460e+02     8.723193e+02
  2.3480e+02     8.772041e+02
  2.3500e+02     8.821233e+02
  2.3520e+02     8.870770e+02
  2.3540e+02     8.920652e+02
  2.3560e+02     8.970878e+02
  2.3580e+02     9.021451e+02
  2.3600e+02     9.072370e+02
  2.3620e+02     9.123636e+02
  2.3640e+02     9.175248e+02
  2.3660e+02     9.227208e+02
  2.3680e+02     9.279515e+02
  2.3700e+02     9.332169e+02
  2.3720e+02     9.385171e+02
  2.3740e+02     9.438521e+02
  2.3760e+02     9.492218e+02
  2.3780e+02     9.546263e+02
  2.3800e+02     9.600656e+02
  2.3820e+02     9.655396e+02
  2.3840e+02     9.710483e+02
  2.3860e+02     9.765918e+02
  2.3880e+02     9.821699e+02
  2.3900e+02     9.877827e+02
  2.3920e+02     9.934301e+02
  2.3940e+02     9.991120e+02
  2.3960e+02     1.004828e+03
  2.3980e+02     1.010579e+03
  2.4000e+02     1.016364e+03
  2.4020e+02     1.022184e+03
  2.4040e+02     1.028038e+03
  2.4060e+02     1.033926e+03
  2.4080e+02     1.039848e+03
  2.4100e+02     1.045804e+03
  2.4120e+02     1.051793e+03
  2.4140e+02     1.057817e+03
  2.4160e+02     1.063874e+03
  2.4180e+02     1.069965e+03
  2.4200e+02     1.076089e+03
  2.4220e+02     1.082246e+03
  2.4240e+02     1.088436e+03
  2.4260e+02     1.094660e+03
  2.4280e+02     1.100916e+03
  2.4300e+02     1.107204e+03
  2.4320e+02     1.113525e+03
  2.4340e+02     1.119878e+03
  2.4360e+02     1.126263e+03
  2.4380e+02     1.132680e+03
  2.4400e+02     1.139128e+03
  2.4420e+02     1.145608e+03
  2.4440e+02     1.152119e+03
  2.4460e+02     1.158661e+03
  2.4480e+02     1.165233e+03
  2.4500e+02     1.171836e+03
  2.4520e+02     1.178469e+03
  2.4540e+02     1.185131e+03
  2.4560e+02     1.191823e+03
  2.4580e+02     1.198544e+03
  2.4600e+02     1.205294e+03
  2.4620e+02     1.212073e+03
  2.4640e+02     1.218880e+03
  2.4660e+02     1.225715e+03
  2.4680e+02     1.232577e+03
  2.4700e+02     1.239466e+03
  2.4720e+02     1.246382e+03
  2.4740e+02     1.253325e+03
  2.4760e+02     1.260293e+03
  2.4780e+02     1.267287e+03
  2.4800e+02     1.274306e+03
  2.4820e+02     1.281350e+03
  2.4840e+02     1.288418e+03
  2.4860e+02     1.295510e+03
  2.4880e+02     1.302625e+03
  2.4900e+02     1.309764e+03
  2.4920e+02     1.316924e+03
  2.4940e+02     1.324106e+03
  2.4960e+02     1.331310e+03
  2.4980e+02     1.338534e+03
  2.5000e+02     1.345779e+03
  2.5020e+02     1.353044e+03
  2.5040e+02     1.360327e+03
  2.5060e+02     1.367629e+03
  2.5080e+02     1.374949e+03
  2.5100e+02     1.382287e+03
  2.5120e+02     1.389641e+03
  2.5140e+02     1.397011e+03
  2.5160e+02     1.404397e+03
  2.5180e+02     1.411797e+03
  2.5200e+02     1.419212e+03
  2.5220e+02     1.426640e+03
  2.5240e+02     1.434081e+03
  2.5260e+02     1.441534e+03
  2.5280e+02     1.448998e+03
  2.5300e+02     1.456473e+03
  2.5320e+02     1.463958e+03
  2.5340e+02     1.471451e+03
  2.5360e+02     1.478953e+03
  2.5380e+02     1.486463e+03
  2.5400e+02     1.493979e+03
  2.5420e+02     1.501501e+03
  2.5440e+02     1.509028e+03
  2.5460e+02     1.516559e+03
  2.5480e+02     1.524094e+03
  2.5500e+02     1.531631e+03
  2.5520e+02     1.539170e+03
  2.5540e+02     1.546709e+03
  2.5560e+02     1.554248e+03
  2.5580e+02     1.561786e+03
  2.5600e+02     1.569322e+03
  2.5620e+02     1.576855e+03
  2.5640e+02     1.584384e+03
  2.5660e+02     1.591908e+03
  2.5680e+02     1.599426e+03
  2.5700e+02     1.606937e+03
  2.5720e+02     1.614441e+03
  2.5740e+02     1.621935e+03
  2.5760e+02     1.629419e+03
  2.5780e+02     1.636892e+03
  2.5800e+02     1.644353e+03
  2.5820e+02     1.651801e+03
  2.5840e+02     1.659235e+03
  2.5860e+02     1.666653e+03
  2.5880e+02     1.674055e+03
  2.5900e+02     1.681439e+03
  2.5920e+02     1.688805e+03
  2.5940e+02     1.696151e+03
  2.5960e+02     1.703476e+03
  2.5980e+02     1.710778e+03
  2.6000e+02     1.718058e+03
  2.6020e+02     1.725313e+03
  2.6040e+02     1.732542e+03
  2.6060e+02     1.739744e+03
  2.6080e+02     1.746919e+03
  2.6100e+02     1.754064e+03
  2.6120e+02     1.761179e+03
  2.6140e+02     1.768262e+03
  2.6160e+02     1.775312e+03
  2.6180e+02     1.782328e+03
  2.6200e+02     1.789309e+03
  2.6220e+02     1.796253e+03
  2.6240e+02     1.803159e+03
  2.6260e+02     1.810026e+03
  2.6280e+02     1.816852e+03
  2.6300e+02     1.823637e+03
  2.6320e+02     1.830379e+03
  2.6340e+02     1.837077e+03
  2.6360e+02     1.843729e+03
  2.6380e+02     1.850334e+03
  2.6400e+02     1.856891e+03
  2.6420e+02     1.863399e+03
  2.6440e+02     1.869855e+03
  2.6460e+02     1.876260e+03
  2.6480e+02     1.882612e+03
  2.6500e+02     1.888909e+03
  2.6520e+02     1.895150e+03
  2.6540e+02     1.901335e+03
  2.6560e+02     1.907460e+03
  2.6580e+02     1.913526e+03
  2.6600e+02     1.919531e+03
  2.6620e+02     1.925473e+03
  2.6640e+02     1.931352e+03
  2.6660e+02     1.937166e+03
  2.6680e+02     1.942913e+03
  2.6700e+02     1.948594e+03
  2.6720e+02     1.954205e+03
  2.6740e+02     1.959747e+03
  2.6760e+02     1.965217e+03
  2.6780e+02     1.970615e+03
  2.6800e+02     1.975939e+03
  2.6820e+02     1.981188e+03
  2.6840e+02     1.986361e+03
  2.6860e+02     1.991456e+03
  2.6880e+02     1.996473e+03
  2.6900e+02     2.001410e+03
  2.6920e+02     2.006266e+03
  2.6940e+02     2.011040e+03
  2.6960e+02     2.015731e+03
  2.6980e+02     2.020337e+03
  2.7000e+02     2.024858e+03
  2.7020e+02     2.029292e+03
  2.7040e+02     2.033638e+03
  2.7060e+02     2.037895e+03
  2.7080e+02     2.042062e+03
  2.7100e+02     2.046139e+03
  2.7120e+02     2.050123e+03
  2.7140e+02     2.054014e+03
  2.7160e+02     2.057811e+03
  2.7180e+02     2.061513e+03
  2.7200e+02     2.065119e+03
  2.7220e+02     2.068628e+03
  2.7240e+02     2.072038e+03
  2.7260e+02     2.075350e+03
  2.7280e+02     2.078563e+03
  2.7300e+02     2.081675e+03
  2.7320e+02     2.084685e+03
  2.7340e+02     2.087593e+03
  2.7360e+02     2.090398e+03
  2.7380e+02     2.093099e+03
  2.7400e+02     2.095695e+03
  2.7420e+02     2.098187e+03
  2.7440e+02     2.100572e+03
  2.7460e+02     2.102850e+03
  2.7480e+02     2.105022e+03
  2.7500e+02     2.107085e+03
  2.7520e+02     2.109040e+03
  2.7540e+02     2.110885e+03
  2.7560e+02     2.112621e+03
  2.7580e+02     2.114247e+03
  2.7600e+02     2.115762e+03
  2.7620e+02     2.117166e+03
  2.7640e+02     2.118458e+03
  2.7660e+02     2.119638e+03
  2.7680e+02     2.120706e+03
  2.7700e+02     2.121662e+03
  2.7720e+02     2.122504e+03
  2.7740e+02     2.123233e+03
  2.7760e+02     2.123849e+03
  2.7780e+02     2.124351e+03
  2.7800e+02     2.124739e+03
  2.7820e+02     2.125013e+03
  2.7840e+02     2.125172e+03
  2.7860e+02     2.125218e+03
  2.7880e+02     2.125149e+03
  2.7900e+02     2.124965e+03
  2.7920e+02     2.124667e+03
  2.7940e+02     2.124255e+03
  2.7960e+02     2.123729e+03
  2.7980e+02     2.123088e+03
  2.8000e+02     2.122333e+03
  2.8020e+02     2.121465e+03
  2.8040e+02     2.120482e+03
  2.8060e+02     2.119386e+03
  2.8080e+02     2.118177e+03
  2.8100e+02     2.116854e+03
  2.8120e+02     2.115419e+03
  2.8140e+02     2.113872e+03
  2.8160e+02     2.112213e+03
  2.8180e+02     2.110442e+03
  2.8200e+02     2.108560e+03
  2.8220e+02     2.106567e+03
  2.8240e+02     2.104465e+03
  2.8260e+02     2.102252e+03
  2.8280e+02     2.099931e+03
  2.8300e+02     2.097501e+03
  2.8320e+02     2.094963e+03
  2.8340e+02     2.092318e+03
  2.8360e+02     2.089567e+03
  2.8380e+02     2.086709e+03
  2.8400e+02     2.083747e+03
  2.8420e+02     2.080680e+03
  2.8440e+02     2.077509e+03
  2.8460e+02     2.074236e+03
  2.8480e+02     2.070861e+03
  2.8500e+02     2.067385e+03
  2.8520e+02     2.063809e+03
  2.8540e+02     2.060133e+03
  2.8560e+02     2.056359e+03
  2.8580e+02     2.052488e+03
  2.8600e+02     2.048520e+03
  2.8620e+02     2.044457e+03
  2.8640e+02     2.040300e+03
  2.8660e+02     2.036049e+03
  2.8680e+02     2.031706e+03
  2.8700e+02     2.027272e+03
  2.8720e+02     2.022748e+03
  2.8740e+02     2.018135e+03
  2.8760e+02     2.013434e+03
  2.8780e+02     2.008647e+03
  2.8800e+02     2.003775e+03
  2.8820e+02     1.998818e+03
  2.8840e+02     1.993778e+03
  2.8860e+02     1.988657e+03
  2.8880e+02     1.983455e+03
  2.8900e+02     1.978174e+03
  2.8920e+02     1.972815e+03
  2.8940e+02     1.967379e+03
  2.8960e+02     1.961868e+03
  2.8980e+02     1.956283e+03
  2.9000e+02     1.950626e+03
  2.9020e+02     1.944897e+03
  2.9040e+02     1.939098e+03
  2.9060e+02     1.933230e+03
  2.9080e+02     1.927296e+03
  2.9100e+02     1.921295e+03
  2.9120e+02     1.915230e+03
  2.9140e+02     1.909101e+03
  2.9160e+02     1.902911e+03
  2.9180e+02     1.896661e+03
  2.9200e+02     1.890352e+03
  2.9220e+02     1.883985e+03
  2.9240e+02     1.877563e+03
  2.9260e+02     1.871085e+03
  2.9280e+02     1.864554e+03
  2.9300e+02     1.857972e+03
  2.9320e+02     1.851339e+03
  2.9340e+02     1.844657e+03
  2.9360e+02     1.837928e+03
  2.9380e+02     1.831152e+03
  2.9400e+02     1.824332e+03
  2.9420e+02     1.817468e+03
  2.9440e+02     1.810563e+03
  2.9460e+02     1.803617e+03
  2.9480e+02     1.796632e+03
  2.9500e+02     1.789609e+03
  2.9520e+02     1.782550e+03
  2.9540e+02     1.775456e+03
  2.9560e+02     1.768329e+03
  2.9580e+02     1.761170e+03
  2.9600e+02     1.753980e+03
  2.9620e+02     1.746761e+03
  2.9640e+02     1.739513e+03
  2.9660e+02     1.732239e+03
  2.9680e+02     1.724940e+03
  2.9700e+02     1.717617e+03
  2.9720e+02     1.710271e+03
  2.9740e+02     1.702904e+03
  2.9760e+02     1.695517e+03
  2.9780e+02     1.688111e+03
  2.9800e+02     1.680688e+03
  2.9820e+02     1.673249e+03
  2.9840e+02     1.665795e+03
  2.9860e+02     1.658327e+03
  2.9880e+02     1.650847e+03
  2.9900e+02     1.643356e+03
  2.9920e+02     1.635855e+03
  2.9940e+02     1.628345e+03
  2.9960e+02     1.620827e+03
  2.9980e+02     1.613303e+03
  3.0000e+02     1.605774e+03
  3.0020e+02     1.598241e+03
  3.0040e+02     1.590705e+03
  3.0060e+02     1.583168e+03
  3.0080e+02     1.575629e+03
  3.0100e+02     1.568091e+03
  3.0120e+02     1.560554e+03
  3.0140e+02     1.553020e+03
  3.0160e+02     1.545490e+03
  3.0180e+02     1.537964e+03
  3.0200e+02     1.530443e+03
  3.0220e+02     1.522929e+03
  3.0240e+02     1.515423e+03
  3.0260e+02     1.507925e+03
  3.0280e+02     1.500437e+03
  3.0300e+02     1.492959e+03
  3.0320e+02     1.485493e+03
  3.0340e+02     1.478038e+03
  3.0360e+02     1.470597e+03
  3.0380e+02     1.463170e+03
  3.0400e+02     1.455757e+03
  3.0420e+02     1.448360e+03
  3.0440e+02     1.440980e+03
  3.0460e+02     1.433617e+03
  3.0480e+02     1.426272e+03
  3.0500e+02     1.418946e+03
  3.0520e+02     1.411639e+03
  3.0540e+02     1.404353e+03
  3.0560e+02     1.397087e+03
  3.0580e+02     1.389844e+03
  3.0600e+02     1.382622e+03
  3.0620e+02     1.375424e+03
  3.0640e+02     1.368250e+03
  3.0660e+02     1.361100e+03
  3.0680e+02     1.353975e+03
  3.0700e+02     1.346875e+03
  3.0720e+02     1.339802e+03
  3.0740e+02     1.332755e+03
  3.0760e+02     1.325736e+03
  3.0780e+02     1.318745e+03
  3.0800e+02     1.311782e+03
  3.0820e+02     1.304848e+03
  3.0840e+02     1.297943e+03
  3.0860e+02     1.291069e+03
  3.0880e+02     1.284224e+03
  3.0900e+02     1.277411e+03
  3.0920e+02     1.270629e+03
  3.0940e+02     1.263878e+03
  3.0960e+02     1.257160e+03
  3.0980e+02     1.250474e+03
  3.1000e+02     1.243821e+03
  3.1020e+02     1.237201e+03
  3.1040e+02     1.230615e+03
  3.1060e+02     1.224063e+03
  3.1080e+02     1.217545e+03
  3.1100e+02     1.211061e+03
  3.1120e+02     1.204613e+03
  3.1140e+02     1.198200e+03
  3.1160e+02     1.191822e+03
  3.1180e+02     1.185481e+03
  3.1200e+02     1.179175e+03
  3.1220e+02     1.172905e+03
  3.1240e+02     1.166672e+03
  3.1260e+02     1.160476e+03
  3.1280e+02     1.154317e+03
  3.1300e+02     1.148195e+03
  3.1320e+02     1.142110e+03
  3.1340e+02     1.136063e+03
  3.1360e+02     1.130053e+03
  3.1380e+02     1.124081e+03
  3.1400e+02     1.118148e+03
  3.1420e+02     1.112252e+03
  3.1440e+02     1.106395e+03
  3.1460e+02     1.100576e+03
  3.1480e+02     1.094796e+03
  3.1500e+02     1.089054e+03
  3.1520e+02     1.083351e+03
  3.1540e+02     1.077687e+03
  3.1560e+02     1.072061e+03
  3.1580e+02     1.066475e+03
  3.1600e+02     1.060928e+03
  3.1620e+02     1.055419e+03
  3.1640e+02     1.049950e+03
  3.1660e+02     1.044520e+03
  3.1680e+02     1.039129e+03
  3.1700e+02     1.033777e+03
  3.1720e+02     1.028464e+03
  3.1740e+02     1.023190e+03
  3.1760e+02     1.017956e+03
  3.1780e+02     1.012761e+03
  3.1800e+02     1.007605e+03
  3.1820e+02     1.002488e+03
  3.1840e+02     9.974111e+02
  3.1860e+02     9.923725e+02
  3.1880e+02     9.873730e+02
  3.1900e+02     9.824125e+02
  3.1920e+02     9.774910e+02
  3.1940e+02     9.726084e+02
  3.1960e+02     9.677646e+02
  3.1980e+02     9.629597e+02
  3.2000e+02     9.581934e+02
  3.2020e+02     9.534658e+02
  3.2040e+02     9.487768e+02
  3.2060e+02     9.441263e+02
  3.2080e+02     9.395142e+02
  3.2100e+02     9.349404e+02
  3.2120e+02     9.304048e+02
  3.2140e+02     9.259073e+02
  3.2160e+02     9.214478e+02
  3.2180e+02     9.170262e+02
  3.2200e+02     9.126425e+02
  3.2220e+02     9.082964e+02
  3.2240e+02     9.039879e+02
  3.2260e+02     8.997168e+02
  3.2280e+02     8.954831e+02
  3.2300e+02     8.912866e+02
  3.2320e+02     8.871271e+02
  3.2340e+02     8.830046e+02
  3.2360e+02     8.789189e+02
  3.2380e+02     8.748698e+02
  3.2400e+02     8.708573e+02
  3.2420e+02     8.668812e+02
  3.2440e+02     8.629413e+02
  3.2460e+02     8.590376e+02
  3.2480e+02     8.551698e+02
  3.2500e+02     8.513378e+02
  3.2520e+02     8.475414e+02
  3.2540e+02     8.437806e+02
  3.2560e+02     8.400551e+02
  3.2580e+02     8.363648e+02
  3.2600e+02     8.327096e+02
  3.2620e+02     8.290892e+02
  3.2640e+02     8.255036e+02
  3.2660e+02     8.219525e+02
  3.2680e+02     8.184358e+02
  3.2700e+02     8.149534e+02
  3.2720e+02     8.115050e+02
  3.2740e+02     8.080906e+02
  3.2760e+02     8.047099e+02
  3.2780e+02     8.013628e+02
  3.2800e+02     7.980491e+02
  3.2820e+02     7.947686e+02
  3.2840e+02     7.915212e+02
  3.2860e+02     7.883068e+02
  3.2880e+02     7.851251e+02
  3.2900e+02     7.819759e+02
  3.2920e+02     7.788592e+02
  3.2940e+02     7.757747e+02
  3.2960e+02     7.727223e+02
  3.2980e+02     7.697017e+02
  3.3000e+02     7.667129e+02
  3.3020e+02     7.637557e+02
  3.3040e+02     7.608299e+02
  3.3060e+02     7.579352e+02
  3.3080e+02     7.550717e+02
  3.3100e+02     7.522390e+02
  3.3120e+02     7.494370e+02
  3.3140e+02     7.466656e+02
  3.3160e+02     7.439246e+02
  3.3180e+02     7.412138e+02
  3.3200e+02     7.385330e+02
  3.3220e+02     7.358821e+02
  3.3240e+02     7.332609e+02
  3.3260e+02     7.306693e+02
  3.3280e+02     7.281070e+02
  3.3300e+02     7.255740e+02
  3.3320e+02     7.230700e+02
  3.3340e+02     7.205950e+02
  3.3360e+02     7.181486e+02
  3.3380e+02     7.157308e+02
  3.3400e+02     7.133414e+02
  3.3420e+02     7.109803e+02
  3.3440e+02     7.086473e+02
  3.3460e+02     7.063422e+02
  3.3480e+02     7.040648e+02
  3.3500e+02     7.018151e+02
  3.3520e+02     6.995928e+02
  3.3540e+02     6.973978e+02
  3.3560e+02     6.952300e+02
  3.3580e+02     6.930892e+02
  3.3600e+02     6.909752e+02
  3.3620e+02     6.888879e+02
  3.3640e+02     6.868271e+02
  3.3660e+02     6.847928e+02
  3.3680e+02     6.827847e+02
  3.3700e+02     6.808026e+02
  3.3720e+02     6.788466e+02
  3.3740e+02     6.769163e+02
  3.3760e+02     6.750117e+02
  3.3780e+02     6.731326e+02
  3.3800e+02     6.712789e+02
  3.3820e+02     6.694505e+02
  3.3840e+02     6.676471e+02
  3.3860e+02     6.658687e+02
  3.3880e+02     6.641151e+02
  3.3900e+02     6.623863e+02
  3.3920e+02     6.606819e+02
  3.3940e+02     6.590020e+02
  3.3960e+02     6.573464e+02
  3.3980e+02     6.557150e+02
  3.4000e+02     6.541075e+02
  3.4020e+02     6.525240e+02
  3.4040e+02     6.509643e+02
  3.4060e+02     6.494282e+02
  3.4080e+02     6.479156e+02
  3.4100e+02     6.464264e+02
  3.4120e+02     6.449605e+02
  3.4140e+02     6.435178e+02
  3.4160e+02     6.420981e+02
  3.4180e+02     6.407013e+02
  3.4200e+02     6.393274e+02
  3.4220e+02     6.379761e+02
  3.4240e+02     6.366474e+02
  3.4260e+02     6.353412e+02
  3.4280e+02     6.340573e+02
  3.4300e+02     6.327956e+02
  3.4320e+02     6.315561e+02
  3.4340e+02     6.303386e+02
  3.4360e+02     6.291431e+02
  3.4380e+02     6.279693e+02
  3.4400e+02     6.268173e+02
  3.4420e+02     6.256869e+02
  3.4440e+02     6.245780e+02
  3.4460e+02     6.234904e+02
  3.4480e+02     6.224242e+02
  3.4500e+02     6.213793e+02
  3.4520e+02     6.203554e+02
  3.4540e+02     6.193525e+02
  3.4560e+02     6.183706e+02
  3.4580e+02     6.174095e+02
  3.4600e+02     6.164692e+02
  3.4620e+02     6.155495e+02
  3.4640e+02     6.146504e+02
  3.4660e+02     6.137718e+02
  3.4680e+02     6.129136e+02
  3.4700e+02     6.120756e+02
  3.4720e+02     6.112580e+02
  3.4740e+02     6.104604e+02
  3.4760e+02     6.096830e+02
  3.4780e+02     6.089255e+02
  3.4800e+02     6.081880e+02
  3.4820e+02     6.074702e+02
  3.4840e+02     6.067723e+02
  3.4860e+02     6.060940e+02
  3.4880e+02     6.054354e+02
  3.4900e+02     6.047962e+02
  3.4920e+02     6.041766e+02
  3.4940e+02     6.035764e+02
  3.4960e+02     6.029955e+02
  3.4980e+02     6.024339e+02
  3.5000e+02     6.018915e+02
  3.5020e+02     6.013682e+02
  3.5040e+02     6.008640e+02
  3.5060e+02     6.003789e+02
  3.5080e+02     5.999127e+02
  3.5100e+02     5.994653e+02
  3.5120e+02     5.990369e+02
  3.5140e+02     5.986272e+02
  3.5160e+02     5.982363e+02
  3.5180e+02     5.978640e+02
  3.5200e+02     5.975104e+02
  3.5220e+02     5.971753e+02
  3.5240e+02     5.968588e+02
  3.5260e+02     5.965607e+02
  3.5280e+02     5.962811e+02
  3.5300e+02     5.960198e+02
  3.5320e+02     5.957769e+02
  3.5340e+02     5.955522e+02
  3.5360e+02     5.953458e+02
  3.5380e+02     5.951576e+02
  3.5400e+02     5.949876e+02
  3.5420e+02     5.948357e+02
  3.5440e+02     5.947019e+02
  3.5460e+02     5.945861e+02
  3.5480e+02     5.944883e+02
  3.5500e+02     5.944085e+02
  3.5520e+02     5.943467e+02
  3.5540e+02     5.943027e+02
  3.5560e+02     5.942766e+02
  3.5580e+02     5.942684e+02
  3.5600e+02     5.942780e+02
  3.5620e+02     5.943053e+02
  3.5640e+02     5.943505e+02
  3.5660e+02     5.944133e+02
  3.5680e+02     5.944939e+02
  3.5700e+02     5.945921e+02
  3.5720e+02     5.947080e+02
  3.5740e+02     5.948415e+02
  3.5760e+02     5.949926e+02
  3.5780e+02     5.951613e+02
  3.5800e+02     5.953476e+02
  3.5820e+02     5.955515e+02
  3.5840e+02     5.957729e+02
  3.5860e+02     5.960118e+02
  3.5880e+02     5.962682e+02
  3.5900e+02     5.965421e+02
  3.5920e+02     5.968334e+02
  3.5940e+02     5.971423e+02
  3.5960e+02     5.974686e+02
  3.5980e+02     5.978123e+02
