# Epidemic | 7 days incidence [ x-unit: days | y-unit: per 100000 ]
  0.0000e+00     3.618006e+02
  2.0000e-01     3.596322e+02
  4.0000e-01     3.574942e+02
  6.0000e-01     3.553860e+02
  8.0000e-01     3.533073e+02
  1.0000e+00     3.512578e+02
  1.2000e+00     3.492371e+02
  1.4000e+00     3.472448e+02
  1.6000e+00     3.452807e+02
  1.8000e+00     3.433443e+02
  2.0000e+00     3.414353e+02
  2.2000e+00     3.395534e+02
  2.4000e+00     3.376983e+02
  2.6000e+00     3.358696e+02
  2.8000e+00     3.340671e+02
  3.0000e+00     3.322904e+02
  3.2000e+00     3.305392e+02
  3.4000e+00     3.288132e+02
  3.6000e+00     3.271121e+02
  3.8000e+00     3.254357e+02
  4.0000e+00     3.237836e+02
  4.2000e+00     3.221555e+02
  4.4000e+00     3.205512e+02
  4.6000e+00     3.189704e+02
  4.8000e+00     3.174128e+02
  5.0000e+00     3.158782e+02
  5.2000e+00     3.143663e+02
  5.4000e+00     3.128768e+02
  5.6000e+00     3.114095e+02
  5.8000e+00     3.099641e+02
  6.0000e+00     3.085405e+02
  6.2000e+00     3.071383e+02
  6.4000e+00     3.057572e+02
  6.6000e+00     3.043972e+02
  6.8000e+00     3.030579e+02
  7.0000e+00     3.017391e+02
  7.2000e+00     3.007878e+02
  7.4000e+00     2.998842e+02
  7.6000e+00     2.989893e+02
  7.8000e+00     2.981031e+02
  8.0000e+00     2.972254e+02
  8.2000e+00     2.963563e+02
  8.4000e+00     2.954957e+02
  8.6000e+00     2.946436e+02
  8.8000e+00     2.938001e+02
  9.0000e+00     2.929651e+02
  9.2000e+00     2.921385e+02
  9.4000e+00     2.913203e+02
  9.6000e+00     2.905105e+02
  9.8000e+00     2.897091e+02
  1.0000e+01     2.889160e+02
  1.0200e+01     2.881313e+02
  1.0400e+01     2.873549e+02
  1.0600e+01     2.865867e+02
  1.0800e+01     2.858267e+02
  1.1000e+01     2.850750e+02
  1.1200e+01     2.843315e+02
  1.1400e+01     2.835961e+02
  1.1600e+01     2.828688e+02
  1.1800e+01     2.821496e+02
  1.2000e+01     2.814385e+02
  1.2200e+01     2.807354e+02
  1.2400e+01     2.800403e+02
  1.2600e+01     2.793532e+02
  1.2800e+01     2.786741e+02
  1.3000e+01     2.780028e+02
  1.3200e+01     2.773395e+02
  1.3400e+01     2.766839e+02
  1.3600e+01     2.760362e+02
  1.3800e+01     2.753963e+02
  1.4000e+01     2.747642e+02
  1.4200e+01     2.741398e+02
  1.4400e+01     2.735231e+02
  1.4600e+01     2.729140e+02
  1.4800e+01     2.723126e+02
  1.5000e+01     2.717188e+02
  1.5200e+01     2.711325e+02
  1.5400e+01     2.705538e+02
  1.5600e+01     2.699826e+02
  1.5800e+01     2.694189e+02
  1.6000e+01     2.688626e+02
  1.6200e+01     2.683137e+02
  1.6400e+01     2.677722e+02
  1.6600e+01     2.672381e+02
  1.6800e+01     2.667113e+02
  1.7000e+01     2.661918e+02
  1.7200e+01     2.656795e+02
  1.7400e+01     2.651745e+02
  1.7600e+01     2.646766e+02
  1.7800e+01     2.641859e+02
  1.8000e+01     2.637024e+02
  1.8200e+01     2.632259e+02
  1.8400e+01     2.627565e+02
  1.8600e+01     2.622942e+02
  1.8800e+01     2.618389e+02
  1.9000e+01     2.613905e+02
  1.9200e+01     2.609491e+02
  1.9400e+01     2.605146e+02
  1.9600e+01     2.600870e+02
  1.9800e+01     2.596662e+02
  2.0000e+01     2.592523e+02
  2.0200e+01     2.588451e+02
  2.0400e+01     2.584448e+02
  2.0600e+01     2.580511e+02
  2.0800e+01     2.576642e+02
  2.1000e+01     2.572839e+02
  2.1200e+01     2.568224e+02
  2.1400e+01     2.563635e+02
  2.1600e+01     2.559171e+02
  2.1800e+01     2.554833e+02
  2.2000e+01     2.550620e+02
  2.2200e+01     2.546530e+02
  2.2400e+01     2.542563e+02
  2.2600e+01     2.538718e+02
  2.2800e+01     2.534994e+02
  2.3000e+01     2.531392e+02
  2.3200e+01     2.527909e+02
  2.3400e+01     2.524546e+02
  2.3600e+01     2.521301e+02
  2.3800e+01     2.518175e+02
  2.4000e+01     2.515166e+02
  2.4200e+01     2.512274e+02
  2.4400e+01     2.509499e+02
  2.4600e+01     2.506839e+02
  2.4800e+01     2.504295e+02
  2.5000e+01     2.501865e+02
  2.5200e+01     2.499549e+02
  2.5400e+01     2.497347e+02
  2.5600e+01     2.495258e+02
  2.5800e+01     2.493282e+02
  2.6000e+01     2.491418e+02
  2.6200e+01     2.489666e+02
  2.6400e+01     2.488025e+02
  2.6600e+01     2.486495e+02
  2.6800e+01     2.485076e+02
  2.7000e+01     2.483767e+02
  2.7200e+01     2.482568e+02
  2.7400e+01     2.481478e+02
  2.7600e+01     2.480497e+02
  2.7800e+01     2.479625e+02
  2.8000e+01     2.478861e+02
  2.8200e+01     2.478205e+02
  2.8400e+01     2.477658e+02
  2.8600e+01     2.477217e+02
  2.8800e+01     2.476884e+02
  2.9000e+01     2.476659e+02
  2.9200e+01     2.476539e+02
  2.9400e+01     2.476527e+02
  2.9600e+01     2.476621e+02
  2.9800e+01     2.476821e+02
  3.0000e+01     2.477127e+02
  3.0200e+01     2.477539e+02
  3.0400e+01     2.478056e+02
  3.0600e+01     2.478679e+02
  3.0800e+01     2.479407e+02
  3.1000e+01     2.480241e+02
  3.1200e+01     2.481179e+02
  3.1400e+01     2.482223e+02
  3.1600e+01     2.483372e+02
  3.1800e+01     2.484625e+02
  3.2000e+01     2.485984e+02
  3.2200e+01     2.487447e+02
  3.2400e+01     2.489014e+02
  3.2600e+01     2.490687e+02
  3.2800e+01     2.492464e+02
  3.3000e+01     2.494346e+02
  3.3200e+01     2.496332e+02
  3.3400e+01     2.498423e+02
  3.3600e+01     2.500619e+02
  3.3800e+01     2.502920e+02
  3.4000e+01     2.505325e+02
  3.4200e+01     2.507836e+02
  3.4400e+01     2.510451e+02
  3.4600e+01     2.513172e+02
  3.4800e+01     2.515997e+02
  3.5000e+01     2.518928e+02
  3.5200e+01     2.521964e+02
  3.5400e+01     2.525106e+02
  3.5600e+01     2.528354e+02
  3.5800e+01     2.531707e+02
  3.6000e+01     2.535167e+02
  3.6200e+01     2.538732e+02
  3.6400e+01     2.542404e+02
  3.6600e+01     2.546183e+02
  3.6800e+01     2.550068e+02
  3.7000e+01     2.554061e+02
  3.7200e+01     2.558161e+02
  3.7400e+01     2.562368e+02
  3.7600e+01     2.566683e+02
  3.7800e+01     2.571106e+02
  3.8000e+01     2.575638e+02
  3.8200e+01     2.580278e+02
  3.8400e+01     2.585027e+02
  3.8600e+01     2.589885e+02
  3.8800e+01     2.594853e+02
  3.9000e+01     2.599931e+02
  3.9200e+01     2.605119e+02
  3.9400e+01     2.610418e+02
  3.9600e+01     2.615828e+02
  3.9800e+01     2.621349e+02
  4.0000e+01     2.626982e+02
  4.0200e+01     2.632728e+02
  4.0400e+01     2.638585e+02
  4.0600e+01     2.644556e+02
  4.0800e+01     2.650641e+02
  4.1000e+01     2.656839e+02
  4.1200e+01     2.663151e+02
  4.1400e+01     2.669579e+02
  4.1600e+01     2.676122e+02
  4.1800e+01     2.682781e+02
  4.2000e+01     2.689556e+02
  4.2200e+01     2.696448e+02
  4.2400e+01     2.703457e+02
  4.2600e+01     2.710585e+02
  4.2800e+01     2.717830e+02
  4.3000e+01     2.725195e+02
  4.3200e+01     2.732680e+02
  4.3400e+01     2.740285e+02
  4.3600e+01     2.748010e+02
  4.3800e+01     2.755857e+02
  4.4000e+01     2.763826e+02
  4.4200e+01     2.771918e+02
  4.4400e+01     2.780133e+02
  4.4600e+01     2.788473e+02
  4.4800e+01     2.796936e+02
  4.5000e+01     2.805526e+02
  4.5200e+01     2.814241e+02
  4.5400e+01     2.823083e+02
  4.5600e+01     2.832052e+02
  4.5800e+01     2.841150e+02
  4.6000e+01     2.850377e+02
  4.6200e+01     2.859733e+02
  4.6400e+01     2.869220e+02
  4.6600e+01     2.878837e+02
  4.6800e+01     2.888587e+02
  4.7000e+01     2.898470e+02
  4.7200e+01     2.908487e+02
  4.7400e+01     2.918638e+02
  4.7600e+01     2.928924e+02
  4.7800e+01     2.939346e+02
  4.8000e+01     2.949905e+02
  4.8200e+01     2.960603e+02
  4.8400e+01     2.971438e+02
  4.8600e+01     2.982414e+02
  4.8800e+01     2.993530e+02
  4.9000e+01     3.004788e+02
  4.9200e+01     3.016188e+02
  4.9400e+01     3.027732e+02
  4.9600e+01     3.039420e+02
  4.9800e+01     3.051253e+02
  5.0000e+01     3.063232e+02
  5.0200e+01     3.075359e+02
  5.0400e+01     3.087635e+02
  5.0600e+01     3.100059e+02
  5.0800e+01     3.112634e+02
  5.1000e+01     3.125360e+02
  5.1200e+01     3.138239e+02
  5.1400e+01     3.151272e+02
  5.1600e+01     3.164459e+02
  5.1800e+01     3.177802e+02
  5.2000e+01     3.191302e+02
  5.2200e+01     3.204960e+02
  5.2400e+01     3.218777e+02
  5.2600e+01     3.232755e+02
  5.2800e+01     3.246894e+02
  5.3000e+01     3.261196e+02
  5.3200e+01     3.275662e+02
  5.3400e+01     3.290293e+02
  5.3600e+01     3.305090e+02
  5.3800e+01     3.320055e+02
  5.4000e+01     3.335188e+02
  5.4200e+01     3.350492e+02
  5.4400e+01     3.365967e+02
  5.4600e+01     3.381615e+02
  5.4800e+01     3.397437e+02
  5.5000e+01     3.413435e+02
  5.5200e+01     3.429609e+02
  5.5400e+01     3.445961e+02
  5.5600e+01     3.462492e+02
  5.5800e+01     3.479204e+02
  5.6000e+01     3.496099e+02
  5.6200e+01     3.513177e+02
  5.6400e+01     3.530440e+02
  5.6600e+01     3.547889e+02
  5.6800e+01     3.565527e+02
  5.7000e+01     3.583353e+02
  5.7200e+01     3.601371e+02
  5.7400e+01     3.619581e+02
  5.7600e+01     3.637985e+02
  5.7800e+01     3.656584e+02
  5.8000e+01     3.675380e+02
  5.8200e+01     3.694375e+02
  5.8400e+01     3.713569e+02
  5.8600e+01     3.732965e+02
  5.8800e+01     3.752565e+02
  5.9000e+01     3.772369e+02
  5.9200e+01     3.792380e+02
  5.9400e+01     3.812599e+02
  5.9600e+01     3.833028e+02
  5.9800e+01     3.853668e+02
  6.0000e+01     3.874521e+02
  6.0200e+01     3.895589e+02
  6.0400e+01     3.916873e+02
  6.0600e+01     3.938376e+02
  6.0800e+01     3.960099e+02
  6.1000e+01     3.982043e+02
  6.1200e+01     4.004212e+02
  6.1400e+01     4.026605e+02
  6.1600e+01     4.049225e+02
  6.1800e+01     4.072075e+02
  6.2000e+01     4.095155e+02
  6.2200e+01     4.118468e+02
  6.2400e+01     4.142015e+02
  6.2600e+01     4.165799e+02
  6.2800e+01     4.189821e+02
  6.3000e+01     4.214083e+02
  6.3200e+01     4.238587e+02
  6.3400e+01     4.263335e+02
  6.3600e+01     4.288329e+02
  6.3800e+01     4.313570e+02
  6.4000e+01     4.339062e+02
  6.4200e+01     4.364805e+02
  6.4400e+01     4.390803e+02
  6.4600e+01     4.417056e+02
  6.4800e+01     4.443567e+02
  6.5000e+01     4.470338e+02
  6.5200e+01     4.497370e+02
  6.5400e+01     4.524667e+02
  6.5600e+01     4.552230e+02
  6.5800e+01     4.580061e+02
  6.6000e+01     4.608163e+02
  6.6200e+01     4.636537e+02
  6.6400e+01     4.665185e+02
  6.6600e+01     4.694110e+02
  6.6800e+01     4.723314e+02
  6.7000e+01     4.752799e+02
  6.7200e+01     4.782567e+02
  6.7400e+01     4.812620e+02
  6.7600e+01     4.842961e+02
  6.7800e+01     4.873592e+02
  6.8000e+01     4.904515e+02
  6.8200e+01     4.935732e+02
  6.8400e+01     4.967245e+02
  6.8600e+01     4.999057e+02
  6.8800e+01     5.031170e+02
  6.9000e+01     5.063587e+02
  6.9200e+01     5.096309e+02
  6.9400e+01     5.129338e+02
  6.9600e+01     5.162678e+02
  6.9800e+01     5.196331e+02
  7.0000e+01     5.230298e+02
  7.0200e+01     5.264582e+02
  7.0400e+01     5.299186e+02
  7.0600e+01     5.334111e+02
  7.0800e+01     5.369361e+02
  7.1000e+01     5.404937e+02
  7.1200e+01     5.440842e+02
  7.1400e+01     5.477078e+02
  7.1600e+01     5.513647e+02
  7.1800e+01     5.550553e+02
  7.2000e+01     5.587797e+02
  7.2200e+01     5.625381e+02
  7.2400e+01     5.663309e+02
  7.2600e+01     5.701582e+02
  7.2800e+01     5.740204e+02
  7.3000e+01     5.779175e+02
  7.3200e+01     5.818499e+02
  7.3400e+01     5.858178e+02
  7.3600e+01     5.898215e+02
  7.3800e+01     5.938612e+02
  7.4000e+01     5.979371e+02
  7.4200e+01     6.020494e+02
  7.4400e+01     6.061985e+02
  7.4600e+01     6.103845e+02
  7.4800e+01     6.146077e+02
  7.5000e+01     6.188684e+02
  7.5200e+01     6.231667e+02
  7.5400e+01     6.275029e+02
  7.5600e+01     6.318773e+02
  7.5800e+01     6.362900e+02
  7.6000e+01     6.407414e+02
  7.6200e+01     6.452316e+02
  7.6400e+01     6.497609e+02
  7.6600e+01     6.543295e+02
  7.6800e+01     6.589377e+02
  7.7000e+01     6.635856e+02
  7.7200e+01     6.682736e+02
  7.7400e+01     6.730018e+02
  7.7600e+01     6.777705e+02
  7.7800e+01     6.825799e+02
  7.8000e+01     6.874302e+02
  7.8200e+01     6.923216e+02
  7.8400e+01     6.972544e+02
  7.8600e+01     7.022289e+02
  7.8800e+01     7.072451e+02
  7.9000e+01     7.123033e+02
  7.9200e+01     7.174038e+02
  7.9400e+01     7.225467e+02
  7.9600e+01     7.277322e+02
  7.9800e+01     7.329607e+02
  8.0000e+01     7.382321e+02
  8.0200e+01     7.435469e+02
  8.0400e+01     7.489051e+02
  8.0600e+01     7.543070e+02
  8.0800e+01     7.597527e+02
  8.1000e+01     7.652424e+02
  8.1200e+01     7.707764e+02
  8.1400e+01     7.763548e+02
  8.1600e+01     7.819777e+02
  8.1800e+01     7.876455e+02
  8.2000e+01     7.933581e+02
  8.2200e+01     7.991158e+02
  8.2400e+01     8.049188e+02
  8.2600e+01     8.107672e+02
  8.2800e+01     8.166612e+02
  8.3000e+01     8.226009e+02
  8.3200e+01     8.285864e+02
  8.3400e+01     8.346180e+02
  8.3600e+01     8.406957e+02
  8.3800e+01     8.468196e+02
  8.4000e+01     8.529899e+02
  8.4200e+01     8.592067e+02
  8.4400e+01     8.654702e+02
  8.4600e+01     8.717803e+02
  8.4800e+01     8.781373e+02
  8.5000e+01     8.845411e+02
  8.5200e+01     8.909920e+02
  8.5400e+01     8.974899e+02
  8.5600e+01     9.040350e+02
  8.5800e+01     9.106273e+02
  8.6000e+01     9.172669e+02
  8.6200e+01     9.239538e+02
  8.6400e+01     9.306880e+02
  8.6600e+01     9.374697e+02
  8.6800e+01     9.442988e+02
  8.7000e+01     9.511753e+02
  8.7200e+01     9.580993e+02
  8.7400e+01     9.650707e+02
  8.7600e+01     9.720896e+02
  8.7800e+01     9.791559e+02
  8.8000e+01     9.862696e+02
  8.8200e+01     9.934307e+02
  8.8400e+01     1.000639e+03
  8.8600e+01     1.007894e+03
  8.8800e+01     1.015197e+03
  8.9000e+01     1.022547e+03
  8.9200e+01     1.029944e+03
  8.9400e+01     1.037388e+03
  8.9600e+01     1.044879e+03
  8.9800e+01     1.052417e+03
  9.0000e+01     1.060001e+03
  9.0200e+01     1.067632e+03
  9.0400e+01     1.075308e+03
  9.0600e+01     1.083031e+03
  9.0800e+01     1.090800e+03
  9.1000e+01     1.098615e+03
  9.1200e+01     1.106475e+03
  9.1400e+01     1.114381e+03
  9.1600e+01     1.122331e+03
  9.1800e+01     1.130327e+03
  9.2000e+01     1.138367e+03
  9.2200e+01     1.146451e+03
  9.2400e+01     1.154579e+03
  9.2600e+01     1.162751e+03
  9.2800e+01     1.170966e+03
  9.3000e+01     1.179225e+03
  9.3200e+01     1.187526e+03
  9.3400e+01     1.195869e+03
  9.3600e+01     1.204254e+03
  9.3800e+01     1.212681e+03
  9.4000e+01     1.221149e+03
  9.4200e+01     1.229658e+03
  9.4400e+01     1.238206e+03
  9.4600e+01     1.246795e+03
  9.4800e+01     1.255423e+03
  9.5000e+01     1.264089e+03
  9.5200e+01     1.272794e+03
  9.5400e+01     1.281537e+03
  9.5600e+01     1.290317e+03
  9.5800e+01     1.299133e+03
  9.6000e+01     1.307985e+03
  9.6200e+01     1.316873e+03
  9.6400e+01     1.325795e+03
  9.6600e+01     1.334752e+03
  9.6800e+01     1.343742e+03
  9.7000e+01     1.352765e+03
  9.7200e+01     1.361819e+03
  9.7400e+01     1.370905e+03
  9.7600e+01     1.380022e+03
  9.7800e+01     1.389168e+03
  9.8000e+01     1.398343e+03
  9.8200e+01     1.407546e+03
  9.8400e+01     1.416777e+03
  9.8600e+01     1.426034e+03
  9.8800e+01     1.435316e+03
  9.9000e+01     1.444624e+03
  9.9200e+01     1.453954e+03
  9.9400e+01     1.463308e+03
  9.9600e+01     1.472684e+03
  9.9800e+01     1.482080e+03
  1.0000e+02     1.491496e+03
  1.0020e+02     1.500931e+03
  1.0040e+02     1.510384e+03
  1.0060e+02     1.519853e+03
  1.0080e+02     1.529338e+03
  1.0100e+02     1.538838e+03
  1.0120e+02     1.548350e+03
  1.0140e+02     1.557875e+03
  1.0160e+02     1.567410e+03
  1.0180e+02     1.576956e+03
  1.0200e+02     1.586510e+03
  1.0220e+02     1.596071e+03
  1.0240e+02     1.605637e+03
  1.0260e+02     1.615209e+03
  1.0280e+02     1.624784e+03
  1.0300e+02     1.634361e+03
  1.0320e+02     1.643938e+03
  1.0340e+02     1.653514e+03
  1.0360e+02     1.663089e+03
  1.0380e+02     1.672659e+03
  1.0400e+02     1.682225e+03
  1.0420e+02     1.691783e+03
  1.0440e+02     1.701334e+03
  1.0460e+02     1.710875e+03
  1.0480e+02     1.720405e+03
  1.0500e+02     1.729922e+03
  1.0520e+02     1.739425e+03
  1.0540e+02     1.748912e+03
  1.0560e+02     1.758381e+03
  1.0580e+02     1.767831e+03
  1.0600e+02     1.777260e+03
  1.0620e+02     1.786666e+03
  1.0640e+02     1.796049e+03
  1.0660e+02     1.805405e+03
  1.0680e+02     1.814734e+03
  1.0700e+02     1.824033e+03
  1.0720e+02     1.833300e+03
  1.0740e+02     1.842535e+03
  1.0760e+02     1.851735e+03
  1.0780e+02     1.860898e+03
  1.0800e+02     1.870023e+03
  1.0820e+02     1.879107e+03
  1.0840e+02     1.888149e+03
  1.0860e+02     1.897147e+03
  1.0880e+02     1.906098e+03
  1.0900e+02     1.915002e+03
  1.0920e+02     1.923856e+03
  1.0940e+02     1.932659e+03
  1.0960e+02     1.941407e+03
  1.0980e+02     1.950100e+03
  1.1000e+02     1.958736e+03
  1.1020e+02     1.967311e+03
  1.1040e+02     1.975826e+03
  1.1060e+02     1.984276e+03
  1.1080e+02     1.992662e+03
  1.1100e+02     2.000979e+03
  1.1120e+02     2.009227e+03
  1.1140e+02     2.017404e+03
  1.1160e+02     2.025507e+03
  1.1180e+02     2.033535e+03
  1.1200e+02     2.041485e+03
  1.1220e+02     2.049356e+03
  1.1240e+02     2.057145e+03
  1.1260e+02     2.064851e+03
  1.1280e+02     2.072471e+03
  1.1300e+02     2.080004e+03
  1.1320e+02     2.087447e+03
  1.1340e+02     2.094799e+03
  1.1360e+02     2.102057e+03
  1.1380e+02     2.109220e+03
  1.1400e+02     2.116286e+03
  1.1420e+02     2.123252e+03
  1.1440e+02     2.130117e+03
  1.1460e+02     2.136879e+03
  1.1480e+02     2.143535e+03
  1.1500e+02     2.150085e+03
  1.1520e+02     2.156526e+03
  1.1540e+02     2.162856e+03
  1.1560e+02     2.169073e+03
  1.1580e+02     2.175176e+03
  1.1600e+02     2.181162e+03
  1.1620e+02     2.187031e+03
  1.1640e+02     2.192780e+03
  1.1660e+02     2.198407e+03
  1.1680e+02     2.203910e+03
  1.1700e+02     2.209289e+03
  1.1720e+02     2.214541e+03
  1.1740e+02     2.219665e+03
  1.1760e+02     2.224659e+03
  1.1780e+02     2.229521e+03
  1.1800e+02     2.234250e+03
  1.1820e+02     2.238844e+03
  1.1840e+02     2.243302e+03
  1.1860e+02     2.247623e+03
  1.1880e+02     2.251804e+03
  1.1900e+02     2.255845e+03
  1.1920e+02     2.259744e+03
  1.1940e+02     2.263500e+03
  1.1960e+02     2.267112e+03
  1.1980e+02     2.270578e+03
  1.2000e+02     2.273897e+03
  1.2020e+02     2.277067e+03
  1.2040e+02     2.280089e+03
  1.2060e+02     2.282960e+03
  1.2080e+02     2.285680e+03
  1.2100e+02     2.288248e+03
  1.2120e+02     2.290663e+03
  1.2140e+02     2.292923e+03
  1.2160e+02     2.295028e+03
  1.2180e+02     2.296977e+03
  1.2200e+02     2.298770e+03
  1.2220e+02     2.300406e+03
  1.2240e+02     2.301883e+03
  1.2260e+02     2.303202e+03
  1.2280e+02     2.304362e+03
  1.2300e+02     2.305362e+03
  1.2320e+02     2.306201e+03
  1.2340e+02     2.306881e+03
  1.2360e+02     2.307399e+03
  1.2380e+02     2.307756e+03
  1.2400e+02     2.307952e+03
  1.2420e+02     2.307985e+03
  1.2440e+02     2.307858e+03
  1.2460e+02     2.307568e+03
  1.2480e+02     2.307116e+03
  1.2500e+02     2.306502e+03
  1.2520e+02     2.305726e+03
  1.2540e+02     2.304789e+03
  1.2560e+02     2.303689e+03
  1.2580e+02     2.302429e+03
  1.2600e+02     2.301007e+03
  1.2620e+02     2.299425e+03
  1.2640e+02     2.297682e+03
  1.2660e+02     2.295780e+03
  1.2680e+02     2.293717e+03
  1.2700e+02     2.291497e+03
  1.2720e+02     2.289117e+03
  1.2740e+02     2.286581e+03
  1.2760e+02     2.283887e+03
  1.2780e+02     2.281037e+03
  1.2800e+02     2.278032e+03
  1.2820e+02     2.274873e+03
  1.2840e+02     2.271560e+03
  1.2860e+02     2.268094e+03
  1.2880e+02     2.264477e+03
  1.2900e+02     2.260710e+03
  1.2920e+02     2.256793e+03
  1.2940e+02     2.252728e+03
  1.2960e+02     2.248516e+03
  1.2980e+02     2.244158e+03
  1.3000e+02     2.239656e+03
  1.3020e+02     2.235011e+03
  1.3040e+02     2.230224e+03
  1.3060e+02     2.225297e+03
  1.3080e+02     2.220231e+03
  1.3100e+02     2.215028e+03
  1.3120e+02     2.209689e+03
  1.3140e+02     2.204216e+03
  1.3160e+02     2.198611e+03
  1.3180e+02     2.192875e+03
  1.3200e+02     2.187009e+03
  1.3220e+02     2.181017e+03
  1.3240e+02     2.174899e+03
  1.3260e+02     2.168657e+03
  1.3280e+02     2.162293e+03
  1.3300e+02     2.155809e+03
  1.3320e+02     2.149207e+03
  1.3340e+02     2.142489e+03
  1.3360e+02     2.135656e+03
  1.3380e+02     2.128712e+03
  1.3400e+02     2.121657e+03
  1.3420e+02     2.114493e+03
  1.3440e+02     2.107224e+03
  1.3460e+02     2.099850e+03
  1.3480e+02     2.092375e+03
  1.3500e+02     2.084799e+03
  1.3520e+02     2.077126e+03
  1.3540e+02     2.069357e+03
  1.3560e+02     2.061494e+03
  1.3580e+02     2.053540e+03
  1.3600e+02     2.045497e+03
  1.3620e+02     2.037367e+03
  1.3640e+02     2.029153e+03
  1.3660e+02     2.020855e+03
  1.3680e+02     2.012478e+03
  1.3700e+02     2.004022e+03
  1.3720e+02     1.995490e+03
  1.3740e+02     1.986885e+03
  1.3760e+02     1.978209e+03
  1.3780e+02     1.969463e+03
  1.3800e+02     1.960650e+03
  1.3820e+02     1.951773e+03
  1.3840e+02     1.942833e+03
  1.3860e+02     1.933833e+03
  1.3880e+02     1.924774e+03
  1.3900e+02     1.915661e+03
  1.3920e+02     1.906493e+03
  1.3940e+02     1.897274e+03
  1.3960e+02     1.888006e+03
  1.3980e+02     1.878691e+03
  1.4000e+02     1.869331e+03
  1.4020e+02     1.859928e+03
  1.4040e+02     1.850485e+03
  1.4060e+02     1.841004e+03
  1.4080e+02     1.831486e+03
  1.4100e+02     1.821935e+03
  1.4120e+02     1.812351e+03
  1.4140e+02     1.802737e+03
  1.4160e+02     1.793095e+03
  1.4180e+02     1.783428e+03
  1.4200e+02     1.773737e+03
  1.4220e+02     1.764024e+03
  1.4240e+02     1.754291e+03
  1.4260e+02     1.744540e+03
  1.4280e+02     1.734773e+03
  1.4300e+02     1.724992e+03
  1.4320e+02     1.715199e+03
  1.4340e+02     1.705396e+03
  1.4360e+02     1.695584e+03
  1.4380e+02     1.685766e+03
  1.4400e+02     1.675943e+03
  1.4420e+02     1.666117e+03
  1.4440e+02     1.656290e+03
  1.4460e+02     1.646463e+03
  1.4480e+02     1.636639e+03
  1.4500e+02     1.626818e+03
  1.4520e+02     1.617003e+03
  1.4540e+02     1.607195e+03
  1.4560e+02     1.597395e+03
  1.4580e+02     1.587606e+03
  1.4600e+02     1.577828e+03
  1.4620e+02     1.568064e+03
  1.4640e+02     1.558315e+03
  1.4660e+02     1.548581e+03
  1.4680e+02     1.538865e+03
  1.4700e+02     1.529169e+03
  1.4720e+02     1.519492e+03
  1.4740e+02     1.509838e+03
  1.4760e+02     1.500206e+03
  1.4780e+02     1.490598e+03
  1.4800e+02     1.481016e+03
  1.4820e+02     1.471461e+03
  1.4840e+02     1.461934e+03
  1.4860e+02     1.452435e+03
  1.4880e+02     1.442967e+03
  1.4900e+02     1.433530e+03
  1.4920e+02     1.424126e+03
  1.4940e+02     1.414755e+03
  1.4960e+02     1.405418e+03
  1.4980e+02     1.396116e+03
  1.5000e+02     1.386851e+03
  1.5020e+02     1.377624e+03
  1.5040e+02     1.368434e+03
  1.5060e+02     1.359284e+03
  1.5080e+02     1.350173e+03
  1.5100e+02     1.341103e+03
  1.5120e+02     1.332075e+03
  1.5140e+02     1.323089e+03
  1.5160e+02     1.314146e+03
  1.5180e+02     1.305247e+03
  1.5200e+02     1.296392e+03
  1.5220e+02     1.287582e+03
  1.5240e+02     1.278818e+03
  1.5260e+02     1.270101e+03
  1.5280e+02     1.261430e+03
  1.5300e+02     1.252807e+03
  1.5320e+02     1.244232e+03
  1.5340e+02     1.235705e+03
  1.5360e+02     1.227228e+03
  1.5380e+02     1.218800e+03
  1.5400e+02     1.210422e+03
  1.5420e+02     1.202094e+03
  1.5440e+02     1.193818e+03
  1.5460e+02     1.185592e+03
  1.5480e+02     1.177418e+03
  1.5500e+02     1.169296e+03
  1.5520e+02     1.161227e+03
  1.5540e+02     1.153209e+03
  1.5560e+02     1.145245e+03
  1.5580e+02     1.137334e+03
  1.5600e+02     1.129476e+03
  1.5620e+02     1.121672e+03
  1.5640e+02     1.113921e+03
  1.5660e+02     1.106224e+03
  1.5680e+02     1.098582e+03
  1.5700e+02     1.090994e+03
  1.5720e+02     1.083460e+03
  1.5740e+02     1.075981e+03
  1.5760e+02     1.068557e+03
  1.5780e+02     1.061187e+03
  1.5800e+02     1.053873e+03
  1.5820e+02     1.046613e+03
  1.5840e+02     1.039408e+03
  1.5860e+02     1.032258e+03
  1.5880e+02     1.025163e+03
  1.5900e+02     1.018124e+03
  1.5920e+02     1.011139e+03
  1.5940e+02     1.004209e+03
  1.5960e+02     9.973349e+02
  1.5980e+02     9.905151e+02
  1.6000e+02     9.837503e+02
  1.6020e+02     9.770404e+02
  1.6040e+02     9.703851e+02
  1.6060e+02     9.637846e+02
  1.6080e+02     9.572387e+02
  1.6100e+02     9.507472e+02
  1.6120e+02     9.443101e+02
  1.6140e+02     9.379273e+02
  1.6160e+02     9.315985e+02
  1.6180e+02     9.253237e+02
  1.6200e+02     9.191028e+02
  1.6220e+02     9.129354e+02
  1.6240e+02     9.068216e+02
  1.6260e+02     9.007611e+02
  1.6280e+02     8.947537e+02
  1.6300e+02     8.887993e+02
  1.6320e+02     8.828976e+02
  1.6340e+02     8.770485e+02
  1.6360e+02     8.712517e+02
  1.6380e+02     8.655070e+02
  1.6400e+02     8.598142e+02
  1.6420e+02     8.541731e+02
  1.6440e+02     8.485834e+02
  1.6460e+02     8.430450e+02
  1.6480e+02     8.375575e+02
  1.6500e+02     8.321207e+02
  1.6520e+02     8.267344e+02
  1.6540e+02     8.213983e+02
  1.6560e+02     8.161122e+02
  1.6580e+02     8.108757e+02
  1.6600e+02     8.056887e+02
  1.6620e+02     8.005508e+02
  1.6640e+02     7.954618e+02
  1.6660e+02     7.904214e+02
  1.6680e+02     7.854293e+02
  1.6700e+02     7.804853e+02
  1.6720e+02     7.755890e+02
  1.6740e+02     7.707402e+02
  1.6760e+02     7.659386e+02
  1.6780e+02     7.611838e+02
  1.6800e+02     7.564757e+02
  1.6820e+02     7.518138e+02
  1.6840e+02     7.471980e+02
  1.6860e+02     7.426279e+02
  1.6880e+02     7.381031e+02
  1.6900e+02     7.336235e+02
  1.6920e+02     7.291887e+02
  1.6940e+02     7.247984e+02
  1.6960e+02     7.204523e+02
  1.6980e+02     7.161500e+02
  1.7000e+02     7.118914e+02
  1.7020e+02     7.076761e+02
  1.7040e+02     7.035037e+02
  1.7060e+02     6.993740e+02
  1.7080e+02     6.952867e+02
  1.7100e+02     6.912414e+02
  1.7120e+02     6.872379e+02
  1.7140e+02     6.832758e+02
  1.7160e+02     6.793549e+02
  1.7180e+02     6.754748e+02
  1.7200e+02     6.716353e+02
  1.7220e+02     6.678360e+02
  1.7240e+02     6.640766e+02
  1.7260e+02     6.603568e+02
  1.7280e+02     6.566764e+02
  1.7300e+02     6.530350e+02
  1.7320e+02     6.494323e+02
  1.7340e+02     6.458680e+02
  1.7360e+02     6.423419e+02
  1.7380e+02     6.388536e+02
  1.7400e+02     6.354028e+02
  1.7420e+02     6.319892e+02
  1.7440e+02     6.286126e+02
  1.7460e+02     6.252727e+02
  1.7480e+02     6.219690e+02
  1.7500e+02     6.187015e+02
  1.7520e+02     6.154698e+02
  1.7540e+02     6.122735e+02
  1.7560e+02     6.091124e+02
  1.7580e+02     6.059863e+02
  1.7600e+02     6.028948e+02
  1.7620e+02     5.998377e+02
  1.7640e+02     5.968147e+02
  1.7660e+02     5.938254e+02
  1.7680e+02     5.908697e+02
  1.7700e+02     5.879473e+02
  1.7720e+02     5.850578e+02
  1.7740e+02     5.822011e+02
  1.7760e+02     5.793768e+02
  1.7780e+02     5.765847e+02
  1.7800e+02     5.738245e+02
  1.7820e+02     5.710959e+02
  1.7840e+02     5.683988e+02
  1.7860e+02     5.657328e+02
  1.7880e+02     5.630977e+02
  1.7900e+02     5.604932e+02
  1.7920e+02     5.579191e+02
  1.7940e+02     5.553751e+02
  1.7960e+02     5.528610e+02
  1.7980e+02     5.503765e+02
  1.8000e+02     5.479214e+02
  1.8020e+02     5.454955e+02
  1.8040e+02     5.430984e+02
  1.8060e+02     5.407300e+02
  1.8080e+02     5.383901e+02
  1.8100e+02     5.360784e+02
  1.8120e+02     5.337946e+02
  1.8140e+02     5.315386e+02
  1.8160e+02     5.293100e+02
  1.8180e+02     5.271088e+02
  1.8200e+02     5.249346e+02
  1.8220e+02     5.227873e+02
  1.8240e+02     5.206666e+02
  1.8260e+02     5.185723e+02
  1.8280e+02     5.165042e+02
  1.8300e+02     5.144621e+02
  1.8320e+02     5.124457e+02
  1.8340e+02     5.104550e+02
  1.8360e+02     5.084895e+02
  1.8380e+02     5.065493e+02
  1.8400e+02     5.046340e+02
  1.8420e+02     5.027434e+02
  1.8440e+02     5.008774e+02
  1.8460e+02     4.990358e+02
  1.8480e+02     4.972183e+02
  1.8500e+02     4.954249e+02
  1.8520e+02     4.936552e+02
  1.8540e+02     4.919091e+02
  1.8560e+02     4.901864e+02
  1.8580e+02     4.884870e+02
  1.8600e+02     4.868106e+02
  1.8620e+02     4.851572e+02
  1.8640e+02     4.835264e+02
  1.8660e+02     4.819181e+02
  1.8680e+02     4.803322e+02
  1.8700e+02     4.787685e+02
  1.8720e+02     4.772269e+02
  1.8740e+02     4.757070e+02
  1.8760e+02     4.742089e+02
  1.8780e+02     4.727323e+02
  1.8800e+02     4.712770e+02
  1.8820e+02     4.698430e+02
  1.8840e+02     4.684300e+02
  1.8860e+02     4.670379e+02
  1.8880e+02     4.656666e+02
  1.8900e+02     4.643159e+02
  1.8920e+02     4.629856e+02
  1.8940e+02     4.616756e+02
  1.8960e+02     4.603858e+02
  1.8980e+02     4.591160e+02
  1.9000e+02     4.578661e+02
  1.9020e+02     4.566359e+02
  1.9040e+02     4.554254e+02
  1.9060e+02     4.542343e+02
  1.9080e+02     4.530625e+02
  1.9100e+02     4.519099e+02
  1.9120e+02     4.507764e+02
  1.9140e+02     4.496619e+02
  1.9160e+02     4.485661e+02
  1.9180e+02     4.474891e+02
  1.9200e+02     4.464306e+02
  1.9220e+02     4.453906e+02
  1.9240e+02     4.443690e+02
  1.9260e+02     4.433655e+02
  1.9280e+02     4.423802e+02
  1.9300e+02     4.414128e+02
  1.9320e+02     4.404633e+02
  1.9340e+02     4.395316e+02
  1.9360e+02     4.386176e+02
  1.9380e+02     4.377211e+02
  1.9400e+02     4.368421e+02
  1.9420e+02     4.359804e+02
  1.9440e+02     4.351359e+02
  1.9460e+02     4.343086e+02
  1.9480e+02     4.334983e+02
  1.9500e+02     4.327050e+02
  1.9520e+02     4.319285e+02
  1.9540e+02     4.311688e+02
  1.9560e+02     4.304258e+02
  1.9580e+02     4.296993e+02
  1.9600e+02     4.289894e+02
  1.9620e+02     4.282958e+02
  1.9640e+02     4.276186e+02
  1.9660e+02     4.269575e+02
  1.9680e+02     4.263127e+02
  1.9700e+02     4.256839e+02
  1.9720e+02     4.250711e+02
  1.9740e+02     4.244742e+02
  1.9760e+02     4.238931e+02
  1.9780e+02     4.233278e+02
  1.9800e+02     4.227781e+02
  1.9820e+02     4.222441e+02
  1.9840e+02     4.217256e+02
  1.9860e+02     4.212226e+02
  1.9880e+02     4.207350e+02
  1.9900e+02     4.202628e+02
  1.9920e+02     4.198058e+02
  1.9940e+02     4.193640e+02
  1.9960e+02     4.189374e+02
  1.9980e+02     4.185258e+02
  2.0000e+02     4.181293e+02
  2.0020e+02     4.177477e+02
  2.0040e+02     4.173810e+02
  2.0060e+02     4.170292e+02
  2.0080e+02     4.166922e+02
  2.0100e+02     4.163700e+02
  2.0120e+02     4.160624e+02
  2.0140e+02     4.157695e+02
  2.0160e+02     4.154912e+02
  2.0180e+02     4.152274e+02
  2.0200e+02     4.149781e+02
  2.0220e+02     4.147433e+02
  2.0240e+02     4.145229e+02
  2.0260e+02     4.143168e+02
  2.0280e+02     4.141251e+02
  2.0300e+02     4.139477e+02
  2.0320e+02     4.137845e+02
  2.0340e+02     4.136355e+02
  2.0360e+02     4.135007e+02
  2.0380e+02     4.133800e+02
  2.0400e+02     4.132735e+02
  2.0420e+02     4.131810e+02
  2.0440e+02     4.131025e+02
  2.0460e+02     4.130381e+02
  2.0480e+02     4.129876e+02
  2.0500e+02     4.129511e+02
  2.0520e+02     4.129285e+02
  2.0540e+02     4.129198e+02
  2.0560e+02     4.129250e+02
  2.0580e+02     4.129440e+02
  2.0600e+02     4.129769e+02
  2.0620e+02     4.130235e+02
  2.0640e+02     4.130839e+02
  2.0660e+02     4.131581e+02
  2.0680e+02     4.132461e+02
  2.0700e+02     4.133478e+02
  2.0720e+02     4.134632e+02
  2.0740e+02     4.135923e+02
  2.0760e+02     4.137350e+02
  2.0780e+02     4.138915e+02
  2.0800e+02     4.140616e+02
  2.0820e+02     4.142454e+02
  2.0840e+02     4.144428e+02
  2.0860e+02     4.146538e+02
  2.0880e+02     4.148785e+02
  2.0900e+02     4.151167e+02
  2.0920e+02     4.153686e+02
  2.0940e+02     4.156341e+02
  2.0960e+02     4.159132e+02
  2.0980e+02     4.162060e+02
  2.1000e+02     4.165123e+02
  2.1020e+02     4.168322e+02
  2.1040e+02     4.171657e+02
  2.1060e+02     4.175129e+02
  2.1080e+02     4.178736e+02
  2.1100e+02     4.182480e+02
  2.1120e+02     4.186360e+02
  2.1140e+02     4.190376e+02
  2.1160e+02     4.194528e+02
  2.1180e+02     4.198817e+02
  2.1200e+02     4.203242e+02
  2.1220e+02     4.207804e+02
  2.1240e+02     4.212502e+02
  2.1260e+02     4.217338e+02
  2.1280e+02     4.222310e+02
  2.1300e+02     4.227419e+02
  2.1320e+02     4.232666e+02
  2.1340e+02     4.238050e+02
  2.1360e+02     4.243571e+02
  2.1380e+02     4.249230e+02
  2.1400e+02     4.255027e+02
  2.1420e+02     4.260963e+02
  2.1440e+02     4.267036e+02
  2.1460e+02     4.273248e+02
  2.1480e+02     4.279599e+02
  2.1500e+02     4.286088e+02
  2.1520e+02     4.292717e+02
  2.1540e+02     4.299486e+02
  2.1560e+02     4.306394e+02
  2.1580e+02     4.313442e+02
  2.1600e+02     4.320630e+02
  2.1620e+02     4.327959e+02
  2.1640e+02     4.335428e+02
  2.1660e+02     4.343039e+02
  2.1680e+02     4.350792e+02
  2.1700e+02     4.358685e+02
  2.1720e+02     4.366722e+02
  2.1740e+02     4.374900e+02
  2.1760e+02     4.383221e+02
  2.1780e+02     4.391686e+02
  2.1800e+02     4.400294e+02
  2.1820e+02     4.409046e+02
  2.1840e+02     4.417942e+02
  2.1860e+02     4.426982e+02
  2.1880e+02     4.436168e+02
  2.1900e+02     4.445499e+02
  2.1920e+02     4.454976e+02
  2.1940e+02     4.464600e+02
  2.1960e+02     4.474370e+02
  2.1980e+02     4.484287e+02
  2.2000e+02     4.494351e+02
  2.2020e+02     4.504564e+02
  2.2040e+02     4.514926e+02
  2.2060e+02     4.525436e+02
  2.2080e+02     4.536096e+02
  2.2100e+02     4.546905e+02
  2.2120e+02     4.557866e+02
  2.2140e+02     4.568977e+02
  2.2160e+02     4.580239e+02
  2.2180e+02     4.591654e+02
  2.2200e+02     4.603221e+02
  2.2220e+02     4.614941e+02
  2.2240e+02     4.626815e+02
  2.2260e+02     4.638843e+02
  2.2280e+02     4.651025e+02
  2.2300e+02     4.663363e+02
  2.2320e+02     4.675857e+02
  2.2340e+02     4.688507e+02
  2.2360e+02     4.701314e+02
  2.2380e+02     4.714278e+02
  2.2400e+02     4.727401e+02
  2.2420e+02     4.740683e+02
  2.2440e+02     4.754124e+02
  2.2460e+02     4.767725e+02
  2.2480e+02     4.781487e+02
  2.2500e+02     4.795410e+02
  2.2520e+02     4.809495e+02
  2.2540e+02     4.823743e+02
  2.2560e+02     4.838154e+02
  2.2580e+02     4.852728e+02
  2.2600e+02     4.867468e+02
  2.2620e+02     4.882373e+02
  2.2640e+02     4.897443e+02
  2.2660e+02     4.912681e+02
  2.2680e+02     4.928085e+02
  2.2700e+02     4.943658e+02
  2.2720e+02     4.959400e+02
  2.2740e+02     4.975311e+02
  2.2760e+02     4.991392e+02
  2.2780e+02     5.007644e+02
  2.2800e+02     5.024068e+02
  2.2820e+02     5.040664e+02
  2.2840e+02     5.057434e+02
  2.2860e+02     5.074377e+02
  2.2880e+02     5.091495e+02
  2.2900e+02     5.108788e+02
  2.2920e+02     5.126258e+02
  2.2940e+02     5.143904e+02
  2.2960e+02     5.161728e+02
  2.2980e+02     5.179731e+02
  2.3000e+02     5.197913e+02
  2.3020e+02     5.216275e+02
  2.3040e+02     5.234819e+02
  2.3060e+02     5.253543e+02
  2.3080e+02     5.272451e+02
  2.3100e+02     5.291541e+02
  2.3120e+02     5.310816e+02
  2.3140e+02     5.330276e+02
  2.3160e+02     5.349921e+02
  2.3180e+02     5.369754e+02
  2.3200e+02     5.389773e+02
  2.3220e+02     5.409981e+02
  2.3240e+02     5.430378e+02
  2.3260e+02     5.450965e+02
  2.3280e+02     5.471743e+02
  2.3300e+02     5.492712e+02
  2.3320e+02     5.513874e+02
  2.3340e+02     5.535230e+02
  2.3360e+02     5.556779e+02
  2.3380e+02     5.578524e+02
  2.3400e+02     5.600465e+02
  2.3420e+02     5.622602e+02
  2.3440e+02     5.644937e+02
  2.3460e+02     5.667471e+02
  2.3480e+02     5.690204e+02
  2.3500e+02     5.713138e+02
  2.3520e+02     5.736272e+02
  2.3540e+02     5.759609e+02
  2.3560e+02     5.783149e+02
  2.3580e+02     5.806892e+02
  2.3600e+02     5.830840e+02
  2.3620e+02     5.854994e+02
  2.3640e+02     5.879354e+02
  2.3660e+02     5.903922e+02
  2.3680e+02     5.928697e+02
  2.3700e+02     5.953682e+02
  2.3720e+02     5.978877e+02
  2.3740e+02     6.004282e+02
  2.3760e+02     6.029900e+02
  2.3780e+02     6.055729e+02
  2.3800e+02     6.081773e+02
  2.3820e+02     6.108030e+02
  2.3840e+02     6.134503e+02
  2.3860e+02     6.161192e+02
  2.3880e+02     6.188098e+02
  2.3900e+02     6.215222e+02
  2.3920e+02     6.242564e+02
  2.3940e+02     6.270126e+02
  2.3960e+02     6.297908e+02
  2.3980e+02     6.325912e+02
  2.4000e+02     6.354137e+02
  2.4020e+02     6.382586e+02
  2.4040e+02     6.411258e+02
  2.4060e+02     6.440155e+02
  2.4080e+02     6.469277e+02
  2.4100e+02     6.498625e+02
  2.4120e+02     6.528201e+02
  2.4140e+02     6.558004e+02
  2.4160e+02     6.588036e+02
  2.4180e+02     6.618297e+02
  2.4200e+02     6.648789e+02
  2.4220e+02     6.679511e+02
  2.4240e+02     6.710466e+02
  2.4260e+02     6.741653e+02
  2.4280e+02     6.773073e+02
  2.4300e+02     6.804727e+02
  2.4320e+02     6.836616e+02
  2.4340e+02     6.868740e+02
  2.4360e+02     6.901101e+02
  2.4380e+02     6.933699e+02
  2.4400e+02     6.966534e+02
  2.4420e+02     6.999608e+02
  2.4440e+02     7.032920e+02
  2.4460e+02     7.066473e+02
  2.4480e+02     7.100265e+02
  2.4500e+02     7.134298e+02
  2.4520e+02     7.168573e+02
  2.4540e+02     7.203091e+02
  2.4560e+02     7.237850e+02
  2.4580e+02     7.272854e+02
  2.4600e+02     7.308101e+02
  2.4620e+02     7.343592e+02
  2.4640e+02     7.379329e+02
  2.4660e+02     7.415311e+02
  2.4680e+02     7.451538e+02
  2.4700e+02     7.488013e+02
  2.4720e+02     7.524734e+02
  2.4740e+02     7.561703e+02
  2.4760e+02     7.598919e+02
  2.4780e+02     7.636384e+02
  2.4800e+02     7.674097e+02
  2.4820e+02     7.712059e+02
  2.4840e+02     7.750271e+02
  2.4860e+02     7.788732e+02
  2.4880e+02     7.827442e+02
  2.4900e+02     7.866403e+02
  2.4920e+02     7.905615e+02
  2.4940e+02     7.945077e+02
  2.4960e+02     7.984790e+02
  2.4980e+02     8.024754e+02
  2.5000e+02     8.064969e+02
  2.5020e+02     8.105436e+02
  2.5040e+02     8.146154e+02
  2.5060e+02     8.187123e+02
  2.5080e+02     8.228344e+02
  2.5100e+02     8.269816e+02
  2.5120e+02     8.311540e+02
  2.5140e+02     8.353516e+02
  2.5160e+02     8.395743e+02
  2.5180e+02     8.438221e+02
  2.5200e+02     8.480950e+02
  2.5220e+02     8.523930e+02
  2.5240e+02     8.567161e+02
  2.5260e+02     8.610643e+02
  2.5280e+02     8.654375e+02
  2.5300e+02     8.698356e+02
  2.5320e+02     8.742588e+02
  2.5340e+02     8.787068e+02
  2.5360e+02     8.831797e+02
  2.5380e+02     8.876775e+02
  2.5400e+02     8.922000e+02
  2.5420e+02     8.967473e+02
  2.5440e+02     9.013193e+02
  2.5460e+02     9.059158e+02
  2.5480e+02     9.105369e+02
  2.5500e+02     9.151825e+02
  2.5520e+02     9.198525e+02
  2.5540e+02     9.245468e+02
  2.5560e+02     9.292653e+02
  2.5580e+02     9.340080e+02
  2.5600e+02     9.387748e+02
  2.5620e+02     9.435655e+02
  2.5640e+02     9.483800e+02
  2.5660e+02     9.532183e+02
  2.5680e+02     9.580803e+02
  2.5700e+02     9.629658e+02
  2.5720e+02     9.678746e+02
  2.5740e+02     9.728068e+02
  2.5760e+02     9.777621e+02
  2.5780e+02     9.827404e+02
  2.5800e+02     9.877416e+02
  2.5820e+02     9.927654e+02
  2.5840e+02     9.978119e+02
  2.5860e+02     1.002880e+03
  2.5880e+02     1.007971e+03
  2.5900e+02     1.013085e+03
  2.5920e+02     1.018220e+03
  2.5940e+02     1.023376e+03
  2.5960e+02     1.028555e+03
  2.5980e+02     1.033754e+03
  2.6000e+02     1.038975e+03
  2.6020e+02     1.044217e+03
  2.6040e+02     1.049479e+03
  2.6060e+02     1.054762e+03
  2.6080e+02     1.060065e+03
  2.6100e+02     1.065388e+03
  2.6120e+02     1.070731e+03
  2.6140e+02     1.076094e+03
  2.6160e+02     1.081475e+03
  2.6180e+02     1.086876e+03
  2.6200e+02     1.092296e+03
  2.6220e+02     1.097734e+03
  2.6240e+02     1.103190e+03
  2.6260e+02     1.108665e+03
  2.6280e+02     1.114157e+03
  2.6300e+02     1.119666e+03
  2.6320e+02     1.125192e+03
  2.6340e+02     1.130735e+03
  2.6360e+02     1.136295e+03
  2.6380e+02     1.141871e+03
  2.6400e+02     1.147462e+03
  2.6420e+02     1.153069e+03
  2.6440e+02     1.158691e+03
  2.6460e+02     1.164327e+03
  2.6480e+02     1.169978e+03
  2.6500e+02     1.175643e+03
  2.6520e+02     1.181321e+03
  2.6540e+02     1.187013e+03
  2.6560e+02     1.192717e+03
  2.6580e+02     1.198434e+03
  2.6600e+02     1.204163e+03
  2.6620e+02     1.209903e+03
  2.6640e+02     1.215655e+03
  2.6660e+02     1.221417e+03
  2.6680e+02     1.227189e+03
  2.6700e+02     1.232972e+03
  2.6720e+02     1.238763e+03
  2.6740e+02     1.244564e+03
  2.6760e+02     1.250373e+03
  2.6780e+02     1.256190e+03
  2.6800e+02     1.262014e+03
  2.6820e+02     1.267845e+03
  2.6840e+02     1.273683e+03
  2.6860e+02     1.279527e+03
  2.6880e+02     1.285376e+03
  2.6900e+02     1.291230e+03
  2.6920e+02     1.297088e+03
  2.6940e+02     1.302950e+03
  2.6960e+02     1.308815e+03
  2.6980e+02     1.314683e+03
  2.7000e+02     1.320553e+03
  2.7020e+02     1.326425e+03
  2.7040e+02     1.332298e+03
  2.7060e+02     1.338170e+03
  2.7080e+02     1.344043e+03
  2.7100e+02     1.349915e+03
  2.7120e+02     1.355785e+03
  2.7140e+02     1.361653e+03
  2.7160e+02     1.367519e+03
  2.7180e+02     1.373381e+03
  2.7200e+02     1.379239e+03
  2.7220e+02     1.385093e+03
  2.7240e+02     1.390941e+03
  2.7260e+02     1.396783e+03
  2.7280e+02     1.402618e+03
  2.7300e+02     1.408446e+03
  2.7320e+02     1.414266e+03
  2.7340e+02     1.420077e+03
  2.7360e+02     1.425879e+03
  2.7380e+02     1.431671e+03
  2.7400e+02     1.437452e+03
  2.7420e+02     1.443221e+03
  2.7440e+02     1.448978e+03
  2.7460e+02     1.454722e+03
  2.7480e+02     1.460452e+03
  2.7500e+02     1.466167e+03
  2.7520e+02     1.471867e+03
  2.7540e+02     1.477551e+03
  2.7560e+02     1.483218e+03
  2.7580e+02     1.488868e+03
  2.7600e+02     1.494499e+03
  2.7620e+02     1.500111e+03
  2.7640e+02     1.505703e+03
  2.7660e+02     1.511275e+03
  2.7680e+02     1.516825e+03
  2.7700e+02     1.522352e+03
  2.7720e+02     1.527856e+03
  2.7740e+02     1.533337e+03
  2.7760e+02     1.538793e+03
  2.7780e+02     1.544223e+03
  2.7800e+02     1.549626e+03
  2.7820e+02     1.555003e+03
  2.7840e+02     1.560351e+03
  2.7860e+02     1.565671e+03
  2.7880e+02     1.570960e+03
  2.7900e+02     1.576220e+03
  2.7920e+02     1.581447e+03
  2.7940e+02     1.586643e+03
  2.7960e+02     1.591806e+03
  2.7980e+02     1.596934e+03
  2.8000e+02     1.602028e+03
  2.8020e+02     1.607087e+03
  2.8040e+02     1.612108e+03
  2.8060e+02     1.617093e+03
  2.8080e+02     1.622039e+03
  2.8100e+02     1.626947e+03
  2.8120e+02     1.631815e+03
  2.8140e+02     1.636642e+03
  2.8160e+02     1.641427e+03
  2.8180e+02     1.646170e+03
  2.8200e+02     1.650870e+03
  2.8220e+02     1.655526e+03
  2.8240e+02     1.660137e+03
  2.8260e+02     1.664702e+03
  2.8280e+02     1.669221e+03
  2.8300e+02     1.673693e+03
  2.8320e+02     1.678116e+03
  2.8340e+02     1.682490e+03
  2.8360e+02     1.686814e+03
  2.8380e+02     1.691088e+03
  2.8400e+02     1.695310e+03
  2.8420e+02     1.699480e+03
  2.8440e+02     1.703597e+03
  2.8460e+02     1.707660e+03
  2.8480e+02     1.711668e+03
  2.8500e+02     1.715621e+03
  2.8520e+02     1.719517e+03
  2.8540e+02     1.723357e+03
  2.8560e+02     1.727138e+03
  2.8580e+02     1.730862e+03
  2.8600e+02     1.734526e+03
  2.8620e+02     1.738129e+03
  2.8640e+02     1.741673e+03
  2.8660e+02     1.745154e+03
  2.8680e+02     1.748574e+03
  2.8700e+02     1.751930e+03
  2.8720e+02     1.755223e+03
  2.8740e+02     1.758452e+03
  2.8760e+02     1.761615e+03
  2.8780e+02     1.764713e+03
  2.8800e+02     1.767745e+03
  2.8820e+02     1.770709e+03
  2.8840e+02     1.773606e+03
  2.8860e+02     1.776435e+03
  2.8880e+02     1.779195e+03
  2.8900e+02     1.781886e+03
  2.8920e+02     1.784506e+03
  2.8940e+02     1.787056e+03
  2.8960e+02     1.789535e+03
  2.8980e+02     1.791942e+03
  2.9000e+02     1.794276e+03
  2.9020e+02     1.796538e+03
  2.9040e+02     1.798727e+03
  2.9060e+02     1.800842e+03
  2.9080e+02     1.802882e+03
  2.9100e+02     1.804848e+03
  2.9120e+02     1.806739e+03
  2.9140e+02     1.808554e+03
  2.9160e+02     1.810293e+03
  2.9180e+02     1.811955e+03
  2.9200e+02     1.813541e+03
  2.9220e+02     1.815050e+03
  2.9240e+02     1.816481e+03
  2.9260e+02     1.817834e+03
  2.9280e+02     1.819108e+03
  2.9300e+02     1.820305e+03
  2.9320e+02     1.821422e+03
  2.9340e+02     1.822461e+03
  2.9360e+02     1.823420e+03
  2.9380e+02     1.824299e+03
  2.9400e+02     1.825099e+03
  2.9420e+02     1.825819e+03
  2.9440e+02     1.826458e+03
  2.9460e+02     1.827018e+03
  2.9480e+02     1.827496e+03
  2.9500e+02     1.827894e+03
  2.9520e+02     1.828212e+03
  2.9540e+02     1.828448e+03
  2.9560e+02     1.828604e+03
  2.9580e+02     1.828679e+03
  2.9600e+02     1.828673e+03
  2.9620e+02     1.828586e+03
  2.9640e+02     1.828417e+03
  2.9660e+02     1.828168e+03
  2.9680e+02     1.827838e+03
  2.9700e+02     1.827427e+03
  2.9720e+02     1.826936e+03
  2.9740e+02     1.826363e+03
  2.9760e+02     1.825710e+03
  2.9780e+02     1.824977e+03
  2.9800e+02     1.824163e+03
  2.9820e+02     1.823269e+03
  2.9840e+02     1.822295e+03
  2.9860e+02     1.821242e+03
  2.9880e+02     1.820109e+03
  2.9900e+02     1.818896e+03
  2.9920e+02     1.817605e+03
  2.9940e+02     1.816235e+03
  2.9960e+02     1.814787e+03
  2.9980e+02     1.813260e+03
  3.0000e+02     1.811656e+03
  3.0020e+02     1.809975e+03
  3.0040e+02     1.808216e+03
  3.0060e+02     1.806381e+03
  3.0080e+02     1.804469e+03
  3.0100e+02     1.802482e+03
  3.0120e+02     1.800419e+03
  3.0140e+02     1.798281e+03
  3.0160e+02     1.796069e+03
  3.0180e+02     1.793783e+03
  3.0200e+02     1.791424e+03
  3.0220e+02     1.788991e+03
  3.0240e+02     1.786486e+03
  3.0260e+02     1.783910e+03
  3.0280e+02     1.781262e+03
  3.0300e+02     1.778543e+03
  3.0320e+02     1.775754e+03
  3.0340e+02     1.772896e+03
  3.0360e+02     1.769968e+03
  3.0380e+02     1.766973e+03
  3.0400e+02     1.763910e+03
  3.0420e+02     1.760780e+03
  3.0440e+02     1.757584e+03
  3.0460e+02     1.754322e+03
  3.0480e+02     1.750995e+03
  3.0500e+02     1.747604e+03
  3.0520e+02     1.744150e+03
  3.0540e+02     1.740633e+03
  3.0560e+02     1.737054e+03
  3.0580e+02     1.733414e+03
  3.0600e+02     1.729714e+03
  3.0620e+02     1.725954e+03
  3.0640e+02     1.722135e+03
  3.0660e+02     1.718258e+03
  3.0680e+02     1.714323e+03
  3.0700e+02     1.710332e+03
  3.0720e+02     1.706286e+03
  3.0740e+02     1.702185e+03
  3.0760e+02     1.698030e+03
  3.0780e+02     1.693822e+03
  3.0800e+02     1.689561e+03
  3.0820e+02     1.685249e+03
  3.0840e+02     1.680887e+03
  3.0860e+02     1.676475e+03
  3.0880e+02     1.672014e+03
  3.0900e+02     1.667505e+03
  3.0920e+02     1.662950e+03
  3.0940e+02     1.658348e+03
  3.0960e+02     1.653701e+03
  3.0980e+02     1.649009e+03
  3.1000e+02     1.644274e+03
  3.1020e+02     1.639497e+03
  3.1040e+02     1.634678e+03
  3.1060e+02     1.629818e+03
  3.1080e+02     1.624919e+03
  3.1100e+02     1.619980e+03
  3.1120e+02     1.615004e+03
  3.1140e+02     1.609991e+03
  3.1160e+02     1.604941e+03
  3.1180e+02     1.599856e+03
  3.1200e+02     1.594737e+03
  3.1220e+02     1.589585e+03
  3.1240e+02     1.584400e+03
  3.1260e+02     1.579183e+03
  3.1280e+02     1.573936e+03
  3.1300e+02     1.568659e+03
  3.1320e+02     1.563353e+03
  3.1340e+02     1.558020e+03
  3.1360e+02     1.552659e+03
  3.1380e+02     1.547272e+03
  3.1400e+02     1.541860e+03
  3.1420e+02     1.536424e+03
  3.1440e+02     1.530964e+03
  3.1460e+02     1.525482e+03
  3.1480e+02     1.519978e+03
  3.1500e+02     1.514454e+03
  3.1520e+02     1.508909e+03
  3.1540e+02     1.503345e+03
  3.1560e+02     1.497764e+03
  3.1580e+02     1.492165e+03
  3.1600e+02     1.486549e+03
  3.1620e+02     1.480918e+03
  3.1640e+02     1.475272e+03
  3.1660e+02     1.469613e+03
  3.1680e+02     1.463940e+03
  3.1700e+02     1.458255e+03
  3.1720e+02     1.452559e+03
  3.1740e+02     1.446852e+03
  3.1760e+02     1.441135e+03
  3.1780e+02     1.435409e+03
  3.1800e+02     1.429675e+03
  3.1820e+02     1.423933e+03
  3.1840e+02     1.418185e+03
  3.1860e+02     1.412431e+03
  3.1880e+02     1.406672e+03
  3.1900e+02     1.400909e+03
  3.1920e+02     1.395141e+03
  3.1940e+02     1.389371e+03
  3.1960e+02     1.383599e+03
  3.1980e+02     1.377825e+03
  3.2000e+02     1.372051e+03
  3.2020e+02     1.366276e+03
  3.2040e+02     1.360502e+03
  3.2060e+02     1.354730e+03
  3.2080e+02     1.348959e+03
  3.2100e+02     1.343191e+03
  3.2120e+02     1.337427e+03
  3.2140e+02     1.331666e+03
  3.2160e+02     1.325910e+03
  3.2180e+02     1.320160e+03
  3.2200e+02     1.314415e+03
  3.2220e+02     1.308676e+03
  3.2240e+02     1.302945e+03
  3.2260e+02     1.297221e+03
  3.2280e+02     1.291506e+03
  3.2300e+02     1.285799e+03
  3.2320e+02     1.280102e+03
  3.2340e+02     1.274414e+03
  3.2360e+02     1.268737e+03
  3.2380e+02     1.263071e+03
  3.2400e+02     1.257417e+03
  3.2420e+02     1.251774e+03
  3.2440e+02     1.246145e+03
  3.2460e+02     1.240528e+03
  3.2480e+02     1.234924e+03
  3.2500e+02     1.229335e+03
  3.2520e+02     1.223760e+03
  3.2540e+02     1.218200e+03
  3.2560e+02     1.212656e+03
  3.2580e+02     1.207127e+03
  3.2600e+02     1.201614e+03
  3.2620e+02     1.196118e+03
  3.2640e+02     1.190640e+03
  3.2660e+02     1.185178e+03
  3.2680e+02     1.179735e+03
  3.2700e+02     1.174309e+03
  3.2720e+02     1.168903e+03
  3.2740e+02     1.163515e+03
  3.2760e+02     1.158147e+03
  3.2780e+02     1.152798e+03
  3.2800e+02     1.147469e+03
  3.2820e+02     1.142161e+03
  3.2840e+02     1.136873e+03
  3.2860e+02     1.131606e+03
  3.2880e+02     1.126361e+03
  3.2900e+02     1.121137e+03
  3.2920e+02     1.115935e+03
  3.2940e+02     1.110755e+03
  3.2960e+02     1.105598e+03
  3.2980e+02     1.100463e+03
  3.3000e+02     1.095351e+03
  3.3020e+02     1.090263e+03
  3.3040e+02     1.085197e+03
  3.3060e+02     1.080156e+03
  3.3080e+02     1.075138e+03
  3.3100e+02     1.070145e+03
  3.3120e+02     1.065175e+03
  3.3140e+02     1.060231e+03
  3.3160e+02     1.055311e+03
  3.3180e+02     1.050415e+03
  3.3200e+02     1.045545e+03
  3.3220e+02     1.040700e+03
  3.3240e+02     1.035881e+03
  3.3260e+02     1.031087e+03
  3.3280e+02     1.026319e+03
  3.3300e+02     1.021576e+03
  3.3320e+02     1.016860e+03
  3.3340e+02     1.012170e+03
  3.3360e+02     1.007506e+03
  3.3380e+02     1.002868e+03
  3.3400e+02     9.982573e+02
  3.3420e+02     9.936728e+02
  3.3440e+02     9.891150e+02
  3.3460e+02     9.845840e+02
  3.3480e+02     9.800799e+02
  3.3500e+02     9.756028e+02
  3.3520e+02     9.711528e+02
  3.3540e+02     9.667299e+02
  3.3560e+02     9.623342e+02
  3.3580e+02     9.579657e+02
  3.3600e+02     9.536246e+02
  3.3620e+02     9.493109e+02
  3.3640e+02     9.450247e+02
  3.3660e+02     9.407659e+02
  3.3680e+02     9.365346e+02
  3.3700e+02     9.323309e+02
  3.3720e+02     9.281547e+02
  3.3740e+02     9.240062e+02
  3.3760e+02     9.198853e+02
  3.3780e+02     9.157921e+02
  3.3800e+02     9.117265e+02
  3.3820e+02     9.076887e+02
  3.3840e+02     9.036785e+02
  3.3860e+02     8.996959e+02
  3.3880e+02     8.957411e+02
  3.3900e+02     8.918140e+02
  3.3920e+02     8.879145e+02
  3.3940e+02     8.840427e+02
  3.3960e+02     8.801985e+02
  3.3980e+02     8.763819e+02
  3.4000e+02     8.725930e+02
  3.4020e+02     8.688316e+02
  3.4040e+02     8.650978e+02
  3.4060e+02     8.613915e+02
  3.4080e+02     8.577126e+02
  3.4100e+02     8.540612e+02
  3.4120e+02     8.504372e+02
  3.4140e+02     8.468406e+02
  3.4160e+02     8.432713e+02
  3.4180e+02     8.397292e+02
  3.4200e+02     8.362144e+02
  3.4220e+02     8.327267e+02
  3.4240e+02     8.292661e+02
  3.4260e+02     8.258326e+02
  3.4280e+02     8.224260e+02
  3.4300e+02     8.190464e+02
  3.4320e+02     8.156936e+02
  3.4340e+02     8.123677e+02
  3.4360e+02     8.090684e+02
  3.4380e+02     8.057959e+02
  3.4400e+02     8.025499e+02
  3.4420e+02     7.993304e+02
  3.4440e+02     7.961374e+02
  3.4460e+02     7.929707e+02
  3.4480e+02     7.898303e+02
  3.4500e+02     7.867161e+02
  3.4520e+02     7.836280e+02
  3.4540e+02     7.805660e+02
  3.4560e+02     7.775299e+02
  3.4580e+02     7.745197e+02
  3.4600e+02     7.715353e+02
  3.4620e+02     7.685765e+02
  3.4640e+02     7.656434e+02
  3.4660e+02     7.627358e+02
  3.4680e+02     7.598536e+02
  3.4700e+02     7.569968e+02
  3.4720e+02     7.541652e+02
  3.4740e+02     7.513587e+02
  3.4760e+02     7.485773e+02
  3.4780e+02     7.458209e+02
  3.4800e+02     7.430893e+02
  3.4820e+02     7.403825e+02
  3.4840e+02     7.377004e+02
  3.4860e+02     7.350428e+02
  3.4880e+02     7.324097e+02
  3.4900e+02     7.298010e+02
  3.4920e+02     7.272165e+02
  3.4940e+02     7.246562e+02
  3.4960e+02     7.221200e+02
  3.4980e+02     7.196078e+02
  3.5000e+02     7.171195e+02
  3.5020e+02     7.146549e+02
  3.5040e+02     7.122140e+02
  3.5060e+02     7.097966e+02
  3.5080e+02     7.074028e+02
  3.5100e+02     7.050322e+02
  3.5120e+02     7.026850e+02
  3.5140e+02     7.003609e+02
  3.5160e+02     6.980599e+02
  3.5180e+02     6.957818e+02
  3.5200e+02     6.935266e+02
  3.5220e+02     6.912941e+02
  3.5240e+02     6.890842e+02
  3.5260e+02     6.868969e+02
  3.5280e+02     6.847321e+02
  3.5300e+02     6.825896e+02
  3.5320e+02     6.804693e+02
  3.5340e+02     6.783711e+02
  3.5360e+02     6.762950e+02
  3.5380e+02     6.742408e+02
  3.5400e+02     6.722085e+02
  3.5420e+02     6.701978e+02
  3.5440e+02     6.682088e+02
  3.5460e+02     6.662413e+02
  3.5480e+02     6.642953e+02
  3.5500e+02     6.623705e+02
  3.5520e+02     6.604670e+02
  3.5540e+02     6.585846e+02
  3.5560e+02     6.567233e+02
  3.5580e+02     6.548828e+02
  3.5600e+02     6.530632e+02
  3.5620e+02     6.512643e+02
  3.5640e+02     6.494861e+02
  3.5660e+02     6.477284e+02
  3.5680e+02     6.459911e+02
  3.5700e+02     6.442742e+02
  3.5720e+02     6.425775e+02
  3.5740e+02     6.409009e+02
  3.5760e+02     6.392445e+02
  3.5780e+02     6.376080e+02
  3.5800e+02     6.359913e+02
  3.5820e+02     6.343945e+02
  3.5840e+02     6.328173e+02
  3.5860e+02     6.312597e+02
  3.5880e+02     6.297216e+02
  3.5900e+02     6.282029e+02
  3.5920e+02     6.267036e+02
  3.5940e+02     6.252234e+02
  3.5960e+02     6.237624e+02
  3.5980e+02     6.223205e+02
