# Epidemic | 7 days incidence [ x-unit: days | y-unit: per 100000 ]
  0.0000e+00     3.618006e+02
  2.0000e-01     3.596295e+02
  4.0000e-01     3.574828e+02
  6.0000e-01     3.553601e+02
  8.0000e-01     3.532612e+02
  1.0000e+00     3.511859e+02
  1.2000e+00     3.491340e+02
  1.4000e+00     3.471051e+02
  1.6000e+00     3.450990e+02
  1.8000e+00     3.431156e+02
  2.0000e+00     3.411545e+02
  2.2000e+00     3.392156e+02
  2.4000e+00     3.372986e+02
  2.6000e+00     3.354033e+02
  2.8000e+00     3.335295e+02
  3.0000e+00     3.316769e+02
  3.2000e+00     3.298454e+02
  3.4000e+00     3.280347e+02
  3.6000e+00     3.262446e+02
  3.8000e+00     3.244748e+02
  4.0000e+00     3.227253e+02
  4.2000e+00     3.209958e+02
  4.4000e+00     3.192860e+02
  4.6000e+00     3.175958e+02
  4.8000e+00     3.159250e+02
  5.0000e+00     3.142733e+02
  5.2000e+00     3.126407e+02
  5.4000e+00     3.110268e+02
  5.6000e+00     3.094315e+02
  5.8000e+00     3.078547e+02
  6.0000e+00     3.062960e+02
  6.2000e+00     3.047555e+02
  6.4000e+00     3.032328e+02
  6.6000e+00     3.017277e+02
  6.8000e+00     3.002402e+02
  7.0000e+00     2.987700e+02
  7.2000e+00     2.976897e+02
  7.4000e+00     2.966587e+02
  7.6000e+00     2.956352e+02
  7.8000e+00     2.946191e+02
  8.0000e+00     2.936104e+02
  8.2000e+00     2.926090e+02
  8.4000e+00     2.916150e+02
  8.6000e+00     2.906283e+02
  8.8000e+00     2.896489e+02
  9.0000e+00     2.886768e+02
  9.2000e+00     2.877119e+02
  9.4000e+00     2.867542e+02
  9.6000e+00     2.858037e+02
  9.8000e+00     2.848604e+02
  1.0000e+01     2.839242e+02
  1.0200e+01     2.829951e+02
  1.0400e+01     2.820731e+02
  1.0600e+01     2.811581e+02
  1.0800e+01     2.802502e+02
  1.1000e+01     2.793493e+02
  1.1200e+01     2.784553e+02
  1.1400e+01     2.775683e+02
  1.1600e+01     2.766882e+02
  1.1800e+01     2.758150e+02
  1.2000e+01     2.749487e+02
  1.2200e+01     2.740892e+02
  1.2400e+01     2.732365e+02
  1.2600e+01     2.723906e+02
  1.2800e+01     2.715514e+02
  1.3000e+01     2.707190e+02
  1.3200e+01     2.698932e+02
  1.3400e+01     2.690742e+02
  1.3600e+01     2.682617e+02
  1.3800e+01     2.674559e+02
  1.4000e+01     2.666567e+02
  1.4200e+01     2.658640e+02
  1.4400e+01     2.650779e+02
  1.4600e+01     2.642982e+02
  1.4800e+01     2.635250e+02
  1.5000e+01     2.627583e+02
  1.5200e+01     2.619980e+02
  1.5400e+01     2.612440e+02
  1.5600e+01     2.604965e+02
  1.5800e+01     2.597552e+02
  1.6000e+01     2.590203e+02
  1.6200e+01     2.582916e+02
  1.6400e+01     2.575691e+02
  1.6600e+01     2.568529e+02
  1.6800e+01     2.561429e+02
  1.7000e+01     2.554390e+02
  1.7200e+01     2.547412e+02
  1.7400e+01     2.540496e+02
  1.7600e+01     2.533640e+02
  1.7800e+01     2.526845e+02
  1.8000e+01     2.520110e+02
  1.8200e+01     2.513434e+02
  1.8400e+01     2.506819e+02
  1.8600e+01     2.500262e+02
  1.8800e+01     2.493765e+02
  1.9000e+01     2.487326e+02
  1.9200e+01     2.480946e+02
  1.9400e+01     2.474624e+02
  1.9600e+01     2.468360e+02
  1.9800e+01     2.462153e+02
  2.0000e+01     2.456004e+02
  2.0200e+01     2.449912e+02
  2.0400e+01     2.443876e+02
  2.0600e+01     2.437897e+02
  2.0800e+01     2.431975e+02
  2.1000e+01     2.426108e+02
  2.1200e+01     2.418757e+02
  2.1400e+01     2.411338e+02
  2.1600e+01     2.404024e+02
  2.1800e+01     2.396812e+02
  2.2000e+01     2.389703e+02
  2.2200e+01     2.382696e+02
  2.2400e+01     2.375790e+02
  2.2600e+01     2.368984e+02
  2.2800e+01     2.362278e+02
  2.3000e+01     2.355670e+02
  2.3200e+01     2.349160e+02
  2.3400e+01     2.342747e+02
  2.3600e+01     2.336431e+02
  2.3800e+01     2.330209e+02
  2.4000e+01     2.324083e+02
  2.4200e+01     2.318051e+02
  2.4400e+01     2.312113e+02
  2.4600e+01     2.306267e+02
  2.4800e+01     2.300513e+02
  2.5000e+01     2.294851e+02
  2.5200e+01     2.289280e+02
  2.5400e+01     2.283798e+02
  2.5600e+01     2.278406e+02
  2.5800e+01     2.273103e+02
  2.6000e+01     2.267889e+02
  2.6200e+01     2.262761e+02
  2.6400e+01     2.257721e+02
  2.6600e+01     2.252767e+02
  2.6800e+01     2.247899e+02
  2.7000e+01     2.243116e+02
  2.7200e+01     2.238418e+02
  2.7400e+01     2.233804e+02
  2.7600e+01     2.229274e+02
  2.7800e+01     2.224826e+02
  2.8000e+01     2.220461e+02
  2.8200e+01     2.216178e+02
  2.8400e+01     2.211977e+02
  2.8600e+01     2.207856e+02
  2.8800e+01     2.203816e+02
  2.9000e+01     2.199856e+02
  2.9200e+01     2.195976e+02
  2.9400e+01     2.192174e+02
  2.9600e+01     2.188451e+02
  2.9800e+01     2.184806e+02
  3.0000e+01     2.181239e+02
  3.0200e+01     2.177749e+02
  3.0400e+01     2.174336e+02
  3.0600e+01     2.170999e+02
  3.0800e+01     2.167738e+02
  3.1000e+01     2.164553e+02
  3.1200e+01     2.161443e+02
  3.1400e+01     2.158408e+02
  3.1600e+01     2.155447e+02
  3.1800e+01     2.152560e+02
  3.2000e+01     2.149746e+02
  3.2200e+01     2.147006e+02
  3.2400e+01     2.144339e+02
  3.2600e+01     2.141744e+02
  3.2800e+01     2.139222e+02
  3.3000e+01     2.136772e+02
  3.3200e+01     2.134393e+02
  3.3400e+01     2.132085e+02
  3.3600e+01     2.129848e+02
  3.3800e+01     2.127682e+02
  3.4000e+01     2.125586e+02
  3.4200e+01     2.123560e+02
  3.4400e+01     2.121604e+02
  3.4600e+01     2.119718e+02
  3.4800e+01     2.117900e+02
  3.5000e+01     2.116152e+02
  3.5200e+01     2.114472e+02
  3.5400e+01     2.112860e+02
  3.5600e+01     2.111317e+02
  3.5800e+01     2.109842e+02
  3.6000e+01     2.108434e+02
  3.6200e+01     2.107094e+02
  3.6400e+01     2.105820e+02
  3.6600e+01     2.104614e+02
  3.6800e+01     2.103475e+02
  3.7000e+01     2.102402e+02
  3.7200e+01     2.101396e+02
  3.7400e+01     2.100456e+02
  3.7600e+01     2.099582e+02
  3.7800e+01     2.098773e+02
  3.8000e+01     2.098031e+02
  3.8200e+01     2.097354e+02
  3.8400e+01     2.096742e+02
  3.8600e+01     2.096195e+02
  3.8800e+01     2.095713e+02
  3.9000e+01     2.095296e+02
  3.9200e+01     2.094944e+02
  3.9400e+01     2.094657e+02
  3.9600e+01     2.094434e+02
  3.9800e+01     2.094275e+02
  4.0000e+01     2.094180e+02
  4.0200e+01     2.094150e+02
  4.0400e+01     2.094183e+02
  4.0600e+01     2.094281e+02
  4.0800e+01     2.094442e+02
  4.1000e+01     2.094666e+02
  4.1200e+01     2.094955e+02
  4.1400e+01     2.095307e+02
  4.1600e+01     2.095722e+02
  4.1800e+01     2.096201e+02
  4.2000e+01     2.096743e+02
  4.2200e+01     2.097348e+02
  4.2400e+01     2.098016e+02
  4.2600e+01     2.098748e+02
  4.2800e+01     2.099543e+02
  4.3000e+01     2.100400e+02
  4.3200e+01     2.101321e+02
  4.3400e+01     2.102305e+02
  4.3600e+01     2.103351e+02
  4.3800e+01     2.104461e+02
  4.4000e+01     2.105633e+02
  4.4200e+01     2.106868e+02
  4.4400e+01     2.108167e+02
  4.4600e+01     2.109528e+02
  4.4800e+01     2.110952e+02
  4.5000e+01     2.112439e+02
  4.5200e+01     2.113989e+02
  4.5400e+01     2.115601e+02
  4.5600e+01     2.117277e+02
  4.5800e+01     2.119016e+02
  4.6000e+01     2.120818e+02
  4.6200e+01     2.122682e+02
  4.6400e+01     2.124610e+02
  4.6600e+01     2.126601e+02
  4.6800e+01     2.128656e+02
  4.7000e+01     2.130773e+02
  4.7200e+01     2.132954e+02
  4.7400e+01     2.135198e+02
  4.7600e+01     2.137506e+02
  4.7800e+01     2.139877e+02
  4.8000e+01     2.142312e+02
  4.8200e+01     2.144810e+02
  4.8400e+01     2.147373e+02
  4.8600e+01     2.149999e+02
  4.8800e+01     2.152689e+02
  4.9000e+01     2.155443e+02
  4.9200e+01     2.158261e+02
  4.9400e+01     2.161144e+02
  4.9600e+01     2.164091e+02
  4.9800e+01     2.167103e+02
  5.0000e+01     2.170179e+02
  5.0200e+01     2.173320e+02
  5.0400e+01     2.176526e+02
  5.0600e+01     2.179798e+02
  5.0800e+01     2.183134e+02
  5.1000e+01     2.186536e+02
  5.1200e+01     2.190003e+02
  5.1400e+01     2.193536e+02
  5.1600e+01     2.197135e+02
  5.1800e+01     2.200799e+02
  5.2000e+01     2.204530e+02
  5.2200e+01     2.208328e+02
  5.2400e+01     2.212191e+02
  5.2600e+01     2.216122e+02
  5.2800e+01     2.220120e+02
  5.3000e+01     2.224184e+02
  5.3200e+01     2.228316e+02
  5.3400e+01     2.232516e+02
  5.3600e+01     2.236783e+02
  5.3800e+01     2.241118e+02
  5.4000e+01     2.245521e+02
  5.4200e+01     2.249993e+02
  5.4400e+01     2.254533e+02
  5.4600e+01     2.259142e+02
  5.4800e+01     2.263820e+02
  5.5000e+01     2.268568e+02
  5.5200e+01     2.273385e+02
  5.5400e+01     2.278272e+02
  5.5600e+01     2.283229e+02
  5.5800e+01     2.288256e+02
  5.6000e+01     2.293354e+02
  5.6200e+01     2.298523e+02
  5.6400e+01     2.303763e+02
  5.6600e+01     2.309074e+02
  5.6800e+01     2.314457e+02
  5.7000e+01     2.319912e+02
  5.7200e+01     2.325439e+02
  5.7400e+01     2.331039e+02
  5.7600e+01     2.336711e+02
  5.7800e+01     2.342457e+02
  5.8000e+01     2.348277e+02
  5.8200e+01     2.354170e+02
  5.8400e+01     2.360137e+02
  5.8600e+01     2.366179e+02
  5.8800e+01     2.372295e+02
  5.9000e+01     2.378487e+02
  5.9200e+01     2.384754e+02
  5.9400e+01     2.391097e+02
  5.9600e+01     2.397515e+02
  5.9800e+01     2.404011e+02
  6.0000e+01     2.410583e+02
  6.0200e+01     2.417233e+02
  6.0400e+01     2.423960e+02
  6.0600e+01     2.430765e+02
  6.0800e+01     2.437648e+02
  6.1000e+01     2.444610e+02
  6.1200e+01     2.451651e+02
  6.1400e+01     2.458772e+02
  6.1600e+01     2.465972e+02
  6.1800e+01     2.473253e+02
  6.2000e+01     2.480614e+02
  6.2200e+01     2.488056e+02
  6.2400e+01     2.495580e+02
  6.2600e+01     2.503186e+02
  6.2800e+01     2.510874e+02
  6.3000e+01     2.518645e+02
  6.3200e+01     2.526499e+02
  6.3400e+01     2.534437e+02
  6.3600e+01     2.542459e+02
  6.3800e+01     2.550565e+02
  6.4000e+01     2.558757e+02
  6.4200e+01     2.567034e+02
  6.4400e+01     2.575396e+02
  6.4600e+01     2.583845e+02
  6.4800e+01     2.592381e+02
  6.5000e+01     2.601004e+02
  6.5200e+01     2.609715e+02
  6.5400e+01     2.618515e+02
  6.5600e+01     2.627403e+02
  6.5800e+01     2.636380e+02
  6.6000e+01     2.645447e+02
  6.6200e+01     2.654604e+02
  6.6400e+01     2.663852e+02
  6.6600e+01     2.673192e+02
  6.6800e+01     2.682623e+02
  6.7000e+01     2.692146e+02
  6.7200e+01     2.701763e+02
  6.7400e+01     2.711473e+02
  6.7600e+01     2.721277e+02
  6.7800e+01     2.731175e+02
  6.8000e+01     2.741168e+02
  6.8200e+01     2.751257e+02
  6.8400e+01     2.761442e+02
  6.8600e+01     2.771724e+02
  6.8800e+01     2.782103e+02
  6.9000e+01     2.792580e+02
  6.9200e+01     2.803155e+02
  6.9400e+01     2.813830e+02
  6.9600e+01     2.824604e+02
  6.9800e+01     2.835478e+02
  7.0000e+01     2.846453e+02
  7.0200e+01     2.857530e+02
  7.0400e+01     2.868708e+02
  7.0600e+01     2.879989e+02
  7.0800e+01     2.891374e+02
  7.1000e+01     2.902862e+02
  7.1200e+01     2.914455e+02
  7.1400e+01     2.926153e+02
  7.1600e+01     2.937957e+02
  7.1800e+01     2.949867e+02
  7.2000e+01     2.961884e+02
  7.2200e+01     2.974009e+02
  7.2400e+01     2.986243e+02
  7.2600e+01     2.998585e+02
  7.2800e+01     3.011037e+02
  7.3000e+01     3.023600e+02
  7.3200e+01     3.036273e+02
  7.3400e+01     3.049059e+02
  7.3600e+01     3.061956e+02
  7.3800e+01     3.074967e+02
  7.4000e+01     3.088092e+02
  7.4200e+01     3.101331e+02
  7.4400e+01     3.114686e+02
  7.4600e+01     3.128156e+02
  7.4800e+01     3.141743e+02
  7.5000e+01     3.155448e+02
  7.5200e+01     3.169270e+02
  7.5400e+01     3.183211e+02
  7.5600e+01     3.197272e+02
  7.5800e+01     3.211454e+02
  7.6000e+01     3.225756e+02
  7.6200e+01     3.240180e+02
  7.6400e+01     3.254727e+02
  7.6600e+01     3.269397e+02
  7.6800e+01     3.284190e+02
  7.7000e+01     3.299109e+02
  7.7200e+01     3.314154e+02
  7.7400e+01     3.329324e+02
  7.7600e+01     3.344622e+02
  7.7800e+01     3.360048e+02
  7.8000e+01     3.375603e+02
  7.8200e+01     3.391287e+02
  7.8400e+01     3.407101e+02
  7.8600e+01     3.423046e+02
  7.8800e+01     3.439124e+02
  7.9000e+01     3.455334e+02
  7.9200e+01     3.471677e+02
  7.9400e+01     3.488155e+02
  7.9600e+01     3.504768e+02
  7.9800e+01     3.521517e+02
  8.0000e+01     3.538403e+02
  8.0200e+01     3.555427e+02
  8.0400e+01     3.572589e+02
  8.0600e+01     3.589890e+02
  8.0800e+01     3.607331e+02
  8.1000e+01     3.624913e+02
  8.1200e+01     3.642638e+02
  8.1400e+01     3.660504e+02
  8.1600e+01     3.678515e+02
  8.1800e+01     3.696670e+02
  8.2000e+01     3.714970e+02
  8.2200e+01     3.733416e+02
  8.2400e+01     3.752009e+02
  8.2600e+01     3.770750e+02
  8.2800e+01     3.789640e+02
  8.3000e+01     3.808679e+02
  8.3200e+01     3.827869e+02
  8.3400e+01     3.847210e+02
  8.3600e+01     3.866703e+02
  8.3800e+01     3.886350e+02
  8.4000e+01     3.906150e+02
  8.4200e+01     3.926105e+02
  8.4400e+01     3.946217e+02
  8.4600e+01     3.966484e+02
  8.4800e+01     3.986910e+02
  8.5000e+01     4.007494e+02
  8.5200e+01     4.028237e+02
  8.5400e+01     4.049140e+02
  8.5600e+01     4.070205e+02
  8.5800e+01     4.091432e+02
  8.6000e+01     4.112821e+02
  8.6200e+01     4.134375e+02
  8.6400e+01     4.156093e+02
  8.6600e+01     4.177977e+02
  8.6800e+01     4.200028e+02
  8.7000e+01     4.222246e+02
  8.7200e+01     4.244632e+02
  8.7400e+01     4.267188e+02
  8.7600e+01     4.289914e+02
  8.7800e+01     4.312811e+02
  8.8000e+01     4.335880e+02
  8.8200e+01     4.359122e+02
  8.8400e+01     4.382538e+02
  8.8600e+01     4.406128e+02
  8.8800e+01     4.429895e+02
  8.9000e+01     4.453837e+02
  8.9200e+01     4.477957e+02
  8.9400e+01     4.502256e+02
  8.9600e+01     4.526733e+02
  8.9800e+01     4.551391e+02
  9.0000e+01     4.576230e+02
  9.0200e+01     4.601251e+02
  9.0400e+01     4.626454e+02
  9.0600e+01     4.651842e+02
  9.0800e+01     4.677413e+02
  9.1000e+01     4.703170e+02
  9.1200e+01     4.729114e+02
  9.1400e+01     4.755245e+02
  9.1600e+01     4.781563e+02
  9.1800e+01     4.808071e+02
  9.2000e+01     4.834768e+02
  9.2200e+01     4.861656e+02
  9.2400e+01     4.888736e+02
  9.2600e+01     4.916008e+02
  9.2800e+01     4.943472e+02
  9.3000e+01     4.971131e+02
  9.3200e+01     4.998985e+02
  9.3400e+01     5.027035e+02
  9.3600e+01     5.055280e+02
  9.3800e+01     5.083724e+02
  9.4000e+01     5.112365e+02
  9.4200e+01     5.141205e+02
  9.4400e+01     5.170244e+02
  9.4600e+01     5.199484e+02
  9.4800e+01     5.228926e+02
  9.5000e+01     5.258569e+02
  9.5200e+01     5.288415e+02
  9.5400e+01     5.318464e+02
  9.5600e+01     5.348718e+02
  9.5800e+01     5.379176e+02
  9.6000e+01     5.409840e+02
  9.6200e+01     5.440711e+02
  9.6400e+01     5.471788e+02
  9.6600e+01     5.503073e+02
  9.6800e+01     5.534567e+02
  9.7000e+01     5.566269e+02
  9.7200e+01     5.598181e+02
  9.7400e+01     5.630304e+02
  9.7600e+01     5.662637e+02
  9.7800e+01     5.695182e+02
  9.8000e+01     5.727939e+02
  9.8200e+01     5.760909e+02
  9.8400e+01     5.794092e+02
  9.8600e+01     5.827489e+02
  9.8800e+01     5.861100e+02
  9.9000e+01     5.894926e+02
  9.9200e+01     5.928967e+02
  9.9400e+01     5.963225e+02
  9.9600e+01     5.997698e+02
  9.9800e+01     6.032388e+02
  1.0000e+02     6.067296e+02
  1.0020e+02     6.102421e+02
  1.0040e+02     6.137764e+02
  1.0060e+02     6.173326e+02
  1.0080e+02     6.209106e+02
  1.0100e+02     6.245105e+02
  1.0120e+02     6.281324e+02
  1.0140e+02     6.317762e+02
  1.0160e+02     6.354421e+02
  1.0180e+02     6.391299e+02
  1.0200e+02     6.428398e+02
  1.0220e+02     6.465718e+02
  1.0240e+02     6.503258e+02
  1.0260e+02     6.541019e+02
  1.0280e+02     6.579001e+02
  1.0300e+02     6.617205e+02
  1.0320e+02     6.655630e+02
  1.0340e+02     6.694276e+02
  1.0360e+02     6.733143e+02
  1.0380e+02     6.772232e+02
  1.0400e+02     6.811541e+02
  1.0420e+02     6.851073e+02
  1.0440e+02     6.890825e+02
  1.0460e+02     6.930798e+02
  1.0480e+02     6.970992e+02
  1.0500e+02     7.011407e+02
  1.0520e+02     7.052042e+02
  1.0540e+02     7.092898e+02
  1.0560e+02     7.133973e+02
  1.0580e+02     7.175268e+02
  1.0600e+02     7.216782e+02
  1.0620e+02     7.258515e+02
  1.0640e+02     7.300467e+02
  1.0660e+02     7.342637e+02
  1.0680e+02     7.385024e+02
  1.0700e+02     7.427628e+02
  1.0720e+02     7.470449e+02
  1.0740e+02     7.513485e+02
  1.0760e+02     7.556737e+02
  1.0780e+02     7.600203e+02
  1.0800e+02     7.643882e+02
  1.0820e+02     7.687775e+02
  1.0840e+02     7.731880e+02
  1.0860e+02     7.776197e+02
  1.0880e+02     7.820724e+02
  1.0900e+02     7.865460e+02
  1.0920e+02     7.910405e+02
  1.0940e+02     7.955558e+02
  1.0960e+02     8.000917e+02
  1.0980e+02     8.046482e+02
  1.1000e+02     8.092250e+02
  1.1020e+02     8.138222e+02
  1.1040e+02     8.184396e+02
  1.1060e+02     8.230770e+02
  1.1080e+02     8.277343e+02
  1.1100e+02     8.324113e+02
  1.1120e+02     8.371080e+02
  1.1140e+02     8.418242e+02
  1.1160e+02     8.465597e+02
  1.1180e+02     8.513143e+02
  1.1200e+02     8.560880e+02
  1.1220e+02     8.608805e+02
  1.1240e+02     8.656916e+02
  1.1260e+02     8.705211e+02
  1.1280e+02     8.753690e+02
  1.1300e+02     8.802349e+02
  1.1320e+02     8.851187e+02
  1.1340e+02     8.900202e+02
  1.1360e+02     8.949392e+02
  1.1380e+02     8.998754e+02
  1.1400e+02     9.048287e+02
  1.1420e+02     9.097987e+02
  1.1440e+02     9.147853e+02
  1.1460e+02     9.197883e+02
  1.1480e+02     9.248073e+02
  1.1500e+02     9.298422e+02
  1.1520e+02     9.348926e+02
  1.1540e+02     9.399583e+02
  1.1560e+02     9.450391e+02
  1.1580e+02     9.501346e+02
  1.1600e+02     9.552446e+02
  1.1620e+02     9.603688e+02
  1.1640e+02     9.655069e+02
  1.1660e+02     9.706586e+02
  1.1680e+02     9.758235e+02
  1.1700e+02     9.810014e+02
  1.1720e+02     9.861919e+02
  1.1740e+02     9.913948e+02
  1.1760e+02     9.966096e+02
  1.1780e+02     1.001836e+03
  1.1800e+02     1.007073e+03
  1.1820e+02     1.012322e+03
  1.1840e+02     1.017581e+03
  1.1860e+02     1.022850e+03
  1.1880e+02     1.028130e+03
  1.1900e+02     1.033418e+03
  1.1920e+02     1.038716e+03
  1.1940e+02     1.044022e+03
  1.1960e+02     1.049337e+03
  1.1980e+02     1.054659e+03
  1.2000e+02     1.059989e+03
  1.2020e+02     1.065325e+03
  1.2040e+02     1.070669e+03
  1.2060e+02     1.076018e+03
  1.2080e+02     1.081373e+03
  1.2100e+02     1.086733e+03
  1.2120e+02     1.092098e+03
  1.2140e+02     1.097467e+03
  1.2160e+02     1.102840e+03
  1.2180e+02     1.108217e+03
  1.2200e+02     1.113596e+03
  1.2220e+02     1.118977e+03
  1.2240e+02     1.124360e+03
  1.2260e+02     1.129745e+03
  1.2280e+02     1.135130e+03
  1.2300e+02     1.140516e+03
  1.2320e+02     1.145901e+03
  1.2340e+02     1.151286e+03
  1.2360e+02     1.156669e+03
  1.2380e+02     1.162050e+03
  1.2400e+02     1.167429e+03
  1.2420e+02     1.172805e+03
  1.2440e+02     1.178177e+03
  1.2460e+02     1.183546e+03
  1.2480e+02     1.188909e+03
  1.2500e+02     1.194267e+03
  1.2520e+02     1.199619e+03
  1.2540e+02     1.204965e+03
  1.2560e+02     1.210303e+03
  1.2580e+02     1.215634e+03
  1.2600e+02     1.220956e+03
  1.2620e+02     1.226269e+03
  1.2640e+02     1.231573e+03
  1.2660e+02     1.236866e+03
  1.2680e+02     1.242149e+03
  1.2700e+02     1.247420e+03
  1.2720e+02     1.252678e+03
  1.2740e+02     1.257924e+03
  1.2760e+02     1.263156e+03
  1.2780e+02     1.268374e+03
  1.2800e+02     1.273577e+03
  1.2820e+02     1.278765e+03
  1.2840e+02     1.283936e+03
  1.2860e+02     1.289090e+03
  1.2880e+02     1.294227e+03
  1.2900e+02     1.299345e+03
  1.2920e+02     1.304444e+03
  1.2940e+02     1.309524e+03
  1.2960e+02     1.314583e+03
  1.2980e+02     1.319620e+03
  1.3000e+02     1.324636e+03
  1.3020e+02     1.329629e+03
  1.3040e+02     1.334599e+03
  1.3060e+02     1.339545e+03
  1.3080e+02     1.344466e+03
  1.3100e+02     1.349361e+03
  1.3120e+02     1.354230e+03
  1.3140e+02     1.359072e+03
  1.3160e+02     1.363887e+03
  1.3180e+02     1.368673e+03
  1.3200e+02     1.373429e+03
  1.3220e+02     1.378156e+03
  1.3240e+02     1.382851e+03
  1.3260e+02     1.387516e+03
  1.3280e+02     1.392148e+03
  1.3300e+02     1.396747e+03
  1.3320e+02     1.401312e+03
  1.3340e+02     1.405843e+03
  1.3360e+02     1.410339e+03
  1.3380e+02     1.414798e+03
  1.3400e+02     1.419221e+03
  1.3420e+02     1.423607e+03
  1.3440e+02     1.427954e+03
  1.3460e+02     1.432262e+03
  1.3480e+02     1.436530e+03
  1.3500e+02     1.440758e+03
  1.3520e+02     1.444945e+03
  1.3540e+02     1.449090e+03
  1.3560e+02     1.453192e+03
  1.3580e+02     1.457250e+03
  1.3600e+02     1.461265e+03
  1.3620e+02     1.465234e+03
  1.3640e+02     1.469158e+03
  1.3660e+02     1.473036e+03
  1.3680e+02     1.476866e+03
  1.3700e+02     1.480649e+03
  1.3720e+02     1.484383e+03
  1.3740e+02     1.488068e+03
  1.3760e+02     1.491704e+03
  1.3780e+02     1.495288e+03
  1.3800e+02     1.498822e+03
  1.3820e+02     1.502303e+03
  1.3840e+02     1.505732e+03
  1.3860e+02     1.509107e+03
  1.3880e+02     1.512429e+03
  1.3900e+02     1.515696e+03
  1.3920e+02     1.518908e+03
  1.3940e+02     1.522064e+03
  1.3960e+02     1.525163e+03
  1.3980e+02     1.528205e+03
  1.4000e+02     1.531189e+03
  1.4020e+02     1.534115e+03
  1.4040e+02     1.536982e+03
  1.4060e+02     1.539790e+03
  1.4080e+02     1.542537e+03
  1.4100e+02     1.545224e+03
  1.4120e+02     1.547849e+03
  1.4140e+02     1.550412e+03
  1.4160e+02     1.552914e+03
  1.4180e+02     1.555352e+03
  1.4200e+02     1.557727e+03
  1.4220e+02     1.560037e+03
  1.4240e+02     1.562284e+03
  1.4260e+02     1.564465e+03
  1.4280e+02     1.566582e+03
  1.4300e+02     1.568632e+03
  1.4320e+02     1.570616e+03
  1.4340e+02     1.572533e+03
  1.4360e+02     1.574383e+03
  1.4380e+02     1.576166e+03
  1.4400e+02     1.577880e+03
  1.4420e+02     1.579527e+03
  1.4440e+02     1.581104e+03
  1.4460e+02     1.582613e+03
  1.4480e+02     1.584052e+03
  1.4500e+02     1.585421e+03
  1.4520e+02     1.586720e+03
  1.4540e+02     1.587949e+03
  1.4560e+02     1.589107e+03
  1.4580e+02     1.590195e+03
  1.4600e+02     1.591211e+03
  1.4620e+02     1.592155e+03
  1.4640e+02     1.593029e+03
  1.4660e+02     1.593830e+03
  1.4680e+02     1.594559e+03
  1.4700e+02     1.595216e+03
  1.4720e+02     1.595801e+03
  1.4740e+02     1.596313e+03
  1.4760e+02     1.596752e+03
  1.4780e+02     1.597119e+03
  1.4800e+02     1.597412e+03
  1.4820e+02     1.597633e+03
  1.4840e+02     1.597781e+03
  1.4860e+02     1.597855e+03
  1.4880e+02     1.597857e+03
  1.4900e+02     1.597785e+03
  1.4920e+02     1.597641e+03
  1.4940e+02     1.597423e+03
  1.4960e+02     1.597132e+03
  1.4980e+02     1.596768e+03
  1.5000e+02     1.596331e+03
  1.5020e+02     1.595821e+03
  1.5040e+02     1.595238e+03
  1.5060e+02     1.594582e+03
  1.5080e+02     1.593854e+03
  1.5100e+02     1.593054e+03
  1.5120e+02     1.592181e+03
  1.5140e+02     1.591236e+03
  1.5160e+02     1.590220e+03
  1.5180e+02     1.589131e+03
  1.5200e+02     1.587971e+03
  1.5220e+02     1.586740e+03
  1.5240e+02     1.585438e+03
  1.5260e+02     1.584065e+03
  1.5280e+02     1.582622e+03
  1.5300e+02     1.581108e+03
  1.5320e+02     1.579525e+03
  1.5340e+02     1.577873e+03
  1.5360e+02     1.576151e+03
  1.5380e+02     1.574361e+03
  1.5400e+02     1.572502e+03
  1.5420e+02     1.570575e+03
  1.5440e+02     1.568581e+03
  1.5460e+02     1.566519e+03
  1.5480e+02     1.564391e+03
  1.5500e+02     1.562197e+03
  1.5520e+02     1.559936e+03
  1.5540e+02     1.557611e+03
  1.5560e+02     1.555220e+03
  1.5580e+02     1.552766e+03
  1.5600e+02     1.550247e+03
  1.5620e+02     1.547665e+03
  1.5640e+02     1.545021e+03
  1.5660e+02     1.542314e+03
  1.5680e+02     1.539546e+03
  1.5700e+02     1.536717e+03
  1.5720e+02     1.533827e+03
  1.5740e+02     1.530877e+03
  1.5760e+02     1.527868e+03
  1.5780e+02     1.524801e+03
  1.5800e+02     1.521675e+03
  1.5820e+02     1.518492e+03
  1.5840e+02     1.515253e+03
  1.5860e+02     1.511957e+03
  1.5880e+02     1.508606e+03
  1.5900e+02     1.505200e+03
  1.5920e+02     1.501741e+03
  1.5940e+02     1.498228e+03
  1.5960e+02     1.494662e+03
  1.5980e+02     1.491044e+03
  1.6000e+02     1.487376e+03
  1.6020e+02     1.483657e+03
  1.6040e+02     1.479888e+03
  1.6060e+02     1.476070e+03
  1.6080e+02     1.472204e+03
  1.6100e+02     1.468291e+03
  1.6120e+02     1.464330e+03
  1.6140e+02     1.460324e+03
  1.6160e+02     1.456273e+03
  1.6180e+02     1.452177e+03
  1.6200e+02     1.448038e+03
  1.6220e+02     1.443856e+03
  1.6240e+02     1.439631e+03
  1.6260e+02     1.435366e+03
  1.6280e+02     1.431060e+03
  1.6300e+02     1.426714e+03
  1.6320e+02     1.422330e+03
  1.6340e+02     1.417907e+03
  1.6360e+02     1.413447e+03
  1.6380e+02     1.408951e+03
  1.6400e+02     1.404419e+03
  1.6420e+02     1.399852e+03
  1.6440e+02     1.395252e+03
  1.6460e+02     1.390618e+03
  1.6480e+02     1.385951e+03
  1.6500e+02     1.381253e+03
  1.6520e+02     1.376524e+03
  1.6540e+02     1.371765e+03
  1.6560e+02     1.366977e+03
  1.6580e+02     1.362161e+03
  1.6600e+02     1.357317e+03
  1.6620e+02     1.352446e+03
  1.6640e+02     1.347550e+03
  1.6660e+02     1.342628e+03
  1.6680e+02     1.337682e+03
  1.6700e+02     1.332712e+03
  1.6720e+02     1.327720e+03
  1.6740e+02     1.322706e+03
  1.6760e+02     1.317670e+03
  1.6780e+02     1.312614e+03
  1.6800e+02     1.307539e+03
  1.6820e+02     1.302445e+03
  1.6840e+02     1.297333e+03
  1.6860e+02     1.292203e+03
  1.6880e+02     1.287057e+03
  1.6900e+02     1.281895e+03
  1.6920e+02     1.276719e+03
  1.6940e+02     1.271528e+03
  1.6960e+02     1.266323e+03
  1.6980e+02     1.261106e+03
  1.7000e+02     1.255877e+03
  1.7020e+02     1.250636e+03
  1.7040e+02     1.245385e+03
  1.7060e+02     1.240124e+03
  1.7080e+02     1.234854e+03
  1.7100e+02     1.229576e+03
  1.7120e+02     1.224290e+03
  1.7140e+02     1.218997e+03
  1.7160e+02     1.213697e+03
  1.7180e+02     1.208392e+03
  1.7200e+02     1.203082e+03
  1.7220e+02     1.197768e+03
  1.7240e+02     1.192449e+03
  1.7260e+02     1.187128e+03
  1.7280e+02     1.181805e+03
  1.7300e+02     1.176480e+03
  1.7320e+02     1.171153e+03
  1.7340e+02     1.165827e+03
  1.7360e+02     1.160500e+03
  1.7380e+02     1.155174e+03
  1.7400e+02     1.149850e+03
  1.7420e+02     1.144527e+03
  1.7440e+02     1.139207e+03
  1.7460e+02     1.133890e+03
  1.7480e+02     1.128576e+03
  1.7500e+02     1.123267e+03
  1.7520e+02     1.117963e+03
  1.7540e+02     1.112663e+03
  1.7560e+02     1.107370e+03
  1.7580e+02     1.102083e+03
  1.7600e+02     1.096803e+03
  1.7620e+02     1.091530e+03
  1.7640e+02     1.086265e+03
  1.7660e+02     1.081009e+03
  1.7680e+02     1.075761e+03
  1.7700e+02     1.070522e+03
  1.7720e+02     1.065294e+03
  1.7740e+02     1.060075e+03
  1.7760e+02     1.054868e+03
  1.7780e+02     1.049671e+03
  1.7800e+02     1.044486e+03
  1.7820e+02     1.039313e+03
  1.7840e+02     1.034152e+03
  1.7860e+02     1.029005e+03
  1.7880e+02     1.023870e+03
  1.7900e+02     1.018749e+03
  1.7920e+02     1.013642e+03
  1.7940e+02     1.008549e+03
  1.7960e+02     1.003471e+03
  1.7980e+02     9.984085e+02
  1.8000e+02     9.933609e+02
  1.8020e+02     9.883292e+02
  1.8040e+02     9.833135e+02
  1.8060e+02     9.783142e+02
  1.8080e+02     9.733317e+02
  1.8100e+02     9.683662e+02
  1.8120e+02     9.634181e+02
  1.8140e+02     9.584876e+02
  1.8160e+02     9.535750e+02
  1.8180e+02     9.486807e+02
  1.8200e+02     9.438048e+02
  1.8220e+02     9.389477e+02
  1.8240e+02     9.341095e+02
  1.8260e+02     9.292906e+02
  1.8280e+02     9.244912e+02
  1.8300e+02     9.197116e+02
  1.8320e+02     9.149519e+02
  1.8340e+02     9.102123e+02
  1.8360e+02     9.054931e+02
  1.8380e+02     9.007946e+02
  1.8400e+02     8.961168e+02
  1.8420e+02     8.914600e+02
  1.8440e+02     8.868244e+02
  1.8460e+02     8.822102e+02
  1.8480e+02     8.776174e+02
  1.8500e+02     8.730464e+02
  1.8520e+02     8.684972e+02
  1.8540e+02     8.639700e+02
  1.8560e+02     8.594650e+02
  1.8580e+02     8.549823e+02
  1.8600e+02     8.505220e+02
  1.8620e+02     8.460843e+02
  1.8640e+02     8.416692e+02
  1.8660e+02     8.372770e+02
  1.8680e+02     8.329077e+02
  1.8700e+02     8.285614e+02
  1.8720e+02     8.242383e+02
  1.8740e+02     8.199384e+02
  1.8760e+02     8.156618e+02
  1.8780e+02     8.114086e+02
  1.8800e+02     8.071789e+02
  1.8820e+02     8.029727e+02
  1.8840e+02     7.987902e+02
  1.8860e+02     7.946314e+02
  1.8880e+02     7.904963e+02
  1.8900e+02     7.863851e+02
  1.8920e+02     7.822977e+02
  1.8940e+02     7.782342e+02
  1.8960e+02     7.741947e+02
  1.8980e+02     7.701792e+02
  1.9000e+02     7.661877e+02
  1.9020e+02     7.622203e+02
  1.9040e+02     7.582770e+02
  1.9060e+02     7.543578e+02
  1.9080e+02     7.504627e+02
  1.9100e+02     7.465917e+02
  1.9120e+02     7.427449e+02
  1.9140e+02     7.389223e+02
  1.9160e+02     7.351238e+02
  1.9180e+02     7.313494e+02
  1.9200e+02     7.275992e+02
  1.9220e+02     7.238732e+02
  1.9240e+02     7.201713e+02
  1.9260e+02     7.164935e+02
  1.9280e+02     7.128399e+02
  1.9300e+02     7.092103e+02
  1.9320e+02     7.056047e+02
  1.9340e+02     7.020232e+02
  1.9360e+02     6.984657e+02
  1.9380e+02     6.949322e+02
  1.9400e+02     6.914226e+02
  1.9420e+02     6.879369e+02
  1.9440e+02     6.844751e+02
  1.9460e+02     6.810371e+02
  1.9480e+02     6.776229e+02
  1.9500e+02     6.742324e+02
  1.9520e+02     6.708655e+02
  1.9540e+02     6.675223e+02
  1.9560e+02     6.642026e+02
  1.9580e+02     6.609065e+02
  1.9600e+02     6.576338e+02
  1.9620e+02     6.543845e+02
  1.9640e+02     6.511585e+02
  1.9660e+02     6.479558e+02
  1.9680e+02     6.447763e+02
  1.9700e+02     6.416199e+02
  1.9720e+02     6.384865e+02
  1.9740e+02     6.353762e+02
  1.9760e+02     6.322888e+02
  1.9780e+02     6.292242e+02
  1.9800e+02     6.261823e+02
  1.9820e+02     6.231632e+02
  1.9840e+02     6.201667e+02
  1.9860e+02     6.171926e+02
  1.9880e+02     6.142411e+02
  1.9900e+02     6.113118e+02
  1.9920e+02     6.084049e+02
  1.9940e+02     6.055201e+02
  1.9960e+02     6.026575e+02
  1.9980e+02     5.998168e+02
  2.0000e+02     5.969981e+02
  2.0020e+02     5.942013e+02
  2.0040e+02     5.914261e+02
  2.0060e+02     5.886726e+02
  2.0080e+02     5.859407e+02
  2.0100e+02     5.832303e+02
  2.0120e+02     5.805412e+02
  2.0140e+02     5.778734e+02
  2.0160e+02     5.752268e+02
  2.0180e+02     5.726013e+02
  2.0200e+02     5.699967e+02
  2.0220e+02     5.674131e+02
  2.0240e+02     5.648502e+02
  2.0260e+02     5.623081e+02
  2.0280e+02     5.597865e+02
  2.0300e+02     5.572855e+02
  2.0320e+02     5.548048e+02
  2.0340e+02     5.523444e+02
  2.0360e+02     5.499043e+02
  2.0380e+02     5.474842e+02
  2.0400e+02     5.450841e+02
  2.0420e+02     5.427039e+02
  2.0440e+02     5.403435e+02
  2.0460e+02     5.380028e+02
  2.0480e+02     5.356817e+02
  2.0500e+02     5.333801e+02
  2.0520e+02     5.310978e+02
  2.0540e+02     5.288349e+02
  2.0560e+02     5.265911e+02
  2.0580e+02     5.243663e+02
  2.0600e+02     5.221606e+02
  2.0620e+02     5.199737e+02
  2.0640e+02     5.178056e+02
  2.0660e+02     5.156561e+02
  2.0680e+02     5.135252e+02
  2.0700e+02     5.114128e+02
  2.0720e+02     5.093187e+02
  2.0740e+02     5.072429e+02
  2.0760e+02     5.051852e+02
  2.0780e+02     5.031456e+02
  2.0800e+02     5.011239e+02
  2.0820e+02     4.991201e+02
  2.0840e+02     4.971340e+02
  2.0860e+02     4.951656e+02
  2.0880e+02     4.932146e+02
  2.0900e+02     4.912812e+02
  2.0920e+02     4.893650e+02
  2.0940e+02     4.874662e+02
  2.0960e+02     4.855844e+02
  2.0980e+02     4.837197e+02
  2.1000e+02     4.818719e+02
  2.1020e+02     4.800410e+02
  2.1040e+02     4.782268e+02
  2.1060e+02     4.764292e+02
  2.1080e+02     4.746482e+02
  2.1100e+02     4.728837e+02
  2.1120e+02     4.711355e+02
  2.1140e+02     4.694035e+02
  2.1160e+02     4.676877e+02
  2.1180e+02     4.659880e+02
  2.1200e+02     4.643042e+02
  2.1220e+02     4.626363e+02
  2.1240e+02     4.609842e+02
  2.1260e+02     4.593477e+02
  2.1280e+02     4.577269e+02
  2.1300e+02     4.561215e+02
  2.1320e+02     4.545315e+02
  2.1340e+02     4.529569e+02
  2.1360e+02     4.513975e+02
  2.1380e+02     4.498532e+02
  2.1400e+02     4.483239e+02
  2.1420e+02     4.468096e+02
  2.1440e+02     4.453101e+02
  2.1460e+02     4.438254e+02
  2.1480e+02     4.423554e+02
  2.1500e+02     4.408999e+02
  2.1520e+02     4.394590e+02
  2.1540e+02     4.380325e+02
  2.1560e+02     4.366203e+02
  2.1580e+02     4.352223e+02
  2.1600e+02     4.338385e+02
  2.1620e+02     4.324688e+02
  2.1640e+02     4.311131e+02
  2.1660e+02     4.297712e+02
  2.1680e+02     4.284432e+02
  2.1700e+02     4.271290e+02
  2.1720e+02     4.258284e+02
  2.1740e+02     4.245413e+02
  2.1760e+02     4.232678e+02
  2.1780e+02     4.220077e+02
  2.1800e+02     4.207609e+02
  2.1820e+02     4.195274e+02
  2.1840e+02     4.183070e+02
  2.1860e+02     4.170998e+02
  2.1880e+02     4.159055e+02
  2.1900e+02     4.147243e+02
  2.1920e+02     4.135559e+02
  2.1940e+02     4.124002e+02
  2.1960e+02     4.112574e+02
  2.1980e+02     4.101271e+02
  2.2000e+02     4.090095e+02
  2.2020e+02     4.079043e+02
  2.2040e+02     4.068116e+02
  2.2060e+02     4.057312e+02
  2.2080e+02     4.046631e+02
  2.2100e+02     4.036072e+02
  2.2120e+02     4.025635e+02
  2.2140e+02     4.015319e+02
  2.2160e+02     4.005122e+02
  2.2180e+02     3.995045e+02
  2.2200e+02     3.985087e+02
  2.2220e+02     3.975247e+02
  2.2240e+02     3.965524e+02
  2.2260e+02     3.955918e+02
  2.2280e+02     3.946429e+02
  2.2300e+02     3.937054e+02
  2.2320e+02     3.927795e+02
  2.2340e+02     3.918649e+02
  2.2360e+02     3.909618e+02
  2.2380e+02     3.900699e+02
  2.2400e+02     3.891893e+02
  2.2420e+02     3.883198e+02
  2.2440e+02     3.874614e+02
  2.2460e+02     3.866141e+02
  2.2480e+02     3.857779e+02
  2.2500e+02     3.849525e+02
  2.2520e+02     3.841380e+02
  2.2540e+02     3.833344e+02
  2.2560e+02     3.825415e+02
  2.2580e+02     3.817593e+02
  2.2600e+02     3.809878e+02
  2.2620e+02     3.802269e+02
  2.2640e+02     3.794765e+02
  2.2660e+02     3.787367e+02
  2.2680e+02     3.780072e+02
  2.2700e+02     3.772882e+02
  2.2720e+02     3.765795e+02
  2.2740e+02     3.758811e+02
  2.2760e+02     3.751929e+02
  2.2780e+02     3.745149e+02
  2.2800e+02     3.738471e+02
  2.2820e+02     3.731893e+02
  2.2840e+02     3.725416e+02
  2.2860e+02     3.719039e+02
  2.2880e+02     3.712761e+02
  2.2900e+02     3.706583e+02
  2.2920e+02     3.700503e+02
  2.2940e+02     3.694520e+02
  2.2960e+02     3.688636e+02
  2.2980e+02     3.682849e+02
  2.3000e+02     3.677158e+02
  2.3020e+02     3.671564e+02
  2.3040e+02     3.666066e+02
  2.3060e+02     3.660663e+02
  2.3080e+02     3.655356e+02
  2.3100e+02     3.650143e+02
  2.3120e+02     3.645024e+02
  2.3140e+02     3.639999e+02
  2.3160e+02     3.635068e+02
  2.3180e+02     3.630229e+02
  2.3200e+02     3.625484e+02
  2.3220e+02     3.620831e+02
  2.3240e+02     3.616269e+02
  2.3260e+02     3.611800e+02
  2.3280e+02     3.607421e+02
  2.3300e+02     3.603133e+02
  2.3320e+02     3.598936e+02
  2.3340e+02     3.594829e+02
  2.3360e+02     3.590812e+02
  2.3380e+02     3.586885e+02
  2.3400e+02     3.583046e+02
  2.3420e+02     3.579297e+02
  2.3440e+02     3.575636e+02
  2.3460e+02     3.572063e+02
  2.3480e+02     3.568578e+02
  2.3500e+02     3.565181e+02
  2.3520e+02     3.561871e+02
  2.3540e+02     3.558648e+02
  2.3560e+02     3.555511e+02
  2.3580e+02     3.552461e+02
  2.3600e+02     3.549498e+02
  2.3620e+02     3.546620e+02
  2.3640e+02     3.543827e+02
  2.3660e+02     3.541121e+02
  2.3680e+02     3.538499e+02
  2.3700e+02     3.535962e+02
  2.3720e+02     3.533509e+02
  2.3740e+02     3.531141e+02
  2.3760e+02     3.528857e+02
  2.3780e+02     3.526656e+02
  2.3800e+02     3.524540e+02
  2.3820e+02     3.522506e+02
  2.3840e+02     3.520556e+02
  2.3860e+02     3.518689e+02
  2.3880e+02     3.516905e+02
  2.3900e+02     3.515203e+02
  2.3920e+02     3.513583e+02
  2.3940e+02     3.512045e+02
  2.3960e+02     3.510589e+02
  2.3980e+02     3.509215e+02
  2.4000e+02     3.507923e+02
  2.4020e+02     3.506712e+02
  2.4040e+02     3.505582e+02
  2.4060e+02     3.504533e+02
  2.4080e+02     3.503565e+02
  2.4100e+02     3.502677e+02
  2.4120e+02     3.501870e+02
  2.4140e+02     3.501143e+02
  2.4160e+02     3.500497e+02
  2.4180e+02     3.499930e+02
  2.4200e+02     3.499444e+02
  2.4220e+02     3.499037e+02
  2.4240e+02     3.498709e+02
  2.4260e+02     3.498461e+02
  2.4280e+02     3.498293e+02
  2.4300e+02     3.498204e+02
  2.4320e+02     3.498193e+02
  2.4340e+02     3.498262e+02
  2.4360e+02     3.498410e+02
  2.4380e+02     3.498636e+02
  2.4400e+02     3.498941e+02
  2.4420e+02     3.499325e+02
  2.4440e+02     3.499787e+02
  2.4460e+02     3.500328e+02
  2.4480e+02     3.500946e+02
  2.4500e+02     3.501643e+02
  2.4520e+02     3.502418e+02
  2.4540e+02     3.503272e+02
  2.4560e+02     3.504203e+02
  2.4580e+02     3.505212e+02
  2.4600e+02     3.506298e+02
  2.4620e+02     3.507463e+02
  2.4640e+02     3.508705e+02
  2.4660e+02     3.510025e+02
  2.4680e+02     3.511423e+02
  2.4700e+02     3.512898e+02
  2.4720e+02     3.514451e+02
  2.4740e+02     3.516081e+02
  2.4760e+02     3.517788e+02
  2.4780e+02     3.519573e+02
  2.4800e+02     3.521436e+02
  2.4820e+02     3.523375e+02
  2.4840e+02     3.525393e+02
  2.4860e+02     3.527487e+02
  2.4880e+02     3.529659e+02
  2.4900e+02     3.531908e+02
  2.4920e+02     3.534234e+02
  2.4940e+02     3.536638e+02
  2.4960e+02     3.539119e+02
  2.4980e+02     3.541677e+02
  2.5000e+02     3.544313e+02
  2.5020e+02     3.547026e+02
  2.5040e+02     3.549816e+02
  2.5060e+02     3.552683e+02
  2.5080e+02     3.555628e+02
  2.5100e+02     3.558651e+02
  2.5120e+02     3.561751e+02
  2.5140e+02     3.564928e+02
  2.5160e+02     3.568183e+02
  2.5180e+02     3.571515e+02
  2.5200e+02     3.574925e+02
  2.5220e+02     3.578412e+02
  2.5240e+02     3.581977e+02
  2.5260e+02     3.585620e+02
  2.5280e+02     3.589341e+02
  2.5300e+02     3.593139e+02
  2.5320e+02     3.597015e+02
  2.5340e+02     3.600970e+02
  2.5360e+02     3.605002e+02
  2.5380e+02     3.609112e+02
  2.5400e+02     3.613301e+02
  2.5420e+02     3.617568e+02
  2.5440e+02     3.621913e+02
  2.5460e+02     3.626336e+02
  2.5480e+02     3.630838e+02
  2.5500e+02     3.635419e+02
  2.5520e+02     3.640078e+02
  2.5540e+02     3.644816e+02
  2.5560e+02     3.649633e+02
  2.5580e+02     3.654529e+02
  2.5600e+02     3.659504e+02
  2.5620e+02     3.664558e+02
  2.5640e+02     3.669691e+02
  2.5660e+02     3.674904e+02
  2.5680e+02     3.680196e+02
  2.5700e+02     3.685568e+02
  2.5720e+02     3.691020e+02
  2.5740e+02     3.696551e+02
  2.5760e+02     3.702163e+02
  2.5780e+02     3.707854e+02
  2.5800e+02     3.713626e+02
  2.5820e+02     3.719478e+02
  2.5840e+02     3.725411e+02
  2.5860e+02     3.731424e+02
  2.5880e+02     3.737519e+02
  2.5900e+02     3.743694e+02
  2.5920e+02     3.749950e+02
  2.5940e+02     3.756288e+02
  2.5960e+02     3.762707e+02
  2.5980e+02     3.769207e+02
  2.6000e+02     3.775789e+02
  2.6020e+02     3.782453e+02
  2.6040e+02     3.789199e+02
  2.6060e+02     3.796028e+02
  2.6080e+02     3.802938e+02
  2.6100e+02     3.809932e+02
  2.6120e+02     3.817008e+02
  2.6140e+02     3.824167e+02
  2.6160e+02     3.831408e+02
  2.6180e+02     3.838734e+02
  2.6200e+02     3.846142e+02
  2.6220e+02     3.853634e+02
  2.6240e+02     3.861210e+02
  2.6260e+02     3.868870e+02
  2.6280e+02     3.876615e+02
  2.6300e+02     3.884443e+02
  2.6320e+02     3.892356e+02
  2.6340e+02     3.900354e+02
  2.6360e+02     3.908437e+02
  2.6380e+02     3.916605e+02
  2.6400e+02     3.924859e+02
  2.6420e+02     3.933198e+02
  2.6440e+02     3.941622e+02
  2.6460e+02     3.950133e+02
  2.6480e+02     3.958730e+02
  2.6500e+02     3.967414e+02
  2.6520e+02     3.976184e+02
  2.6540e+02     3.985040e+02
  2.6560e+02     3.993984e+02
  2.6580e+02     4.003016e+02
  2.6600e+02     4.012135e+02
  2.6620e+02     4.021341e+02
  2.6640e+02     4.030636e+02
  2.6660e+02     4.040018e+02
  2.6680e+02     4.049489e+02
  2.6700e+02     4.059049e+02
  2.6720e+02     4.068698e+02
  2.6740e+02     4.078436e+02
  2.6760e+02     4.088263e+02
  2.6780e+02     4.098180e+02
  2.6800e+02     4.108186e+02
  2.6820e+02     4.118283e+02
  2.6840e+02     4.128470e+02
  2.6860e+02     4.138747e+02
  2.6880e+02     4.149116e+02
  2.6900e+02     4.159575e+02
  2.6920e+02     4.170126e+02
  2.6940e+02     4.180768e+02
  2.6960e+02     4.191502e+02
  2.6980e+02     4.202328e+02
  2.7000e+02     4.213247e+02
  2.7020e+02     4.224258e+02
  2.7040e+02     4.235361e+02
  2.7060e+02     4.246558e+02
  2.7080e+02     4.257848e+02
  2.7100e+02     4.269232e+02
  2.7120e+02     4.280710e+02
  2.7140e+02     4.292281e+02
  2.7160e+02     4.303947e+02
  2.7180e+02     4.315708e+02
  2.7200e+02     4.327563e+02
  2.7220e+02     4.339513e+02
  2.7240e+02     4.351559e+02
  2.7260e+02     4.363701e+02
  2.7280e+02     4.375938e+02
  2.7300e+02     4.388272e+02
  2.7320e+02     4.400702e+02
  2.7340e+02     4.413228e+02
  2.7360e+02     4.425852e+02
  2.7380e+02     4.438573e+02
  2.7400e+02     4.451391e+02
  2.7420e+02     4.464307e+02
  2.7440e+02     4.477321e+02
  2.7460e+02     4.490433e+02
  2.7480e+02     4.503644e+02
  2.7500e+02     4.516953e+02
  2.7520e+02     4.530362e+02
  2.7540e+02     4.543870e+02
  2.7560e+02     4.557477e+02
  2.7580e+02     4.571185e+02
  2.7600e+02     4.584992e+02
  2.7620e+02     4.598900e+02
  2.7640e+02     4.612908e+02
  2.7660e+02     4.627017e+02
  2.7680e+02     4.641228e+02
  2.7700e+02     4.655539e+02
  2.7720e+02     4.669953e+02
  2.7740e+02     4.684468e+02
  2.7760e+02     4.699085e+02
  2.7780e+02     4.713805e+02
  2.7800e+02     4.728627e+02
  2.7820e+02     4.743553e+02
  2.7840e+02     4.758581e+02
  2.7860e+02     4.773713e+02
  2.7880e+02     4.788948e+02
  2.7900e+02     4.804288e+02
  2.7920e+02     4.819731e+02
  2.7940e+02     4.835279e+02
  2.7960e+02     4.850932e+02
  2.7980e+02     4.866689e+02
  2.8000e+02     4.882551e+02
  2.8020e+02     4.898519e+02
  2.8040e+02     4.914593e+02
  2.8060e+02     4.930772e+02
  2.8080e+02     4.947057e+02
  2.8100e+02     4.963448e+02
  2.8120e+02     4.979946e+02
  2.8140e+02     4.996550e+02
  2.8160e+02     5.013262e+02
  2.8180e+02     5.030080e+02
  2.8200e+02     5.047006e+02
  2.8220e+02     5.064039e+02
  2.8240e+02     5.081180e+02
  2.8260e+02     5.098429e+02
  2.8280e+02     5.115786e+02
  2.8300e+02     5.133252e+02
  2.8320e+02     5.150826e+02
  2.8340e+02     5.168509e+02
  2.8360e+02     5.186300e+02
  2.8380e+02     5.204201e+02
  2.8400e+02     5.222211e+02
  2.8420e+02     5.240330e+02
  2.8440e+02     5.258559e+02
  2.8460e+02     5.276898e+02
  2.8480e+02     5.295347e+02
  2.8500e+02     5.313905e+02
  2.8520e+02     5.332574e+02
  2.8540e+02     5.351354e+02
  2.8560e+02     5.370244e+02
  2.8580e+02     5.389244e+02
  2.8600e+02     5.408356e+02
  2.8620e+02     5.427578e+02
  2.8640e+02     5.446911e+02
  2.8660e+02     5.466356e+02
  2.8680e+02     5.485912e+02
  2.8700e+02     5.505579e+02
  2.8720e+02     5.525358e+02
  2.8740e+02     5.545248e+02
  2.8760e+02     5.565250e+02
  2.8780e+02     5.585364e+02
  2.8800e+02     5.605590e+02
  2.8820e+02     5.625928e+02
  2.8840e+02     5.646377e+02
  2.8860e+02     5.666939e+02
  2.8880e+02     5.687613e+02
  2.8900e+02     5.708398e+02
  2.8920e+02     5.729297e+02
  2.8940e+02     5.750307e+02
  2.8960e+02     5.771429e+02
  2.8980e+02     5.792664e+02
  2.9000e+02     5.814011e+02
  2.9020e+02     5.835470e+02
  2.9040e+02     5.857042e+02
  2.9060e+02     5.878726e+02
  2.9080e+02     5.900522e+02
  2.9100e+02     5.922430e+02
  2.9120e+02     5.944451e+02
  2.9140e+02     5.966583e+02
  2.9160e+02     5.988828e+02
  2.9180e+02     6.011184e+02
  2.9200e+02     6.033652e+02
  2.9220e+02     6.056233e+02
  2.9240e+02     6.078925e+02
  2.9260e+02     6.101728e+02
  2.9280e+02     6.124644e+02
  2.9300e+02     6.147670e+02
  2.9320e+02     6.170808e+02
  2.9340e+02     6.194057e+02
  2.9360e+02     6.217417e+02
  2.9380e+02     6.240888e+02
  2.9400e+02     6.264469e+02
  2.9420e+02     6.288161e+02
  2.9440e+02     6.311963e+02
  2.9460e+02     6.335876e+02
  2.9480e+02     6.359898e+02
  2.9500e+02     6.384029e+02
  2.9520e+02     6.408271e+02
  2.9540e+02     6.432621e+02
  2.9560e+02     6.457080e+02
  2.9580e+02     6.481648e+02
  2.9600e+02     6.506324e+02
  2.9620e+02     6.531108e+02
  2.9640e+02     6.556000e+02
  2.9660e+02     6.580999e+02
  2.9680e+02     6.606106e+02
  2.9700e+02     6.631319e+02
  2.9720e+02     6.656638e+02
  2.9740e+02     6.682063e+02
  2.9760e+02     6.707594e+02
  2.9780e+02     6.733231e+02
  2.9800e+02     6.758972e+02
  2.9820e+02     6.784817e+02
  2.9840e+02     6.810766e+02
  2.9860e+02     6.836819e+02
  2.9880e+02     6.862974e+02
  2.9900e+02     6.889232e+02
  2.9920e+02     6.915592e+02
  2.9940e+02     6.942054e+02
  2.9960e+02     6.968616e+02
  2.9980e+02     6.995279e+02
  3.0000e+02     7.022042e+02
  3.0020e+02     7.048904e+02
  3.0040e+02     7.075864e+02
  3.0060e+02     7.102923e+02
  3.0080e+02     7.130079e+02
  3.0100e+02     7.157331e+02
  3.0120e+02     7.184680e+02
  3.0140e+02     7.212125e+02
  3.0160e+02     7.239664e+02
  3.0180e+02     7.267297e+02
  3.0200e+02     7.295023e+02
  3.0220e+02     7.322842e+02
  3.0240e+02     7.350753e+02
  3.0260e+02     7.378755e+02
  3.0280e+02     7.406847e+02
  3.0300e+02     7.435028e+02
  3.0320e+02     7.463298e+02
  3.0340e+02     7.491656e+02
  3.0360e+02     7.520101e+02
  3.0380e+02     7.548632e+02
  3.0400e+02     7.577247e+02
  3.0420e+02     7.605947e+02
  3.0440e+02     7.634730e+02
  3.0460e+02     7.663596e+02
  3.0480e+02     7.692542e+02
  3.0500e+02     7.721569e+02
  3.0520e+02     7.750675e+02
  3.0540e+02     7.779860e+02
  3.0560e+02     7.809121e+02
  3.0580e+02     7.838459e+02
  3.0600e+02     7.867871e+02
  3.0620e+02     7.897358e+02
  3.0640e+02     7.926917e+02
  3.0660e+02     7.956547e+02
  3.0680e+02     7.986248e+02
  3.0700e+02     8.016019e+02
  3.0720e+02     8.045857e+02
  3.0740e+02     8.075761e+02
  3.0760e+02     8.105732e+02
  3.0780e+02     8.135766e+02
  3.0800e+02     8.165863e+02
  3.0820e+02     8.196022e+02
  3.0840e+02     8.226241e+02
  3.0860e+02     8.256519e+02
  3.0880e+02     8.286854e+02
  3.0900e+02     8.317245e+02
  3.0920e+02     8.347691e+02
  3.0940e+02     8.378190e+02
  3.0960e+02     8.408741e+02
  3.0980e+02     8.439341e+02
  3.1000e+02     8.469991e+02
  3.1020e+02     8.500687e+02
  3.1040e+02     8.531429e+02
  3.1060e+02     8.562215e+02
  3.1080e+02     8.593043e+02
  3.1100e+02     8.623912e+02
  3.1120e+02     8.654820e+02
  3.1140e+02     8.685765e+02
  3.1160e+02     8.716746e+02
  3.1180e+02     8.747761e+02
  3.1200e+02     8.778808e+02
  3.1220e+02     8.809886e+02
  3.1240e+02     8.840992e+02
  3.1260e+02     8.872125e+02
  3.1280e+02     8.903283e+02
  3.1300e+02     8.934464e+02
  3.1320e+02     8.965667e+02
  3.1340e+02     8.996889e+02
  3.1360e+02     9.028128e+02
  3.1380e+02     9.059383e+02
  3.1400e+02     9.090652e+02
  3.1420e+02     9.121932e+02
  3.1440e+02     9.153222e+02
  3.1460e+02     9.184520e+02
  3.1480e+02     9.215823e+02
  3.1500e+02     9.247129e+02
  3.1520e+02     9.278437e+02
  3.1540e+02     9.309744e+02
  3.1560e+02     9.341048e+02
  3.1580e+02     9.372347e+02
  3.1600e+02     9.403639e+02
  3.1620e+02     9.434922e+02
  3.1640e+02     9.466193e+02
  3.1660e+02     9.497450e+02
  3.1680e+02     9.528691e+02
  3.1700e+02     9.559914e+02
  3.1720e+02     9.591116e+02
  3.1740e+02     9.622295e+02
  3.1760e+02     9.653449e+02
  3.1780e+02     9.684575e+02
  3.1800e+02     9.715671e+02
  3.1820e+02     9.746734e+02
  3.1840e+02     9.777763e+02
  3.1860e+02     9.808754e+02
  3.1880e+02     9.839706e+02
  3.1900e+02     9.870615e+02
  3.1920e+02     9.901480e+02
  3.1940e+02     9.932297e+02
  3.1960e+02     9.963065e+02
  3.1980e+02     9.993781e+02
  3.2000e+02     1.002444e+03
  3.2020e+02     1.005504e+03
  3.2040e+02     1.008558e+03
  3.2060e+02     1.011606e+03
  3.2080e+02     1.014648e+03
  3.2100e+02     1.017683e+03
  3.2120e+02     1.020710e+03
  3.2140e+02     1.023731e+03
  3.2160e+02     1.026744e+03
  3.2180e+02     1.029749e+03
  3.2200e+02     1.032745e+03
  3.2220e+02     1.035734e+03
  3.2240e+02     1.038714e+03
  3.2260e+02     1.041685e+03
  3.2280e+02     1.044646e+03
  3.2300e+02     1.047598e+03
  3.2320e+02     1.050541e+03
  3.2340e+02     1.053473e+03
  3.2360e+02     1.056395e+03
  3.2380e+02     1.059306e+03
  3.2400e+02     1.062207e+03
  3.2420e+02     1.065096e+03
  3.2440e+02     1.067974e+03
  3.2460e+02     1.070840e+03
  3.2480e+02     1.073694e+03
  3.2500e+02     1.076536e+03
  3.2520e+02     1.079365e+03
  3.2540e+02     1.082181e+03
  3.2560e+02     1.084984e+03
  3.2580e+02     1.087773e+03
  3.2600e+02     1.090549e+03
  3.2620e+02     1.093311e+03
  3.2640e+02     1.096059e+03
  3.2660e+02     1.098791e+03
  3.2680e+02     1.101509e+03
  3.2700e+02     1.104212e+03
  3.2720e+02     1.106899e+03
  3.2740e+02     1.109571e+03
  3.2760e+02     1.112226e+03
  3.2780e+02     1.114865e+03
  3.2800e+02     1.117487e+03
  3.2820e+02     1.120093e+03
  3.2840e+02     1.122681e+03
  3.2860e+02     1.125251e+03
  3.2880e+02     1.127804e+03
  3.2900e+02     1.130339e+03
  3.2920e+02     1.132855e+03
  3.2940e+02     1.135353e+03
  3.2960e+02     1.137832e+03
  3.2980e+02     1.140291e+03
  3.3000e+02     1.142731e+03
  3.3020e+02     1.145151e+03
  3.3040e+02     1.147551e+03
  3.3060e+02     1.149931e+03
  3.3080e+02     1.152290e+03
  3.3100e+02     1.154628e+03
  3.3120e+02     1.156945e+03
  3.3140e+02     1.159240e+03
  3.3160e+02     1.161513e+03
  3.3180e+02     1.163765e+03
  3.3200e+02     1.165994e+03
  3.3220e+02     1.168201e+03
  3.3240e+02     1.170384e+03
  3.3260e+02     1.172545e+03
  3.3280e+02     1.174682e+03
  3.3300e+02     1.176796e+03
  3.3320e+02     1.178885e+03
  3.3340e+02     1.180951e+03
  3.3360e+02     1.182991e+03
  3.3380e+02     1.185008e+03
  3.3400e+02     1.186999e+03
  3.3420e+02     1.188965e+03
  3.3440e+02     1.190905e+03
  3.3460e+02     1.192820e+03
  3.3480e+02     1.194709e+03
  3.3500e+02     1.196572e+03
  3.3520e+02     1.198408e+03
  3.3540e+02     1.200218e+03
  3.3560e+02     1.202000e+03
  3.3580e+02     1.203756e+03
  3.3600e+02     1.205484e+03
  3.3620e+02     1.207184e+03
  3.3640e+02     1.208857e+03
  3.3660e+02     1.210501e+03
  3.3680e+02     1.212118e+03
  3.3700e+02     1.213705e+03
  3.3720e+02     1.215265e+03
  3.3740e+02     1.216795e+03
  3.3760e+02     1.218296e+03
  3.3780e+02     1.219768e+03
  3.3800e+02     1.221210e+03
  3.3820e+02     1.222622e+03
  3.3840e+02     1.224005e+03
  3.3860e+02     1.225358e+03
  3.3880e+02     1.226680e+03
  3.3900e+02     1.227972e+03
  3.3920e+02     1.229233e+03
  3.3940e+02     1.230463e+03
  3.3960e+02     1.231663e+03
  3.3980e+02     1.232831e+03
  3.4000e+02     1.233968e+03
  3.4020e+02     1.235073e+03
  3.4040e+02     1.236147e+03
  3.4060e+02     1.237190e+03
  3.4080e+02     1.238200e+03
  3.4100e+02     1.239178e+03
  3.4120e+02     1.240124e+03
  3.4140e+02     1.241038e+03
  3.4160e+02     1.241920e+03
  3.4180e+02     1.242768e+03
  3.4200e+02     1.243585e+03
  3.4220e+02     1.244368e+03
  3.4240e+02     1.245119e+03
  3.4260e+02     1.245836e+03
  3.4280e+02     1.246521e+03
  3.4300e+02     1.247172e+03
  3.4320e+02     1.247790e+03
  3.4340e+02     1.248375e+03
  3.4360e+02     1.248926e+03
  3.4380e+02     1.249444e+03
  3.4400e+02     1.249928e+03
  3.4420e+02     1.250378e+03
  3.4440e+02     1.250795e+03
  3.4460e+02     1.251178e+03
  3.4480e+02     1.251527e+03
  3.4500e+02     1.251843e+03
  3.4520e+02     1.252124e+03
  3.4540e+02     1.252372e+03
  3.4560e+02     1.252586e+03
  3.4580e+02     1.252765e+03
  3.4600e+02     1.252911e+03
  3.4620e+02     1.253023e+03
  3.4640e+02     1.253100e+03
  3.4660e+02     1.253144e+03
  3.4680e+02     1.253153e+03
  3.4700e+02     1.253129e+03
  3.4720e+02     1.253071e+03
  3.4740e+02     1.252978e+03
  3.4760e+02     1.252852e+03
  3.4780e+02     1.252691e+03
  3.4800e+02     1.252497e+03
  3.4820e+02     1.252269e+03
  3.4840e+02     1.252007e+03
  3.4860e+02     1.251711e+03
  3.4880e+02     1.251381e+03
  3.4900e+02     1.251018e+03
  3.4920e+02     1.250621e+03
  3.4940e+02     1.250191e+03
  3.4960e+02     1.249727e+03
  3.4980e+02     1.249229e+03
  3.5000e+02     1.248699e+03
  3.5020e+02     1.248135e+03
  3.5040e+02     1.247538e+03
  3.5060e+02     1.246907e+03
  3.5080e+02     1.246244e+03
  3.5100e+02     1.245548e+03
  3.5120e+02     1.244819e+03
  3.5140e+02     1.244058e+03
  3.5160e+02     1.243264e+03
  3.5180e+02     1.242438e+03
  3.5200e+02     1.241579e+03
  3.5220e+02     1.240689e+03
  3.5240e+02     1.239766e+03
  3.5260e+02     1.238812e+03
  3.5280e+02     1.237825e+03
  3.5300e+02     1.236808e+03
  3.5320e+02     1.235759e+03
  3.5340e+02     1.234678e+03
  3.5360e+02     1.233567e+03
  3.5380e+02     1.232425e+03
  3.5400e+02     1.231252e+03
  3.5420e+02     1.230048e+03
  3.5440e+02     1.228814e+03
  3.5460e+02     1.227550e+03
  3.5480e+02     1.226256e+03
  3.5500e+02     1.224932e+03
  3.5520e+02     1.223579e+03
  3.5540e+02     1.222196e+03
  3.5560e+02     1.220784e+03
  3.5580e+02     1.219343e+03
  3.5600e+02     1.217873e+03
  3.5620e+02     1.216375e+03
  3.5640e+02     1.214848e+03
  3.5660e+02     1.213293e+03
  3.5680e+02     1.211710e+03
  3.5700e+02     1.210100e+03
  3.5720e+02     1.208462e+03
  3.5740e+02     1.206798e+03
  3.5760e+02     1.205106e+03
  3.5780e+02     1.203387e+03
  3.5800e+02     1.201642e+03
  3.5820e+02     1.199871e+03
  3.5840e+02     1.198074e+03
  3.5860e+02     1.196251e+03
  3.5880e+02     1.194403e+03
  3.5900e+02     1.192529e+03
  3.5920e+02     1.190631e+03
  3.5940e+02     1.188708e+03
  3.5960e+02     1.186760e+03
  3.5980e+02     1.184789e+03
