# Epidemic | 7 days incidence [ x-unit: days | y-unit: per 100000 ]
# ==============================================================================
  0.0000e+00     3.618006e+02
  2.0000e-01     3.596309e+02
  4.0000e-01     3.574885e+02
  6.0000e-01     3.553730e+02
  8.0000e-01     3.532843e+02
  1.0000e+00     3.512219e+02
  1.2000e+00     3.491855e+02
  1.4000e+00     3.471750e+02
  1.6000e+00     3.451899e+02
  1.8000e+00     3.432299e+02
  2.0000e+00     3.412949e+02
  2.2000e+00     3.393845e+02
  2.4000e+00     3.374985e+02
  2.6000e+00     3.356365e+02
  2.8000e+00     3.337983e+02
  3.0000e+00     3.319836e+02
  3.2000e+00     3.301923e+02
  3.4000e+00     3.284239e+02
  3.6000e+00     3.266783e+02
  3.8000e+00     3.249551e+02
  4.0000e+00     3.232543e+02
  4.2000e+00     3.215754e+02
  4.4000e+00     3.199183e+02
  4.6000e+00     3.182827e+02
  4.8000e+00     3.166684e+02
  5.0000e+00     3.150752e+02
  5.2000e+00     3.135028e+02
  5.4000e+00     3.119510e+02
  5.6000e+00     3.104196e+02
  5.8000e+00     3.089083e+02
  6.0000e+00     3.074170e+02
  6.2000e+00     3.059454e+02
  6.4000e+00     3.044933e+02
  6.6000e+00     3.030605e+02
  6.8000e+00     3.016469e+02
  7.0000e+00     3.002521e+02
  7.2000e+00     2.992360e+02
  7.4000e+00     2.982684e+02
  7.6000e+00     2.973089e+02
  7.8000e+00     2.963573e+02
  8.0000e+00     2.954138e+02
  8.2000e+00     2.944781e+02
  8.4000e+00     2.935504e+02
  8.6000e+00     2.926306e+02
  8.8000e+00     2.917187e+02
  9.0000e+00     2.908146e+02
  9.2000e+00     2.899183e+02
  9.4000e+00     2.890298e+02
  9.6000e+00     2.881491e+02
  9.8000e+00     2.872762e+02
  1.0000e+01     2.864109e+02
  1.0200e+01     2.855533e+02
  1.0400e+01     2.847034e+02
  1.0600e+01     2.838612e+02
  1.0800e+01     2.830265e+02
  1.1000e+01     2.821994e+02
  1.1200e+01     2.813798e+02
  1.1400e+01     2.805678e+02
  1.1600e+01     2.797632e+02
  1.1800e+01     2.789661e+02
  1.2000e+01     2.781765e+02
  1.2200e+01     2.773942e+02
  1.2400e+01     2.766193e+02
  1.2600e+01     2.758518e+02
  1.2800e+01     2.750916e+02
  1.3000e+01     2.743386e+02
  1.3200e+01     2.735929e+02
  1.3400e+01     2.728545e+02
  1.3600e+01     2.721232e+02
  1.3800e+01     2.713991e+02
  1.4000e+01     2.706821e+02
  1.4200e+01     2.699723e+02
  1.4400e+01     2.692695e+02
  1.4600e+01     2.685737e+02
  1.4800e+01     2.678850e+02
  1.5000e+01     2.672032e+02
  1.5200e+01     2.665284e+02
  1.5400e+01     2.658605e+02
  1.5600e+01     2.651995e+02
  1.5800e+01     2.645454e+02
  1.6000e+01     2.638981e+02
  1.6200e+01     2.632576e+02
  1.6400e+01     2.626239e+02
  1.6600e+01     2.619969e+02
  1.6800e+01     2.613766e+02
  1.7000e+01     2.607630e+02
  1.7200e+01     2.601560e+02
  1.7400e+01     2.595557e+02
  1.7600e+01     2.589619e+02
  1.7800e+01     2.583747e+02
  1.8000e+01     2.577940e+02
  1.8200e+01     2.572198e+02
  1.8400e+01     2.566521e+02
  1.8600e+01     2.560909e+02
  1.8800e+01     2.555360e+02
  1.9000e+01     2.549875e+02
  1.9200e+01     2.544453e+02
  1.9400e+01     2.539095e+02
  1.9600e+01     2.533799e+02
  1.9800e+01     2.528567e+02
  2.0000e+01     2.523396e+02
  2.0200e+01     2.518287e+02
  2.0400e+01     2.513240e+02
  2.0600e+01     2.508255e+02
  2.0800e+01     2.503330e+02
  2.1000e+01     2.498466e+02
  2.1200e+01     2.492443e+02
  2.1400e+01     2.486395e+02
  2.1600e+01     2.480462e+02
  2.1800e+01     2.474641e+02
  2.2000e+01     2.468933e+02
  2.2200e+01     2.463336e+02
  2.2400e+01     2.457849e+02
  2.2600e+01     2.452473e+02
  2.2800e+01     2.447205e+02
  2.3000e+01     2.442046e+02
  2.3200e+01     2.436994e+02
  2.3400e+01     2.432049e+02
  2.3600e+01     2.427210e+02
  2.3800e+01     2.422476e+02
  2.4000e+01     2.417847e+02
  2.4200e+01     2.413322e+02
  2.4400e+01     2.408900e+02
  2.4600e+01     2.404581e+02
  2.4800e+01     2.400364e+02
  2.5000e+01     2.396248e+02
  2.5200e+01     2.392233e+02
  2.5400e+01     2.388318e+02
  2.5600e+01     2.384502e+02
  2.5800e+01     2.380786e+02
  2.6000e+01     2.377168e+02
  2.6200e+01     2.373648e+02
  2.6400e+01     2.370225e+02
  2.6600e+01     2.366899e+02
  2.6800e+01     2.363669e+02
  2.7000e+01     2.360535e+02
  2.7200e+01     2.357496e+02
  2.7400e+01     2.354552e+02
  2.7600e+01     2.351702e+02
  2.7800e+01     2.348946e+02
  2.8000e+01     2.346283e+02
  2.8200e+01     2.343713e+02
  2.8400e+01     2.341236e+02
  2.8600e+01     2.338851e+02
  2.8800e+01     2.336557e+02
  2.9000e+01     2.334355e+02
  2.9200e+01     2.332243e+02
  2.9400e+01     2.330222e+02
  2.9600e+01     2.328291e+02
  2.9800e+01     2.326450e+02
  3.0000e+01     2.324698e+02
  3.0200e+01     2.323035e+02
  3.0400e+01     2.321461e+02
  3.0600e+01     2.319975e+02
  3.0800e+01     2.318578e+02
  3.1000e+01     2.317268e+02
  3.1200e+01     2.316045e+02
  3.1400e+01     2.314910e+02
  3.1600e+01     2.313862e+02
  3.1800e+01     2.312900e+02
  3.2000e+01     2.312025e+02
  3.2200e+01     2.311236e+02
  3.2400e+01     2.310533e+02
  3.2600e+01     2.309916e+02
  3.2800e+01     2.309384e+02
  3.3000e+01     2.308937e+02
  3.3200e+01     2.308576e+02
  3.3400e+01     2.308299e+02
  3.3600e+01     2.308107e+02
  3.3800e+01     2.307999e+02
  3.4000e+01     2.307976e+02
  3.4200e+01     2.308038e+02
  3.4400e+01     2.308183e+02
  3.4600e+01     2.308412e+02
  3.4800e+01     2.308725e+02
  3.5000e+01     2.309121e+02
  3.5200e+01     2.309601e+02
  3.5400e+01     2.310165e+02
  3.5600e+01     2.310812e+02
  3.5800e+01     2.311542e+02
  3.6000e+01     2.312355e+02
  3.6200e+01     2.313251e+02
  3.6400e+01     2.314231e+02
  3.6600e+01     2.315293e+02
  3.6800e+01     2.316438e+02
  3.7000e+01     2.317667e+02
  3.7200e+01     2.318978e+02
  3.7400e+01     2.320372e+02
  3.7600e+01     2.321848e+02
  3.7800e+01     2.323408e+02
  3.8000e+01     2.325050e+02
  3.8200e+01     2.326775e+02
  3.8400e+01     2.328583e+02
  3.8600e+01     2.330474e+02
  3.8800e+01     2.332447e+02
  3.9000e+01     2.334504e+02
  3.9200e+01     2.336643e+02
  3.9400e+01     2.338865e+02
  3.9600e+01     2.341171e+02
  3.9800e+01     2.343560e+02
  4.0000e+01     2.346031e+02
  4.0200e+01     2.348586e+02
  4.0400e+01     2.351225e+02
  4.0600e+01     2.353947e+02
  4.0800e+01     2.356752e+02
  4.1000e+01     2.359642e+02
  4.1200e+01     2.362615e+02
  4.1400e+01     2.365671e+02
  4.1600e+01     2.368813e+02
  4.1800e+01     2.372038e+02
  4.2000e+01     2.375347e+02
  4.2200e+01     2.378741e+02
  4.2400e+01     2.382220e+02
  4.2600e+01     2.385784e+02
  4.2800e+01     2.389433e+02
  4.3000e+01     2.393167e+02
  4.3200e+01     2.396986e+02
  4.3400e+01     2.400891e+02
  4.3600e+01     2.404882e+02
  4.3800e+01     2.408958e+02
  4.4000e+01     2.413122e+02
  4.4200e+01     2.417371e+02
  4.4400e+01     2.421707e+02
  4.4600e+01     2.426131e+02
  4.4800e+01     2.430641e+02
  4.5000e+01     2.435239e+02
  4.5200e+01     2.439925e+02
  4.5400e+01     2.444699e+02
  4.5600e+01     2.449561e+02
  4.5800e+01     2.454512e+02
  4.6000e+01     2.459552e+02
  4.6200e+01     2.464681e+02
  4.6400e+01     2.469899e+02
  4.6600e+01     2.475208e+02
  4.6800e+01     2.480606e+02
  4.7000e+01     2.486095e+02
  4.7200e+01     2.491675e+02
  4.7400e+01     2.497346e+02
  4.7600e+01     2.503108e+02
  4.7800e+01     2.508963e+02
  4.8000e+01     2.514910e+02
  4.8200e+01     2.520949e+02
  4.8400e+01     2.527081e+02
  4.8600e+01     2.533307e+02
  4.8800e+01     2.539627e+02
  4.9000e+01     2.546041e+02
  4.9200e+01     2.552550e+02
  4.9400e+01     2.559154e+02
  4.9600e+01     2.565853e+02
  4.9800e+01     2.572648e+02
  5.0000e+01     2.579540e+02
  5.0200e+01     2.586528e+02
  5.0400e+01     2.593614e+02
  5.0600e+01     2.600798e+02
  5.0800e+01     2.608079e+02
  5.1000e+01     2.615460e+02
  5.1200e+01     2.622940e+02
  5.1400e+01     2.630519e+02
  5.1600e+01     2.638199e+02
  5.1800e+01     2.645980e+02
  5.2000e+01     2.653862e+02
  5.2200e+01     2.661845e+02
  5.2400e+01     2.669931e+02
  5.2600e+01     2.678120e+02
  5.2800e+01     2.686412e+02
  5.3000e+01     2.694809e+02
  5.3200e+01     2.703309e+02
  5.3400e+01     2.711915e+02
  5.3600e+01     2.720627e+02
  5.3800e+01     2.729445e+02
  5.4000e+01     2.738370e+02
  5.4200e+01     2.747402e+02
  5.4400e+01     2.756543e+02
  5.4600e+01     2.765792e+02
  5.4800e+01     2.775151e+02
  5.5000e+01     2.784620e+02
  5.5200e+01     2.794199e+02
  5.5400e+01     2.803890e+02
  5.5600e+01     2.813692e+02
  5.5800e+01     2.823608e+02
  5.6000e+01     2.833636e+02
  5.6200e+01     2.843779e+02
  5.6400e+01     2.854037e+02
  5.6600e+01     2.864409e+02
  5.6800e+01     2.874898e+02
  5.7000e+01     2.885504e+02
  5.7200e+01     2.896228e+02
  5.7400e+01     2.907069e+02
  5.7600e+01     2.918030e+02
  5.7800e+01     2.929111e+02
  5.8000e+01     2.940312e+02
  5.8200e+01     2.951634e+02
  5.8400e+01     2.963079e+02
  5.8600e+01     2.974646e+02
  5.8800e+01     2.986337e+02
  5.9000e+01     2.998153e+02
  5.9200e+01     3.010094e+02
  5.9400e+01     3.022161e+02
  5.9600e+01     3.034355e+02
  5.9800e+01     3.046677e+02
  6.0000e+01     3.059127e+02
  6.0200e+01     3.071707e+02
  6.0400e+01     3.084417e+02
  6.0600e+01     3.097258e+02
  6.0800e+01     3.110232e+02
  6.1000e+01     3.123338e+02
  6.1200e+01     3.136578e+02
  6.1400e+01     3.149953e+02
  6.1600e+01     3.163464e+02
  6.1800e+01     3.177111e+02
  6.2000e+01     3.190896e+02
  6.2200e+01     3.204819e+02
  6.2400e+01     3.218882e+02
  6.2600e+01     3.233085e+02
  6.2800e+01     3.247429e+02
  6.3000e+01     3.261915e+02
  6.3200e+01     3.276545e+02
  6.3400e+01     3.291319e+02
  6.3600e+01     3.306238e+02
  6.3800e+01     3.321303e+02
  6.4000e+01     3.336516e+02
  6.4200e+01     3.351877e+02
  6.4400e+01     3.367387e+02
  6.4600e+01     3.383048e+02
  6.4800e+01     3.398860e+02
  6.5000e+01     3.414824e+02
  6.5200e+01     3.430942e+02
  6.5400e+01     3.447214e+02
  6.5600e+01     3.463642e+02
  6.5800e+01     3.480227e+02
  6.6000e+01     3.496970e+02
  6.6200e+01     3.513871e+02
  6.6400e+01     3.530933e+02
  6.6600e+01     3.548156e+02
  6.6800e+01     3.565541e+02
  6.7000e+01     3.583089e+02
  6.7200e+01     3.600802e+02
  6.7400e+01     3.618681e+02
  6.7600e+01     3.636727e+02
  6.7800e+01     3.654941e+02
  6.8000e+01     3.673324e+02
  6.8200e+01     3.691877e+02
  6.8400e+01     3.710603e+02
  6.8600e+01     3.729501e+02
  6.8800e+01     3.748573e+02
  6.9000e+01     3.767820e+02
  6.9200e+01     3.787244e+02
  6.9400e+01     3.806845e+02
  6.9600e+01     3.826626e+02
  6.9800e+01     3.846587e+02
  7.0000e+01     3.866729e+02
  7.0200e+01     3.887054e+02
  7.0400e+01     3.907563e+02
  7.0600e+01     3.928258e+02
  7.0800e+01     3.949138e+02
  7.1000e+01     3.970207e+02
  7.1200e+01     3.991465e+02
  7.1400e+01     4.012914e+02
  7.1600e+01     4.034554e+02
  7.1800e+01     4.056388e+02
  7.2000e+01     4.078416e+02
  7.2200e+01     4.100640e+02
  7.2400e+01     4.123060e+02
  7.2600e+01     4.145680e+02
  7.2800e+01     4.168499e+02
  7.3000e+01     4.191520e+02
  7.3200e+01     4.214743e+02
  7.3400e+01     4.238170e+02
  7.3600e+01     4.261803e+02
  7.3800e+01     4.285642e+02
  7.4000e+01     4.309689e+02
  7.4200e+01     4.333946e+02
  7.4400e+01     4.358414e+02
  7.4600e+01     4.383094e+02
  7.4800e+01     4.407988e+02
  7.5000e+01     4.433097e+02
  7.5200e+01     4.458423e+02
  7.5400e+01     4.483967e+02
  7.5600e+01     4.509730e+02
  7.5800e+01     4.535714e+02
  7.6000e+01     4.561921e+02
  7.6200e+01     4.588351e+02
  7.6400e+01     4.615007e+02
  7.6600e+01     4.641889e+02
  7.6800e+01     4.668999e+02
  7.7000e+01     4.696339e+02
  7.7200e+01     4.723911e+02
  7.7400e+01     4.751714e+02
  7.7600e+01     4.779752e+02
  7.7800e+01     4.808025e+02
  7.8000e+01     4.836536e+02
  7.8200e+01     4.865284e+02
  7.8400e+01     4.894273e+02
  7.8600e+01     4.923503e+02
  7.8800e+01     4.952976e+02
  7.9000e+01     4.982693e+02
  7.9200e+01     5.012656e+02
  7.9400e+01     5.042866e+02
  7.9600e+01     5.073325e+02
  7.9800e+01     5.104035e+02
  8.0000e+01     5.134996e+02
  8.0200e+01     5.166210e+02
  8.0400e+01     5.197679e+02
  8.0600e+01     5.229405e+02
  8.0800e+01     5.261387e+02
  8.1000e+01     5.293629e+02
  8.1200e+01     5.326132e+02
  8.1400e+01     5.358897e+02
  8.1600e+01     5.391925e+02
  8.1800e+01     5.425218e+02
  8.2000e+01     5.458778e+02
  8.2200e+01     5.492605e+02
  8.2400e+01     5.526702e+02
  8.2600e+01     5.561069e+02
  8.2800e+01     5.595709e+02
  8.3000e+01     5.630622e+02
  8.3200e+01     5.665811e+02
  8.3400e+01     5.701275e+02
  8.3600e+01     5.737018e+02
  8.3800e+01     5.773040e+02
  8.4000e+01     5.809342e+02
  8.4200e+01     5.845926e+02
  8.4400e+01     5.882794e+02
  8.4600e+01     5.919946e+02
  8.4800e+01     5.957385e+02
  8.5000e+01     5.995111e+02
  8.5200e+01     6.033125e+02
  8.5400e+01     6.071430e+02
  8.5600e+01     6.110026e+02
  8.5800e+01     6.148914e+02
  8.6000e+01     6.188097e+02
  8.6200e+01     6.227574e+02
  8.6400e+01     6.267348e+02
  8.6600e+01     6.307420e+02
  8.6800e+01     6.347790e+02
  8.7000e+01     6.388460e+02
  8.7200e+01     6.429432e+02
  8.7400e+01     6.470705e+02
  8.7600e+01     6.512283e+02
  8.7800e+01     6.554164e+02
  8.8000e+01     6.596352e+02
  8.8200e+01     6.638846e+02
  8.8400e+01     6.681648e+02
  8.8600e+01     6.724758e+02
  8.8800e+01     6.768179e+02
  8.9000e+01     6.811910e+02
  8.9200e+01     6.855953e+02
  8.9400e+01     6.900308e+02
  8.9600e+01     6.944977e+02
  8.9800e+01     6.989961e+02
  9.0000e+01     7.035260e+02
  9.0200e+01     7.080874e+02
  9.0400e+01     7.126806e+02
  9.0600e+01     7.173056e+02
  9.0800e+01     7.219623e+02
  9.1000e+01     7.266510e+02
  9.1200e+01     7.313716e+02
  9.1400e+01     7.361243e+02
  9.1600e+01     7.409091e+02
  9.1800e+01     7.457260e+02
  9.2000e+01     7.505750e+02
  9.2200e+01     7.554564e+02
  9.2400e+01     7.603700e+02
  9.2600e+01     7.653160e+02
  9.2800e+01     7.702943e+02
  9.3000e+01     7.753050e+02
  9.3200e+01     7.803481e+02
  9.3400e+01     7.854236e+02
  9.3600e+01     7.905316e+02
  9.3800e+01     7.956721e+02
  9.4000e+01     8.008451e+02
  9.4200e+01     8.060505e+02
  9.4400e+01     8.112884e+02
  9.4600e+01     8.165588e+02
  9.4800e+01     8.218616e+02
  9.5000e+01     8.271969e+02
  9.5200e+01     8.325646e+02
  9.5400e+01     8.379647e+02
  9.5600e+01     8.433972e+02
  9.5800e+01     8.488620e+02
  9.6000e+01     8.543591e+02
  9.6200e+01     8.598883e+02
  9.6400e+01     8.654498e+02
  9.6600e+01     8.710433e+02
  9.6800e+01     8.766689e+02
  9.7000e+01     8.823264e+02
  9.7200e+01     8.880158e+02
  9.7400e+01     8.937370e+02
  9.7600e+01     8.994899e+02
  9.7800e+01     9.052743e+02
  9.8000e+01     9.110903e+02
  9.8200e+01     9.169375e+02
  9.8400e+01     9.228160e+02
  9.8600e+01     9.287256e+02
  9.8800e+01     9.346662e+02
  9.9000e+01     9.406375e+02
  9.9200e+01     9.466395e+02
  9.9400e+01     9.526720e+02
  9.9600e+01     9.587348e+02
  9.9800e+01     9.648277e+02
  1.0000e+02     9.709506e+02
  1.0020e+02     9.771032e+02
  1.0040e+02     9.832854e+02
  1.0060e+02     9.894969e+02
  1.0080e+02     9.957375e+02
  1.0100e+02     1.002007e+03
  1.0120e+02     1.008305e+03
  1.0140e+02     1.014631e+03
  1.0160e+02     1.020986e+03
  1.0180e+02     1.027368e+03
  1.0200e+02     1.033778e+03
  1.0220e+02     1.040216e+03
  1.0240e+02     1.046680e+03
  1.0260e+02     1.053171e+03
  1.0280e+02     1.059688e+03
  1.0300e+02     1.066231e+03
  1.0320e+02     1.072801e+03
  1.0340e+02     1.079395e+03
  1.0360e+02     1.086014e+03
  1.0380e+02     1.092658e+03
  1.0400e+02     1.099327e+03
  1.0420e+02     1.106019e+03
  1.0440e+02     1.112734e+03
  1.0460e+02     1.119473e+03
  1.0480e+02     1.126234e+03
  1.0500e+02     1.133017e+03
  1.0520e+02     1.139822e+03
  1.0540e+02     1.146648e+03
  1.0560e+02     1.153495e+03
  1.0580e+02     1.160363e+03
  1.0600e+02     1.167250e+03
  1.0620e+02     1.174156e+03
  1.0640e+02     1.181081e+03
  1.0660e+02     1.188025e+03
  1.0680e+02     1.194986e+03
  1.0700e+02     1.201964e+03
  1.0720e+02     1.208959e+03
  1.0740e+02     1.215970e+03
  1.0760e+02     1.222996e+03
  1.0780e+02     1.230038e+03
  1.0800e+02     1.237093e+03
  1.0820e+02     1.244162e+03
  1.0840e+02     1.251244e+03
  1.0860e+02     1.258338e+03
  1.0880e+02     1.265444e+03
  1.0900e+02     1.272560e+03
  1.0920e+02     1.279687e+03
  1.0940e+02     1.286824e+03
  1.0960e+02     1.293969e+03
  1.0980e+02     1.301122e+03
  1.1000e+02     1.308283e+03
  1.1020e+02     1.315451e+03
  1.1040e+02     1.322624e+03
  1.1060e+02     1.329802e+03
  1.1080e+02     1.336985e+03
  1.1100e+02     1.344171e+03
  1.1120e+02     1.351359e+03
  1.1140e+02     1.358550e+03
  1.1160e+02     1.365741e+03
  1.1180e+02     1.372933e+03
  1.1200e+02     1.380123e+03
  1.1220e+02     1.387312e+03
  1.1240e+02     1.394499e+03
  1.1260e+02     1.401682e+03
  1.1280e+02     1.408861e+03
  1.1300e+02     1.416035e+03
  1.1320e+02     1.423202e+03
  1.1340e+02     1.430362e+03
  1.1360e+02     1.437514e+03
  1.1380e+02     1.444657e+03
  1.1400e+02     1.451790e+03
  1.1420e+02     1.458912e+03
  1.1440e+02     1.466022e+03
  1.1460e+02     1.473119e+03
  1.1480e+02     1.480201e+03
  1.1500e+02     1.487269e+03
  1.1520e+02     1.494320e+03
  1.1540e+02     1.501354e+03
  1.1560e+02     1.508369e+03
  1.1580e+02     1.515365e+03
  1.1600e+02     1.522341e+03
  1.1620e+02     1.529295e+03
  1.1640e+02     1.536226e+03
  1.1660e+02     1.543134e+03
  1.1680e+02     1.550016e+03
  1.1700e+02     1.556872e+03
  1.1720e+02     1.563701e+03
  1.1740e+02     1.570502e+03
  1.1760e+02     1.577273e+03
  1.1780e+02     1.584014e+03
  1.1800e+02     1.590722e+03
  1.1820e+02     1.597398e+03
  1.1840e+02     1.604039e+03
  1.1860e+02     1.610645e+03
  1.1880e+02     1.617214e+03
  1.1900e+02     1.623746e+03
  1.1920e+02     1.630238e+03
  1.1940e+02     1.636690e+03
  1.1960e+02     1.643101e+03
  1.1980e+02     1.649469e+03
  1.2000e+02     1.655793e+03
  1.2020e+02     1.662072e+03
  1.2040e+02     1.668305e+03
  1.2060e+02     1.674490e+03
  1.2080e+02     1.680626e+03
  1.2100e+02     1.686712e+03
  1.2120e+02     1.692747e+03
  1.2140e+02     1.698730e+03
  1.2160e+02     1.704659e+03
  1.2180e+02     1.710533e+03
  1.2200e+02     1.716351e+03
  1.2220e+02     1.722111e+03
  1.2240e+02     1.727813e+03
  1.2260e+02     1.733455e+03
  1.2280e+02     1.739036e+03
  1.2300e+02     1.744555e+03
  1.2320e+02     1.750010e+03
  1.2340e+02     1.755400e+03
  1.2360e+02     1.760725e+03
  1.2380e+02     1.765982e+03
  1.2400e+02     1.771172e+03
  1.2420e+02     1.776291e+03
  1.2440e+02     1.781341e+03
  1.2460e+02     1.786318e+03
  1.2480e+02     1.791222e+03
  1.2500e+02     1.796053e+03
  1.2520e+02     1.800808e+03
  1.2540e+02     1.805486e+03
  1.2560e+02     1.810088e+03
  1.2580e+02     1.814610e+03
  1.2600e+02     1.819053e+03
  1.2620e+02     1.823415e+03
  1.2640e+02     1.827695e+03
  1.2660e+02     1.831893e+03
  1.2680e+02     1.836006e+03
  1.2700e+02     1.840034e+03
  1.2720e+02     1.843977e+03
  1.2740e+02     1.847832e+03
  1.2760e+02     1.851599e+03
  1.2780e+02     1.855278e+03
  1.2800e+02     1.858866e+03
  1.2820e+02     1.862364e+03
  1.2840e+02     1.865769e+03
  1.2860e+02     1.869082e+03
  1.2880e+02     1.872302e+03
  1.2900e+02     1.875427e+03
  1.2920e+02     1.878457e+03
  1.2940e+02     1.881391e+03
  1.2960e+02     1.884228e+03
  1.2980e+02     1.886967e+03
  1.3000e+02     1.889608e+03
  1.3020e+02     1.892149e+03
  1.3040e+02     1.894591e+03
  1.3060e+02     1.896933e+03
  1.3080e+02     1.899173e+03
  1.3100e+02     1.901311e+03
  1.3120e+02     1.903347e+03
  1.3140e+02     1.905280e+03
  1.3160e+02     1.907109e+03
  1.3180e+02     1.908834e+03
  1.3200e+02     1.910455e+03
  1.3220e+02     1.911970e+03
  1.3240e+02     1.913380e+03
  1.3260e+02     1.914683e+03
  1.3280e+02     1.915881e+03
  1.3300e+02     1.916971e+03
  1.3320e+02     1.917954e+03
  1.3340e+02     1.918830e+03
  1.3360e+02     1.919598e+03
  1.3380e+02     1.920258e+03
  1.3400e+02     1.920810e+03
  1.3420e+02     1.921253e+03
  1.3440e+02     1.921588e+03
  1.3460e+02     1.921813e+03
  1.3480e+02     1.921930e+03
  1.3500e+02     1.921938e+03
  1.3520e+02     1.921837e+03
  1.3540e+02     1.921626e+03
  1.3560e+02     1.921307e+03
  1.3580e+02     1.920878e+03
  1.3600e+02     1.920340e+03
  1.3620e+02     1.919694e+03
  1.3640e+02     1.918938e+03
  1.3660e+02     1.918074e+03
  1.3680e+02     1.917102e+03
  1.3700e+02     1.916021e+03
  1.3720e+02     1.914832e+03
  1.3740e+02     1.913535e+03
  1.3760e+02     1.912131e+03
  1.3780e+02     1.910620e+03
  1.3800e+02     1.909002e+03
  1.3820e+02     1.907277e+03
  1.3840e+02     1.905447e+03
  1.3860e+02     1.903510e+03
  1.3880e+02     1.901469e+03
  1.3900e+02     1.899324e+03
  1.3920e+02     1.897074e+03
  1.3940e+02     1.894720e+03
  1.3960e+02     1.892264e+03
  1.3980e+02     1.889706e+03
  1.4000e+02     1.887046e+03
  1.4020e+02     1.884284e+03
  1.4040e+02     1.881423e+03
  1.4060e+02     1.878462e+03
  1.4080e+02     1.875402e+03
  1.4100e+02     1.872244e+03
  1.4120e+02     1.868989e+03
  1.4140e+02     1.865637e+03
  1.4160e+02     1.862189e+03
  1.4180e+02     1.858647e+03
  1.4200e+02     1.855011e+03
  1.4220e+02     1.851282e+03
  1.4240e+02     1.847461e+03
  1.4260e+02     1.843549e+03
  1.4280e+02     1.839547e+03
  1.4300e+02     1.835456e+03
  1.4320e+02     1.831276e+03
  1.4340e+02     1.827010e+03
  1.4360e+02     1.822657e+03
  1.4380e+02     1.818220e+03
  1.4400e+02     1.813699e+03
  1.4420e+02     1.809095e+03
  1.4440e+02     1.804409e+03
  1.4460e+02     1.799643e+03
  1.4480e+02     1.794798e+03
  1.4500e+02     1.789874e+03
  1.4520e+02     1.784874e+03
  1.4540e+02     1.779798e+03
  1.4560e+02     1.774647e+03
  1.4580e+02     1.769423e+03
  1.4600e+02     1.764127e+03
  1.4620e+02     1.758760e+03
  1.4640e+02     1.753324e+03
  1.4660e+02     1.747819e+03
  1.4680e+02     1.742247e+03
  1.4700e+02     1.736610e+03
  1.4720e+02     1.730908e+03
  1.4740e+02     1.725143e+03
  1.4760e+02     1.719316e+03
  1.4780e+02     1.713429e+03
  1.4800e+02     1.707482e+03
  1.4820e+02     1.701478e+03
  1.4840e+02     1.695417e+03
  1.4860e+02     1.689301e+03
  1.4880e+02     1.683132e+03
  1.4900e+02     1.676909e+03
  1.4920e+02     1.670636e+03
  1.4940e+02     1.664313e+03
  1.4960e+02     1.657941e+03
  1.4980e+02     1.651523e+03
  1.5000e+02     1.645059e+03
  1.5020e+02     1.638550e+03
  1.5040e+02     1.631998e+03
  1.5060e+02     1.625405e+03
  1.5080e+02     1.618771e+03
  1.5100e+02     1.612098e+03
  1.5120e+02     1.605388e+03
  1.5140e+02     1.598641e+03
  1.5160e+02     1.591860e+03
  1.5180e+02     1.585044e+03
  1.5200e+02     1.578197e+03
  1.5220e+02     1.571318e+03
  1.5240e+02     1.564410e+03
  1.5260e+02     1.557473e+03
  1.5280e+02     1.550509e+03
  1.5300e+02     1.543519e+03
  1.5320e+02     1.536505e+03
  1.5340e+02     1.529467e+03
  1.5360e+02     1.522408e+03
  1.5380e+02     1.515327e+03
  1.5400e+02     1.508228e+03
  1.5420e+02     1.501110e+03
  1.5440e+02     1.493974e+03
  1.5460e+02     1.486823e+03
  1.5480e+02     1.479658e+03
  1.5500e+02     1.472479e+03
  1.5520e+02     1.465287e+03
  1.5540e+02     1.458085e+03
  1.5560e+02     1.450872e+03
  1.5580e+02     1.443651e+03
  1.5600e+02     1.436422e+03
  1.5620e+02     1.429187e+03
  1.5640e+02     1.421946e+03
  1.5660e+02     1.414701e+03
  1.5680e+02     1.407452e+03
  1.5700e+02     1.400202e+03
  1.5720e+02     1.392950e+03
  1.5740e+02     1.385698e+03
  1.5760e+02     1.378447e+03
  1.5780e+02     1.371197e+03
  1.5800e+02     1.363951e+03
  1.5820e+02     1.356709e+03
  1.5840e+02     1.349471e+03
  1.5860e+02     1.342239e+03
  1.5880e+02     1.335014e+03
  1.5900e+02     1.327796e+03
  1.5920e+02     1.320587e+03
  1.5940e+02     1.313388e+03
  1.5960e+02     1.306198e+03
  1.5980e+02     1.299020e+03
  1.6000e+02     1.291854e+03
  1.6020e+02     1.284701e+03
  1.6040e+02     1.277561e+03
  1.6060e+02     1.270435e+03
  1.6080e+02     1.263325e+03
  1.6100e+02     1.256231e+03
  1.6120e+02     1.249153e+03
  1.6140e+02     1.242093e+03
  1.6160e+02     1.235051e+03
  1.6180e+02     1.228028e+03
  1.6200e+02     1.221024e+03
  1.6220e+02     1.214040e+03
  1.6240e+02     1.207078e+03
  1.6260e+02     1.200136e+03
  1.6280e+02     1.193217e+03
  1.6300e+02     1.186321e+03
  1.6320e+02     1.179447e+03
  1.6340e+02     1.172598e+03
  1.6360e+02     1.165773e+03
  1.6380e+02     1.158973e+03
  1.6400e+02     1.152199e+03
  1.6420e+02     1.145450e+03
  1.6440e+02     1.138728e+03
  1.6460e+02     1.132034e+03
  1.6480e+02     1.125366e+03
  1.6500e+02     1.118727e+03
  1.6520e+02     1.112116e+03
  1.6540e+02     1.105533e+03
  1.6560e+02     1.098980e+03
  1.6580e+02     1.092457e+03
  1.6600e+02     1.085963e+03
  1.6620e+02     1.079500e+03
  1.6640e+02     1.073068e+03
  1.6660e+02     1.066667e+03
  1.6680e+02     1.060298e+03
  1.6700e+02     1.053960e+03
  1.6720e+02     1.047654e+03
  1.6740e+02     1.041381e+03
  1.6760e+02     1.035140e+03
  1.6780e+02     1.028932e+03
  1.6800e+02     1.022758e+03
  1.6820e+02     1.016617e+03
  1.6840e+02     1.010509e+03
  1.6860e+02     1.004436e+03
  1.6880e+02     9.983974e+02
  1.6900e+02     9.923926e+02
  1.6920e+02     9.864223e+02
  1.6940e+02     9.804869e+02
  1.6960e+02     9.745864e+02
  1.6980e+02     9.687209e+02
  1.7000e+02     9.628908e+02
  1.7020e+02     9.570960e+02
  1.7040e+02     9.513367e+02
  1.7060e+02     9.456132e+02
  1.7080e+02     9.399254e+02
  1.7100e+02     9.342734e+02
  1.7120e+02     9.286575e+02
  1.7140e+02     9.230776e+02
  1.7160e+02     9.175339e+02
  1.7180e+02     9.120264e+02
  1.7200e+02     9.065552e+02
  1.7220e+02     9.011204e+02
  1.7240e+02     8.957219e+02
  1.7260e+02     8.903599e+02
  1.7280e+02     8.850344e+02
  1.7300e+02     8.797453e+02
  1.7320e+02     8.744927e+02
  1.7340e+02     8.692767e+02
  1.7360e+02     8.640972e+02
  1.7380e+02     8.589542e+02
  1.7400e+02     8.538477e+02
  1.7420e+02     8.487777e+02
  1.7440e+02     8.437442e+02
  1.7460e+02     8.387471e+02
  1.7480e+02     8.337864e+02
  1.7500e+02     8.288621e+02
  1.7520e+02     8.239742e+02
  1.7540e+02     8.191225e+02
  1.7560e+02     8.143070e+02
  1.7580e+02     8.095276e+02
  1.7600e+02     8.047843e+02
  1.7620e+02     8.000771e+02
  1.7640e+02     7.954058e+02
  1.7660e+02     7.907703e+02
  1.7680e+02     7.861706e+02
  1.7700e+02     7.816066e+02
  1.7720e+02     7.770781e+02
  1.7740e+02     7.725852e+02
  1.7760e+02     7.681276e+02
  1.7780e+02     7.637052e+02
  1.7800e+02     7.593181e+02
  1.7820e+02     7.549660e+02
  1.7840e+02     7.506488e+02
  1.7860e+02     7.463664e+02
  1.7880e+02     7.421187e+02
  1.7900e+02     7.379056e+02
  1.7920e+02     7.337269e+02
  1.7940e+02     7.295825e+02
  1.7960e+02     7.254723e+02
  1.7980e+02     7.213960e+02
  1.8000e+02     7.173537e+02
  1.8020e+02     7.133450e+02
  1.8040e+02     7.093700e+02
  1.8060e+02     7.054284e+02
  1.8080e+02     7.015201e+02
  1.8100e+02     6.976450e+02
  1.8120e+02     6.938028e+02
  1.8140e+02     6.899934e+02
  1.8160e+02     6.862167e+02
  1.8180e+02     6.824726e+02
  1.8200e+02     6.787607e+02
  1.8220e+02     6.750811e+02
  1.8240e+02     6.714335e+02
  1.8260e+02     6.678177e+02
  1.8280e+02     6.642336e+02
  1.8300e+02     6.606811e+02
  1.8320e+02     6.571599e+02
  1.8340e+02     6.536699e+02
  1.8360e+02     6.502108e+02
  1.8380e+02     6.467827e+02
  1.8400e+02     6.433852e+02
  1.8420e+02     6.400181e+02
  1.8440e+02     6.366814e+02
  1.8460e+02     6.333749e+02
  1.8480e+02     6.300983e+02
  1.8500e+02     6.268515e+02
  1.8520e+02     6.236343e+02
  1.8540e+02     6.204465e+02
  1.8560e+02     6.172880e+02
  1.8580e+02     6.141586e+02
  1.8600e+02     6.110581e+02
  1.8620e+02     6.079863e+02
  1.8640e+02     6.049431e+02
  1.8660e+02     6.019282e+02
  1.8680e+02     5.989415e+02
  1.8700e+02     5.959829e+02
  1.8720e+02     5.930520e+02
  1.8740e+02     5.901489e+02
  1.8760e+02     5.872732e+02
  1.8780e+02     5.844248e+02
  1.8800e+02     5.816035e+02
  1.8820e+02     5.788092e+02
  1.8840e+02     5.760416e+02
  1.8860e+02     5.733007e+02
  1.8880e+02     5.705862e+02
  1.8900e+02     5.678979e+02
  1.8920e+02     5.652356e+02
  1.8940e+02     5.625993e+02
  1.8960e+02     5.599887e+02
  1.8980e+02     5.574036e+02
  1.9000e+02     5.548439e+02
  1.9020e+02     5.523094e+02
  1.9040e+02     5.498000e+02
  1.9060e+02     5.473153e+02
  1.9080e+02     5.448554e+02
  1.9100e+02     5.424200e+02
  1.9120e+02     5.400089e+02
  1.9140e+02     5.376221e+02
  1.9160e+02     5.352592e+02
  1.9180e+02     5.329202e+02
  1.9200e+02     5.306048e+02
  1.9220e+02     5.283130e+02
  1.9240e+02     5.260445e+02
  1.9260e+02     5.237992e+02
  1.9280e+02     5.215769e+02
  1.9300e+02     5.193775e+02
  1.9320e+02     5.172008e+02
  1.9340e+02     5.150467e+02
  1.9360e+02     5.129149e+02
  1.9380e+02     5.108053e+02
  1.9400e+02     5.087178e+02
  1.9420e+02     5.066523e+02
  1.9440e+02     5.046085e+02
  1.9460e+02     5.025863e+02
  1.9480e+02     5.005855e+02
  1.9500e+02     4.986061e+02
  1.9520e+02     4.966478e+02
  1.9540e+02     4.947105e+02
  1.9560e+02     4.927940e+02
  1.9580e+02     4.908983e+02
  1.9600e+02     4.890231e+02
  1.9620e+02     4.871683e+02
  1.9640e+02     4.853339e+02
  1.9660e+02     4.835195e+02
  1.9680e+02     4.817251e+02
  1.9700e+02     4.799506e+02
  1.9720e+02     4.781957e+02
  1.9740e+02     4.764605e+02
  1.9760e+02     4.747446e+02
  1.9780e+02     4.730481e+02
  1.9800e+02     4.713707e+02
  1.9820e+02     4.697123e+02
  1.9840e+02     4.680728e+02
  1.9860e+02     4.664521e+02
  1.9880e+02     4.648500e+02
  1.9900e+02     4.632664e+02
  1.9920e+02     4.617012e+02
  1.9940e+02     4.601542e+02
  1.9960e+02     4.586254e+02
  1.9980e+02     4.571145e+02
  2.0000e+02     4.556215e+02
  2.0020e+02     4.541462e+02
  2.0040e+02     4.526886e+02
  2.0060e+02     4.512484e+02
  2.0080e+02     4.498257e+02
  2.0100e+02     4.484202e+02
  2.0120e+02     4.470319e+02
  2.0140e+02     4.456606e+02
  2.0160e+02     4.443062e+02
  2.0180e+02     4.429686e+02
  2.0200e+02     4.416478e+02
  2.0220e+02     4.403435e+02
  2.0240e+02     4.390556e+02
  2.0260e+02     4.377842e+02
  2.0280e+02     4.365290e+02
  2.0300e+02     4.352899e+02
  2.0320e+02     4.340669e+02
  2.0340e+02     4.328598e+02
  2.0360e+02     4.316686e+02
  2.0380e+02     4.304931e+02
  2.0400e+02     4.293332e+02
  2.0420e+02     4.281889e+02
  2.0440e+02     4.270600e+02
  2.0460e+02     4.259464e+02
  2.0480e+02     4.248481e+02
  2.0500e+02     4.237649e+02
  2.0520e+02     4.226968e+02
  2.0540e+02     4.216436e+02
  2.0560e+02     4.206053e+02
  2.0580e+02     4.195818e+02
  2.0600e+02     4.185729e+02
  2.0620e+02     4.175787e+02
  2.0640e+02     4.165989e+02
  2.0660e+02     4.156336e+02
  2.0680e+02     4.146826e+02
  2.0700e+02     4.137459e+02
  2.0720e+02     4.128233e+02
  2.0740e+02     4.119148e+02
  2.0760e+02     4.110203e+02
  2.0780e+02     4.101397e+02
  2.0800e+02     4.092729e+02
  2.0820e+02     4.084199e+02
  2.0840e+02     4.075806e+02
  2.0860e+02     4.067549e+02
  2.0880e+02     4.059428e+02
  2.0900e+02     4.051441e+02
  2.0920e+02     4.043587e+02
  2.0940e+02     4.035867e+02
  2.0960e+02     4.028279e+02
  2.0980e+02     4.020823e+02
  2.1000e+02     4.013498e+02
  2.1020e+02     4.006303e+02
  2.1040e+02     3.999238e+02
  2.1060e+02     3.992302e+02
  2.1080e+02     3.985494e+02
  2.1100e+02     3.978814e+02
  2.1120e+02     3.972260e+02
  2.1140e+02     3.965834e+02
  2.1160e+02     3.959532e+02
  2.1180e+02     3.953356e+02
  2.1200e+02     3.947305e+02
  2.1220e+02     3.941377e+02
  2.1240e+02     3.935573e+02
  2.1260e+02     3.929892e+02
  2.1280e+02     3.924333e+02
  2.1300e+02     3.918895e+02
  2.1320e+02     3.913579e+02
  2.1340e+02     3.908383e+02
  2.1360e+02     3.903307e+02
  2.1380e+02     3.898351e+02
  2.1400e+02     3.893514e+02
  2.1420e+02     3.888795e+02
  2.1440e+02     3.884194e+02
  2.1460e+02     3.879711e+02
  2.1480e+02     3.875345e+02
  2.1500e+02     3.871096e+02
  2.1520e+02     3.866962e+02
  2.1540e+02     3.862945e+02
  2.1560e+02     3.859042e+02
  2.1580e+02     3.855254e+02
  2.1600e+02     3.851581e+02
  2.1620e+02     3.848022e+02
  2.1640e+02     3.844576e+02
  2.1660e+02     3.841243e+02
  2.1680e+02     3.838023e+02
  2.1700e+02     3.834916e+02
  2.1720e+02     3.831920e+02
  2.1740e+02     3.829036e+02
  2.1760e+02     3.826263e+02
  2.1780e+02     3.823601e+02
  2.1800e+02     3.821050e+02
  2.1820e+02     3.818608e+02
  2.1840e+02     3.816277e+02
  2.1860e+02     3.814055e+02
  2.1880e+02     3.811943e+02
  2.1900e+02     3.809939e+02
  2.1920e+02     3.808044e+02
  2.1940e+02     3.806257e+02
  2.1960e+02     3.804578e+02
  2.1980e+02     3.803007e+02
  2.2000e+02     3.801544e+02
  2.2020e+02     3.800187e+02
  2.2040e+02     3.798938e+02
  2.2060e+02     3.797795e+02
  2.2080e+02     3.796759e+02
  2.2100e+02     3.795829e+02
  2.2120e+02     3.795005e+02
  2.2140e+02     3.794287e+02
  2.2160e+02     3.793674e+02
  2.2180e+02     3.793167e+02
  2.2200e+02     3.792765e+02
  2.2220e+02     3.792467e+02
  2.2240e+02     3.792275e+02
  2.2260e+02     3.792187e+02
  2.2280e+02     3.792204e+02
  2.2300e+02     3.792325e+02
  2.2320e+02     3.792550e+02
  2.2340e+02     3.792878e+02
  2.2360e+02     3.793311e+02
  2.2380e+02     3.793847e+02
  2.2400e+02     3.794487e+02
  2.2420e+02     3.795231e+02
  2.2440e+02     3.796077e+02
  2.2460e+02     3.797027e+02
  2.2480e+02     3.798080e+02
  2.2500e+02     3.799235e+02
  2.2520e+02     3.800494e+02
  2.2540e+02     3.801855e+02
  2.2560e+02     3.803319e+02
  2.2580e+02     3.804886e+02
  2.2600e+02     3.806555e+02
  2.2620e+02     3.808327e+02
  2.2640e+02     3.810201e+02
  2.2660e+02     3.812178e+02
  2.2680e+02     3.814257e+02
  2.2700e+02     3.816438e+02
  2.2720e+02     3.818722e+02
  2.2740e+02     3.821108e+02
  2.2760e+02     3.823596e+02
  2.2780e+02     3.826186e+02
  2.2800e+02     3.828879e+02
  2.2820e+02     3.831673e+02
  2.2840e+02     3.834570e+02
  2.2860e+02     3.837570e+02
  2.2880e+02     3.840671e+02
  2.2900e+02     3.843875e+02
  2.2920e+02     3.847181e+02
  2.2940e+02     3.850589e+02
  2.2960e+02     3.854100e+02
  2.2980e+02     3.857713e+02
  2.3000e+02     3.861429e+02
  2.3020e+02     3.865247e+02
  2.3040e+02     3.869168e+02
  2.3060e+02     3.873192e+02
  2.3080e+02     3.877318e+02
  2.3100e+02     3.881547e+02
  2.3120e+02     3.885879e+02
  2.3140e+02     3.890314e+02
  2.3160e+02     3.894852e+02
  2.3180e+02     3.899493e+02
  2.3200e+02     3.904238e+02
  2.3220e+02     3.909086e+02
  2.3240e+02     3.914038e+02
  2.3260e+02     3.919093e+02
  2.3280e+02     3.924252e+02
  2.3300e+02     3.929515e+02
  2.3320e+02     3.934882e+02
  2.3340e+02     3.940354e+02
  2.3360e+02     3.945929e+02
  2.3380e+02     3.951609e+02
  2.3400e+02     3.957394e+02
  2.3420e+02     3.963284e+02
  2.3440e+02     3.969279e+02
  2.3460e+02     3.975379e+02
  2.3480e+02     3.981584e+02
  2.3500e+02     3.987895e+02
  2.3520e+02     3.994312e+02
  2.3540e+02     4.000834e+02
  2.3560e+02     4.007463e+02
  2.3580e+02     4.014198e+02
  2.3600e+02     4.021040e+02
  2.3620e+02     4.027988e+02
  2.3640e+02     4.035044e+02
  2.3660e+02     4.042207e+02
  2.3680e+02     4.049477e+02
  2.3700e+02     4.056855e+02
  2.3720e+02     4.064341e+02
  2.3740e+02     4.071935e+02
  2.3760e+02     4.079637e+02
  2.3780e+02     4.087448e+02
  2.3800e+02     4.095369e+02
  2.3820e+02     4.103398e+02
  2.3840e+02     4.111537e+02
  2.3860e+02     4.119785e+02
  2.3880e+02     4.128144e+02
  2.3900e+02     4.136613e+02
  2.3920e+02     4.145192e+02
  2.3940e+02     4.153883e+02
  2.3960e+02     4.162684e+02
  2.3980e+02     4.171597e+02
  2.4000e+02     4.180622e+02
  2.4020e+02     4.189759e+02
  2.4040e+02     4.199009e+02
  2.4060e+02     4.208371e+02
  2.4080e+02     4.217846e+02
  2.4100e+02     4.227434e+02
  2.4120e+02     4.237137e+02
  2.4140e+02     4.246953e+02
  2.4160e+02     4.256884e+02
  2.4180e+02     4.266929e+02
  2.4200e+02     4.277089e+02
  2.4220e+02     4.287365e+02
  2.4240e+02     4.297756e+02
  2.4260e+02     4.308264e+02
  2.4280e+02     4.318888e+02
  2.4300e+02     4.329629e+02
  2.4320e+02     4.340487e+02
  2.4340e+02     4.351463e+02
  2.4360e+02     4.362557e+02
  2.4380e+02     4.373769e+02
  2.4400e+02     4.385099e+02
  2.4420e+02     4.396549e+02
  2.4440e+02     4.408118e+02
  2.4460e+02     4.419807e+02
  2.4480e+02     4.431617e+02
  2.4500e+02     4.443547e+02
  2.4520e+02     4.455598e+02
  2.4540e+02     4.467770e+02
  2.4560e+02     4.480065e+02
  2.4580e+02     4.492482e+02
  2.4600e+02     4.505021e+02
  2.4620e+02     4.517684e+02
  2.4640e+02     4.530470e+02
  2.4660e+02     4.543380e+02
  2.4680e+02     4.556415e+02
  2.4700e+02     4.569574e+02
  2.4720e+02     4.582859e+02
  2.4740e+02     4.596269e+02
  2.4760e+02     4.609805e+02
  2.4780e+02     4.623468e+02
  2.4800e+02     4.637258e+02
  2.4820e+02     4.651176e+02
  2.4840e+02     4.665221e+02
  2.4860e+02     4.679395e+02
  2.4880e+02     4.693697e+02
  2.4900e+02     4.708129e+02
  2.4920e+02     4.722691e+02
  2.4940e+02     4.737382e+02
  2.4960e+02     4.752205e+02
  2.4980e+02     4.767158e+02
  2.5000e+02     4.782243e+02
  2.5020e+02     4.797460e+02
  2.5040e+02     4.812810e+02
  2.5060e+02     4.828292e+02
  2.5080e+02     4.843908e+02
  2.5100e+02     4.859658e+02
  2.5120e+02     4.875542e+02
  2.5140e+02     4.891561e+02
  2.5160e+02     4.907715e+02
  2.5180e+02     4.924005e+02
  2.5200e+02     4.940431e+02
  2.5220e+02     4.956994e+02
  2.5240e+02     4.973695e+02
  2.5260e+02     4.990533e+02
  2.5280e+02     5.007509e+02
  2.5300e+02     5.024624e+02
  2.5320e+02     5.041878e+02
  2.5340e+02     5.059271e+02
  2.5360e+02     5.076805e+02
  2.5380e+02     5.094479e+02
  2.5400e+02     5.112294e+02
  2.5420e+02     5.130251e+02
  2.5440e+02     5.148350e+02
  2.5460e+02     5.166592e+02
  2.5480e+02     5.184976e+02
  2.5500e+02     5.203504e+02
  2.5520e+02     5.222176e+02
  2.5540e+02     5.240992e+02
  2.5560e+02     5.259953e+02
  2.5580e+02     5.279059e+02
  2.5600e+02     5.298312e+02
  2.5620e+02     5.317710e+02
  2.5640e+02     5.337256e+02
  2.5660e+02     5.356948e+02
  2.5680e+02     5.376789e+02
  2.5700e+02     5.396777e+02
  2.5720e+02     5.416915e+02
  2.5740e+02     5.437201e+02
  2.5760e+02     5.457637e+02
  2.5780e+02     5.478223e+02
  2.5800e+02     5.498959e+02
  2.5820e+02     5.519847e+02
  2.5840e+02     5.540886e+02
  2.5860e+02     5.562076e+02
  2.5880e+02     5.583419e+02
  2.5900e+02     5.604915e+02
  2.5920e+02     5.626564e+02
  2.5940e+02     5.648366e+02
  2.5960e+02     5.670323e+02
  2.5980e+02     5.692434e+02
  2.6000e+02     5.714699e+02
  2.6020e+02     5.737120e+02
  2.6040e+02     5.759697e+02
  2.6060e+02     5.782430e+02
  2.6080e+02     5.805319e+02
  2.6100e+02     5.828365e+02
  2.6120e+02     5.851569e+02
  2.6140e+02     5.874930e+02
  2.6160e+02     5.898449e+02
  2.6180e+02     5.922127e+02
  2.6200e+02     5.945964e+02
  2.6220e+02     5.969959e+02
  2.6240e+02     5.994115e+02
  2.6260e+02     6.018430e+02
  2.6280e+02     6.042905e+02
  2.6300e+02     6.067541e+02
  2.6320e+02     6.092338e+02
  2.6340e+02     6.117296e+02
  2.6360e+02     6.142415e+02
  2.6380e+02     6.167696e+02
  2.6400e+02     6.193140e+02
  2.6420e+02     6.218746e+02
  2.6440e+02     6.244514e+02
  2.6460e+02     6.270446e+02
  2.6480e+02     6.296540e+02
  2.6500e+02     6.322799e+02
  2.6520e+02     6.349221e+02
  2.6540e+02     6.375807e+02
  2.6560e+02     6.402557e+02
  2.6580e+02     6.429471e+02
  2.6600e+02     6.456550e+02
  2.6620e+02     6.483794e+02
  2.6640e+02     6.511203e+02
  2.6660e+02     6.538777e+02
  2.6680e+02     6.566517e+02
  2.6700e+02     6.594422e+02
  2.6720e+02     6.622492e+02
  2.6740e+02     6.650729e+02
  2.6760e+02     6.679131e+02
  2.6780e+02     6.707699e+02
  2.6800e+02     6.736433e+02
  2.6820e+02     6.765333e+02
  2.6840e+02     6.794399e+02
  2.6860e+02     6.823632e+02
  2.6880e+02     6.853030e+02
  2.6900e+02     6.882595e+02
  2.6920e+02     6.912327e+02
  2.6940e+02     6.942224e+02
  2.6960e+02     6.972288e+02
  2.6980e+02     7.002517e+02
  2.7000e+02     7.032913e+02
  2.7020e+02     7.063475e+02
  2.7040e+02     7.094203e+02
  2.7060e+02     7.125097e+02
  2.7080e+02     7.156156e+02
  2.7100e+02     7.187381e+02
  2.7120e+02     7.218771e+02
  2.7140e+02     7.250327e+02
  2.7160e+02     7.282047e+02
  2.7180e+02     7.313932e+02
  2.7200e+02     7.345982e+02
  2.7220e+02     7.378196e+02
  2.7240e+02     7.410574e+02
  2.7260e+02     7.443116e+02
  2.7280e+02     7.475821e+02
  2.7300e+02     7.508689e+02
  2.7320e+02     7.541720e+02
  2.7340e+02     7.574913e+02
  2.7360e+02     7.608268e+02
  2.7380e+02     7.641785e+02
  2.7400e+02     7.675462e+02
  2.7420e+02     7.709301e+02
  2.7440e+02     7.743299e+02
  2.7460e+02     7.777456e+02
  2.7480e+02     7.811773e+02
  2.7500e+02     7.846248e+02
  2.7520e+02     7.880881e+02
  2.7540e+02     7.915672e+02
  2.7560e+02     7.950618e+02
  2.7580e+02     7.985721e+02
  2.7600e+02     8.020979e+02
  2.7620e+02     8.056392e+02
  2.7640e+02     8.091958e+02
  2.7660e+02     8.127677e+02
  2.7680e+02     8.163549e+02
  2.7700e+02     8.199571e+02
  2.7720e+02     8.235745e+02
  2.7740e+02     8.272068e+02
  2.7760e+02     8.308539e+02
  2.7780e+02     8.345159e+02
  2.7800e+02     8.381925e+02
  2.7820e+02     8.418837e+02
  2.7840e+02     8.455894e+02
  2.7860e+02     8.493095e+02
  2.7880e+02     8.530438e+02
  2.7900e+02     8.567923e+02
  2.7920e+02     8.605548e+02
  2.7940e+02     8.643312e+02
  2.7960e+02     8.681215e+02
  2.7980e+02     8.719254e+02
  2.8000e+02     8.757428e+02
  2.8020e+02     8.795736e+02
  2.8040e+02     8.834178e+02
  2.8060e+02     8.872750e+02
  2.8080e+02     8.911453e+02
  2.8100e+02     8.950284e+02
  2.8120e+02     8.989242e+02
  2.8140e+02     9.028326e+02
  2.8160e+02     9.067533e+02
  2.8180e+02     9.106863e+02
  2.8200e+02     9.146314e+02
  2.8220e+02     9.185884e+02
  2.8240e+02     9.225571e+02
  2.8260e+02     9.265373e+02
  2.8280e+02     9.305290e+02
  2.8300e+02     9.345319e+02
  2.8320e+02     9.385458e+02
  2.8340e+02     9.425705e+02
  2.8360e+02     9.466058e+02
  2.8380e+02     9.506516e+02
  2.8400e+02     9.547077e+02
  2.8420e+02     9.587737e+02
  2.8440e+02     9.628497e+02
  2.8460e+02     9.669352e+02
  2.8480e+02     9.710301e+02
  2.8500e+02     9.751343e+02
  2.8520e+02     9.792473e+02
  2.8540e+02     9.833691e+02
  2.8560e+02     9.874995e+02
  2.8580e+02     9.916381e+02
  2.8600e+02     9.957847e+02
  2.8620e+02     9.999391e+02
  2.8640e+02     1.004101e+03
  2.8660e+02     1.008270e+03
  2.8680e+02     1.012446e+03
  2.8700e+02     1.016629e+03
  2.8720e+02     1.020819e+03
  2.8740e+02     1.025014e+03
  2.8760e+02     1.029216e+03
  2.8780e+02     1.033423e+03
  2.8800e+02     1.037636e+03
  2.8820e+02     1.041854e+03
  2.8840e+02     1.046077e+03
  2.8860e+02     1.050304e+03
  2.8880e+02     1.054536e+03
  2.8900e+02     1.058771e+03
  2.8920e+02     1.063010e+03
  2.8940e+02     1.067253e+03
  2.8960e+02     1.071498e+03
  2.8980e+02     1.075747e+03
  2.9000e+02     1.079997e+03
  2.9020e+02     1.084250e+03
  2.9040e+02     1.088504e+03
  2.9060e+02     1.092760e+03
  2.9080e+02     1.097016e+03
  2.9100e+02     1.101274e+03
  2.9120e+02     1.105532e+03
  2.9140e+02     1.109789e+03
  2.9160e+02     1.114047e+03
  2.9180e+02     1.118303e+03
  2.9200e+02     1.122559e+03
  2.9220e+02     1.126813e+03
  2.9240e+02     1.131066e+03
  2.9260e+02     1.135316e+03
  2.9280e+02     1.139564e+03
  2.9300e+02     1.143808e+03
  2.9320e+02     1.148050e+03
  2.9340e+02     1.152288e+03
  2.9360e+02     1.156521e+03
  2.9380e+02     1.160750e+03
  2.9400e+02     1.164974e+03
  2.9420e+02     1.169193e+03
  2.9440e+02     1.173406e+03
  2.9460e+02     1.177613e+03
  2.9480e+02     1.181814e+03
  2.9500e+02     1.186007e+03
  2.9520e+02     1.190193e+03
  2.9540e+02     1.194372e+03
  2.9560e+02     1.198542e+03
  2.9580e+02     1.202703e+03
  2.9600e+02     1.206856e+03
  2.9620e+02     1.210998e+03
  2.9640e+02     1.215131e+03
  2.9660e+02     1.219254e+03
  2.9680e+02     1.223365e+03
  2.9700e+02     1.227465e+03
  2.9720e+02     1.231554e+03
  2.9740e+02     1.235630e+03
  2.9760e+02     1.239694e+03
  2.9780e+02     1.243744e+03
  2.9800e+02     1.247781e+03
  2.9820e+02     1.251804e+03
  2.9840e+02     1.255812e+03
  2.9860e+02     1.259805e+03
  2.9880e+02     1.263783e+03
  2.9900e+02     1.267745e+03
  2.9920e+02     1.271690e+03
  2.9940e+02     1.275619e+03
  2.9960e+02     1.279530e+03
  2.9980e+02     1.283424e+03
  3.0000e+02     1.287299e+03
  3.0020e+02     1.291155e+03
  3.0040e+02     1.294992e+03
  3.0060e+02     1.298809e+03
  3.0080e+02     1.302606e+03
  3.0100e+02     1.306382e+03
  3.0120e+02     1.310137e+03
  3.0140e+02     1.313870e+03
  3.0160e+02     1.317581e+03
  3.0180e+02     1.321270e+03
  3.0200e+02     1.324935e+03
  3.0220e+02     1.328576e+03
  3.0240e+02     1.332194e+03
  3.0260e+02     1.335786e+03
  3.0280e+02     1.339354e+03
  3.0300e+02     1.342896e+03
  3.0320e+02     1.346412e+03
  3.0340e+02     1.349901e+03
  3.0360e+02     1.353363e+03
  3.0380e+02     1.356797e+03
  3.0400e+02     1.360204e+03
  3.0420e+02     1.363582e+03
  3.0440e+02     1.366930e+03
  3.0460e+02     1.370250e+03
  3.0480e+02     1.373539e+03
  3.0500e+02     1.376798e+03
  3.0520e+02     1.380026e+03
  3.0540e+02     1.383222e+03
  3.0560e+02     1.386386e+03
  3.0580e+02     1.389519e+03
  3.0600e+02     1.392618e+03
  3.0620e+02     1.395684e+03
  3.0640e+02     1.398716e+03
  3.0660e+02     1.401714e+03
  3.0680e+02     1.404677e+03
  3.0700e+02     1.407605e+03
  3.0720e+02     1.410497e+03
  3.0740e+02     1.413353e+03
  3.0760e+02     1.416173e+03
  3.0780e+02     1.418956e+03
  3.0800e+02     1.421701e+03
  3.0820e+02     1.424409e+03
  3.0840e+02     1.427078e+03
  3.0860e+02     1.429709e+03
  3.0880e+02     1.432300e+03
  3.0900e+02     1.434852e+03
  3.0920e+02     1.437364e+03
  3.0940e+02     1.439836e+03
  3.0960e+02     1.442267e+03
  3.0980e+02     1.444656e+03
  3.1000e+02     1.447005e+03
  3.1020e+02     1.449311e+03
  3.1040e+02     1.451575e+03
  3.1060e+02     1.453796e+03
  3.1080e+02     1.455974e+03
  3.1100e+02     1.458108e+03
  3.1120e+02     1.460199e+03
  3.1140e+02     1.462246e+03
  3.1160e+02     1.464248e+03
  3.1180e+02     1.466205e+03
  3.1200e+02     1.468117e+03
  3.1220e+02     1.469984e+03
  3.1240e+02     1.471804e+03
  3.1260e+02     1.473579e+03
  3.1280e+02     1.475307e+03
  3.1300e+02     1.476988e+03
  3.1320e+02     1.478623e+03
  3.1340e+02     1.480210e+03
  3.1360e+02     1.481749e+03
  3.1380e+02     1.483240e+03
  3.1400e+02     1.484684e+03
  3.1420e+02     1.486079e+03
  3.1440e+02     1.487425e+03
  3.1460e+02     1.488722e+03
  3.1480e+02     1.489970e+03
  3.1500e+02     1.491169e+03
  3.1520e+02     1.492318e+03
  3.1540e+02     1.493418e+03
  3.1560e+02     1.494467e+03
  3.1580e+02     1.495467e+03
  3.1600e+02     1.496416e+03
  3.1620e+02     1.497314e+03
  3.1640e+02     1.498162e+03
  3.1660e+02     1.498959e+03
  3.1680e+02     1.499705e+03
  3.1700e+02     1.500400e+03
  3.1720e+02     1.501044e+03
  3.1740e+02     1.501637e+03
  3.1760e+02     1.502177e+03
  3.1780e+02     1.502667e+03
  3.1800e+02     1.503105e+03
  3.1820e+02     1.503491e+03
  3.1840e+02     1.503825e+03
  3.1860e+02     1.504107e+03
  3.1880e+02     1.504338e+03
  3.1900e+02     1.504516e+03
  3.1920e+02     1.504643e+03
  3.1940e+02     1.504717e+03
  3.1960e+02     1.504740e+03
  3.1980e+02     1.504710e+03
  3.2000e+02     1.504629e+03
  3.2020e+02     1.504495e+03
  3.2040e+02     1.504310e+03
  3.2060e+02     1.504072e+03
  3.2080e+02     1.503783e+03
  3.2100e+02     1.503442e+03
  3.2120e+02     1.503049e+03
  3.2140e+02     1.502604e+03
  3.2160e+02     1.502108e+03
  3.2180e+02     1.501560e+03
  3.2200e+02     1.500961e+03
  3.2220e+02     1.500310e+03
  3.2240e+02     1.499609e+03
  3.2260e+02     1.498856e+03
  3.2280e+02     1.498052e+03
  3.2300e+02     1.497198e+03
  3.2320e+02     1.496293e+03
  3.2340e+02     1.495337e+03
  3.2360e+02     1.494331e+03
  3.2380e+02     1.493275e+03
  3.2400e+02     1.492170e+03
  3.2420e+02     1.491014e+03
  3.2440e+02     1.489809e+03
  3.2460e+02     1.488555e+03
  3.2480e+02     1.487252e+03
  3.2500e+02     1.485900e+03
  3.2520e+02     1.484499e+03
  3.2540e+02     1.483051e+03
  3.2560e+02     1.481554e+03
  3.2580e+02     1.480009e+03
  3.2600e+02     1.478417e+03
  3.2620e+02     1.476778e+03
  3.2640e+02     1.475092e+03
  3.2660e+02     1.473360e+03
  3.2680e+02     1.471581e+03
  3.2700e+02     1.469756e+03
  3.2720e+02     1.467886e+03
  3.2740e+02     1.465971e+03
  3.2760e+02     1.464010e+03
  3.2780e+02     1.462005e+03
  3.2800e+02     1.459956e+03
  3.2820e+02     1.457863e+03
  3.2840e+02     1.455726e+03
  3.2860e+02     1.453547e+03
  3.2880e+02     1.451324e+03
  3.2900e+02     1.449060e+03
  3.2920e+02     1.446753e+03
  3.2940e+02     1.444405e+03
  3.2960e+02     1.442016e+03
  3.2980e+02     1.439586e+03
  3.3000e+02     1.437116e+03
  3.3020e+02     1.434606e+03
  3.3040e+02     1.432056e+03
  3.3060e+02     1.429468e+03
  3.3080e+02     1.426841e+03
  3.3100e+02     1.424176e+03
  3.3120e+02     1.421473e+03
  3.3140e+02     1.418734e+03
  3.3160e+02     1.415957e+03
  3.3180e+02     1.413144e+03
  3.3200e+02     1.410296e+03
  3.3220e+02     1.407412e+03
  3.3240e+02     1.404493e+03
  3.3260e+02     1.401540e+03
  3.3280e+02     1.398554e+03
  3.3300e+02     1.395533e+03
  3.3320e+02     1.392480e+03
  3.3340e+02     1.389395e+03
  3.3360e+02     1.386277e+03
  3.3380e+02     1.383129e+03
  3.3400e+02     1.379949e+03
  3.3420e+02     1.376739e+03
  3.3440e+02     1.373499e+03
  3.3460e+02     1.370230e+03
  3.3480e+02     1.366932e+03
  3.3500e+02     1.363605e+03
  3.3520e+02     1.360251e+03
  3.3540e+02     1.356870e+03
  3.3560e+02     1.353461e+03
  3.3580e+02     1.350027e+03
  3.3600e+02     1.346566e+03
  3.3620e+02     1.343081e+03
  3.3640e+02     1.339570e+03
  3.3660e+02     1.336036e+03
  3.3680e+02     1.332478e+03
  3.3700e+02     1.328896e+03
  3.3720e+02     1.325292e+03
  3.3740e+02     1.321666e+03
  3.3760e+02     1.318019e+03
  3.3780e+02     1.314350e+03
  3.3800e+02     1.310661e+03
  3.3820e+02     1.306952e+03
  3.3840e+02     1.303223e+03
  3.3860e+02     1.299475e+03
  3.3880e+02     1.295709e+03
  3.3900e+02     1.291925e+03
  3.3920e+02     1.288124e+03
  3.3940e+02     1.284305e+03
  3.3960e+02     1.280470e+03
  3.3980e+02     1.276620e+03
  3.4000e+02     1.272754e+03
  3.4020e+02     1.268873e+03
  3.4040e+02     1.264977e+03
  3.4060e+02     1.261068e+03
  3.4080e+02     1.257146e+03
  3.4100e+02     1.253210e+03
  3.4120e+02     1.249263e+03
  3.4140e+02     1.245303e+03
  3.4160e+02     1.241332e+03
  3.4180e+02     1.237350e+03
  3.4200e+02     1.233358e+03
  3.4220e+02     1.229356e+03
  3.4240e+02     1.225344e+03
  3.4260e+02     1.221323e+03
  3.4280e+02     1.217294e+03
  3.4300e+02     1.213257e+03
  3.4320e+02     1.209212e+03
  3.4340e+02     1.205161e+03
  3.4360e+02     1.201102e+03
  3.4380e+02     1.197038e+03
  3.4400e+02     1.192967e+03
  3.4420e+02     1.188892e+03
  3.4440e+02     1.184812e+03
  3.4460e+02     1.180727e+03
  3.4480e+02     1.176638e+03
  3.4500e+02     1.172546e+03
  3.4520e+02     1.168450e+03
  3.4540e+02     1.164352e+03
  3.4560e+02     1.160252e+03
  3.4580e+02     1.156150e+03
  3.4600e+02     1.152047e+03
  3.4620e+02     1.147942e+03
  3.4640e+02     1.143837e+03
  3.4660e+02     1.139732e+03
  3.4680e+02     1.135627e+03
  3.4700e+02     1.131522e+03
  3.4720e+02     1.127419e+03
  3.4740e+02     1.123316e+03
  3.4760e+02     1.119216e+03
  3.4780e+02     1.115118e+03
  3.4800e+02     1.111022e+03
  3.4820e+02     1.106928e+03
  3.4840e+02     1.102839e+03
  3.4860e+02     1.098752e+03
  3.4880e+02     1.094670e+03
  3.4900e+02     1.090591e+03
  3.4920e+02     1.086518e+03
  3.4940e+02     1.082449e+03
  3.4960e+02     1.078385e+03
  3.4980e+02     1.074327e+03
  3.5000e+02     1.070275e+03
  3.5020e+02     1.066229e+03
  3.5040e+02     1.062190e+03
  3.5060e+02     1.058157e+03
  3.5080e+02     1.054131e+03
  3.5100e+02     1.050113e+03
  3.5120e+02     1.046103e+03
  3.5140e+02     1.042100e+03
  3.5160e+02     1.038106e+03
  3.5180e+02     1.034120e+03
  3.5200e+02     1.030144e+03
  3.5220e+02     1.026176e+03
  3.5240e+02     1.022217e+03
  3.5260e+02     1.018268e+03
  3.5280e+02     1.014329e+03
  3.5300e+02     1.010400e+03
  3.5320e+02     1.006482e+03
  3.5340e+02     1.002574e+03
  3.5360e+02     9.986768e+02
  3.5380e+02     9.947906e+02
  3.5400e+02     9.909157e+02
  3.5420e+02     9.870523e+02
  3.5440e+02     9.832005e+02
  3.5460e+02     9.793607e+02
  3.5480e+02     9.755330e+02
  3.5500e+02     9.717176e+02
  3.5520e+02     9.679147e+02
  3.5540e+02     9.641246e+02
  3.5560e+02     9.603473e+02
  3.5580e+02     9.565831e+02
  3.5600e+02     9.528323e+02
  3.5620e+02     9.490948e+02
  3.5640e+02     9.453710e+02
  3.5660e+02     9.416609e+02
  3.5680e+02     9.379648e+02
  3.5700e+02     9.342828e+02
  3.5720e+02     9.306151e+02
  3.5740e+02     9.269618e+02
  3.5760e+02     9.233230e+02
  3.5780e+02     9.196989e+02
  3.5800e+02     9.160897e+02
  3.5820e+02     9.124955e+02
  3.5840e+02     9.089164e+02
  3.5860e+02     9.053526e+02
  3.5880e+02     9.018041e+02
  3.5900e+02     8.982710e+02
  3.5920e+02     8.947536e+02
  3.5940e+02     8.912519e+02
  3.5960e+02     8.877661e+02
  3.5980e+02     8.842961e+02
