# Epidemic | 7 days incidence [ x-unit: days | y-unit: per 100000 ]
  0.0000e+00     3.618006e+02
  2.0000e-01     3.596382e+02
  4.0000e-01     3.575192e+02
  6.0000e-01     3.554428e+02
  8.0000e-01     3.534085e+02
  1.0000e+00     3.514156e+02
  1.2000e+00     3.494635e+02
  1.4000e+00     3.475516e+02
  1.6000e+00     3.456792e+02
  1.8000e+00     3.438459e+02
  2.0000e+00     3.420511e+02
  2.2000e+00     3.402942e+02
  2.4000e+00     3.385747e+02
  2.6000e+00     3.368920e+02
  2.8000e+00     3.352457e+02
  3.0000e+00     3.336352e+02
  3.2000e+00     3.320601e+02
  3.4000e+00     3.305198e+02
  3.6000e+00     3.290140e+02
  3.8000e+00     3.275421e+02
  4.0000e+00     3.261037e+02
  4.2000e+00     3.246984e+02
  4.4000e+00     3.233258e+02
  4.6000e+00     3.219854e+02
  4.8000e+00     3.206768e+02
  5.0000e+00     3.193996e+02
  5.2000e+00     3.181536e+02
  5.4000e+00     3.169381e+02
  5.6000e+00     3.157531e+02
  5.8000e+00     3.145979e+02
  6.0000e+00     3.134724e+02
  6.2000e+00     3.123761e+02
  6.4000e+00     3.113087e+02
  6.6000e+00     3.102700e+02
  6.8000e+00     3.092596e+02
  7.0000e+00     3.082771e+02
  7.2000e+00     3.076130e+02
  7.4000e+00     3.069937e+02
  7.6000e+00     3.063861e+02
  7.8000e+00     3.057902e+02
  8.0000e+00     3.052060e+02
  8.2000e+00     3.046336e+02
  8.4000e+00     3.040728e+02
  8.6000e+00     3.035238e+02
  8.8000e+00     3.029865e+02
  9.0000e+00     3.024608e+02
  9.2000e+00     3.019468e+02
  9.4000e+00     3.014446e+02
  9.6000e+00     3.009539e+02
  9.8000e+00     3.004749e+02
  1.0000e+01     3.000076e+02
  1.0200e+01     2.995519e+02
  1.0400e+01     2.991078e+02
  1.0600e+01     2.986753e+02
  1.0800e+01     2.982543e+02
  1.1000e+01     2.978449e+02
  1.1200e+01     2.974471e+02
  1.1400e+01     2.970608e+02
  1.1600e+01     2.966859e+02
  1.1800e+01     2.963226e+02
  1.2000e+01     2.959707e+02
  1.2200e+01     2.956303e+02
  1.2400e+01     2.953013e+02
  1.2600e+01     2.949837e+02
  1.2800e+01     2.946775e+02
  1.3000e+01     2.943826e+02
  1.3200e+01     2.940991e+02
  1.3400e+01     2.938269e+02
  1.3600e+01     2.935659e+02
  1.3800e+01     2.933163e+02
  1.4000e+01     2.930778e+02
  1.4200e+01     2.928506e+02
  1.4400e+01     2.926346e+02
  1.4600e+01     2.924298e+02
  1.4800e+01     2.922361e+02
  1.5000e+01     2.920536e+02
  1.5200e+01     2.918821e+02
  1.5400e+01     2.917217e+02
  1.5600e+01     2.915724e+02
  1.5800e+01     2.914341e+02
  1.6000e+01     2.913068e+02
  1.6200e+01     2.911905e+02
  1.6400e+01     2.910852e+02
  1.6600e+01     2.909908e+02
  1.6800e+01     2.909073e+02
  1.7000e+01     2.908347e+02
  1.7200e+01     2.907730e+02
  1.7400e+01     2.907221e+02
  1.7600e+01     2.906820e+02
  1.7800e+01     2.906528e+02
  1.8000e+01     2.906343e+02
  1.8200e+01     2.906265e+02
  1.8400e+01     2.906295e+02
  1.8600e+01     2.906432e+02
  1.8800e+01     2.906676e+02
  1.9000e+01     2.907026e+02
  1.9200e+01     2.907483e+02
  1.9400e+01     2.908046e+02
  1.9600e+01     2.908715e+02
  1.9800e+01     2.909490e+02
  2.0000e+01     2.910371e+02
  2.0200e+01     2.911356e+02
  2.0400e+01     2.912447e+02
  2.0600e+01     2.913643e+02
  2.0800e+01     2.914944e+02
  2.1000e+01     2.916349e+02
  2.1200e+01     2.918697e+02
  2.1400e+01     2.921340e+02
  2.1600e+01     2.924191e+02
  2.1800e+01     2.927249e+02
  2.2000e+01     2.930515e+02
  2.2200e+01     2.933988e+02
  2.2400e+01     2.937669e+02
  2.2600e+01     2.941558e+02
  2.2800e+01     2.945655e+02
  2.3000e+01     2.949960e+02
  2.3200e+01     2.954474e+02
  2.3400e+01     2.959196e+02
  2.3600e+01     2.964129e+02
  2.3800e+01     2.969271e+02
  2.4000e+01     2.974623e+02
  2.4200e+01     2.980185e+02
  2.4400e+01     2.985959e+02
  2.4600e+01     2.991945e+02
  2.4800e+01     2.998144e+02
  2.5000e+01     3.004555e+02
  2.5200e+01     3.011180e+02
  2.5400e+01     3.018020e+02
  2.5600e+01     3.025074e+02
  2.5800e+01     3.032345e+02
  2.6000e+01     3.039833e+02
  2.6200e+01     3.047539e+02
  2.6400e+01     3.055463e+02
  2.6600e+01     3.063607e+02
  2.6800e+01     3.071972e+02
  2.7000e+01     3.080559e+02
  2.7200e+01     3.089368e+02
  2.7400e+01     3.098402e+02
  2.7600e+01     3.107660e+02
  2.7800e+01     3.117145e+02
  2.8000e+01     3.126858e+02
  2.8200e+01     3.136799e+02
  2.8400e+01     3.146971e+02
  2.8600e+01     3.157374e+02
  2.8800e+01     3.168011e+02
  2.9000e+01     3.178882e+02
  2.9200e+01     3.189988e+02
  2.9400e+01     3.201333e+02
  2.9600e+01     3.212916e+02
  2.9800e+01     3.224740e+02
  3.0000e+01     3.236806e+02
  3.0200e+01     3.249117e+02
  3.0400e+01     3.261673e+02
  3.0600e+01     3.274477e+02
  3.0800e+01     3.287530e+02
  3.1000e+01     3.300835e+02
  3.1200e+01     3.314393e+02
  3.1400e+01     3.328205e+02
  3.1600e+01     3.342276e+02
  3.1800e+01     3.356605e+02
  3.2000e+01     3.371196e+02
  3.2200e+01     3.386050e+02
  3.2400e+01     3.401170e+02
  3.2600e+01     3.416558e+02
  3.2800e+01     3.432216e+02
  3.3000e+01     3.448146e+02
  3.3200e+01     3.464352e+02
  3.3400e+01     3.480834e+02
  3.3600e+01     3.497597e+02
  3.3800e+01     3.514642e+02
  3.4000e+01     3.531971e+02
  3.4200e+01     3.549588e+02
  3.4400e+01     3.567495e+02
  3.4600e+01     3.585695e+02
  3.4800e+01     3.604191e+02
  3.5000e+01     3.622985e+02
  3.5200e+01     3.642080e+02
  3.5400e+01     3.661479e+02
  3.5600e+01     3.681186e+02
  3.5800e+01     3.701202e+02
  3.6000e+01     3.721532e+02
  3.6200e+01     3.742178e+02
  3.6400e+01     3.763143e+02
  3.6600e+01     3.784432e+02
  3.6800e+01     3.806046e+02
  3.7000e+01     3.827989e+02
  3.7200e+01     3.850266e+02
  3.7400e+01     3.872878e+02
  3.7600e+01     3.895830e+02
  3.7800e+01     3.919125e+02
  3.8000e+01     3.942768e+02
  3.8200e+01     3.966760e+02
  3.8400e+01     3.991107e+02
  3.8600e+01     4.015812e+02
  3.8800e+01     4.040879e+02
  3.9000e+01     4.066311e+02
  3.9200e+01     4.092113e+02
  3.9400e+01     4.118289e+02
  3.9600e+01     4.144843e+02
  3.9800e+01     4.171779e+02
  4.0000e+01     4.199101e+02
  4.0200e+01     4.226814e+02
  4.0400e+01     4.254921e+02
  4.0600e+01     4.283428e+02
  4.0800e+01     4.312338e+02
  4.1000e+01     4.341657e+02
  4.1200e+01     4.371388e+02
  4.1400e+01     4.401537e+02
  4.1600e+01     4.432108e+02
  4.1800e+01     4.463107e+02
  4.2000e+01     4.494537e+02
  4.2200e+01     4.526404e+02
  4.2400e+01     4.558712e+02
  4.2600e+01     4.591468e+02
  4.2800e+01     4.624676e+02
  4.3000e+01     4.658341e+02
  4.3200e+01     4.692469e+02
  4.3400e+01     4.727064e+02
  4.3600e+01     4.762133e+02
  4.3800e+01     4.797681e+02
  4.4000e+01     4.833713e+02
  4.4200e+01     4.870235e+02
  4.4400e+01     4.907253e+02
  4.4600e+01     4.944772e+02
  4.4800e+01     4.982800e+02
  4.5000e+01     5.021340e+02
  4.5200e+01     5.060400e+02
  4.5400e+01     5.099985e+02
  4.5600e+01     5.140103e+02
  4.5800e+01     5.180758e+02
  4.6000e+01     5.221957e+02
  4.6200e+01     5.263708e+02
  4.6400e+01     5.306015e+02
  4.6600e+01     5.348886e+02
  4.6800e+01     5.392328e+02
  4.7000e+01     5.436347e+02
  4.7200e+01     5.480950e+02
  4.7400e+01     5.526144e+02
  4.7600e+01     5.571936e+02
  4.7800e+01     5.618333e+02
  4.8000e+01     5.665342e+02
  4.8200e+01     5.712970e+02
  4.8400e+01     5.761225e+02
  4.8600e+01     5.810114e+02
  4.8800e+01     5.859645e+02
  4.9000e+01     5.909824e+02
  4.9200e+01     5.960661e+02
  4.9400e+01     6.012162e+02
  4.9600e+01     6.064335e+02
  4.9800e+01     6.117188e+02
  5.0000e+01     6.170729e+02
  5.0200e+01     6.224967e+02
  5.0400e+01     6.279909e+02
  5.0600e+01     6.335563e+02
  5.0800e+01     6.391939e+02
  5.1000e+01     6.449044e+02
  5.1200e+01     6.506886e+02
  5.1400e+01     6.565475e+02
  5.1600e+01     6.624819e+02
  5.1800e+01     6.684927e+02
  5.2000e+01     6.745807e+02
  5.2200e+01     6.807469e+02
  5.2400e+01     6.869922e+02
  5.2600e+01     6.933174e+02
  5.2800e+01     6.997234e+02
  5.3000e+01     7.062113e+02
  5.3200e+01     7.127818e+02
  5.3400e+01     7.194361e+02
  5.3600e+01     7.261749e+02
  5.3800e+01     7.329993e+02
  5.4000e+01     7.399102e+02
  5.4200e+01     7.469086e+02
  5.4400e+01     7.539955e+02
  5.4600e+01     7.611719e+02
  5.4800e+01     7.684387e+02
  5.5000e+01     7.757969e+02
  5.5200e+01     7.832476e+02
  5.5400e+01     7.907917e+02
  5.5600e+01     7.984304e+02
  5.5800e+01     8.061645e+02
  5.6000e+01     8.139952e+02
  5.6200e+01     8.219235e+02
  5.6400e+01     8.299504e+02
  5.6600e+01     8.380769e+02
  5.6800e+01     8.463042e+02
  5.7000e+01     8.546333e+02
  5.7200e+01     8.630652e+02
  5.7400e+01     8.716011e+02
  5.7600e+01     8.802420e+02
  5.7800e+01     8.889889e+02
  5.8000e+01     8.978430e+02
  5.8200e+01     9.068054e+02
  5.8400e+01     9.158771e+02
  5.8600e+01     9.250593e+02
  5.8800e+01     9.343530e+02
  5.9000e+01     9.437593e+02
  5.9200e+01     9.532794e+02
  5.9400e+01     9.629143e+02
  5.9600e+01     9.726652e+02
  5.9800e+01     9.825331e+02
  6.0000e+01     9.925192e+02
  6.0200e+01     1.002624e+03
  6.0400e+01     1.012850e+03
  6.0600e+01     1.023197e+03
  6.0800e+01     1.033667e+03
  6.1000e+01     1.044260e+03
  6.1200e+01     1.054978e+03
  6.1400e+01     1.065823e+03
  6.1600e+01     1.076794e+03
  6.1800e+01     1.087893e+03
  6.2000e+01     1.099121e+03
  6.2200e+01     1.110479e+03
  6.2400e+01     1.121969e+03
  6.2600e+01     1.133591e+03
  6.2800e+01     1.145347e+03
  6.3000e+01     1.157237e+03
  6.3200e+01     1.169262e+03
  6.3400e+01     1.181424e+03
  6.3600e+01     1.193724e+03
  6.3800e+01     1.206162e+03
  6.4000e+01     1.218740e+03
  6.4200e+01     1.231458e+03
  6.4400e+01     1.244318e+03
  6.4600e+01     1.257320e+03
  6.4800e+01     1.270466e+03
  6.5000e+01     1.283756e+03
  6.5200e+01     1.297191e+03
  6.5400e+01     1.310772e+03
  6.5600e+01     1.324500e+03
  6.5800e+01     1.338376e+03
  6.6000e+01     1.352401e+03
  6.6200e+01     1.366575e+03
  6.6400e+01     1.380900e+03
  6.6600e+01     1.395375e+03
  6.6800e+01     1.410002e+03
  6.7000e+01     1.424782e+03
  6.7200e+01     1.439714e+03
  6.7400e+01     1.454801e+03
  6.7600e+01     1.470041e+03
  6.7800e+01     1.485437e+03
  6.8000e+01     1.500988e+03
  6.8200e+01     1.516694e+03
  6.8400e+01     1.532557e+03
  6.8600e+01     1.548577e+03
  6.8800e+01     1.564754e+03
  6.9000e+01     1.581089e+03
  6.9200e+01     1.597581e+03
  6.9400e+01     1.614232e+03
  6.9600e+01     1.631041e+03
  6.9800e+01     1.648008e+03
  7.0000e+01     1.665133e+03
  7.0200e+01     1.682418e+03
  7.0400e+01     1.699861e+03
  7.0600e+01     1.717462e+03
  7.0800e+01     1.735222e+03
  7.1000e+01     1.753140e+03
  7.1200e+01     1.771215e+03
  7.1400e+01     1.789449e+03
  7.1600e+01     1.807840e+03
  7.1800e+01     1.826388e+03
  7.2000e+01     1.845092e+03
  7.2200e+01     1.863952e+03
  7.2400e+01     1.882968e+03
  7.2600e+01     1.902137e+03
  7.2800e+01     1.921461e+03
  7.3000e+01     1.940937e+03
  7.3200e+01     1.960565e+03
  7.3400e+01     1.980344e+03
  7.3600e+01     2.000273e+03
  7.3800e+01     2.020350e+03
  7.4000e+01     2.040574e+03
  7.4200e+01     2.060944e+03
  7.4400e+01     2.081459e+03
  7.4600e+01     2.102116e+03
  7.4800e+01     2.122914e+03
  7.5000e+01     2.143852e+03
  7.5200e+01     2.164927e+03
  7.5400e+01     2.186137e+03
  7.5600e+01     2.207481e+03
  7.5800e+01     2.228956e+03
  7.6000e+01     2.250560e+03
  7.6200e+01     2.272290e+03
  7.6400e+01     2.294144e+03
  7.6600e+01     2.316120e+03
  7.6800e+01     2.338214e+03
  7.7000e+01     2.360423e+03
  7.7200e+01     2.382746e+03
  7.7400e+01     2.405178e+03
  7.7600e+01     2.427716e+03
  7.7800e+01     2.450357e+03
  7.8000e+01     2.473097e+03
  7.8200e+01     2.495933e+03
  7.8400e+01     2.518861e+03
  7.8600e+01     2.541877e+03
  7.8800e+01     2.564977e+03
  7.9000e+01     2.588157e+03
  7.9200e+01     2.611413e+03
  7.9400e+01     2.634740e+03
  7.9600e+01     2.658133e+03
  7.9800e+01     2.681588e+03
  8.0000e+01     2.705101e+03
  8.0200e+01     2.728665e+03
  8.0400e+01     2.752276e+03
  8.0600e+01     2.775928e+03
  8.0800e+01     2.799617e+03
  8.1000e+01     2.823336e+03
  8.1200e+01     2.847080e+03
  8.1400e+01     2.870843e+03
  8.1600e+01     2.894619e+03
  8.1800e+01     2.918402e+03
  8.2000e+01     2.942185e+03
  8.2200e+01     2.965962e+03
  8.2400e+01     2.989727e+03
  8.2600e+01     3.013473e+03
  8.2800e+01     3.037193e+03
  8.3000e+01     3.060880e+03
  8.3200e+01     3.084526e+03
  8.3400e+01     3.108126e+03
  8.3600e+01     3.131670e+03
  8.3800e+01     3.155153e+03
  8.4000e+01     3.178565e+03
  8.4200e+01     3.201900e+03
  8.4400e+01     3.225149e+03
  8.4600e+01     3.248305e+03
  8.4800e+01     3.271359e+03
  8.5000e+01     3.294303e+03
  8.5200e+01     3.317128e+03
  8.5400e+01     3.339827e+03
  8.5600e+01     3.362391e+03
  8.5800e+01     3.384811e+03
  8.6000e+01     3.407078e+03
  8.6200e+01     3.429183e+03
  8.6400e+01     3.451118e+03
  8.6600e+01     3.472874e+03
  8.6800e+01     3.494441e+03
  8.7000e+01     3.515810e+03
  8.7200e+01     3.536973e+03
  8.7400e+01     3.557919e+03
  8.7600e+01     3.578640e+03
  8.7800e+01     3.599126e+03
  8.8000e+01     3.619368e+03
  8.8200e+01     3.639357e+03
  8.8400e+01     3.659082e+03
  8.8600e+01     3.678536e+03
  8.8800e+01     3.697707e+03
  8.9000e+01     3.716587e+03
  8.9200e+01     3.735166e+03
  8.9400e+01     3.753435e+03
  8.9600e+01     3.771385e+03
  8.9800e+01     3.789005e+03
  9.0000e+01     3.806287e+03
  9.0200e+01     3.823222e+03
  9.0400e+01     3.839800e+03
  9.0600e+01     3.856012e+03
  9.0800e+01     3.871850e+03
  9.1000e+01     3.887303e+03
  9.1200e+01     3.902364e+03
  9.1400e+01     3.917023e+03
  9.1600e+01     3.931272e+03
  9.1800e+01     3.945103e+03
  9.2000e+01     3.958506e+03
  9.2200e+01     3.971475e+03
  9.2400e+01     3.983999e+03
  9.2600e+01     3.996073e+03
  9.2800e+01     4.007688e+03
  9.3000e+01     4.018836e+03
  9.3200e+01     4.029510e+03
  9.3400e+01     4.039703e+03
  9.3600e+01     4.049408e+03
  9.3800e+01     4.058619e+03
  9.4000e+01     4.067328e+03
  9.4200e+01     4.075529e+03
  9.4400e+01     4.083218e+03
  9.4600e+01     4.090387e+03
  9.4800e+01     4.097031e+03
  9.5000e+01     4.103145e+03
  9.5200e+01     4.108725e+03
  9.5400e+01     4.113765e+03
  9.5600e+01     4.118261e+03
  9.5800e+01     4.122209e+03
  9.6000e+01     4.125606e+03
  9.6200e+01     4.128448e+03
  9.6400e+01     4.130731e+03
  9.6600e+01     4.132454e+03
  9.6800e+01     4.133613e+03
  9.7000e+01     4.134207e+03
  9.7200e+01     4.134234e+03
  9.7400e+01     4.133692e+03
  9.7600e+01     4.132580e+03
  9.7800e+01     4.130899e+03
  9.8000e+01     4.128646e+03
  9.8200e+01     4.125823e+03
  9.8400e+01     4.122429e+03
  9.8600e+01     4.118466e+03
  9.8800e+01     4.113934e+03
  9.9000e+01     4.108836e+03
  9.9200e+01     4.103172e+03
  9.9400e+01     4.096945e+03
  9.9600e+01     4.090157e+03
  9.9800e+01     4.082812e+03
  1.0000e+02     4.074913e+03
  1.0020e+02     4.066463e+03
  1.0040e+02     4.057466e+03
  1.0060e+02     4.047926e+03
  1.0080e+02     4.037849e+03
  1.0100e+02     4.027239e+03
  1.0120e+02     4.016101e+03
  1.0140e+02     4.004441e+03
  1.0160e+02     3.992266e+03
  1.0180e+02     3.979581e+03
  1.0200e+02     3.966393e+03
  1.0220e+02     3.952708e+03
  1.0240e+02     3.938535e+03
  1.0260e+02     3.923881e+03
  1.0280e+02     3.908752e+03
  1.0300e+02     3.893158e+03
  1.0320e+02     3.877107e+03
  1.0340e+02     3.860607e+03
  1.0360e+02     3.843666e+03
  1.0380e+02     3.826295e+03
  1.0400e+02     3.808502e+03
  1.0420e+02     3.790296e+03
  1.0440e+02     3.771687e+03
  1.0460e+02     3.752686e+03
  1.0480e+02     3.733301e+03
  1.0500e+02     3.713543e+03
  1.0520e+02     3.693423e+03
  1.0540e+02     3.672951e+03
  1.0560e+02     3.652137e+03
  1.0580e+02     3.630992e+03
  1.0600e+02     3.609528e+03
  1.0620e+02     3.587754e+03
  1.0640e+02     3.565681e+03
  1.0660e+02     3.543322e+03
  1.0680e+02     3.520687e+03
  1.0700e+02     3.497786e+03
  1.0720e+02     3.474632e+03
  1.0740e+02     3.451236e+03
  1.0760e+02     3.427608e+03
  1.0780e+02     3.403760e+03
  1.0800e+02     3.379703e+03
  1.0820e+02     3.355448e+03
  1.0840e+02     3.331007e+03
  1.0860e+02     3.306391e+03
  1.0880e+02     3.281610e+03
  1.0900e+02     3.256675e+03
  1.0920e+02     3.231599e+03
  1.0940e+02     3.206390e+03
  1.0960e+02     3.181061e+03
  1.0980e+02     3.155622e+03
  1.1000e+02     3.130083e+03
  1.1020e+02     3.104455e+03
  1.1040e+02     3.078748e+03
  1.1060e+02     3.052972e+03
  1.1080e+02     3.027138e+03
  1.1100e+02     3.001255e+03
  1.1120e+02     2.975333e+03
  1.1140e+02     2.949381e+03
  1.1160e+02     2.923410e+03
  1.1180e+02     2.897427e+03
  1.1200e+02     2.871443e+03
  1.1220e+02     2.845466e+03
  1.1240e+02     2.819506e+03
  1.1260e+02     2.793569e+03
  1.1280e+02     2.767665e+03
  1.1300e+02     2.741803e+03
  1.1320e+02     2.715989e+03
  1.1340e+02     2.690232e+03
  1.1360e+02     2.664539e+03
  1.1380e+02     2.638917e+03
  1.1400e+02     2.613374e+03
  1.1420e+02     2.587917e+03
  1.1440e+02     2.562551e+03
  1.1460e+02     2.537285e+03
  1.1480e+02     2.512124e+03
  1.1500e+02     2.487074e+03
  1.1520e+02     2.462141e+03
  1.1540e+02     2.437330e+03
  1.1560e+02     2.412648e+03
  1.1580e+02     2.388099e+03
  1.1600e+02     2.363689e+03
  1.1620e+02     2.339422e+03
  1.1640e+02     2.315304e+03
  1.1660e+02     2.291337e+03
  1.1680e+02     2.267527e+03
  1.1700e+02     2.243879e+03
  1.1720e+02     2.220394e+03
  1.1740e+02     2.197078e+03
  1.1760e+02     2.173934e+03
  1.1780e+02     2.150964e+03
  1.1800e+02     2.128173e+03
  1.1820e+02     2.105563e+03
  1.1840e+02     2.083136e+03
  1.1860e+02     2.060896e+03
  1.1880e+02     2.038845e+03
  1.1900e+02     2.016984e+03
  1.1920e+02     1.995317e+03
  1.1940e+02     1.973845e+03
  1.1960e+02     1.952569e+03
  1.1980e+02     1.931492e+03
  1.2000e+02     1.910615e+03
  1.2020e+02     1.889938e+03
  1.2040e+02     1.869464e+03
  1.2060e+02     1.849193e+03
  1.2080e+02     1.829127e+03
  1.2100e+02     1.809265e+03
  1.2120e+02     1.789609e+03
  1.2140e+02     1.770160e+03
  1.2160e+02     1.750916e+03
  1.2180e+02     1.731880e+03
  1.2200e+02     1.713050e+03
  1.2220e+02     1.694428e+03
  1.2240e+02     1.676013e+03
  1.2260e+02     1.657805e+03
  1.2280e+02     1.639803e+03
  1.2300e+02     1.622008e+03
  1.2320e+02     1.604419e+03
  1.2340e+02     1.587035e+03
  1.2360e+02     1.569856e+03
  1.2380e+02     1.552882e+03
  1.2400e+02     1.536111e+03
  1.2420e+02     1.519542e+03
  1.2440e+02     1.503176e+03
  1.2460e+02     1.487011e+03
  1.2480e+02     1.471046e+03
  1.2500e+02     1.455279e+03
  1.2520e+02     1.439711e+03
  1.2540e+02     1.424339e+03
  1.2560e+02     1.409163e+03
  1.2580e+02     1.394181e+03
  1.2600e+02     1.379391e+03
  1.2620e+02     1.364794e+03
  1.2640e+02     1.350387e+03
  1.2660e+02     1.336168e+03
  1.2680e+02     1.322137e+03
  1.2700e+02     1.308292e+03
  1.2720e+02     1.294631e+03
  1.2740e+02     1.281153e+03
  1.2760e+02     1.267856e+03
  1.2780e+02     1.254739e+03
  1.2800e+02     1.241800e+03
  1.2820e+02     1.229037e+03
  1.2840e+02     1.216449e+03
  1.2860e+02     1.204035e+03
  1.2880e+02     1.191791e+03
  1.2900e+02     1.179718e+03
  1.2920e+02     1.167812e+03
  1.2940e+02     1.156073e+03
  1.2960e+02     1.144499e+03
  1.2980e+02     1.133087e+03
  1.3000e+02     1.121837e+03
  1.3020e+02     1.110746e+03
  1.3040e+02     1.099813e+03
  1.3060e+02     1.089036e+03
  1.3080e+02     1.078413e+03
  1.3100e+02     1.067942e+03
  1.3120e+02     1.057622e+03
  1.3140e+02     1.047452e+03
  1.3160e+02     1.037428e+03
  1.3180e+02     1.027550e+03
  1.3200e+02     1.017816e+03
  1.3220e+02     1.008224e+03
  1.3240e+02     9.987734e+02
  1.3260e+02     9.894607e+02
  1.3280e+02     9.802851e+02
  1.3300e+02     9.712448e+02
  1.3320e+02     9.623383e+02
  1.3340e+02     9.535638e+02
  1.3360e+02     9.449197e+02
  1.3380e+02     9.364044e+02
  1.3400e+02     9.280162e+02
  1.3420e+02     9.197535e+02
  1.3440e+02     9.116148e+02
  1.3460e+02     9.035984e+02
  1.3480e+02     8.957027e+02
  1.3500e+02     8.879263e+02
  1.3520e+02     8.802675e+02
  1.3540e+02     8.727249e+02
  1.3560e+02     8.652969e+02
  1.3580e+02     8.579820e+02
  1.3600e+02     8.507788e+02
  1.3620e+02     8.436857e+02
  1.3640e+02     8.367014e+02
  1.3660e+02     8.298243e+02
  1.3680e+02     8.230531e+02
  1.3700e+02     8.163863e+02
  1.3720e+02     8.098226e+02
  1.3740e+02     8.033606e+02
  1.3760e+02     7.969989e+02
  1.3780e+02     7.907362e+02
  1.3800e+02     7.845712e+02
  1.3820e+02     7.785026e+02
  1.3840e+02     7.725290e+02
  1.3860e+02     7.666492e+02
  1.3880e+02     7.608620e+02
  1.3900e+02     7.551660e+02
  1.3920e+02     7.495602e+02
  1.3940e+02     7.440432e+02
  1.3960e+02     7.386139e+02
  1.3980e+02     7.332710e+02
  1.4000e+02     7.280136e+02
  1.4020e+02     7.228403e+02
  1.4040e+02     7.177501e+02
  1.4060e+02     7.127419e+02
  1.4080e+02     7.078145e+02
  1.4100e+02     7.029669e+02
  1.4120e+02     6.981981e+02
  1.4140e+02     6.935069e+02
  1.4160e+02     6.888924e+02
  1.4180e+02     6.843536e+02
  1.4200e+02     6.798893e+02
  1.4220e+02     6.754988e+02
  1.4240e+02     6.711809e+02
  1.4260e+02     6.669347e+02
  1.4280e+02     6.627594e+02
  1.4300e+02     6.586539e+02
  1.4320e+02     6.546173e+02
  1.4340e+02     6.506488e+02
  1.4360e+02     6.467475e+02
  1.4380e+02     6.429126e+02
  1.4400e+02     6.391430e+02
  1.4420e+02     6.354381e+02
  1.4440e+02     6.317970e+02
  1.4460e+02     6.282189e+02
  1.4480e+02     6.247030e+02
  1.4500e+02     6.212485e+02
  1.4520e+02     6.178546e+02
  1.4540e+02     6.145206e+02
  1.4560e+02     6.112457e+02
  1.4580e+02     6.080292e+02
  1.4600e+02     6.048704e+02
  1.4620e+02     6.017686e+02
  1.4640e+02     5.987231e+02
  1.4660e+02     5.957332e+02
  1.4680e+02     5.927982e+02
  1.4700e+02     5.899174e+02
  1.4720e+02     5.870903e+02
  1.4740e+02     5.843162e+02
  1.4760e+02     5.815944e+02
  1.4780e+02     5.789244e+02
  1.4800e+02     5.763056e+02
  1.4820e+02     5.737373e+02
  1.4840e+02     5.712190e+02
  1.4860e+02     5.687502e+02
  1.4880e+02     5.663301e+02
  1.4900e+02     5.639585e+02
  1.4920e+02     5.616345e+02
  1.4940e+02     5.593579e+02
  1.4960e+02     5.571280e+02
  1.4980e+02     5.549443e+02
  1.5000e+02     5.528064e+02
  1.5020e+02     5.507137e+02
  1.5040e+02     5.486658e+02
  1.5060e+02     5.466622e+02
  1.5080e+02     5.447024e+02
  1.5100e+02     5.427861e+02
  1.5120e+02     5.409127e+02
  1.5140e+02     5.390819e+02
  1.5160e+02     5.372931e+02
  1.5180e+02     5.355461e+02
  1.5200e+02     5.338404e+02
  1.5220e+02     5.321756e+02
  1.5240e+02     5.305513e+02
  1.5260e+02     5.289672e+02
  1.5280e+02     5.274228e+02
  1.5300e+02     5.259178e+02
  1.5320e+02     5.244519e+02
  1.5340e+02     5.230247e+02
  1.5360e+02     5.216359e+02
  1.5380e+02     5.202851e+02
  1.5400e+02     5.189721e+02
  1.5420e+02     5.176965e+02
  1.5440e+02     5.164579e+02
  1.5460e+02     5.152562e+02
  1.5480e+02     5.140910e+02
  1.5500e+02     5.129620e+02
  1.5520e+02     5.118689e+02
  1.5540e+02     5.108116e+02
  1.5560e+02     5.097896e+02
  1.5580e+02     5.088028e+02
  1.5600e+02     5.078509e+02
  1.5620e+02     5.069337e+02
  1.5640e+02     5.060509e+02
  1.5660e+02     5.052022e+02
  1.5680e+02     5.043876e+02
  1.5700e+02     5.036067e+02
  1.5720e+02     5.028593e+02
  1.5740e+02     5.021453e+02
  1.5760e+02     5.014644e+02
  1.5780e+02     5.008165e+02
  1.5800e+02     5.002013e+02
  1.5820e+02     4.996187e+02
  1.5840e+02     4.990685e+02
  1.5860e+02     4.985506e+02
  1.5880e+02     4.980647e+02
  1.5900e+02     4.976107e+02
  1.5920e+02     4.971885e+02
  1.5940e+02     4.967979e+02
  1.5960e+02     4.964387e+02
  1.5980e+02     4.961110e+02
  1.6000e+02     4.958144e+02
  1.6020e+02     4.955489e+02
  1.6040e+02     4.953144e+02
  1.6060e+02     4.951108e+02
  1.6080e+02     4.949379e+02
  1.6100e+02     4.947956e+02
  1.6120e+02     4.946839e+02
  1.6140e+02     4.946027e+02
  1.6160e+02     4.945518e+02
  1.6180e+02     4.945312e+02
  1.6200e+02     4.945409e+02
  1.6220e+02     4.945807e+02
  1.6240e+02     4.946505e+02
  1.6260e+02     4.947504e+02
  1.6280e+02     4.948802e+02
  1.6300e+02     4.950399e+02
  1.6320e+02     4.952295e+02
  1.6340e+02     4.954488e+02
  1.6360e+02     4.956980e+02
  1.6380e+02     4.959769e+02
  1.6400e+02     4.962855e+02
  1.6420e+02     4.966238e+02
  1.6440e+02     4.969918e+02
  1.6460e+02     4.973894e+02
  1.6480e+02     4.978166e+02
  1.6500e+02     4.982735e+02
  1.6520e+02     4.987601e+02
  1.6540e+02     4.992763e+02
  1.6560e+02     4.998221e+02
  1.6580e+02     5.003976e+02
  1.6600e+02     5.010027e+02
  1.6620e+02     5.016376e+02
  1.6640e+02     5.023022e+02
  1.6660e+02     5.029965e+02
  1.6680e+02     5.037206e+02
  1.6700e+02     5.044746e+02
  1.6720e+02     5.052584e+02
  1.6740e+02     5.060722e+02
  1.6760e+02     5.069159e+02
  1.6780e+02     5.077896e+02
  1.6800e+02     5.086934e+02
  1.6820e+02     5.096274e+02
  1.6840e+02     5.105916e+02
  1.6860e+02     5.115861e+02
  1.6880e+02     5.126109e+02
  1.6900e+02     5.136662e+02
  1.6920e+02     5.147520e+02
  1.6940e+02     5.158685e+02
  1.6960e+02     5.170157e+02
  1.6980e+02     5.181937e+02
  1.7000e+02     5.194026e+02
  1.7020e+02     5.206425e+02
  1.7040e+02     5.219136e+02
  1.7060e+02     5.232159e+02
  1.7080e+02     5.245496e+02
  1.7100e+02     5.259148e+02
  1.7120e+02     5.273116e+02
  1.7140e+02     5.287401e+02
  1.7160e+02     5.302006e+02
  1.7180e+02     5.316930e+02
  1.7200e+02     5.332177e+02
  1.7220e+02     5.347746e+02
  1.7240e+02     5.363640e+02
  1.7260e+02     5.379861e+02
  1.7280e+02     5.396409e+02
  1.7300e+02     5.413287e+02
  1.7320e+02     5.430496e+02
  1.7340e+02     5.448038e+02
  1.7360e+02     5.465914e+02
  1.7380e+02     5.484127e+02
  1.7400e+02     5.502679e+02
  1.7420e+02     5.521570e+02
  1.7440e+02     5.540804e+02
  1.7460e+02     5.560382e+02
  1.7480e+02     5.580306e+02
  1.7500e+02     5.600578e+02
  1.7520e+02     5.621200e+02
  1.7540e+02     5.642175e+02
  1.7560e+02     5.663505e+02
  1.7580e+02     5.685191e+02
  1.7600e+02     5.707236e+02
  1.7620e+02     5.729643e+02
  1.7640e+02     5.752413e+02
  1.7660e+02     5.775550e+02
  1.7680e+02     5.799055e+02
  1.7700e+02     5.822931e+02
  1.7720e+02     5.847180e+02
  1.7740e+02     5.871806e+02
  1.7760e+02     5.896810e+02
  1.7780e+02     5.922195e+02
  1.7800e+02     5.947965e+02
  1.7820e+02     5.974121e+02
  1.7840e+02     6.000666e+02
  1.7860e+02     6.027604e+02
  1.7880e+02     6.054937e+02
  1.7900e+02     6.082668e+02
  1.7920e+02     6.110799e+02
  1.7940e+02     6.139334e+02
  1.7960e+02     6.168277e+02
  1.7980e+02     6.197629e+02
  1.8000e+02     6.227394e+02
  1.8020e+02     6.257575e+02
  1.8040e+02     6.288175e+02
  1.8060e+02     6.319198e+02
  1.8080e+02     6.350647e+02
  1.8100e+02     6.382524e+02
  1.8120e+02     6.414834e+02
  1.8140e+02     6.447580e+02
  1.8160e+02     6.480765e+02
  1.8180e+02     6.514392e+02
  1.8200e+02     6.548465e+02
  1.8220e+02     6.582988e+02
  1.8240e+02     6.617965e+02
  1.8260e+02     6.653398e+02
  1.8280e+02     6.689291e+02
  1.8300e+02     6.725649e+02
  1.8320e+02     6.762475e+02
  1.8340e+02     6.799772e+02
  1.8360e+02     6.837545e+02
  1.8380e+02     6.875797e+02
  1.8400e+02     6.914532e+02
  1.8420e+02     6.953755e+02
  1.8440e+02     6.993468e+02
  1.8460e+02     7.033677e+02
  1.8480e+02     7.074385e+02
  1.8500e+02     7.115596e+02
  1.8520e+02     7.157315e+02
  1.8540e+02     7.199545e+02
  1.8560e+02     7.242291e+02
  1.8580e+02     7.285557e+02
  1.8600e+02     7.329347e+02
  1.8620e+02     7.373666e+02
  1.8640e+02     7.418517e+02
  1.8660e+02     7.463906e+02
  1.8680e+02     7.509837e+02
  1.8700e+02     7.556313e+02
  1.8720e+02     7.603340e+02
  1.8740e+02     7.650922e+02
  1.8760e+02     7.699064e+02
  1.8780e+02     7.747769e+02
  1.8800e+02     7.797044e+02
  1.8820e+02     7.846892e+02
  1.8840e+02     7.897317e+02
  1.8860e+02     7.948326e+02
  1.8880e+02     7.999922e+02
  1.8900e+02     8.052109e+02
  1.8920e+02     8.104894e+02
  1.8940e+02     8.158281e+02
  1.8960e+02     8.212273e+02
  1.8980e+02     8.266878e+02
  1.9000e+02     8.322098e+02
  1.9020e+02     8.377939e+02
  1.9040e+02     8.434407e+02
  1.9060e+02     8.491505e+02
  1.9080e+02     8.549238e+02
  1.9100e+02     8.607613e+02
  1.9120e+02     8.666633e+02
  1.9140e+02     8.726304e+02
  1.9160e+02     8.786631e+02
  1.9180e+02     8.847618e+02
  1.9200e+02     8.909271e+02
  1.9220e+02     8.971594e+02
  1.9240e+02     9.034593e+02
  1.9260e+02     9.098273e+02
  1.9280e+02     9.162639e+02
  1.9300e+02     9.227696e+02
  1.9320e+02     9.293448e+02
  1.9340e+02     9.359901e+02
  1.9360e+02     9.427061e+02
  1.9380e+02     9.494931e+02
  1.9400e+02     9.563518e+02
  1.9420e+02     9.632825e+02
  1.9440e+02     9.702859e+02
  1.9460e+02     9.773624e+02
  1.9480e+02     9.845124e+02
  1.9500e+02     9.917366e+02
  1.9520e+02     9.990354e+02
  1.9540e+02     1.006409e+03
  1.9560e+02     1.013858e+03
  1.9580e+02     1.021384e+03
  1.9600e+02     1.028986e+03
  1.9620e+02     1.036665e+03
  1.9640e+02     1.044422e+03
  1.9660e+02     1.052256e+03
  1.9680e+02     1.060170e+03
  1.9700e+02     1.068162e+03
  1.9720e+02     1.076233e+03
  1.9740e+02     1.084384e+03
  1.9760e+02     1.092616e+03
  1.9780e+02     1.100929e+03
  1.9800e+02     1.109322e+03
  1.9820e+02     1.117797e+03
  1.9840e+02     1.126355e+03
  1.9860e+02     1.134994e+03
  1.9880e+02     1.143717e+03
  1.9900e+02     1.152523e+03
  1.9920e+02     1.161413e+03
  1.9940e+02     1.170387e+03
  1.9960e+02     1.179445e+03
  1.9980e+02     1.188588e+03
  2.0000e+02     1.197817e+03
  2.0020e+02     1.207131e+03
  2.0040e+02     1.216531e+03
  2.0060e+02     1.226017e+03
  2.0080e+02     1.235590e+03
  2.0100e+02     1.245250e+03
  2.0120e+02     1.254997e+03
  2.0140e+02     1.264831e+03
  2.0160e+02     1.274754e+03
  2.0180e+02     1.284764e+03
  2.0200e+02     1.294862e+03
  2.0220e+02     1.305050e+03
  2.0240e+02     1.315325e+03
  2.0260e+02     1.325690e+03
  2.0280e+02     1.336144e+03
  2.0300e+02     1.346687e+03
  2.0320e+02     1.357320e+03
  2.0340e+02     1.368042e+03
  2.0360e+02     1.378854e+03
  2.0380e+02     1.389755e+03
  2.0400e+02     1.400747e+03
  2.0420e+02     1.411828e+03
  2.0440e+02     1.423000e+03
  2.0460e+02     1.434261e+03
  2.0480e+02     1.445613e+03
  2.0500e+02     1.457054e+03
  2.0520e+02     1.468585e+03
  2.0540e+02     1.480206e+03
  2.0560e+02     1.491917e+03
  2.0580e+02     1.503718e+03
  2.0600e+02     1.515607e+03
  2.0620e+02     1.527587e+03
  2.0640e+02     1.539655e+03
  2.0660e+02     1.551812e+03
  2.0680e+02     1.564057e+03
  2.0700e+02     1.576391e+03
  2.0720e+02     1.588813e+03
  2.0740e+02     1.601323e+03
  2.0760e+02     1.613919e+03
  2.0780e+02     1.626603e+03
  2.0800e+02     1.639373e+03
  2.0820e+02     1.652229e+03
  2.0840e+02     1.665170e+03
  2.0860e+02     1.678196e+03
  2.0880e+02     1.691306e+03
  2.0900e+02     1.704500e+03
  2.0920e+02     1.717777e+03
  2.0940e+02     1.731136e+03
  2.0960e+02     1.744577e+03
  2.0980e+02     1.758099e+03
  2.1000e+02     1.771700e+03
  2.1020e+02     1.785381e+03
  2.1040e+02     1.799139e+03
  2.1060e+02     1.812975e+03
  2.1080e+02     1.826888e+03
  2.1100e+02     1.840875e+03
  2.1120e+02     1.854937e+03
  2.1140e+02     1.869072e+03
  2.1160e+02     1.883279e+03
  2.1180e+02     1.897556e+03
  2.1200e+02     1.911903e+03
  2.1220e+02     1.926318e+03
  2.1240e+02     1.940800e+03
  2.1260e+02     1.955347e+03
  2.1280e+02     1.969958e+03
  2.1300e+02     1.984632e+03
  2.1320e+02     1.999367e+03
  2.1340e+02     2.014160e+03
  2.1360e+02     2.029012e+03
  2.1380e+02     2.043919e+03
  2.1400e+02     2.058881e+03
  2.1420e+02     2.073894e+03
  2.1440e+02     2.088959e+03
  2.1460e+02     2.104071e+03
  2.1480e+02     2.119231e+03
  2.1500e+02     2.134435e+03
  2.1520e+02     2.149681e+03
  2.1540e+02     2.164967e+03
  2.1560e+02     2.180292e+03
  2.1580e+02     2.195653e+03
  2.1600e+02     2.211046e+03
  2.1620e+02     2.226471e+03
  2.1640e+02     2.241925e+03
  2.1660e+02     2.257405e+03
  2.1680e+02     2.272908e+03
  2.1700e+02     2.288433e+03
  2.1720e+02     2.303975e+03
  2.1740e+02     2.319534e+03
  2.1760e+02     2.335105e+03
  2.1780e+02     2.350686e+03
  2.1800e+02     2.366274e+03
  2.1820e+02     2.381866e+03
  2.1840e+02     2.397459e+03
  2.1860e+02     2.413051e+03
  2.1880e+02     2.428637e+03
  2.1900e+02     2.444215e+03
  2.1920e+02     2.459781e+03
  2.1940e+02     2.475332e+03
  2.1960e+02     2.490865e+03
  2.1980e+02     2.506377e+03
  2.2000e+02     2.521863e+03
  2.2020e+02     2.537321e+03
  2.2040e+02     2.552746e+03
  2.2060e+02     2.568135e+03
  2.2080e+02     2.583485e+03
  2.2100e+02     2.598792e+03
  2.2120e+02     2.614052e+03
  2.2140e+02     2.629261e+03
  2.2160e+02     2.644415e+03
  2.2180e+02     2.659510e+03
  2.2200e+02     2.674543e+03
  2.2220e+02     2.689509e+03
  2.2240e+02     2.704404e+03
  2.2260e+02     2.719225e+03
  2.2280e+02     2.733967e+03
  2.2300e+02     2.748626e+03
  2.2320e+02     2.763197e+03
  2.2340e+02     2.777677e+03
  2.2360e+02     2.792061e+03
  2.2380e+02     2.806345e+03
  2.2400e+02     2.820525e+03
  2.2420e+02     2.834596e+03
  2.2440e+02     2.848554e+03
  2.2460e+02     2.862395e+03
  2.2480e+02     2.876113e+03
  2.2500e+02     2.889706e+03
  2.2520e+02     2.903167e+03
  2.2540e+02     2.916494e+03
  2.2560e+02     2.929680e+03
  2.2580e+02     2.942723e+03
  2.2600e+02     2.955617e+03
  2.2620e+02     2.968358e+03
  2.2640e+02     2.980941e+03
  2.2660e+02     2.993362e+03
  2.2680e+02     3.005617e+03
  2.2700e+02     3.017700e+03
  2.2720e+02     3.029608e+03
  2.2740e+02     3.041337e+03
  2.2760e+02     3.052881e+03
  2.2780e+02     3.064236e+03
  2.2800e+02     3.075399e+03
  2.2820e+02     3.086364e+03
  2.2840e+02     3.097128e+03
  2.2860e+02     3.107685e+03
  2.2880e+02     3.118033e+03
  2.2900e+02     3.128166e+03
  2.2920e+02     3.138080e+03
  2.2940e+02     3.147772e+03
  2.2960e+02     3.157238e+03
  2.2980e+02     3.166472e+03
  2.3000e+02     3.175473e+03
  2.3020e+02     3.184234e+03
  2.3040e+02     3.192754e+03
  2.3060e+02     3.201027e+03
  2.3080e+02     3.209051e+03
  2.3100e+02     3.216822e+03
  2.3120e+02     3.224335e+03
  2.3140e+02     3.231589e+03
  2.3160e+02     3.238579e+03
  2.3180e+02     3.245302e+03
  2.3200e+02     3.251755e+03
  2.3220e+02     3.257934e+03
  2.3240e+02     3.263838e+03
  2.3260e+02     3.269462e+03
  2.3280e+02     3.274805e+03
  2.3300e+02     3.279863e+03
  2.3320e+02     3.284635e+03
  2.3340e+02     3.289116e+03
  2.3360e+02     3.293306e+03
  2.3380e+02     3.297201e+03
  2.3400e+02     3.300800e+03
  2.3420e+02     3.304101e+03
  2.3440e+02     3.307102e+03
  2.3460e+02     3.309801e+03
  2.3480e+02     3.312196e+03
  2.3500e+02     3.314286e+03
  2.3520e+02     3.316070e+03
  2.3540e+02     3.317546e+03
  2.3560e+02     3.318713e+03
  2.3580e+02     3.319571e+03
  2.3600e+02     3.320118e+03
  2.3620e+02     3.320354e+03
  2.3640e+02     3.320278e+03
  2.3660e+02     3.319889e+03
  2.3680e+02     3.319189e+03
  2.3700e+02     3.318175e+03
  2.3720e+02     3.316850e+03
  2.3740e+02     3.315211e+03
  2.3760e+02     3.313261e+03
  2.3780e+02     3.310999e+03
  2.3800e+02     3.308426e+03
  2.3820e+02     3.305543e+03
  2.3840e+02     3.302350e+03
  2.3860e+02     3.298848e+03
  2.3880e+02     3.295040e+03
  2.3900e+02     3.290926e+03
  2.3920e+02     3.286507e+03
  2.3940e+02     3.281785e+03
  2.3960e+02     3.276762e+03
  2.3980e+02     3.271440e+03
  2.4000e+02     3.265821e+03
  2.4020e+02     3.259906e+03
  2.4040e+02     3.253699e+03
  2.4060e+02     3.247201e+03
  2.4080e+02     3.240415e+03
  2.4100e+02     3.233344e+03
  2.4120e+02     3.225991e+03
  2.4140e+02     3.218358e+03
  2.4160e+02     3.210448e+03
  2.4180e+02     3.202265e+03
  2.4200e+02     3.193813e+03
  2.4220e+02     3.185093e+03
  2.4240e+02     3.176110e+03
  2.4260e+02     3.166868e+03
  2.4280e+02     3.157370e+03
  2.4300e+02     3.147619e+03
  2.4320e+02     3.137621e+03
  2.4340e+02     3.127378e+03
  2.4360e+02     3.116896e+03
  2.4380e+02     3.106177e+03
  2.4400e+02     3.095227e+03
  2.4420e+02     3.084049e+03
  2.4440e+02     3.072648e+03
  2.4460e+02     3.061029e+03
  2.4480e+02     3.049196e+03
  2.4500e+02     3.037154e+03
  2.4520e+02     3.024908e+03
  2.4540e+02     3.012461e+03
  2.4560e+02     2.999820e+03
  2.4580e+02     2.986988e+03
  2.4600e+02     2.973971e+03
  2.4620e+02     2.960773e+03
  2.4640e+02     2.947401e+03
  2.4660e+02     2.933857e+03
  2.4680e+02     2.920149e+03
  2.4700e+02     2.906280e+03
  2.4720e+02     2.892256e+03
  2.4740e+02     2.878081e+03
  2.4760e+02     2.863762e+03
  2.4780e+02     2.849303e+03
  2.4800e+02     2.834709e+03
  2.4820e+02     2.819985e+03
  2.4840e+02     2.805137e+03
  2.4860e+02     2.790170e+03
  2.4880e+02     2.775088e+03
  2.4900e+02     2.759897e+03
  2.4920e+02     2.744602e+03
  2.4940e+02     2.729208e+03
  2.4960e+02     2.713720e+03
  2.4980e+02     2.698143e+03
  2.5000e+02     2.682482e+03
  2.5020e+02     2.666743e+03
  2.5040e+02     2.650929e+03
  2.5060e+02     2.635046e+03
  2.5080e+02     2.619100e+03
  2.5100e+02     2.603093e+03
  2.5120e+02     2.587032e+03
  2.5140e+02     2.570921e+03
  2.5160e+02     2.554765e+03
  2.5180e+02     2.538569e+03
  2.5200e+02     2.522336e+03
  2.5220e+02     2.506072e+03
  2.5240e+02     2.489781e+03
  2.5260e+02     2.473467e+03
  2.5280e+02     2.457135e+03
  2.5300e+02     2.440788e+03
  2.5320e+02     2.424432e+03
  2.5340e+02     2.408071e+03
  2.5360e+02     2.391707e+03
  2.5380e+02     2.375346e+03
  2.5400e+02     2.358991e+03
  2.5420e+02     2.342647e+03
  2.5440e+02     2.326316e+03
  2.5460e+02     2.310003e+03
  2.5480e+02     2.293712e+03
  2.5500e+02     2.277445e+03
  2.5520e+02     2.261206e+03
  2.5540e+02     2.244999e+03
  2.5560e+02     2.228827e+03
  2.5580e+02     2.212694e+03
  2.5600e+02     2.196602e+03
  2.5620e+02     2.180554e+03
  2.5640e+02     2.164554e+03
  2.5660e+02     2.148605e+03
  2.5680e+02     2.132709e+03
  2.5700e+02     2.116869e+03
  2.5720e+02     2.101087e+03
  2.5740e+02     2.085368e+03
  2.5760e+02     2.069712e+03
  2.5780e+02     2.054122e+03
  2.5800e+02     2.038602e+03
  2.5820e+02     2.023152e+03
  2.5840e+02     2.007776e+03
  2.5860e+02     1.992475e+03
  2.5880e+02     1.977252e+03
  2.5900e+02     1.962109e+03
  2.5920e+02     1.947047e+03
  2.5940e+02     1.932068e+03
  2.5960e+02     1.917174e+03
  2.5980e+02     1.902368e+03
  2.6000e+02     1.887649e+03
  2.6020e+02     1.873021e+03
  2.6040e+02     1.858484e+03
  2.6060e+02     1.844041e+03
  2.6080e+02     1.829691e+03
  2.6100e+02     1.815437e+03
  2.6120e+02     1.801281e+03
  2.6140e+02     1.787222e+03
  2.6160e+02     1.773262e+03
  2.6180e+02     1.759402e+03
  2.6200e+02     1.745644e+03
  2.6220e+02     1.731987e+03
  2.6240e+02     1.718434e+03
  2.6260e+02     1.704984e+03
  2.6280e+02     1.691639e+03
  2.6300e+02     1.678399e+03
  2.6320e+02     1.665265e+03
  2.6340e+02     1.652238e+03
  2.6360e+02     1.639317e+03
  2.6380e+02     1.626504e+03
  2.6400e+02     1.613799e+03
  2.6420e+02     1.601202e+03
  2.6440e+02     1.588713e+03
  2.6460e+02     1.576334e+03
  2.6480e+02     1.564064e+03
  2.6500e+02     1.551903e+03
  2.6520e+02     1.539853e+03
  2.6540e+02     1.527911e+03
  2.6560e+02     1.516080e+03
  2.6580e+02     1.504359e+03
  2.6600e+02     1.492747e+03
  2.6620e+02     1.481245e+03
  2.6640e+02     1.469854e+03
  2.6660e+02     1.458572e+03
  2.6680e+02     1.447400e+03
  2.6700e+02     1.436337e+03
  2.6720e+02     1.425384e+03
  2.6740e+02     1.414540e+03
  2.6760e+02     1.403804e+03
  2.6780e+02     1.393178e+03
  2.6800e+02     1.382660e+03
  2.6820e+02     1.372250e+03
  2.6840e+02     1.361947e+03
  2.6860e+02     1.351752e+03
  2.6880e+02     1.341664e+03
  2.6900e+02     1.331683e+03
  2.6920e+02     1.321808e+03
  2.6940e+02     1.312038e+03
  2.6960e+02     1.302374e+03
  2.6980e+02     1.292815e+03
  2.7000e+02     1.283360e+03
  2.7020e+02     1.274009e+03
  2.7040e+02     1.264761e+03
  2.7060e+02     1.255615e+03
  2.7080e+02     1.246572e+03
  2.7100e+02     1.237631e+03
  2.7120e+02     1.228791e+03
  2.7140e+02     1.220051e+03
  2.7160e+02     1.211410e+03
  2.7180e+02     1.202870e+03
  2.7200e+02     1.194427e+03
  2.7220e+02     1.186083e+03
  2.7240e+02     1.177836e+03
  2.7260e+02     1.169686e+03
  2.7280e+02     1.161632e+03
  2.7300e+02     1.153673e+03
  2.7320e+02     1.145809e+03
  2.7340e+02     1.138039e+03
  2.7360e+02     1.130362e+03
  2.7380e+02     1.122778e+03
  2.7400e+02     1.115286e+03
  2.7420e+02     1.107885e+03
  2.7440e+02     1.100575e+03
  2.7460e+02     1.093355e+03
  2.7480e+02     1.086224e+03
  2.7500e+02     1.079181e+03
  2.7520e+02     1.072227e+03
  2.7540e+02     1.065359e+03
  2.7560e+02     1.058578e+03
  2.7580e+02     1.051883e+03
  2.7600e+02     1.045272e+03
  2.7620e+02     1.038746e+03
  2.7640e+02     1.032304e+03
  2.7660e+02     1.025944e+03
  2.7680e+02     1.019667e+03
  2.7700e+02     1.013471e+03
  2.7720e+02     1.007356e+03
  2.7740e+02     1.001321e+03
  2.7760e+02     9.953660e+02
  2.7780e+02     9.894892e+02
  2.7800e+02     9.836904e+02
  2.7820e+02     9.779690e+02
  2.7840e+02     9.723243e+02
  2.7860e+02     9.667556e+02
  2.7880e+02     9.612622e+02
  2.7900e+02     9.558435e+02
  2.7920e+02     9.504987e+02
  2.7940e+02     9.452273e+02
  2.7960e+02     9.400285e+02
  2.7980e+02     9.349017e+02
  2.8000e+02     9.298463e+02
  2.8020e+02     9.248616e+02
  2.8040e+02     9.199470e+02
  2.8060e+02     9.151018e+02
  2.8080e+02     9.103254e+02
  2.8100e+02     9.056172e+02
  2.8120e+02     9.009766e+02
  2.8140e+02     8.964029e+02
  2.8160e+02     8.918956e+02
  2.8180e+02     8.874540e+02
  2.8200e+02     8.830775e+02
  2.8220e+02     8.787656e+02
  2.8240e+02     8.745176e+02
  2.8260e+02     8.703330e+02
  2.8280e+02     8.662112e+02
  2.8300e+02     8.621516e+02
  2.8320e+02     8.581537e+02
  2.8340e+02     8.542169e+02
  2.8360e+02     8.503406e+02
  2.8380e+02     8.465244e+02
  2.8400e+02     8.427676e+02
  2.8420e+02     8.390698e+02
  2.8440e+02     8.354303e+02
  2.8460e+02     8.318488e+02
  2.8480e+02     8.283246e+02
  2.8500e+02     8.248573e+02
  2.8520e+02     8.214464e+02
  2.8540e+02     8.180913e+02
  2.8560e+02     8.147916e+02
  2.8580e+02     8.115468e+02
  2.8600e+02     8.083564e+02
  2.8620e+02     8.052199e+02
  2.8640e+02     8.021369e+02
  2.8660e+02     7.991069e+02
  2.8680e+02     7.961295e+02
  2.8700e+02     7.932042e+02
  2.8720e+02     7.903306e+02
  2.8740e+02     7.875082e+02
  2.8760e+02     7.847366e+02
  2.8780e+02     7.820154e+02
  2.8800e+02     7.793442e+02
  2.8820e+02     7.767225e+02
  2.8840e+02     7.741500e+02
  2.8860e+02     7.716263e+02
  2.8880e+02     7.691509e+02
  2.8900e+02     7.667235e+02
  2.8920e+02     7.643437e+02
  2.8940e+02     7.620111e+02
  2.8960e+02     7.597254e+02
  2.8980e+02     7.574862e+02
  2.9000e+02     7.552932e+02
  2.9020e+02     7.531459e+02
  2.9040e+02     7.510441e+02
  2.9060e+02     7.489874e+02
  2.9080e+02     7.469755e+02
  2.9100e+02     7.450080e+02
  2.9120e+02     7.430846e+02
  2.9140e+02     7.412051e+02
  2.9160e+02     7.393690e+02
  2.9180e+02     7.375762e+02
  2.9200e+02     7.358262e+02
  2.9220e+02     7.341189e+02
  2.9240e+02     7.324538e+02
  2.9260e+02     7.308309e+02
  2.9280e+02     7.292496e+02
  2.9300e+02     7.277099e+02
  2.9320e+02     7.262113e+02
  2.9340e+02     7.247538e+02
  2.9360e+02     7.233369e+02
  2.9380e+02     7.219605e+02
  2.9400e+02     7.206243e+02
  2.9420e+02     7.193280e+02
  2.9440e+02     7.180715e+02
  2.9460e+02     7.168545e+02
  2.9480e+02     7.156768e+02
  2.9500e+02     7.145381e+02
  2.9520e+02     7.134383e+02
  2.9540e+02     7.123771e+02
  2.9560e+02     7.113544e+02
  2.9580e+02     7.103699e+02
  2.9600e+02     7.094234e+02
  2.9620e+02     7.085147e+02
  2.9640e+02     7.076438e+02
  2.9660e+02     7.068103e+02
  2.9680e+02     7.060141e+02
  2.9700e+02     7.052550e+02
  2.9720e+02     7.045329e+02
  2.9740e+02     7.038477e+02
  2.9760e+02     7.031990e+02
  2.9780e+02     7.025869e+02
  2.9800e+02     7.020111e+02
  2.9820e+02     7.014716e+02
  2.9840e+02     7.009681e+02
  2.9860e+02     7.005005e+02
  2.9880e+02     7.000687e+02
  2.9900e+02     6.996726e+02
  2.9920e+02     6.993121e+02
  2.9940e+02     6.989870e+02
  2.9960e+02     6.986973e+02
  2.9980e+02     6.984427e+02
  3.0000e+02     6.982233e+02
  3.0020e+02     6.980389e+02
  3.0040e+02     6.978894e+02
  3.0060e+02     6.977747e+02
  3.0080e+02     6.976948e+02
  3.0100e+02     6.976496e+02
  3.0120e+02     6.976389e+02
  3.0140e+02     6.976627e+02
  3.0160e+02     6.977210e+02
  3.0180e+02     6.978136e+02
  3.0200e+02     6.979405e+02
  3.0220e+02     6.981017e+02
  3.0240e+02     6.982970e+02
  3.0260e+02     6.985265e+02
  3.0280e+02     6.987901e+02
  3.0300e+02     6.990877e+02
  3.0320e+02     6.994194e+02
  3.0340e+02     6.997850e+02
  3.0360e+02     7.001845e+02
  3.0380e+02     7.006180e+02
  3.0400e+02     7.010853e+02
  3.0420e+02     7.015865e+02
  3.0440e+02     7.021215e+02
  3.0460e+02     7.026904e+02
  3.0480e+02     7.032931e+02
  3.0500e+02     7.039296e+02
  3.0520e+02     7.045999e+02
  3.0540e+02     7.053040e+02
  3.0560e+02     7.060420e+02
  3.0580e+02     7.068137e+02
  3.0600e+02     7.076193e+02
  3.0620e+02     7.084588e+02
  3.0640e+02     7.093321e+02
  3.0660e+02     7.102393e+02
  3.0680e+02     7.111804e+02
  3.0700e+02     7.121555e+02
  3.0720e+02     7.131645e+02
  3.0740e+02     7.142075e+02
  3.0760e+02     7.152846e+02
  3.0780e+02     7.163958e+02
  3.0800e+02     7.175411e+02
  3.0820e+02     7.187206e+02
  3.0840e+02     7.199343e+02
  3.0860e+02     7.211823e+02
  3.0880e+02     7.224646e+02
  3.0900e+02     7.237813e+02
  3.0920e+02     7.251325e+02
  3.0940e+02     7.265183e+02
  3.0960e+02     7.279386e+02
  3.0980e+02     7.293937e+02
  3.1000e+02     7.308834e+02
  3.1020e+02     7.324081e+02
  3.1040e+02     7.339676e+02
  3.1060e+02     7.355621e+02
  3.1080e+02     7.371918e+02
  3.1100e+02     7.388566e+02
  3.1120e+02     7.405566e+02
  3.1140e+02     7.422921e+02
  3.1160e+02     7.440630e+02
  3.1180e+02     7.458696e+02
  3.1200e+02     7.477118e+02
  3.1220e+02     7.495898e+02
  3.1240e+02     7.515037e+02
  3.1260e+02     7.534536e+02
  3.1280e+02     7.554396e+02
  3.1300e+02     7.574619e+02
  3.1320e+02     7.595206e+02
  3.1340e+02     7.616158e+02
  3.1360e+02     7.637477e+02
  3.1380e+02     7.659163e+02
  3.1400e+02     7.681218e+02
  3.1420e+02     7.703643e+02
  3.1440e+02     7.726440e+02
  3.1460e+02     7.749610e+02
  3.1480e+02     7.773155e+02
  3.1500e+02     7.797076e+02
  3.1520e+02     7.821374e+02
  3.1540e+02     7.846051e+02
  3.1560e+02     7.871109e+02
  3.1580e+02     7.896550e+02
  3.1600e+02     7.922373e+02
  3.1620e+02     7.948583e+02
  3.1640e+02     7.975179e+02
  3.1660e+02     8.002164e+02
  3.1680e+02     8.029539e+02
  3.1700e+02     8.057306e+02
  3.1720e+02     8.085467e+02
  3.1740e+02     8.114023e+02
  3.1760e+02     8.142977e+02
  3.1780e+02     8.172329e+02
  3.1800e+02     8.202082e+02
  3.1820e+02     8.232238e+02
  3.1840e+02     8.262799e+02
  3.1860e+02     8.293765e+02
  3.1880e+02     8.325140e+02
  3.1900e+02     8.356926e+02
  3.1920e+02     8.389123e+02
  3.1940e+02     8.421734e+02
  3.1960e+02     8.454761e+02
  3.1980e+02     8.488206e+02
  3.2000e+02     8.522070e+02
  3.2020e+02     8.556357e+02
  3.2040e+02     8.591067e+02
  3.2060e+02     8.626204e+02
  3.2080e+02     8.661768e+02
  3.2100e+02     8.697763e+02
  3.2120e+02     8.734189e+02
  3.2140e+02     8.771050e+02
  3.2160e+02     8.808347e+02
  3.2180e+02     8.846082e+02
  3.2200e+02     8.884257e+02
  3.2220e+02     8.922876e+02
  3.2240e+02     8.961939e+02
  3.2260e+02     9.001449e+02
  3.2280e+02     9.041408e+02
  3.2300e+02     9.081818e+02
  3.2320e+02     9.122681e+02
  3.2340e+02     9.164000e+02
  3.2360e+02     9.205777e+02
  3.2380e+02     9.248014e+02
  3.2400e+02     9.290712e+02
  3.2420e+02     9.333875e+02
  3.2440e+02     9.377505e+02
  3.2460e+02     9.421603e+02
  3.2480e+02     9.466172e+02
  3.2500e+02     9.511214e+02
  3.2520e+02     9.556731e+02
  3.2540e+02     9.602726e+02
  3.2560e+02     9.649200e+02
  3.2580e+02     9.696156e+02
  3.2600e+02     9.743596e+02
  3.2620e+02     9.791522e+02
  3.2640e+02     9.839937e+02
  3.2660e+02     9.888842e+02
  3.2680e+02     9.938239e+02
  3.2700e+02     9.988132e+02
  3.2720e+02     1.003852e+03
  3.2740e+02     1.008941e+03
  3.2760e+02     1.014079e+03
  3.2780e+02     1.019269e+03
  3.2800e+02     1.024509e+03
  3.2820e+02     1.029799e+03
  3.2840e+02     1.035141e+03
  3.2860e+02     1.040533e+03
  3.2880e+02     1.045977e+03
  3.2900e+02     1.051473e+03
  3.2920e+02     1.057020e+03
  3.2940e+02     1.062619e+03
  3.2960e+02     1.068270e+03
  3.2980e+02     1.073974e+03
  3.3000e+02     1.079730e+03
  3.3020e+02     1.085539e+03
  3.3040e+02     1.091400e+03
  3.3060e+02     1.097315e+03
  3.3080e+02     1.103283e+03
  3.3100e+02     1.109304e+03
  3.3120e+02     1.115378e+03
  3.3140e+02     1.121507e+03
  3.3160e+02     1.127689e+03
  3.3180e+02     1.133925e+03
  3.3200e+02     1.140216e+03
  3.3220e+02     1.146560e+03
  3.3240e+02     1.152959e+03
  3.3260e+02     1.159413e+03
  3.3280e+02     1.165921e+03
  3.3300e+02     1.172485e+03
  3.3320e+02     1.179103e+03
  3.3340e+02     1.185776e+03
  3.3360e+02     1.192504e+03
  3.3380e+02     1.199288e+03
  3.3400e+02     1.206126e+03
  3.3420e+02     1.213021e+03
  3.3440e+02     1.219970e+03
  3.3460e+02     1.226976e+03
  3.3480e+02     1.234037e+03
  3.3500e+02     1.241153e+03
  3.3520e+02     1.248326e+03
  3.3540e+02     1.255554e+03
  3.3560e+02     1.262838e+03
  3.3580e+02     1.270178e+03
  3.3600e+02     1.277573e+03
  3.3620e+02     1.285025e+03
  3.3640e+02     1.292532e+03
  3.3660e+02     1.300095e+03
  3.3680e+02     1.307714e+03
  3.3700e+02     1.315389e+03
  3.3720e+02     1.323120e+03
  3.3740e+02     1.330906e+03
  3.3760e+02     1.338748e+03
  3.3780e+02     1.346646e+03
  3.3800e+02     1.354599e+03
  3.3820e+02     1.362607e+03
  3.3840e+02     1.370671e+03
  3.3860e+02     1.378790e+03
  3.3880e+02     1.386964e+03
  3.3900e+02     1.395193e+03
  3.3920e+02     1.403476e+03
  3.3940e+02     1.411814e+03
  3.3960e+02     1.420207e+03
  3.3980e+02     1.428654e+03
  3.4000e+02     1.437154e+03
  3.4020e+02     1.445709e+03
  3.4040e+02     1.454317e+03
  3.4060e+02     1.462978e+03
  3.4080e+02     1.471692e+03
  3.4100e+02     1.480459e+03
  3.4120e+02     1.489279e+03
  3.4140e+02     1.498150e+03
  3.4160e+02     1.507073e+03
  3.4180e+02     1.516048e+03
  3.4200e+02     1.525074e+03
  3.4220e+02     1.534150e+03
  3.4240e+02     1.543277e+03
  3.4260e+02     1.552453e+03
  3.4280e+02     1.561679e+03
  3.4300e+02     1.570954e+03
  3.4320e+02     1.580278e+03
  3.4340e+02     1.589649e+03
  3.4360e+02     1.599068e+03
  3.4380e+02     1.608534e+03
  3.4400e+02     1.618046e+03
  3.4420e+02     1.627604e+03
  3.4440e+02     1.637208e+03
  3.4460e+02     1.646856e+03
  3.4480e+02     1.656548e+03
  3.4500e+02     1.666284e+03
  3.4520e+02     1.676062e+03
  3.4540e+02     1.685882e+03
  3.4560e+02     1.695744e+03
  3.4580e+02     1.705646e+03
  3.4600e+02     1.715588e+03
  3.4620e+02     1.725569e+03
  3.4640e+02     1.735588e+03
  3.4660e+02     1.745644e+03
  3.4680e+02     1.755737e+03
  3.4700e+02     1.765866e+03
  3.4720e+02     1.776030e+03
  3.4740e+02     1.786227e+03
  3.4760e+02     1.796457e+03
  3.4780e+02     1.806719e+03
  3.4800e+02     1.817012e+03
  3.4820e+02     1.827335e+03
  3.4840e+02     1.837687e+03
  3.4860e+02     1.848066e+03
  3.4880e+02     1.858472e+03
  3.4900e+02     1.868904e+03
  3.4920e+02     1.879360e+03
  3.4940e+02     1.889840e+03
  3.4960e+02     1.900341e+03
  3.4980e+02     1.910863e+03
  3.5000e+02     1.921405e+03
  3.5020e+02     1.931965e+03
  3.5040e+02     1.942543e+03
  3.5060e+02     1.953135e+03
  3.5080e+02     1.963742e+03
  3.5100e+02     1.974362e+03
  3.5120e+02     1.984994e+03
  3.5140e+02     1.995636e+03
  3.5160e+02     2.006286e+03
  3.5180e+02     2.016943e+03
  3.5200e+02     2.027606e+03
  3.5220e+02     2.038273e+03
  3.5240e+02     2.048943e+03
  3.5260e+02     2.059614e+03
  3.5280e+02     2.070284e+03
  3.5300e+02     2.080951e+03
  3.5320e+02     2.091615e+03
  3.5340e+02     2.102273e+03
  3.5360e+02     2.112923e+03
  3.5380e+02     2.123565e+03
  3.5400e+02     2.134196e+03
  3.5420e+02     2.144813e+03
  3.5440e+02     2.155417e+03
  3.5460e+02     2.166004e+03
  3.5480e+02     2.176573e+03
  3.5500e+02     2.187122e+03
  3.5520e+02     2.197649e+03
  3.5540e+02     2.208152e+03
  3.5560e+02     2.218629e+03
  3.5580e+02     2.229079e+03
  3.5600e+02     2.239498e+03
  3.5620e+02     2.249886e+03
  3.5640e+02     2.260240e+03
  3.5660e+02     2.270558e+03
  3.5680e+02     2.280838e+03
  3.5700e+02     2.291078e+03
  3.5720e+02     2.301276e+03
  3.5740e+02     2.311429e+03
  3.5760e+02     2.321536e+03
  3.5780e+02     2.331595e+03
  3.5800e+02     2.341603e+03
  3.5820e+02     2.351558e+03
  3.5840e+02     2.361457e+03
  3.5860e+02     2.371300e+03
  3.5880e+02     2.381083e+03
  3.5900e+02     2.390803e+03
  3.5920e+02     2.400460e+03
  3.5940e+02     2.410051e+03
  3.5960e+02     2.419573e+03
  3.5980e+02     2.429024e+03
