# Epidemic | 7 days incidence [ x-unit: days | y-unit: per 100000 ]
  0.0000e+00     3.618006e+02
  2.0000e-01     3.596379e+02
  4.0000e-01     3.575180e+02
  6.0000e-01     3.554402e+02
  8.0000e-01     3.534039e+02
  1.0000e+00     3.514084e+02
  1.2000e+00     3.494532e+02
  1.4000e+00     3.475376e+02
  1.6000e+00     3.456612e+02
  1.8000e+00     3.438232e+02
  2.0000e+00     3.420232e+02
  2.2000e+00     3.402606e+02
  2.4000e+00     3.385349e+02
  2.6000e+00     3.368456e+02
  2.8000e+00     3.351922e+02
  3.0000e+00     3.335742e+02
  3.2000e+00     3.319911e+02
  3.4000e+00     3.304424e+02
  3.6000e+00     3.289277e+02
  3.8000e+00     3.274466e+02
  4.0000e+00     3.259985e+02
  4.2000e+00     3.245831e+02
  4.4000e+00     3.231999e+02
  4.6000e+00     3.218486e+02
  4.8000e+00     3.205287e+02
  5.0000e+00     3.192398e+02
  5.2000e+00     3.179817e+02
  5.4000e+00     3.167538e+02
  5.6000e+00     3.155559e+02
  5.8000e+00     3.143875e+02
  6.0000e+00     3.132484e+02
  6.2000e+00     3.121381e+02
  6.4000e+00     3.110565e+02
  6.6000e+00     3.100031e+02
  6.8000e+00     3.089776e+02
  7.0000e+00     3.079797e+02
  7.2000e+00     3.073025e+02
  7.4000e+00     3.066701e+02
  7.6000e+00     3.060493e+02
  7.8000e+00     3.054401e+02
  8.0000e+00     3.048424e+02
  8.2000e+00     3.042563e+02
  8.4000e+00     3.036818e+02
  8.6000e+00     3.031188e+02
  8.8000e+00     3.025673e+02
  9.0000e+00     3.020273e+02
  9.2000e+00     3.014989e+02
  9.4000e+00     3.009820e+02
  9.6000e+00     3.004766e+02
  9.8000e+00     2.999826e+02
  1.0000e+01     2.995002e+02
  1.0200e+01     2.990292e+02
  1.0400e+01     2.985696e+02
  1.0600e+01     2.981214e+02
  1.0800e+01     2.976847e+02
  1.1000e+01     2.972593e+02
  1.1200e+01     2.968453e+02
  1.1400e+01     2.964427e+02
  1.1600e+01     2.960513e+02
  1.1800e+01     2.956713e+02
  1.2000e+01     2.953026e+02
  1.2200e+01     2.949451e+02
  1.2400e+01     2.945989e+02
  1.2600e+01     2.942639e+02
  1.2800e+01     2.939401e+02
  1.3000e+01     2.936274e+02
  1.3200e+01     2.933260e+02
  1.3400e+01     2.930356e+02
  1.3600e+01     2.927564e+02
  1.3800e+01     2.924882e+02
  1.4000e+01     2.922311e+02
  1.4200e+01     2.919850e+02
  1.4400e+01     2.917499e+02
  1.4600e+01     2.915259e+02
  1.4800e+01     2.913127e+02
  1.5000e+01     2.911106e+02
  1.5200e+01     2.909193e+02
  1.5400e+01     2.907389e+02
  1.5600e+01     2.905694e+02
  1.5800e+01     2.904107e+02
  1.6000e+01     2.902628e+02
  1.6200e+01     2.901257e+02
  1.6400e+01     2.899994e+02
  1.6600e+01     2.898838e+02
  1.6800e+01     2.897789e+02
  1.7000e+01     2.896848e+02
  1.7200e+01     2.896013e+02
  1.7400e+01     2.895284e+02
  1.7600e+01     2.894662e+02
  1.7800e+01     2.894145e+02
  1.8000e+01     2.893734e+02
  1.8200e+01     2.893429e+02
  1.8400e+01     2.893229e+02
  1.8600e+01     2.893134e+02
  1.8800e+01     2.893144e+02
  1.9000e+01     2.893258e+02
  1.9200e+01     2.893477e+02
  1.9400e+01     2.893800e+02
  1.9600e+01     2.894226e+02
  1.9800e+01     2.894757e+02
  2.0000e+01     2.895390e+02
  2.0200e+01     2.896127e+02
  2.0400e+01     2.896967e+02
  2.0600e+01     2.897910e+02
  2.0800e+01     2.898955e+02
  2.1000e+01     2.900103e+02
  2.1200e+01     2.902105e+02
  2.1400e+01     2.904388e+02
  2.1600e+01     2.906874e+02
  2.1800e+01     2.909563e+02
  2.2000e+01     2.912454e+02
  2.2200e+01     2.915548e+02
  2.2400e+01     2.918844e+02
  2.2600e+01     2.922343e+02
  2.2800e+01     2.926045e+02
  2.3000e+01     2.929950e+02
  2.3200e+01     2.934058e+02
  2.3400e+01     2.938370e+02
  2.3600e+01     2.942886e+02
  2.3800e+01     2.947606e+02
  2.4000e+01     2.952530e+02
  2.4200e+01     2.957660e+02
  2.4400e+01     2.962995e+02
  2.4600e+01     2.968536e+02
  2.4800e+01     2.974283e+02
  2.5000e+01     2.980237e+02
  2.5200e+01     2.986399e+02
  2.5400e+01     2.992769e+02
  2.5600e+01     2.999348e+02
  2.5800e+01     3.006137e+02
  2.6000e+01     3.013136e+02
  2.6200e+01     3.020346e+02
  2.6400e+01     3.027768e+02
  2.6600e+01     3.035404e+02
  2.6800e+01     3.043253e+02
  2.7000e+01     3.051316e+02
  2.7200e+01     3.059596e+02
  2.7400e+01     3.068092e+02
  2.7600e+01     3.076806e+02
  2.7800e+01     3.085739e+02
  2.8000e+01     3.094891e+02
  2.8200e+01     3.104265e+02
  2.8400e+01     3.113862e+02
  2.8600e+01     3.123682e+02
  2.8800e+01     3.133727e+02
  2.9000e+01     3.143998e+02
  2.9200e+01     3.154497e+02
  2.9400e+01     3.165225e+02
  2.9600e+01     3.176184e+02
  2.9800e+01     3.187374e+02
  3.0000e+01     3.198798e+02
  3.0200e+01     3.210457e+02
  3.0400e+01     3.222353e+02
  3.0600e+01     3.234487e+02
  3.0800e+01     3.246861e+02
  3.1000e+01     3.259476e+02
  3.1200e+01     3.272335e+02
  3.1400e+01     3.285440e+02
  3.1600e+01     3.298792e+02
  3.1800e+01     3.312392e+02
  3.2000e+01     3.326244e+02
  3.2200e+01     3.340349e+02
  3.2400e+01     3.354708e+02
  3.2600e+01     3.369325e+02
  3.2800e+01     3.384201e+02
  3.3000e+01     3.399338e+02
  3.3200e+01     3.414739e+02
  3.3400e+01     3.430405e+02
  3.3600e+01     3.446340e+02
  3.3800e+01     3.462544e+02
  3.4000e+01     3.479022e+02
  3.4200e+01     3.495774e+02
  3.4400e+01     3.512805e+02
  3.4600e+01     3.530115e+02
  3.4800e+01     3.547708e+02
  3.5000e+01     3.565587e+02
  3.5200e+01     3.583753e+02
  3.5400e+01     3.602210e+02
  3.5600e+01     3.620960e+02
  3.5800e+01     3.640007e+02
  3.6000e+01     3.659352e+02
  3.6200e+01     3.678999e+02
  3.6400e+01     3.698952e+02
  3.6600e+01     3.719212e+02
  3.6800e+01     3.739783e+02
  3.7000e+01     3.760668e+02
  3.7200e+01     3.781870e+02
  3.7400e+01     3.803393e+02
  3.7600e+01     3.825239e+02
  3.7800e+01     3.847412e+02
  3.8000e+01     3.869915e+02
  3.8200e+01     3.892752e+02
  3.8400e+01     3.915926e+02
  3.8600e+01     3.939441e+02
  3.8800e+01     3.963300e+02
  3.9000e+01     3.987507e+02
  3.9200e+01     4.012066e+02
  3.9400e+01     4.036979e+02
  3.9600e+01     4.062252e+02
  3.9800e+01     4.087888e+02
  4.0000e+01     4.113891e+02
  4.0200e+01     4.140264e+02
  4.0400e+01     4.167012e+02
  4.0600e+01     4.194140e+02
  4.0800e+01     4.221650e+02
  4.1000e+01     4.249548e+02
  4.1200e+01     4.277838e+02
  4.1400e+01     4.306523e+02
  4.1600e+01     4.335609e+02
  4.1800e+01     4.365099e+02
  4.2000e+01     4.394999e+02
  4.2200e+01     4.425313e+02
  4.2400e+01     4.456045e+02
  4.2600e+01     4.487201e+02
  4.2800e+01     4.518785e+02
  4.3000e+01     4.550802e+02
  4.3200e+01     4.583256e+02
  4.3400e+01     4.616154e+02
  4.3600e+01     4.649499e+02
  4.3800e+01     4.683297e+02
  4.4000e+01     4.717553e+02
  4.4200e+01     4.752273e+02
  4.4400e+01     4.787462e+02
  4.4600e+01     4.823124e+02
  4.4800e+01     4.859267e+02
  4.5000e+01     4.895894e+02
  4.5200e+01     4.933012e+02
  4.5400e+01     4.970627e+02
  4.5600e+01     5.008744e+02
  4.5800e+01     5.047368e+02
  4.6000e+01     5.086507e+02
  4.6200e+01     5.126165e+02
  4.6400e+01     5.166349e+02
  4.6600e+01     5.207065e+02
  4.6800e+01     5.248320e+02
  4.7000e+01     5.290119e+02
  4.7200e+01     5.332468e+02
  4.7400e+01     5.375375e+02
  4.7600e+01     5.418845e+02
  4.7800e+01     5.462886e+02
  4.8000e+01     5.507504e+02
  4.8200e+01     5.552705e+02
  4.8400e+01     5.598496e+02
  4.8600e+01     5.644885e+02
  4.8800e+01     5.691878e+02
  4.9000e+01     5.739483e+02
  4.9200e+01     5.787705e+02
  4.9400e+01     5.836554e+02
  4.9600e+01     5.886035e+02
  4.9800e+01     5.936156e+02
  5.0000e+01     5.986925e+02
  5.0200e+01     6.038349e+02
  5.0400e+01     6.090436e+02
  5.0600e+01     6.143193e+02
  5.0800e+01     6.196628e+02
  5.1000e+01     6.250749e+02
  5.1200e+01     6.305564e+02
  5.1400e+01     6.361081e+02
  5.1600e+01     6.417307e+02
  5.1800e+01     6.474252e+02
  5.2000e+01     6.531922e+02
  5.2200e+01     6.590327e+02
  5.2400e+01     6.649475e+02
  5.2600e+01     6.709375e+02
  5.2800e+01     6.770034e+02
  5.3000e+01     6.831461e+02
  5.3200e+01     6.893665e+02
  5.3400e+01     6.956656e+02
  5.3600e+01     7.020441e+02
  5.3800e+01     7.085029e+02
  5.4000e+01     7.150430e+02
  5.4200e+01     7.216653e+02
  5.4400e+01     7.283706e+02
  5.4600e+01     7.351599e+02
  5.4800e+01     7.420341e+02
  5.5000e+01     7.489942e+02
  5.5200e+01     7.560410e+02
  5.5400e+01     7.631756e+02
  5.5600e+01     7.703988e+02
  5.5800e+01     7.777117e+02
  5.6000e+01     7.851152e+02
  5.6200e+01     7.926102e+02
  5.6400e+01     8.001978e+02
  5.6600e+01     8.078790e+02
  5.6800e+01     8.156546e+02
  5.7000e+01     8.235258e+02
  5.7200e+01     8.314935e+02
  5.7400e+01     8.395587e+02
  5.7600e+01     8.477224e+02
  5.7800e+01     8.559857e+02
  5.8000e+01     8.643495e+02
  5.8200e+01     8.728149e+02
  5.8400e+01     8.813829e+02
  5.8600e+01     8.900545e+02
  5.8800e+01     8.988308e+02
  5.9000e+01     9.077127e+02
  5.9200e+01     9.167014e+02
  5.9400e+01     9.257979e+02
  5.9600e+01     9.350032e+02
  5.9800e+01     9.443184e+02
  6.0000e+01     9.537444e+02
  6.0200e+01     9.632824e+02
  6.0400e+01     9.729334e+02
  6.0600e+01     9.826984e+02
  6.0800e+01     9.925785e+02
  6.1000e+01     1.002574e+03
  6.1200e+01     1.012688e+03
  6.1400e+01     1.022919e+03
  6.1600e+01     1.033270e+03
  6.1800e+01     1.043741e+03
  6.2000e+01     1.054334e+03
  6.2200e+01     1.065049e+03
  6.2400e+01     1.075887e+03
  6.2600e+01     1.086849e+03
  6.2800e+01     1.097937e+03
  6.3000e+01     1.109152e+03
  6.3200e+01     1.120493e+03
  6.3400e+01     1.131964e+03
  6.3600e+01     1.143563e+03
  6.3800e+01     1.155293e+03
  6.4000e+01     1.167154e+03
  6.4200e+01     1.179148e+03
  6.4400e+01     1.191275e+03
  6.4600e+01     1.203536e+03
  6.4800e+01     1.215932e+03
  6.5000e+01     1.228464e+03
  6.5200e+01     1.241133e+03
  6.5400e+01     1.253940e+03
  6.5600e+01     1.266885e+03
  6.5800e+01     1.279970e+03
  6.6000e+01     1.293195e+03
  6.6200e+01     1.306561e+03
  6.6400e+01     1.320069e+03
  6.6600e+01     1.333720e+03
  6.6800e+01     1.347514e+03
  6.7000e+01     1.361452e+03
  6.7200e+01     1.375535e+03
  6.7400e+01     1.389763e+03
  6.7600e+01     1.404138e+03
  6.7800e+01     1.418659e+03
  6.8000e+01     1.433328e+03
  6.8200e+01     1.448144e+03
  6.8400e+01     1.463109e+03
  6.8600e+01     1.478223e+03
  6.8800e+01     1.493486e+03
  6.9000e+01     1.508899e+03
  6.9200e+01     1.524461e+03
  6.9400e+01     1.540175e+03
  6.9600e+01     1.556039e+03
  6.9800e+01     1.572054e+03
  7.0000e+01     1.588220e+03
  7.0200e+01     1.604538e+03
  7.0400e+01     1.621007e+03
  7.0600e+01     1.637628e+03
  7.0800e+01     1.654400e+03
  7.1000e+01     1.671324e+03
  7.1200e+01     1.688400e+03
  7.1400e+01     1.705627e+03
  7.1600e+01     1.723005e+03
  7.1800e+01     1.740534e+03
  7.2000e+01     1.758214e+03
  7.2200e+01     1.776044e+03
  7.2400e+01     1.794024e+03
  7.2600e+01     1.812153e+03
  7.2800e+01     1.830432e+03
  7.3000e+01     1.848858e+03
  7.3200e+01     1.867432e+03
  7.3400e+01     1.886153e+03
  7.3600e+01     1.905019e+03
  7.3800e+01     1.924030e+03
  7.4000e+01     1.943186e+03
  7.4200e+01     1.962484e+03
  7.4400e+01     1.981924e+03
  7.4600e+01     2.001505e+03
  7.4800e+01     2.021224e+03
  7.5000e+01     2.041081e+03
  7.5200e+01     2.061075e+03
  7.5400e+01     2.081203e+03
  7.5600e+01     2.101464e+03
  7.5800e+01     2.121856e+03
  7.6000e+01     2.142378e+03
  7.6200e+01     2.163027e+03
  7.6400e+01     2.183800e+03
  7.6600e+01     2.204697e+03
  7.6800e+01     2.225715e+03
  7.7000e+01     2.246851e+03
  7.7200e+01     2.268102e+03
  7.7400e+01     2.289467e+03
  7.7600e+01     2.310943e+03
  7.7800e+01     2.332525e+03
  7.8000e+01     2.354213e+03
  7.8200e+01     2.376002e+03
  7.8400e+01     2.397890e+03
  7.8600e+01     2.419872e+03
  7.8800e+01     2.441946e+03
  7.9000e+01     2.464109e+03
  7.9200e+01     2.486355e+03
  7.9400e+01     2.508683e+03
  7.9600e+01     2.531086e+03
  7.9800e+01     2.553563e+03
  8.0000e+01     2.576108e+03
  8.0200e+01     2.598717e+03
  8.0400e+01     2.621386e+03
  8.0600e+01     2.644109e+03
  8.0800e+01     2.666883e+03
  8.1000e+01     2.689703e+03
  8.1200e+01     2.712563e+03
  8.1400e+01     2.735459e+03
  8.1600e+01     2.758384e+03
  8.1800e+01     2.781335e+03
  8.2000e+01     2.804305e+03
  8.2200e+01     2.827288e+03
  8.2400e+01     2.850279e+03
  8.2600e+01     2.873273e+03
  8.2800e+01     2.896262e+03
  8.3000e+01     2.919241e+03
  8.3200e+01     2.942203e+03
  8.3400e+01     2.965143e+03
  8.3600e+01     2.988053e+03
  8.3800e+01     3.010926e+03
  8.4000e+01     3.033757e+03
  8.4200e+01     3.056538e+03
  8.4400e+01     3.079261e+03
  8.4600e+01     3.101921e+03
  8.4800e+01     3.124508e+03
  8.5000e+01     3.147017e+03
  8.5200e+01     3.169440e+03
  8.5400e+01     3.191768e+03
  8.5600e+01     3.213994e+03
  8.5800e+01     3.236111e+03
  8.6000e+01     3.258110e+03
  8.6200e+01     3.279983e+03
  8.6400e+01     3.301723e+03
  8.6600e+01     3.323320e+03
  8.6800e+01     3.344767e+03
  8.7000e+01     3.366056e+03
  8.7200e+01     3.387177e+03
  8.7400e+01     3.408123e+03
  8.7600e+01     3.428884e+03
  8.7800e+01     3.449452e+03
  8.8000e+01     3.469818e+03
  8.8200e+01     3.489974e+03
  8.8400e+01     3.509911e+03
  8.8600e+01     3.529620e+03
  8.8800e+01     3.549091e+03
  8.9000e+01     3.568317e+03
  8.9200e+01     3.587288e+03
  8.9400e+01     3.605995e+03
  8.9600e+01     3.624430e+03
  8.9800e+01     3.642583e+03
  9.0000e+01     3.660446e+03
  9.0200e+01     3.678009e+03
  9.0400e+01     3.695264e+03
  9.0600e+01     3.712203e+03
  9.0800e+01     3.728815e+03
  9.1000e+01     3.745093e+03
  9.1200e+01     3.761028e+03
  9.1400e+01     3.776611e+03
  9.1600e+01     3.791834e+03
  9.1800e+01     3.806688e+03
  9.2000e+01     3.821165e+03
  9.2200e+01     3.835257e+03
  9.2400e+01     3.848955e+03
  9.2600e+01     3.862252e+03
  9.2800e+01     3.875139e+03
  9.3000e+01     3.887610e+03
  9.3200e+01     3.899656e+03
  9.3400e+01     3.911269e+03
  9.3600e+01     3.922444e+03
  9.3800e+01     3.933172e+03
  9.4000e+01     3.943447e+03
  9.4200e+01     3.953261e+03
  9.4400e+01     3.962609e+03
  9.4600e+01     3.971485e+03
  9.4800e+01     3.979881e+03
  9.5000e+01     3.987792e+03
  9.5200e+01     3.995213e+03
  9.5400e+01     4.002138e+03
  9.5600e+01     4.008561e+03
  9.5800e+01     4.014479e+03
  9.6000e+01     4.019886e+03
  9.6200e+01     4.024779e+03
  9.6400e+01     4.029152e+03
  9.6600e+01     4.033002e+03
  9.6800e+01     4.036326e+03
  9.7000e+01     4.039120e+03
  9.7200e+01     4.041382e+03
  9.7400e+01     4.043109e+03
  9.7600e+01     4.044298e+03
  9.7800e+01     4.044948e+03
  9.8000e+01     4.045056e+03
  9.8200e+01     4.044622e+03
  9.8400e+01     4.043645e+03
  9.8600e+01     4.042123e+03
  9.8800e+01     4.040057e+03
  9.9000e+01     4.037447e+03
  9.9200e+01     4.034292e+03
  9.9400e+01     4.030593e+03
  9.9600e+01     4.026352e+03
  9.9800e+01     4.021569e+03
  1.0000e+02     4.016247e+03
  1.0020e+02     4.010387e+03
  1.0040e+02     4.003992e+03
  1.0060e+02     3.997064e+03
  1.0080e+02     3.989606e+03
  1.0100e+02     3.981622e+03
  1.0120e+02     3.973115e+03
  1.0140e+02     3.964089e+03
  1.0160e+02     3.954549e+03
  1.0180e+02     3.944499e+03
  1.0200e+02     3.933944e+03
  1.0220e+02     3.922890e+03
  1.0240e+02     3.911341e+03
  1.0260e+02     3.899304e+03
  1.0280e+02     3.886785e+03
  1.0300e+02     3.873789e+03
  1.0320e+02     3.860325e+03
  1.0340e+02     3.846399e+03
  1.0360e+02     3.832017e+03
  1.0380e+02     3.817189e+03
  1.0400e+02     3.801920e+03
  1.0420e+02     3.786219e+03
  1.0440e+02     3.770095e+03
  1.0460e+02     3.753555e+03
  1.0480e+02     3.736609e+03
  1.0500e+02     3.719265e+03
  1.0520e+02     3.701532e+03
  1.0540e+02     3.683419e+03
  1.0560e+02     3.664935e+03
  1.0580e+02     3.646091e+03
  1.0600e+02     3.626895e+03
  1.0620e+02     3.607357e+03
  1.0640e+02     3.587488e+03
  1.0660e+02     3.567298e+03
  1.0680e+02     3.546795e+03
  1.0700e+02     3.525991e+03
  1.0720e+02     3.504897e+03
  1.0740e+02     3.483521e+03
  1.0760e+02     3.461875e+03
  1.0780e+02     3.439970e+03
  1.0800e+02     3.417815e+03
  1.0820e+02     3.395421e+03
  1.0840e+02     3.372799e+03
  1.0860e+02     3.349959e+03
  1.0880e+02     3.326912e+03
  1.0900e+02     3.303669e+03
  1.0920e+02     3.280240e+03
  1.0940e+02     3.256635e+03
  1.0960e+02     3.232865e+03
  1.0980e+02     3.208941e+03
  1.1000e+02     3.184872e+03
  1.1020e+02     3.160669e+03
  1.1040e+02     3.136342e+03
  1.1060e+02     3.111902e+03
  1.1080e+02     3.087357e+03
  1.1100e+02     3.062719e+03
  1.1120e+02     3.037997e+03
  1.1140e+02     3.013201e+03
  1.1160e+02     2.988340e+03
  1.1180e+02     2.963423e+03
  1.1200e+02     2.938461e+03
  1.1220e+02     2.913461e+03
  1.1240e+02     2.888434e+03
  1.1260e+02     2.863388e+03
  1.1280e+02     2.838331e+03
  1.1300e+02     2.813273e+03
  1.1320e+02     2.788221e+03
  1.1340e+02     2.763184e+03
  1.1360e+02     2.738170e+03
  1.1380e+02     2.713186e+03
  1.1400e+02     2.688241e+03
  1.1420e+02     2.663341e+03
  1.1440e+02     2.638495e+03
  1.1460e+02     2.613709e+03
  1.1480e+02     2.588990e+03
  1.1500e+02     2.564345e+03
  1.1520e+02     2.539780e+03
  1.1540e+02     2.515302e+03
  1.1560e+02     2.490917e+03
  1.1580e+02     2.466631e+03
  1.1600e+02     2.442449e+03
  1.1620e+02     2.418377e+03
  1.1640e+02     2.394421e+03
  1.1660e+02     2.370586e+03
  1.1680e+02     2.346877e+03
  1.1700e+02     2.323298e+03
  1.1720e+02     2.299854e+03
  1.1740e+02     2.276549e+03
  1.1760e+02     2.253389e+03
  1.1780e+02     2.230376e+03
  1.1800e+02     2.207515e+03
  1.1820e+02     2.184809e+03
  1.1840e+02     2.162262e+03
  1.1860e+02     2.139877e+03
  1.1880e+02     2.117658e+03
  1.1900e+02     2.095606e+03
  1.1920e+02     2.073726e+03
  1.1940e+02     2.052020e+03
  1.1960e+02     2.030490e+03
  1.1980e+02     2.009139e+03
  1.2000e+02     1.987968e+03
  1.2020e+02     1.966980e+03
  1.2040e+02     1.946177e+03
  1.2060e+02     1.925560e+03
  1.2080e+02     1.905131e+03
  1.2100e+02     1.884891e+03
  1.2120e+02     1.864842e+03
  1.2140e+02     1.844985e+03
  1.2160e+02     1.825321e+03
  1.2180e+02     1.805850e+03
  1.2200e+02     1.786574e+03
  1.2220e+02     1.767494e+03
  1.2240e+02     1.748609e+03
  1.2260e+02     1.729921e+03
  1.2280e+02     1.711429e+03
  1.2300e+02     1.693134e+03
  1.2320e+02     1.675036e+03
  1.2340e+02     1.657135e+03
  1.2360e+02     1.639431e+03
  1.2380e+02     1.621924e+03
  1.2400e+02     1.604613e+03
  1.2420e+02     1.587499e+03
  1.2440e+02     1.570580e+03
  1.2460e+02     1.553857e+03
  1.2480e+02     1.537329e+03
  1.2500e+02     1.520995e+03
  1.2520e+02     1.504855e+03
  1.2540e+02     1.488907e+03
  1.2560e+02     1.473152e+03
  1.2580e+02     1.457587e+03
  1.2600e+02     1.442213e+03
  1.2620e+02     1.427027e+03
  1.2640e+02     1.412030e+03
  1.2660e+02     1.397220e+03
  1.2680e+02     1.382596e+03
  1.2700e+02     1.368157e+03
  1.2720e+02     1.353901e+03
  1.2740e+02     1.339827e+03
  1.2760e+02     1.325934e+03
  1.2780e+02     1.312221e+03
  1.2800e+02     1.298686e+03
  1.2820e+02     1.285329e+03
  1.2840e+02     1.272146e+03
  1.2860e+02     1.259138e+03
  1.2880e+02     1.246302e+03
  1.2900e+02     1.233637e+03
  1.2920e+02     1.221142e+03
  1.2940e+02     1.208815e+03
  1.2960e+02     1.196654e+03
  1.2980e+02     1.184659e+03
  1.3000e+02     1.172827e+03
  1.3020e+02     1.161156e+03
  1.3040e+02     1.149646e+03
  1.3060e+02     1.138294e+03
  1.3080e+02     1.127100e+03
  1.3100e+02     1.116060e+03
  1.3120e+02     1.105175e+03
  1.3140e+02     1.094441e+03
  1.3160e+02     1.083859e+03
  1.3180e+02     1.073425e+03
  1.3200e+02     1.063138e+03
  1.3220e+02     1.052997e+03
  1.3240e+02     1.043000e+03
  1.3260e+02     1.033145e+03
  1.3280e+02     1.023431e+03
  1.3300e+02     1.013856e+03
  1.3320e+02     1.004419e+03
  1.3340e+02     9.951179e+02
  1.3360e+02     9.859509e+02
  1.3380e+02     9.769165e+02
  1.3400e+02     9.680133e+02
  1.3420e+02     9.592397e+02
  1.3440e+02     9.505941e+02
  1.3460e+02     9.420749e+02
  1.3480e+02     9.336806e+02
  1.3500e+02     9.254096e+02
  1.3520e+02     9.172605e+02
  1.3540e+02     9.092317e+02
  1.3560e+02     9.013216e+02
  1.3580e+02     8.935289e+02
  1.3600e+02     8.858520e+02
  1.3620e+02     8.782895e+02
  1.3640e+02     8.708399e+02
  1.3660e+02     8.635017e+02
  1.3680e+02     8.562736e+02
  1.3700e+02     8.491541e+02
  1.3720e+02     8.421419e+02
  1.3740e+02     8.352355e+02
  1.3760e+02     8.284335e+02
  1.3780e+02     8.217347e+02
  1.3800e+02     8.151377e+02
  1.3820e+02     8.086411e+02
  1.3840e+02     8.022436e+02
  1.3860e+02     7.959440e+02
  1.3880e+02     7.897409e+02
  1.3900e+02     7.836331e+02
  1.3920e+02     7.776194e+02
  1.3940e+02     7.716984e+02
  1.3960e+02     7.658691e+02
  1.3980e+02     7.601301e+02
  1.4000e+02     7.544803e+02
  1.4020e+02     7.489185e+02
  1.4040e+02     7.434436e+02
  1.4060e+02     7.380544e+02
  1.4080e+02     7.327497e+02
  1.4100e+02     7.275286e+02
  1.4120e+02     7.223897e+02
  1.4140e+02     7.173322e+02
  1.4160e+02     7.123549e+02
  1.4180e+02     7.074568e+02
  1.4200e+02     7.026367e+02
  1.4220e+02     6.978938e+02
  1.4240e+02     6.932270e+02
  1.4260e+02     6.886352e+02
  1.4280e+02     6.841176e+02
  1.4300e+02     6.796731e+02
  1.4320e+02     6.753009e+02
  1.4340e+02     6.709999e+02
  1.4360e+02     6.667692e+02
  1.4380e+02     6.626080e+02
  1.4400e+02     6.585153e+02
  1.4420e+02     6.544903e+02
  1.4440e+02     6.505320e+02
  1.4460e+02     6.466397e+02
  1.4480e+02     6.428125e+02
  1.4500e+02     6.390496e+02
  1.4520e+02     6.353501e+02
  1.4540e+02     6.317133e+02
  1.4560e+02     6.281384e+02
  1.4580e+02     6.246245e+02
  1.4600e+02     6.211710e+02
  1.4620e+02     6.177771e+02
  1.4640e+02     6.144421e+02
  1.4660e+02     6.111652e+02
  1.4680e+02     6.079456e+02
  1.4700e+02     6.047828e+02
  1.4720e+02     6.016761e+02
  1.4740e+02     5.986247e+02
  1.4760e+02     5.956279e+02
  1.4780e+02     5.926853e+02
  1.4800e+02     5.897960e+02
  1.4820e+02     5.869594e+02
  1.4840e+02     5.841750e+02
  1.4860e+02     5.814422e+02
  1.4880e+02     5.787603e+02
  1.4900e+02     5.761287e+02
  1.4920e+02     5.735469e+02
  1.4940e+02     5.710143e+02
  1.4960e+02     5.685304e+02
  1.4980e+02     5.660946e+02
  1.5000e+02     5.637064e+02
  1.5020e+02     5.613652e+02
  1.5040e+02     5.590705e+02
  1.5060e+02     5.568219e+02
  1.5080e+02     5.546188e+02
  1.5100e+02     5.524608e+02
  1.5120e+02     5.503473e+02
  1.5140e+02     5.482779e+02
  1.5160e+02     5.462522e+02
  1.5180e+02     5.442697e+02
  1.5200e+02     5.423299e+02
  1.5220e+02     5.404325e+02
  1.5240e+02     5.385769e+02
  1.5260e+02     5.367628e+02
  1.5280e+02     5.349899e+02
  1.5300e+02     5.332576e+02
  1.5320e+02     5.315656e+02
  1.5340e+02     5.299135e+02
  1.5360e+02     5.283009e+02
  1.5380e+02     5.267275e+02
  1.5400e+02     5.251930e+02
  1.5420e+02     5.236969e+02
  1.5440e+02     5.222389e+02
  1.5460e+02     5.208187e+02
  1.5480e+02     5.194360e+02
  1.5500e+02     5.180904e+02
  1.5520e+02     5.167817e+02
  1.5540e+02     5.155095e+02
  1.5560e+02     5.142735e+02
  1.5580e+02     5.130734e+02
  1.5600e+02     5.119090e+02
  1.5620e+02     5.107800e+02
  1.5640e+02     5.096861e+02
  1.5660e+02     5.086271e+02
  1.5680e+02     5.076026e+02
  1.5700e+02     5.066125e+02
  1.5720e+02     5.056564e+02
  1.5740e+02     5.047342e+02
  1.5760e+02     5.038457e+02
  1.5780e+02     5.029905e+02
  1.5800e+02     5.021685e+02
  1.5820e+02     5.013795e+02
  1.5840e+02     5.006233e+02
  1.5860e+02     4.998996e+02
  1.5880e+02     4.992083e+02
  1.5900e+02     4.985491e+02
  1.5920e+02     4.979220e+02
  1.5940e+02     4.973267e+02
  1.5960e+02     4.967630e+02
  1.5980e+02     4.962308e+02
  1.6000e+02     4.957300e+02
  1.6020e+02     4.952602e+02
  1.6040e+02     4.948216e+02
  1.6060e+02     4.944137e+02
  1.6080e+02     4.940367e+02
  1.6100e+02     4.936902e+02
  1.6120e+02     4.933742e+02
  1.6140e+02     4.930885e+02
  1.6160e+02     4.928331e+02
  1.6180e+02     4.926078e+02
  1.6200e+02     4.924125e+02
  1.6220e+02     4.922471e+02
  1.6240e+02     4.921116e+02
  1.6260e+02     4.920057e+02
  1.6280e+02     4.919295e+02
  1.6300e+02     4.918829e+02
  1.6320e+02     4.918657e+02
  1.6340e+02     4.918779e+02
  1.6360e+02     4.919194e+02
  1.6380e+02     4.919902e+02
  1.6400e+02     4.920902e+02
  1.6420e+02     4.922194e+02
  1.6440e+02     4.923776e+02
  1.6460e+02     4.925649e+02
  1.6480e+02     4.927813e+02
  1.6500e+02     4.930266e+02
  1.6520e+02     4.933008e+02
  1.6540e+02     4.936040e+02
  1.6560e+02     4.939360e+02
  1.6580e+02     4.942970e+02
  1.6600e+02     4.946868e+02
  1.6620e+02     4.951054e+02
  1.6640e+02     4.955530e+02
  1.6660e+02     4.960293e+02
  1.6680e+02     4.965345e+02
  1.6700e+02     4.970686e+02
  1.6720e+02     4.976315e+02
  1.6740e+02     4.982233e+02
  1.6760e+02     4.988440e+02
  1.6780e+02     4.994936e+02
  1.6800e+02     5.001722e+02
  1.6820e+02     5.008798e+02
  1.6840e+02     5.016164e+02
  1.6860e+02     5.023821e+02
  1.6880e+02     5.031768e+02
  1.6900e+02     5.040008e+02
  1.6920e+02     5.048539e+02
  1.6940e+02     5.057363e+02
  1.6960e+02     5.066480e+02
  1.6980e+02     5.075892e+02
  1.7000e+02     5.085598e+02
  1.7020e+02     5.095599e+02
  1.7040e+02     5.105896e+02
  1.7060e+02     5.116490e+02
  1.7080e+02     5.127382e+02
  1.7100e+02     5.138573e+02
  1.7120e+02     5.150063e+02
  1.7140e+02     5.161854e+02
  1.7160e+02     5.173947e+02
  1.7180e+02     5.186342e+02
  1.7200e+02     5.199040e+02
  1.7220e+02     5.212044e+02
  1.7240e+02     5.225353e+02
  1.7260e+02     5.238970e+02
  1.7280e+02     5.252895e+02
  1.7300e+02     5.267130e+02
  1.7320e+02     5.281675e+02
  1.7340e+02     5.296534e+02
  1.7360e+02     5.311706e+02
  1.7380e+02     5.327193e+02
  1.7400e+02     5.342997e+02
  1.7420e+02     5.359119e+02
  1.7440e+02     5.375561e+02
  1.7460e+02     5.392324e+02
  1.7480e+02     5.409410e+02
  1.7500e+02     5.426821e+02
  1.7520e+02     5.444559e+02
  1.7540e+02     5.462624e+02
  1.7560e+02     5.481019e+02
  1.7580e+02     5.499746e+02
  1.7600e+02     5.518807e+02
  1.7620e+02     5.538203e+02
  1.7640e+02     5.557937e+02
  1.7660e+02     5.578010e+02
  1.7680e+02     5.598425e+02
  1.7700e+02     5.619183e+02
  1.7720e+02     5.640287e+02
  1.7740e+02     5.661738e+02
  1.7760e+02     5.683540e+02
  1.7780e+02     5.705693e+02
  1.7800e+02     5.728201e+02
  1.7820e+02     5.751066e+02
  1.7840e+02     5.774290e+02
  1.7860e+02     5.797875e+02
  1.7880e+02     5.821824e+02
  1.7900e+02     5.846140e+02
  1.7920e+02     5.870824e+02
  1.7940e+02     5.895879e+02
  1.7960e+02     5.921308e+02
  1.7980e+02     5.947114e+02
  1.8000e+02     5.973299e+02
  1.8020e+02     5.999866e+02
  1.8040e+02     6.026817e+02
  1.8060e+02     6.054155e+02
  1.8080e+02     6.081884e+02
  1.8100e+02     6.110005e+02
  1.8120e+02     6.138522e+02
  1.8140e+02     6.167438e+02
  1.8160e+02     6.196756e+02
  1.8180e+02     6.226478e+02
  1.8200e+02     6.256608e+02
  1.8220e+02     6.287149e+02
  1.8240e+02     6.318104e+02
  1.8260e+02     6.349475e+02
  1.8280e+02     6.381267e+02
  1.8300e+02     6.413483e+02
  1.8320e+02     6.446125e+02
  1.8340e+02     6.479197e+02
  1.8360e+02     6.512702e+02
  1.8380e+02     6.546644e+02
  1.8400e+02     6.581026e+02
  1.8420e+02     6.615852e+02
  1.8440e+02     6.651125e+02
  1.8460e+02     6.686848e+02
  1.8480e+02     6.723026e+02
  1.8500e+02     6.759661e+02
  1.8520e+02     6.796758e+02
  1.8540e+02     6.834320e+02
  1.8560e+02     6.872350e+02
  1.8580e+02     6.910853e+02
  1.8600e+02     6.949832e+02
  1.8620e+02     6.989292e+02
  1.8640e+02     7.029235e+02
  1.8660e+02     7.069666e+02
  1.8680e+02     7.110589e+02
  1.8700e+02     7.152007e+02
  1.8720e+02     7.193926e+02
  1.8740e+02     7.236347e+02
  1.8760e+02     7.279277e+02
  1.8780e+02     7.322718e+02
  1.8800e+02     7.366676e+02
  1.8820e+02     7.411153e+02
  1.8840e+02     7.456155e+02
  1.8860e+02     7.501685e+02
  1.8880e+02     7.547748e+02
  1.8900e+02     7.594347e+02
  1.8920e+02     7.641488e+02
  1.8940e+02     7.689175e+02
  1.8960e+02     7.737411e+02
  1.8980e+02     7.786202e+02
  1.9000e+02     7.835551e+02
  1.9020e+02     7.885464e+02
  1.9040e+02     7.935944e+02
  1.9060e+02     7.986996e+02
  1.9080e+02     8.038625e+02
  1.9100e+02     8.090835e+02
  1.9120e+02     8.143630e+02
  1.9140e+02     8.197016e+02
  1.9160e+02     8.250996e+02
  1.9180e+02     8.305576e+02
  1.9200e+02     8.360759e+02
  1.9220e+02     8.416551e+02
  1.9240e+02     8.472957e+02
  1.9260e+02     8.529980e+02
  1.9280e+02     8.587626e+02
  1.9300e+02     8.645900e+02
  1.9320e+02     8.704805e+02
  1.9340e+02     8.764347e+02
  1.9360e+02     8.824531e+02
  1.9380e+02     8.885360e+02
  1.9400e+02     8.946841e+02
  1.9420e+02     9.008977e+02
  1.9440e+02     9.071773e+02
  1.9460e+02     9.135235e+02
  1.9480e+02     9.199366e+02
  1.9500e+02     9.264173e+02
  1.9520e+02     9.329658e+02
  1.9540e+02     9.395827e+02
  1.9560e+02     9.462685e+02
  1.9580e+02     9.530237e+02
  1.9600e+02     9.598487e+02
  1.9620e+02     9.667439e+02
  1.9640e+02     9.737099e+02
  1.9660e+02     9.807472e+02
  1.9680e+02     9.878561e+02
  1.9700e+02     9.950372e+02
  1.9720e+02     1.002290e+03
  1.9740e+02     1.009617e+03
  1.9760e+02     1.017017e+03
  1.9780e+02     1.024492e+03
  1.9800e+02     1.032040e+03
  1.9820e+02     1.039664e+03
  1.9840e+02     1.047362e+03
  1.9860e+02     1.055137e+03
  1.9880e+02     1.062987e+03
  1.9900e+02     1.070915e+03
  1.9920e+02     1.078919e+03
  1.9940e+02     1.087001e+03
  1.9960e+02     1.095160e+03
  1.9980e+02     1.103398e+03
  2.0000e+02     1.111714e+03
  2.0020e+02     1.120109e+03
  2.0040e+02     1.128584e+03
  2.0060e+02     1.137139e+03
  2.0080e+02     1.145774e+03
  2.0100e+02     1.154489e+03
  2.0120e+02     1.163285e+03
  2.0140e+02     1.172162e+03
  2.0160e+02     1.181121e+03
  2.0180e+02     1.190162e+03
  2.0200e+02     1.199285e+03
  2.0220e+02     1.208491e+03
  2.0240e+02     1.217779e+03
  2.0260e+02     1.227151e+03
  2.0280e+02     1.236606e+03
  2.0300e+02     1.246144e+03
  2.0320e+02     1.255766e+03
  2.0340e+02     1.265473e+03
  2.0360e+02     1.275264e+03
  2.0380e+02     1.285139e+03
  2.0400e+02     1.295099e+03
  2.0420e+02     1.305144e+03
  2.0440e+02     1.315274e+03
  2.0460e+02     1.325490e+03
  2.0480e+02     1.335790e+03
  2.0500e+02     1.346177e+03
  2.0520e+02     1.356648e+03
  2.0540e+02     1.367206e+03
  2.0560e+02     1.377849e+03
  2.0580e+02     1.388578e+03
  2.0600e+02     1.399393e+03
  2.0620e+02     1.410294e+03
  2.0640e+02     1.421280e+03
  2.0660e+02     1.432352e+03
  2.0680e+02     1.443510e+03
  2.0700e+02     1.454754e+03
  2.0720e+02     1.466083e+03
  2.0740e+02     1.477497e+03
  2.0760e+02     1.488997e+03
  2.0780e+02     1.500581e+03
  2.0800e+02     1.512251e+03
  2.0820e+02     1.524005e+03
  2.0840e+02     1.535844e+03
  2.0860e+02     1.547766e+03
  2.0880e+02     1.559773e+03
  2.0900e+02     1.571863e+03
  2.0920e+02     1.584036e+03
  2.0940e+02     1.596291e+03
  2.0960e+02     1.608629e+03
  2.0980e+02     1.621049e+03
  2.1000e+02     1.633550e+03
  2.1020e+02     1.646131e+03
  2.1040e+02     1.658793e+03
  2.1060e+02     1.671535e+03
  2.1080e+02     1.684355e+03
  2.1100e+02     1.697254e+03
  2.1120e+02     1.710230e+03
  2.1140e+02     1.723284e+03
  2.1160e+02     1.736413e+03
  2.1180e+02     1.749618e+03
  2.1200e+02     1.762897e+03
  2.1220e+02     1.776250e+03
  2.1240e+02     1.789675e+03
  2.1260e+02     1.803172e+03
  2.1280e+02     1.816740e+03
  2.1300e+02     1.830377e+03
  2.1320e+02     1.844083e+03
  2.1340e+02     1.857856e+03
  2.1360e+02     1.871696e+03
  2.1380e+02     1.885600e+03
  2.1400e+02     1.899568e+03
  2.1420e+02     1.913598e+03
  2.1440e+02     1.927689e+03
  2.1460e+02     1.941840e+03
  2.1480e+02     1.956049e+03
  2.1500e+02     1.970315e+03
  2.1520e+02     1.984635e+03
  2.1540e+02     1.999009e+03
  2.1560e+02     2.013435e+03
  2.1580e+02     2.027911e+03
  2.1600e+02     2.042435e+03
  2.1620e+02     2.057006e+03
  2.1640e+02     2.071621e+03
  2.1660e+02     2.086279e+03
  2.1680e+02     2.100978e+03
  2.1700e+02     2.115715e+03
  2.1720e+02     2.130490e+03
  2.1740e+02     2.145298e+03
  2.1760e+02     2.160140e+03
  2.1780e+02     2.175011e+03
  2.1800e+02     2.189910e+03
  2.1820e+02     2.204835e+03
  2.1840e+02     2.219783e+03
  2.1860e+02     2.234751e+03
  2.1880e+02     2.249738e+03
  2.1900e+02     2.264740e+03
  2.1920e+02     2.279756e+03
  2.1940e+02     2.294782e+03
  2.1960e+02     2.309815e+03
  2.1980e+02     2.324854e+03
  2.2000e+02     2.339894e+03
  2.2020e+02     2.354934e+03
  2.2040e+02     2.369969e+03
  2.2060e+02     2.384999e+03
  2.2080e+02     2.400018e+03
  2.2100e+02     2.415024e+03
  2.2120e+02     2.430015e+03
  2.2140e+02     2.444986e+03
  2.2160e+02     2.459935e+03
  2.2180e+02     2.474858e+03
  2.2200e+02     2.489752e+03
  2.2220e+02     2.504614e+03
  2.2240e+02     2.519439e+03
  2.2260e+02     2.534225e+03
  2.2280e+02     2.548969e+03
  2.2300e+02     2.563666e+03
  2.2320e+02     2.578312e+03
  2.2340e+02     2.592905e+03
  2.2360e+02     2.607441e+03
  2.2380e+02     2.621915e+03
  2.2400e+02     2.636324e+03
  2.2420e+02     2.650665e+03
  2.2440e+02     2.664932e+03
  2.2460e+02     2.679123e+03
  2.2480e+02     2.693234e+03
  2.2500e+02     2.707260e+03
  2.2520e+02     2.721197e+03
  2.2540e+02     2.735042e+03
  2.2560e+02     2.748791e+03
  2.2580e+02     2.762439e+03
  2.2600e+02     2.775982e+03
  2.2620e+02     2.789416e+03
  2.2640e+02     2.802738e+03
  2.2660e+02     2.815942e+03
  2.2680e+02     2.829025e+03
  2.2700e+02     2.841982e+03
  2.2720e+02     2.854810e+03
  2.2740e+02     2.867504e+03
  2.2760e+02     2.880060e+03
  2.2780e+02     2.892473e+03
  2.2800e+02     2.904740e+03
  2.2820e+02     2.916857e+03
  2.2840e+02     2.928818e+03
  2.2860e+02     2.940621e+03
  2.2880e+02     2.952260e+03
  2.2900e+02     2.963732e+03
  2.2920e+02     2.975032e+03
  2.2940e+02     2.986156e+03
  2.2960e+02     2.997100e+03
  2.2980e+02     3.007861e+03
  2.3000e+02     3.018433e+03
  2.3020e+02     3.028813e+03
  2.3040e+02     3.038998e+03
  2.3060e+02     3.048982e+03
  2.3080e+02     3.058762e+03
  2.3100e+02     3.068334e+03
  2.3120e+02     3.077694e+03
  2.3140e+02     3.086839e+03
  2.3160e+02     3.095764e+03
  2.3180e+02     3.104467e+03
  2.3200e+02     3.112942e+03
  2.3220e+02     3.121188e+03
  2.3240e+02     3.129199e+03
  2.3260e+02     3.136974e+03
  2.3280e+02     3.144507e+03
  2.3300e+02     3.151797e+03
  2.3320e+02     3.158840e+03
  2.3340e+02     3.165632e+03
  2.3360e+02     3.172171e+03
  2.3380e+02     3.178453e+03
  2.3400e+02     3.184476e+03
  2.3420e+02     3.190236e+03
  2.3440e+02     3.195732e+03
  2.3460e+02     3.200960e+03
  2.3480e+02     3.205918e+03
  2.3500e+02     3.210604e+03
  2.3520e+02     3.215014e+03
  2.3540e+02     3.219148e+03
  2.3560e+02     3.223002e+03
  2.3580e+02     3.226575e+03
  2.3600e+02     3.229864e+03
  2.3620e+02     3.232869e+03
  2.3640e+02     3.235587e+03
  2.3660e+02     3.238016e+03
  2.3680e+02     3.240156e+03
  2.3700e+02     3.242005e+03
  2.3720e+02     3.243561e+03
  2.3740e+02     3.244824e+03
  2.3760e+02     3.245793e+03
  2.3780e+02     3.246467e+03
  2.3800e+02     3.246845e+03
  2.3820e+02     3.246927e+03
  2.3840e+02     3.246711e+03
  2.3860e+02     3.246199e+03
  2.3880e+02     3.245389e+03
  2.3900e+02     3.244282e+03
  2.3920e+02     3.242878e+03
  2.3940e+02     3.241177e+03
  2.3960e+02     3.239179e+03
  2.3980e+02     3.236885e+03
  2.4000e+02     3.234295e+03
  2.4020e+02     3.231410e+03
  2.4040e+02     3.228232e+03
  2.4060e+02     3.224761e+03
  2.4080e+02     3.220997e+03
  2.4100e+02     3.216944e+03
  2.4120e+02     3.212601e+03
  2.4140e+02     3.207971e+03
  2.4160e+02     3.203055e+03
  2.4180e+02     3.197856e+03
  2.4200e+02     3.192374e+03
  2.4220e+02     3.186612e+03
  2.4240e+02     3.180572e+03
  2.4260e+02     3.174256e+03
  2.4280e+02     3.167668e+03
  2.4300e+02     3.160809e+03
  2.4320e+02     3.153682e+03
  2.4340e+02     3.146290e+03
  2.4360e+02     3.138635e+03
  2.4380e+02     3.130722e+03
  2.4400e+02     3.122552e+03
  2.4420e+02     3.114129e+03
  2.4440e+02     3.105456e+03
  2.4460e+02     3.096537e+03
  2.4480e+02     3.087376e+03
  2.4500e+02     3.077975e+03
  2.4520e+02     3.068338e+03
  2.4540e+02     3.058470e+03
  2.4560e+02     3.048374e+03
  2.4580e+02     3.038053e+03
  2.4600e+02     3.027513e+03
  2.4620e+02     3.016757e+03
  2.4640e+02     3.005789e+03
  2.4660e+02     2.994613e+03
  2.4680e+02     2.983234e+03
  2.4700e+02     2.971657e+03
  2.4720e+02     2.959884e+03
  2.4740e+02     2.947922e+03
  2.4760e+02     2.935774e+03
  2.4780e+02     2.923444e+03
  2.4800e+02     2.910939e+03
  2.4820e+02     2.898261e+03
  2.4840e+02     2.885417e+03
  2.4860e+02     2.872409e+03
  2.4880e+02     2.859244e+03
  2.4900e+02     2.845926e+03
  2.4920e+02     2.832460e+03
  2.4940e+02     2.818850e+03
  2.4960e+02     2.805101e+03
  2.4980e+02     2.791219e+03
  2.5000e+02     2.777207e+03
  2.5020e+02     2.763071e+03
  2.5040e+02     2.748816e+03
  2.5060e+02     2.734445e+03
  2.5080e+02     2.719966e+03
  2.5100e+02     2.705381e+03
  2.5120e+02     2.690695e+03
  2.5140e+02     2.675914e+03
  2.5160e+02     2.661043e+03
  2.5180e+02     2.646085e+03
  2.5200e+02     2.631046e+03
  2.5220e+02     2.615930e+03
  2.5240e+02     2.600743e+03
  2.5260e+02     2.585488e+03
  2.5280e+02     2.570170e+03
  2.5300e+02     2.554793e+03
  2.5320e+02     2.539363e+03
  2.5340e+02     2.523884e+03
  2.5360e+02     2.508359e+03
  2.5380e+02     2.492794e+03
  2.5400e+02     2.477193e+03
  2.5420e+02     2.461559e+03
  2.5440e+02     2.445898e+03
  2.5460e+02     2.430213e+03
  2.5480e+02     2.414508e+03
  2.5500e+02     2.398788e+03
  2.5520e+02     2.383056e+03
  2.5540e+02     2.367317e+03
  2.5560e+02     2.351574e+03
  2.5580e+02     2.335831e+03
  2.5600e+02     2.320091e+03
  2.5620e+02     2.304359e+03
  2.5640e+02     2.288637e+03
  2.5660e+02     2.272930e+03
  2.5680e+02     2.257241e+03
  2.5700e+02     2.241574e+03
  2.5720e+02     2.225930e+03
  2.5740e+02     2.210315e+03
  2.5760e+02     2.194731e+03
  2.5780e+02     2.179180e+03
  2.5800e+02     2.163667e+03
  2.5820e+02     2.148194e+03
  2.5840e+02     2.132764e+03
  2.5860e+02     2.117379e+03
  2.5880e+02     2.102043e+03
  2.5900e+02     2.086758e+03
  2.5920e+02     2.071527e+03
  2.5940e+02     2.056352e+03
  2.5960e+02     2.041236e+03
  2.5980e+02     2.026180e+03
  2.6000e+02     2.011188e+03
  2.6020e+02     1.996262e+03
  2.6040e+02     1.981403e+03
  2.6060e+02     1.966614e+03
  2.6080e+02     1.951896e+03
  2.6100e+02     1.937253e+03
  2.6120e+02     1.922684e+03
  2.6140e+02     1.908194e+03
  2.6160e+02     1.893782e+03
  2.6180e+02     1.879451e+03
  2.6200e+02     1.865203e+03
  2.6220e+02     1.851039e+03
  2.6240e+02     1.836959e+03
  2.6260e+02     1.822967e+03
  2.6280e+02     1.809063e+03
  2.6300e+02     1.795248e+03
  2.6320e+02     1.781524e+03
  2.6340e+02     1.767892e+03
  2.6360e+02     1.754352e+03
  2.6380e+02     1.740907e+03
  2.6400e+02     1.727556e+03
  2.6420e+02     1.714302e+03
  2.6440e+02     1.701144e+03
  2.6460e+02     1.688083e+03
  2.6480e+02     1.675121e+03
  2.6500e+02     1.662258e+03
  2.6520e+02     1.649495e+03
  2.6540e+02     1.636832e+03
  2.6560e+02     1.624270e+03
  2.6580e+02     1.611809e+03
  2.6600e+02     1.599450e+03
  2.6620e+02     1.587194e+03
  2.6640e+02     1.575040e+03
  2.6660e+02     1.562990e+03
  2.6680e+02     1.551042e+03
  2.6700e+02     1.539199e+03
  2.6720e+02     1.527459e+03
  2.6740e+02     1.515823e+03
  2.6760e+02     1.504291e+03
  2.6780e+02     1.492864e+03
  2.6800e+02     1.481540e+03
  2.6820e+02     1.470322e+03
  2.6840e+02     1.459207e+03
  2.6860e+02     1.448197e+03
  2.6880e+02     1.437291e+03
  2.6900e+02     1.426490e+03
  2.6920e+02     1.415792e+03
  2.6940e+02     1.405199e+03
  2.6960e+02     1.394709e+03
  2.6980e+02     1.384323e+03
  2.7000e+02     1.374040e+03
  2.7020e+02     1.363860e+03
  2.7040e+02     1.353783e+03
  2.7060e+02     1.343808e+03
  2.7080e+02     1.333936e+03
  2.7100e+02     1.324166e+03
  2.7120e+02     1.314497e+03
  2.7140e+02     1.304929e+03
  2.7160e+02     1.295462e+03
  2.7180e+02     1.286095e+03
  2.7200e+02     1.276828e+03
  2.7220e+02     1.267660e+03
  2.7240e+02     1.258591e+03
  2.7260e+02     1.249621e+03
  2.7280e+02     1.240749e+03
  2.7300e+02     1.231974e+03
  2.7320e+02     1.223296e+03
  2.7340e+02     1.214715e+03
  2.7360e+02     1.206230e+03
  2.7380e+02     1.197839e+03
  2.7400e+02     1.189544e+03
  2.7420e+02     1.181343e+03
  2.7440e+02     1.173235e+03
  2.7460e+02     1.165221e+03
  2.7480e+02     1.157299e+03
  2.7500e+02     1.149468e+03
  2.7520e+02     1.141729e+03
  2.7540e+02     1.134081e+03
  2.7560e+02     1.126522e+03
  2.7580e+02     1.119053e+03
  2.7600e+02     1.111673e+03
  2.7620e+02     1.104380e+03
  2.7640e+02     1.097176e+03
  2.7660e+02     1.090057e+03
  2.7680e+02     1.083026e+03
  2.7700e+02     1.076079e+03
  2.7720e+02     1.069218e+03
  2.7740e+02     1.062440e+03
  2.7760e+02     1.055747e+03
  2.7780e+02     1.049136e+03
  2.7800e+02     1.042607e+03
  2.7820e+02     1.036160e+03
  2.7840e+02     1.029794e+03
  2.7860e+02     1.023508e+03
  2.7880e+02     1.017302e+03
  2.7900e+02     1.011175e+03
  2.7920e+02     1.005126e+03
  2.7940e+02     9.991554e+02
  2.7960e+02     9.932612e+02
  2.7980e+02     9.874435e+02
  2.8000e+02     9.817014e+02
  2.8020e+02     9.760344e+02
  2.8040e+02     9.704419e+02
  2.8060e+02     9.649232e+02
  2.8080e+02     9.594776e+02
  2.8100e+02     9.541046e+02
  2.8120e+02     9.488035e+02
  2.8140e+02     9.435736e+02
  2.8160e+02     9.384144e+02
  2.8180e+02     9.333253e+02
  2.8200e+02     9.283056e+02
  2.8220e+02     9.233546e+02
  2.8240e+02     9.184719e+02
  2.8260e+02     9.136568e+02
  2.8280e+02     9.089087e+02
  2.8300e+02     9.042270e+02
  2.8320e+02     8.996111e+02
  2.8340e+02     8.950604e+02
  2.8360e+02     8.905744e+02
  2.8380e+02     8.861525e+02
  2.8400e+02     8.817941e+02
  2.8420e+02     8.774986e+02
  2.8440e+02     8.732655e+02
  2.8460e+02     8.690943e+02
  2.8480e+02     8.649843e+02
  2.8500e+02     8.609350e+02
  2.8520e+02     8.569460e+02
  2.8540e+02     8.530166e+02
  2.8560e+02     8.491463e+02
  2.8580e+02     8.453346e+02
  2.8600e+02     8.415811e+02
  2.8620e+02     8.378851e+02
  2.8640e+02     8.342462e+02
  2.8660e+02     8.306638e+02
  2.8680e+02     8.271376e+02
  2.8700e+02     8.236669e+02
  2.8720e+02     8.202513e+02
  2.8740e+02     8.168904e+02
  2.8760e+02     8.135836e+02
  2.8780e+02     8.103305e+02
  2.8800e+02     8.071306e+02
  2.8820e+02     8.039836e+02
  2.8840e+02     8.008888e+02
  2.8860e+02     7.978459e+02
  2.8880e+02     7.948544e+02
  2.8900e+02     7.919140e+02
  2.8920e+02     7.890241e+02
  2.8940e+02     7.861845e+02
  2.8960e+02     7.833945e+02
  2.8980e+02     7.806539e+02
  2.9000e+02     7.779622e+02
  2.9020e+02     7.753191e+02
  2.9040e+02     7.727241e+02
  2.9060e+02     7.701769e+02
  2.9080e+02     7.676771e+02
  2.9100e+02     7.652242e+02
  2.9120e+02     7.628180e+02
  2.9140e+02     7.604581e+02
  2.9160e+02     7.581441e+02
  2.9180e+02     7.558756e+02
  2.9200e+02     7.536524e+02
  2.9220e+02     7.514740e+02
  2.9240e+02     7.493401e+02
  2.9260e+02     7.472505e+02
  2.9280e+02     7.452047e+02
  2.9300e+02     7.432025e+02
  2.9320e+02     7.412436e+02
  2.9340e+02     7.393275e+02
  2.9360e+02     7.374541e+02
  2.9380e+02     7.356231e+02
  2.9400e+02     7.338341e+02
  2.9420e+02     7.320868e+02
  2.9440e+02     7.303810e+02
  2.9460e+02     7.287163e+02
  2.9480e+02     7.270926e+02
  2.9500e+02     7.255096e+02
  2.9520e+02     7.239669e+02
  2.9540e+02     7.224644e+02
  2.9560e+02     7.210017e+02
  2.9580e+02     7.195787e+02
  2.9600e+02     7.181950e+02
  2.9620e+02     7.168506e+02
  2.9640e+02     7.155450e+02
  2.9660e+02     7.142781e+02
  2.9680e+02     7.130497e+02
  2.9700e+02     7.118595e+02
  2.9720e+02     7.107073e+02
  2.9740e+02     7.095930e+02
  2.9760e+02     7.085163e+02
  2.9780e+02     7.074771e+02
  2.9800e+02     7.064750e+02
  2.9820e+02     7.055100e+02
  2.9840e+02     7.045819e+02
  2.9860e+02     7.036904e+02
  2.9880e+02     7.028354e+02
  2.9900e+02     7.020168e+02
  2.9920e+02     7.012343e+02
  2.9940e+02     7.004878e+02
  2.9960e+02     6.997771e+02
  2.9980e+02     6.991021e+02
  3.0000e+02     6.984626e+02
  3.0020e+02     6.978586e+02
  3.0040e+02     6.972897e+02
  3.0060e+02     6.967560e+02
  3.0080e+02     6.962572e+02
  3.0100e+02     6.957933e+02
  3.0120e+02     6.953642e+02
  3.0140e+02     6.949696e+02
  3.0160e+02     6.946095e+02
  3.0180e+02     6.942837e+02
  3.0200e+02     6.939923e+02
  3.0220e+02     6.937349e+02
  3.0240e+02     6.935117e+02
  3.0260e+02     6.933224e+02
  3.0280e+02     6.931670e+02
  3.0300e+02     6.930454e+02
  3.0320e+02     6.929574e+02
  3.0340e+02     6.929031e+02
  3.0360e+02     6.928823e+02
  3.0380e+02     6.928950e+02
  3.0400e+02     6.929411e+02
  3.0420e+02     6.930205e+02
  3.0440e+02     6.931332e+02
  3.0460e+02     6.932791e+02
  3.0480e+02     6.934582e+02
  3.0500e+02     6.936703e+02
  3.0520e+02     6.939156e+02
  3.0540e+02     6.941938e+02
  3.0560e+02     6.945051e+02
  3.0580e+02     6.948492e+02
  3.0600e+02     6.952263e+02
  3.0620e+02     6.956363e+02
  3.0640e+02     6.960791e+02
  3.0660e+02     6.965547e+02
  3.0680e+02     6.970632e+02
  3.0700e+02     6.976044e+02
  3.0720e+02     6.981785e+02
  3.0740e+02     6.987853e+02
  3.0760e+02     6.994249e+02
  3.0780e+02     7.000973e+02
  3.0800e+02     7.008024e+02
  3.0820e+02     7.015403e+02
  3.0840e+02     7.023110e+02
  3.0860e+02     7.031146e+02
  3.0880e+02     7.039509e+02
  3.0900e+02     7.048200e+02
  3.0920e+02     7.057220e+02
  3.0940e+02     7.066569e+02
  3.0960e+02     7.076247e+02
  3.0980e+02     7.086254e+02
  3.1000e+02     7.096591e+02
  3.1020e+02     7.107257e+02
  3.1040e+02     7.118255e+02
  3.1060e+02     7.129583e+02
  3.1080e+02     7.141243e+02
  3.1100e+02     7.153234e+02
  3.1120e+02     7.165558e+02
  3.1140e+02     7.178214e+02
  3.1160e+02     7.191204e+02
  3.1180e+02     7.204529e+02
  3.1200e+02     7.218188e+02
  3.1220e+02     7.232182e+02
  3.1240e+02     7.246512e+02
  3.1260e+02     7.261180e+02
  3.1280e+02     7.276185e+02
  3.1300e+02     7.291528e+02
  3.1320e+02     7.307210e+02
  3.1340e+02     7.323233e+02
  3.1360e+02     7.339596e+02
  3.1380e+02     7.356302e+02
  3.1400e+02     7.373350e+02
  3.1420e+02     7.390741e+02
  3.1440e+02     7.408477e+02
  3.1460e+02     7.426559e+02
  3.1480e+02     7.444988e+02
  3.1500e+02     7.463764e+02
  3.1520e+02     7.482889e+02
  3.1540e+02     7.502364e+02
  3.1560e+02     7.522191e+02
  3.1580e+02     7.542369e+02
  3.1600e+02     7.562901e+02
  3.1620e+02     7.583787e+02
  3.1640e+02     7.605029e+02
  3.1660e+02     7.626629e+02
  3.1680e+02     7.648586e+02
  3.1700e+02     7.670904e+02
  3.1720e+02     7.693582e+02
  3.1740e+02     7.716623e+02
  3.1760e+02     7.740028e+02
  3.1780e+02     7.763798e+02
  3.1800e+02     7.787934e+02
  3.1820e+02     7.812439e+02
  3.1840e+02     7.837313e+02
  3.1860e+02     7.862558e+02
  3.1880e+02     7.888175e+02
  3.1900e+02     7.914167e+02
  3.1920e+02     7.940534e+02
  3.1940e+02     7.967278e+02
  3.1960e+02     7.994402e+02
  3.1980e+02     8.021905e+02
  3.2000e+02     8.049791e+02
  3.2020e+02     8.078060e+02
  3.2040e+02     8.106714e+02
  3.2060e+02     8.135756e+02
  3.2080e+02     8.165186e+02
  3.2100e+02     8.195007e+02
  3.2120e+02     8.225220e+02
  3.2140e+02     8.255827e+02
  3.2160e+02     8.286830e+02
  3.2180e+02     8.318230e+02
  3.2200e+02     8.350030e+02
  3.2220e+02     8.382230e+02
  3.2240e+02     8.414834e+02
  3.2260e+02     8.447843e+02
  3.2280e+02     8.481259e+02
  3.2300e+02     8.515083e+02
  3.2320e+02     8.549318e+02
  3.2340e+02     8.583965e+02
  3.2360e+02     8.619026e+02
  3.2380e+02     8.654504e+02
  3.2400e+02     8.690400e+02
  3.2420e+02     8.726716e+02
  3.2440e+02     8.763455e+02
  3.2460e+02     8.800617e+02
  3.2480e+02     8.838206e+02
  3.2500e+02     8.876223e+02
  3.2520e+02     8.914670e+02
  3.2540e+02     8.953549e+02
  3.2560e+02     8.992862e+02
  3.2580e+02     9.032611e+02
  3.2600e+02     9.072799e+02
  3.2620e+02     9.113426e+02
  3.2640e+02     9.154496e+02
  3.2660e+02     9.196010e+02
  3.2680e+02     9.237971e+02
  3.2700e+02     9.280379e+02
  3.2720e+02     9.323238e+02
  3.2740e+02     9.366550e+02
  3.2760e+02     9.410316e+02
  3.2780e+02     9.454538e+02
  3.2800e+02     9.499219e+02
  3.2820e+02     9.544360e+02
  3.2840e+02     9.589964e+02
  3.2860e+02     9.636033e+02
  3.2880e+02     9.682568e+02
  3.2900e+02     9.729572e+02
  3.2920e+02     9.777046e+02
  3.2940e+02     9.824993e+02
  3.2960e+02     9.873414e+02
  3.2980e+02     9.922312e+02
  3.3000e+02     9.971689e+02
  3.3020e+02     1.002154e+03
  3.3040e+02     1.007188e+03
  3.3060e+02     1.012270e+03
  3.3080e+02     1.017401e+03
  3.3100e+02     1.022581e+03
  3.3120e+02     1.027810e+03
  3.3140e+02     1.033088e+03
  3.3160e+02     1.038415e+03
  3.3180e+02     1.043792e+03
  3.3200e+02     1.049218e+03
  3.3220e+02     1.054695e+03
  3.3240e+02     1.060221e+03
  3.3260e+02     1.065798e+03
  3.3280e+02     1.071425e+03
  3.3300e+02     1.077103e+03
  3.3320e+02     1.082831e+03
  3.3340e+02     1.088610e+03
  3.3360e+02     1.094441e+03
  3.3380e+02     1.100322e+03
  3.3400e+02     1.106255e+03
  3.3420e+02     1.112239e+03
  3.3440e+02     1.118275e+03
  3.3460e+02     1.124362e+03
  3.3480e+02     1.130502e+03
  3.3500e+02     1.136693e+03
  3.3520e+02     1.142937e+03
  3.3540e+02     1.149232e+03
  3.3560e+02     1.155580e+03
  3.3580e+02     1.161981e+03
  3.3600e+02     1.168434e+03
  3.3620e+02     1.174940e+03
  3.3640e+02     1.181498e+03
  3.3660e+02     1.188109e+03
  3.3680e+02     1.194773e+03
  3.3700e+02     1.201490e+03
  3.3720e+02     1.208260e+03
  3.3740e+02     1.215083e+03
  3.3760e+02     1.221959e+03
  3.3780e+02     1.228888e+03
  3.3800e+02     1.235871e+03
  3.3820e+02     1.242906e+03
  3.3840e+02     1.249995e+03
  3.3860e+02     1.257137e+03
  3.3880e+02     1.264333e+03
  3.3900e+02     1.271581e+03
  3.3920e+02     1.278883e+03
  3.3940e+02     1.286238e+03
  3.3960e+02     1.293646e+03
  3.3980e+02     1.301107e+03
  3.4000e+02     1.308621e+03
  3.4020e+02     1.316188e+03
  3.4040e+02     1.323808e+03
  3.4060e+02     1.331481e+03
  3.4080e+02     1.339207e+03
  3.4100e+02     1.346985e+03
  3.4120e+02     1.354816e+03
  3.4140e+02     1.362699e+03
  3.4160e+02     1.370634e+03
  3.4180e+02     1.378622e+03
  3.4200e+02     1.386661e+03
  3.4220e+02     1.394752e+03
  3.4240e+02     1.402895e+03
  3.4260e+02     1.411089e+03
  3.4280e+02     1.419334e+03
  3.4300e+02     1.427630e+03
  3.4320e+02     1.435977e+03
  3.4340e+02     1.444374e+03
  3.4360e+02     1.452821e+03
  3.4380e+02     1.461318e+03
  3.4400e+02     1.469865e+03
  3.4420e+02     1.478461e+03
  3.4440e+02     1.487106e+03
  3.4460e+02     1.495799e+03
  3.4480e+02     1.504541e+03
  3.4500e+02     1.513330e+03
  3.4520e+02     1.522167e+03
  3.4540e+02     1.531051e+03
  3.4560e+02     1.539981e+03
  3.4580e+02     1.548958e+03
  3.4600e+02     1.557980e+03
  3.4620e+02     1.567048e+03
  3.4640e+02     1.576160e+03
  3.4660e+02     1.585316e+03
  3.4680e+02     1.594516e+03
  3.4700e+02     1.603759e+03
  3.4720e+02     1.613045e+03
  3.4740e+02     1.622372e+03
  3.4760e+02     1.631741e+03
  3.4780e+02     1.641151e+03
  3.4800e+02     1.650601e+03
  3.4820e+02     1.660090e+03
  3.4840e+02     1.669617e+03
  3.4860e+02     1.679183e+03
  3.4880e+02     1.688786e+03
  3.4900e+02     1.698425e+03
  3.4920e+02     1.708100e+03
  3.4940e+02     1.717810e+03
  3.4960e+02     1.727554e+03
  3.4980e+02     1.737331e+03
  3.5000e+02     1.747141e+03
  3.5020e+02     1.756982e+03
  3.5040e+02     1.766854e+03
  3.5060e+02     1.776755e+03
  3.5080e+02     1.786685e+03
  3.5100e+02     1.796643e+03
  3.5120e+02     1.806627e+03
  3.5140e+02     1.816637e+03
  3.5160e+02     1.826672e+03
  3.5180e+02     1.836730e+03
  3.5200e+02     1.846811e+03
  3.5220e+02     1.856914e+03
  3.5240e+02     1.867036e+03
  3.5260e+02     1.877177e+03
  3.5280e+02     1.887337e+03
  3.5300e+02     1.897513e+03
  3.5320e+02     1.907704e+03
  3.5340e+02     1.917910e+03
  3.5360e+02     1.928128e+03
  3.5380e+02     1.938358e+03
  3.5400e+02     1.948599e+03
  3.5420e+02     1.958848e+03
  3.5440e+02     1.969104e+03
  3.5460e+02     1.979367e+03
  3.5480e+02     1.989634e+03
  3.5500e+02     1.999905e+03
  3.5520e+02     2.010177e+03
  3.5540e+02     2.020449e+03
  3.5560e+02     2.030720e+03
  3.5580e+02     2.040988e+03
  3.5600e+02     2.051252e+03
  3.5620e+02     2.061510e+03
  3.5640e+02     2.071760e+03
  3.5660e+02     2.082000e+03
  3.5680e+02     2.092230e+03
  3.5700e+02     2.102447e+03
  3.5720e+02     2.112650e+03
  3.5740e+02     2.122837e+03
  3.5760e+02     2.133005e+03
  3.5780e+02     2.143155e+03
  3.5800e+02     2.153282e+03
  3.5820e+02     2.163387e+03
  3.5840e+02     2.173466e+03
  3.5860e+02     2.183519e+03
  3.5880e+02     2.193543e+03
  3.5900e+02     2.203536e+03
  3.5920e+02     2.213496e+03
  3.5940e+02     2.223422e+03
  3.5960e+02     2.233312e+03
  3.5980e+02     2.243163e+03
