# Epidemic | 7 days incidence [ x-unit: days | y-unit: per 100000 ]
  0.0000e+00     3.618006e+02
  2.0000e-01     3.596377e+02
  4.0000e-01     3.575169e+02
  6.0000e-01     3.554377e+02
  8.0000e-01     3.533993e+02
  1.0000e+00     3.514013e+02
  1.2000e+00     3.494429e+02
  1.4000e+00     3.475237e+02
  1.6000e+00     3.456431e+02
  1.8000e+00     3.438004e+02
  2.0000e+00     3.419952e+02
  2.2000e+00     3.402270e+02
  2.4000e+00     3.384952e+02
  2.6000e+00     3.367993e+02
  2.8000e+00     3.351388e+02
  3.0000e+00     3.335132e+02
  3.2000e+00     3.319221e+02
  3.4000e+00     3.303650e+02
  3.6000e+00     3.288415e+02
  3.8000e+00     3.273510e+02
  4.0000e+00     3.258932e+02
  4.2000e+00     3.244677e+02
  4.4000e+00     3.230740e+02
  4.6000e+00     3.217118e+02
  4.8000e+00     3.203806e+02
  5.0000e+00     3.190800e+02
  5.2000e+00     3.178098e+02
  5.4000e+00     3.165694e+02
  5.6000e+00     3.153586e+02
  5.8000e+00     3.141770e+02
  6.0000e+00     3.130243e+02
  6.2000e+00     3.119002e+02
  6.4000e+00     3.108042e+02
  6.6000e+00     3.097361e+02
  6.8000e+00     3.086956e+02
  7.0000e+00     3.076824e+02
  7.2000e+00     3.069920e+02
  7.4000e+00     3.063466e+02
  7.6000e+00     3.057126e+02
  7.8000e+00     3.050901e+02
  8.0000e+00     3.044789e+02
  8.2000e+00     3.038792e+02
  8.4000e+00     3.032908e+02
  8.6000e+00     3.027139e+02
  8.8000e+00     3.021483e+02
  9.0000e+00     3.015941e+02
  9.2000e+00     3.010512e+02
  9.4000e+00     3.005197e+02
  9.6000e+00     2.999995e+02
  9.8000e+00     2.994906e+02
  1.0000e+01     2.989931e+02
  1.0200e+01     2.985068e+02
  1.0400e+01     2.980318e+02
  1.0600e+01     2.975680e+02
  1.0800e+01     2.971155e+02
  1.1000e+01     2.966742e+02
  1.1200e+01     2.962441e+02
  1.1400e+01     2.958251e+02
  1.1600e+01     2.954173e+02
  1.1800e+01     2.950207e+02
  1.2000e+01     2.946351e+02
  1.2200e+01     2.942607e+02
  1.2400e+01     2.938973e+02
  1.2600e+01     2.935449e+02
  1.2800e+01     2.932036e+02
  1.3000e+01     2.928733e+02
  1.3200e+01     2.925539e+02
  1.3400e+01     2.922455e+02
  1.3600e+01     2.919480e+02
  1.3800e+01     2.916614e+02
  1.4000e+01     2.913857e+02
  1.4200e+01     2.911208e+02
  1.4400e+01     2.908668e+02
  1.4600e+01     2.906235e+02
  1.4800e+01     2.903911e+02
  1.5000e+01     2.901693e+02
  1.5200e+01     2.899583e+02
  1.5400e+01     2.897580e+02
  1.5600e+01     2.895684e+02
  1.5800e+01     2.893894e+02
  1.6000e+01     2.892211e+02
  1.6200e+01     2.890633e+02
  1.6400e+01     2.889161e+02
  1.6600e+01     2.887795e+02
  1.6800e+01     2.886533e+02
  1.7000e+01     2.885377e+02
  1.7200e+01     2.884325e+02
  1.7400e+01     2.883378e+02
  1.7600e+01     2.882535e+02
  1.7800e+01     2.881796e+02
  1.8000e+01     2.881161e+02
  1.8200e+01     2.880629e+02
  1.8400e+01     2.880201e+02
  1.8600e+01     2.879876e+02
  1.8800e+01     2.879653e+02
  1.9000e+01     2.879533e+02
  1.9200e+01     2.879515e+02
  1.9400e+01     2.879599e+02
  1.9600e+01     2.879785e+02
  1.9800e+01     2.880072e+02
  2.0000e+01     2.880461e+02
  2.0200e+01     2.880951e+02
  2.0400e+01     2.881542e+02
  2.0600e+01     2.882234e+02
  2.0800e+01     2.883026e+02
  2.1000e+01     2.883919e+02
  2.1200e+01     2.885578e+02
  2.1400e+01     2.887504e+02
  2.1600e+01     2.889628e+02
  2.1800e+01     2.891950e+02
  2.2000e+01     2.894470e+02
  2.2200e+01     2.897188e+02
  2.2400e+01     2.900103e+02
  2.2600e+01     2.903216e+02
  2.2800e+01     2.906527e+02
  2.3000e+01     2.910036e+02
  2.3200e+01     2.913743e+02
  2.3400e+01     2.917648e+02
  2.3600e+01     2.921752e+02
  2.3800e+01     2.926054e+02
  2.4000e+01     2.930556e+02
  2.4200e+01     2.935257e+02
  2.4400e+01     2.940157e+02
  2.4600e+01     2.945258e+02
  2.4800e+01     2.950560e+02
  2.5000e+01     2.956063e+02
  2.5200e+01     2.961767e+02
  2.5400e+01     2.967673e+02
  2.5600e+01     2.973783e+02
  2.5800e+01     2.980095e+02
  2.6000e+01     2.986612e+02
  2.6200e+01     2.993333e+02
  2.6400e+01     3.000260e+02
  2.6600e+01     3.007393e+02
  2.6800e+01     3.014734e+02
  2.7000e+01     3.022282e+02
  2.7200e+01     3.030039e+02
  2.7400e+01     3.038005e+02
  2.7600e+01     3.046183e+02
  2.7800e+01     3.054571e+02
  2.8000e+01     3.063173e+02
  2.8200e+01     3.071988e+02
  2.8400e+01     3.081018e+02
  2.8600e+01     3.090264e+02
  2.8800e+01     3.099727e+02
  2.9000e+01     3.109409e+02
  2.9200e+01     3.119310e+02
  2.9400e+01     3.129432e+02
  2.9600e+01     3.139776e+02
  2.9800e+01     3.150343e+02
  3.0000e+01     3.161136e+02
  3.0200e+01     3.172155e+02
  3.0400e+01     3.183401e+02
  3.0600e+01     3.194877e+02
  3.0800e+01     3.206584e+02
  3.1000e+01     3.218523e+02
  3.1200e+01     3.230697e+02
  3.1400e+01     3.243106e+02
  3.1600e+01     3.255753e+02
  3.1800e+01     3.268638e+02
  3.2000e+01     3.281765e+02
  3.2200e+01     3.295135e+02
  3.2400e+01     3.308749e+02
  3.2600e+01     3.322610e+02
  3.2800e+01     3.336719e+02
  3.3000e+01     3.351079e+02
  3.3200e+01     3.365692e+02
  3.3400e+01     3.380559e+02
  3.3600e+01     3.395682e+02
  3.3800e+01     3.411065e+02
  3.4000e+01     3.426708e+02
  3.4200e+01     3.442615e+02
  3.4400e+01     3.458787e+02
  3.4600e+01     3.475228e+02
  3.4800e+01     3.491938e+02
  3.5000e+01     3.508921e+02
  3.5200e+01     3.526180e+02
  3.5400e+01     3.543716e+02
  3.5600e+01     3.561532e+02
  3.5800e+01     3.579631e+02
  3.6000e+01     3.598015e+02
  3.6200e+01     3.616687e+02
  3.6400e+01     3.635650e+02
  3.6600e+01     3.654907e+02
  3.6800e+01     3.674460e+02
  3.7000e+01     3.694312e+02
  3.7200e+01     3.714467e+02
  3.7400e+01     3.734926e+02
  3.7600e+01     3.755694e+02
  3.7800e+01     3.776773e+02
  3.8000e+01     3.798166e+02
  3.8200e+01     3.819877e+02
  3.8400e+01     3.841909e+02
  3.8600e+01     3.864264e+02
  3.8800e+01     3.886947e+02
  3.9000e+01     3.909961e+02
  3.9200e+01     3.933308e+02
  3.9400e+01     3.956993e+02
  3.9600e+01     3.981020e+02
  3.9800e+01     4.005391e+02
  4.0000e+01     4.030110e+02
  4.0200e+01     4.055181e+02
  4.0400e+01     4.080608e+02
  4.0600e+01     4.106394e+02
  4.0800e+01     4.132544e+02
  4.1000e+01     4.159062e+02
  4.1200e+01     4.185950e+02
  4.1400e+01     4.213214e+02
  4.1600e+01     4.240857e+02
  4.1800e+01     4.268884e+02
  4.2000e+01     4.297298e+02
  4.2200e+01     4.326104e+02
  4.2400e+01     4.355307e+02
  4.2600e+01     4.384910e+02
  4.2800e+01     4.414919e+02
  4.3000e+01     4.445337e+02
  4.3200e+01     4.476169e+02
  4.3400e+01     4.507420e+02
  4.3600e+01     4.539095e+02
  4.3800e+01     4.571197e+02
  4.4000e+01     4.603733e+02
  4.4200e+01     4.636707e+02
  4.4400e+01     4.670123e+02
  4.4600e+01     4.703988e+02
  4.4800e+01     4.738305e+02
  4.5000e+01     4.773081e+02
  4.5200e+01     4.808319e+02
  4.5400e+01     4.844027e+02
  4.5600e+01     4.880208e+02
  4.5800e+01     4.916868e+02
  4.6000e+01     4.954014e+02
  4.6200e+01     4.991649e+02
  4.6400e+01     5.029780e+02
  4.6600e+01     5.068413e+02
  4.6800e+01     5.107554e+02
  4.7000e+01     5.147207e+02
  4.7200e+01     5.187379e+02
  4.7400e+01     5.228077e+02
  4.7600e+01     5.269305e+02
  4.7800e+01     5.311071e+02
  4.8000e+01     5.353379e+02
  4.8200e+01     5.396238e+02
  4.8400e+01     5.439652e+02
  4.8600e+01     5.483628e+02
  4.8800e+01     5.528173e+02
  4.9000e+01     5.573293e+02
  4.9200e+01     5.618995e+02
  4.9400e+01     5.665285e+02
  4.9600e+01     5.712171e+02
  4.9800e+01     5.759658e+02
  5.0000e+01     5.807755e+02
  5.0200e+01     5.856468e+02
  5.0400e+01     5.905803e+02
  5.0600e+01     5.955768e+02
  5.0800e+01     6.006371e+02
  5.1000e+01     6.057618e+02
  5.1200e+01     6.109517e+02
  5.1400e+01     6.162076e+02
  5.1600e+01     6.215301e+02
  5.1800e+01     6.269200e+02
  5.2000e+01     6.323782e+02
  5.2200e+01     6.379053e+02
  5.2400e+01     6.435021e+02
  5.2600e+01     6.491695e+02
  5.2800e+01     6.549082e+02
  5.3000e+01     6.607190e+02
  5.3200e+01     6.666028e+02
  5.3400e+01     6.725603e+02
  5.3600e+01     6.785923e+02
  5.3800e+01     6.846998e+02
  5.4000e+01     6.908834e+02
  5.4200e+01     6.971442e+02
  5.4400e+01     7.034828e+02
  5.4600e+01     7.099002e+02
  5.4800e+01     7.163973e+02
  5.5000e+01     7.229749e+02
  5.5200e+01     7.296338e+02
  5.5400e+01     7.363750e+02
  5.5600e+01     7.431993e+02
  5.5800e+01     7.501077e+02
  5.6000e+01     7.571010e+02
  5.6200e+01     7.641802e+02
  5.6400e+01     7.713461e+02
  5.6600e+01     7.785997e+02
  5.6800e+01     7.859419e+02
  5.7000e+01     7.933737e+02
  5.7200e+01     8.008959e+02
  5.7400e+01     8.085094e+02
  5.7600e+01     8.162154e+02
  5.7800e+01     8.240146e+02
  5.8000e+01     8.319081e+02
  5.8200e+01     8.398967e+02
  5.8400e+01     8.479816e+02
  5.8600e+01     8.561635e+02
  5.8800e+01     8.644436e+02
  5.9000e+01     8.728227e+02
  5.9200e+01     8.813018e+02
  5.9400e+01     8.898820e+02
  5.9600e+01     8.985641e+02
  5.9800e+01     9.073493e+02
  6.0000e+01     9.162384e+02
  6.0200e+01     9.252324e+02
  6.0400e+01     9.343324e+02
  6.0600e+01     9.435392e+02
  6.0800e+01     9.528540e+02
  6.1000e+01     9.622777e+02
  6.1200e+01     9.718113e+02
  6.1400e+01     9.814557e+02
  6.1600e+01     9.912119e+02
  6.1800e+01     1.001081e+03
  6.2000e+01     1.011064e+03
  6.2200e+01     1.021161e+03
  6.2400e+01     1.031375e+03
  6.2600e+01     1.041705e+03
  6.2800e+01     1.052153e+03
  6.3000e+01     1.062719e+03
  6.3200e+01     1.073406e+03
  6.3400e+01     1.084212e+03
  6.3600e+01     1.095141e+03
  6.3800e+01     1.106192e+03
  6.4000e+01     1.117366e+03
  6.4200e+01     1.128664e+03
  6.4400e+01     1.140088e+03
  6.4600e+01     1.151638e+03
  6.4800e+01     1.163315e+03
  6.5000e+01     1.175120e+03
  6.5200e+01     1.187054e+03
  6.5400e+01     1.199117e+03
  6.5600e+01     1.211311e+03
  6.5800e+01     1.223636e+03
  6.6000e+01     1.236094e+03
  6.6200e+01     1.248684e+03
  6.6400e+01     1.261408e+03
  6.6600e+01     1.274267e+03
  6.6800e+01     1.287260e+03
  6.7000e+01     1.300390e+03
  6.7200e+01     1.313657e+03
  6.7400e+01     1.327061e+03
  6.7600e+01     1.340603e+03
  6.7800e+01     1.354283e+03
  6.8000e+01     1.368103e+03
  6.8200e+01     1.382063e+03
  6.8400e+01     1.396164e+03
  6.8600e+01     1.410405e+03
  6.8800e+01     1.424788e+03
  6.9000e+01     1.439313e+03
  6.9200e+01     1.453980e+03
  6.9400e+01     1.468790e+03
  6.9600e+01     1.483744e+03
  6.9800e+01     1.498841e+03
  7.0000e+01     1.514082e+03
  7.0200e+01     1.529467e+03
  7.0400e+01     1.544996e+03
  7.0600e+01     1.560670e+03
  7.0800e+01     1.576488e+03
  7.1000e+01     1.592452e+03
  7.1200e+01     1.608560e+03
  7.1400e+01     1.624813e+03
  7.1600e+01     1.641211e+03
  7.1800e+01     1.657754e+03
  7.2000e+01     1.674441e+03
  7.2200e+01     1.691273e+03
  7.2400e+01     1.708249e+03
  7.2600e+01     1.725369e+03
  7.2800e+01     1.742632e+03
  7.3000e+01     1.760038e+03
  7.3200e+01     1.777587e+03
  7.3400e+01     1.795279e+03
  7.3600e+01     1.813111e+03
  7.3800e+01     1.831084e+03
  7.4000e+01     1.849198e+03
  7.4200e+01     1.867450e+03
  7.4400e+01     1.885841e+03
  7.4600e+01     1.904369e+03
  7.4800e+01     1.923034e+03
  7.5000e+01     1.941834e+03
  7.5200e+01     1.960768e+03
  7.5400e+01     1.979834e+03
  7.5600e+01     1.999032e+03
  7.5800e+01     2.018360e+03
  7.6000e+01     2.037817e+03
  7.6200e+01     2.057401e+03
  7.6400e+01     2.077109e+03
  7.6600e+01     2.096941e+03
  7.6800e+01     2.116895e+03
  7.7000e+01     2.136968e+03
  7.7200e+01     2.157159e+03
  7.7400e+01     2.177465e+03
  7.7600e+01     2.197884e+03
  7.7800e+01     2.218414e+03
  7.8000e+01     2.239052e+03
  7.8200e+01     2.259795e+03
  7.8400e+01     2.280642e+03
  7.8600e+01     2.301589e+03
  7.8800e+01     2.322633e+03
  7.9000e+01     2.343771e+03
  7.9200e+01     2.365001e+03
  7.9400e+01     2.386318e+03
  7.9600e+01     2.407720e+03
  7.9800e+01     2.429203e+03
  8.0000e+01     2.450764e+03
  8.0200e+01     2.472398e+03
  8.0400e+01     2.494103e+03
  8.0600e+01     2.515874e+03
  8.0800e+01     2.537707e+03
  8.1000e+01     2.559597e+03
  8.1200e+01     2.581541e+03
  8.1400e+01     2.603535e+03
  8.1600e+01     2.625573e+03
  8.1800e+01     2.647651e+03
  8.2000e+01     2.669764e+03
  8.2200e+01     2.691907e+03
  8.2400e+01     2.714075e+03
  8.2600e+01     2.736264e+03
  8.2800e+01     2.758467e+03
  8.3000e+01     2.780680e+03
  8.3200e+01     2.802896e+03
  8.3400e+01     2.825110e+03
  8.3600e+01     2.847317e+03
  8.3800e+01     2.869510e+03
  8.4000e+01     2.891684e+03
  8.4200e+01     2.913832e+03
  8.4400e+01     2.935948e+03
  8.4600e+01     2.958025e+03
  8.4800e+01     2.980058e+03
  8.5000e+01     3.002039e+03
  8.5200e+01     3.023961e+03
  8.5400e+01     3.045819e+03
  8.5600e+01     3.067605e+03
  8.5800e+01     3.089311e+03
  8.6000e+01     3.110931e+03
  8.6200e+01     3.132458e+03
  8.6400e+01     3.153884e+03
  8.6600e+01     3.175201e+03
  8.6800e+01     3.196403e+03
  8.7000e+01     3.217481e+03
  8.7200e+01     3.238428e+03
  8.7400e+01     3.259236e+03
  8.7600e+01     3.279897e+03
  8.7800e+01     3.300403e+03
  8.8000e+01     3.320747e+03
  8.8200e+01     3.340919e+03
  8.8400e+01     3.360912e+03
  8.8600e+01     3.380719e+03
  8.8800e+01     3.400329e+03
  8.9000e+01     3.419736e+03
  8.9200e+01     3.438931e+03
  8.9400e+01     3.457906e+03
  8.9600e+01     3.476652e+03
  8.9800e+01     3.495160e+03
  9.0000e+01     3.513423e+03
  9.0200e+01     3.531432e+03
  9.0400e+01     3.549179e+03
  9.0600e+01     3.566655e+03
  9.0800e+01     3.583851e+03
  9.1000e+01     3.600760e+03
  9.1200e+01     3.617373e+03
  9.1400e+01     3.633682e+03
  9.1600e+01     3.649679e+03
  9.1800e+01     3.665354e+03
  9.2000e+01     3.680701e+03
  9.2200e+01     3.695711e+03
  9.2400e+01     3.710376e+03
  9.2600e+01     3.724688e+03
  9.2800e+01     3.738639e+03
  9.3000e+01     3.752221e+03
  9.3200e+01     3.765428e+03
  9.3400e+01     3.778251e+03
  9.3600e+01     3.790682e+03
  9.3800e+01     3.802716e+03
  9.4000e+01     3.814343e+03
  9.4200e+01     3.825559e+03
  9.4400e+01     3.836354e+03
  9.4600e+01     3.846724e+03
  9.4800e+01     3.856662e+03
  9.5000e+01     3.866160e+03
  9.5200e+01     3.875213e+03
  9.5400e+01     3.883816e+03
  9.5600e+01     3.891961e+03
  9.5800e+01     3.899645e+03
  9.6000e+01     3.906861e+03
  9.6200e+01     3.913604e+03
  9.6400e+01     3.919869e+03
  9.6600e+01     3.925653e+03
  9.6800e+01     3.930950e+03
  9.7000e+01     3.935756e+03
  9.7200e+01     3.940068e+03
  9.7400e+01     3.943881e+03
  9.7600e+01     3.947193e+03
  9.7800e+01     3.950000e+03
  9.8000e+01     3.952300e+03
  9.8200e+01     3.954091e+03
  9.8400e+01     3.955369e+03
  9.8600e+01     3.956133e+03
  9.8800e+01     3.956381e+03
  9.9000e+01     3.956112e+03
  9.9200e+01     3.955325e+03
  9.9400e+01     3.954020e+03
  9.9600e+01     3.952195e+03
  9.9800e+01     3.949851e+03
  1.0000e+02     3.946988e+03
  1.0020e+02     3.943607e+03
  1.0040e+02     3.939708e+03
  1.0060e+02     3.935292e+03
  1.0080e+02     3.930361e+03
  1.0100e+02     3.924917e+03
  1.0120e+02     3.918962e+03
  1.0140e+02     3.912497e+03
  1.0160e+02     3.905527e+03
  1.0180e+02     3.898054e+03
  1.0200e+02     3.890081e+03
  1.0220e+02     3.881611e+03
  1.0240e+02     3.872650e+03
  1.0260e+02     3.863201e+03
  1.0280e+02     3.853268e+03
  1.0300e+02     3.842856e+03
  1.0320e+02     3.831971e+03
  1.0340e+02     3.820618e+03
  1.0360e+02     3.808802e+03
  1.0380e+02     3.796530e+03
  1.0400e+02     3.783807e+03
  1.0420e+02     3.770639e+03
  1.0440e+02     3.757035e+03
  1.0460e+02     3.743000e+03
  1.0480e+02     3.728542e+03
  1.0500e+02     3.713667e+03
  1.0520e+02     3.698384e+03
  1.0540e+02     3.682701e+03
  1.0560e+02     3.666624e+03
  1.0580e+02     3.650163e+03
  1.0600e+02     3.633326e+03
  1.0620e+02     3.616121e+03
  1.0640e+02     3.598558e+03
  1.0660e+02     3.580644e+03
  1.0680e+02     3.562388e+03
  1.0700e+02     3.543801e+03
  1.0720e+02     3.524891e+03
  1.0740e+02     3.505667e+03
  1.0760e+02     3.486139e+03
  1.0780e+02     3.466317e+03
  1.0800e+02     3.446210e+03
  1.0820e+02     3.425827e+03
  1.0840e+02     3.405179e+03
  1.0860e+02     3.384276e+03
  1.0880e+02     3.363126e+03
  1.0900e+02     3.341741e+03
  1.0920e+02     3.320130e+03
  1.0940e+02     3.298302e+03
  1.0960e+02     3.276269e+03
  1.0980e+02     3.254039e+03
  1.1000e+02     3.231624e+03
  1.1020e+02     3.209032e+03
  1.1040e+02     3.186273e+03
  1.1060e+02     3.163358e+03
  1.1080e+02     3.140296e+03
  1.1100e+02     3.117096e+03
  1.1120e+02     3.093770e+03
  1.1140e+02     3.070325e+03
  1.1160e+02     3.046772e+03
  1.1180e+02     3.023120e+03
  1.1200e+02     2.999378e+03
  1.1220e+02     2.975556e+03
  1.1240e+02     2.951662e+03
  1.1260e+02     2.927706e+03
  1.1280e+02     2.903697e+03
  1.1300e+02     2.879643e+03
  1.1320e+02     2.855553e+03
  1.1340e+02     2.831435e+03
  1.1360e+02     2.807298e+03
  1.1380e+02     2.783149e+03
  1.1400e+02     2.758998e+03
  1.1420e+02     2.734851e+03
  1.1440e+02     2.710717e+03
  1.1460e+02     2.686604e+03
  1.1480e+02     2.662517e+03
  1.1500e+02     2.638466e+03
  1.1520e+02     2.614456e+03
  1.1540e+02     2.590495e+03
  1.1560e+02     2.566589e+03
  1.1580e+02     2.542746e+03
  1.1600e+02     2.518970e+03
  1.1620e+02     2.495270e+03
  1.1640e+02     2.471649e+03
  1.1660e+02     2.448116e+03
  1.1680e+02     2.424674e+03
  1.1700e+02     2.401330e+03
  1.1720e+02     2.378088e+03
  1.1740e+02     2.354955e+03
  1.1760e+02     2.331934e+03
  1.1780e+02     2.309031e+03
  1.1800e+02     2.286250e+03
  1.1820e+02     2.263595e+03
  1.1840e+02     2.241072e+03
  1.1860e+02     2.218683e+03
  1.1880e+02     2.196433e+03
  1.1900e+02     2.174325e+03
  1.1920e+02     2.152363e+03
  1.1940e+02     2.130551e+03
  1.1960e+02     2.108891e+03
  1.1980e+02     2.087387e+03
  1.2000e+02     2.066041e+03
  1.2020e+02     2.044856e+03
  1.2040e+02     2.023835e+03
  1.2060e+02     2.002980e+03
  1.2080e+02     1.982294e+03
  1.2100e+02     1.961778e+03
  1.2120e+02     1.941435e+03
  1.2140e+02     1.921266e+03
  1.2160e+02     1.901273e+03
  1.2180e+02     1.881458e+03
  1.2200e+02     1.861822e+03
  1.2220e+02     1.842367e+03
  1.2240e+02     1.823093e+03
  1.2260e+02     1.804001e+03
  1.2280e+02     1.785094e+03
  1.2300e+02     1.766370e+03
  1.2320e+02     1.747832e+03
  1.2340e+02     1.729480e+03
  1.2360e+02     1.711314e+03
  1.2380e+02     1.693334e+03
  1.2400e+02     1.675542e+03
  1.2420e+02     1.657936e+03
  1.2440e+02     1.640518e+03
  1.2460e+02     1.623287e+03
  1.2480e+02     1.606244e+03
  1.2500e+02     1.589387e+03
  1.2520e+02     1.572718e+03
  1.2540e+02     1.556235e+03
  1.2560e+02     1.539938e+03
  1.2580e+02     1.523827e+03
  1.2600e+02     1.507901e+03
  1.2620e+02     1.492160e+03
  1.2640e+02     1.476603e+03
  1.2660e+02     1.461229e+03
  1.2680e+02     1.446037e+03
  1.2700e+02     1.431027e+03
  1.2720e+02     1.416198e+03
  1.2740e+02     1.401549e+03
  1.2760e+02     1.387079e+03
  1.2780e+02     1.372787e+03
  1.2800e+02     1.358672e+03
  1.2820e+02     1.344732e+03
  1.2840e+02     1.330967e+03
  1.2860e+02     1.317375e+03
  1.2880e+02     1.303956e+03
  1.2900e+02     1.290708e+03
  1.2920e+02     1.277629e+03
  1.2940e+02     1.264719e+03
  1.2960e+02     1.251976e+03
  1.2980e+02     1.239399e+03
  1.3000e+02     1.226986e+03
  1.3020e+02     1.214736e+03
  1.3040e+02     1.202648e+03
  1.3060e+02     1.190720e+03
  1.3080e+02     1.178951e+03
  1.3100e+02     1.167339e+03
  1.3120e+02     1.155883e+03
  1.3140e+02     1.144581e+03
  1.3160e+02     1.133433e+03
  1.3180e+02     1.122435e+03
  1.3200e+02     1.111588e+03
  1.3220e+02     1.100888e+03
  1.3240e+02     1.090336e+03
  1.3260e+02     1.079929e+03
  1.3280e+02     1.069666e+03
  1.3300e+02     1.059545e+03
  1.3320e+02     1.049564e+03
  1.3340e+02     1.039723e+03
  1.3360e+02     1.030020e+03
  1.3380e+02     1.020453e+03
  1.3400e+02     1.011021e+03
  1.3420e+02     1.001721e+03
  1.3440e+02     9.925541e+02
  1.3460e+02     9.835166e+02
  1.3480e+02     9.746077e+02
  1.3500e+02     9.658260e+02
  1.3520e+02     9.571699e+02
  1.3540e+02     9.486380e+02
  1.3560e+02     9.402288e+02
  1.3580e+02     9.319409e+02
  1.3600e+02     9.237727e+02
  1.3620e+02     9.157228e+02
  1.3640e+02     9.077898e+02
  1.3660e+02     8.999723e+02
  1.3680e+02     8.922689e+02
  1.3700e+02     8.846781e+02
  1.3720e+02     8.771985e+02
  1.3740e+02     8.698289e+02
  1.3760e+02     8.625677e+02
  1.3780e+02     8.554137e+02
  1.3800e+02     8.483654e+02
  1.3820e+02     8.414217e+02
  1.3840e+02     8.345811e+02
  1.3860e+02     8.278423e+02
  1.3880e+02     8.212041e+02
  1.3900e+02     8.146651e+02
  1.3920e+02     8.082241e+02
  1.3940e+02     8.018799e+02
  1.3960e+02     7.956312e+02
  1.3980e+02     7.894768e+02
  1.4000e+02     7.834154e+02
  1.4020e+02     7.774459e+02
  1.4040e+02     7.715671e+02
  1.4060e+02     7.657777e+02
  1.4080e+02     7.600768e+02
  1.4100e+02     7.544631e+02
  1.4120e+02     7.489354e+02
  1.4140e+02     7.434927e+02
  1.4160e+02     7.381339e+02
  1.4180e+02     7.328579e+02
  1.4200e+02     7.276636e+02
  1.4220e+02     7.225500e+02
  1.4240e+02     7.175160e+02
  1.4260e+02     7.125606e+02
  1.4280e+02     7.076827e+02
  1.4300e+02     7.028814e+02
  1.4320e+02     6.981558e+02
  1.4340e+02     6.935047e+02
  1.4360e+02     6.889273e+02
  1.4380e+02     6.844225e+02
  1.4400e+02     6.799896e+02
  1.4420e+02     6.756275e+02
  1.4440e+02     6.713354e+02
  1.4460e+02     6.671123e+02
  1.4480e+02     6.629574e+02
  1.4500e+02     6.588698e+02
  1.4520e+02     6.548487e+02
  1.4540e+02     6.508932e+02
  1.4560e+02     6.470024e+02
  1.4580e+02     6.431757e+02
  1.4600e+02     6.394122e+02
  1.4620e+02     6.357110e+02
  1.4640e+02     6.320714e+02
  1.4660e+02     6.284927e+02
  1.4680e+02     6.249741e+02
  1.4700e+02     6.215148e+02
  1.4720e+02     6.181142e+02
  1.4740e+02     6.147715e+02
  1.4760e+02     6.114859e+02
  1.4780e+02     6.082569e+02
  1.4800e+02     6.050837e+02
  1.4820e+02     6.019657e+02
  1.4840e+02     5.989022e+02
  1.4860e+02     5.958925e+02
  1.4880e+02     5.929360e+02
  1.4900e+02     5.900322e+02
  1.4920e+02     5.871803e+02
  1.4940e+02     5.843797e+02
  1.4960e+02     5.816300e+02
  1.4980e+02     5.789304e+02
  1.5000e+02     5.762804e+02
  1.5020e+02     5.736795e+02
  1.5040e+02     5.711271e+02
  1.5060e+02     5.686226e+02
  1.5080e+02     5.661656e+02
  1.5100e+02     5.637554e+02
  1.5120e+02     5.613917e+02
  1.5140e+02     5.590738e+02
  1.5160e+02     5.568012e+02
  1.5180e+02     5.545736e+02
  1.5200e+02     5.523904e+02
  1.5220e+02     5.502511e+02
  1.5240e+02     5.481553e+02
  1.5260e+02     5.461026e+02
  1.5280e+02     5.440924e+02
  1.5300e+02     5.421244e+02
  1.5320e+02     5.401981e+02
  1.5340e+02     5.383131e+02
  1.5360e+02     5.364691e+02
  1.5380e+02     5.346655e+02
  1.5400e+02     5.329021e+02
  1.5420e+02     5.311784e+02
  1.5440e+02     5.294940e+02
  1.5460e+02     5.278486e+02
  1.5480e+02     5.262418e+02
  1.5500e+02     5.246733e+02
  1.5520e+02     5.231427e+02
  1.5540e+02     5.216497e+02
  1.5560e+02     5.201940e+02
  1.5580e+02     5.187751e+02
  1.5600e+02     5.173929e+02
  1.5620e+02     5.160470e+02
  1.5640e+02     5.147370e+02
  1.5660e+02     5.134628e+02
  1.5680e+02     5.122239e+02
  1.5700e+02     5.110202e+02
  1.5720e+02     5.098514e+02
  1.5740e+02     5.087171e+02
  1.5760e+02     5.076171e+02
  1.5780e+02     5.065512e+02
  1.5800e+02     5.055190e+02
  1.5820e+02     5.045205e+02
  1.5840e+02     5.035553e+02
  1.5860e+02     5.026231e+02
  1.5880e+02     5.017238e+02
  1.5900e+02     5.008572e+02
  1.5920e+02     5.000230e+02
  1.5940e+02     4.992210e+02
  1.5960e+02     4.984510e+02
  1.5980e+02     4.977129e+02
  1.6000e+02     4.970064e+02
  1.6020e+02     4.963313e+02
  1.6040e+02     4.956875e+02
  1.6060e+02     4.950748e+02
  1.6080e+02     4.944930e+02
  1.6100e+02     4.939420e+02
  1.6120e+02     4.934216e+02
  1.6140e+02     4.929316e+02
  1.6160e+02     4.924719e+02
  1.6180e+02     4.920424e+02
  1.6200e+02     4.916429e+02
  1.6220e+02     4.912733e+02
  1.6240e+02     4.909334e+02
  1.6260e+02     4.906232e+02
  1.6280e+02     4.903425e+02
  1.6300e+02     4.900912e+02
  1.6320e+02     4.898692e+02
  1.6340e+02     4.896763e+02
  1.6360e+02     4.895126e+02
  1.6380e+02     4.893779e+02
  1.6400e+02     4.892721e+02
  1.6420e+02     4.891951e+02
  1.6440e+02     4.891469e+02
  1.6460e+02     4.891273e+02
  1.6480e+02     4.891364e+02
  1.6500e+02     4.891739e+02
  1.6520e+02     4.892400e+02
  1.6540e+02     4.893344e+02
  1.6560e+02     4.894573e+02
  1.6580e+02     4.896084e+02
  1.6600e+02     4.897878e+02
  1.6620e+02     4.899955e+02
  1.6640e+02     4.902313e+02
  1.6660e+02     4.904953e+02
  1.6680e+02     4.907874e+02
  1.6700e+02     4.911077e+02
  1.6720e+02     4.914560e+02
  1.6740e+02     4.918324e+02
  1.6760e+02     4.922369e+02
  1.6780e+02     4.926695e+02
  1.6800e+02     4.931301e+02
  1.6820e+02     4.936187e+02
  1.6840e+02     4.941355e+02
  1.6860e+02     4.946803e+02
  1.6880e+02     4.952532e+02
  1.6900e+02     4.958542e+02
  1.6920e+02     4.964833e+02
  1.6940e+02     4.971406e+02
  1.6960e+02     4.978261e+02
  1.6980e+02     4.985398e+02
  1.7000e+02     4.992818e+02
  1.7020e+02     5.000520e+02
  1.7040e+02     5.008506e+02
  1.7060e+02     5.016776e+02
  1.7080e+02     5.025330e+02
  1.7100e+02     5.034169e+02
  1.7120e+02     5.043294e+02
  1.7140e+02     5.052705e+02
  1.7160e+02     5.062403e+02
  1.7180e+02     5.072389e+02
  1.7200e+02     5.082663e+02
  1.7220e+02     5.093226e+02
  1.7240e+02     5.104079e+02
  1.7260e+02     5.115223e+02
  1.7280e+02     5.126659e+02
  1.7300e+02     5.138388e+02
  1.7320e+02     5.150410e+02
  1.7340e+02     5.162727e+02
  1.7360e+02     5.175340e+02
  1.7380e+02     5.188250e+02
  1.7400e+02     5.201458e+02
  1.7420e+02     5.214965e+02
  1.7440e+02     5.228772e+02
  1.7460e+02     5.242881e+02
  1.7480e+02     5.257293e+02
  1.7500e+02     5.272010e+02
  1.7520e+02     5.287031e+02
  1.7540e+02     5.302360e+02
  1.7560e+02     5.317997e+02
  1.7580e+02     5.333944e+02
  1.7600e+02     5.350203e+02
  1.7620e+02     5.366774e+02
  1.7640e+02     5.383660e+02
  1.7660e+02     5.400862e+02
  1.7680e+02     5.418381e+02
  1.7700e+02     5.436220e+02
  1.7720e+02     5.454380e+02
  1.7740e+02     5.472863e+02
  1.7760e+02     5.491671e+02
  1.7780e+02     5.510805e+02
  1.7800e+02     5.530268e+02
  1.7820e+02     5.550061e+02
  1.7840e+02     5.570186e+02
  1.7860e+02     5.590645e+02
  1.7880e+02     5.611441e+02
  1.7900e+02     5.632574e+02
  1.7920e+02     5.654049e+02
  1.7940e+02     5.675865e+02
  1.7960e+02     5.698026e+02
  1.7980e+02     5.720534e+02
  1.8000e+02     5.743392e+02
  1.8020e+02     5.766600e+02
  1.8040e+02     5.790162e+02
  1.8060e+02     5.814080e+02
  1.8080e+02     5.838357e+02
  1.8100e+02     5.862994e+02
  1.8120e+02     5.887995e+02
  1.8140e+02     5.913361e+02
  1.8160e+02     5.939095e+02
  1.8180e+02     5.965201e+02
  1.8200e+02     5.991679e+02
  1.8220e+02     6.018534e+02
  1.8240e+02     6.045768e+02
  1.8260e+02     6.073383e+02
  1.8280e+02     6.101382e+02
  1.8300e+02     6.129768e+02
  1.8320e+02     6.158544e+02
  1.8340e+02     6.187712e+02
  1.8360e+02     6.217277e+02
  1.8380e+02     6.247239e+02
  1.8400e+02     6.277603e+02
  1.8420e+02     6.308371e+02
  1.8440e+02     6.339547e+02
  1.8460e+02     6.371134e+02
  1.8480e+02     6.403134e+02
  1.8500e+02     6.435550e+02
  1.8520e+02     6.468387e+02
  1.8540e+02     6.501647e+02
  1.8560e+02     6.535333e+02
  1.8580e+02     6.569449e+02
  1.8600e+02     6.603998e+02
  1.8620e+02     6.638983e+02
  1.8640e+02     6.674408e+02
  1.8660e+02     6.710276e+02
  1.8680e+02     6.746590e+02
  1.8700e+02     6.783355e+02
  1.8720e+02     6.820573e+02
  1.8740e+02     6.858248e+02
  1.8760e+02     6.896385e+02
  1.8780e+02     6.934985e+02
  1.8800e+02     6.974053e+02
  1.8820e+02     7.013593e+02
  1.8840e+02     7.053609e+02
  1.8860e+02     7.094103e+02
  1.8880e+02     7.135081e+02
  1.8900e+02     7.176545e+02
  1.8920e+02     7.218499e+02
  1.8940e+02     7.260948e+02
  1.8960e+02     7.303896e+02
  1.8980e+02     7.347345e+02
  1.9000e+02     7.391301e+02
  1.9020e+02     7.435766e+02
  1.9040e+02     7.480746e+02
  1.9060e+02     7.526244e+02
  1.9080e+02     7.572264e+02
  1.9100e+02     7.618811e+02
  1.9120e+02     7.665888e+02
  1.9140e+02     7.713499e+02
  1.9160e+02     7.761649e+02
  1.9180e+02     7.810342e+02
  1.9200e+02     7.859582e+02
  1.9220e+02     7.909373e+02
  1.9240e+02     7.959720e+02
  1.9260e+02     8.010627e+02
  1.9280e+02     8.062098e+02
  1.9300e+02     8.114137e+02
  1.9320e+02     8.166749e+02
  1.9340e+02     8.219937e+02
  1.9360e+02     8.273708e+02
  1.9380e+02     8.328063e+02
  1.9400e+02     8.383010e+02
  1.9420e+02     8.438550e+02
  1.9440e+02     8.494690e+02
  1.9460e+02     8.551432e+02
  1.9480e+02     8.608783e+02
  1.9500e+02     8.666745e+02
  1.9520e+02     8.725325e+02
  1.9540e+02     8.784525e+02
  1.9560e+02     8.844351e+02
  1.9580e+02     8.904806e+02
  1.9600e+02     8.965896e+02
  1.9620e+02     9.027625e+02
  1.9640e+02     9.089997e+02
  1.9660e+02     9.153017e+02
  1.9680e+02     9.216689e+02
  1.9700e+02     9.281018e+02
  1.9720e+02     9.346007e+02
  1.9740e+02     9.411662e+02
  1.9760e+02     9.477987e+02
  1.9780e+02     9.544986e+02
  1.9800e+02     9.612663e+02
  1.9820e+02     9.681023e+02
  1.9840e+02     9.750071e+02
  1.9860e+02     9.819810e+02
  1.9880e+02     9.890245e+02
  1.9900e+02     9.961380e+02
  1.9920e+02     1.003321e+03
  1.9940e+02     1.010576e+03
  1.9960e+02     1.017902e+03
  1.9980e+02     1.025300e+03
  2.0000e+02     1.032770e+03
  2.0020e+02     1.040312e+03
  2.0040e+02     1.047927e+03
  2.0060e+02     1.055616e+03
  2.0080e+02     1.063378e+03
  2.0100e+02     1.071214e+03
  2.0120e+02     1.079125e+03
  2.0140e+02     1.087111e+03
  2.0160e+02     1.095172e+03
  2.0180e+02     1.103308e+03
  2.0200e+02     1.111520e+03
  2.0220e+02     1.119809e+03
  2.0240e+02     1.128174e+03
  2.0260e+02     1.136616e+03
  2.0280e+02     1.145135e+03
  2.0300e+02     1.153732e+03
  2.0320e+02     1.162407e+03
  2.0340e+02     1.171160e+03
  2.0360e+02     1.179992e+03
  2.0380e+02     1.188903e+03
  2.0400e+02     1.197892e+03
  2.0420e+02     1.206961e+03
  2.0440e+02     1.216109e+03
  2.0460e+02     1.225337e+03
  2.0480e+02     1.234646e+03
  2.0500e+02     1.244034e+03
  2.0520e+02     1.253503e+03
  2.0540e+02     1.263053e+03
  2.0560e+02     1.272683e+03
  2.0580e+02     1.282395e+03
  2.0600e+02     1.292187e+03
  2.0620e+02     1.302061e+03
  2.0640e+02     1.312016e+03
  2.0660e+02     1.322053e+03
  2.0680e+02     1.332172e+03
  2.0700e+02     1.342372e+03
  2.0720e+02     1.352653e+03
  2.0740e+02     1.363017e+03
  2.0760e+02     1.373462e+03
  2.0780e+02     1.383989e+03
  2.0800e+02     1.394598e+03
  2.0820e+02     1.405288e+03
  2.0840e+02     1.416060e+03
  2.0860e+02     1.426914e+03
  2.0880e+02     1.437849e+03
  2.0900e+02     1.448866e+03
  2.0920e+02     1.459963e+03
  2.0940e+02     1.471142e+03
  2.0960e+02     1.482402e+03
  2.0980e+02     1.493742e+03
  2.1000e+02     1.505162e+03
  2.1020e+02     1.516663e+03
  2.1040e+02     1.528243e+03
  2.1060e+02     1.539903e+03
  2.1080e+02     1.551642e+03
  2.1100e+02     1.563459e+03
  2.1120e+02     1.575355e+03
  2.1140e+02     1.587329e+03
  2.1160e+02     1.599380e+03
  2.1180e+02     1.611508e+03
  2.1200e+02     1.623713e+03
  2.1220e+02     1.635993e+03
  2.1240e+02     1.648349e+03
  2.1260e+02     1.660780e+03
  2.1280e+02     1.673284e+03
  2.1300e+02     1.685861e+03
  2.1320e+02     1.698512e+03
  2.1340e+02     1.711234e+03
  2.1360e+02     1.724026e+03
  2.1380e+02     1.736890e+03
  2.1400e+02     1.749822e+03
  2.1420e+02     1.762823e+03
  2.1440e+02     1.775891e+03
  2.1460e+02     1.789026e+03
  2.1480e+02     1.802226e+03
  2.1500e+02     1.815490e+03
  2.1520e+02     1.828818e+03
  2.1540e+02     1.842208e+03
  2.1560e+02     1.855658e+03
  2.1580e+02     1.869169e+03
  2.1600e+02     1.882737e+03
  2.1620e+02     1.896363e+03
  2.1640e+02     1.910045e+03
  2.1660e+02     1.923781e+03
  2.1680e+02     1.937569e+03
  2.1700e+02     1.951410e+03
  2.1720e+02     1.965299e+03
  2.1740e+02     1.979237e+03
  2.1760e+02     1.993222e+03
  2.1780e+02     2.007252e+03
  2.1800e+02     2.021324e+03
  2.1820e+02     2.035439e+03
  2.1840e+02     2.049592e+03
  2.1860e+02     2.063784e+03
  2.1880e+02     2.078011e+03
  2.1900e+02     2.092271e+03
  2.1920e+02     2.106564e+03
  2.1940e+02     2.120886e+03
  2.1960e+02     2.135236e+03
  2.1980e+02     2.149611e+03
  2.2000e+02     2.164010e+03
  2.2020e+02     2.178429e+03
  2.2040e+02     2.192866e+03
  2.2060e+02     2.207320e+03
  2.2080e+02     2.221788e+03
  2.2100e+02     2.236267e+03
  2.2120e+02     2.250754e+03
  2.2140e+02     2.265248e+03
  2.2160e+02     2.279745e+03
  2.2180e+02     2.294244e+03
  2.2200e+02     2.308740e+03
  2.2220e+02     2.323231e+03
  2.2240e+02     2.337716e+03
  2.2260e+02     2.352189e+03
  2.2280e+02     2.366650e+03
  2.2300e+02     2.381094e+03
  2.2320e+02     2.395519e+03
  2.2340e+02     2.409922e+03
  2.2360e+02     2.424299e+03
  2.2380e+02     2.438647e+03
  2.2400e+02     2.452964e+03
  2.2420e+02     2.467246e+03
  2.2440e+02     2.481490e+03
  2.2460e+02     2.495691e+03
  2.2480e+02     2.509848e+03
  2.2500e+02     2.523956e+03
  2.2520e+02     2.538013e+03
  2.2540e+02     2.552014e+03
  2.2560e+02     2.565956e+03
  2.2580e+02     2.579836e+03
  2.2600e+02     2.593649e+03
  2.2620e+02     2.607393e+03
  2.2640e+02     2.621063e+03
  2.2660e+02     2.634657e+03
  2.2680e+02     2.648169e+03
  2.2700e+02     2.661597e+03
  2.2720e+02     2.674937e+03
  2.2740e+02     2.688185e+03
  2.2760e+02     2.701336e+03
  2.2780e+02     2.714388e+03
  2.2800e+02     2.727336e+03
  2.2820e+02     2.740177e+03
  2.2840e+02     2.752906e+03
  2.2860e+02     2.765519e+03
  2.2880e+02     2.778014e+03
  2.2900e+02     2.790385e+03
  2.2920e+02     2.802629e+03
  2.2940e+02     2.814741e+03
  2.2960e+02     2.826719e+03
  2.2980e+02     2.838558e+03
  2.3000e+02     2.850253e+03
  2.3020e+02     2.861802e+03
  2.3040e+02     2.873199e+03
  2.3060e+02     2.884442e+03
  2.3080e+02     2.895526e+03
  2.3100e+02     2.906448e+03
  2.3120e+02     2.917203e+03
  2.3140e+02     2.927787e+03
  2.3160e+02     2.938197e+03
  2.3180e+02     2.948430e+03
  2.3200e+02     2.958480e+03
  2.3220e+02     2.968344e+03
  2.3240e+02     2.978019e+03
  2.3260e+02     2.987501e+03
  2.3280e+02     2.996786e+03
  2.3300e+02     3.005871e+03
  2.3320e+02     3.014752e+03
  2.3340e+02     3.023425e+03
  2.3360e+02     3.031887e+03
  2.3380e+02     3.040135e+03
  2.3400e+02     3.048164e+03
  2.3420e+02     3.055973e+03
  2.3440e+02     3.063557e+03
  2.3460e+02     3.070913e+03
  2.3480e+02     3.078039e+03
  2.3500e+02     3.084931e+03
  2.3520e+02     3.091586e+03
  2.3540e+02     3.098001e+03
  2.3560e+02     3.104174e+03
  2.3580e+02     3.110101e+03
  2.3600e+02     3.115780e+03
  2.3620e+02     3.121208e+03
  2.3640e+02     3.126383e+03
  2.3660e+02     3.131303e+03
  2.3680e+02     3.135964e+03
  2.3700e+02     3.140366e+03
  2.3720e+02     3.144505e+03
  2.3740e+02     3.148379e+03
  2.3760e+02     3.151987e+03
  2.3780e+02     3.155327e+03
  2.3800e+02     3.158397e+03
  2.3820e+02     3.161195e+03
  2.3840e+02     3.163720e+03
  2.3860e+02     3.165971e+03
  2.3880e+02     3.167945e+03
  2.3900e+02     3.169643e+03
  2.3920e+02     3.171062e+03
  2.3940e+02     3.172202e+03
  2.3960e+02     3.173063e+03
  2.3980e+02     3.173642e+03
  2.4000e+02     3.173940e+03
  2.4020e+02     3.173957e+03
  2.4040e+02     3.173691e+03
  2.4060e+02     3.173143e+03
  2.4080e+02     3.172312e+03
  2.4100e+02     3.171198e+03
  2.4120e+02     3.169803e+03
  2.4140e+02     3.168124e+03
  2.4160e+02     3.166164e+03
  2.4180e+02     3.163923e+03
  2.4200e+02     3.161401e+03
  2.4220e+02     3.158599e+03
  2.4240e+02     3.155517e+03
  2.4260e+02     3.152158e+03
  2.4280e+02     3.148521e+03
  2.4300e+02     3.144609e+03
  2.4320e+02     3.140422e+03
  2.4340e+02     3.135962e+03
  2.4360e+02     3.131230e+03
  2.4380e+02     3.126229e+03
  2.4400e+02     3.120960e+03
  2.4420e+02     3.115425e+03
  2.4440e+02     3.109625e+03
  2.4460e+02     3.103565e+03
  2.4480e+02     3.097244e+03
  2.4500e+02     3.090667e+03
  2.4520e+02     3.083834e+03
  2.4540e+02     3.076750e+03
  2.4560e+02     3.069417e+03
  2.4580e+02     3.061836e+03
  2.4600e+02     3.054013e+03
  2.4620e+02     3.045948e+03
  2.4640e+02     3.037646e+03
  2.4660e+02     3.029110e+03
  2.4680e+02     3.020342e+03
  2.4700e+02     3.011347e+03
  2.4720e+02     3.002127e+03
  2.4740e+02     2.992687e+03
  2.4760e+02     2.983029e+03
  2.4780e+02     2.973158e+03
  2.4800e+02     2.963077e+03
  2.4820e+02     2.952790e+03
  2.4840e+02     2.942300e+03
  2.4860e+02     2.931613e+03
  2.4880e+02     2.920731e+03
  2.4900e+02     2.909660e+03
  2.4920e+02     2.898402e+03
  2.4940e+02     2.886962e+03
  2.4960e+02     2.875345e+03
  2.4980e+02     2.863554e+03
  2.5000e+02     2.851594e+03
  2.5020e+02     2.839469e+03
  2.5040e+02     2.827184e+03
  2.5060e+02     2.814743e+03
  2.5080e+02     2.802150e+03
  2.5100e+02     2.789409e+03
  2.5120e+02     2.776526e+03
  2.5140e+02     2.763505e+03
  2.5160e+02     2.750350e+03
  2.5180e+02     2.737065e+03
  2.5200e+02     2.723656e+03
  2.5220e+02     2.710126e+03
  2.5240e+02     2.696481e+03
  2.5260e+02     2.682724e+03
  2.5280e+02     2.668861e+03
  2.5300e+02     2.654895e+03
  2.5320e+02     2.640832e+03
  2.5340e+02     2.626675e+03
  2.5360e+02     2.612429e+03
  2.5380e+02     2.598099e+03
  2.5400e+02     2.583689e+03
  2.5420e+02     2.569203e+03
  2.5440e+02     2.554646e+03
  2.5460e+02     2.540022e+03
  2.5480e+02     2.525335e+03
  2.5500e+02     2.510590e+03
  2.5520e+02     2.495791e+03
  2.5540e+02     2.480942e+03
  2.5560e+02     2.466047e+03
  2.5580e+02     2.451111e+03
  2.5600e+02     2.436137e+03
  2.5620e+02     2.421129e+03
  2.5640e+02     2.406092e+03
  2.5660e+02     2.391029e+03
  2.5680e+02     2.375945e+03
  2.5700e+02     2.360842e+03
  2.5720e+02     2.345725e+03
  2.5740e+02     2.330598e+03
  2.5760e+02     2.315464e+03
  2.5780e+02     2.300327e+03
  2.5800e+02     2.285190e+03
  2.5820e+02     2.270057e+03
  2.5840e+02     2.254931e+03
  2.5860e+02     2.239815e+03
  2.5880e+02     2.224714e+03
  2.5900e+02     2.209629e+03
  2.5920e+02     2.194565e+03
  2.5940e+02     2.179524e+03
  2.5960e+02     2.164509e+03
  2.5980e+02     2.149524e+03
  2.6000e+02     2.134571e+03
  2.6020e+02     2.119653e+03
  2.6040e+02     2.104772e+03
  2.6060e+02     2.089933e+03
  2.6080e+02     2.075136e+03
  2.6100e+02     2.060385e+03
  2.6120e+02     2.045682e+03
  2.6140e+02     2.031030e+03
  2.6160e+02     2.016430e+03
  2.6180e+02     2.001886e+03
  2.6200e+02     1.987400e+03
  2.6220e+02     1.972973e+03
  2.6240e+02     1.958608e+03
  2.6260e+02     1.944306e+03
  2.6280e+02     1.930070e+03
  2.6300e+02     1.915902e+03
  2.6320e+02     1.901803e+03
  2.6340e+02     1.887776e+03
  2.6360e+02     1.873821e+03
  2.6380e+02     1.859941e+03
  2.6400e+02     1.846137e+03
  2.6420e+02     1.832411e+03
  2.6440e+02     1.818763e+03
  2.6460e+02     1.805197e+03
  2.6480e+02     1.791712e+03
  2.6500e+02     1.778310e+03
  2.6520e+02     1.764992e+03
  2.6540e+02     1.751760e+03
  2.6560e+02     1.738615e+03
  2.6580e+02     1.725557e+03
  2.6600e+02     1.712588e+03
  2.6620e+02     1.699708e+03
  2.6640e+02     1.686919e+03
  2.6660e+02     1.674222e+03
  2.6680e+02     1.661616e+03
  2.6700e+02     1.649104e+03
  2.6720e+02     1.636684e+03
  2.6740e+02     1.624360e+03
  2.6760e+02     1.612130e+03
  2.6780e+02     1.599995e+03
  2.6800e+02     1.587956e+03
  2.6820e+02     1.576014e+03
  2.6840e+02     1.564168e+03
  2.6860e+02     1.552420e+03
  2.6880e+02     1.540769e+03
  2.6900e+02     1.529216e+03
  2.6920e+02     1.517761e+03
  2.6940e+02     1.506405e+03
  2.6960e+02     1.495147e+03
  2.6980e+02     1.483987e+03
  2.7000e+02     1.472927e+03
  2.7020e+02     1.461965e+03
  2.7040e+02     1.451103e+03
  2.7060e+02     1.440339e+03
  2.7080e+02     1.429675e+03
  2.7100e+02     1.419109e+03
  2.7120e+02     1.408642e+03
  2.7140e+02     1.398274e+03
  2.7160e+02     1.388005e+03
  2.7180e+02     1.377835e+03
  2.7200e+02     1.367763e+03
  2.7220e+02     1.357789e+03
  2.7240e+02     1.347913e+03
  2.7260e+02     1.338135e+03
  2.7280e+02     1.328454e+03
  2.7300e+02     1.318871e+03
  2.7320e+02     1.309384e+03
  2.7340e+02     1.299995e+03
  2.7360e+02     1.290701e+03
  2.7380e+02     1.281504e+03
  2.7400e+02     1.272402e+03
  2.7420e+02     1.263395e+03
  2.7440e+02     1.254483e+03
  2.7460e+02     1.245665e+03
  2.7480e+02     1.236941e+03
  2.7500e+02     1.228311e+03
  2.7520e+02     1.219774e+03
  2.7540e+02     1.211330e+03
  2.7560e+02     1.202977e+03
  2.7580e+02     1.194716e+03
  2.7600e+02     1.186546e+03
  2.7620e+02     1.178467e+03
  2.7640e+02     1.170478e+03
  2.7660e+02     1.162578e+03
  2.7680e+02     1.154768e+03
  2.7700e+02     1.147045e+03
  2.7720e+02     1.139411e+03
  2.7740e+02     1.131864e+03
  2.7760e+02     1.124404e+03
  2.7780e+02     1.117030e+03
  2.7800e+02     1.109741e+03
  2.7820e+02     1.102538e+03
  2.7840e+02     1.095419e+03
  2.7860e+02     1.088384e+03
  2.7880e+02     1.081432e+03
  2.7900e+02     1.074563e+03
  2.7920e+02     1.067776e+03
  2.7940e+02     1.061070e+03
  2.7960e+02     1.054445e+03
  2.7980e+02     1.047901e+03
  2.8000e+02     1.041436e+03
  2.8020e+02     1.035050e+03
  2.8040e+02     1.028743e+03
  2.8060e+02     1.022513e+03
  2.8080e+02     1.016361e+03
  2.8100e+02     1.010285e+03
  2.8120e+02     1.004285e+03
  2.8140e+02     9.983615e+02
  2.8160e+02     9.925119e+02
  2.8180e+02     9.867364e+02
  2.8200e+02     9.810346e+02
  2.8220e+02     9.754056e+02
  2.8240e+02     9.698491e+02
  2.8260e+02     9.643643e+02
  2.8280e+02     9.589506e+02
  2.8300e+02     9.536075e+02
  2.8320e+02     9.483344e+02
  2.8340e+02     9.431306e+02
  2.8360e+02     9.379957e+02
  2.8380e+02     9.329289e+02
  2.8400e+02     9.279298e+02
  2.8420e+02     9.229977e+02
  2.8440e+02     9.181320e+02
  2.8460e+02     9.133323e+02
  2.8480e+02     9.085979e+02
  2.8500e+02     9.039282e+02
  2.8520e+02     8.993228e+02
  2.8540e+02     8.947810e+02
  2.8560e+02     8.903023e+02
  2.8580e+02     8.858861e+02
  2.8600e+02     8.815320e+02
  2.8620e+02     8.772393e+02
  2.8640e+02     8.730075e+02
  2.8660e+02     8.688362e+02
  2.8680e+02     8.647247e+02
  2.8700e+02     8.606726e+02
  2.8720e+02     8.566793e+02
  2.8740e+02     8.527444e+02
  2.8760e+02     8.488673e+02
  2.8780e+02     8.450474e+02
  2.8800e+02     8.412845e+02
  2.8820e+02     8.375778e+02
  2.8840e+02     8.339270e+02
  2.8860e+02     8.303316e+02
  2.8880e+02     8.267911e+02
  2.8900e+02     8.233050e+02
  2.8920e+02     8.198728e+02
  2.8940e+02     8.164941e+02
  2.8960e+02     8.131685e+02
  2.8980e+02     8.098955e+02
  2.9000e+02     8.066746e+02
  2.9020e+02     8.035054e+02
  2.9040e+02     8.003875e+02
  2.9060e+02     7.973204e+02
  2.9080e+02     7.943038e+02
  2.9100e+02     7.913372e+02
  2.9120e+02     7.884201e+02
  2.9140e+02     7.855522e+02
  2.9160e+02     7.827331e+02
  2.9180e+02     7.799624e+02
  2.9200e+02     7.772397e+02
  2.9220e+02     7.745645e+02
  2.9240e+02     7.719366e+02
  2.9260e+02     7.693556e+02
  2.9280e+02     7.668210e+02
  2.9300e+02     7.643325e+02
  2.9320e+02     7.618898e+02
  2.9340e+02     7.594925e+02
  2.9360e+02     7.571402e+02
  2.9380e+02     7.548326e+02
  2.9400e+02     7.525694e+02
  2.9420e+02     7.503502e+02
  2.9440e+02     7.481747e+02
  2.9460e+02     7.460426e+02
  2.9480e+02     7.439536e+02
  2.9500e+02     7.419073e+02
  2.9520e+02     7.399034e+02
  2.9540e+02     7.379416e+02
  2.9560e+02     7.360217e+02
  2.9580e+02     7.341433e+02
  2.9600e+02     7.323062e+02
  2.9620e+02     7.305100e+02
  2.9640e+02     7.287545e+02
  2.9660e+02     7.270394e+02
  2.9680e+02     7.253645e+02
  2.9700e+02     7.237295e+02
  2.9720e+02     7.221340e+02
  2.9740e+02     7.205780e+02
  2.9760e+02     7.190610e+02
  2.9780e+02     7.175829e+02
  2.9800e+02     7.161435e+02
  2.9820e+02     7.147424e+02
  2.9840e+02     7.133795e+02
  2.9860e+02     7.120546e+02
  2.9880e+02     7.107673e+02
  2.9900e+02     7.095176e+02
  2.9920e+02     7.083051e+02
  2.9940e+02     7.071297e+02
  2.9960e+02     7.059912e+02
  2.9980e+02     7.048893e+02
  3.0000e+02     7.038239e+02
  3.0020e+02     7.027948e+02
  3.0040e+02     7.018018e+02
  3.0060e+02     7.008448e+02
  3.0080e+02     6.999234e+02
  3.0100e+02     6.990376e+02
  3.0120e+02     6.981873e+02
  3.0140e+02     6.973721e+02
  3.0160e+02     6.965920e+02
  3.0180e+02     6.958469e+02
  3.0200e+02     6.951365e+02
  3.0220e+02     6.944607e+02
  3.0240e+02     6.938193e+02
  3.0260e+02     6.932124e+02
  3.0280e+02     6.926395e+02
  3.0300e+02     6.921008e+02
  3.0320e+02     6.915960e+02
  3.0340e+02     6.911250e+02
  3.0360e+02     6.906876e+02
  3.0380e+02     6.902839e+02
  3.0400e+02     6.899136e+02
  3.0420e+02     6.895766e+02
  3.0440e+02     6.892729e+02
  3.0460e+02     6.890023e+02
  3.0480e+02     6.887648e+02
  3.0500e+02     6.885602e+02
  3.0520e+02     6.883885e+02
  3.0540e+02     6.882496e+02
  3.0560e+02     6.881433e+02
  3.0580e+02     6.880696e+02
  3.0600e+02     6.880285e+02
  3.0620e+02     6.880199e+02
  3.0640e+02     6.880436e+02
  3.0660e+02     6.880997e+02
  3.0680e+02     6.881880e+02
  3.0700e+02     6.883086e+02
  3.0720e+02     6.884613e+02
  3.0740e+02     6.886461e+02
  3.0760e+02     6.888630e+02
  3.0780e+02     6.891119e+02
  3.0800e+02     6.893927e+02
  3.0820e+02     6.897055e+02
  3.0840e+02     6.900502e+02
  3.0860e+02     6.904268e+02
  3.0880e+02     6.908352e+02
  3.0900e+02     6.912755e+02
  3.0920e+02     6.917475e+02
  3.0940e+02     6.922513e+02
  3.0960e+02     6.927869e+02
  3.0980e+02     6.933542e+02
  3.1000e+02     6.939533e+02
  3.1020e+02     6.945842e+02
  3.1040e+02     6.952467e+02
  3.1060e+02     6.959411e+02
  3.1080e+02     6.966671e+02
  3.1100e+02     6.974250e+02
  3.1120e+02     6.982145e+02
  3.1140e+02     6.990359e+02
  3.1160e+02     6.998891e+02
  3.1180e+02     7.007741e+02
  3.1200e+02     7.016909e+02
  3.1220e+02     7.026396e+02
  3.1240e+02     7.036202e+02
  3.1260e+02     7.046327e+02
  3.1280e+02     7.056772e+02
  3.1300e+02     7.067537e+02
  3.1320e+02     7.078622e+02
  3.1340e+02     7.090028e+02
  3.1360e+02     7.101755e+02
  3.1380e+02     7.113804e+02
  3.1400e+02     7.126176e+02
  3.1420e+02     7.138870e+02
  3.1440e+02     7.151887e+02
  3.1460e+02     7.165229e+02
  3.1480e+02     7.178895e+02
  3.1500e+02     7.192887e+02
  3.1520e+02     7.207204e+02
  3.1540e+02     7.221848e+02
  3.1560e+02     7.236820e+02
  3.1580e+02     7.252120e+02
  3.1600e+02     7.267748e+02
  3.1620e+02     7.283707e+02
  3.1640e+02     7.299996e+02
  3.1660e+02     7.316617e+02
  3.1680e+02     7.333570e+02
  3.1700e+02     7.350856e+02
  3.1720e+02     7.368476e+02
  3.1740e+02     7.386432e+02
  3.1760e+02     7.404724e+02
  3.1780e+02     7.423353e+02
  3.1800e+02     7.442320e+02
  3.1820e+02     7.461627e+02
  3.1840e+02     7.481274e+02
  3.1860e+02     7.501262e+02
  3.1880e+02     7.521593e+02
  3.1900e+02     7.542268e+02
  3.1920e+02     7.563288e+02
  3.1940e+02     7.584654e+02
  3.1960e+02     7.606367e+02
  3.1980e+02     7.628429e+02
  3.2000e+02     7.650840e+02
  3.2020e+02     7.673603e+02
  3.2040e+02     7.696719e+02
  3.2060e+02     7.720188e+02
  3.2080e+02     7.744012e+02
  3.2100e+02     7.768193e+02
  3.2120e+02     7.792732e+02
  3.2140e+02     7.817630e+02
  3.2160e+02     7.842889e+02
  3.2180e+02     7.868511e+02
  3.2200e+02     7.894495e+02
  3.2220e+02     7.920845e+02
  3.2240e+02     7.947562e+02
  3.2260e+02     7.974647e+02
  3.2280e+02     8.002102e+02
  3.2300e+02     8.029928e+02
  3.2320e+02     8.058127e+02
  3.2340e+02     8.086700e+02
  3.2360e+02     8.115649e+02
  3.2380e+02     8.144977e+02
  3.2400e+02     8.174683e+02
  3.2420e+02     8.204771e+02
  3.2440e+02     8.235241e+02
  3.2460e+02     8.266096e+02
  3.2480e+02     8.297336e+02
  3.2500e+02     8.328965e+02
  3.2520e+02     8.360983e+02
  3.2540e+02     8.393392e+02
  3.2560e+02     8.426195e+02
  3.2580e+02     8.459392e+02
  3.2600e+02     8.492985e+02
  3.2620e+02     8.526978e+02
  3.2640e+02     8.561370e+02
  3.2660e+02     8.596164e+02
  3.2680e+02     8.631362e+02
  3.2700e+02     8.666965e+02
  3.2720e+02     8.702976e+02
  3.2740e+02     8.739396e+02
  3.2760e+02     8.776228e+02
  3.2780e+02     8.813472e+02
  3.2800e+02     8.851131e+02
  3.2820e+02     8.889207e+02
  3.2840e+02     8.927702e+02
  3.2860e+02     8.966616e+02
  3.2880e+02     9.005954e+02
  3.2900e+02     9.045715e+02
  3.2920e+02     9.085903e+02
  3.2940e+02     9.126518e+02
  3.2960e+02     9.167564e+02
  3.2980e+02     9.209041e+02
  3.3000e+02     9.250952e+02
  3.3020e+02     9.293298e+02
  3.3040e+02     9.336082e+02
  3.3060e+02     9.379305e+02
  3.3080e+02     9.422970e+02
  3.3100e+02     9.467077e+02
  3.3120e+02     9.511630e+02
  3.3140e+02     9.556629e+02
  3.3160e+02     9.602077e+02
  3.3180e+02     9.647975e+02
  3.3200e+02     9.694326e+02
  3.3220e+02     9.741130e+02
  3.3240e+02     9.788391e+02
  3.3260e+02     9.836110e+02
  3.3280e+02     9.884288e+02
  3.3300e+02     9.932927e+02
  3.3320e+02     9.982030e+02
  3.3340e+02     1.003159e+03
  3.3360e+02     1.008163e+03
  3.3380e+02     1.013213e+03
  3.3400e+02     1.018310e+03
  3.3420e+02     1.023455e+03
  3.3440e+02     1.028646e+03
  3.3460e+02     1.033885e+03
  3.3480e+02     1.039172e+03
  3.3500e+02     1.044507e+03
  3.3520e+02     1.049890e+03
  3.3540e+02     1.055320e+03
  3.3560e+02     1.060799e+03
  3.3580e+02     1.066327e+03
  3.3600e+02     1.071903e+03
  3.3620e+02     1.077528e+03
  3.3640e+02     1.083201e+03
  3.3660e+02     1.088924e+03
  3.3680e+02     1.094695e+03
  3.3700e+02     1.100516e+03
  3.3720e+02     1.106386e+03
  3.3740e+02     1.112306e+03
  3.3760e+02     1.118275e+03
  3.3780e+02     1.124294e+03
  3.3800e+02     1.130363e+03
  3.3820e+02     1.136481e+03
  3.3840e+02     1.142650e+03
  3.3860e+02     1.148869e+03
  3.3880e+02     1.155137e+03
  3.3900e+02     1.161456e+03
  3.3920e+02     1.167826e+03
  3.3940e+02     1.174245e+03
  3.3960e+02     1.180716e+03
  3.3980e+02     1.187236e+03
  3.4000e+02     1.193807e+03
  3.4020e+02     1.200429e+03
  3.4040e+02     1.207101e+03
  3.4060e+02     1.213824e+03
  3.4080e+02     1.220598e+03
  3.4100e+02     1.227422e+03
  3.4120e+02     1.234297e+03
  3.4140e+02     1.241223e+03
  3.4160e+02     1.248199e+03
  3.4180e+02     1.255226e+03
  3.4200e+02     1.262304e+03
  3.4220e+02     1.269432e+03
  3.4240e+02     1.276611e+03
  3.4260e+02     1.283840e+03
  3.4280e+02     1.291119e+03
  3.4300e+02     1.298449e+03
  3.4320e+02     1.305830e+03
  3.4340e+02     1.313260e+03
  3.4360e+02     1.320741e+03
  3.4380e+02     1.328271e+03
  3.4400e+02     1.335851e+03
  3.4420e+02     1.343481e+03
  3.4440e+02     1.351161e+03
  3.4460e+02     1.358890e+03
  3.4480e+02     1.366668e+03
  3.4500e+02     1.374496e+03
  3.4520e+02     1.382372e+03
  3.4540e+02     1.390297e+03
  3.4560e+02     1.398270e+03
  3.4580e+02     1.406292e+03
  3.4600e+02     1.414361e+03
  3.4620e+02     1.422479e+03
  3.4640e+02     1.430643e+03
  3.4660e+02     1.438855e+03
  3.4680e+02     1.447114e+03
  3.4700e+02     1.455420e+03
  3.4720e+02     1.463772e+03
  3.4740e+02     1.472169e+03
  3.4760e+02     1.480613e+03
  3.4780e+02     1.489101e+03
  3.4800e+02     1.497634e+03
  3.4820e+02     1.506212e+03
  3.4840e+02     1.514834e+03
  3.4860e+02     1.523499e+03
  3.4880e+02     1.532208e+03
  3.4900e+02     1.540959e+03
  3.4920e+02     1.549752e+03
  3.4940e+02     1.558587e+03
  3.4960e+02     1.567463e+03
  3.4980e+02     1.576380e+03
  3.5000e+02     1.585337e+03
  3.5020e+02     1.594334e+03
  3.5040e+02     1.603369e+03
  3.5060e+02     1.612443e+03
  3.5080e+02     1.621554e+03
  3.5100e+02     1.630703e+03
  3.5120e+02     1.639888e+03
  3.5140e+02     1.649108e+03
  3.5160e+02     1.658364e+03
  3.5180e+02     1.667654e+03
  3.5200e+02     1.676978e+03
  3.5220e+02     1.686334e+03
  3.5240e+02     1.695722e+03
  3.5260e+02     1.705142e+03
  3.5280e+02     1.714592e+03
  3.5300e+02     1.724072e+03
  3.5320e+02     1.733580e+03
  3.5340e+02     1.743116e+03
  3.5360e+02     1.752680e+03
  3.5380e+02     1.762269e+03
  3.5400e+02     1.771883e+03
  3.5420e+02     1.781521e+03
  3.5440e+02     1.791182e+03
  3.5460e+02     1.800866e+03
  3.5480e+02     1.810570e+03
  3.5500e+02     1.820295e+03
  3.5520e+02     1.830038e+03
  3.5540e+02     1.839799e+03
  3.5560e+02     1.849577e+03
  3.5580e+02     1.859370e+03
  3.5600e+02     1.869178e+03
  3.5620e+02     1.878999e+03
  3.5640e+02     1.888832e+03
  3.5660e+02     1.898676e+03
  3.5680e+02     1.908529e+03
  3.5700e+02     1.918390e+03
  3.5720e+02     1.928258e+03
  3.5740e+02     1.938132e+03
  3.5760e+02     1.948010e+03
  3.5780e+02     1.957891e+03
  3.5800e+02     1.967773e+03
  3.5820e+02     1.977656e+03
  3.5840e+02     1.987537e+03
  3.5860e+02     1.997415e+03
  3.5880e+02     2.007289e+03
  3.5900e+02     2.017157e+03
  3.5920e+02     2.027018e+03
  3.5940e+02     2.036870e+03
  3.5960e+02     2.046712e+03
  3.5980e+02     2.056541e+03
