# Epidemic | 7 days incidence [ x-unit: days | y-unit: per 100000 ]
# ==============================================================================
  0.0000e+00     3.618006e+02
  2.0000e-01     3.596254e+02
  4.0000e-01     3.574657e+02
  6.0000e-01     3.553213e+02
  8.0000e-01     3.531920e+02
  1.0000e+00     3.510780e+02
  1.2000e+00     3.489790e+02
  1.4000e+00     3.468950e+02
  1.6000e+00     3.448259e+02
  1.8000e+00     3.427717e+02
  2.0000e+00     3.407322e+02
  2.2000e+00     3.387075e+02
  2.4000e+00     3.366973e+02
  2.6000e+00     3.347017e+02
  2.8000e+00     3.327206e+02
  3.0000e+00     3.307538e+02
  3.2000e+00     3.288013e+02
  3.4000e+00     3.268631e+02
  3.6000e+00     3.249389e+02
  3.8000e+00     3.230289e+02
  4.0000e+00     3.211328e+02
  4.2000e+00     3.192507e+02
  4.4000e+00     3.173823e+02
  4.6000e+00     3.155277e+02
  4.8000e+00     3.136868e+02
  5.0000e+00     3.118595e+02
  5.2000e+00     3.100456e+02
  5.4000e+00     3.082452e+02
  5.6000e+00     3.064581e+02
  5.8000e+00     3.046843e+02
  6.0000e+00     3.029237e+02
  6.2000e+00     3.011762e+02
  6.4000e+00     2.994417e+02
  6.6000e+00     2.977201e+02
  6.8000e+00     2.960114e+02
  7.0000e+00     2.943155e+02
  7.2000e+00     2.930433e+02
  7.4000e+00     2.918231e+02
  7.6000e+00     2.906087e+02
  7.8000e+00     2.894001e+02
  8.0000e+00     2.881973e+02
  8.2000e+00     2.870004e+02
  8.4000e+00     2.858093e+02
  8.6000e+00     2.846239e+02
  8.8000e+00     2.834442e+02
  9.0000e+00     2.822703e+02
  9.2000e+00     2.811021e+02
  9.4000e+00     2.799396e+02
  9.6000e+00     2.787827e+02
  9.8000e+00     2.776315e+02
  1.0000e+01     2.764860e+02
  1.0200e+01     2.753460e+02
  1.0400e+01     2.742117e+02
  1.0600e+01     2.730829e+02
  1.0800e+01     2.719596e+02
  1.1000e+01     2.708420e+02
  1.1200e+01     2.697298e+02
  1.1400e+01     2.686231e+02
  1.1600e+01     2.675220e+02
  1.1800e+01     2.664262e+02
  1.2000e+01     2.653360e+02
  1.2200e+01     2.642511e+02
  1.2400e+01     2.631717e+02
  1.2600e+01     2.620977e+02
  1.2800e+01     2.610290e+02
  1.3000e+01     2.599657e+02
  1.3200e+01     2.589078e+02
  1.3400e+01     2.578551e+02
  1.3600e+01     2.568078e+02
  1.3800e+01     2.557658e+02
  1.4000e+01     2.547290e+02
  1.4200e+01     2.536975e+02
  1.4400e+01     2.526712e+02
  1.4600e+01     2.516501e+02
  1.4800e+01     2.506342e+02
  1.5000e+01     2.496235e+02
  1.5200e+01     2.486180e+02
  1.5400e+01     2.476176e+02
  1.5600e+01     2.466223e+02
  1.5800e+01     2.456321e+02
  1.6000e+01     2.446471e+02
  1.6200e+01     2.436671e+02
  1.6400e+01     2.426921e+02
  1.6600e+01     2.417222e+02
  1.6800e+01     2.407573e+02
  1.7000e+01     2.397974e+02
  1.7200e+01     2.388425e+02
  1.7400e+01     2.378926e+02
  1.7600e+01     2.369476e+02
  1.7800e+01     2.360075e+02
  1.8000e+01     2.350724e+02
  1.8200e+01     2.341421e+02
  1.8400e+01     2.332167e+02
  1.8600e+01     2.322962e+02
  1.8800e+01     2.313805e+02
  1.9000e+01     2.304696e+02
  1.9200e+01     2.295635e+02
  1.9400e+01     2.286623e+02
  1.9600e+01     2.277658e+02
  1.9800e+01     2.268740e+02
  2.0000e+01     2.259870e+02
  2.0200e+01     2.251047e+02
  2.0400e+01     2.242270e+02
  2.0600e+01     2.233541e+02
  2.0800e+01     2.224858e+02
  2.1000e+01     2.216222e+02
  2.1200e+01     2.205229e+02
  2.1400e+01     2.194055e+02
  2.1600e+01     2.182968e+02
  2.1800e+01     2.171968e+02
  2.2000e+01     2.161054e+02
  2.2200e+01     2.150225e+02
  2.2400e+01     2.139481e+02
  2.2600e+01     2.128821e+02
  2.2800e+01     2.118244e+02
  2.3000e+01     2.107750e+02
  2.3200e+01     2.097338e+02
  2.3400e+01     2.087008e+02
  2.3600e+01     2.076759e+02
  2.3800e+01     2.066590e+02
  2.4000e+01     2.056501e+02
  2.4200e+01     2.046491e+02
  2.4400e+01     2.036560e+02
  2.4600e+01     2.026706e+02
  2.4800e+01     2.016930e+02
  2.5000e+01     2.007231e+02
  2.5200e+01     1.997608e+02
  2.5400e+01     1.988061e+02
  2.5600e+01     1.978589e+02
  2.5800e+01     1.969192e+02
  2.6000e+01     1.959868e+02
  2.6200e+01     1.950618e+02
  2.6400e+01     1.941441e+02
  2.6600e+01     1.932336e+02
  2.6800e+01     1.923303e+02
  2.7000e+01     1.914341e+02
  2.7200e+01     1.905450e+02
  2.7400e+01     1.896629e+02
  2.7600e+01     1.887878e+02
  2.7800e+01     1.879196e+02
  2.8000e+01     1.870583e+02
  2.8200e+01     1.862037e+02
  2.8400e+01     1.853559e+02
  2.8600e+01     1.845149e+02
  2.8800e+01     1.836805e+02
  2.9000e+01     1.828526e+02
  2.9200e+01     1.820314e+02
  2.9400e+01     1.812166e+02
  2.9600e+01     1.804083e+02
  2.9800e+01     1.796065e+02
  3.0000e+01     1.788109e+02
  3.0200e+01     1.780217e+02
  3.0400e+01     1.772388e+02
  3.0600e+01     1.764620e+02
  3.0800e+01     1.756915e+02
  3.1000e+01     1.749270e+02
  3.1200e+01     1.741687e+02
  3.1400e+01     1.734164e+02
  3.1600e+01     1.726700e+02
  3.1800e+01     1.719296e+02
  3.2000e+01     1.711951e+02
  3.2200e+01     1.704664e+02
  3.2400e+01     1.697436e+02
  3.2600e+01     1.690265e+02
  3.2800e+01     1.683151e+02
  3.3000e+01     1.676094e+02
  3.3200e+01     1.669094e+02
  3.3400e+01     1.662149e+02
  3.3600e+01     1.655260e+02
  3.3800e+01     1.648425e+02
  3.4000e+01     1.641646e+02
  3.4200e+01     1.634921e+02
  3.4400e+01     1.628249e+02
  3.4600e+01     1.621631e+02
  3.4800e+01     1.615066e+02
  3.5000e+01     1.608554e+02
  3.5200e+01     1.602094e+02
  3.5400e+01     1.595686e+02
  3.5600e+01     1.589329e+02
  3.5800e+01     1.583023e+02
  3.6000e+01     1.576768e+02
  3.6200e+01     1.570563e+02
  3.6400e+01     1.564408e+02
  3.6600e+01     1.558303e+02
  3.6800e+01     1.552247e+02
  3.7000e+01     1.546240e+02
  3.7200e+01     1.540281e+02
  3.7400e+01     1.534370e+02
  3.7600e+01     1.528507e+02
  3.7800e+01     1.522692e+02
  3.8000e+01     1.516923e+02
  3.8200e+01     1.511202e+02
  3.8400e+01     1.505526e+02
  3.8600e+01     1.499897e+02
  3.8800e+01     1.494313e+02
  3.9000e+01     1.488774e+02
  3.9200e+01     1.483281e+02
  3.9400e+01     1.477832e+02
  3.9600e+01     1.472427e+02
  3.9800e+01     1.467067e+02
  4.0000e+01     1.461750e+02
  4.0200e+01     1.456476e+02
  4.0400e+01     1.451246e+02
  4.0600e+01     1.446058e+02
  4.0800e+01     1.440912e+02
  4.1000e+01     1.435809e+02
  4.1200e+01     1.430748e+02
  4.1400e+01     1.425728e+02
  4.1600e+01     1.420749e+02
  4.1800e+01     1.415811e+02
  4.2000e+01     1.410914e+02
  4.2200e+01     1.406057e+02
  4.2400e+01     1.401240e+02
  4.2600e+01     1.396462e+02
  4.2800e+01     1.391724e+02
  4.3000e+01     1.387026e+02
  4.3200e+01     1.382366e+02
  4.3400e+01     1.377744e+02
  4.3600e+01     1.373162e+02
  4.3800e+01     1.368617e+02
  4.4000e+01     1.364109e+02
  4.4200e+01     1.359640e+02
  4.4400e+01     1.355207e+02
  4.4600e+01     1.350812e+02
  4.4800e+01     1.346453e+02
  4.5000e+01     1.342131e+02
  4.5200e+01     1.337845e+02
  4.5400e+01     1.333594e+02
  4.5600e+01     1.329380e+02
  4.5800e+01     1.325201e+02
  4.6000e+01     1.321057e+02
  4.6200e+01     1.316948e+02
  4.6400e+01     1.312874e+02
  4.6600e+01     1.308834e+02
  4.6800e+01     1.304828e+02
  4.7000e+01     1.300857e+02
  4.7200e+01     1.296919e+02
  4.7400e+01     1.293014e+02
  4.7600e+01     1.289143e+02
  4.7800e+01     1.285305e+02
  4.8000e+01     1.281500e+02
  4.8200e+01     1.277727e+02
  4.8400e+01     1.273987e+02
  4.8600e+01     1.270279e+02
  4.8800e+01     1.266602e+02
  4.9000e+01     1.262958e+02
  4.9200e+01     1.259345e+02
  4.9400e+01     1.255763e+02
  4.9600e+01     1.252212e+02
  4.9800e+01     1.248693e+02
  5.0000e+01     1.245203e+02
  5.0200e+01     1.241745e+02
  5.0400e+01     1.238316e+02
  5.0600e+01     1.234918e+02
  5.0800e+01     1.231549e+02
  5.1000e+01     1.228210e+02
  5.1200e+01     1.224901e+02
  5.1400e+01     1.221621e+02
  5.1600e+01     1.218370e+02
  5.1800e+01     1.215147e+02
  5.2000e+01     1.211954e+02
  5.2200e+01     1.208789e+02
  5.2400e+01     1.205652e+02
  5.2600e+01     1.202544e+02
  5.2800e+01     1.199463e+02
  5.3000e+01     1.196410e+02
  5.3200e+01     1.193385e+02
  5.3400e+01     1.190387e+02
  5.3600e+01     1.187417e+02
  5.3800e+01     1.184473e+02
  5.4000e+01     1.181556e+02
  5.4200e+01     1.178667e+02
  5.4400e+01     1.175803e+02
  5.4600e+01     1.172966e+02
  5.4800e+01     1.170156e+02
  5.5000e+01     1.167371e+02
  5.5200e+01     1.164612e+02
  5.5400e+01     1.161879e+02
  5.5600e+01     1.159172e+02
  5.5800e+01     1.156490e+02
  5.6000e+01     1.153833e+02
  5.6200e+01     1.151202e+02
  5.6400e+01     1.148595e+02
  5.6600e+01     1.146014e+02
  5.6800e+01     1.143457e+02
  5.7000e+01     1.140924e+02
  5.7200e+01     1.138416e+02
  5.7400e+01     1.135932e+02
  5.7600e+01     1.133472e+02
  5.7800e+01     1.131036e+02
  5.8000e+01     1.128624e+02
  5.8200e+01     1.126235e+02
  5.8400e+01     1.123870e+02
  5.8600e+01     1.121529e+02
  5.8800e+01     1.119210e+02
  5.9000e+01     1.116915e+02
  5.9200e+01     1.114643e+02
  5.9400e+01     1.112393e+02
  5.9600e+01     1.110167e+02
  5.9800e+01     1.107962e+02
  6.0000e+01     1.105781e+02
  6.0200e+01     1.103621e+02
  6.0400e+01     1.101484e+02
  6.0600e+01     1.099369e+02
  6.0800e+01     1.097276e+02
  6.1000e+01     1.095205e+02
  6.1200e+01     1.093156e+02
  6.1400e+01     1.091128e+02
  6.1600e+01     1.089121e+02
  6.1800e+01     1.087136e+02
  6.2000e+01     1.085172e+02
  6.2200e+01     1.083230e+02
  6.2400e+01     1.081308e+02
  6.2600e+01     1.079407e+02
  6.2800e+01     1.077527e+02
  6.3000e+01     1.075668e+02
  6.3200e+01     1.073829e+02
  6.3400e+01     1.072011e+02
  6.3600e+01     1.070213e+02
  6.3800e+01     1.068436e+02
  6.4000e+01     1.066679e+02
  6.4200e+01     1.064941e+02
  6.4400e+01     1.063224e+02
  6.4600e+01     1.061526e+02
  6.4800e+01     1.059849e+02
  6.5000e+01     1.058191e+02
  6.5200e+01     1.056552e+02
  6.5400e+01     1.054933e+02
  6.5600e+01     1.053333e+02
  6.5800e+01     1.051753e+02
  6.6000e+01     1.050192e+02
  6.6200e+01     1.048650e+02
  6.6400e+01     1.047126e+02
  6.6600e+01     1.045622e+02
  6.6800e+01     1.044137e+02
  6.7000e+01     1.042670e+02
  6.7200e+01     1.041222e+02
  6.7400e+01     1.039793e+02
  6.7600e+01     1.038382e+02
  6.7800e+01     1.036989e+02
  6.8000e+01     1.035615e+02
  6.8200e+01     1.034259e+02
  6.8400e+01     1.032921e+02
  6.8600e+01     1.031601e+02
  6.8800e+01     1.030299e+02
  6.9000e+01     1.029015e+02
  6.9200e+01     1.027749e+02
  6.9400e+01     1.026501e+02
  6.9600e+01     1.025270e+02
  6.9800e+01     1.024057e+02
  7.0000e+01     1.022861e+02
  7.0200e+01     1.021683e+02
  7.0400e+01     1.020523e+02
  7.0600e+01     1.019379e+02
  7.0800e+01     1.018253e+02
  7.1000e+01     1.017144e+02
  7.1200e+01     1.016052e+02
  7.1400e+01     1.014977e+02
  7.1600e+01     1.013919e+02
  7.1800e+01     1.012878e+02
  7.2000e+01     1.011854e+02
  7.2200e+01     1.010847e+02
  7.2400e+01     1.009856e+02
  7.2600e+01     1.008882e+02
  7.2800e+01     1.007925e+02
  7.3000e+01     1.006984e+02
  7.3200e+01     1.006059e+02
  7.3400e+01     1.005151e+02
  7.3600e+01     1.004259e+02
  7.3800e+01     1.003384e+02
  7.4000e+01     1.002525e+02
  7.4200e+01     1.001682e+02
  7.4400e+01     1.000855e+02
  7.4600e+01     1.000044e+02
  7.4800e+01     9.992495e+01
  7.5000e+01     9.984706e+01
  7.5200e+01     9.977076e+01
  7.5400e+01     9.969605e+01
  7.5600e+01     9.962291e+01
  7.5800e+01     9.955135e+01
  7.6000e+01     9.948136e+01
  7.6200e+01     9.941294e+01
  7.6400e+01     9.934607e+01
  7.6600e+01     9.928076e+01
  7.6800e+01     9.921700e+01
  7.7000e+01     9.915478e+01
  7.7200e+01     9.909411e+01
  7.7400e+01     9.903498e+01
  7.7600e+01     9.897737e+01
  7.7800e+01     9.892130e+01
  7.8000e+01     9.886675e+01
  7.8200e+01     9.881371e+01
  7.8400e+01     9.876220e+01
  7.8600e+01     9.871219e+01
  7.8800e+01     9.866370e+01
  7.9000e+01     9.861670e+01
  7.9200e+01     9.857121e+01
  7.9400e+01     9.852721e+01
  7.9600e+01     9.848471e+01
  7.9800e+01     9.844369e+01
  8.0000e+01     9.840416e+01
  8.0200e+01     9.836611e+01
  8.0400e+01     9.832954e+01
  8.0600e+01     9.829444e+01
  8.0800e+01     9.826081e+01
  8.1000e+01     9.822865e+01
  8.1200e+01     9.819796e+01
  8.1400e+01     9.816873e+01
  8.1600e+01     9.814095e+01
  8.1800e+01     9.811464e+01
  8.2000e+01     9.808977e+01
  8.2200e+01     9.806636e+01
  8.2400e+01     9.804439e+01
  8.2600e+01     9.802386e+01
  8.2800e+01     9.800478e+01
  8.3000e+01     9.798713e+01
  8.3200e+01     9.797092e+01
  8.3400e+01     9.795615e+01
  8.3600e+01     9.794280e+01
  8.3800e+01     9.793089e+01
  8.4000e+01     9.792040e+01
  8.4200e+01     9.791133e+01
  8.4400e+01     9.790369e+01
  8.4600e+01     9.789747e+01
  8.4800e+01     9.789266e+01
  8.5000e+01     9.788927e+01
  8.5200e+01     9.788729e+01
  8.5400e+01     9.788672e+01
  8.5600e+01     9.788756e+01
  8.5800e+01     9.788981e+01
  8.6000e+01     9.789347e+01
  8.6200e+01     9.789853e+01
  8.6400e+01     9.790499e+01
  8.6600e+01     9.791286e+01
  8.6800e+01     9.792212e+01
  8.7000e+01     9.793278e+01
  8.7200e+01     9.794484e+01
  8.7400e+01     9.795829e+01
  8.7600e+01     9.797313e+01
  8.7800e+01     9.798937e+01
  8.8000e+01     9.800700e+01
  8.8200e+01     9.802602e+01
  8.8400e+01     9.804642e+01
  8.8600e+01     9.806822e+01
  8.8800e+01     9.809140e+01
  8.9000e+01     9.811596e+01
  8.9200e+01     9.814192e+01
  8.9400e+01     9.816925e+01
  8.9600e+01     9.819797e+01
  8.9800e+01     9.822807e+01
  9.0000e+01     9.825955e+01
  9.0200e+01     9.829241e+01
  9.0400e+01     9.832666e+01
  9.0600e+01     9.836228e+01
  9.0800e+01     9.839928e+01
  9.1000e+01     9.843766e+01
  9.1200e+01     9.847742e+01
  9.1400e+01     9.851856e+01
  9.1600e+01     9.856107e+01
  9.1800e+01     9.860496e+01
  9.2000e+01     9.865023e+01
  9.2200e+01     9.869688e+01
  9.2400e+01     9.874490e+01
  9.2600e+01     9.879430e+01
  9.2800e+01     9.884508e+01
  9.3000e+01     9.889723e+01
  9.3200e+01     9.895076e+01
  9.3400e+01     9.900567e+01
  9.3600e+01     9.906196e+01
  9.3800e+01     9.911962e+01
  9.4000e+01     9.917866e+01
  9.4200e+01     9.923908e+01
  9.4400e+01     9.930088e+01
  9.4600e+01     9.936405e+01
  9.4800e+01     9.942861e+01
  9.5000e+01     9.949455e+01
  9.5200e+01     9.956186e+01
  9.5400e+01     9.963056e+01
  9.5600e+01     9.970064e+01
  9.5800e+01     9.977211e+01
  9.6000e+01     9.984496e+01
  9.6200e+01     9.991919e+01
  9.6400e+01     9.999480e+01
  9.6600e+01     1.000718e+02
  9.6800e+01     1.001502e+02
  9.7000e+01     1.002299e+02
  9.7200e+01     1.003111e+02
  9.7400e+01     1.003937e+02
  9.7600e+01     1.004776e+02
  9.7800e+01     1.005629e+02
  9.8000e+01     1.006497e+02
  9.8200e+01     1.007378e+02
  9.8400e+01     1.008273e+02
  9.8600e+01     1.009183e+02
  9.8800e+01     1.010106e+02
  9.9000e+01     1.011043e+02
  9.9200e+01     1.011994e+02
  9.9400e+01     1.012960e+02
  9.9600e+01     1.013939e+02
  9.9800e+01     1.014932e+02
  1.0000e+02     1.015940e+02
  1.0020e+02     1.016962e+02
  1.0040e+02     1.017997e+02
  1.0060e+02     1.019047e+02
  1.0080e+02     1.020111e+02
  1.0100e+02     1.021189e+02
  1.0120e+02     1.022282e+02
  1.0140e+02     1.023389e+02
  1.0160e+02     1.024509e+02
  1.0180e+02     1.025645e+02
  1.0200e+02     1.026794e+02
  1.0220e+02     1.027958e+02
  1.0240e+02     1.029136e+02
  1.0260e+02     1.030328e+02
  1.0280e+02     1.031535e+02
  1.0300e+02     1.032756e+02
  1.0320e+02     1.033992e+02
  1.0340e+02     1.035242e+02
  1.0360e+02     1.036506e+02
  1.0380e+02     1.037785e+02
  1.0400e+02     1.039079e+02
  1.0420e+02     1.040387e+02
  1.0440e+02     1.041710e+02
  1.0460e+02     1.043047e+02
  1.0480e+02     1.044399e+02
  1.0500e+02     1.045765e+02
  1.0520e+02     1.047147e+02
  1.0540e+02     1.048543e+02
  1.0560e+02     1.049953e+02
  1.0580e+02     1.051379e+02
  1.0600e+02     1.052819e+02
  1.0620e+02     1.054274e+02
  1.0640e+02     1.055744e+02
  1.0660e+02     1.057229e+02
  1.0680e+02     1.058729e+02
  1.0700e+02     1.060244e+02
  1.0720e+02     1.061774e+02
  1.0740e+02     1.063319e+02
  1.0760e+02     1.064879e+02
  1.0780e+02     1.066454e+02
  1.0800e+02     1.068044e+02
  1.0820e+02     1.069649e+02
  1.0840e+02     1.071270e+02
  1.0860e+02     1.072906e+02
  1.0880e+02     1.074557e+02
  1.0900e+02     1.076223e+02
  1.0920e+02     1.077905e+02
  1.0940e+02     1.079602e+02
  1.0960e+02     1.081314e+02
  1.0980e+02     1.083043e+02
  1.1000e+02     1.084786e+02
  1.1020e+02     1.086545e+02
  1.1040e+02     1.088320e+02
  1.1060e+02     1.090110e+02
  1.1080e+02     1.091916e+02
  1.1100e+02     1.093738e+02
  1.1120e+02     1.095575e+02
  1.1140e+02     1.097429e+02
  1.1160e+02     1.099298e+02
  1.1180e+02     1.101183e+02
  1.1200e+02     1.103084e+02
  1.1220e+02     1.105001e+02
  1.1240e+02     1.106934e+02
  1.1260e+02     1.108883e+02
  1.1280e+02     1.110848e+02
  1.1300e+02     1.112829e+02
  1.1320e+02     1.114826e+02
  1.1340e+02     1.116840e+02
  1.1360e+02     1.118870e+02
  1.1380e+02     1.120916e+02
  1.1400e+02     1.122979e+02
  1.1420e+02     1.125058e+02
  1.1440e+02     1.127154e+02
  1.1460e+02     1.129266e+02
  1.1480e+02     1.131395e+02
  1.1500e+02     1.133540e+02
  1.1520e+02     1.135702e+02
  1.1540e+02     1.137881e+02
  1.1560e+02     1.140076e+02
  1.1580e+02     1.142289e+02
  1.1600e+02     1.144518e+02
  1.1620e+02     1.146764e+02
  1.1640e+02     1.149028e+02
  1.1660e+02     1.151308e+02
  1.1680e+02     1.153605e+02
  1.1700e+02     1.155920e+02
  1.1720e+02     1.158252e+02
  1.1740e+02     1.160601e+02
  1.1760e+02     1.162967e+02
  1.1780e+02     1.165351e+02
  1.1800e+02     1.167752e+02
  1.1820e+02     1.170171e+02
  1.1840e+02     1.172607e+02
  1.1860e+02     1.175061e+02
  1.1880e+02     1.177533e+02
  1.1900e+02     1.180022e+02
  1.1920e+02     1.182529e+02
  1.1940e+02     1.185054e+02
  1.1960e+02     1.187597e+02
  1.1980e+02     1.190158e+02
  1.2000e+02     1.192737e+02
  1.2020e+02     1.195334e+02
  1.2040e+02     1.197949e+02
  1.2060e+02     1.200582e+02
  1.2080e+02     1.203234e+02
  1.2100e+02     1.205904e+02
  1.2120e+02     1.208592e+02
  1.2140e+02     1.211299e+02
  1.2160e+02     1.214024e+02
  1.2180e+02     1.216768e+02
  1.2200e+02     1.219531e+02
  1.2220e+02     1.222312e+02
  1.2240e+02     1.225112e+02
  1.2260e+02     1.227931e+02
  1.2280e+02     1.230769e+02
  1.2300e+02     1.233626e+02
  1.2320e+02     1.236502e+02
  1.2340e+02     1.239398e+02
  1.2360e+02     1.242312e+02
  1.2380e+02     1.245246e+02
  1.2400e+02     1.248199e+02
  1.2420e+02     1.251171e+02
  1.2440e+02     1.254163e+02
  1.2460e+02     1.257174e+02
  1.2480e+02     1.260205e+02
  1.2500e+02     1.263256e+02
  1.2520e+02     1.266327e+02
  1.2540e+02     1.269417e+02
  1.2560e+02     1.272527e+02
  1.2580e+02     1.275658e+02
  1.2600e+02     1.278808e+02
  1.2620e+02     1.281979e+02
  1.2640e+02     1.285169e+02
  1.2660e+02     1.288380e+02
  1.2680e+02     1.291612e+02
  1.2700e+02     1.294864e+02
  1.2720e+02     1.298136e+02
  1.2740e+02     1.301429e+02
  1.2760e+02     1.304742e+02
  1.2780e+02     1.308077e+02
  1.2800e+02     1.311432e+02
  1.2820e+02     1.314808e+02
  1.2840e+02     1.318205e+02
  1.2860e+02     1.321623e+02
  1.2880e+02     1.325063e+02
  1.2900e+02     1.328523e+02
  1.2920e+02     1.332005e+02
  1.2940e+02     1.335508e+02
  1.2960e+02     1.339033e+02
  1.2980e+02     1.342579e+02
  1.3000e+02     1.346147e+02
  1.3020e+02     1.349736e+02
  1.3040e+02     1.353348e+02
  1.3060e+02     1.356981e+02
  1.3080e+02     1.360636e+02
  1.3100e+02     1.364314e+02
  1.3120e+02     1.368013e+02
  1.3140e+02     1.371735e+02
  1.3160e+02     1.375478e+02
  1.3180e+02     1.379245e+02
  1.3200e+02     1.383034e+02
  1.3220e+02     1.386845e+02
  1.3240e+02     1.390679e+02
  1.3260e+02     1.394536e+02
  1.3280e+02     1.398415e+02
  1.3300e+02     1.402318e+02
  1.3320e+02     1.406243e+02
  1.3340e+02     1.410192e+02
  1.3360e+02     1.414164e+02
  1.3380e+02     1.418159e+02
  1.3400e+02     1.422177e+02
  1.3420e+02     1.426219e+02
  1.3440e+02     1.430284e+02
  1.3460e+02     1.434373e+02
  1.3480e+02     1.438486e+02
  1.3500e+02     1.442623e+02
  1.3520e+02     1.446783e+02
  1.3540e+02     1.450967e+02
  1.3560e+02     1.455176e+02
  1.3580e+02     1.459409e+02
  1.3600e+02     1.463666e+02
  1.3620e+02     1.467947e+02
  1.3640e+02     1.472253e+02
  1.3660e+02     1.476584e+02
  1.3680e+02     1.480939e+02
  1.3700e+02     1.485319e+02
  1.3720e+02     1.489723e+02
  1.3740e+02     1.494153e+02
  1.3760e+02     1.498608e+02
  1.3780e+02     1.503087e+02
  1.3800e+02     1.507592e+02
  1.3820e+02     1.512123e+02
  1.3840e+02     1.516679e+02
  1.3860e+02     1.521260e+02
  1.3880e+02     1.525867e+02
  1.3900e+02     1.530500e+02
  1.3920e+02     1.535158e+02
  1.3940e+02     1.539843e+02
  1.3960e+02     1.544553e+02
  1.3980e+02     1.549290e+02
  1.4000e+02     1.554053e+02
  1.4020e+02     1.558842e+02
  1.4040e+02     1.563658e+02
  1.4060e+02     1.568500e+02
  1.4080e+02     1.573369e+02
  1.4100e+02     1.578264e+02
  1.4120e+02     1.583187e+02
  1.4140e+02     1.588136e+02
  1.4160e+02     1.593112e+02
  1.4180e+02     1.598116e+02
  1.4200e+02     1.603146e+02
  1.4220e+02     1.608204e+02
  1.4240e+02     1.613290e+02
  1.4260e+02     1.618403e+02
  1.4280e+02     1.623544e+02
  1.4300e+02     1.628712e+02
  1.4320e+02     1.633909e+02
  1.4340e+02     1.639133e+02
  1.4360e+02     1.644385e+02
  1.4380e+02     1.649666e+02
  1.4400e+02     1.654975e+02
  1.4420e+02     1.660312e+02
  1.4440e+02     1.665678e+02
  1.4460e+02     1.671072e+02
  1.4480e+02     1.676495e+02
  1.4500e+02     1.681947e+02
  1.4520e+02     1.687428e+02
  1.4540e+02     1.692938e+02
  1.4560e+02     1.698477e+02
  1.4580e+02     1.704045e+02
  1.4600e+02     1.709642e+02
  1.4620e+02     1.715270e+02
  1.4640e+02     1.720926e+02
  1.4660e+02     1.726612e+02
  1.4680e+02     1.732328e+02
  1.4700e+02     1.738074e+02
  1.4720e+02     1.743850e+02
  1.4740e+02     1.749656e+02
  1.4760e+02     1.755493e+02
  1.4780e+02     1.761359e+02
  1.4800e+02     1.767256e+02
  1.4820e+02     1.773184e+02
  1.4840e+02     1.779142e+02
  1.4860e+02     1.785131e+02
  1.4880e+02     1.791151e+02
  1.4900e+02     1.797201e+02
  1.4920e+02     1.803283e+02
  1.4940e+02     1.809396e+02
  1.4960e+02     1.815541e+02
  1.4980e+02     1.821716e+02
  1.5000e+02     1.827924e+02
  1.5020e+02     1.834163e+02
  1.5040e+02     1.840433e+02
  1.5060e+02     1.846736e+02
  1.5080e+02     1.853070e+02
  1.5100e+02     1.859437e+02
  1.5120e+02     1.865835e+02
  1.5140e+02     1.872266e+02
  1.5160e+02     1.878729e+02
  1.5180e+02     1.885225e+02
  1.5200e+02     1.891754e+02
  1.5220e+02     1.898315e+02
  1.5240e+02     1.904909e+02
  1.5260e+02     1.911535e+02
  1.5280e+02     1.918195e+02
  1.5300e+02     1.924888e+02
  1.5320e+02     1.931615e+02
  1.5340e+02     1.938374e+02
  1.5360e+02     1.945167e+02
  1.5380e+02     1.951994e+02
  1.5400e+02     1.958854e+02
  1.5420e+02     1.965749e+02
  1.5440e+02     1.972677e+02
  1.5460e+02     1.979639e+02
  1.5480e+02     1.986635e+02
  1.5500e+02     1.993665e+02
  1.5520e+02     2.000730e+02
  1.5540e+02     2.007829e+02
  1.5560e+02     2.014963e+02
  1.5580e+02     2.022131e+02
  1.5600e+02     2.029334e+02
  1.5620e+02     2.036572e+02
  1.5640e+02     2.043845e+02
  1.5660e+02     2.051153e+02
  1.5680e+02     2.058496e+02
  1.5700e+02     2.065874e+02
  1.5720e+02     2.073287e+02
  1.5740e+02     2.080737e+02
  1.5760e+02     2.088221e+02
  1.5780e+02     2.095742e+02
  1.5800e+02     2.103298e+02
  1.5820e+02     2.110890e+02
  1.5840e+02     2.118518e+02
  1.5860e+02     2.126182e+02
  1.5880e+02     2.133882e+02
  1.5900e+02     2.141618e+02
  1.5920e+02     2.149391e+02
  1.5940e+02     2.157200e+02
  1.5960e+02     2.165046e+02
  1.5980e+02     2.172929e+02
  1.6000e+02     2.180848e+02
  1.6020e+02     2.188804e+02
  1.6040e+02     2.196797e+02
  1.6060e+02     2.204827e+02
  1.6080e+02     2.212895e+02
  1.6100e+02     2.220999e+02
  1.6120e+02     2.229141e+02
  1.6140e+02     2.237320e+02
  1.6160e+02     2.245537e+02
  1.6180e+02     2.253791e+02
  1.6200e+02     2.262083e+02
  1.6220e+02     2.270413e+02
  1.6240e+02     2.278781e+02
  1.6260e+02     2.287186e+02
  1.6280e+02     2.295630e+02
  1.6300e+02     2.304111e+02
  1.6320e+02     2.312631e+02
  1.6340e+02     2.321190e+02
  1.6360e+02     2.329786e+02
  1.6380e+02     2.338421e+02
  1.6400e+02     2.347095e+02
  1.6420e+02     2.355807e+02
  1.6440e+02     2.364558e+02
  1.6460e+02     2.373348e+02
  1.6480e+02     2.382176e+02
  1.6500e+02     2.391044e+02
  1.6520e+02     2.399950e+02
  1.6540e+02     2.408896e+02
  1.6560e+02     2.417880e+02
  1.6580e+02     2.426904e+02
  1.6600e+02     2.435968e+02
  1.6620e+02     2.445070e+02
  1.6640e+02     2.454212e+02
  1.6660e+02     2.463394e+02
  1.6680e+02     2.472615e+02
  1.6700e+02     2.481876e+02
  1.6720e+02     2.491176e+02
  1.6740e+02     2.500516e+02
  1.6760e+02     2.509896e+02
  1.6780e+02     2.519316e+02
  1.6800e+02     2.528776e+02
  1.6820e+02     2.538276e+02
  1.6840e+02     2.547816e+02
  1.6860e+02     2.557396e+02
  1.6880e+02     2.567016e+02
  1.6900e+02     2.576677e+02
  1.6920e+02     2.586377e+02
  1.6940e+02     2.596118e+02
  1.6960e+02     2.605900e+02
  1.6980e+02     2.615722e+02
  1.7000e+02     2.625584e+02
  1.7020e+02     2.635487e+02
  1.7040e+02     2.645430e+02
  1.7060e+02     2.655414e+02
  1.7080e+02     2.665438e+02
  1.7100e+02     2.675504e+02
  1.7120e+02     2.685610e+02
  1.7140e+02     2.695756e+02
  1.7160e+02     2.705943e+02
  1.7180e+02     2.716172e+02
  1.7200e+02     2.726440e+02
  1.7220e+02     2.736750e+02
  1.7240e+02     2.747101e+02
  1.7260e+02     2.757492e+02
  1.7280e+02     2.767925e+02
  1.7300e+02     2.778398e+02
  1.7320e+02     2.788912e+02
  1.7340e+02     2.799468e+02
  1.7360e+02     2.810064e+02
  1.7380e+02     2.820701e+02
  1.7400e+02     2.831379e+02
  1.7420e+02     2.842098e+02
  1.7440e+02     2.852858e+02
  1.7460e+02     2.863660e+02
  1.7480e+02     2.874502e+02
  1.7500e+02     2.885385e+02
  1.7520e+02     2.896309e+02
  1.7540e+02     2.907274e+02
  1.7560e+02     2.918280e+02
  1.7580e+02     2.929327e+02
  1.7600e+02     2.940415e+02
  1.7620e+02     2.951543e+02
  1.7640e+02     2.962713e+02
  1.7660e+02     2.973924e+02
  1.7680e+02     2.985175e+02
  1.7700e+02     2.996468e+02
  1.7720e+02     3.007801e+02
  1.7740e+02     3.019174e+02
  1.7760e+02     3.030589e+02
  1.7780e+02     3.042044e+02
  1.7800e+02     3.053540e+02
  1.7820e+02     3.065077e+02
  1.7840e+02     3.076654e+02
  1.7860e+02     3.088271e+02
  1.7880e+02     3.099930e+02
  1.7900e+02     3.111628e+02
  1.7920e+02     3.123367e+02
  1.7940e+02     3.135146e+02
  1.7960e+02     3.146965e+02
  1.7980e+02     3.158825e+02
  1.8000e+02     3.170725e+02
  1.8020e+02     3.182664e+02
  1.8040e+02     3.194644e+02
  1.8060e+02     3.206663e+02
  1.8080e+02     3.218723e+02
  1.8100e+02     3.230822e+02
  1.8120e+02     3.242960e+02
  1.8140e+02     3.255138e+02
  1.8160e+02     3.267356e+02
  1.8180e+02     3.279613e+02
  1.8200e+02     3.291909e+02
  1.8220e+02     3.304244e+02
  1.8240e+02     3.316619e+02
  1.8260e+02     3.329032e+02
  1.8280e+02     3.341484e+02
  1.8300e+02     3.353975e+02
  1.8320e+02     3.366504e+02
  1.8340e+02     3.379072e+02
  1.8360e+02     3.391678e+02
  1.8380e+02     3.404322e+02
  1.8400e+02     3.417005e+02
  1.8420e+02     3.429725e+02
  1.8440e+02     3.442483e+02
  1.8460e+02     3.455278e+02
  1.8480e+02     3.468111e+02
  1.8500e+02     3.480982e+02
  1.8520e+02     3.493889e+02
  1.8540e+02     3.506834e+02
  1.8560e+02     3.519815e+02
  1.8580e+02     3.532833e+02
  1.8600e+02     3.545888e+02
  1.8620e+02     3.558979e+02
  1.8640e+02     3.572106e+02
  1.8660e+02     3.585269e+02
  1.8680e+02     3.598467e+02
  1.8700e+02     3.611702e+02
  1.8720e+02     3.624971e+02
  1.8740e+02     3.638276e+02
  1.8760e+02     3.651616e+02
  1.8780e+02     3.664990e+02
  1.8800e+02     3.678399e+02
  1.8820e+02     3.691842e+02
  1.8840e+02     3.705320e+02
  1.8860e+02     3.718831e+02
  1.8880e+02     3.732376e+02
  1.8900e+02     3.745954e+02
  1.8920e+02     3.759566e+02
  1.8940e+02     3.773210e+02
  1.8960e+02     3.786887e+02
  1.8980e+02     3.800596e+02
  1.9000e+02     3.814338e+02
  1.9020e+02     3.828111e+02
  1.9040e+02     3.841916e+02
  1.9060e+02     3.855753e+02
  1.9080e+02     3.869620e+02
  1.9100e+02     3.883518e+02
  1.9120e+02     3.897447e+02
  1.9140e+02     3.911406e+02
  1.9160e+02     3.925395e+02
  1.9180e+02     3.939413e+02
  1.9200e+02     3.953461e+02
  1.9220e+02     3.967538e+02
  1.9240e+02     3.981643e+02
  1.9260e+02     3.995777e+02
  1.9280e+02     4.009939e+02
  1.9300e+02     4.024128e+02
  1.9320e+02     4.038345e+02
  1.9340e+02     4.052589e+02
  1.9360e+02     4.066860e+02
  1.9380e+02     4.081157e+02
  1.9400e+02     4.095479e+02
  1.9420e+02     4.109828e+02
  1.9440e+02     4.124202e+02
  1.9460e+02     4.138600e+02
  1.9480e+02     4.153023e+02
  1.9500e+02     4.167470e+02
  1.9520e+02     4.181941e+02
  1.9540e+02     4.196436e+02
  1.9560e+02     4.210953e+02
  1.9580e+02     4.225493e+02
  1.9600e+02     4.240055e+02
  1.9620e+02     4.254638e+02
  1.9640e+02     4.269243e+02
  1.9660e+02     4.283869e+02
  1.9680e+02     4.298516e+02
  1.9700e+02     4.313182e+02
  1.9720e+02     4.327868e+02
  1.9740e+02     4.342573e+02
  1.9760e+02     4.357297e+02
  1.9780e+02     4.372039e+02
  1.9800e+02     4.386799e+02
  1.9820e+02     4.401576e+02
  1.9840e+02     4.416370e+02
  1.9860e+02     4.431180e+02
  1.9880e+02     4.446007e+02
  1.9900e+02     4.460848e+02
  1.9920e+02     4.475705e+02
  1.9940e+02     4.490576e+02
  1.9960e+02     4.505461e+02
  1.9980e+02     4.520359e+02
  2.0000e+02     4.535271e+02
  2.0020e+02     4.550194e+02
  2.0040e+02     4.565130e+02
  2.0060e+02     4.580077e+02
  2.0080e+02     4.595034e+02
  2.0100e+02     4.610002e+02
  2.0120e+02     4.624980e+02
  2.0140e+02     4.639967e+02
  2.0160e+02     4.654962e+02
  2.0180e+02     4.669966e+02
  2.0200e+02     4.684976e+02
  2.0220e+02     4.699994e+02
  2.0240e+02     4.715018e+02
  2.0260e+02     4.730048e+02
  2.0280e+02     4.745083e+02
  2.0300e+02     4.760123e+02
  2.0320e+02     4.775167e+02
  2.0340e+02     4.790214e+02
  2.0360e+02     4.805263e+02
  2.0380e+02     4.820315e+02
  2.0400e+02     4.835369e+02
  2.0420e+02     4.850423e+02
  2.0440e+02     4.865478e+02
  2.0460e+02     4.880532e+02
  2.0480e+02     4.895585e+02
  2.0500e+02     4.910637e+02
  2.0520e+02     4.925686e+02
  2.0540e+02     4.940733e+02
  2.0560e+02     4.955775e+02
  2.0580e+02     4.970814e+02
  2.0600e+02     4.985847e+02
  2.0620e+02     5.000875e+02
  2.0640e+02     5.015897e+02
  2.0660e+02     5.030912e+02
  2.0680e+02     5.045919e+02
  2.0700e+02     5.060918e+02
  2.0720e+02     5.075907e+02
  2.0740e+02     5.090887e+02
  2.0760e+02     5.105856e+02
  2.0780e+02     5.120815e+02
  2.0800e+02     5.135761e+02
  2.0820e+02     5.150695e+02
  2.0840e+02     5.165615e+02
  2.0860e+02     5.180521e+02
  2.0880e+02     5.195413e+02
  2.0900e+02     5.210289e+02
  2.0920e+02     5.225149e+02
  2.0940e+02     5.239991e+02
  2.0960e+02     5.254816e+02
  2.0980e+02     5.269623e+02
  2.1000e+02     5.284410e+02
  2.1020e+02     5.299177e+02
  2.1040e+02     5.313923e+02
  2.1060e+02     5.328647e+02
  2.1080e+02     5.343350e+02
  2.1100e+02     5.358029e+02
  2.1120e+02     5.372684e+02
  2.1140e+02     5.387314e+02
  2.1160e+02     5.401919e+02
  2.1180e+02     5.416498e+02
  2.1200e+02     5.431049e+02
  2.1220e+02     5.445573e+02
  2.1240e+02     5.460068e+02
  2.1260e+02     5.474533e+02
  2.1280e+02     5.488968e+02
  2.1300e+02     5.503372e+02
  2.1320e+02     5.517744e+02
  2.1340e+02     5.532083e+02
  2.1360e+02     5.546388e+02
  2.1380e+02     5.560660e+02
  2.1400e+02     5.574895e+02
  2.1420e+02     5.589095e+02
  2.1440e+02     5.603258e+02
  2.1460e+02     5.617383e+02
  2.1480e+02     5.631470e+02
  2.1500e+02     5.645517e+02
  2.1520e+02     5.659524e+02
  2.1540e+02     5.673490e+02
  2.1560e+02     5.687414e+02
  2.1580e+02     5.701295e+02
  2.1600e+02     5.715132e+02
  2.1620e+02     5.728925e+02
  2.1640e+02     5.742673e+02
  2.1660e+02     5.756374e+02
  2.1680e+02     5.770028e+02
  2.1700e+02     5.783634e+02
  2.1720e+02     5.797192e+02
  2.1740e+02     5.810700e+02
  2.1760e+02     5.824157e+02
  2.1780e+02     5.837563e+02
  2.1800e+02     5.850917e+02
  2.1820e+02     5.864218e+02
  2.1840e+02     5.877464e+02
  2.1860e+02     5.890656e+02
  2.1880e+02     5.903793e+02
  2.1900e+02     5.916872e+02
  2.1920e+02     5.929894e+02
  2.1940e+02     5.942858e+02
  2.1960e+02     5.955763e+02
  2.1980e+02     5.968608e+02
  2.2000e+02     5.981392e+02
  2.2020e+02     5.994114e+02
  2.2040e+02     6.006774e+02
  2.2060e+02     6.019370e+02
  2.2080e+02     6.031901e+02
  2.2100e+02     6.044368e+02
  2.2120e+02     6.056768e+02
  2.2140e+02     6.069102e+02
  2.2160e+02     6.081367e+02
  2.2180e+02     6.093565e+02
  2.2200e+02     6.105692e+02
  2.2220e+02     6.117749e+02
  2.2240e+02     6.129735e+02
  2.2260e+02     6.141649e+02
  2.2280e+02     6.153490e+02
  2.2300e+02     6.165258e+02
  2.2320e+02     6.176950e+02
  2.2340e+02     6.188568e+02
  2.2360e+02     6.200108e+02
  2.2380e+02     6.211572e+02
  2.2400e+02     6.222958e+02
  2.2420e+02     6.234265e+02
  2.2440e+02     6.245493e+02
  2.2460e+02     6.256640e+02
  2.2480e+02     6.267705e+02
  2.2500e+02     6.278689e+02
  2.2520e+02     6.289590e+02
  2.2540e+02     6.300407e+02
  2.2560e+02     6.311139e+02
  2.2580e+02     6.321786e+02
  2.2600e+02     6.332347e+02
  2.2620e+02     6.342821e+02
  2.2640e+02     6.353208e+02
  2.2660e+02     6.363505e+02
  2.2680e+02     6.373714e+02
  2.2700e+02     6.383832e+02
  2.2720e+02     6.393860e+02
  2.2740e+02     6.403796e+02
  2.2760e+02     6.413639e+02
  2.2780e+02     6.423390e+02
  2.2800e+02     6.433046e+02
  2.2820e+02     6.442608e+02
  2.2840e+02     6.452074e+02
  2.2860e+02     6.461445e+02
  2.2880e+02     6.470718e+02
  2.2900e+02     6.479894e+02
  2.2920e+02     6.488971e+02
  2.2940e+02     6.497950e+02
  2.2960e+02     6.506828e+02
  2.2980e+02     6.515607e+02
  2.3000e+02     6.524284e+02
  2.3020e+02     6.532859e+02
  2.3040e+02     6.541332e+02
  2.3060e+02     6.549701e+02
  2.3080e+02     6.557967e+02
  2.3100e+02     6.566129e+02
  2.3120e+02     6.574185e+02
  2.3140e+02     6.582135e+02
  2.3160e+02     6.589979e+02
  2.3180e+02     6.597716e+02
  2.3200e+02     6.605345e+02
  2.3220e+02     6.612865e+02
  2.3240e+02     6.620277e+02
  2.3260e+02     6.627579e+02
  2.3280e+02     6.634772e+02
  2.3300e+02     6.641853e+02
  2.3320e+02     6.648823e+02
  2.3340e+02     6.655682e+02
  2.3360e+02     6.662428e+02
  2.3380e+02     6.669061e+02
  2.3400e+02     6.675581e+02
  2.3420e+02     6.681986e+02
  2.3440e+02     6.688277e+02
  2.3460e+02     6.694453e+02
  2.3480e+02     6.700514e+02
  2.3500e+02     6.706458e+02
  2.3520e+02     6.712286e+02
  2.3540e+02     6.717997e+02
  2.3560e+02     6.723591e+02
  2.3580e+02     6.729067e+02
  2.3600e+02     6.734424e+02
  2.3620e+02     6.739662e+02
  2.3640e+02     6.744782e+02
  2.3660e+02     6.749781e+02
  2.3680e+02     6.754661e+02
  2.3700e+02     6.759420e+02
  2.3720e+02     6.764058e+02
  2.3740e+02     6.768576e+02
  2.3760e+02     6.772971e+02
  2.3780e+02     6.777245e+02
  2.3800e+02     6.781396e+02
  2.3820e+02     6.785425e+02
  2.3840e+02     6.789331e+02
  2.3860e+02     6.793114e+02
  2.3880e+02     6.796774e+02
  2.3900e+02     6.800309e+02
  2.3920e+02     6.803721e+02
  2.3940e+02     6.807008e+02
  2.3960e+02     6.810170e+02
  2.3980e+02     6.813208e+02
  2.4000e+02     6.816121e+02
  2.4020e+02     6.818908e+02
  2.4040e+02     6.821570e+02
  2.4060e+02     6.824107e+02
  2.4080e+02     6.826517e+02
  2.4100e+02     6.828801e+02
  2.4120e+02     6.830959e+02
  2.4140e+02     6.832991e+02
  2.4160e+02     6.834897e+02
  2.4180e+02     6.836675e+02
  2.4200e+02     6.838327e+02
  2.4220e+02     6.839852e+02
  2.4240e+02     6.841250e+02
  2.4260e+02     6.842522e+02
  2.4280e+02     6.843666e+02
  2.4300e+02     6.844682e+02
  2.4320e+02     6.845572e+02
  2.4340e+02     6.846335e+02
  2.4360e+02     6.846970e+02
  2.4380e+02     6.847478e+02
  2.4400e+02     6.847859e+02
  2.4420e+02     6.848112e+02
  2.4440e+02     6.848238e+02
  2.4460e+02     6.848237e+02
  2.4480e+02     6.848109e+02
  2.4500e+02     6.847854e+02
  2.4520e+02     6.847472e+02
  2.4540e+02     6.846963e+02
  2.4560e+02     6.846327e+02
  2.4580e+02     6.845565e+02
  2.4600e+02     6.844676e+02
  2.4620e+02     6.843660e+02
  2.4640e+02     6.842518e+02
  2.4660e+02     6.841250e+02
  2.4680e+02     6.839856e+02
  2.4700e+02     6.838336e+02
  2.4720e+02     6.836690e+02
  2.4740e+02     6.834919e+02
  2.4760e+02     6.833023e+02
  2.4780e+02     6.831002e+02
  2.4800e+02     6.828856e+02
  2.4820e+02     6.826586e+02
  2.4840e+02     6.824191e+02
  2.4860e+02     6.821673e+02
  2.4880e+02     6.819030e+02
  2.4900e+02     6.816265e+02
  2.4920e+02     6.813376e+02
  2.4940e+02     6.810364e+02
  2.4960e+02     6.807230e+02
  2.4980e+02     6.803974e+02
  2.5000e+02     6.800596e+02
  2.5020e+02     6.797096e+02
  2.5040e+02     6.793476e+02
  2.5060e+02     6.789735e+02
  2.5080e+02     6.785874e+02
  2.5100e+02     6.781892e+02
  2.5120e+02     6.777792e+02
  2.5140e+02     6.773572e+02
  2.5160e+02     6.769234e+02
  2.5180e+02     6.764777e+02
  2.5200e+02     6.760203e+02
  2.5220e+02     6.755511e+02
  2.5240e+02     6.750703e+02
  2.5260e+02     6.745779e+02
  2.5280e+02     6.740738e+02
  2.5300e+02     6.735582e+02
  2.5320e+02     6.730312e+02
  2.5340e+02     6.724927e+02
  2.5360e+02     6.719429e+02
  2.5380e+02     6.713817e+02
  2.5400e+02     6.708093e+02
  2.5420e+02     6.702256e+02
  2.5440e+02     6.696309e+02
  2.5460e+02     6.690250e+02
  2.5480e+02     6.684080e+02
  2.5500e+02     6.677801e+02
  2.5520e+02     6.671413e+02
  2.5540e+02     6.664916e+02
  2.5560e+02     6.658312e+02
  2.5580e+02     6.651600e+02
  2.5600e+02     6.644781e+02
  2.5620e+02     6.637856e+02
  2.5640e+02     6.630826e+02
  2.5660e+02     6.623691e+02
  2.5680e+02     6.616453e+02
  2.5700e+02     6.609110e+02
  2.5720e+02     6.601665e+02
  2.5740e+02     6.594118e+02
  2.5760e+02     6.586470e+02
  2.5780e+02     6.578721e+02
  2.5800e+02     6.570872e+02
  2.5820e+02     6.562924e+02
  2.5840e+02     6.554878e+02
  2.5860e+02     6.546734e+02
  2.5880e+02     6.538492e+02
  2.5900e+02     6.530155e+02
  2.5920e+02     6.521722e+02
  2.5940e+02     6.513194e+02
  2.5960e+02     6.504572e+02
  2.5980e+02     6.495857e+02
  2.6000e+02     6.487050e+02
  2.6020e+02     6.478151e+02
  2.6040e+02     6.469161e+02
  2.6060e+02     6.460080e+02
  2.6080e+02     6.450911e+02
  2.6100e+02     6.441653e+02
  2.6120e+02     6.432307e+02
  2.6140e+02     6.422874e+02
  2.6160e+02     6.413355e+02
  2.6180e+02     6.403751e+02
  2.6200e+02     6.394063e+02
  2.6220e+02     6.384290e+02
  2.6240e+02     6.374435e+02
  2.6260e+02     6.364498e+02
  2.6280e+02     6.354480e+02
  2.6300e+02     6.344381e+02
  2.6320e+02     6.334203e+02
  2.6340e+02     6.323947e+02
  2.6360e+02     6.313612e+02
  2.6380e+02     6.303201e+02
  2.6400e+02     6.292713e+02
  2.6420e+02     6.282150e+02
  2.6440e+02     6.271513e+02
  2.6460e+02     6.260803e+02
  2.6480e+02     6.250019e+02
  2.6500e+02     6.239164e+02
  2.6520e+02     6.228238e+02
  2.6540e+02     6.217242e+02
  2.6560e+02     6.206177e+02
  2.6580e+02     6.195043e+02
  2.6600e+02     6.183842e+02
  2.6620e+02     6.172575e+02
  2.6640e+02     6.161242e+02
  2.6660e+02     6.149844e+02
  2.6680e+02     6.138382e+02
  2.6700e+02     6.126857e+02
  2.6720e+02     6.115270e+02
  2.6740e+02     6.103621e+02
  2.6760e+02     6.091913e+02
  2.6780e+02     6.080144e+02
  2.6800e+02     6.068317e+02
  2.6820e+02     6.056433e+02
  2.6840e+02     6.044491e+02
  2.6860e+02     6.032494e+02
  2.6880e+02     6.020441e+02
  2.6900e+02     6.008335e+02
  2.6920e+02     5.996174e+02
  2.6940e+02     5.983962e+02
  2.6960e+02     5.971698e+02
  2.6980e+02     5.959383e+02
  2.7000e+02     5.947018e+02
  2.7020e+02     5.934605e+02
  2.7040e+02     5.922143e+02
  2.7060e+02     5.909634e+02
  2.7080e+02     5.897079e+02
  2.7100e+02     5.884478e+02
  2.7120e+02     5.871833e+02
  2.7140e+02     5.859144e+02
  2.7160e+02     5.846413e+02
  2.7180e+02     5.833639e+02
  2.7200e+02     5.820824e+02
  2.7220e+02     5.807969e+02
  2.7240e+02     5.795075e+02
  2.7260e+02     5.782142e+02
  2.7280e+02     5.769171e+02
  2.7300e+02     5.756164e+02
  2.7320e+02     5.743121e+02
  2.7340e+02     5.730042e+02
  2.7360e+02     5.716929e+02
  2.7380e+02     5.703783e+02
  2.7400e+02     5.690604e+02
  2.7420e+02     5.677394e+02
  2.7440e+02     5.664152e+02
  2.7460e+02     5.650880e+02
  2.7480e+02     5.637579e+02
  2.7500e+02     5.624250e+02
  2.7520e+02     5.610893e+02
  2.7540e+02     5.597509e+02
  2.7560e+02     5.584099e+02
  2.7580e+02     5.570664e+02
  2.7600e+02     5.557204e+02
  2.7620e+02     5.543721e+02
  2.7640e+02     5.530215e+02
  2.7660e+02     5.516687e+02
  2.7680e+02     5.503137e+02
  2.7700e+02     5.489568e+02
  2.7720e+02     5.475978e+02
  2.7740e+02     5.462370e+02
  2.7760e+02     5.448744e+02
  2.7780e+02     5.435100e+02
  2.7800e+02     5.421439e+02
  2.7820e+02     5.407763e+02
  2.7840e+02     5.394072e+02
  2.7860e+02     5.380366e+02
  2.7880e+02     5.366647e+02
  2.7900e+02     5.352915e+02
  2.7920e+02     5.339170e+02
  2.7940e+02     5.325415e+02
  2.7960e+02     5.311648e+02
  2.7980e+02     5.297872e+02
  2.8000e+02     5.284087e+02
  2.8020e+02     5.270292e+02
  2.8040e+02     5.256491e+02
  2.8060e+02     5.242682e+02
  2.8080e+02     5.228866e+02
  2.8100e+02     5.215045e+02
  2.8120e+02     5.201219e+02
  2.8140e+02     5.187388e+02
  2.8160e+02     5.173554e+02
  2.8180e+02     5.159717e+02
  2.8200e+02     5.145877e+02
  2.8220e+02     5.132036e+02
  2.8240e+02     5.118193e+02
  2.8260e+02     5.104351e+02
  2.8280e+02     5.090508e+02
  2.8300e+02     5.076666e+02
  2.8320e+02     5.062826e+02
  2.8340e+02     5.048988e+02
  2.8360e+02     5.035153e+02
  2.8380e+02     5.021321e+02
  2.8400e+02     5.007493e+02
  2.8420e+02     4.993670e+02
  2.8440e+02     4.979851e+02
  2.8460e+02     4.966039e+02
  2.8480e+02     4.952233e+02
  2.8500e+02     4.938434e+02
  2.8520e+02     4.924642e+02
  2.8540e+02     4.910859e+02
  2.8560e+02     4.897084e+02
  2.8580e+02     4.883318e+02
  2.8600e+02     4.869562e+02
  2.8620e+02     4.855816e+02
  2.8640e+02     4.842082e+02
  2.8660e+02     4.828358e+02
  2.8680e+02     4.814647e+02
  2.8700e+02     4.800948e+02
  2.8720e+02     4.787262e+02
  2.8740e+02     4.773589e+02
  2.8760e+02     4.759930e+02
  2.8780e+02     4.746286e+02
  2.8800e+02     4.732657e+02
  2.8820e+02     4.719043e+02
  2.8840e+02     4.705445e+02
  2.8860e+02     4.691864e+02
  2.8880e+02     4.678300e+02
  2.8900e+02     4.664752e+02
  2.8920e+02     4.651223e+02
  2.8940e+02     4.637712e+02
  2.8960e+02     4.624220e+02
  2.8980e+02     4.610747e+02
  2.9000e+02     4.597294e+02
  2.9020e+02     4.583860e+02
  2.9040e+02     4.570447e+02
  2.9060e+02     4.557055e+02
  2.9080e+02     4.543685e+02
  2.9100e+02     4.530336e+02
  2.9120e+02     4.517009e+02
  2.9140e+02     4.503705e+02
  2.9160e+02     4.490424e+02
  2.9180e+02     4.477166e+02
  2.9200e+02     4.463932e+02
  2.9220e+02     4.450721e+02
  2.9240e+02     4.437536e+02
  2.9260e+02     4.424375e+02
  2.9280e+02     4.411239e+02
  2.9300e+02     4.398129e+02
  2.9320e+02     4.385045e+02
  2.9340e+02     4.371987e+02
  2.9360e+02     4.358956e+02
  2.9380e+02     4.345952e+02
  2.9400e+02     4.332975e+02
  2.9420e+02     4.320025e+02
  2.9440e+02     4.307104e+02
  2.9460e+02     4.294210e+02
  2.9480e+02     4.281346e+02
  2.9500e+02     4.268510e+02
  2.9520e+02     4.255703e+02
  2.9540e+02     4.242926e+02
  2.9560e+02     4.230178e+02
  2.9580e+02     4.217460e+02
  2.9600e+02     4.204773e+02
  2.9620e+02     4.192117e+02
  2.9640e+02     4.179491e+02
  2.9660e+02     4.166896e+02
  2.9680e+02     4.154333e+02
  2.9700e+02     4.141801e+02
  2.9720e+02     4.129301e+02
  2.9740e+02     4.116833e+02
  2.9760e+02     4.104398e+02
  2.9780e+02     4.091995e+02
  2.9800e+02     4.079626e+02
  2.9820e+02     4.067289e+02
  2.9840e+02     4.054985e+02
  2.9860e+02     4.042715e+02
  2.9880e+02     4.030479e+02
  2.9900e+02     4.018277e+02
  2.9920e+02     4.006109e+02
  2.9940e+02     3.993975e+02
  2.9960e+02     3.981876e+02
  2.9980e+02     3.969811e+02
  3.0000e+02     3.957782e+02
  3.0020e+02     3.945787e+02
  3.0040e+02     3.933828e+02
  3.0060e+02     3.921904e+02
  3.0080e+02     3.910016e+02
  3.0100e+02     3.898164e+02
  3.0120e+02     3.886348e+02
  3.0140e+02     3.874568e+02
  3.0160e+02     3.862824e+02
  3.0180e+02     3.851117e+02
  3.0200e+02     3.839446e+02
  3.0220e+02     3.827812e+02
  3.0240e+02     3.816215e+02
  3.0260e+02     3.804655e+02
  3.0280e+02     3.793132e+02
  3.0300e+02     3.781646e+02
  3.0320e+02     3.770198e+02
  3.0340e+02     3.758787e+02
  3.0360e+02     3.747414e+02
  3.0380e+02     3.736078e+02
  3.0400e+02     3.724781e+02
  3.0420e+02     3.713521e+02
  3.0440e+02     3.702300e+02
  3.0460e+02     3.691117e+02
  3.0480e+02     3.679972e+02
  3.0500e+02     3.668865e+02
  3.0520e+02     3.657797e+02
  3.0540e+02     3.646767e+02
  3.0560e+02     3.635776e+02
  3.0580e+02     3.624824e+02
  3.0600e+02     3.613910e+02
  3.0620e+02     3.603036e+02
  3.0640e+02     3.592200e+02
  3.0660e+02     3.581403e+02
  3.0680e+02     3.570646e+02
  3.0700e+02     3.559927e+02
  3.0720e+02     3.549248e+02
  3.0740e+02     3.538608e+02
  3.0760e+02     3.528007e+02
  3.0780e+02     3.517446e+02
  3.0800e+02     3.506924e+02
  3.0820e+02     3.496441e+02
  3.0840e+02     3.485998e+02
  3.0860e+02     3.475595e+02
  3.0880e+02     3.465231e+02
  3.0900e+02     3.454906e+02
  3.0920e+02     3.444621e+02
  3.0940e+02     3.434376e+02
  3.0960e+02     3.424171e+02
  3.0980e+02     3.414005e+02
  3.1000e+02     3.403879e+02
  3.1020e+02     3.393793e+02
  3.1040e+02     3.383746e+02
  3.1060e+02     3.373739e+02
  3.1080e+02     3.363772e+02
  3.1100e+02     3.353845e+02
  3.1120e+02     3.343958e+02
  3.1140e+02     3.334110e+02
  3.1160e+02     3.324302e+02
  3.1180e+02     3.314534e+02
  3.1200e+02     3.304806e+02
  3.1220e+02     3.295117e+02
  3.1240e+02     3.285469e+02
  3.1260e+02     3.275860e+02
  3.1280e+02     3.266291e+02
  3.1300e+02     3.256761e+02
  3.1320e+02     3.247272e+02
  3.1340e+02     3.237822e+02
  3.1360e+02     3.228412e+02
  3.1380e+02     3.219041e+02
  3.1400e+02     3.209710e+02
  3.1420e+02     3.200419e+02
  3.1440e+02     3.191167e+02
  3.1460e+02     3.181955e+02
  3.1480e+02     3.172783e+02
  3.1500e+02     3.163650e+02
  3.1520e+02     3.154556e+02
  3.1540e+02     3.145502e+02
  3.1560e+02     3.136488e+02
  3.1580e+02     3.127513e+02
  3.1600e+02     3.118577e+02
  3.1620e+02     3.109680e+02
  3.1640e+02     3.100823e+02
  3.1660e+02     3.092005e+02
  3.1680e+02     3.083226e+02
  3.1700e+02     3.074486e+02
  3.1720e+02     3.065785e+02
  3.1740e+02     3.057123e+02
  3.1760e+02     3.048500e+02
  3.1780e+02     3.039917e+02
  3.1800e+02     3.031371e+02
  3.1820e+02     3.022865e+02
  3.1840e+02     3.014398e+02
  3.1860e+02     3.005969e+02
  3.1880e+02     2.997579e+02
  3.1900e+02     2.989227e+02
  3.1920e+02     2.980914e+02
  3.1940e+02     2.972639e+02
  3.1960e+02     2.964403e+02
  3.1980e+02     2.956205e+02
  3.2000e+02     2.948045e+02
  3.2020e+02     2.939924e+02
  3.2040e+02     2.931840e+02
  3.2060e+02     2.923795e+02
  3.2080e+02     2.915788e+02
  3.2100e+02     2.907818e+02
  3.2120e+02     2.899886e+02
  3.2140e+02     2.891993e+02
  3.2160e+02     2.884136e+02
  3.2180e+02     2.876318e+02
  3.2200e+02     2.868536e+02
  3.2220e+02     2.860793e+02
  3.2240e+02     2.853086e+02
  3.2260e+02     2.845417e+02
  3.2280e+02     2.837786e+02
  3.2300e+02     2.830191e+02
  3.2320e+02     2.822633e+02
  3.2340e+02     2.815113e+02
  3.2360e+02     2.807629e+02
  3.2380e+02     2.800182e+02
  3.2400e+02     2.792772e+02
  3.2420e+02     2.785398e+02
  3.2440e+02     2.778061e+02
  3.2460e+02     2.770761e+02
  3.2480e+02     2.763497e+02
  3.2500e+02     2.756269e+02
  3.2520e+02     2.749077e+02
  3.2540e+02     2.741921e+02
  3.2560e+02     2.734802e+02
  3.2580e+02     2.727718e+02
  3.2600e+02     2.720671e+02
  3.2620e+02     2.713659e+02
  3.2640e+02     2.706682e+02
  3.2660e+02     2.699742e+02
  3.2680e+02     2.692836e+02
  3.2700e+02     2.685966e+02
  3.2720e+02     2.679132e+02
  3.2740e+02     2.672333e+02
  3.2760e+02     2.665568e+02
  3.2780e+02     2.658839e+02
  3.2800e+02     2.652145e+02
  3.2820e+02     2.645485e+02
  3.2840e+02     2.638861e+02
  3.2860e+02     2.632270e+02
  3.2880e+02     2.625715e+02
  3.2900e+02     2.619194e+02
  3.2920e+02     2.612707e+02
  3.2940e+02     2.606255e+02
  3.2960e+02     2.599836e+02
  3.2980e+02     2.593452e+02
  3.3000e+02     2.587102e+02
  3.3020e+02     2.580785e+02
  3.3040e+02     2.574503e+02
  3.3060e+02     2.568254e+02
  3.3080e+02     2.562038e+02
  3.3100e+02     2.555856e+02
  3.3120e+02     2.549708e+02
  3.3140e+02     2.543592e+02
  3.3160e+02     2.537510e+02
  3.3180e+02     2.531461e+02
  3.3200e+02     2.525445e+02
  3.3220e+02     2.519462e+02
  3.3240e+02     2.513512e+02
  3.3260e+02     2.507594e+02
  3.3280e+02     2.501709e+02
  3.3300e+02     2.495856e+02
  3.3320e+02     2.490036e+02
  3.3340e+02     2.484248e+02
  3.3360e+02     2.478492e+02
  3.3380e+02     2.472769e+02
  3.3400e+02     2.467077e+02
  3.3420e+02     2.461417e+02
  3.3440e+02     2.455789e+02
  3.3460e+02     2.450193e+02
  3.3480e+02     2.444628e+02
  3.3500e+02     2.439095e+02
  3.3520e+02     2.433593e+02
  3.3540e+02     2.428123e+02
  3.3560e+02     2.422683e+02
  3.3580e+02     2.417275e+02
  3.3600e+02     2.411898e+02
  3.3620e+02     2.406551e+02
  3.3640e+02     2.401236e+02
  3.3660e+02     2.395951e+02
  3.3680e+02     2.390696e+02
  3.3700e+02     2.385473e+02
  3.3720e+02     2.380279e+02
  3.3740e+02     2.375116e+02
  3.3760e+02     2.369983e+02
  3.3780e+02     2.364880e+02
  3.3800e+02     2.359808e+02
  3.3820e+02     2.354765e+02
  3.3840e+02     2.349752e+02
  3.3860e+02     2.344768e+02
  3.3880e+02     2.339814e+02
  3.3900e+02     2.334890e+02
  3.3920e+02     2.329995e+02
  3.3940e+02     2.325130e+02
  3.3960e+02     2.320293e+02
  3.3980e+02     2.315486e+02
  3.4000e+02     2.310708e+02
  3.4020e+02     2.305959e+02
  3.4040e+02     2.301238e+02
  3.4060e+02     2.296547e+02
  3.4080e+02     2.291884e+02
  3.4100e+02     2.287249e+02
  3.4120e+02     2.282643e+02
  3.4140e+02     2.278066e+02
  3.4160e+02     2.273516e+02
  3.4180e+02     2.268995e+02
  3.4200e+02     2.264502e+02
  3.4220e+02     2.260037e+02
  3.4240e+02     2.255599e+02
  3.4260e+02     2.251190e+02
  3.4280e+02     2.246808e+02
  3.4300e+02     2.242454e+02
  3.4320e+02     2.238127e+02
  3.4340e+02     2.233828e+02
  3.4360e+02     2.229556e+02
  3.4380e+02     2.225311e+02
  3.4400e+02     2.221093e+02
  3.4420e+02     2.216903e+02
  3.4440e+02     2.212739e+02
  3.4460e+02     2.208602e+02
  3.4480e+02     2.204492e+02
  3.4500e+02     2.200409e+02
  3.4520e+02     2.196352e+02
  3.4540e+02     2.192322e+02
  3.4560e+02     2.188318e+02
  3.4580e+02     2.184341e+02
  3.4600e+02     2.180390e+02
  3.4620e+02     2.176465e+02
  3.4640e+02     2.172566e+02
  3.4660e+02     2.168693e+02
  3.4680e+02     2.164846e+02
  3.4700e+02     2.161024e+02
  3.4720e+02     2.157229e+02
  3.4740e+02     2.153459e+02
  3.4760e+02     2.149714e+02
  3.4780e+02     2.145995e+02
  3.4800e+02     2.142301e+02
  3.4820e+02     2.138633e+02
  3.4840e+02     2.134990e+02
  3.4860e+02     2.131372e+02
  3.4880e+02     2.127779e+02
  3.4900e+02     2.124210e+02
  3.4920e+02     2.120667e+02
  3.4940e+02     2.117149e+02
  3.4960e+02     2.113655e+02
  3.4980e+02     2.110186e+02
  3.5000e+02     2.106741e+02
  3.5020e+02     2.103321e+02
  3.5040e+02     2.099925e+02
  3.5060e+02     2.096553e+02
  3.5080e+02     2.093206e+02
  3.5100e+02     2.089883e+02
  3.5120e+02     2.086584e+02
  3.5140e+02     2.083308e+02
  3.5160e+02     2.080057e+02
  3.5180e+02     2.076829e+02
  3.5200e+02     2.073626e+02
  3.5220e+02     2.070445e+02
  3.5240e+02     2.067289e+02
  3.5260e+02     2.064156e+02
  3.5280e+02     2.061046e+02
  3.5300e+02     2.057960e+02
  3.5320e+02     2.054897e+02
  3.5340e+02     2.051857e+02
  3.5360e+02     2.048840e+02
  3.5380e+02     2.045846e+02
  3.5400e+02     2.042875e+02
  3.5420e+02     2.039927e+02
  3.5440e+02     2.037002e+02
  3.5460e+02     2.034100e+02
  3.5480e+02     2.031220e+02
  3.5500e+02     2.028363e+02
  3.5520e+02     2.025529e+02
  3.5540e+02     2.022717e+02
  3.5560e+02     2.019927e+02
  3.5580e+02     2.017159e+02
  3.5600e+02     2.014414e+02
  3.5620e+02     2.011691e+02
  3.5640e+02     2.008990e+02
  3.5660e+02     2.006311e+02
  3.5680e+02     2.003654e+02
  3.5700e+02     2.001019e+02
  3.5720e+02     1.998406e+02
  3.5740e+02     1.995815e+02
  3.5760e+02     1.993245e+02
  3.5780e+02     1.990697e+02
  3.5800e+02     1.988170e+02
  3.5820e+02     1.985665e+02
  3.5840e+02     1.983181e+02
  3.5860e+02     1.980719e+02
  3.5880e+02     1.978278e+02
  3.5900e+02     1.975858e+02
  3.5920e+02     1.973459e+02
  3.5940e+02     1.971081e+02
  3.5960e+02     1.968725e+02
  3.5980e+02     1.966389e+02
