# Epidemic | 7 days incidence [ x-unit: days | y-unit: per 100000 ]
  0.0000e+00     3.618006e+02
  2.0000e-01     3.596374e+02
  4.0000e-01     3.575158e+02
  6.0000e-01     3.554351e+02
  8.0000e-01     3.533947e+02
  1.0000e+00     3.513941e+02
  1.2000e+00     3.494327e+02
  1.4000e+00     3.475098e+02
  1.6000e+00     3.456250e+02
  1.8000e+00     3.437776e+02
  2.0000e+00     3.419673e+02
  2.2000e+00     3.401934e+02
  2.4000e+00     3.384554e+02
  2.6000e+00     3.367529e+02
  2.8000e+00     3.350853e+02
  3.0000e+00     3.334522e+02
  3.2000e+00     3.318531e+02
  3.4000e+00     3.302876e+02
  3.6000e+00     3.287552e+02
  3.8000e+00     3.272554e+02
  4.0000e+00     3.257880e+02
  4.2000e+00     3.243523e+02
  4.4000e+00     3.229481e+02
  4.6000e+00     3.215750e+02
  4.8000e+00     3.202324e+02
  5.0000e+00     3.189202e+02
  5.2000e+00     3.176378e+02
  5.4000e+00     3.163850e+02
  5.6000e+00     3.151614e+02
  5.8000e+00     3.139666e+02
  6.0000e+00     3.128003e+02
  6.2000e+00     3.116622e+02
  6.4000e+00     3.105519e+02
  6.6000e+00     3.094692e+02
  6.8000e+00     3.084137e+02
  7.0000e+00     3.073851e+02
  7.2000e+00     3.066815e+02
  7.4000e+00     3.060231e+02
  7.6000e+00     3.053760e+02
  7.8000e+00     3.047401e+02
  8.0000e+00     3.041155e+02
  8.2000e+00     3.035021e+02
  8.4000e+00     3.029000e+02
  8.6000e+00     3.023091e+02
  8.8000e+00     3.017294e+02
  9.0000e+00     3.011609e+02
  9.2000e+00     3.006037e+02
  9.4000e+00     3.000576e+02
  9.6000e+00     2.995227e+02
  9.8000e+00     2.989989e+02
  1.0000e+01     2.984863e+02
  1.0200e+01     2.979847e+02
  1.0400e+01     2.974943e+02
  1.0600e+01     2.970150e+02
  1.0800e+01     2.965468e+02
  1.1000e+01     2.960895e+02
  1.1200e+01     2.956434e+02
  1.1400e+01     2.952082e+02
  1.1600e+01     2.947840e+02
  1.1800e+01     2.943707e+02
  1.2000e+01     2.939684e+02
  1.2200e+01     2.935770e+02
  1.2400e+01     2.931965e+02
  1.2600e+01     2.928269e+02
  1.2800e+01     2.924681e+02
  1.3000e+01     2.921201e+02
  1.3200e+01     2.917830e+02
  1.3400e+01     2.914566e+02
  1.3600e+01     2.911409e+02
  1.3800e+01     2.908359e+02
  1.4000e+01     2.905417e+02
  1.4200e+01     2.902581e+02
  1.4400e+01     2.899852e+02
  1.4600e+01     2.897228e+02
  1.4800e+01     2.894711e+02
  1.5000e+01     2.892299e+02
  1.5200e+01     2.889993e+02
  1.5400e+01     2.887792e+02
  1.5600e+01     2.885695e+02
  1.5800e+01     2.883703e+02
  1.6000e+01     2.881816e+02
  1.6200e+01     2.880033e+02
  1.6400e+01     2.878353e+02
  1.6600e+01     2.876777e+02
  1.6800e+01     2.875304e+02
  1.7000e+01     2.873935e+02
  1.7200e+01     2.872668e+02
  1.7400e+01     2.871504e+02
  1.7600e+01     2.870442e+02
  1.7800e+01     2.869482e+02
  1.8000e+01     2.868623e+02
  1.8200e+01     2.867867e+02
  1.8400e+01     2.867211e+02
  1.8600e+01     2.866657e+02
  1.8800e+01     2.866203e+02
  1.9000e+01     2.865850e+02
  1.9200e+01     2.865597e+02
  1.9400e+01     2.865444e+02
  1.9600e+01     2.865391e+02
  1.9800e+01     2.865438e+02
  2.0000e+01     2.865584e+02
  2.0200e+01     2.865829e+02
  2.0400e+01     2.866173e+02
  2.0600e+01     2.866615e+02
  2.0800e+01     2.867156e+02
  2.1000e+01     2.867795e+02
  2.1200e+01     2.869114e+02
  2.1400e+01     2.870686e+02
  2.1600e+01     2.872452e+02
  2.1800e+01     2.874411e+02
  2.2000e+01     2.876563e+02
  2.2200e+01     2.878908e+02
  2.2400e+01     2.881446e+02
  2.2600e+01     2.884177e+02
  2.2800e+01     2.887100e+02
  2.3000e+01     2.890217e+02
  2.3200e+01     2.893527e+02
  2.3400e+01     2.897029e+02
  2.3600e+01     2.900725e+02
  2.3800e+01     2.904615e+02
  2.4000e+01     2.908698e+02
  2.4200e+01     2.912976e+02
  2.4400e+01     2.917447e+02
  2.4600e+01     2.922113e+02
  2.4800e+01     2.926975e+02
  2.5000e+01     2.932031e+02
  2.5200e+01     2.937283e+02
  2.5400e+01     2.942732e+02
  2.5600e+01     2.948377e+02
  2.5800e+01     2.954220e+02
  2.6000e+01     2.960261e+02
  2.6200e+01     2.966500e+02
  2.6400e+01     2.972938e+02
  2.6600e+01     2.979576e+02
  2.6800e+01     2.986415e+02
  2.7000e+01     2.993455e+02
  2.7200e+01     3.000696e+02
  2.7400e+01     3.008141e+02
  2.7600e+01     3.015790e+02
  2.7800e+01     3.023643e+02
  2.8000e+01     3.031701e+02
  2.8200e+01     3.039966e+02
  2.8400e+01     3.048439e+02
  2.8600e+01     3.057120e+02
  2.8800e+01     3.066010e+02
  2.9000e+01     3.075111e+02
  2.9200e+01     3.084424e+02
  2.9400e+01     3.093950e+02
  2.9600e+01     3.103690e+02
  2.9800e+01     3.113645e+02
  3.0000e+01     3.123817e+02
  3.0200e+01     3.134207e+02
  3.0400e+01     3.144816e+02
  3.0600e+01     3.155646e+02
  3.0800e+01     3.166698e+02
  3.1000e+01     3.177973e+02
  3.1200e+01     3.189473e+02
  3.1400e+01     3.201200e+02
  3.1600e+01     3.213155e+02
  3.1800e+01     3.225340e+02
  3.2000e+01     3.237756e+02
  3.2200e+01     3.250405e+02
  3.2400e+01     3.263288e+02
  3.2600e+01     3.276408e+02
  3.2800e+01     3.289767e+02
  3.3000e+01     3.303365e+02
  3.3200e+01     3.317205e+02
  3.3400e+01     3.331290e+02
  3.3600e+01     3.345619e+02
  3.3800e+01     3.360197e+02
  3.4000e+01     3.375025e+02
  3.4200e+01     3.390104e+02
  3.4400e+01     3.405437e+02
  3.4600e+01     3.421027e+02
  3.4800e+01     3.436874e+02
  3.5000e+01     3.452982e+02
  3.5200e+01     3.469353e+02
  3.5400e+01     3.485989e+02
  3.5600e+01     3.502893e+02
  3.5800e+01     3.520066e+02
  3.6000e+01     3.537511e+02
  3.6200e+01     3.555232e+02
  3.6400e+01     3.573229e+02
  3.6600e+01     3.591506e+02
  3.6800e+01     3.610066e+02
  3.7000e+01     3.628911e+02
  3.7200e+01     3.648044e+02
  3.7400e+01     3.667467e+02
  3.7600e+01     3.687183e+02
  3.7800e+01     3.707196e+02
  3.8000e+01     3.727508e+02
  3.8200e+01     3.748121e+02
  3.8400e+01     3.769040e+02
  3.8600e+01     3.790266e+02
  3.8800e+01     3.811804e+02
  3.9000e+01     3.833656e+02
  3.9200e+01     3.855825e+02
  3.9400e+01     3.878315e+02
  3.9600e+01     3.901128e+02
  3.9800e+01     3.924269e+02
  4.0000e+01     3.947740e+02
  4.0200e+01     3.971545e+02
  4.0400e+01     3.995687e+02
  4.0600e+01     4.020171e+02
  4.0800e+01     4.044998e+02
  4.1000e+01     4.070174e+02
  4.1200e+01     4.095702e+02
  4.1400e+01     4.121585e+02
  4.1600e+01     4.147828e+02
  4.1800e+01     4.174433e+02
  4.2000e+01     4.201406e+02
  4.2200e+01     4.228750e+02
  4.2400e+01     4.256468e+02
  4.2600e+01     4.284566e+02
  4.2800e+01     4.313046e+02
  4.3000e+01     4.341914e+02
  4.3200e+01     4.371174e+02
  4.3400e+01     4.400829e+02
  4.3600e+01     4.430885e+02
  4.3800e+01     4.461345e+02
  4.4000e+01     4.492214e+02
  4.4200e+01     4.523497e+02
  4.4400e+01     4.555198e+02
  4.4600e+01     4.587321e+02
  4.4800e+01     4.619872e+02
  4.5000e+01     4.652856e+02
  4.5200e+01     4.686276e+02
  4.5400e+01     4.720138e+02
  4.5600e+01     4.754447e+02
  4.5800e+01     4.789208e+02
  4.6000e+01     4.824426e+02
  4.6200e+01     4.860106e+02
  4.6400e+01     4.896254e+02
  4.6600e+01     4.932874e+02
  4.6800e+01     4.969971e+02
  4.7000e+01     5.007552e+02
  4.7200e+01     5.045622e+02
  4.7400e+01     5.084186e+02
  4.7600e+01     5.123250e+02
  4.7800e+01     5.162819e+02
  4.8000e+01     5.202899e+02
  4.8200e+01     5.243497e+02
  4.8400e+01     5.284617e+02
  4.8600e+01     5.326266e+02
  4.8800e+01     5.368450e+02
  4.9000e+01     5.411174e+02
  4.9200e+01     5.454446e+02
  4.9400e+01     5.498270e+02
  4.9600e+01     5.542654e+02
  4.9800e+01     5.587604e+02
  5.0000e+01     5.633126e+02
  5.0200e+01     5.679226e+02
  5.0400e+01     5.725911e+02
  5.0600e+01     5.773188e+02
  5.0800e+01     5.821064e+02
  5.1000e+01     5.869544e+02
  5.1200e+01     5.918637e+02
  5.1400e+01     5.968348e+02
  5.1600e+01     6.018685e+02
  5.1800e+01     6.069654e+02
  5.2000e+01     6.121264e+02
  5.2200e+01     6.173520e+02
  5.2400e+01     6.226431e+02
  5.2600e+01     6.280003e+02
  5.2800e+01     6.334244e+02
  5.3000e+01     6.389161e+02
  5.3200e+01     6.444762e+02
  5.3400e+01     6.501055e+02
  5.3600e+01     6.558046e+02
  5.3800e+01     6.615744e+02
  5.4000e+01     6.674156e+02
  5.4200e+01     6.733291e+02
  5.4400e+01     6.793156e+02
  5.4600e+01     6.853758e+02
  5.4800e+01     6.915107e+02
  5.5000e+01     6.977211e+02
  5.5200e+01     7.040076e+02
  5.5400e+01     7.103712e+02
  5.5600e+01     7.168127e+02
  5.5800e+01     7.233328e+02
  5.6000e+01     7.299326e+02
  5.6200e+01     7.366127e+02
  5.6400e+01     7.433741e+02
  5.6600e+01     7.502175e+02
  5.6800e+01     7.571440e+02
  5.7000e+01     7.641542e+02
  5.7200e+01     7.712492e+02
  5.7400e+01     7.784297e+02
  5.7600e+01     7.856967e+02
  5.7800e+01     7.930510e+02
  5.8000e+01     8.004935e+02
  5.8200e+01     8.080252e+02
  5.8400e+01     8.156468e+02
  5.8600e+01     8.233594e+02
  5.8800e+01     8.311639e+02
  5.9000e+01     8.390611e+02
  5.9200e+01     8.470519e+02
  5.9400e+01     8.551373e+02
  5.9600e+01     8.633181e+02
  5.9800e+01     8.715954e+02
  6.0000e+01     8.799700e+02
  6.0200e+01     8.884429e+02
  6.0400e+01     8.970149e+02
  6.0600e+01     9.056871e+02
  6.0800e+01     9.144603e+02
  6.1000e+01     9.233355e+02
  6.1200e+01     9.323136e+02
  6.1400e+01     9.413955e+02
  6.1600e+01     9.505822e+02
  6.1800e+01     9.598746e+02
  6.2000e+01     9.692736e+02
  6.2200e+01     9.787802e+02
  6.2400e+01     9.883952e+02
  6.2600e+01     9.981197e+02
  6.2800e+01     1.007954e+03
  6.3000e+01     1.017900e+03
  6.3200e+01     1.027958e+03
  6.3400e+01     1.038129e+03
  6.3600e+01     1.048415e+03
  6.3800e+01     1.058815e+03
  6.4000e+01     1.069331e+03
  6.4200e+01     1.079963e+03
  6.4400e+01     1.090713e+03
  6.4600e+01     1.101582e+03
  6.4800e+01     1.112570e+03
  6.5000e+01     1.123677e+03
  6.5200e+01     1.134906e+03
  6.5400e+01     1.146257e+03
  6.5600e+01     1.157730e+03
  6.5800e+01     1.169327e+03
  6.6000e+01     1.181048e+03
  6.6200e+01     1.192895e+03
  6.6400e+01     1.204867e+03
  6.6600e+01     1.216965e+03
  6.6800e+01     1.229191e+03
  6.7000e+01     1.241545e+03
  6.7200e+01     1.254028e+03
  6.7400e+01     1.266641e+03
  6.7600e+01     1.279383e+03
  6.7800e+01     1.292256e+03
  6.8000e+01     1.305261e+03
  6.8200e+01     1.318398e+03
  6.8400e+01     1.331668e+03
  6.8600e+01     1.345071e+03
  6.8800e+01     1.358607e+03
  6.9000e+01     1.372278e+03
  6.9200e+01     1.386084e+03
  6.9400e+01     1.400025e+03
  6.9600e+01     1.414102e+03
  6.9800e+01     1.428315e+03
  7.0000e+01     1.442665e+03
  7.0200e+01     1.457151e+03
  7.0400e+01     1.471775e+03
  7.0600e+01     1.486536e+03
  7.0800e+01     1.501434e+03
  7.1000e+01     1.516471e+03
  7.1200e+01     1.531645e+03
  7.1400e+01     1.546958e+03
  7.1600e+01     1.562409e+03
  7.1800e+01     1.577999e+03
  7.2000e+01     1.593726e+03
  7.2200e+01     1.609592e+03
  7.2400e+01     1.625596e+03
  7.2600e+01     1.641738e+03
  7.2800e+01     1.658018e+03
  7.3000e+01     1.674436e+03
  7.3200e+01     1.690991e+03
  7.3400e+01     1.707682e+03
  7.3600e+01     1.724511e+03
  7.3800e+01     1.741475e+03
  7.4000e+01     1.758575e+03
  7.4200e+01     1.775810e+03
  7.4400e+01     1.793179e+03
  7.4600e+01     1.810681e+03
  7.4800e+01     1.828317e+03
  7.5000e+01     1.846085e+03
  7.5200e+01     1.863983e+03
  7.5400e+01     1.882012e+03
  7.5600e+01     1.900170e+03
  7.5800e+01     1.918456e+03
  7.6000e+01     1.936868e+03
  7.6200e+01     1.955407e+03
  7.6400e+01     1.974069e+03
  7.6600e+01     1.992854e+03
  7.6800e+01     2.011760e+03
  7.7000e+01     2.030785e+03
  7.7200e+01     2.049929e+03
  7.7400e+01     2.069188e+03
  7.7600e+01     2.088562e+03
  7.7800e+01     2.108048e+03
  7.8000e+01     2.127645e+03
  7.8200e+01     2.147350e+03
  7.8400e+01     2.167160e+03
  7.8600e+01     2.187075e+03
  7.8800e+01     2.207090e+03
  7.9000e+01     2.227204e+03
  7.9200e+01     2.247415e+03
  7.9400e+01     2.267718e+03
  7.9600e+01     2.288112e+03
  7.9800e+01     2.308594e+03
  8.0000e+01     2.329161e+03
  8.0200e+01     2.349809e+03
  8.0400e+01     2.370535e+03
  8.0600e+01     2.391336e+03
  8.0800e+01     2.412208e+03
  8.1000e+01     2.433148e+03
  8.1200e+01     2.454153e+03
  8.1400e+01     2.475218e+03
  8.1600e+01     2.496339e+03
  8.1800e+01     2.517513e+03
  8.2000e+01     2.538735e+03
  8.2200e+01     2.560001e+03
  8.2400e+01     2.581307e+03
  8.2600e+01     2.602648e+03
  8.2800e+01     2.624020e+03
  8.3000e+01     2.645417e+03
  8.3200e+01     2.666836e+03
  8.3400e+01     2.688271e+03
  8.3600e+01     2.709717e+03
  8.3800e+01     2.731169e+03
  8.4000e+01     2.752622e+03
  8.4200e+01     2.774069e+03
  8.4400e+01     2.795507e+03
  8.4600e+01     2.816928e+03
  8.4800e+01     2.838328e+03
  8.5000e+01     2.859701e+03
  8.5200e+01     2.881039e+03
  8.5400e+01     2.902339e+03
  8.5600e+01     2.923592e+03
  8.5800e+01     2.944794e+03
  8.6000e+01     2.965937e+03
  8.6200e+01     2.987015e+03
  8.6400e+01     3.008021e+03
  8.6600e+01     3.028950e+03
  8.6800e+01     3.049793e+03
  8.7000e+01     3.070544e+03
  8.7200e+01     3.091197e+03
  8.7400e+01     3.111743e+03
  8.7600e+01     3.132177e+03
  8.7800e+01     3.152490e+03
  8.8000e+01     3.172676e+03
  8.8200e+01     3.192727e+03
  8.8400e+01     3.212635e+03
  8.8600e+01     3.232394e+03
  8.8800e+01     3.251995e+03
  8.9000e+01     3.271431e+03
  8.9200e+01     3.290694e+03
  8.9400e+01     3.309776e+03
  8.9600e+01     3.328671e+03
  8.9800e+01     3.347369e+03
  9.0000e+01     3.365863e+03
  9.0200e+01     3.384146e+03
  9.0400e+01     3.402208e+03
  9.0600e+01     3.420044e+03
  9.0800e+01     3.437643e+03
  9.1000e+01     3.455000e+03
  9.1200e+01     3.472104e+03
  9.1400e+01     3.488950e+03
  9.1600e+01     3.505528e+03
  9.1800e+01     3.521831e+03
  9.2000e+01     3.537852e+03
  9.2200e+01     3.553581e+03
  9.2400e+01     3.569012e+03
  9.2600e+01     3.584137e+03
  9.2800e+01     3.598948e+03
  9.3000e+01     3.613437e+03
  9.3200e+01     3.627597e+03
  9.3400e+01     3.641420e+03
  9.3600e+01     3.654900e+03
  9.3800e+01     3.668028e+03
  9.4000e+01     3.680798e+03
  9.4200e+01     3.693202e+03
  9.4400e+01     3.705233e+03
  9.4600e+01     3.716885e+03
  9.4800e+01     3.728151e+03
  9.5000e+01     3.739025e+03
  9.5200e+01     3.749499e+03
  9.5400e+01     3.759567e+03
  9.5600e+01     3.769224e+03
  9.5800e+01     3.778464e+03
  9.6000e+01     3.787279e+03
  9.6200e+01     3.795666e+03
  9.6400e+01     3.803619e+03
  9.6600e+01     3.811132e+03
  9.6800e+01     3.818200e+03
  9.7000e+01     3.824818e+03
  9.7200e+01     3.830982e+03
  9.7400e+01     3.836688e+03
  9.7600e+01     3.841931e+03
  9.7800e+01     3.846707e+03
  9.8000e+01     3.851013e+03
  9.8200e+01     3.854845e+03
  9.8400e+01     3.858200e+03
  9.8600e+01     3.861075e+03
  9.8800e+01     3.863468e+03
  9.9000e+01     3.865375e+03
  9.9200e+01     3.866795e+03
  9.9400e+01     3.867725e+03
  9.9600e+01     3.868165e+03
  9.9800e+01     3.868113e+03
  1.0000e+02     3.867567e+03
  1.0020e+02     3.866528e+03
  1.0040e+02     3.864994e+03
  1.0060e+02     3.862965e+03
  1.0080e+02     3.860441e+03
  1.0100e+02     3.857424e+03
  1.0120e+02     3.853913e+03
  1.0140e+02     3.849909e+03
  1.0160e+02     3.845414e+03
  1.0180e+02     3.840429e+03
  1.0200e+02     3.834956e+03
  1.0220e+02     3.828997e+03
  1.0240e+02     3.822555e+03
  1.0260e+02     3.815632e+03
  1.0280e+02     3.808232e+03
  1.0300e+02     3.800357e+03
  1.0320e+02     3.792010e+03
  1.0340e+02     3.783197e+03
  1.0360e+02     3.773921e+03
  1.0380e+02     3.764186e+03
  1.0400e+02     3.753998e+03
  1.0420e+02     3.743360e+03
  1.0440e+02     3.732278e+03
  1.0460e+02     3.720758e+03
  1.0480e+02     3.708805e+03
  1.0500e+02     3.696424e+03
  1.0520e+02     3.683623e+03
  1.0540e+02     3.670407e+03
  1.0560e+02     3.656784e+03
  1.0580e+02     3.642759e+03
  1.0600e+02     3.628340e+03
  1.0620e+02     3.613533e+03
  1.0640e+02     3.598347e+03
  1.0660e+02     3.582789e+03
  1.0680e+02     3.566867e+03
  1.0700e+02     3.550587e+03
  1.0720e+02     3.533960e+03
  1.0740e+02     3.516992e+03
  1.0760e+02     3.499692e+03
  1.0780e+02     3.482068e+03
  1.0800e+02     3.464130e+03
  1.0820e+02     3.445885e+03
  1.0840e+02     3.427343e+03
  1.0860e+02     3.408513e+03
  1.0880e+02     3.389402e+03
  1.0900e+02     3.370022e+03
  1.0920e+02     3.350380e+03
  1.0940e+02     3.330485e+03
  1.0960e+02     3.310348e+03
  1.0980e+02     3.289977e+03
  1.1000e+02     3.269381e+03
  1.1020e+02     3.248571e+03
  1.1040e+02     3.227554e+03
  1.1060e+02     3.206342e+03
  1.1080e+02     3.184942e+03
  1.1100e+02     3.163364e+03
  1.1120e+02     3.141618e+03
  1.1140e+02     3.119713e+03
  1.1160e+02     3.097658e+03
  1.1180e+02     3.075462e+03
  1.1200e+02     3.053134e+03
  1.1220e+02     3.030684e+03
  1.1240e+02     3.008120e+03
  1.1260e+02     2.985452e+03
  1.1280e+02     2.962688e+03
  1.1300e+02     2.939837e+03
  1.1320e+02     2.916907e+03
  1.1340e+02     2.893908e+03
  1.1360e+02     2.870848e+03
  1.1380e+02     2.847734e+03
  1.1400e+02     2.824576e+03
  1.1420e+02     2.801382e+03
  1.1440e+02     2.778158e+03
  1.1460e+02     2.754915e+03
  1.1480e+02     2.731658e+03
  1.1500e+02     2.708396e+03
  1.1520e+02     2.685135e+03
  1.1540e+02     2.661885e+03
  1.1560e+02     2.638650e+03
  1.1580e+02     2.615440e+03
  1.1600e+02     2.592259e+03
  1.1620e+02     2.569116e+03
  1.1640e+02     2.546016e+03
  1.1660e+02     2.522966e+03
  1.1680e+02     2.499973e+03
  1.1700e+02     2.477041e+03
  1.1720e+02     2.454178e+03
  1.1740e+02     2.431388e+03
  1.1760e+02     2.408678e+03
  1.1780e+02     2.386053e+03
  1.1800e+02     2.363517e+03
  1.1820e+02     2.341077e+03
  1.1840e+02     2.318736e+03
  1.1860e+02     2.296500e+03
  1.1880e+02     2.274373e+03
  1.1900e+02     2.252360e+03
  1.1920e+02     2.230465e+03
  1.1940e+02     2.208691e+03
  1.1960e+02     2.187043e+03
  1.1980e+02     2.165524e+03
  1.2000e+02     2.144138e+03
  1.2020e+02     2.122889e+03
  1.2040e+02     2.101780e+03
  1.2060e+02     2.080813e+03
  1.2080e+02     2.059992e+03
  1.2100e+02     2.039320e+03
  1.2120e+02     2.018799e+03
  1.2140e+02     1.998431e+03
  1.2160e+02     1.978220e+03
  1.2180e+02     1.958167e+03
  1.2200e+02     1.938274e+03
  1.2220e+02     1.918544e+03
  1.2240e+02     1.898978e+03
  1.2260e+02     1.879578e+03
  1.2280e+02     1.860346e+03
  1.2300e+02     1.841283e+03
  1.2320e+02     1.822389e+03
  1.2340e+02     1.803668e+03
  1.2360e+02     1.785119e+03
  1.2380e+02     1.766743e+03
  1.2400e+02     1.748542e+03
  1.2420e+02     1.730516e+03
  1.2440e+02     1.712667e+03
  1.2460e+02     1.694993e+03
  1.2480e+02     1.677497e+03
  1.2500e+02     1.660177e+03
  1.2520e+02     1.643036e+03
  1.2540e+02     1.626072e+03
  1.2560e+02     1.609286e+03
  1.2580e+02     1.592678e+03
  1.2600e+02     1.576248e+03
  1.2620e+02     1.559995e+03
  1.2640e+02     1.543920e+03
  1.2660e+02     1.528023e+03
  1.2680e+02     1.512302e+03
  1.2700e+02     1.496758e+03
  1.2720e+02     1.481389e+03
  1.2740e+02     1.466197e+03
  1.2760e+02     1.451179e+03
  1.2780e+02     1.436335e+03
  1.2800e+02     1.421665e+03
  1.2820e+02     1.407167e+03
  1.2840e+02     1.392842e+03
  1.2860e+02     1.378687e+03
  1.2880e+02     1.364703e+03
  1.2900e+02     1.350888e+03
  1.2920e+02     1.337242e+03
  1.2940e+02     1.323762e+03
  1.2960e+02     1.310449e+03
  1.2980e+02     1.297301e+03
  1.3000e+02     1.284317e+03
  1.3020e+02     1.271496e+03
  1.3040e+02     1.258836e+03
  1.3060e+02     1.246337e+03
  1.3080e+02     1.233998e+03
  1.3100e+02     1.221816e+03
  1.3120e+02     1.209791e+03
  1.3140e+02     1.197922e+03
  1.3160e+02     1.186206e+03
  1.3180e+02     1.174644e+03
  1.3200e+02     1.163233e+03
  1.3220e+02     1.151972e+03
  1.3240e+02     1.140860e+03
  1.3260e+02     1.129895e+03
  1.3280e+02     1.119077e+03
  1.3300e+02     1.108402e+03
  1.3320e+02     1.097872e+03
  1.3340e+02     1.087482e+03
  1.3360e+02     1.077234e+03
  1.3380e+02     1.067124e+03
  1.3400e+02     1.057152e+03
  1.3420e+02     1.047316e+03
  1.3440e+02     1.037614e+03
  1.3460e+02     1.028046e+03
  1.3480e+02     1.018610e+03
  1.3500e+02     1.009304e+03
  1.3520e+02     1.000127e+03
  1.3540e+02     9.910785e+02
  1.3560e+02     9.821554e+02
  1.3580e+02     9.733570e+02
  1.3600e+02     9.646820e+02
  1.3620e+02     9.561290e+02
  1.3640e+02     9.476964e+02
  1.3660e+02     9.393831e+02
  1.3680e+02     9.311875e+02
  1.3700e+02     9.231083e+02
  1.3720e+02     9.151442e+02
  1.3740e+02     9.072937e+02
  1.3760e+02     8.995555e+02
  1.3780e+02     8.919283e+02
  1.3800e+02     8.844108e+02
  1.3820e+02     8.770015e+02
  1.3840e+02     8.696993e+02
  1.3860e+02     8.625028e+02
  1.3880e+02     8.554107e+02
  1.3900e+02     8.484218e+02
  1.3920e+02     8.415347e+02
  1.3940e+02     8.347482e+02
  1.3960e+02     8.280611e+02
  1.3980e+02     8.214721e+02
  1.4000e+02     8.149801e+02
  1.4020e+02     8.085837e+02
  1.4040e+02     8.022818e+02
  1.4060e+02     7.960733e+02
  1.4080e+02     7.899569e+02
  1.4100e+02     7.839315e+02
  1.4120e+02     7.779959e+02
  1.4140e+02     7.721490e+02
  1.4160e+02     7.663897e+02
  1.4180e+02     7.607168e+02
  1.4200e+02     7.551294e+02
  1.4220e+02     7.496262e+02
  1.4240e+02     7.442063e+02
  1.4260e+02     7.388685e+02
  1.4280e+02     7.336118e+02
  1.4300e+02     7.284352e+02
  1.4320e+02     7.233377e+02
  1.4340e+02     7.183183e+02
  1.4360e+02     7.133760e+02
  1.4380e+02     7.085097e+02
  1.4400e+02     7.037186e+02
  1.4420e+02     6.990017e+02
  1.4440e+02     6.943580e+02
  1.4460e+02     6.897866e+02
  1.4480e+02     6.852866e+02
  1.4500e+02     6.808571e+02
  1.4520e+02     6.764973e+02
  1.4540e+02     6.722061e+02
  1.4560e+02     6.679829e+02
  1.4580e+02     6.638266e+02
  1.4600e+02     6.597366e+02
  1.4620e+02     6.557119e+02
  1.4640e+02     6.517517e+02
  1.4660e+02     6.478553e+02
  1.4680e+02     6.440218e+02
  1.4700e+02     6.402505e+02
  1.4720e+02     6.365405e+02
  1.4740e+02     6.328913e+02
  1.4760e+02     6.293019e+02
  1.4780e+02     6.257717e+02
  1.4800e+02     6.223000e+02
  1.4820e+02     6.188860e+02
  1.4840e+02     6.155290e+02
  1.4860e+02     6.122284e+02
  1.4880e+02     6.089835e+02
  1.4900e+02     6.057936e+02
  1.4920e+02     6.026581e+02
  1.4940e+02     5.995762e+02
  1.4960e+02     5.965475e+02
  1.4980e+02     5.935712e+02
  1.5000e+02     5.906468e+02
  1.5020e+02     5.877736e+02
  1.5040e+02     5.849511e+02
  1.5060e+02     5.821787e+02
  1.5080e+02     5.794557e+02
  1.5100e+02     5.767817e+02
  1.5120e+02     5.741561e+02
  1.5140e+02     5.715783e+02
  1.5160e+02     5.690479e+02
  1.5180e+02     5.665642e+02
  1.5200e+02     5.641268e+02
  1.5220e+02     5.617352e+02
  1.5240e+02     5.593888e+02
  1.5260e+02     5.570872e+02
  1.5280e+02     5.548299e+02
  1.5300e+02     5.526165e+02
  1.5320e+02     5.504464e+02
  1.5340e+02     5.483192e+02
  1.5360e+02     5.462345e+02
  1.5380e+02     5.441919e+02
  1.5400e+02     5.421908e+02
  1.5420e+02     5.402310e+02
  1.5440e+02     5.383119e+02
  1.5460e+02     5.364332e+02
  1.5480e+02     5.345945e+02
  1.5500e+02     5.327953e+02
  1.5520e+02     5.310354e+02
  1.5540e+02     5.293143e+02
  1.5560e+02     5.276317e+02
  1.5580e+02     5.259871e+02
  1.5600e+02     5.243804e+02
  1.5620e+02     5.228110e+02
  1.5640e+02     5.212787e+02
  1.5660e+02     5.197832e+02
  1.5680e+02     5.183241e+02
  1.5700e+02     5.169011e+02
  1.5720e+02     5.155139e+02
  1.5740e+02     5.141622e+02
  1.5760e+02     5.128458e+02
  1.5780e+02     5.115642e+02
  1.5800e+02     5.103172e+02
  1.5820e+02     5.091046e+02
  1.5840e+02     5.079261e+02
  1.5860e+02     5.067814e+02
  1.5880e+02     5.056703e+02
  1.5900e+02     5.045925e+02
  1.5920e+02     5.035477e+02
  1.5940e+02     5.025358e+02
  1.5960e+02     5.015564e+02
  1.5980e+02     5.006095e+02
  1.6000e+02     4.996946e+02
  1.6020e+02     4.988117e+02
  1.6040e+02     4.979605e+02
  1.6060e+02     4.971409e+02
  1.6080e+02     4.963525e+02
  1.6100e+02     4.955952e+02
  1.6120e+02     4.948689e+02
  1.6140e+02     4.941733e+02
  1.6160e+02     4.935083e+02
  1.6180e+02     4.928737e+02
  1.6200e+02     4.922693e+02
  1.6220e+02     4.916950e+02
  1.6240e+02     4.911506e+02
  1.6260e+02     4.906359e+02
  1.6280e+02     4.901508e+02
  1.6300e+02     4.896953e+02
  1.6320e+02     4.892690e+02
  1.6340e+02     4.888719e+02
  1.6360e+02     4.885039e+02
  1.6380e+02     4.881649e+02
  1.6400e+02     4.878546e+02
  1.6420e+02     4.875731e+02
  1.6440e+02     4.873202e+02
  1.6460e+02     4.870958e+02
  1.6480e+02     4.868997e+02
  1.6500e+02     4.867320e+02
  1.6520e+02     4.865925e+02
  1.6540e+02     4.864811e+02
  1.6560e+02     4.863978e+02
  1.6580e+02     4.863424e+02
  1.6600e+02     4.863149e+02
  1.6620e+02     4.863153e+02
  1.6640e+02     4.863434e+02
  1.6660e+02     4.863992e+02
  1.6680e+02     4.864826e+02
  1.6700e+02     4.865937e+02
  1.6720e+02     4.867323e+02
  1.6740e+02     4.868983e+02
  1.6760e+02     4.870919e+02
  1.6780e+02     4.873128e+02
  1.6800e+02     4.875611e+02
  1.6820e+02     4.878368e+02
  1.6840e+02     4.881399e+02
  1.6860e+02     4.884702e+02
  1.6880e+02     4.888279e+02
  1.6900e+02     4.892129e+02
  1.6920e+02     4.896251e+02
  1.6940e+02     4.900646e+02
  1.6960e+02     4.905314e+02
  1.6980e+02     4.910255e+02
  1.7000e+02     4.915468e+02
  1.7020e+02     4.920955e+02
  1.7040e+02     4.926715e+02
  1.7060e+02     4.932748e+02
  1.7080e+02     4.939054e+02
  1.7100e+02     4.945635e+02
  1.7120e+02     4.952490e+02
  1.7140e+02     4.959619e+02
  1.7160e+02     4.967022e+02
  1.7180e+02     4.974701e+02
  1.7200e+02     4.982656e+02
  1.7220e+02     4.990887e+02
  1.7240e+02     4.999395e+02
  1.7260e+02     5.008180e+02
  1.7280e+02     5.017242e+02
  1.7300e+02     5.026583e+02
  1.7320e+02     5.036204e+02
  1.7340e+02     5.046104e+02
  1.7360e+02     5.056284e+02
  1.7380e+02     5.066746e+02
  1.7400e+02     5.077490e+02
  1.7420e+02     5.088517e+02
  1.7440e+02     5.099828e+02
  1.7460e+02     5.111423e+02
  1.7480e+02     5.123305e+02
  1.7500e+02     5.135473e+02
  1.7520e+02     5.147928e+02
  1.7540e+02     5.160673e+02
  1.7560e+02     5.173707e+02
  1.7580e+02     5.187032e+02
  1.7600e+02     5.200649e+02
  1.7620e+02     5.214560e+02
  1.7640e+02     5.228765e+02
  1.7660e+02     5.243266e+02
  1.7680e+02     5.258064e+02
  1.7700e+02     5.273161e+02
  1.7720e+02     5.288557e+02
  1.7740e+02     5.304255e+02
  1.7760e+02     5.320255e+02
  1.7780e+02     5.336559e+02
  1.7800e+02     5.353169e+02
  1.7820e+02     5.370086e+02
  1.7840e+02     5.387312e+02
  1.7860e+02     5.404848e+02
  1.7880e+02     5.422696e+02
  1.7900e+02     5.440858e+02
  1.7920e+02     5.459335e+02
  1.7940e+02     5.478129e+02
  1.7960e+02     5.497242e+02
  1.7980e+02     5.516676e+02
  1.8000e+02     5.536433e+02
  1.8020e+02     5.556514e+02
  1.8040e+02     5.576921e+02
  1.8060e+02     5.597657e+02
  1.8080e+02     5.618723e+02
  1.8100e+02     5.640121e+02
  1.8120e+02     5.661854e+02
  1.8140e+02     5.683924e+02
  1.8160e+02     5.706332e+02
  1.8180e+02     5.729080e+02
  1.8200e+02     5.752172e+02
  1.8220e+02     5.775609e+02
  1.8240e+02     5.799394e+02
  1.8260e+02     5.823528e+02
  1.8280e+02     5.848015e+02
  1.8300e+02     5.872856e+02
  1.8320e+02     5.898054e+02
  1.8340e+02     5.923611e+02
  1.8360e+02     5.949530e+02
  1.8380e+02     5.975813e+02
  1.8400e+02     6.002464e+02
  1.8420e+02     6.029483e+02
  1.8440e+02     6.056875e+02
  1.8460e+02     6.084642e+02
  1.8480e+02     6.112786e+02
  1.8500e+02     6.141309e+02
  1.8520e+02     6.170216e+02
  1.8540e+02     6.199508e+02
  1.8560e+02     6.229189e+02
  1.8580e+02     6.259261e+02
  1.8600e+02     6.289727e+02
  1.8620e+02     6.320590e+02
  1.8640e+02     6.351853e+02
  1.8660e+02     6.383519e+02
  1.8680e+02     6.415591e+02
  1.8700e+02     6.448072e+02
  1.8720e+02     6.480966e+02
  1.8740e+02     6.514274e+02
  1.8760e+02     6.548000e+02
  1.8780e+02     6.582148e+02
  1.8800e+02     6.616721e+02
  1.8820e+02     6.651722e+02
  1.8840e+02     6.687154e+02
  1.8860e+02     6.723020e+02
  1.8880e+02     6.759324e+02
  1.8900e+02     6.796069e+02
  1.8920e+02     6.833259e+02
  1.8940e+02     6.870897e+02
  1.8960e+02     6.908986e+02
  1.8980e+02     6.947531e+02
  1.9000e+02     6.986533e+02
  1.9020e+02     7.025998e+02
  1.9040e+02     7.065927e+02
  1.9060e+02     7.106327e+02
  1.9080e+02     7.147198e+02
  1.9100e+02     7.188546e+02
  1.9120e+02     7.230374e+02
  1.9140e+02     7.272686e+02
  1.9160e+02     7.315486e+02
  1.9180e+02     7.358776e+02
  1.9200e+02     7.402561e+02
  1.9220e+02     7.446846e+02
  1.9240e+02     7.491632e+02
  1.9260e+02     7.536926e+02
  1.9280e+02     7.582729e+02
  1.9300e+02     7.629047e+02
  1.9320e+02     7.675883e+02
  1.9340e+02     7.723240e+02
  1.9360e+02     7.771124e+02
  1.9380e+02     7.819538e+02
  1.9400e+02     7.868486e+02
  1.9420e+02     7.917972e+02
  1.9440e+02     7.967999e+02
  1.9460e+02     8.018573e+02
  1.9480e+02     8.069697e+02
  1.9500e+02     8.121375e+02
  1.9520e+02     8.173611e+02
  1.9540e+02     8.226410e+02
  1.9560e+02     8.279775e+02
  1.9580e+02     8.333710e+02
  1.9600e+02     8.388221e+02
  1.9620e+02     8.443310e+02
  1.9640e+02     8.498982e+02
  1.9660e+02     8.555241e+02
  1.9680e+02     8.612092e+02
  1.9700e+02     8.669538e+02
  1.9720e+02     8.727584e+02
  1.9740e+02     8.786233e+02
  1.9760e+02     8.845490e+02
  1.9780e+02     8.905360e+02
  1.9800e+02     8.965846e+02
  1.9820e+02     9.026952e+02
  1.9840e+02     9.088683e+02
  1.9860e+02     9.151043e+02
  1.9880e+02     9.214035e+02
  1.9900e+02     9.277665e+02
  1.9920e+02     9.341935e+02
  1.9940e+02     9.406851e+02
  1.9960e+02     9.472416e+02
  1.9980e+02     9.538635e+02
  2.0000e+02     9.605511e+02
  2.0020e+02     9.673048e+02
  2.0040e+02     9.741251e+02
  2.0060e+02     9.810123e+02
  2.0080e+02     9.879669e+02
  2.0100e+02     9.949892e+02
  2.0120e+02     1.002079e+03
  2.0140e+02     1.009238e+03
  2.0160e+02     1.016466e+03
  2.0180e+02     1.023763e+03
  2.0200e+02     1.031130e+03
  2.0220e+02     1.038566e+03
  2.0240e+02     1.046073e+03
  2.0260e+02     1.053651e+03
  2.0280e+02     1.061300e+03
  2.0300e+02     1.069021e+03
  2.0320e+02     1.076813e+03
  2.0340e+02     1.084677e+03
  2.0360e+02     1.092614e+03
  2.0380e+02     1.100623e+03
  2.0400e+02     1.108706e+03
  2.0420e+02     1.116862e+03
  2.0440e+02     1.125091e+03
  2.0460e+02     1.133395e+03
  2.0480e+02     1.141773e+03
  2.0500e+02     1.150226e+03
  2.0520e+02     1.158753e+03
  2.0540e+02     1.167356e+03
  2.0560e+02     1.176034e+03
  2.0580e+02     1.184787e+03
  2.0600e+02     1.193616e+03
  2.0620e+02     1.202522e+03
  2.0640e+02     1.211503e+03
  2.0660e+02     1.220562e+03
  2.0680e+02     1.229696e+03
  2.0700e+02     1.238908e+03
  2.0720e+02     1.248197e+03
  2.0740e+02     1.257563e+03
  2.0760e+02     1.267006e+03
  2.0780e+02     1.276526e+03
  2.0800e+02     1.286124e+03
  2.0820e+02     1.295800e+03
  2.0840e+02     1.305553e+03
  2.0860e+02     1.315384e+03
  2.0880e+02     1.325293e+03
  2.0900e+02     1.335280e+03
  2.0920e+02     1.345344e+03
  2.0940e+02     1.355487e+03
  2.0960e+02     1.365707e+03
  2.0980e+02     1.376005e+03
  2.1000e+02     1.386381e+03
  2.1020e+02     1.396834e+03
  2.1040e+02     1.407365e+03
  2.1060e+02     1.417974e+03
  2.1080e+02     1.428659e+03
  2.1100e+02     1.439422e+03
  2.1120e+02     1.450262e+03
  2.1140e+02     1.461178e+03
  2.1160e+02     1.472171e+03
  2.1180e+02     1.483241e+03
  2.1200e+02     1.494386e+03
  2.1220e+02     1.505607e+03
  2.1240e+02     1.516903e+03
  2.1260e+02     1.528275e+03
  2.1280e+02     1.539721e+03
  2.1300e+02     1.551241e+03
  2.1320e+02     1.562835e+03
  2.1340e+02     1.574502e+03
  2.1360e+02     1.586242e+03
  2.1380e+02     1.598055e+03
  2.1400e+02     1.609939e+03
  2.1420e+02     1.621894e+03
  2.1440e+02     1.633920e+03
  2.1460e+02     1.646016e+03
  2.1480e+02     1.658181e+03
  2.1500e+02     1.670415e+03
  2.1520e+02     1.682717e+03
  2.1540e+02     1.695085e+03
  2.1560e+02     1.707520e+03
  2.1580e+02     1.720020e+03
  2.1600e+02     1.732585e+03
  2.1620e+02     1.745213e+03
  2.1640e+02     1.757904e+03
  2.1660e+02     1.770657e+03
  2.1680e+02     1.783470e+03
  2.1700e+02     1.796343e+03
  2.1720e+02     1.809274e+03
  2.1740e+02     1.822263e+03
  2.1760e+02     1.835308e+03
  2.1780e+02     1.848407e+03
  2.1800e+02     1.861561e+03
  2.1820e+02     1.874766e+03
  2.1840e+02     1.888023e+03
  2.1860e+02     1.901329e+03
  2.1880e+02     1.914684e+03
  2.1900e+02     1.928085e+03
  2.1920e+02     1.941531e+03
  2.1940e+02     1.955021e+03
  2.1960e+02     1.968554e+03
  2.1980e+02     1.982126e+03
  2.2000e+02     1.995737e+03
  2.2020e+02     2.009385e+03
  2.2040e+02     2.023069e+03
  2.2060e+02     2.036785e+03
  2.2080e+02     2.050534e+03
  2.2100e+02     2.064311e+03
  2.2120e+02     2.078117e+03
  2.2140e+02     2.091948e+03
  2.2160e+02     2.105802e+03
  2.2180e+02     2.119678e+03
  2.2200e+02     2.133573e+03
  2.2220e+02     2.147485e+03
  2.2240e+02     2.161412e+03
  2.2260e+02     2.175352e+03
  2.2280e+02     2.189302e+03
  2.2300e+02     2.203259e+03
  2.2320e+02     2.217222e+03
  2.2340e+02     2.231188e+03
  2.2360e+02     2.245155e+03
  2.2380e+02     2.259119e+03
  2.2400e+02     2.273078e+03
  2.2420e+02     2.287030e+03
  2.2440e+02     2.300971e+03
  2.2460e+02     2.314900e+03
  2.2480e+02     2.328813e+03
  2.2500e+02     2.342708e+03
  2.2520e+02     2.356581e+03
  2.2540e+02     2.370429e+03
  2.2560e+02     2.384251e+03
  2.2580e+02     2.398042e+03
  2.2600e+02     2.411799e+03
  2.2620e+02     2.425521e+03
  2.2640e+02     2.439202e+03
  2.2660e+02     2.452841e+03
  2.2680e+02     2.466434e+03
  2.2700e+02     2.479977e+03
  2.2720e+02     2.493469e+03
  2.2740e+02     2.506904e+03
  2.2760e+02     2.520280e+03
  2.2780e+02     2.533594e+03
  2.2800e+02     2.546842e+03
  2.2820e+02     2.560020e+03
  2.2840e+02     2.573126e+03
  2.2860e+02     2.586155e+03
  2.2880e+02     2.599104e+03
  2.2900e+02     2.611971e+03
  2.2920e+02     2.624750e+03
  2.2940e+02     2.637438e+03
  2.2960e+02     2.650033e+03
  2.2980e+02     2.662529e+03
  2.3000e+02     2.674924e+03
  2.3020e+02     2.687215e+03
  2.3040e+02     2.699396e+03
  2.3060e+02     2.711465e+03
  2.3080e+02     2.723418e+03
  2.3100e+02     2.735251e+03
  2.3120e+02     2.746960e+03
  2.3140e+02     2.758543e+03
  2.3160e+02     2.769994e+03
  2.3180e+02     2.781310e+03
  2.3200e+02     2.792489e+03
  2.3220e+02     2.803525e+03
  2.3240e+02     2.814415e+03
  2.3260e+02     2.825156e+03
  2.3280e+02     2.835744e+03
  2.3300e+02     2.846175e+03
  2.3320e+02     2.856446e+03
  2.3340e+02     2.866553e+03
  2.3360e+02     2.876492e+03
  2.3380e+02     2.886260e+03
  2.3400e+02     2.895853e+03
  2.3420e+02     2.905268e+03
  2.3440e+02     2.914501e+03
  2.3460e+02     2.923549e+03
  2.3480e+02     2.932408e+03
  2.3500e+02     2.941075e+03
  2.3520e+02     2.949547e+03
  2.3540e+02     2.957820e+03
  2.3560e+02     2.965891e+03
  2.3580e+02     2.973757e+03
  2.3600e+02     2.981415e+03
  2.3620e+02     2.988861e+03
  2.3640e+02     2.996093e+03
  2.3660e+02     3.003108e+03
  2.3680e+02     3.009902e+03
  2.3700e+02     3.016473e+03
  2.3720e+02     3.022818e+03
  2.3740e+02     3.028935e+03
  2.3760e+02     3.034820e+03
  2.3780e+02     3.040472e+03
  2.3800e+02     3.045887e+03
  2.3820e+02     3.051063e+03
  2.3840e+02     3.055998e+03
  2.3860e+02     3.060690e+03
  2.3880e+02     3.065136e+03
  2.3900e+02     3.069335e+03
  2.3920e+02     3.073284e+03
  2.3940e+02     3.076981e+03
  2.3960e+02     3.080425e+03
  2.3980e+02     3.083614e+03
  2.4000e+02     3.086547e+03
  2.4020e+02     3.089221e+03
  2.4040e+02     3.091636e+03
  2.4060e+02     3.093789e+03
  2.4080e+02     3.095681e+03
  2.4100e+02     3.097309e+03
  2.4120e+02     3.098673e+03
  2.4140e+02     3.099772e+03
  2.4160e+02     3.100605e+03
  2.4180e+02     3.101172e+03
  2.4200e+02     3.101471e+03
  2.4220e+02     3.101502e+03
  2.4240e+02     3.101266e+03
  2.4260e+02     3.100761e+03
  2.4280e+02     3.099989e+03
  2.4300e+02     3.098947e+03
  2.4320e+02     3.097638e+03
  2.4340e+02     3.096060e+03
  2.4360e+02     3.094215e+03
  2.4380e+02     3.092103e+03
  2.4400e+02     3.089724e+03
  2.4420e+02     3.087079e+03
  2.4440e+02     3.084169e+03
  2.4460e+02     3.080994e+03
  2.4480e+02     3.077557e+03
  2.4500e+02     3.073857e+03
  2.4520e+02     3.069896e+03
  2.4540e+02     3.065676e+03
  2.4560e+02     3.061198e+03
  2.4580e+02     3.056464e+03
  2.4600e+02     3.051474e+03
  2.4620e+02     3.046232e+03
  2.4640e+02     3.040739e+03
  2.4660e+02     3.034996e+03
  2.4680e+02     3.029007e+03
  2.4700e+02     3.022772e+03
  2.4720e+02     3.016296e+03
  2.4740e+02     3.009579e+03
  2.4760e+02     3.002625e+03
  2.4780e+02     2.995435e+03
  2.4800e+02     2.988014e+03
  2.4820e+02     2.980362e+03
  2.4840e+02     2.972485e+03
  2.4860e+02     2.964383e+03
  2.4880e+02     2.956061e+03
  2.4900e+02     2.947521e+03
  2.4920e+02     2.938767e+03
  2.4940e+02     2.929802e+03
  2.4960e+02     2.920629e+03
  2.4980e+02     2.911252e+03
  2.5000e+02     2.901673e+03
  2.5020e+02     2.891897e+03
  2.5040e+02     2.881928e+03
  2.5060e+02     2.871768e+03
  2.5080e+02     2.861422e+03
  2.5100e+02     2.850894e+03
  2.5120e+02     2.840186e+03
  2.5140e+02     2.829304e+03
  2.5160e+02     2.818251e+03
  2.5180e+02     2.807030e+03
  2.5200e+02     2.795646e+03
  2.5220e+02     2.784104e+03
  2.5240e+02     2.772406e+03
  2.5260e+02     2.760558e+03
  2.5280e+02     2.748562e+03
  2.5300e+02     2.736424e+03
  2.5320e+02     2.724147e+03
  2.5340e+02     2.711737e+03
  2.5360e+02     2.699195e+03
  2.5380e+02     2.686528e+03
  2.5400e+02     2.673740e+03
  2.5420e+02     2.660833e+03
  2.5440e+02     2.647814e+03
  2.5460e+02     2.634685e+03
  2.5480e+02     2.621452e+03
  2.5500e+02     2.608118e+03
  2.5520e+02     2.594687e+03
  2.5540e+02     2.581165e+03
  2.5560e+02     2.567554e+03
  2.5580e+02     2.553859e+03
  2.5600e+02     2.540085e+03
  2.5620e+02     2.526235e+03
  2.5640e+02     2.512313e+03
  2.5660e+02     2.498324e+03
  2.5680e+02     2.484272e+03
  2.5700e+02     2.470160e+03
  2.5720e+02     2.455994e+03
  2.5740e+02     2.441775e+03
  2.5760e+02     2.427510e+03
  2.5780e+02     2.413200e+03
  2.5800e+02     2.398851e+03
  2.5820e+02     2.384466e+03
  2.5840e+02     2.370049e+03
  2.5860e+02     2.355604e+03
  2.5880e+02     2.341134e+03
  2.5900e+02     2.326642e+03
  2.5920e+02     2.312134e+03
  2.5940e+02     2.297611e+03
  2.5960e+02     2.283077e+03
  2.5980e+02     2.268537e+03
  2.6000e+02     2.253993e+03
  2.6020e+02     2.239448e+03
  2.6040e+02     2.224906e+03
  2.6060e+02     2.210371e+03
  2.6080e+02     2.195844e+03
  2.6100e+02     2.181330e+03
  2.6120e+02     2.166831e+03
  2.6140e+02     2.152350e+03
  2.6160e+02     2.137891e+03
  2.6180e+02     2.123455e+03
  2.6200e+02     2.109047e+03
  2.6220e+02     2.094668e+03
  2.6240e+02     2.080321e+03
  2.6260e+02     2.066009e+03
  2.6280e+02     2.051735e+03
  2.6300e+02     2.037500e+03
  2.6320e+02     2.023307e+03
  2.6340e+02     2.009160e+03
  2.6360e+02     1.995059e+03
  2.6380e+02     1.981007e+03
  2.6400e+02     1.967007e+03
  2.6420e+02     1.953060e+03
  2.6440e+02     1.939168e+03
  2.6460e+02     1.925334e+03
  2.6480e+02     1.911560e+03
  2.6500e+02     1.897846e+03
  2.6520e+02     1.884196e+03
  2.6540e+02     1.870611e+03
  2.6560e+02     1.857092e+03
  2.6580e+02     1.843641e+03
  2.6600e+02     1.830259e+03
  2.6620e+02     1.816949e+03
  2.6640e+02     1.803712e+03
  2.6660e+02     1.790549e+03
  2.6680e+02     1.777461e+03
  2.6700e+02     1.764450e+03
  2.6720e+02     1.751516e+03
  2.6740e+02     1.738662e+03
  2.6760e+02     1.725888e+03
  2.6780e+02     1.713195e+03
  2.6800e+02     1.700585e+03
  2.6820e+02     1.688057e+03
  2.6840e+02     1.675614e+03
  2.6860e+02     1.663256e+03
  2.6880e+02     1.650984e+03
  2.6900e+02     1.638799e+03
  2.6920e+02     1.626701e+03
  2.6940e+02     1.614691e+03
  2.6960e+02     1.602770e+03
  2.6980e+02     1.590939e+03
  2.7000e+02     1.579197e+03
  2.7020e+02     1.567546e+03
  2.7040e+02     1.555985e+03
  2.7060e+02     1.544516e+03
  2.7080e+02     1.533139e+03
  2.7100e+02     1.521854e+03
  2.7120e+02     1.510661e+03
  2.7140e+02     1.499561e+03
  2.7160e+02     1.488554e+03
  2.7180e+02     1.477640e+03
  2.7200e+02     1.466819e+03
  2.7220e+02     1.456092e+03
  2.7240e+02     1.445459e+03
  2.7260e+02     1.434920e+03
  2.7280e+02     1.424474e+03
  2.7300e+02     1.414122e+03
  2.7320e+02     1.403864e+03
  2.7340e+02     1.393700e+03
  2.7360e+02     1.383629e+03
  2.7380e+02     1.373652e+03
  2.7400e+02     1.363769e+03
  2.7420e+02     1.353980e+03
  2.7440e+02     1.344283e+03
  2.7460e+02     1.334680e+03
  2.7480e+02     1.325170e+03
  2.7500e+02     1.315752e+03
  2.7520e+02     1.306427e+03
  2.7540e+02     1.297194e+03
  2.7560e+02     1.288054e+03
  2.7580e+02     1.279005e+03
  2.7600e+02     1.270047e+03
  2.7620e+02     1.261180e+03
  2.7640e+02     1.252404e+03
  2.7660e+02     1.243719e+03
  2.7680e+02     1.235124e+03
  2.7700e+02     1.226618e+03
  2.7720e+02     1.218201e+03
  2.7740e+02     1.209874e+03
  2.7760e+02     1.201634e+03
  2.7780e+02     1.193483e+03
  2.7800e+02     1.185419e+03
  2.7820e+02     1.177443e+03
  2.7840e+02     1.169553e+03
  2.7860e+02     1.161749e+03
  2.7880e+02     1.154030e+03
  2.7900e+02     1.146397e+03
  2.7920e+02     1.138849e+03
  2.7940e+02     1.131385e+03
  2.7960e+02     1.124005e+03
  2.7980e+02     1.116707e+03
  2.8000e+02     1.109493e+03
  2.8020e+02     1.102360e+03
  2.8040e+02     1.095309e+03
  2.8060e+02     1.088339e+03
  2.8080e+02     1.081450e+03
  2.8100e+02     1.074640e+03
  2.8120e+02     1.067910e+03
  2.8140e+02     1.061259e+03
  2.8160e+02     1.054686e+03
  2.8180e+02     1.048191e+03
  2.8200e+02     1.041773e+03
  2.8220e+02     1.035432e+03
  2.8240e+02     1.029166e+03
  2.8260e+02     1.022977e+03
  2.8280e+02     1.016862e+03
  2.8300e+02     1.010821e+03
  2.8320e+02     1.004854e+03
  2.8340e+02     9.989612e+02
  2.8360e+02     9.931403e+02
  2.8380e+02     9.873915e+02
  2.8400e+02     9.817142e+02
  2.8420e+02     9.761079e+02
  2.8440e+02     9.705719e+02
  2.8460e+02     9.651058e+02
  2.8480e+02     9.597090e+02
  2.8500e+02     9.543808e+02
  2.8520e+02     9.491208e+02
  2.8540e+02     9.439284e+02
  2.8560e+02     9.388030e+02
  2.8580e+02     9.337442e+02
  2.8600e+02     9.287512e+02
  2.8620e+02     9.238237e+02
  2.8640e+02     9.189610e+02
  2.8660e+02     9.141626e+02
  2.8680e+02     9.094279e+02
  2.8700e+02     9.047565e+02
  2.8720e+02     9.001478e+02
  2.8740e+02     8.956013e+02
  2.8760e+02     8.911165e+02
  2.8780e+02     8.866927e+02
  2.8800e+02     8.823296e+02
  2.8820e+02     8.780266e+02
  2.8840e+02     8.737831e+02
  2.8860e+02     8.695988e+02
  2.8880e+02     8.654730e+02
  2.8900e+02     8.614053e+02
  2.8920e+02     8.573952e+02
  2.8940e+02     8.534422e+02
  2.8960e+02     8.495458e+02
  2.8980e+02     8.457056e+02
  2.9000e+02     8.419210e+02
  2.9020e+02     8.381916e+02
  2.9040e+02     8.345169e+02
  2.9060e+02     8.308965e+02
  2.9080e+02     8.273299e+02
  2.9100e+02     8.238166e+02
  2.9120e+02     8.203563e+02
  2.9140e+02     8.169484e+02
  2.9160e+02     8.135925e+02
  2.9180e+02     8.102882e+02
  2.9200e+02     8.070351e+02
  2.9220e+02     8.038327e+02
  2.9240e+02     8.006806e+02
  2.9260e+02     7.975784e+02
  2.9280e+02     7.945256e+02
  2.9300e+02     7.915220e+02
  2.9320e+02     7.885671e+02
  2.9340e+02     7.856604e+02
  2.9360e+02     7.828016e+02
  2.9380e+02     7.799903e+02
  2.9400e+02     7.772262e+02
  2.9420e+02     7.745088e+02
  2.9440e+02     7.718378e+02
  2.9460e+02     7.692128e+02
  2.9480e+02     7.666334e+02
  2.9500e+02     7.640994e+02
  2.9520e+02     7.616103e+02
  2.9540e+02     7.591658e+02
  2.9560e+02     7.567656e+02
  2.9580e+02     7.544092e+02
  2.9600e+02     7.520965e+02
  2.9620e+02     7.498270e+02
  2.9640e+02     7.476005e+02
  2.9660e+02     7.454166e+02
  2.9680e+02     7.432749e+02
  2.9700e+02     7.411753e+02
  2.9720e+02     7.391174e+02
  2.9740e+02     7.371009e+02
  2.9760e+02     7.351255e+02
  2.9780e+02     7.331909e+02
  2.9800e+02     7.312968e+02
  2.9820e+02     7.294430e+02
  2.9840e+02     7.276291e+02
  2.9860e+02     7.258549e+02
  2.9880e+02     7.241202e+02
  2.9900e+02     7.224247e+02
  2.9920e+02     7.207681e+02
  2.9940e+02     7.191501e+02
  2.9960e+02     7.175706e+02
  2.9980e+02     7.160292e+02
  3.0000e+02     7.145258e+02
  3.0020e+02     7.130600e+02
  3.0040e+02     7.116317e+02
  3.0060e+02     7.102407e+02
  3.0080e+02     7.088867e+02
  3.0100e+02     7.075695e+02
  3.0120e+02     7.062889e+02
  3.0140e+02     7.050447e+02
  3.0160e+02     7.038366e+02
  3.0180e+02     7.026645e+02
  3.0200e+02     7.015282e+02
  3.0220e+02     7.004275e+02
  3.0240e+02     6.993622e+02
  3.0260e+02     6.983321e+02
  3.0280e+02     6.973371e+02
  3.0300e+02     6.963769e+02
  3.0320e+02     6.954514e+02
  3.0340e+02     6.945604e+02
  3.0360e+02     6.937037e+02
  3.0380e+02     6.928813e+02
  3.0400e+02     6.920929e+02
  3.0420e+02     6.913384e+02
  3.0440e+02     6.906177e+02
  3.0460e+02     6.899305e+02
  3.0480e+02     6.892768e+02
  3.0500e+02     6.886565e+02
  3.0520e+02     6.880693e+02
  3.0540e+02     6.875152e+02
  3.0560e+02     6.869940e+02
  3.0580e+02     6.865056e+02
  3.0600e+02     6.860500e+02
  3.0620e+02     6.856269e+02
  3.0640e+02     6.852363e+02
  3.0660e+02     6.848780e+02
  3.0680e+02     6.845520e+02
  3.0700e+02     6.842582e+02
  3.0720e+02     6.839964e+02
  3.0740e+02     6.837667e+02
  3.0760e+02     6.835688e+02
  3.0780e+02     6.834027e+02
  3.0800e+02     6.832683e+02
  3.0820e+02     6.831655e+02
  3.0840e+02     6.830944e+02
  3.0860e+02     6.830547e+02
  3.0880e+02     6.830464e+02
  3.0900e+02     6.830695e+02
  3.0920e+02     6.831239e+02
  3.0940e+02     6.832095e+02
  3.0960e+02     6.833263e+02
  3.0980e+02     6.834743e+02
  3.1000e+02     6.836533e+02
  3.1020e+02     6.838633e+02
  3.1040e+02     6.841044e+02
  3.1060e+02     6.843764e+02
  3.1080e+02     6.846793e+02
  3.1100e+02     6.850131e+02
  3.1120e+02     6.853777e+02
  3.1140e+02     6.857732e+02
  3.1160e+02     6.861995e+02
  3.1180e+02     6.866566e+02
  3.1200e+02     6.871444e+02
  3.1220e+02     6.876630e+02
  3.1240e+02     6.882123e+02
  3.1260e+02     6.887924e+02
  3.1280e+02     6.894032e+02
  3.1300e+02     6.900447e+02
  3.1320e+02     6.907170e+02
  3.1340e+02     6.914199e+02
  3.1360e+02     6.921536e+02
  3.1380e+02     6.929181e+02
  3.1400e+02     6.937133e+02
  3.1420e+02     6.945392e+02
  3.1440e+02     6.953960e+02
  3.1460e+02     6.962835e+02
  3.1480e+02     6.972019e+02
  3.1500e+02     6.981512e+02
  3.1520e+02     6.991313e+02
  3.1540e+02     7.001424e+02
  3.1560e+02     7.011844e+02
  3.1580e+02     7.022574e+02
  3.1600e+02     7.033614e+02
  3.1620e+02     7.044965e+02
  3.1640e+02     7.056627e+02
  3.1660e+02     7.068600e+02
  3.1680e+02     7.080886e+02
  3.1700e+02     7.093484e+02
  3.1720e+02     7.106396e+02
  3.1740e+02     7.119621e+02
  3.1760e+02     7.133160e+02
  3.1780e+02     7.147015e+02
  3.1800e+02     7.161185e+02
  3.1820e+02     7.175672e+02
  3.1840e+02     7.190476e+02
  3.1860e+02     7.205597e+02
  3.1880e+02     7.221037e+02
  3.1900e+02     7.236796e+02
  3.1920e+02     7.252875e+02
  3.1940e+02     7.269275e+02
  3.1960e+02     7.285997e+02
  3.1980e+02     7.303042e+02
  3.2000e+02     7.320410e+02
  3.2020e+02     7.338102e+02
  3.2040e+02     7.356120e+02
  3.2060e+02     7.374464e+02
  3.2080e+02     7.393136e+02
  3.2100e+02     7.412136e+02
  3.2120e+02     7.431465e+02
  3.2140e+02     7.451124e+02
  3.2160e+02     7.471115e+02
  3.2180e+02     7.491439e+02
  3.2200e+02     7.512096e+02
  3.2220e+02     7.533088e+02
  3.2240e+02     7.554416e+02
  3.2260e+02     7.576081e+02
  3.2280e+02     7.598084e+02
  3.2300e+02     7.620427e+02
  3.2320e+02     7.643111e+02
  3.2340e+02     7.666137e+02
  3.2360e+02     7.689506e+02
  3.2380e+02     7.713219e+02
  3.2400e+02     7.737279e+02
  3.2420e+02     7.761686e+02
  3.2440e+02     7.786441e+02
  3.2460e+02     7.811546e+02
  3.2480e+02     7.837003e+02
  3.2500e+02     7.862812e+02
  3.2520e+02     7.888975e+02
  3.2540e+02     7.915494e+02
  3.2560e+02     7.942370e+02
  3.2580e+02     7.969604e+02
  3.2600e+02     7.997199e+02
  3.2620e+02     8.025154e+02
  3.2640e+02     8.053473e+02
  3.2660e+02     8.082156e+02
  3.2680e+02     8.111205e+02
  3.2700e+02     8.140622e+02
  3.2720e+02     8.170408e+02
  3.2740e+02     8.200565e+02
  3.2760e+02     8.231093e+02
  3.2780e+02     8.261996e+02
  3.2800e+02     8.293274e+02
  3.2820e+02     8.324930e+02
  3.2840e+02     8.356964e+02
  3.2860e+02     8.389378e+02
  3.2880e+02     8.422175e+02
  3.2900e+02     8.455355e+02
  3.2920e+02     8.488921e+02
  3.2940e+02     8.522874e+02
  3.2960e+02     8.557215e+02
  3.2980e+02     8.591947e+02
  3.3000e+02     8.627072e+02
  3.3020e+02     8.662590e+02
  3.3040e+02     8.698504e+02
  3.3060e+02     8.734815e+02
  3.3080e+02     8.771525e+02
  3.3100e+02     8.808636e+02
  3.3120e+02     8.846149e+02
  3.3140e+02     8.884067e+02
  3.3160e+02     8.922391e+02
  3.3180e+02     8.961123e+02
  3.3200e+02     9.000264e+02
  3.3220e+02     9.039816e+02
  3.3240e+02     9.079782e+02
  3.3260e+02     9.120162e+02
  3.3280e+02     9.160958e+02
  3.3300e+02     9.202173e+02
  3.3320e+02     9.243808e+02
  3.3340e+02     9.285865e+02
  3.3360e+02     9.328345e+02
  3.3380e+02     9.371250e+02
  3.3400e+02     9.414582e+02
  3.3420e+02     9.458343e+02
  3.3440e+02     9.502534e+02
  3.3460e+02     9.547157e+02
  3.3480e+02     9.592214e+02
  3.3500e+02     9.637706e+02
  3.3520e+02     9.683635e+02
  3.3540e+02     9.730003e+02
  3.3560e+02     9.776811e+02
  3.3580e+02     9.824061e+02
  3.3600e+02     9.871755e+02
  3.3620e+02     9.919893e+02
  3.3640e+02     9.968479e+02
  3.3660e+02     1.001751e+03
  3.3680e+02     1.006699e+03
  3.3700e+02     1.011693e+03
  3.3720e+02     1.016732e+03
  3.3740e+02     1.021816e+03
  3.3760e+02     1.026946e+03
  3.3780e+02     1.032121e+03
  3.3800e+02     1.037343e+03
  3.3820e+02     1.042610e+03
  3.3840e+02     1.047923e+03
  3.3860e+02     1.053283e+03
  3.3880e+02     1.058690e+03
  3.3900e+02     1.064142e+03
  3.3920e+02     1.069642e+03
  3.3940e+02     1.075188e+03
  3.3960e+02     1.080781e+03
  3.3980e+02     1.086421e+03
  3.4000e+02     1.092108e+03
  3.4020e+02     1.097842e+03
  3.4040e+02     1.103624e+03
  3.4060e+02     1.109453e+03
  3.4080e+02     1.115329e+03
  3.4100e+02     1.121253e+03
  3.4120e+02     1.127225e+03
  3.4140e+02     1.133245e+03
  3.4160e+02     1.139312e+03
  3.4180e+02     1.145427e+03
  3.4200e+02     1.151590e+03
  3.4220e+02     1.157801e+03
  3.4240e+02     1.164060e+03
  3.4260e+02     1.170367e+03
  3.4280e+02     1.176723e+03
  3.4300e+02     1.183126e+03
  3.4320e+02     1.189578e+03
  3.4340e+02     1.196078e+03
  3.4360e+02     1.202626e+03
  3.4380e+02     1.209222e+03
  3.4400e+02     1.215866e+03
  3.4420e+02     1.222559e+03
  3.4440e+02     1.229300e+03
  3.4460e+02     1.236089e+03
  3.4480e+02     1.242926e+03
  3.4500e+02     1.249811e+03
  3.4520e+02     1.256744e+03
  3.4540e+02     1.263726e+03
  3.4560e+02     1.270755e+03
  3.4580e+02     1.277832e+03
  3.4600e+02     1.284956e+03
  3.4620e+02     1.292129e+03
  3.4640e+02     1.299349e+03
  3.4660e+02     1.306616e+03
  3.4680e+02     1.313931e+03
  3.4700e+02     1.321293e+03
  3.4720e+02     1.328701e+03
  3.4740e+02     1.336157e+03
  3.4760e+02     1.343660e+03
  3.4780e+02     1.351209e+03
  3.4800e+02     1.358804e+03
  3.4820e+02     1.366446e+03
  3.4840e+02     1.374134e+03
  3.4860e+02     1.381867e+03
  3.4880e+02     1.389646e+03
  3.4900e+02     1.397470e+03
  3.4920e+02     1.405339e+03
  3.4940e+02     1.413253e+03
  3.4960e+02     1.421211e+03
  3.4980e+02     1.429213e+03
  3.5000e+02     1.437260e+03
  3.5020e+02     1.445349e+03
  3.5040e+02     1.453482e+03
  3.5060e+02     1.461658e+03
  3.5080e+02     1.469876e+03
  3.5100e+02     1.478137e+03
  3.5120e+02     1.486439e+03
  3.5140e+02     1.494782e+03
  3.5160e+02     1.503166e+03
  3.5180e+02     1.511591e+03
  3.5200e+02     1.520055e+03
  3.5220e+02     1.528559e+03
  3.5240e+02     1.537102e+03
  3.5260e+02     1.545684e+03
  3.5280e+02     1.554303e+03
  3.5300e+02     1.562960e+03
  3.5320e+02     1.571654e+03
  3.5340e+02     1.580384e+03
  3.5360e+02     1.589149e+03
  3.5380e+02     1.597950e+03
  3.5400e+02     1.606785e+03
  3.5420e+02     1.615655e+03
  3.5440e+02     1.624557e+03
  3.5460e+02     1.633492e+03
  3.5480e+02     1.642459e+03
  3.5500e+02     1.651456e+03
  3.5520e+02     1.660484e+03
  3.5540e+02     1.669542e+03
  3.5560e+02     1.678629e+03
  3.5580e+02     1.687743e+03
  3.5600e+02     1.696885e+03
  3.5620e+02     1.706053e+03
  3.5640e+02     1.715247e+03
  3.5660e+02     1.724466e+03
  3.5680e+02     1.733708e+03
  3.5700e+02     1.742973e+03
  3.5720e+02     1.752260e+03
  3.5740e+02     1.761568e+03
  3.5760e+02     1.770897e+03
  3.5780e+02     1.780244e+03
  3.5800e+02     1.789609e+03
  3.5820e+02     1.798992e+03
  3.5840e+02     1.808390e+03
  3.5860e+02     1.817803e+03
  3.5880e+02     1.827230e+03
  3.5900e+02     1.836670e+03
  3.5920e+02     1.846121e+03
  3.5940e+02     1.855583e+03
  3.5960e+02     1.865054e+03
  3.5980e+02     1.874532e+03
