# Epidemic | 7 days incidence [ x-unit: days | y-unit: per 100000 ]
  0.0000e+00     3.618006e+02
  2.0000e-01     3.596368e+02
  4.0000e-01     3.575135e+02
  6.0000e-01     3.554299e+02
  8.0000e-01     3.533855e+02
  1.0000e+00     3.513798e+02
  1.2000e+00     3.494121e+02
  1.4000e+00     3.474819e+02
  1.6000e+00     3.455888e+02
  1.8000e+00     3.437321e+02
  2.0000e+00     3.419114e+02
  2.2000e+00     3.401261e+02
  2.4000e+00     3.383759e+02
  2.6000e+00     3.366601e+02
  2.8000e+00     3.349783e+02
  3.0000e+00     3.333301e+02
  3.2000e+00     3.317151e+02
  3.4000e+00     3.301327e+02
  3.6000e+00     3.285825e+02
  3.8000e+00     3.270642e+02
  4.0000e+00     3.255774e+02
  4.2000e+00     3.241215e+02
  4.4000e+00     3.226962e+02
  4.6000e+00     3.213012e+02
  4.8000e+00     3.199361e+02
  5.0000e+00     3.186004e+02
  5.2000e+00     3.172939e+02
  5.4000e+00     3.160161e+02
  5.6000e+00     3.147668e+02
  5.8000e+00     3.135456e+02
  6.0000e+00     3.123522e+02
  6.2000e+00     3.111862e+02
  6.4000e+00     3.100473e+02
  6.6000e+00     3.089353e+02
  6.8000e+00     3.078498e+02
  7.0000e+00     3.067905e+02
  7.2000e+00     3.060607e+02
  7.4000e+00     3.053763e+02
  7.6000e+00     3.047029e+02
  7.8000e+00     3.040404e+02
  8.0000e+00     3.033889e+02
  8.2000e+00     3.027483e+02
  8.4000e+00     3.021187e+02
  8.6000e+00     3.015000e+02
  8.8000e+00     3.008922e+02
  9.0000e+00     3.002952e+02
  9.2000e+00     2.997092e+02
  9.4000e+00     2.991340e+02
  9.6000e+00     2.985697e+02
  9.8000e+00     2.980162e+02
  1.0000e+01     2.974736e+02
  1.0200e+01     2.969417e+02
  1.0400e+01     2.964206e+02
  1.0600e+01     2.959103e+02
  1.0800e+01     2.954107e+02
  1.1000e+01     2.949218e+02
  1.1200e+01     2.944436e+02
  1.1400e+01     2.939760e+02
  1.1600e+01     2.935191e+02
  1.1800e+01     2.930729e+02
  1.2000e+01     2.926372e+02
  1.2200e+01     2.922121e+02
  1.2400e+01     2.917975e+02
  1.2600e+01     2.913935e+02
  1.2800e+01     2.910000e+02
  1.3000e+01     2.906169e+02
  1.3200e+01     2.902443e+02
  1.3400e+01     2.898821e+02
  1.3600e+01     2.895303e+02
  1.3800e+01     2.891889e+02
  1.4000e+01     2.888578e+02
  1.4200e+01     2.885370e+02
  1.4400e+01     2.882265e+02
  1.4600e+01     2.879263e+02
  1.4800e+01     2.876362e+02
  1.5000e+01     2.873564e+02
  1.5200e+01     2.870868e+02
  1.5400e+01     2.868273e+02
  1.5600e+01     2.865780e+02
  1.5800e+01     2.863387e+02
  1.6000e+01     2.861095e+02
  1.6200e+01     2.858904e+02
  1.6400e+01     2.856812e+02
  1.6600e+01     2.854821e+02
  1.6800e+01     2.852929e+02
  1.7000e+01     2.851136e+02
  1.7200e+01     2.849442e+02
  1.7400e+01     2.847848e+02
  1.7600e+01     2.846351e+02
  1.7800e+01     2.844953e+02
  1.8000e+01     2.843653e+02
  1.8200e+01     2.842450e+02
  1.8400e+01     2.841345e+02
  1.8600e+01     2.840338e+02
  1.8800e+01     2.839427e+02
  1.9000e+01     2.838612e+02
  1.9200e+01     2.837894e+02
  1.9400e+01     2.837273e+02
  1.9600e+01     2.836747e+02
  1.9800e+01     2.836317e+02
  2.0000e+01     2.835982e+02
  2.0200e+01     2.835742e+02
  2.0400e+01     2.835597e+02
  2.0600e+01     2.835547e+02
  2.0800e+01     2.835591e+02
  2.1000e+01     2.835730e+02
  2.1200e+01     2.836377e+02
  2.1400e+01     2.837250e+02
  2.1600e+01     2.838309e+02
  2.1800e+01     2.839551e+02
  2.2000e+01     2.840977e+02
  2.2200e+01     2.842588e+02
  2.2400e+01     2.844381e+02
  2.2600e+01     2.846359e+02
  2.2800e+01     2.848520e+02
  2.3000e+01     2.850864e+02
  2.3200e+01     2.853391e+02
  2.3400e+01     2.856102e+02
  2.3600e+01     2.858996e+02
  2.3800e+01     2.862073e+02
  2.4000e+01     2.865334e+02
  2.4200e+01     2.868778e+02
  2.4400e+01     2.872406e+02
  2.4600e+01     2.876218e+02
  2.4800e+01     2.880214e+02
  2.5000e+01     2.884395e+02
  2.5200e+01     2.888760e+02
  2.5400e+01     2.893310e+02
  2.5600e+01     2.898045e+02
  2.5800e+01     2.902966e+02
  2.6000e+01     2.908074e+02
  2.6200e+01     2.913367e+02
  2.6400e+01     2.918848e+02
  2.6600e+01     2.924516e+02
  2.6800e+01     2.930373e+02
  2.7000e+01     2.936417e+02
  2.7200e+01     2.942651e+02
  2.7400e+01     2.949075e+02
  2.7600e+01     2.955690e+02
  2.7800e+01     2.962495e+02
  2.8000e+01     2.969493e+02
  2.8200e+01     2.976683e+02
  2.8400e+01     2.984066e+02
  2.8600e+01     2.991644e+02
  2.8800e+01     2.999417e+02
  2.9000e+01     3.007386e+02
  2.9200e+01     3.015551e+02
  2.9400e+01     3.023915e+02
  2.9600e+01     3.032477e+02
  2.9800e+01     3.041239e+02
  3.0000e+01     3.050202e+02
  3.0200e+01     3.059367e+02
  3.0400e+01     3.068735e+02
  3.0600e+01     3.078307e+02
  3.0800e+01     3.088085e+02
  3.1000e+01     3.098069e+02
  3.1200e+01     3.108260e+02
  3.1400e+01     3.118661e+02
  3.1600e+01     3.129272e+02
  3.1800e+01     3.140094e+02
  3.2000e+01     3.151130e+02
  3.2200e+01     3.162380e+02
  3.2400e+01     3.173846e+02
  3.2600e+01     3.185529e+02
  3.2800e+01     3.197431e+02
  3.3000e+01     3.209553e+02
  3.3200e+01     3.221897e+02
  3.3400e+01     3.234464e+02
  3.3600e+01     3.247257e+02
  3.3800e+01     3.260277e+02
  3.4000e+01     3.273525e+02
  3.4200e+01     3.287003e+02
  3.4400e+01     3.300713e+02
  3.4600e+01     3.314657e+02
  3.4800e+01     3.328837e+02
  3.5000e+01     3.343254e+02
  3.5200e+01     3.357910e+02
  3.5400e+01     3.372808e+02
  3.5600e+01     3.387950e+02
  3.5800e+01     3.403337e+02
  3.6000e+01     3.418971e+02
  3.6200e+01     3.434855e+02
  3.6400e+01     3.450991e+02
  3.6600e+01     3.467381e+02
  3.6800e+01     3.484027e+02
  3.7000e+01     3.500931e+02
  3.7200e+01     3.518096e+02
  3.7400e+01     3.535524e+02
  3.7600e+01     3.553217e+02
  3.7800e+01     3.571178e+02
  3.8000e+01     3.589410e+02
  3.8200e+01     3.607914e+02
  3.8400e+01     3.626693e+02
  3.8600e+01     3.645751e+02
  3.8800e+01     3.665089e+02
  3.9000e+01     3.684710e+02
  3.9200e+01     3.704617e+02
  3.9400e+01     3.724812e+02
  3.9600e+01     3.745299e+02
  3.9800e+01     3.766080e+02
  4.0000e+01     3.787158e+02
  4.0200e+01     3.808537e+02
  4.0400e+01     3.830218e+02
  4.0600e+01     3.852205e+02
  4.0800e+01     3.874501e+02
  4.1000e+01     3.897109e+02
  4.1200e+01     3.920033e+02
  4.1400e+01     3.943275e+02
  4.1600e+01     3.966839e+02
  4.1800e+01     3.990727e+02
  4.2000e+01     4.014944e+02
  4.2200e+01     4.039493e+02
  4.2400e+01     4.064376e+02
  4.2600e+01     4.089598e+02
  4.2800e+01     4.115162e+02
  4.3000e+01     4.141072e+02
  4.3200e+01     4.167331e+02
  4.3400e+01     4.193943e+02
  4.3600e+01     4.220911e+02
  4.3800e+01     4.248240e+02
  4.4000e+01     4.275933e+02
  4.4200e+01     4.303994e+02
  4.4400e+01     4.332427e+02
  4.4600e+01     4.361236e+02
  4.4800e+01     4.390424e+02
  4.5000e+01     4.419997e+02
  4.5200e+01     4.449958e+02
  4.5400e+01     4.480311e+02
  4.5600e+01     4.511061e+02
  4.5800e+01     4.542211e+02
  4.6000e+01     4.573767e+02
  4.6200e+01     4.605732e+02
  4.6400e+01     4.638111e+02
  4.6600e+01     4.670909e+02
  4.6800e+01     4.704129e+02
  4.7000e+01     4.737777e+02
  4.7200e+01     4.771858e+02
  4.7400e+01     4.806375e+02
  4.7600e+01     4.841335e+02
  4.7800e+01     4.876741e+02
  4.8000e+01     4.912598e+02
  4.8200e+01     4.948912e+02
  4.8400e+01     4.985687e+02
  4.8600e+01     5.022929e+02
  4.8800e+01     5.060643e+02
  4.9000e+01     5.098833e+02
  4.9200e+01     5.137506e+02
  4.9400e+01     5.176666e+02
  4.9600e+01     5.216318e+02
  4.9800e+01     5.256469e+02
  5.0000e+01     5.297124e+02
  5.0200e+01     5.338287e+02
  5.0400e+01     5.379965e+02
  5.0600e+01     5.422164e+02
  5.0800e+01     5.464889e+02
  5.1000e+01     5.508146e+02
  5.1200e+01     5.551940e+02
  5.1400e+01     5.596278e+02
  5.1600e+01     5.641166e+02
  5.1800e+01     5.686609e+02
  5.2000e+01     5.732614e+02
  5.2200e+01     5.779186e+02
  5.2400e+01     5.826333e+02
  5.2600e+01     5.874060e+02
  5.2800e+01     5.922373e+02
  5.3000e+01     5.971279e+02
  5.3200e+01     6.020785e+02
  5.3400e+01     6.070896e+02
  5.3600e+01     6.121620e+02
  5.3800e+01     6.172963e+02
  5.4000e+01     6.224931e+02
  5.4200e+01     6.277532e+02
  5.4400e+01     6.330772e+02
  5.4600e+01     6.384658e+02
  5.4800e+01     6.439197e+02
  5.5000e+01     6.494395e+02
  5.5200e+01     6.550261e+02
  5.5400e+01     6.606801e+02
  5.5600e+01     6.664021e+02
  5.5800e+01     6.721930e+02
  5.6000e+01     6.780534e+02
  5.6200e+01     6.839841e+02
  5.6400e+01     6.899858e+02
  5.6600e+01     6.960593e+02
  5.6800e+01     7.022052e+02
  5.7000e+01     7.084244e+02
  5.7200e+01     7.147175e+02
  5.7400e+01     7.210855e+02
  5.7600e+01     7.275289e+02
  5.7800e+01     7.340486e+02
  5.8000e+01     7.406454e+02
  5.8200e+01     7.473200e+02
  5.8400e+01     7.540732e+02
  5.8600e+01     7.609058e+02
  5.8800e+01     7.678186e+02
  5.9000e+01     7.748124e+02
  5.9200e+01     7.818879e+02
  5.9400e+01     7.890460e+02
  5.9600e+01     7.962875e+02
  5.9800e+01     8.036132e+02
  6.0000e+01     8.110239e+02
  6.0200e+01     8.185203e+02
  6.0400e+01     8.261034e+02
  6.0600e+01     8.337739e+02
  6.0800e+01     8.415327e+02
  6.1000e+01     8.493806e+02
  6.1200e+01     8.573183e+02
  6.1400e+01     8.653467e+02
  6.1600e+01     8.734667e+02
  6.1800e+01     8.816791e+02
  6.2000e+01     8.899846e+02
  6.2200e+01     8.983842e+02
  6.2400e+01     9.068786e+02
  6.2600e+01     9.154687e+02
  6.2800e+01     9.241553e+02
  6.3000e+01     9.329392e+02
  6.3200e+01     9.418212e+02
  6.3400e+01     9.508022e+02
  6.3600e+01     9.598830e+02
  6.3800e+01     9.690644e+02
  6.4000e+01     9.783472e+02
  6.4200e+01     9.877322e+02
  6.4400e+01     9.972202e+02
  6.4600e+01     1.006812e+03
  6.4800e+01     1.016508e+03
  6.5000e+01     1.026310e+03
  6.5200e+01     1.036218e+03
  6.5400e+01     1.046233e+03
  6.5600e+01     1.056356e+03
  6.5800e+01     1.066588e+03
  6.6000e+01     1.076928e+03
  6.6200e+01     1.087379e+03
  6.6400e+01     1.097941e+03
  6.6600e+01     1.108614e+03
  6.6800e+01     1.119399e+03
  6.7000e+01     1.130297e+03
  6.7200e+01     1.141309e+03
  6.7400e+01     1.152436e+03
  6.7600e+01     1.163677e+03
  6.7800e+01     1.175034e+03
  6.8000e+01     1.186507e+03
  6.8200e+01     1.198098e+03
  6.8400e+01     1.209806e+03
  6.8600e+01     1.221632e+03
  6.8800e+01     1.233577e+03
  6.9000e+01     1.245641e+03
  6.9200e+01     1.257826e+03
  6.9400e+01     1.270130e+03
  6.9600e+01     1.282556e+03
  6.9800e+01     1.295103e+03
  7.0000e+01     1.307772e+03
  7.0200e+01     1.320564e+03
  7.0400e+01     1.333478e+03
  7.0600e+01     1.346516e+03
  7.0800e+01     1.359677e+03
  7.1000e+01     1.372962e+03
  7.1200e+01     1.386372e+03
  7.1400e+01     1.399906e+03
  7.1600e+01     1.413564e+03
  7.1800e+01     1.427348e+03
  7.2000e+01     1.441257e+03
  7.2200e+01     1.455292e+03
  7.2400e+01     1.469452e+03
  7.2600e+01     1.483738e+03
  7.2800e+01     1.498149e+03
  7.3000e+01     1.512686e+03
  7.3200e+01     1.527349e+03
  7.3400e+01     1.542138e+03
  7.3600e+01     1.557052e+03
  7.3800e+01     1.572092e+03
  7.4000e+01     1.587257e+03
  7.4200e+01     1.602547e+03
  7.4400e+01     1.617961e+03
  7.4600e+01     1.633501e+03
  7.4800e+01     1.649164e+03
  7.5000e+01     1.664951e+03
  7.5200e+01     1.680862e+03
  7.5400e+01     1.696895e+03
  7.5600e+01     1.713050e+03
  7.5800e+01     1.729327e+03
  7.6000e+01     1.745724e+03
  7.6200e+01     1.762242e+03
  7.6400e+01     1.778879e+03
  7.6600e+01     1.795635e+03
  7.6800e+01     1.812508e+03
  7.7000e+01     1.829497e+03
  7.7200e+01     1.846602e+03
  7.7400e+01     1.863822e+03
  7.7600e+01     1.881154e+03
  7.7800e+01     1.898599e+03
  7.8000e+01     1.916154e+03
  7.8200e+01     1.933819e+03
  7.8400e+01     1.951591e+03
  7.8600e+01     1.969470e+03
  7.8800e+01     1.987453e+03
  7.9000e+01     2.005539e+03
  7.9200e+01     2.023727e+03
  7.9400e+01     2.042013e+03
  7.9600e+01     2.060397e+03
  7.9800e+01     2.078877e+03
  8.0000e+01     2.097450e+03
  8.0200e+01     2.116114e+03
  8.0400e+01     2.134866e+03
  8.0600e+01     2.153706e+03
  8.0800e+01     2.172629e+03
  8.1000e+01     2.191634e+03
  8.1200e+01     2.210717e+03
  8.1400e+01     2.229877e+03
  8.1600e+01     2.249111e+03
  8.1800e+01     2.268414e+03
  8.2000e+01     2.287786e+03
  8.2200e+01     2.307221e+03
  8.2400e+01     2.326718e+03
  8.2600e+01     2.346273e+03
  8.2800e+01     2.365883e+03
  8.3000e+01     2.385543e+03
  8.3200e+01     2.405251e+03
  8.3400e+01     2.425003e+03
  8.3600e+01     2.444795e+03
  8.3800e+01     2.464624e+03
  8.4000e+01     2.484484e+03
  8.4200e+01     2.504373e+03
  8.4400e+01     2.524286e+03
  8.4600e+01     2.544218e+03
  8.4800e+01     2.564166e+03
  8.5000e+01     2.584125e+03
  8.5200e+01     2.604090e+03
  8.5400e+01     2.624056e+03
  8.5600e+01     2.644020e+03
  8.5800e+01     2.663975e+03
  8.6000e+01     2.683918e+03
  8.6200e+01     2.703843e+03
  8.6400e+01     2.723744e+03
  8.6600e+01     2.743617e+03
  8.6800e+01     2.763456e+03
  8.7000e+01     2.783256e+03
  8.7200e+01     2.803011e+03
  8.7400e+01     2.822716e+03
  8.7600e+01     2.842365e+03
  8.7800e+01     2.861951e+03
  8.8000e+01     2.881470e+03
  8.8200e+01     2.900915e+03
  8.8400e+01     2.920281e+03
  8.8600e+01     2.939560e+03
  8.8800e+01     2.958747e+03
  8.9000e+01     2.977836e+03
  8.9200e+01     2.996819e+03
  8.9400e+01     3.015692e+03
  8.9600e+01     3.034447e+03
  8.9800e+01     3.053078e+03
  9.0000e+01     3.071577e+03
  9.0200e+01     3.089940e+03
  9.0400e+01     3.108158e+03
  9.0600e+01     3.126225e+03
  9.0800e+01     3.144134e+03
  9.1000e+01     3.161878e+03
  9.1200e+01     3.179451e+03
  9.1400e+01     3.196846e+03
  9.1600e+01     3.214055e+03
  9.1800e+01     3.231072e+03
  9.2000e+01     3.247889e+03
  9.2200e+01     3.264500e+03
  9.2400e+01     3.280898e+03
  9.2600e+01     3.297075e+03
  9.2800e+01     3.313025e+03
  9.3000e+01     3.328740e+03
  9.3200e+01     3.344214e+03
  9.3400e+01     3.359439e+03
  9.3600e+01     3.374410e+03
  9.3800e+01     3.389118e+03
  9.4000e+01     3.403556e+03
  9.4200e+01     3.417719e+03
  9.4400e+01     3.431599e+03
  9.4600e+01     3.445190e+03
  9.4800e+01     3.458484e+03
  9.5000e+01     3.471476e+03
  9.5200e+01     3.484157e+03
  9.5400e+01     3.496524e+03
  9.5600e+01     3.508567e+03
  9.5800e+01     3.520282e+03
  9.6000e+01     3.531663e+03
  9.6200e+01     3.542702e+03
  9.6400e+01     3.553395e+03
  9.6600e+01     3.563734e+03
  9.6800e+01     3.573716e+03
  9.7000e+01     3.583332e+03
  9.7200e+01     3.592580e+03
  9.7400e+01     3.601452e+03
  9.7600e+01     3.609944e+03
  9.7800e+01     3.618050e+03
  9.8000e+01     3.625767e+03
  9.8200e+01     3.633088e+03
  9.8400e+01     3.640010e+03
  9.8600e+01     3.646527e+03
  9.8800e+01     3.652637e+03
  9.9000e+01     3.658334e+03
  9.9200e+01     3.663616e+03
  9.9400e+01     3.668477e+03
  9.9600e+01     3.672916e+03
  9.9800e+01     3.676928e+03
  1.0000e+02     3.680511e+03
  1.0020e+02     3.683662e+03
  1.0040e+02     3.686378e+03
  1.0060e+02     3.688657e+03
  1.0080e+02     3.690496e+03
  1.0100e+02     3.691894e+03
  1.0120e+02     3.692850e+03
  1.0140e+02     3.693361e+03
  1.0160e+02     3.693427e+03
  1.0180e+02     3.693046e+03
  1.0200e+02     3.692218e+03
  1.0220e+02     3.690943e+03
  1.0240e+02     3.689220e+03
  1.0260e+02     3.687048e+03
  1.0280e+02     3.684430e+03
  1.0300e+02     3.681364e+03
  1.0320e+02     3.677852e+03
  1.0340e+02     3.673895e+03
  1.0360e+02     3.669495e+03
  1.0380e+02     3.664651e+03
  1.0400e+02     3.659368e+03
  1.0420e+02     3.653645e+03
  1.0440e+02     3.647487e+03
  1.0460e+02     3.640895e+03
  1.0480e+02     3.633872e+03
  1.0500e+02     3.626421e+03
  1.0520e+02     3.618545e+03
  1.0540e+02     3.610248e+03
  1.0560e+02     3.601534e+03
  1.0580e+02     3.592406e+03
  1.0600e+02     3.582869e+03
  1.0620e+02     3.572928e+03
  1.0640e+02     3.562585e+03
  1.0660e+02     3.551848e+03
  1.0680e+02     3.540720e+03
  1.0700e+02     3.529207e+03
  1.0720e+02     3.517314e+03
  1.0740e+02     3.505047e+03
  1.0760e+02     3.492412e+03
  1.0780e+02     3.479415e+03
  1.0800e+02     3.466062e+03
  1.0820e+02     3.452359e+03
  1.0840e+02     3.438312e+03
  1.0860e+02     3.423930e+03
  1.0880e+02     3.409217e+03
  1.0900e+02     3.394182e+03
  1.0920e+02     3.378831e+03
  1.0940e+02     3.363172e+03
  1.0960e+02     3.347211e+03
  1.0980e+02     3.330957e+03
  1.1000e+02     3.314417e+03
  1.1020e+02     3.297598e+03
  1.1040e+02     3.280509e+03
  1.1060e+02     3.263156e+03
  1.1080e+02     3.245549e+03
  1.1100e+02     3.227694e+03
  1.1120e+02     3.209601e+03
  1.1140e+02     3.191276e+03
  1.1160e+02     3.172729e+03
  1.1180e+02     3.153966e+03
  1.1200e+02     3.134998e+03
  1.1220e+02     3.115831e+03
  1.1240e+02     3.096474e+03
  1.1260e+02     3.076934e+03
  1.1280e+02     3.057222e+03
  1.1300e+02     3.037344e+03
  1.1320e+02     3.017308e+03
  1.1340e+02     2.997123e+03
  1.1360e+02     2.976798e+03
  1.1380e+02     2.956339e+03
  1.1400e+02     2.935756e+03
  1.1420e+02     2.915056e+03
  1.1440e+02     2.894247e+03
  1.1460e+02     2.873338e+03
  1.1480e+02     2.852335e+03
  1.1500e+02     2.831247e+03
  1.1520e+02     2.810081e+03
  1.1540e+02     2.788845e+03
  1.1560e+02     2.767547e+03
  1.1580e+02     2.746194e+03
  1.1600e+02     2.724793e+03
  1.1620e+02     2.703352e+03
  1.1640e+02     2.681877e+03
  1.1660e+02     2.660376e+03
  1.1680e+02     2.638856e+03
  1.1700e+02     2.617323e+03
  1.1720e+02     2.595784e+03
  1.1740e+02     2.574246e+03
  1.1760e+02     2.552715e+03
  1.1780e+02     2.531197e+03
  1.1800e+02     2.509699e+03
  1.1820e+02     2.488226e+03
  1.1840e+02     2.466785e+03
  1.1860e+02     2.445381e+03
  1.1880e+02     2.424020e+03
  1.1900e+02     2.402707e+03
  1.1920e+02     2.381448e+03
  1.1940e+02     2.360248e+03
  1.1960e+02     2.339112e+03
  1.1980e+02     2.318045e+03
  1.2000e+02     2.297052e+03
  1.2020e+02     2.276137e+03
  1.2040e+02     2.255305e+03
  1.2060e+02     2.234561e+03
  1.2080e+02     2.213908e+03
  1.2100e+02     2.193350e+03
  1.2120e+02     2.172892e+03
  1.2140e+02     2.152537e+03
  1.2160e+02     2.132289e+03
  1.2180e+02     2.112152e+03
  1.2200e+02     2.092128e+03
  1.2220e+02     2.072222e+03
  1.2240e+02     2.052435e+03
  1.2260e+02     2.032772e+03
  1.2280e+02     2.013235e+03
  1.2300e+02     1.993827e+03
  1.2320e+02     1.974550e+03
  1.2340e+02     1.955406e+03
  1.2360e+02     1.936399e+03
  1.2380e+02     1.917530e+03
  1.2400e+02     1.898801e+03
  1.2420e+02     1.880215e+03
  1.2440e+02     1.861773e+03
  1.2460e+02     1.843476e+03
  1.2480e+02     1.825328e+03
  1.2500e+02     1.807328e+03
  1.2520e+02     1.789479e+03
  1.2540e+02     1.771781e+03
  1.2560e+02     1.754237e+03
  1.2580e+02     1.736846e+03
  1.2600e+02     1.719610e+03
  1.2620e+02     1.702531e+03
  1.2640e+02     1.685607e+03
  1.2660e+02     1.668842e+03
  1.2680e+02     1.652234e+03
  1.2700e+02     1.635785e+03
  1.2720e+02     1.619495e+03
  1.2740e+02     1.603365e+03
  1.2760e+02     1.587394e+03
  1.2780e+02     1.571583e+03
  1.2800e+02     1.555931e+03
  1.2820e+02     1.540441e+03
  1.2840e+02     1.525110e+03
  1.2860e+02     1.509939e+03
  1.2880e+02     1.494928e+03
  1.2900e+02     1.480077e+03
  1.2920e+02     1.465385e+03
  1.2940e+02     1.450852e+03
  1.2960e+02     1.436479e+03
  1.2980e+02     1.422263e+03
  1.3000e+02     1.408205e+03
  1.3020e+02     1.394305e+03
  1.3040e+02     1.380562e+03
  1.3060e+02     1.366974e+03
  1.3080e+02     1.353542e+03
  1.3100e+02     1.340265e+03
  1.3120e+02     1.327142e+03
  1.3140e+02     1.314172e+03
  1.3160e+02     1.301355e+03
  1.3180e+02     1.288690e+03
  1.3200e+02     1.276175e+03
  1.3220e+02     1.263809e+03
  1.3240e+02     1.251593e+03
  1.3260e+02     1.239525e+03
  1.3280e+02     1.227604e+03
  1.3300e+02     1.215828e+03
  1.3320e+02     1.204197e+03
  1.3340e+02     1.192711e+03
  1.3360e+02     1.181366e+03
  1.3380e+02     1.170164e+03
  1.3400e+02     1.159102e+03
  1.3420e+02     1.148179e+03
  1.3440e+02     1.137395e+03
  1.3460e+02     1.126748e+03
  1.3480e+02     1.116236e+03
  1.3500e+02     1.105860e+03
  1.3520e+02     1.095616e+03
  1.3540e+02     1.085506e+03
  1.3560e+02     1.075526e+03
  1.3580e+02     1.065676e+03
  1.3600e+02     1.055955e+03
  1.3620e+02     1.046361e+03
  1.3640e+02     1.036893e+03
  1.3660e+02     1.027551e+03
  1.3680e+02     1.018332e+03
  1.3700e+02     1.009235e+03
  1.3720e+02     1.000260e+03
  1.3740e+02     9.914053e+02
  1.3760e+02     9.826689e+02
  1.3780e+02     9.740500e+02
  1.3800e+02     9.655473e+02
  1.3820e+02     9.571597e+02
  1.3840e+02     9.488860e+02
  1.3860e+02     9.407247e+02
  1.3880e+02     9.326749e+02
  1.3900e+02     9.247351e+02
  1.3920e+02     9.169043e+02
  1.3940e+02     9.091812e+02
  1.3960e+02     9.015645e+02
  1.3980e+02     8.940532e+02
  1.4000e+02     8.866459e+02
  1.4020e+02     8.793416e+02
  1.4040e+02     8.721390e+02
  1.4060e+02     8.650369e+02
  1.4080e+02     8.580343e+02
  1.4100e+02     8.511299e+02
  1.4120e+02     8.443226e+02
  1.4140e+02     8.376112e+02
  1.4160e+02     8.309947e+02
  1.4180e+02     8.244718e+02
  1.4200e+02     8.180416e+02
  1.4220e+02     8.117028e+02
  1.4240e+02     8.054545e+02
  1.4260e+02     7.992955e+02
  1.4280e+02     7.932247e+02
  1.4300e+02     7.872411e+02
  1.4320e+02     7.813437e+02
  1.4340e+02     7.755313e+02
  1.4360e+02     7.698030e+02
  1.4380e+02     7.641578e+02
  1.4400e+02     7.585946e+02
  1.4420e+02     7.531124e+02
  1.4440e+02     7.477103e+02
  1.4460e+02     7.423872e+02
  1.4480e+02     7.371423e+02
  1.4500e+02     7.319746e+02
  1.4520e+02     7.268830e+02
  1.4540e+02     7.218667e+02
  1.4560e+02     7.169248e+02
  1.4580e+02     7.120564e+02
  1.4600e+02     7.072605e+02
  1.4620e+02     7.025363e+02
  1.4640e+02     6.978828e+02
  1.4660e+02     6.932993e+02
  1.4680e+02     6.887849e+02
  1.4700e+02     6.843387e+02
  1.4720e+02     6.799599e+02
  1.4740e+02     6.756476e+02
  1.4760e+02     6.714012e+02
  1.4780e+02     6.672197e+02
  1.4800e+02     6.631023e+02
  1.4820e+02     6.590484e+02
  1.4840e+02     6.550571e+02
  1.4860e+02     6.511277e+02
  1.4880e+02     6.472594e+02
  1.4900e+02     6.434515e+02
  1.4920e+02     6.397032e+02
  1.4940e+02     6.360139e+02
  1.4960e+02     6.323829e+02
  1.4980e+02     6.288094e+02
  1.5000e+02     6.252928e+02
  1.5020e+02     6.218324e+02
  1.5040e+02     6.184275e+02
  1.5060e+02     6.150775e+02
  1.5080e+02     6.117817e+02
  1.5100e+02     6.085395e+02
  1.5120e+02     6.053503e+02
  1.5140e+02     6.022135e+02
  1.5160e+02     5.991284e+02
  1.5180e+02     5.960945e+02
  1.5200e+02     5.931111e+02
  1.5220e+02     5.901778e+02
  1.5240e+02     5.872938e+02
  1.5260e+02     5.844588e+02
  1.5280e+02     5.816720e+02
  1.5300e+02     5.789331e+02
  1.5320e+02     5.762413e+02
  1.5340e+02     5.735963e+02
  1.5360e+02     5.709975e+02
  1.5380e+02     5.684444e+02
  1.5400e+02     5.659365e+02
  1.5420e+02     5.634733e+02
  1.5440e+02     5.610544e+02
  1.5460e+02     5.586792e+02
  1.5480e+02     5.563472e+02
  1.5500e+02     5.540581e+02
  1.5520e+02     5.518114e+02
  1.5540e+02     5.496067e+02
  1.5560e+02     5.474434e+02
  1.5580e+02     5.453213e+02
  1.5600e+02     5.432398e+02
  1.5620e+02     5.411985e+02
  1.5640e+02     5.391971e+02
  1.5660e+02     5.372352e+02
  1.5680e+02     5.353123e+02
  1.5700e+02     5.334281e+02
  1.5720e+02     5.315822e+02
  1.5740e+02     5.297743e+02
  1.5760e+02     5.280039e+02
  1.5780e+02     5.262708e+02
  1.5800e+02     5.245745e+02
  1.5820e+02     5.229148e+02
  1.5840e+02     5.212913e+02
  1.5860e+02     5.197036e+02
  1.5880e+02     5.181515e+02
  1.5900e+02     5.166347e+02
  1.5920e+02     5.151528e+02
  1.5940e+02     5.137055e+02
  1.5960e+02     5.122926e+02
  1.5980e+02     5.109137e+02
  1.6000e+02     5.095686e+02
  1.6020e+02     5.082570e+02
  1.6040e+02     5.069786e+02
  1.6060e+02     5.057331e+02
  1.6080e+02     5.045203e+02
  1.6100e+02     5.033400e+02
  1.6120e+02     5.021918e+02
  1.6140e+02     5.010756e+02
  1.6160e+02     4.999911e+02
  1.6180e+02     4.989381e+02
  1.6200e+02     4.979163e+02
  1.6220e+02     4.969255e+02
  1.6240e+02     4.959656e+02
  1.6260e+02     4.950362e+02
  1.6280e+02     4.941373e+02
  1.6300e+02     4.932685e+02
  1.6320e+02     4.924298e+02
  1.6340e+02     4.916208e+02
  1.6360e+02     4.908415e+02
  1.6380e+02     4.900916e+02
  1.6400e+02     4.893710e+02
  1.6420e+02     4.886794e+02
  1.6440e+02     4.880168e+02
  1.6460e+02     4.873830e+02
  1.6480e+02     4.867778e+02
  1.6500e+02     4.862010e+02
  1.6520e+02     4.856526e+02
  1.6540e+02     4.851323e+02
  1.6560e+02     4.846400e+02
  1.6580e+02     4.841757e+02
  1.6600e+02     4.837391e+02
  1.6620e+02     4.833301e+02
  1.6640e+02     4.829487e+02
  1.6660e+02     4.825946e+02
  1.6680e+02     4.822679e+02
  1.6700e+02     4.819683e+02
  1.6720e+02     4.816958e+02
  1.6740e+02     4.814503e+02
  1.6760e+02     4.812317e+02
  1.6780e+02     4.810398e+02
  1.6800e+02     4.808747e+02
  1.6820e+02     4.807361e+02
  1.6840e+02     4.806242e+02
  1.6860e+02     4.805386e+02
  1.6880e+02     4.804795e+02
  1.6900e+02     4.804467e+02
  1.6920e+02     4.804401e+02
  1.6940e+02     4.804598e+02
  1.6960e+02     4.805056e+02
  1.6980e+02     4.805774e+02
  1.7000e+02     4.806753e+02
  1.7020e+02     4.807992e+02
  1.7040e+02     4.809491e+02
  1.7060e+02     4.811249e+02
  1.7080e+02     4.813265e+02
  1.7100e+02     4.815540e+02
  1.7120e+02     4.818073e+02
  1.7140e+02     4.820864e+02
  1.7160e+02     4.823913e+02
  1.7180e+02     4.827219e+02
  1.7200e+02     4.830783e+02
  1.7220e+02     4.834605e+02
  1.7240e+02     4.838683e+02
  1.7260e+02     4.843019e+02
  1.7280e+02     4.847613e+02
  1.7300e+02     4.852463e+02
  1.7320e+02     4.857571e+02
  1.7340e+02     4.862937e+02
  1.7360e+02     4.868560e+02
  1.7380e+02     4.874441e+02
  1.7400e+02     4.880580e+02
  1.7420e+02     4.886978e+02
  1.7440e+02     4.893634e+02
  1.7460e+02     4.900549e+02
  1.7480e+02     4.907723e+02
  1.7500e+02     4.915157e+02
  1.7520e+02     4.922850e+02
  1.7540e+02     4.930805e+02
  1.7560e+02     4.939020e+02
  1.7580e+02     4.947496e+02
  1.7600e+02     4.956235e+02
  1.7620e+02     4.965236e+02
  1.7640e+02     4.974501e+02
  1.7660e+02     4.984029e+02
  1.7680e+02     4.993821e+02
  1.7700e+02     5.003879e+02
  1.7720e+02     5.014203e+02
  1.7740e+02     5.024793e+02
  1.7760e+02     5.035651e+02
  1.7780e+02     5.046777e+02
  1.7800e+02     5.058172e+02
  1.7820e+02     5.069837e+02
  1.7840e+02     5.081773e+02
  1.7860e+02     5.093981e+02
  1.7880e+02     5.106462e+02
  1.7900e+02     5.119217e+02
  1.7920e+02     5.132246e+02
  1.7940e+02     5.145552e+02
  1.7960e+02     5.159135e+02
  1.7980e+02     5.172996e+02
  1.8000e+02     5.187136e+02
  1.8020e+02     5.201557e+02
  1.8040e+02     5.216260e+02
  1.8060e+02     5.231246e+02
  1.8080e+02     5.246517e+02
  1.8100e+02     5.262073e+02
  1.8120e+02     5.277916e+02
  1.8140e+02     5.294047e+02
  1.8160e+02     5.310469e+02
  1.8180e+02     5.327182e+02
  1.8200e+02     5.344187e+02
  1.8220e+02     5.361487e+02
  1.8240e+02     5.379083e+02
  1.8260e+02     5.396976e+02
  1.8280e+02     5.415168e+02
  1.8300e+02     5.433661e+02
  1.8320e+02     5.452456e+02
  1.8340e+02     5.471555e+02
  1.8360e+02     5.490960e+02
  1.8380e+02     5.510672e+02
  1.8400e+02     5.530694e+02
  1.8420e+02     5.551026e+02
  1.8440e+02     5.571672e+02
  1.8460e+02     5.592632e+02
  1.8480e+02     5.613909e+02
  1.8500e+02     5.635504e+02
  1.8520e+02     5.657420e+02
  1.8540e+02     5.679659e+02
  1.8560e+02     5.702222e+02
  1.8580e+02     5.725112e+02
  1.8600e+02     5.748330e+02
  1.8620e+02     5.771879e+02
  1.8640e+02     5.795762e+02
  1.8660e+02     5.819979e+02
  1.8680e+02     5.844534e+02
  1.8700e+02     5.869429e+02
  1.8720e+02     5.894665e+02
  1.8740e+02     5.920245e+02
  1.8760e+02     5.946172e+02
  1.8780e+02     5.972448e+02
  1.8800e+02     5.999075e+02
  1.8820e+02     6.026056e+02
  1.8840e+02     6.053392e+02
  1.8860e+02     6.081088e+02
  1.8880e+02     6.109144e+02
  1.8900e+02     6.137564e+02
  1.8920e+02     6.166350e+02
  1.8940e+02     6.195504e+02
  1.8960e+02     6.225030e+02
  1.8980e+02     6.254930e+02
  1.9000e+02     6.285206e+02
  1.9020e+02     6.315862e+02
  1.9040e+02     6.346900e+02
  1.9060e+02     6.378323e+02
  1.9080e+02     6.410133e+02
  1.9100e+02     6.442334e+02
  1.9120e+02     6.474928e+02
  1.9140e+02     6.507918e+02
  1.9160e+02     6.541307e+02
  1.9180e+02     6.575098e+02
  1.9200e+02     6.609294e+02
  1.9220e+02     6.643897e+02
  1.9240e+02     6.678912e+02
  1.9260e+02     6.714340e+02
  1.9280e+02     6.750185e+02
  1.9300e+02     6.786450e+02
  1.9320e+02     6.823138e+02
  1.9340e+02     6.860253e+02
  1.9360e+02     6.897797e+02
  1.9380e+02     6.935773e+02
  1.9400e+02     6.974185e+02
  1.9420e+02     7.013036e+02
  1.9440e+02     7.052329e+02
  1.9460e+02     7.092067e+02
  1.9480e+02     7.132254e+02
  1.9500e+02     7.172894e+02
  1.9520e+02     7.213988e+02
  1.9540e+02     7.255541e+02
  1.9560e+02     7.297556e+02
  1.9580e+02     7.340037e+02
  1.9600e+02     7.382986e+02
  1.9620e+02     7.426408e+02
  1.9640e+02     7.470306e+02
  1.9660e+02     7.514682e+02
  1.9680e+02     7.559541e+02
  1.9700e+02     7.604887e+02
  1.9720e+02     7.650722e+02
  1.9740e+02     7.697050e+02
  1.9760e+02     7.743875e+02
  1.9780e+02     7.791200e+02
  1.9800e+02     7.839028e+02
  1.9820e+02     7.887365e+02
  1.9840e+02     7.936212e+02
  1.9860e+02     7.985573e+02
  1.9880e+02     8.035453e+02
  1.9900e+02     8.085855e+02
  1.9920e+02     8.136782e+02
  1.9940e+02     8.188238e+02
  1.9960e+02     8.240226e+02
  1.9980e+02     8.292751e+02
  2.0000e+02     8.345816e+02
  2.0020e+02     8.399424e+02
  2.0040e+02     8.453579e+02
  2.0060e+02     8.508286e+02
  2.0080e+02     8.563547e+02
  2.0100e+02     8.619365e+02
  2.0120e+02     8.675746e+02
  2.0140e+02     8.732692e+02
  2.0160e+02     8.790207e+02
  2.0180e+02     8.848295e+02
  2.0200e+02     8.906959e+02
  2.0220e+02     8.966202e+02
  2.0240e+02     9.026030e+02
  2.0260e+02     9.086444e+02
  2.0280e+02     9.147449e+02
  2.0300e+02     9.209047e+02
  2.0320e+02     9.271244e+02
  2.0340e+02     9.334042e+02
  2.0360e+02     9.397444e+02
  2.0380e+02     9.461454e+02
  2.0400e+02     9.526076e+02
  2.0420e+02     9.591313e+02
  2.0440e+02     9.657169e+02
  2.0460e+02     9.723646e+02
  2.0480e+02     9.790748e+02
  2.0500e+02     9.858478e+02
  2.0520e+02     9.926841e+02
  2.0540e+02     9.995837e+02
  2.0560e+02     1.006547e+03
  2.0580e+02     1.013574e+03
  2.0600e+02     1.020666e+03
  2.0620e+02     1.027823e+03
  2.0640e+02     1.035045e+03
  2.0660e+02     1.042332e+03
  2.0680e+02     1.049685e+03
  2.0700e+02     1.057104e+03
  2.0720e+02     1.064588e+03
  2.0740e+02     1.072140e+03
  2.0760e+02     1.079758e+03
  2.0780e+02     1.087442e+03
  2.0800e+02     1.095195e+03
  2.0820e+02     1.103014e+03
  2.0840e+02     1.110902e+03
  2.0860e+02     1.118857e+03
  2.0880e+02     1.126880e+03
  2.0900e+02     1.134972e+03
  2.0920e+02     1.143132e+03
  2.0940e+02     1.151361e+03
  2.0960e+02     1.159660e+03
  2.0980e+02     1.168027e+03
  2.1000e+02     1.176463e+03
  2.1020e+02     1.184969e+03
  2.1040e+02     1.193545e+03
  2.1060e+02     1.202190e+03
  2.1080e+02     1.210905e+03
  2.1100e+02     1.219690e+03
  2.1120e+02     1.228545e+03
  2.1140e+02     1.237471e+03
  2.1160e+02     1.246466e+03
  2.1180e+02     1.255532e+03
  2.1200e+02     1.264668e+03
  2.1220e+02     1.273875e+03
  2.1240e+02     1.283152e+03
  2.1260e+02     1.292499e+03
  2.1280e+02     1.301917e+03
  2.1300e+02     1.311405e+03
  2.1320e+02     1.320963e+03
  2.1340e+02     1.330591e+03
  2.1360e+02     1.340290e+03
  2.1380e+02     1.350059e+03
  2.1400e+02     1.359898e+03
  2.1420e+02     1.369806e+03
  2.1440e+02     1.379785e+03
  2.1460e+02     1.389832e+03
  2.1480e+02     1.399950e+03
  2.1500e+02     1.410136e+03
  2.1520e+02     1.420391e+03
  2.1540e+02     1.430715e+03
  2.1560e+02     1.441107e+03
  2.1580e+02     1.451568e+03
  2.1600e+02     1.462096e+03
  2.1620e+02     1.472691e+03
  2.1640e+02     1.483354e+03
  2.1660e+02     1.494084e+03
  2.1680e+02     1.504879e+03
  2.1700e+02     1.515741e+03
  2.1720e+02     1.526668e+03
  2.1740e+02     1.537660e+03
  2.1760e+02     1.548716e+03
  2.1780e+02     1.559837e+03
  2.1800e+02     1.571020e+03
  2.1820e+02     1.582267e+03
  2.1840e+02     1.593575e+03
  2.1860e+02     1.604946e+03
  2.1880e+02     1.616376e+03
  2.1900e+02     1.627867e+03
  2.1920e+02     1.639418e+03
  2.1940e+02     1.651027e+03
  2.1960e+02     1.662694e+03
  2.1980e+02     1.674418e+03
  2.2000e+02     1.686198e+03
  2.2020e+02     1.698033e+03
  2.2040e+02     1.709923e+03
  2.2060e+02     1.721866e+03
  2.2080e+02     1.733861e+03
  2.2100e+02     1.745908e+03
  2.2120e+02     1.758006e+03
  2.2140e+02     1.770152e+03
  2.2160e+02     1.782347e+03
  2.2180e+02     1.794588e+03
  2.2200e+02     1.806876e+03
  2.2220e+02     1.819208e+03
  2.2240e+02     1.831583e+03
  2.2260e+02     1.844000e+03
  2.2280e+02     1.856458e+03
  2.2300e+02     1.868955e+03
  2.2320e+02     1.881490e+03
  2.2340e+02     1.894061e+03
  2.2360e+02     1.906667e+03
  2.2380e+02     1.919307e+03
  2.2400e+02     1.931978e+03
  2.2420e+02     1.944680e+03
  2.2440e+02     1.957410e+03
  2.2460e+02     1.970167e+03
  2.2480e+02     1.982949e+03
  2.2500e+02     1.995755e+03
  2.2520e+02     2.008582e+03
  2.2540e+02     2.021429e+03
  2.2560e+02     2.034293e+03
  2.2580e+02     2.047174e+03
  2.2600e+02     2.060068e+03
  2.2620e+02     2.072974e+03
  2.2640e+02     2.085891e+03
  2.2660e+02     2.098815e+03
  2.2680e+02     2.111745e+03
  2.2700e+02     2.124678e+03
  2.2720e+02     2.137612e+03
  2.2740e+02     2.150546e+03
  2.2760e+02     2.163477e+03
  2.2780e+02     2.176402e+03
  2.2800e+02     2.189319e+03
  2.2820e+02     2.202225e+03
  2.2840e+02     2.215119e+03
  2.2860e+02     2.227998e+03
  2.2880e+02     2.240859e+03
  2.2900e+02     2.253700e+03
  2.2920e+02     2.266518e+03
  2.2940e+02     2.279311e+03
  2.2960e+02     2.292075e+03
  2.2980e+02     2.304809e+03
  2.3000e+02     2.317509e+03
  2.3020e+02     2.330173e+03
  2.3040e+02     2.342798e+03
  2.3060e+02     2.355381e+03
  2.3080e+02     2.367919e+03
  2.3100e+02     2.380410e+03
  2.3120e+02     2.392850e+03
  2.3140e+02     2.405236e+03
  2.3160e+02     2.417567e+03
  2.3180e+02     2.429837e+03
  2.3200e+02     2.442046e+03
  2.3220e+02     2.454188e+03
  2.3240e+02     2.466263e+03
  2.3260e+02     2.478265e+03
  2.3280e+02     2.490193e+03
  2.3300e+02     2.502043e+03
  2.3320e+02     2.513812e+03
  2.3340e+02     2.525497e+03
  2.3360e+02     2.537094e+03
  2.3380e+02     2.548601e+03
  2.3400e+02     2.560013e+03
  2.3420e+02     2.571329e+03
  2.3440e+02     2.582545e+03
  2.3460e+02     2.593657e+03
  2.3480e+02     2.604663e+03
  2.3500e+02     2.615558e+03
  2.3520e+02     2.626341e+03
  2.3540e+02     2.637007e+03
  2.3560e+02     2.647553e+03
  2.3580e+02     2.657976e+03
  2.3600e+02     2.668273e+03
  2.3620e+02     2.678440e+03
  2.3640e+02     2.688475e+03
  2.3660e+02     2.698374e+03
  2.3680e+02     2.708134e+03
  2.3700e+02     2.717751e+03
  2.3720e+02     2.727223e+03
  2.3740e+02     2.736546e+03
  2.3760e+02     2.745717e+03
  2.3780e+02     2.754733e+03
  2.3800e+02     2.763592e+03
  2.3820e+02     2.772289e+03
  2.3840e+02     2.780821e+03
  2.3860e+02     2.789187e+03
  2.3880e+02     2.797382e+03
  2.3900e+02     2.805405e+03
  2.3920e+02     2.813251e+03
  2.3940e+02     2.820918e+03
  2.3960e+02     2.828403e+03
  2.3980e+02     2.835704e+03
  2.4000e+02     2.842817e+03
  2.4020e+02     2.849740e+03
  2.4040e+02     2.856470e+03
  2.4060e+02     2.863005e+03
  2.4080e+02     2.869342e+03
  2.4100e+02     2.875479e+03
  2.4120e+02     2.881412e+03
  2.4140e+02     2.887141e+03
  2.4160e+02     2.892661e+03
  2.4180e+02     2.897972e+03
  2.4200e+02     2.903071e+03
  2.4220e+02     2.907956e+03
  2.4240e+02     2.912624e+03
  2.4260e+02     2.917074e+03
  2.4280e+02     2.921304e+03
  2.4300e+02     2.925312e+03
  2.4320e+02     2.929096e+03
  2.4340e+02     2.932655e+03
  2.4360e+02     2.935986e+03
  2.4380e+02     2.939089e+03
  2.4400e+02     2.941962e+03
  2.4420e+02     2.944603e+03
  2.4440e+02     2.947011e+03
  2.4460e+02     2.949186e+03
  2.4480e+02     2.951125e+03
  2.4500e+02     2.952828e+03
  2.4520e+02     2.954294e+03
  2.4540e+02     2.955523e+03
  2.4560e+02     2.956512e+03
  2.4580e+02     2.957263e+03
  2.4600e+02     2.957773e+03
  2.4620e+02     2.958043e+03
  2.4640e+02     2.958073e+03
  2.4660e+02     2.957861e+03
  2.4680e+02     2.957408e+03
  2.4700e+02     2.956714e+03
  2.4720e+02     2.955779e+03
  2.4740e+02     2.954602e+03
  2.4760e+02     2.953185e+03
  2.4780e+02     2.951527e+03
  2.4800e+02     2.949628e+03
  2.4820e+02     2.947490e+03
  2.4840e+02     2.945113e+03
  2.4860e+02     2.942497e+03
  2.4880e+02     2.939643e+03
  2.4900e+02     2.936553e+03
  2.4920e+02     2.933227e+03
  2.4940e+02     2.929666e+03
  2.4960e+02     2.925872e+03
  2.4980e+02     2.921845e+03
  2.5000e+02     2.917587e+03
  2.5020e+02     2.913100e+03
  2.5040e+02     2.908384e+03
  2.5060e+02     2.903443e+03
  2.5080e+02     2.898276e+03
  2.5100e+02     2.892887e+03
  2.5120e+02     2.887277e+03
  2.5140e+02     2.881448e+03
  2.5160e+02     2.875402e+03
  2.5180e+02     2.869141e+03
  2.5200e+02     2.862668e+03
  2.5220e+02     2.855985e+03
  2.5240e+02     2.849093e+03
  2.5260e+02     2.841997e+03
  2.5280e+02     2.834697e+03
  2.5300e+02     2.827197e+03
  2.5320e+02     2.819500e+03
  2.5340e+02     2.811608e+03
  2.5360e+02     2.803523e+03
  2.5380e+02     2.795250e+03
  2.5400e+02     2.786790e+03
  2.5420e+02     2.778147e+03
  2.5440e+02     2.769324e+03
  2.5460e+02     2.760323e+03
  2.5480e+02     2.751149e+03
  2.5500e+02     2.741804e+03
  2.5520e+02     2.732291e+03
  2.5540e+02     2.722615e+03
  2.5560e+02     2.712777e+03
  2.5580e+02     2.702782e+03
  2.5600e+02     2.692632e+03
  2.5620e+02     2.682332e+03
  2.5640e+02     2.671885e+03
  2.5660e+02     2.661294e+03
  2.5680e+02     2.650563e+03
  2.5700e+02     2.639696e+03
  2.5720e+02     2.628695e+03
  2.5740e+02     2.617565e+03
  2.5760e+02     2.606310e+03
  2.5780e+02     2.594932e+03
  2.5800e+02     2.583436e+03
  2.5820e+02     2.571825e+03
  2.5840e+02     2.560103e+03
  2.5860e+02     2.548273e+03
  2.5880e+02     2.536340e+03
  2.5900e+02     2.524307e+03
  2.5920e+02     2.512177e+03
  2.5940e+02     2.499955e+03
  2.5960e+02     2.487644e+03
  2.5980e+02     2.475247e+03
  2.6000e+02     2.462769e+03
  2.6020e+02     2.450212e+03
  2.6040e+02     2.437582e+03
  2.6060e+02     2.424880e+03
  2.6080e+02     2.412111e+03
  2.6100e+02     2.399279e+03
  2.6120e+02     2.386387e+03
  2.6140e+02     2.373438e+03
  2.6160e+02     2.360436e+03
  2.6180e+02     2.347385e+03
  2.6200e+02     2.334287e+03
  2.6220e+02     2.321147e+03
  2.6240e+02     2.307968e+03
  2.6260e+02     2.294752e+03
  2.6280e+02     2.281504e+03
  2.6300e+02     2.268227e+03
  2.6320e+02     2.254924e+03
  2.6340e+02     2.241598e+03
  2.6360e+02     2.228252e+03
  2.6380e+02     2.214890e+03
  2.6400e+02     2.201514e+03
  2.6420e+02     2.188128e+03
  2.6440e+02     2.174734e+03
  2.6460e+02     2.161336e+03
  2.6480e+02     2.147936e+03
  2.6500e+02     2.134538e+03
  2.6520e+02     2.121143e+03
  2.6540e+02     2.107756e+03
  2.6560e+02     2.094378e+03
  2.6580e+02     2.081013e+03
  2.6600e+02     2.067662e+03
  2.6620e+02     2.054329e+03
  2.6640e+02     2.041015e+03
  2.6660e+02     2.027724e+03
  2.6680e+02     2.014458e+03
  2.6700e+02     2.001219e+03
  2.6720e+02     1.988010e+03
  2.6740e+02     1.974832e+03
  2.6760e+02     1.961688e+03
  2.6780e+02     1.948580e+03
  2.6800e+02     1.935510e+03
  2.6820e+02     1.922481e+03
  2.6840e+02     1.909494e+03
  2.6860e+02     1.896551e+03
  2.6880e+02     1.883654e+03
  2.6900e+02     1.870804e+03
  2.6920e+02     1.858005e+03
  2.6940e+02     1.845257e+03
  2.6960e+02     1.832561e+03
  2.6980e+02     1.819921e+03
  2.7000e+02     1.807337e+03
  2.7020e+02     1.794810e+03
  2.7040e+02     1.782343e+03
  2.7060e+02     1.769936e+03
  2.7080e+02     1.757592e+03
  2.7100e+02     1.745310e+03
  2.7120e+02     1.733094e+03
  2.7140e+02     1.720943e+03
  2.7160e+02     1.708859e+03
  2.7180e+02     1.696844e+03
  2.7200e+02     1.684898e+03
  2.7220e+02     1.673022e+03
  2.7240e+02     1.661218e+03
  2.7260e+02     1.649486e+03
  2.7280e+02     1.637827e+03
  2.7300e+02     1.626242e+03
  2.7320e+02     1.614732e+03
  2.7340e+02     1.603298e+03
  2.7360e+02     1.591940e+03
  2.7380e+02     1.580659e+03
  2.7400e+02     1.569456e+03
  2.7420e+02     1.558332e+03
  2.7440e+02     1.547287e+03
  2.7460e+02     1.536321e+03
  2.7480e+02     1.525435e+03
  2.7500e+02     1.514630e+03
  2.7520e+02     1.503906e+03
  2.7540e+02     1.493264e+03
  2.7560e+02     1.482703e+03
  2.7580e+02     1.472224e+03
  2.7600e+02     1.461828e+03
  2.7620e+02     1.451515e+03
  2.7640e+02     1.441285e+03
  2.7660e+02     1.431138e+03
  2.7680e+02     1.421075e+03
  2.7700e+02     1.411095e+03
  2.7720e+02     1.401199e+03
  2.7740e+02     1.391387e+03
  2.7760e+02     1.381658e+03
  2.7780e+02     1.372014e+03
  2.7800e+02     1.362454e+03
  2.7820e+02     1.352978e+03
  2.7840e+02     1.343586e+03
  2.7860e+02     1.334278e+03
  2.7880e+02     1.325054e+03
  2.7900e+02     1.315914e+03
  2.7920e+02     1.306858e+03
  2.7940e+02     1.297885e+03
  2.7960e+02     1.288996e+03
  2.7980e+02     1.280191e+03
  2.8000e+02     1.271468e+03
  2.8020e+02     1.262829e+03
  2.8040e+02     1.254273e+03
  2.8060e+02     1.245799e+03
  2.8080e+02     1.237407e+03
  2.8100e+02     1.229098e+03
  2.8120e+02     1.220871e+03
  2.8140e+02     1.212725e+03
  2.8160e+02     1.204660e+03
  2.8180e+02     1.196677e+03
  2.8200e+02     1.188774e+03
  2.8220e+02     1.180952e+03
  2.8240e+02     1.173209e+03
  2.8260e+02     1.165546e+03
  2.8280e+02     1.157963e+03
  2.8300e+02     1.150458e+03
  2.8320e+02     1.143032e+03
  2.8340e+02     1.135685e+03
  2.8360e+02     1.128414e+03
  2.8380e+02     1.121222e+03
  2.8400e+02     1.114106e+03
  2.8420e+02     1.107067e+03
  2.8440e+02     1.100104e+03
  2.8460e+02     1.093216e+03
  2.8480e+02     1.086404e+03
  2.8500e+02     1.079666e+03
  2.8520e+02     1.073003e+03
  2.8540e+02     1.066414e+03
  2.8560e+02     1.059898e+03
  2.8580e+02     1.053456e+03
  2.8600e+02     1.047085e+03
  2.8620e+02     1.040787e+03
  2.8640e+02     1.034560e+03
  2.8660e+02     1.028405e+03
  2.8680e+02     1.022320e+03
  2.8700e+02     1.016305e+03
  2.8720e+02     1.010360e+03
  2.8740e+02     1.004484e+03
  2.8760e+02     9.986770e+02
  2.8780e+02     9.929379e+02
  2.8800e+02     9.872665e+02
  2.8820e+02     9.816624e+02
  2.8840e+02     9.761250e+02
  2.8860e+02     9.706538e+02
  2.8880e+02     9.652485e+02
  2.8900e+02     9.599084e+02
  2.8920e+02     9.546331e+02
  2.8940e+02     9.494221e+02
  2.8960e+02     9.442749e+02
  2.8980e+02     9.391910e+02
  2.9000e+02     9.341700e+02
  2.9020e+02     9.292114e+02
  2.9040e+02     9.243147e+02
  2.9060e+02     9.194793e+02
  2.9080e+02     9.147049e+02
  2.9100e+02     9.099909e+02
  2.9120e+02     9.053369e+02
  2.9140e+02     9.007424e+02
  2.9160e+02     8.962070e+02
  2.9180e+02     8.917301e+02
  2.9200e+02     8.873112e+02
  2.9220e+02     8.829501e+02
  2.9240e+02     8.786460e+02
  2.9260e+02     8.743988e+02
  2.9280e+02     8.702077e+02
  2.9300e+02     8.660725e+02
  2.9320e+02     8.619926e+02
  2.9340e+02     8.579676e+02
  2.9360e+02     8.539971e+02
  2.9380e+02     8.500806e+02
  2.9400e+02     8.462178e+02
  2.9420e+02     8.424080e+02
  2.9440e+02     8.386510e+02
  2.9460e+02     8.349463e+02
  2.9480e+02     8.312935e+02
  2.9500e+02     8.276921e+02
  2.9520e+02     8.241418e+02
  2.9540e+02     8.206421e+02
  2.9560e+02     8.171927e+02
  2.9580e+02     8.137930e+02
  2.9600e+02     8.104428e+02
  2.9620e+02     8.071416e+02
  2.9640e+02     8.038891e+02
  2.9660e+02     8.006847e+02
  2.9680e+02     7.975283e+02
  2.9700e+02     7.944193e+02
  2.9720e+02     7.913574e+02
  2.9740e+02     7.883422e+02
  2.9760e+02     7.853734e+02
  2.9780e+02     7.824506e+02
  2.9800e+02     7.795734e+02
  2.9820e+02     7.767415e+02
  2.9840e+02     7.739546e+02
  2.9860e+02     7.712122e+02
  2.9880e+02     7.685140e+02
  2.9900e+02     7.658597e+02
  2.9920e+02     7.632490e+02
  2.9940e+02     7.606815e+02
  2.9960e+02     7.581570e+02
  2.9980e+02     7.556749e+02
  3.0000e+02     7.532352e+02
  3.0020e+02     7.508374e+02
  3.0040e+02     7.484812e+02
  3.0060e+02     7.461663e+02
  3.0080e+02     7.438925e+02
  3.0100e+02     7.416593e+02
  3.0120e+02     7.394667e+02
  3.0140e+02     7.373141e+02
  3.0160e+02     7.352014e+02
  3.0180e+02     7.331282e+02
  3.0200e+02     7.310944e+02
  3.0220e+02     7.290996e+02
  3.0240e+02     7.271435e+02
  3.0260e+02     7.252259e+02
  3.0280e+02     7.233465e+02
  3.0300e+02     7.215051e+02
  3.0320e+02     7.197013e+02
  3.0340e+02     7.179351e+02
  3.0360e+02     7.162060e+02
  3.0380e+02     7.145140e+02
  3.0400e+02     7.128586e+02
  3.0420e+02     7.112398e+02
  3.0440e+02     7.096572e+02
  3.0460e+02     7.081106e+02
  3.0480e+02     7.065999e+02
  3.0500e+02     7.051248e+02
  3.0520e+02     7.036851e+02
  3.0540e+02     7.022805e+02
  3.0560e+02     7.009109e+02
  3.0580e+02     6.995761e+02
  3.0600e+02     6.982759e+02
  3.0620e+02     6.970100e+02
  3.0640e+02     6.957783e+02
  3.0660e+02     6.945806e+02
  3.0680e+02     6.934167e+02
  3.0700e+02     6.922864e+02
  3.0720e+02     6.911896e+02
  3.0740e+02     6.901260e+02
  3.0760e+02     6.890955e+02
  3.0780e+02     6.880980e+02
  3.0800e+02     6.871333e+02
  3.0820e+02     6.862012e+02
  3.0840e+02     6.853015e+02
  3.0860e+02     6.844341e+02
  3.0880e+02     6.835989e+02
  3.0900e+02     6.827958e+02
  3.0920e+02     6.820244e+02
  3.0940e+02     6.812849e+02
  3.0960e+02     6.805769e+02
  3.0980e+02     6.799004e+02
  3.1000e+02     6.792552e+02
  3.1020e+02     6.786412e+02
  3.1040e+02     6.780584e+02
  3.1060e+02     6.775065e+02
  3.1080e+02     6.769854e+02
  3.1100e+02     6.764951e+02
  3.1120e+02     6.760355e+02
  3.1140e+02     6.756063e+02
  3.1160e+02     6.752077e+02
  3.1180e+02     6.748393e+02
  3.1200e+02     6.745012e+02
  3.1220e+02     6.741932e+02
  3.1240e+02     6.739152e+02
  3.1260e+02     6.736673e+02
  3.1280e+02     6.734492e+02
  3.1300e+02     6.732609e+02
  3.1320e+02     6.731023e+02
  3.1340e+02     6.729734e+02
  3.1360e+02     6.728741e+02
  3.1380e+02     6.728043e+02
  3.1400e+02     6.727639e+02
  3.1420e+02     6.727529e+02
  3.1440e+02     6.727713e+02
  3.1460e+02     6.728189e+02
  3.1480e+02     6.728957e+02
  3.1500e+02     6.730017e+02
  3.1520e+02     6.731368e+02
  3.1540e+02     6.733009e+02
  3.1560e+02     6.734941e+02
  3.1580e+02     6.737163e+02
  3.1600e+02     6.739674e+02
  3.1620e+02     6.742475e+02
  3.1640e+02     6.745564e+02
  3.1660e+02     6.748942e+02
  3.1680e+02     6.752608e+02
  3.1700e+02     6.756562e+02
  3.1720e+02     6.760804e+02
  3.1740e+02     6.765334e+02
  3.1760e+02     6.770151e+02
  3.1780e+02     6.775256e+02
  3.1800e+02     6.780648e+02
  3.1820e+02     6.786328e+02
  3.1840e+02     6.792294e+02
  3.1860e+02     6.798548e+02
  3.1880e+02     6.805089e+02
  3.1900e+02     6.811917e+02
  3.1920e+02     6.819033e+02
  3.1940e+02     6.826436e+02
  3.1960e+02     6.834126e+02
  3.1980e+02     6.842104e+02
  3.2000e+02     6.850370e+02
  3.2020e+02     6.858923e+02
  3.2040e+02     6.867765e+02
  3.2060e+02     6.876895e+02
  3.2080e+02     6.886314e+02
  3.2100e+02     6.896021e+02
  3.2120e+02     6.906018e+02
  3.2140e+02     6.916304e+02
  3.2160e+02     6.926880e+02
  3.2180e+02     6.937747e+02
  3.2200e+02     6.948904e+02
  3.2220e+02     6.960352e+02
  3.2240e+02     6.972091e+02
  3.2260e+02     6.984122e+02
  3.2280e+02     6.996446e+02
  3.2300e+02     7.009063e+02
  3.2320e+02     7.021973e+02
  3.2340e+02     7.035177e+02
  3.2360e+02     7.048676e+02
  3.2380e+02     7.062470e+02
  3.2400e+02     7.076559e+02
  3.2420e+02     7.090945e+02
  3.2440e+02     7.105628e+02
  3.2460e+02     7.120609e+02
  3.2480e+02     7.135888e+02
  3.2500e+02     7.151466e+02
  3.2520e+02     7.167344e+02
  3.2540e+02     7.183523e+02
  3.2560e+02     7.200003e+02
  3.2580e+02     7.216785e+02
  3.2600e+02     7.233871e+02
  3.2620e+02     7.251260e+02
  3.2640e+02     7.268954e+02
  3.2660e+02     7.286953e+02
  3.2680e+02     7.305259e+02
  3.2700e+02     7.323873e+02
  3.2720e+02     7.342794e+02
  3.2740e+02     7.362025e+02
  3.2760e+02     7.381566e+02
  3.2780e+02     7.401419e+02
  3.2800e+02     7.421583e+02
  3.2820e+02     7.442061e+02
  3.2840e+02     7.462853e+02
  3.2860e+02     7.483960e+02
  3.2880e+02     7.505384e+02
  3.2900e+02     7.527125e+02
  3.2920e+02     7.549185e+02
  3.2940e+02     7.571564e+02
  3.2960e+02     7.594264e+02
  3.2980e+02     7.617287e+02
  3.3000e+02     7.640632e+02
  3.3020e+02     7.664301e+02
  3.3040e+02     7.688297e+02
  3.3060e+02     7.712618e+02
  3.3080e+02     7.737268e+02
  3.3100e+02     7.762247e+02
  3.3120e+02     7.787556e+02
  3.3140e+02     7.813197e+02
  3.3160e+02     7.839171e+02
  3.3180e+02     7.865479e+02
  3.3200e+02     7.892123e+02
  3.3220e+02     7.919104e+02
  3.3240e+02     7.946422e+02
  3.3260e+02     7.974080e+02
  3.3280e+02     8.002080e+02
  3.3300e+02     8.030421e+02
  3.3320e+02     8.059106e+02
  3.3340e+02     8.088135e+02
  3.3360e+02     8.117512e+02
  3.3380e+02     8.147235e+02
  3.3400e+02     8.177308e+02
  3.3420e+02     8.207732e+02
  3.3440e+02     8.238508e+02
  3.3460e+02     8.269636e+02
  3.3480e+02     8.301120e+02
  3.3500e+02     8.332960e+02
  3.3520e+02     8.365158e+02
  3.3540e+02     8.397715e+02
  3.3560e+02     8.430632e+02
  3.3580e+02     8.463912e+02
  3.3600e+02     8.497555e+02
  3.3620e+02     8.531564e+02
  3.3640e+02     8.565938e+02
  3.3660e+02     8.600681e+02
  3.3680e+02     8.635793e+02
  3.3700e+02     8.671277e+02
  3.3720e+02     8.707132e+02
  3.3740e+02     8.743362e+02
  3.3760e+02     8.779967e+02
  3.3780e+02     8.816949e+02
  3.3800e+02     8.854309e+02
  3.3820e+02     8.892049e+02
  3.3840e+02     8.930170e+02
  3.3860e+02     8.968675e+02
  3.3880e+02     9.007563e+02
  3.3900e+02     9.046838e+02
  3.3920e+02     9.086499e+02
  3.3940e+02     9.126549e+02
  3.3960e+02     9.166990e+02
  3.3980e+02     9.207822e+02
  3.4000e+02     9.249047e+02
  3.4020e+02     9.290666e+02
  3.4040e+02     9.332682e+02
  3.4060e+02     9.375094e+02
  3.4080e+02     9.417906e+02
  3.4100e+02     9.461117e+02
  3.4120e+02     9.504730e+02
  3.4140e+02     9.548746e+02
  3.4160e+02     9.593166e+02
  3.4180e+02     9.637991e+02
  3.4200e+02     9.683224e+02
  3.4220e+02     9.728864e+02
  3.4240e+02     9.774914e+02
  3.4260e+02     9.821374e+02
  3.4280e+02     9.868247e+02
  3.4300e+02     9.915532e+02
  3.4320e+02     9.963232e+02
  3.4340e+02     1.001134e+03
  3.4360e+02     1.005988e+03
  3.4380e+02     1.010883e+03
  3.4400e+02     1.015820e+03
  3.4420e+02     1.020798e+03
  3.4440e+02     1.025820e+03
  3.4460e+02     1.030883e+03
  3.4480e+02     1.035988e+03
  3.4500e+02     1.041136e+03
  3.4520e+02     1.046327e+03
  3.4540e+02     1.051560e+03
  3.4560e+02     1.056836e+03
  3.4580e+02     1.062154e+03
  3.4600e+02     1.067516e+03
  3.4620e+02     1.072920e+03
  3.4640e+02     1.078367e+03
  3.4660e+02     1.083858e+03
  3.4680e+02     1.089391e+03
  3.4700e+02     1.094968e+03
  3.4720e+02     1.100588e+03
  3.4740e+02     1.106251e+03
  3.4760e+02     1.111957e+03
  3.4780e+02     1.117707e+03
  3.4800e+02     1.123501e+03
  3.4820e+02     1.129338e+03
  3.4840e+02     1.135218e+03
  3.4860e+02     1.141142e+03
  3.4880e+02     1.147109e+03
  3.4900e+02     1.153120e+03
  3.4920e+02     1.159174e+03
  3.4940e+02     1.165272e+03
  3.4960e+02     1.171414e+03
  3.4980e+02     1.177599e+03
  3.5000e+02     1.183827e+03
  3.5020e+02     1.190099e+03
  3.5040e+02     1.196414e+03
  3.5060e+02     1.202773e+03
  3.5080e+02     1.209175e+03
  3.5100e+02     1.215620e+03
  3.5120e+02     1.222108e+03
  3.5140e+02     1.228640e+03
  3.5160e+02     1.235215e+03
  3.5180e+02     1.241832e+03
  3.5200e+02     1.248493e+03
  3.5220e+02     1.255196e+03
  3.5240e+02     1.261942e+03
  3.5260e+02     1.268730e+03
  3.5280e+02     1.275561e+03
  3.5300e+02     1.282434e+03
  3.5320e+02     1.289350e+03
  3.5340e+02     1.296307e+03
  3.5360e+02     1.303306e+03
  3.5380e+02     1.310347e+03
  3.5400e+02     1.317429e+03
  3.5420e+02     1.324552e+03
  3.5440e+02     1.331717e+03
  3.5460e+02     1.338922e+03
  3.5480e+02     1.346168e+03
  3.5500e+02     1.353454e+03
  3.5520e+02     1.360780e+03
  3.5540e+02     1.368146e+03
  3.5560e+02     1.375552e+03
  3.5580e+02     1.382997e+03
  3.5600e+02     1.390481e+03
  3.5620e+02     1.398004e+03
  3.5640e+02     1.405565e+03
  3.5660e+02     1.413164e+03
  3.5680e+02     1.420801e+03
  3.5700e+02     1.428476e+03
  3.5720e+02     1.436187e+03
  3.5740e+02     1.443935e+03
  3.5760e+02     1.451719e+03
  3.5780e+02     1.459539e+03
  3.5800e+02     1.467394e+03
  3.5820e+02     1.475284e+03
  3.5840e+02     1.483209e+03
  3.5860e+02     1.491167e+03
  3.5880e+02     1.499159e+03
  3.5900e+02     1.507185e+03
  3.5920e+02     1.515242e+03
  3.5940e+02     1.523332e+03
  3.5960e+02     1.531454e+03
  3.5980e+02     1.539606e+03
