# Recovery history; recovered cases Germany, Feb 2020 to June 2022
# [ time_unit: days, y_unit: daily recovered ]
# ==============================================================================
0.000000e+00          8.342687e-01
8.381000e+00          4.171346e+00
1.618100e+01          7.274827e+02
2.399800e+01          2.909931e+03
3.102800e+01          4.366566e+03
4.037800e+01          4.373240e+03
5.049000e+01          2.928286e+03
5.826900e+01          1.844569e+03
6.683500e+01          1.487502e+03
7.306400e+01          1.128766e+03
8.007300e+01          7.708648e+02
9.331800e+01          7.800416e+02
1.034480e+02          7.867161e+02
1.151350e+02          7.942244e+02
1.276020e+02          8.034012e+02
1.400730e+02          1.174651e+03
1.533140e+02          8.200869e+02
1.634480e+02          1.190502e+03
1.720230e+02          1.559249e+03
1.868270e+02          1.569260e+03
2.016270e+02          1.216364e+03
2.148860e+02          2.314263e+03
2.273660e+02          3.411328e+03
2.367590e+02          7.047907e+03
2.430520e+02          1.213278e+04
2.493330e+02          1.612976e+04
2.602670e+02          1.831471e+04
2.696080e+02          1.759557e+04
2.805130e+02          1.724018e+04
2.867850e+02          2.051051e+04
2.922600e+02          2.232921e+04
2.977360e+02          2.414792e+04
3.008570e+02          2.451333e+04
3.046930e+02          1.943430e+04
3.116790e+02          1.726103e+04
3.163630e+02          1.799018e+04
3.171640e+02          1.980556e+04
3.187300e+02          2.053304e+04
3.257000e+02          1.690814e+04
3.326690e+02          1.328323e+04
3.404350e+02          1.111080e+04
3.497510e+02          8.213384e+03
3.536380e+02          7.490068e+03
3.622050e+02          7.133005e+03
3.731220e+02          7.866326e+03
3.801600e+02          1.004877e+04
3.879860e+02          1.295787e+04
3.934830e+02          1.659111e+04
3.966090e+02          1.731943e+04
4.020460e+02          1.587114e+04
4.043570e+02          1.369453e+04
4.082920e+02          1.696403e+04
4.122090e+02          1.878191e+04
4.169060e+02          2.059978e+04
4.231350e+02          2.024105e+04
4.270260e+02          1.988064e+04
4.324420e+02          1.661781e+04
4.394070e+02          1.263001e+04
4.479260e+02          8.280123e+03
4.595700e+02          4.658560e+03
4.720030e+02          1.763645e+03
4.836860e+02          1.408247e+03
4.977110e+02          1.418257e+03
5.125190e+02          1.791177e+03
5.249950e+02          2.525333e+03
5.375000e+02          5.800674e+03
5.461100e+02          9.072677e+03
5.570400e+02          1.089556e+04
5.671520e+02          9.450603e+03
5.795920e+02          7.280667e+03
5.897390e+02          8.739800e+03
5.983230e+02          9.834365e+03
6.030280e+02          1.237805e+04
6.069750e+02          1.673628e+04
6.101350e+02          2.036785e+04
6.148060e+02          2.000828e+04
6.172080e+02          2.545439e+04
6.219650e+02          3.235380e+04
6.259340e+02          3.852656e+04
6.298940e+02          4.397350e+04
6.330670e+02          4.869380e+04
6.346640e+02          5.196163e+04
6.362740e+02          5.631819e+04
6.440830e+02          5.777565e+04
6.510390e+02          5.306203e+04
6.564160e+02          4.653221e+04
6.579180e+02          4.181525e+04
6.648750e+02          3.710162e+04
6.663730e+02          3.202093e+04
6.678800e+02          2.766687e+04
6.733290e+02          2.730731e+04
6.780730e+02          3.311799e+04
6.797010e+02          3.892617e+04
6.813360e+02          4.546017e+04
6.845350e+02          5.235874e+04
6.877420e+02          5.998315e+04
6.886030e+02          6.688006e+04
6.910220e+02          7.377778e+04
6.926490e+02          7.958596e+04
6.927480e+02          8.793365e+04
6.959680e+02          9.664680e+04
6.968720e+02          1.071727e+05
6.977510e+02          1.155213e+05
6.993820e+02          1.216932e+05
7.002560e+02          1.296788e+05
7.011040e+02          1.354862e+05
7.019650e+02          1.423830e+05
7.035960e+02          1.485542e+05
7.044660e+02          1.561769e+05
7.060980e+02          1.623480e+05
7.070490e+02          1.768668e+05
7.077160e+02          1.674312e+05
7.093350e+02          1.725136e+05
7.102260e+02          1.819508e+05
7.126240e+02          1.870340e+05
7.150260e+02          1.924793e+05
7.180300e+02          1.830445e+05
7.233980e+02          1.757897e+05
7.256460e+02          1.681687e+05
7.286930e+02          1.623638e+05
7.333120e+02          1.576485e+05
7.363820e+02          1.536582e+05
7.388230e+02          1.623704e+05
7.404540e+02          1.685416e+05
7.412940e+02          1.736239e+05
7.429850e+02          1.848765e+05
7.436910e+02          1.787071e+05
7.453960e+02          1.910485e+05
7.462440e+02          1.968559e+05
7.470960e+02          2.030269e+05
7.487020e+02          2.070206e+05
7.495590e+02          2.135546e+05
7.496150e+02          2.182733e+05
7.496490e+02          2.211765e+05
7.535190e+02          2.190015e+05
7.558950e+02          2.222694e+05
7.567390e+02          2.277147e+05
7.605450e+02          2.200953e+05
7.638550e+02          2.364302e+05
7.647800e+02          2.487716e+05
7.650780e+02          2.081210e+05
7.651940e+02          2.179203e+05
7.660850e+02          2.273576e+05
7.664640e+02          1.936031e+05
7.665450e+02          2.004999e+05
7.689000e+02          2.019532e+05
7.695200e+02          1.885240e+05
7.700670e+02          1.689253e+05
7.702000e+02          1.801763e+05
7.707300e+02          1.591260e+05
7.739500e+02          1.678391e+05
7.753620e+02          1.554995e+05
7.760120e+02          1.446114e+05
7.765890e+02          1.275531e+05
7.779880e+02          1.141247e+05
7.799680e+02          8.400090e+04
7.802090e+02          1.043262e+05
7.840360e+02          9.852137e+04
7.849230e+02          1.075958e+05
7.888440e+02          1.097765e+05
7.890120e+02          1.239315e+05
7.902950e+02          1.007038e+05
7.932780e+02          8.945370e+04
7.940010e+02          8.473591e+04
7.949490e+02          9.889178e+04
7.970450e+02          7.856812e+04
7.992660e+02          6.876967e+04
8.046470e+02          6.260357e+04
8.092320e+02          5.498419e+04
8.114660e+02          4.627525e+04
8.145270e+02          4.155829e+04
8.175790e+02          3.611635e+04
8.190380e+02          2.776949e+04
8.229300e+02          2.740908e+04
8.245830e+02          3.539555e+04
8.277040e+02          3.576012e+04
8.299510e+02          2.813990e+04
8.316300e+02          3.830381e+04
8.324730e+02          4.374825e+04
8.349790e+02          5.790580e+04
8.355860e+02          4.338784e+04
8.381340e+02          6.117449e+04
8.404240e+02          5.718332e+04
8.443720e+02          6.154153e+04
8.444490e+02          6.807473e+04
8.460940e+02          7.533452e+04
8.469330e+02          8.041692e+04
